345.52	-1303.19
345.736	-1303.19
345.952	-1303.19
346.168	-1303.19
346.384	-1358.49
346.6	-213.67
346.816	-246.44
347.032	-230.06
347.248	560.46
347.464	-385.7
347.68	-221.86
347.896	-23.21
348.112	374.1
348.328	-58.03
348.544	71
348.76	206.16
348.975	167.25
349.191	-377.51
349.407	-381.6
349.623	173.39
349.839	197.97
350.055	-185
350.27	5.46
350.486	245.07
350.702	247.12
350.918	437.58
351.133	-96.94
351.349	259.41
351.565	564.56
351.781	-359.08
351.996	85.33
352.212	191.83
352.428	154.96
352.644	-262.82
352.859	-213.67
353.075	417.1
353.291	216.4
353.506	-146.09
353.722	-336.55
353.938	81.24
354.153	525.65
354.369	326.99
354.584	-264.87
354.8	290.13
355.016	-66.22
355.231	-334.5
355.447	-39.59
355.662	415.05
355.878	744.78
356.093	-408.23
356.309	-49.83
356.524	-2.73
356.74	525.65
356.955	-352.93
357.171	-43.69
357.386	300.37
357.602	-29.35
357.817	-6.83
358.033	-189.1
358.248	466.25
358.464	462.16
358.679	-221.86
358.895	-434.85
359.11	83.28
359.325	245.07
359.541	220.5
359.756	40.28
359.972	-135.85
360.187	699.72
360.402	-246.44
360.618	-90.79
360.833	1590.59
361.048	212.31
361.264	-217.77
361.479	52.56
361.694	261.46
361.909	253.27
362.125	-244.39
362.34	-103.08
362.555	396.62
362.77	359.76
362.986	-324.26
363.201	-203.43
363.416	292.18
363.631	177.49
363.847	-223.91
364.062	-103.08
364.277	273.75
364.492	73.04
364.707	-121.51
364.922	-338.6
365.138	304.46
365.353	441.68
365.568	-371.37
365.783	-131.75
365.998	560.46
366.213	732.49
366.428	-311.97
366.643	167.25
366.858	439.63
367.073	458.06
367.288	-168.62
367.503	-232.1
367.718	146.77
367.933	752.97
368.148	-219.82
368.363	54.61
368.578	326.99
368.793	699.72
369.008	-45.74
369.223	-307.88
369.438	449.87
369.653	320.85
369.868	-299.69
370.083	-185
370.298	318.8
370.513	664.91
370.728	191.83
370.943	-86.7
371.157	122.2
371.372	865.61
371.587	-293.54
371.802	-309.93
372.017	179.54
372.232	687.43
372.446	99.67
372.661	-191.14
372.876	337.23
373.091	451.92
373.306	42.32
373.52	-328.36
373.735	146.77
373.95	720.2
374.165	-35.5
374.379	-129.7
374.594	122.2
374.809	580.94
375.023	206.16
375.238	-162.47
375.453	421.2
375.667	142.68
375.882	-133.8
376.097	-166.57
376.311	169.3
376.526	507.21
376.741	-271.01
376.955	341.33
377.17	683.34
377.384	1189.19
377.599	216.4
377.813	-328.36
378.028	951.62
378.242	421.2
378.457	-27.31
378.672	-238.25
378.886	105.81
379.101	302.42
379.315	-299.69
379.53	-80.55
379.744	607.56
379.958	535.89
380.173	-86.7
380.387	-94.89
380.602	476.49
380.816	222.55
381.031	-47.79
381.245	-82.6
381.459	421.2
381.674	3415.33
381.888	-182.95
382.103	386.38
382.317	138.58
382.531	636.24
382.746	66.9
382.96	-41.64
383.174	320.85
383.388	916.81
383.603	374.1
383.817	-158.38
384.031	443.73
384.246	658.76
384.46	220.5
384.674	920.9
384.888	273.75
385.103	544.08
385.317	-258.73
385.531	294.22
385.745	957.77
385.959	626
386.174	-27.31
386.388	-78.51
386.602	423.25
386.816	240.98
387.03	103.76
387.244	75.09
387.458	419.15
387.672	646.48
387.887	-225.96
388.101	-4.78
388.315	576.84
388.529	396.62
388.743	1.37
388.957	-80.55
389.171	855.37
389.385	212.31
389.599	-107.18
389.813	240.98
390.027	417.1
390.241	1103.17
390.455	93.52
390.669	214.35
390.883	288.08
391.097	953.67
391.311	390.48
391.525	40.28
391.738	716.11
391.952	744.78
392.166	251.22
392.38	-43.69
392.594	736.59
392.808	640.33
393.022	107.86
393.236	210.26
393.449	503.12
393.663	843.08
393.877	3.41
394.091	193.87
394.305	410.96
394.518	331.09
394.732	-6.83
394.946	83.28
395.16	1037.64
395.373	470.35
395.587	-23.21
395.801	140.63
396.015	628.04
396.228	585.04
396.442	-62.12
396.656	-90.79
396.869	775.5
397.083	1080.64
397.297	222.55
397.51	204.11
397.724	621.9
397.938	585.04
398.151	-51.88
398.365	23.89
398.578	722.25
398.792	935.24
399.005	507.21
399.219	171.35
399.433	617.8
399.646	810.31
399.86	472.4
400.073	634.19
400.287	638.28
400.5	634.19
400.714	458.06
400.927	376.14
401.141	908.62
401.354	2135.35
401.567	982.34
401.781	44.37
401.994	673.1
402.208	1154.37
402.421	398.67
402.635	261.46
402.848	417.1
403.061	822.6
403.275	351.57
403.488	157.01
403.701	949.57
403.915	953.67
404.128	503.12
404.341	218.45
404.555	1181
404.768	472.4
404.981	550.22
405.195	286.03
405.408	974.15
405.621	818.5
405.834	644.43
406.048	144.72
406.261	957.77
406.474	957.77
406.687	193.87
406.9	511.31
407.114	961.86
407.327	1047.88
407.54	138.58
407.753	114
407.966	613.71
408.179	730.44
408.392	292.18
408.605	179.54
408.819	955.72
409.032	1013.06
409.245	419.15
409.458	681.29
409.671	845.13
409.884	996.68
410.097	224.59
410.31	601.42
410.523	1170.76
410.736	736.59
410.949	509.26
411.162	359.76
411.375	1076.55
411.588	904.52
411.801	699.72
412.014	300.37
412.227	744.78
412.44	869.7
412.653	488.78
412.865	820.55
413.078	1185.09
413.291	937.29
413.504	640.33
413.717	324.94
413.93	1224
414.143	658.76
414.356	564.56
414.568	226.64
414.781	1051.97
414.994	1068.36
415.207	617.8
415.42	589.13
415.632	949.57
415.845	1498.43
416.058	290.13
416.271	189.78
416.483	1029.45
416.696	1307.97
416.909	519.5
417.121	451.92
417.334	935.24
417.547	1254.72
417.759	468.3
417.972	470.35
418.185	855.37
418.397	1064.26
418.61	609.61
418.823	558.41
419.035	1365.31
419.248	982.34
419.46	623.95
419.673	767.31
419.885	914.76
420.098	1109.32
420.311	527.69
420.523	345.42
420.736	1285.44
420.948	1023.3
421.161	580.94
421.373	394.58
421.586	730.44
421.798	859.46
422.01	441.68
422.223	890.18
422.435	892.23
422.648	1297.73
422.86	695.63
423.073	726.35
423.285	1127.75
423.497	943.43
423.71	535.89
423.922	740.68
424.134	1482.05
424.347	1764.67
424.559	1105.22
424.771	1183.04
424.984	1289.54
425.196	1346.88
425.408	609.61
425.621	695.63
425.833	1398.08
426.045	1627.45
426.257	664.91
426.47	974.15
426.682	1082.69
426.894	1254.72
427.106	687.43
427.318	855.37
427.531	1125.7
427.743	1305.92
427.955	949.57
428.167	1801.53
428.379	1244.48
428.591	1176.9
428.804	1019.21
429.016	814.41
429.228	1232.19
429.44	1535.29
429.652	14595.19
429.864	777.55
430.076	1283.39
430.288	1418.56
430.5	1156.42
430.712	1111.36
430.924	1596.73
431.136	1654.08
431.348	810.31
431.56	957.77
431.772	1338.69
431.984	1267.01
432.196	906.57
432.408	1041.73
432.62	1420.61
432.832	1729.85
433.044	1457.47
433.256	1273.15
433.468	1682.75
433.679	1264.96
433.891	851.27
434.103	1391.94
434.315	2063.67
434.527	1746.23
434.739	1414.46
434.95	1326.4
435.162	1664.32
435.374	1256.77
435.586	1301.83
435.798	1183.04
436.009	1584.45
436.221	1580.35
436.433	1275.2
436.645	1232.19
436.856	1641.79
437.068	1953.08
437.28	1215.81
437.491	1617.21
437.703	1877.3
437.915	1801.53
438.126	1238.34
438.338	1809.72
438.55	1688.89
438.761	1817.91
438.973	1424.7
439.184	1504.57
439.396	1703.23
439.608	1813.82
439.819	1217.86
440.031	1576.25
440.242	2020.66
440.454	1959.22
440.665	1436.99
440.877	1754.43
441.088	2041.14
441.3	1991.99
441.511	1133.89
441.723	1424.7
441.934	2313.52
442.146	2016.57
442.357	1678.65
442.569	2188.6
442.78	2133.3
442.991	2616.62
443.203	2030.9
443.414	1576.25
443.626	2354.48
443.837	1797.43
444.048	1559.87
444.26	1316.16
444.471	2090.29
444.682	2004.28
444.894	1518.91
445.105	1434.94
445.316	2381.1
445.528	2278.71
445.739	1865.02
445.95	1754.43
446.161	1973.56
446.373	2204.98
446.584	1883.45
446.795	1731.9
447.006	2448.69
447.217	2340.15
447.429	1541.44
447.64	1549.63
447.851	3046.69
448.062	2454.83
448.273	1563.97
448.484	1799.48
448.695	2329.91
448.907	2397.49
449.118	1819.96
449.329	2170.16
449.54	2090.29
449.751	2141.49
449.962	1799.48
450.173	1779
450.384	2374.96
450.595	2673.96
450.806	1785.15
451.017	1998.13
451.228	2612.53
451.439	2573.61
451.65	2053.43
451.861	1506.62
452.072	2428.21
452.283	2407.73
452.494	2207.03
452.705	2094.39
452.915	3032.36
453.126	2571.57
453.337	2303.28
453.548	2039.09
453.759	3009.83
453.97	2952.49
454.181	2688.3
454.391	2143.54
454.602	2874.67
454.813	3124.52
455.024	2231.6
455.235	2182.45
455.445	3097.89
455.656	2721.07
455.867	2522.41
456.078	2432.3
456.288	2610.48
456.499	2989.35
456.71	2338.1
456.921	2676.01
457.131	2929.96
457.342	2714.92
457.553	2366.77
457.763	2520.37
457.974	2925.86
458.184	3042.6
458.395	2465.07
458.606	2286.9
458.816	3497.25
459.027	3376.42
459.237	2856.23
459.448	2501.94
459.659	3245.35
459.869	4201.75
460.08	2409.78
460.29	2850.09
460.501	3540.26
460.711	3478.82
460.922	2401.58
461.132	2522.41
461.343	4152.6
461.553	3212.58
461.764	2772.27
461.974	2850.09
462.184	3560.73
462.395	3722.52
462.605	2932.01
462.816	2733.36
463.026	3626.27
463.236	3671.33
463.447	2895.15
463.657	3046.69
463.867	3738.91
464.078	3732.76
464.288	3179.81
464.498	3286.31
464.709	3876.12
464.919	3837.21
465.129	3280.16
465.339	3292.45
465.55	3955.99
465.76	4076.82
465.97	3337.51
466.18	3349.79
466.391	4267.28
466.601	4066.58
466.811	3697.95
467.021	3284.26
467.231	4435.22
467.441	4265.24
467.651	3732.76
467.862	3368.23
468.072	4310.29
468.282	4273.43
468.492	3757.34
468.702	4033.82
468.912	4570.38
469.122	5315.84
469.332	4408.59
469.542	3865.88
469.752	4920.59
469.962	4554
470.172	4211.99
470.382	4195.61
470.592	5184.77
470.802	5020.94
471.012	4658.45
471.222	4529.42
471.432	4992.27
471.642	5274.88
471.852	4850.96
472.062	4441.36
472.272	5307.65
472.482	4988.17
472.691	4814.09
472.901	4695.31
473.111	5219.59
473.321	5780.73
473.531	4908.3
473.741	5053.7
473.95	5829.88
474.16	5735.68
474.37	5446.91
474.58	5082.38
474.79	6405.36
474.999	5889.28
475.209	5266.69
475.419	5465.35
475.628	6249.72
475.838	6544.63
476.048	5881.08
476.258	5420.29
476.467	6767.85
476.677	6266.1
476.886	6348.02
477.096	6274.29
477.306	6417.65
477.515	6814.96
477.725	6345.97
477.935	6501.62
478.144	7304.42
478.354	6730.99
478.563	6661.36
478.773	6376.69
478.982	7386.34
479.192	7283.94
479.401	6851.82
479.611	6667.5
479.82	7140.58
480.03	7388.39
480.239	6898.92
480.449	6733.04
480.658	7875.81
480.868	7759.07
481.077	7468.26
481.287	7288.04
481.496	7814.37
481.705	8279.25
481.915	8017.11
482.124	7836.89
482.333	8193.24
482.543	8819.92
482.752	8074.46
482.961	7812.32
483.171	8793.3
483.38	8307.93
483.589	8189.14
483.799	8084.7
484.008	8647.89
484.217	8553.68
484.426	8219.86
484.636	8324.31
484.845	9264.33
485.054	8740.05
485.263	9129.16
485.472	8783.06
485.682	9579.72
485.891	9389.25
486.1	8568.02
486.309	8953.04
486.518	9643.2
486.727	10443.96
486.936	8893.65
487.146	9395.4
487.355	10069.18
487.564	9809.09
487.773	9559.24
487.982	9630.91
488.191	9968.83
488.4	10380.47
488.609	9823.42
488.818	9583.81
489.027	10413.24
489.236	10771.63
489.445	10009.79
489.654	9712.83
489.863	10996.91
490.072	10476.73
490.281	10675.38
490.49	10583.22
490.698	11101.36
490.907	11578.53
491.116	10626.23
491.325	10464.44
491.534	11453.61
491.743	10970.29
491.952	10767.54
492.16	10976.43
492.369	11705.51
492.578	11924.64
492.787	11130.03
492.996	11060.4
493.204	11576.48
493.413	12229.79
493.622	11199.66
493.831	11095.21
494.039	12455.06
494.248	11924.64
494.457	11295.91
494.665	11383.98
494.874	12280.99
495.083	12924.05
495.291	11830.43
495.5	11629.73
495.709	12590.23
495.917	12397.72
496.126	12145.82
496.335	11803.81
496.543	12528.79
496.752	12721.3
496.96	12512.41
497.169	11967.65
497.377	12676.24
497.586	13065.36
497.794	12674.2
498.003	12147.87
498.211	13184.14
498.42	13110.41
498.628	12676.24
498.837	12606.61
499.045	13282.44
499.254	13145.23
499.462	13030.54
499.671	12606.61
499.879	14181.5
500.087	13835.39
500.296	12893.33
500.504	12838.03
500.713	13661.32
500.921	14224.51
501.129	13200.52
501.338	12960.91
501.546	13982.85
501.754	14001.28
501.962	13556.87
502.171	13323.4
502.379	14222.46
502.587	14259.32
502.795	13663.36
503.004	13655.17
503.212	14541.94
503.42	14486.65
503.628	14152.83
503.837	14101.63
504.045	14539.9
504.253	15098.99
504.461	14193.79
504.669	13831.3
504.877	15230.06
505.085	15043.7
505.294	13982.85
505.502	14640.25
505.71	15441
505.918	14988.4
506.126	14300.28
506.334	14529.66
506.542	15242.35
506.75	15246.44
506.958	15076.46
507.166	14630.01
507.374	14914.67
507.582	15760.48
507.79	14834.8
507.998	14963.82
508.206	15967.33
508.414	15574.12
508.622	14873.71
508.83	14840.95
509.037	15993.95
509.245	15170.67
509.453	15201.39
509.661	14998.64
509.869	15909.99
510.077	15615.08
510.285	15592.55
510.492	15039.6
510.7	16694.36
510.908	15764.58
511.116	15379.56
511.324	15187.05
511.531	15830.12
511.739	16174.17
511.947	15860.84
512.155	15899.75
512.362	16305.24
512.57	15989.86
512.778	15629.41
512.985	15656.04
513.193	16139.36
513.401	16663.64
513.608	16065.63
513.816	16258.14
514.024	16571.48
514.231	16526.43
514.439	15834.21
514.646	16112.74
514.854	16862.29
515.061	16811.09
515.269	16667.74
515.477	16317.53
515.684	16747.61
515.892	17007.7
516.099	16469.08
516.307	16362.59
516.514	17585.22
516.722	17581.13
516.929	16485.47
517.136	16598.1
517.344	17372.24
517.551	17364.04
517.759	16718.93
517.966	16905.3
518.173	17448.01
518.381	17654.86
518.588	17175.63
518.796	16893.01
519.003	17900.61
519.21	17896.52
519.418	16757.85
519.625	17351.76
519.832	17513.55
520.039	18222.14
520.247	17167.44
520.454	17462.35
520.661	18320.45
520.868	18068.55
521.076	17542.22
521.283	17476.68
521.49	18551.87
521.697	18322.49
521.904	17570.89
522.112	17753.16
522.319	18904.12
522.526	18250.81
522.733	17566.79
522.94	17730.63
523.147	18541.63
523.354	18463.8
523.561	18152.51
523.768	18119.74
523.975	18969.65
524.183	18605.11
524.39	18568.25
524.597	18117.7
524.804	18691.13
525.011	18891.83
525.218	18396.22
525.425	18447.42
525.632	19594.28
525.838	19135.54
526.045	18449.47
526.252	18953.27
526.459	21099.54
526.666	21095.44
526.873	18693.18
527.08	18920.5
527.287	19604.52
527.494	19489.84
527.701	18811.96
527.907	18816.05
528.114	19909.67
528.321	19743.78
528.528	18865.21
528.735	19108.91
528.941	19252.27
529.148	19545.13
529.355	19448.88
529.562	19338.29
529.768	20669.47
529.975	19637.29
530.182	19291.18
530.388	19401.77
530.595	20405.28
530.802	19962.92
531.008	20216.86
531.215	19819.56
531.422	21152.79
531.628	21361.68
531.835	20018.21
532.042	20171.81
532.248	20653.08
532.455	21027.86
532.661	20024.36
532.868	20112.42
533.074	21099.54
533.281	21345.3
533.487	20378.65
533.694	20173.86
533.9	21124.11
534.107	21050.39
534.313	20474.91
534.52	20374.56
534.726	21281.81
534.933	21601.29
535.139	20728.86
535.345	20448.29
535.552	21832.71
535.758	21941.25
535.965	20913.17
536.171	20888.6
536.377	21652.49
536.584	22262.79
536.79	20878.36
536.996	21273.62
537.203	21824.52
537.409	22176.77
537.615	21509.13
537.821	21539.85
538.028	22709.24
538.234	21818.38
538.44	21582.86
538.646	21404.69
538.853	21920.77
539.059	22156.29
539.265	22391.81
539.471	21349.39
539.677	22391.81
539.883	22397.95
540.09	23489.52
540.296	22727.67
540.502	22504.45
540.708	22676.48
540.914	22719.48
541.12	22223.87
541.326	22780.92
541.532	23196.66
541.738	22600.7
541.944	22264.83
542.15	23434.22
542.356	23067.64
542.562	22477.82
542.768	22858.74
542.974	23409.65
543.18	23616.49
543.386	23010.29
543.592	22463.49
543.798	24419.3
544.004	24019.94
544.21	22926.33
544.415	23282.67
544.621	23872.49
544.827	24546.27
545.033	23051.25
545.239	23774.19
545.445	24249.32
545.651	23892.97
545.856	23090.17
546.062	23161.84
546.268	23852.01
546.474	23469.04
546.679	22928.38
546.885	23413.74
547.091	23643.12
547.297	24523.74
547.502	23178.23
547.708	23239.67
547.914	23714.8
548.119	24579.04
548.325	23409.65
548.531	23127.03
548.736	25228.24
548.942	24417.25
549.147	23501.81
549.353	24167.4
549.559	24740.83
549.764	24628.19
549.97	23761.9
550.175	24243.17
550.381	24992.73
550.586	24026.09
550.792	24001.51
550.997	24009.7
551.203	25215.96
551.408	25125.85
551.614	24103.91
551.819	24400.86
552.025	25656.27
552.23	25142.23
552.435	24493.02
552.641	25261.01
552.846	25207.76
553.052	26125.25
553.257	25162.71
553.462	25142.23
553.668	25674.7
553.873	25822.16
554.078	24775.64
554.283	25234.39
554.489	25957.32
554.694	25705.42
554.899	25068.5
555.105	25519.06
555.31	26131.4
555.515	25934.79
555.72	25906.12
555.925	26635.2
556.131	26395.59
556.336	25797.58
556.541	25586.64
556.746	25336.79
556.951	26645.44
557.156	26254.28
557.361	25885.64
557.567	26401.73
557.772	26803.13
557.977	26430.4
558.182	25553.87
558.387	25764.81
558.592	26616.77
558.797	26921.91
559.002	25883.59
559.207	26201.03
559.412	26657.73
559.617	27139
559.822	25885.64
560.027	25762.76
560.232	26727.36
560.437	26766.27
560.642	25705.42
560.847	26119.11
561.051	26461.12
561.256	26770.36
561.461	26362.82
561.666	26303.43
561.871	26723.26
562.076	27255.73
562.281	26436.55
562.485	26037.19
562.69	26952.63
562.895	26915.77
563.1	26475.46
563.305	26352.58
563.509	27552.69
563.714	27724.72
563.919	26536.9
564.123	26762.17
564.328	27087.8
564.533	27839.4
564.737	26629.06
564.942	26553.28
565.147	27560.88
565.351	27640.75
565.556	26696.64
565.761	27073.46
565.965	28101.54
566.17	27339.7
566.374	26844.09
566.579	27349.94
566.784	27634.61
566.988	27562.93
567.193	27204.53
567.397	27286.45
567.602	27868.08
567.806	27794.35
568.011	27466.67
568.215	28099.5
568.42	27880.36
568.624	28179.37
568.828	27554.74
569.033	27354.04
569.237	28175.27
569.442	28478.37
569.646	27126.71
569.85	27509.68
570.055	28347.3
570.259	28285.86
570.463	27855.79
570.668	28162.98
570.872	28527.52
571.076	28357.54
571.281	27970.47
571.485	28064.68
571.689	28443.56
571.893	28826.53
572.098	28234.66
572.302	28009.39
572.506	28724.13
572.71	28484.51
572.914	27929.52
573.119	28408.74
573.323	29209.5
573.527	29576.08
573.731	28646.3
573.935	28468.13
574.139	29275.03
574.343	28875.68
574.547	28658.59
574.751	28609.44
574.955	29119.38
575.159	29481.88
575.364	28763.04
575.568	28883.87
575.772	29528.98
575.976	29567.89
576.18	28464.03
576.383	28918.68
576.587	29905.81
576.791	29535.12
576.995	28689.31
577.199	28842.91
577.403	29481.88
577.607	30047.11
577.811	28904.35
578.015	29062.04
578.219	29823.89
578.422	29731.73
578.626	28992.41
578.83	29371.29
579.034	30264.2
579.238	29858.7
579.442	29586.32
579.645	30208.9
579.849	29887.37
580.053	29977.48
580.257	29483.92
580.46	29821.84
580.664	30565.25
580.868	30309.25
581.071	29952.91
581.275	29862.8
581.479	30169.99
581.682	30448.52
581.886	29690.77
582.09	30024.59
582.293	30817.15
582.497	30565.25
582.7	30464.9
582.904	30358.41
583.107	31007.61
583.311	30843.77
583.515	29973.39
583.718	29963.15
583.922	31153.02
584.125	31849.33
584.329	30169.99
584.532	30679.94
584.735	31572.85
584.939	31085.44
585.142	30317.45
585.346	30614.4
585.549	31533.94
585.753	31150.97
585.956	30616.45
586.159	30696.32
586.363	31421.3
586.566	31318.9
586.769	30526.34
586.973	30350.21
587.176	31617.91
587.379	31552.37
587.582	31052.67
587.786	30897.02
587.989	31746.93
588.192	32615.27
588.395	30886.78
588.599	31712.11
588.802	31865.71
589.005	32217.96
589.208	31337.34
589.411	31327.1
589.615	31912.81
589.818	32760.67
590.021	31861.62
590.224	31822.7
590.427	32469.86
590.63	32660.32
590.833	31302.52
591.036	31605.62
591.239	32238.44
591.442	31853.42
591.645	32058.22
591.848	31964.01
592.051	32396.13
592.254	32408.42
592.457	32324.46
592.66	31945.58
592.863	32768.87
593.066	32670.56
593.269	32392.04
593.472	31837.04
593.675	32760.67
593.878	32572.26
594.081	32248.68
594.284	32002.92
594.486	33182.55
594.689	33211.23
594.892	32254.83
595.095	32416.61
595.298	33225.56
595.5	32752.48
595.703	33078.11
595.906	32680.8
596.109	33321.82
596.311	33467.22
596.514	32476.01
596.717	33246.04
596.92	33819.47
597.122	33540.95
597.325	32529.25
597.528	32775.01
597.73	34452.3
597.933	33604.44
598.136	33538.9
598.338	32820.06
598.541	33899.34
598.743	34224.97
598.946	32985.95
599.148	33162.08
599.351	33946.45
599.554	33573.72
599.756	32959.33
599.959	33428.31
600.161	34081.61
600.363	34483.02
600.566	33563.48
600.768	33467.22
600.971	34429.77
601.173	34403.14
601.376	33770.32
601.578	33659.73
601.78	34089.81
601.983	34829.12
602.185	33442.65
602.388	34095.95
602.59	34493.25
602.792	34532.17
602.995	34288.46
603.197	33876.82
603.399	34933.57
603.601	35054.4
603.804	34200.4
604.006	34331.47
604.208	34300.75
604.41	34050.89
604.613	34476.87
604.815	33995.6
605.017	34911.04
605.219	34386.76
605.421	34872.13
605.623	34233.16
605.826	35621.69
606.028	35320.63
606.23	34849.6
606.432	34206.54
606.634	35070.78
606.836	35220.28
607.038	34392.9
607.24	34130.76
607.442	34796.35
607.644	35009.34
607.846	34415.43
608.048	34224.97
608.25	35345.21
608.452	34609.99
608.654	34566.98
608.856	33948.5
609.058	34757.44
609.26	35048.25
609.462	34229.07
609.664	34714.44
609.866	34835.27
610.067	35130.17
610.269	34804.55
610.471	34890.56
610.673	35218.24
610.875	35724.08
611.077	34571.08
611.278	35091.26
611.48	35251
611.682	35666.74
611.884	35283.77
612.085	34700.1
612.287	35423.03
612.489	35091.26
612.69	34704.2
612.892	35085.12
613.094	36305.71
613.295	35021.63
613.497	34370.38
613.699	34917.18
613.9	35941.17
614.102	35519.29
614.304	35021.63
614.505	34478.92
614.707	35304.25
614.908	35343.16
615.11	34620.23
615.311	35341.11
615.513	35398.46
615.714	35531.58
615.916	34782.02
616.117	35220.28
616.319	35162.94
616.52	35613.49
616.722	34802.5
616.923	35046.21
617.124	35875.63
617.326	35453.75
617.527	35482.42
617.729	35386.17
617.93	35457.85
618.131	36080.43
618.333	34786.11
618.534	35181.37
618.735	36084.53
618.937	36053.81
619.138	35121.98
619.339	35261.24
619.54	36076.33
619.742	36018.99
619.943	35967.79
620.144	35545.91
620.345	36186.93
620.546	35908.4
620.748	35715.89
620.949	35609.4
621.15	36197.16
621.351	35910.45
621.552	35275.58
621.753	35076.93
621.954	36033.33
622.155	36137.77
622.356	35283.77
622.558	35691.32
622.759	36195.12
622.96	36686.63
623.161	35580.73
623.362	35263.29
623.563	36383.53
623.764	36131.63
623.965	35742.52
624.166	36158.25
624.366	35996.46
624.567	36510.5
624.768	35337.02
624.969	35377.98
625.17	35763
625.371	36123.44
625.572	35959.6
625.773	35463.99
625.973	36324.14
626.174	36805.41
626.375	36025.14
626.576	35623.73
626.777	36287.28
626.977	36348.71
627.178	36197.16
627.379	36023.09
627.58	36528.94
627.78	36338.47
627.981	35527.48
628.182	36410.15
628.382	36754.21
628.583	36219.69
628.784	36154.16
628.984	36031.28
629.185	36596.52
629.386	37147.42
629.586	36541.22
629.787	36227.88
629.987	36975.39
630.188	36528.94
630.388	36197.16
630.589	35756.85
630.79	37094.18
630.99	36539.18
631.191	36074.29
631.391	36201.26
631.591	36827.94
631.792	36502.31
631.992	36795.17
632.193	36326.19
632.393	36772.64
632.594	36309.8
632.794	36148.01
632.994	36524.84
633.195	36817.7
633.395	36674.34
633.595	35785.52
633.796	36338.47
633.996	37184.29
634.196	37006.11
634.397	36188.97
634.597	36207.4
634.797	36442.92
634.997	36936.48
635.198	36842.28
635.398	36211.5
635.598	37454.62
635.798	37221.15
635.998	36551.46
636.199	36029.23
636.399	36946.72
636.599	37448.47
636.799	36973.35
636.999	36852.51
637.199	37176.09
637.399	37552.92
637.599	36440.87
637.799	37202.72
637.999	37456.67
638.199	37712.66
638.399	37372.7
638.599	36514.6
638.799	37929.75
638.999	37628.7
639.199	37511.96
639.399	37016.35
639.599	37665.56
639.799	36977.44
639.999	36440.87
640.199	36662.05
640.399	37135.13
640.599	36723.49
640.799	37384.99
640.998	37075.74
641.198	37358.36
641.398	37653.27
641.598	37405.47
641.798	37006.11
641.997	38347.53
642.197	37329.69
642.397	37380.89
642.597	36893.47
642.796	38220.56
642.996	37753.62
643.196	37374.75
643.395	37128.99
643.595	38036.24
643.795	37262.11
643.994	37716.76
644.194	37636.89
644.394	38736.65
644.593	38325
644.793	37604.12
644.992	37997.33
645.192	38548.23
645.392	37700.37
645.591	37966.61
645.791	37753.62
645.99	38388.49
646.19	38021.91
646.389	37802.77
646.589	37933.84
646.788	38054.67
646.987	38152.98
647.187	38474.51
647.386	37884.69
647.586	38695.69
647.785	38574.86
647.984	37958.42
648.184	38165.26
648.383	38187.79
648.582	37962.51
648.782	37524.25
648.981	37765.91
649.18	37950.23
649.38	38501.13
649.579	37993.23
649.778	38058.77
649.977	38626.06
650.177	38523.66
650.376	37794.58
650.575	37737.24
650.774	38415.12
650.973	38341.39
651.173	37632.79
651.372	38214.41
651.571	38247.18
651.77	38634.25
651.969	37868.31
652.168	38222.61
652.367	38562.57
652.566	38492.94
652.765	38466.31
652.964	39064.32
653.163	38660.87
653.362	38843.14
653.561	38050.58
653.76	38673.16
653.959	38710.02
654.158	39381.76
654.357	38433.55
654.556	38306.57
654.755	39269.12
654.954	39058.18
655.153	38183.69
655.352	38808.33
655.551	39047.94
655.749	39049.99
655.948	38494.99
656.147	38652.68
656.346	38863.62
656.545	38900.48
656.743	38568.71
656.942	38451.98
657.141	38884.1
657.34	38624.01
657.538	38818.56
657.737	38626.06
657.936	39664.38
658.135	39078.66
658.333	38685.45
658.532	39172.86
658.731	39478.01
658.929	40055.54
659.128	39099.14
659.326	38875.91
659.525	39881.46
659.724	39224.06
659.922	38298.38
660.121	38589.19
660.319	39049.99
660.518	39054.08
660.716	38732.55
660.915	38660.87
661.113	39172.86
661.312	39334.65
661.51	38660.87
661.709	38707.97
661.907	39219.97
662.105	39052.03
662.304	38683.4
662.502	38920.96
662.701	39893.75
662.899	39213.82
663.097	39772.92
663.296	38654.73
663.494	39590.65
663.692	39746.29
663.891	38673.16
664.089	38468.36
664.287	39295.74
664.485	39410.43
664.684	39234.3
664.882	38916.87
665.08	39564.03
665.278	39883.51
665.476	39144.19
665.675	39549.69
665.873	39535.35
666.071	39359.23
666.269	38820.61
666.467	39381.76
666.665	39695.1
666.863	39176.96
667.061	39422.72
667.259	38777.61
667.457	39254.78
667.655	39346.94
667.853	38394.64
668.051	39133.95
668.249	38716.17
668.447	39576.31
668.645	38740.74
668.843	38937.35
669.041	39095.04
669.239	38822.66
669.437	39252.73
669.635	39785.21
669.833	39273.21
670.031	39211.77
670.229	39324.41
670.426	38910.72
670.624	39377.66
670.822	39041.79
671.02	38822.66
671.218	38718.21
671.415	38980.35
671.613	39021.31
671.811	38523.66
672.009	38851.33
672.206	39660.28
672.404	39183.1
672.602	39305.98
672.799	39502.59
672.997	39856.89
673.195	39703.29
673.392	39322.37
673.59	39095.04
673.788	39082.75
673.985	38998.79
674.183	39009.03
674.38	39023.36
674.578	39539.45
674.775	39301.89
674.973	38638.34
675.17	38632.2
675.368	39127.81
675.565	39004.93
675.763	38843.14
675.96	38765.32
676.158	38884.1
676.355	38642.44
676.553	38556.42
676.75	38263.57
676.947	38910.72
677.145	38353.68
677.342	38693.64
677.539	38548.23
677.737	39015.17
677.934	39281.41
678.131	38841.09
678.329	38478.6
678.526	39017.22
678.723	39205.63
678.92	39068.42
679.118	38597.38
679.315	38822.66
679.512	39109.38
679.709	38474.51
679.906	38996.74
680.104	39465.72
680.301	39277.31
680.498	38441.74
680.695	38384.4
680.892	39033.6
681.089	39604.98
681.286	38544.14
681.483	37620.5
681.68	38722.31
681.877	38974.21
682.075	38173.45
682.272	38269.71
682.469	38511.37
682.665	38669.06
682.862	37892.88
683.059	37739.29
683.256	38165.26
683.453	38812.42
683.65	38142.74
683.847	38513.42
684.044	38318.86
684.241	38095.63
684.438	38793.99
684.635	37640.98
684.831	38783.75
685.028	38689.54
685.225	37905.17
685.422	38236.94
685.619	38032.14
685.815	38210.32
686.012	37753.62
686.209	37540.63
686.405	37882.64
686.602	37827.35
686.799	37319.45
686.996	37847.83
687.192	38081.3
687.389	38834.95
687.586	37409.56
687.782	37409.56
687.979	38785.8
688.175	37942.03
688.372	37497.63
688.568	37868.31
688.765	38140.69
688.962	37757.72
689.158	37215.01
689.355	37315.36
689.551	37704.47
689.748	37845.78
689.944	37339.93
690.14	37327.64
690.337	37640.98
690.533	37587.74
690.73	37673.75
690.926	37665.56
691.123	37612.31
691.319	38030.1
691.515	37514.01
691.712	37458.71
691.908	37870.36
692.104	37946.13
692.301	37176.09
692.497	36610.85
692.693	37663.51
692.889	37239.58
693.086	37575.45
693.282	37075.74
693.478	37913.36
693.674	38669.06
693.87	37393.18
694.067	37024.54
694.263	37462.81
694.459	37600.02
694.655	37532.44
694.851	37219.1
695.047	37466.91
695.243	38023.95
695.439	37368.6
695.635	37147.42
695.831	37292.83
696.027	37186.33
696.224	36815.65
696.42	37311.26
696.615	37901.07
696.811	37509.91
697.007	36834.08
697.203	36356.91
697.399	37165.85
697.595	37114.65
697.791	36506.41
697.987	37016.35
698.183	37241.63
698.379	36922.15
698.575	36543.27
698.77	36637.48
698.966	37477.15
699.162	37647.13
699.358	36490.02
699.554	36737.83
699.749	37540.63
699.945	37362.46
700.141	37057.31
700.337	37088.03
700.532	36944.67
700.728	36793.12
700.924	36774.69
701.119	36324.14
701.315	36643.62
701.511	36668.2
701.706	36762.4
701.902	35924.79
702.097	36467.5
702.293	36844.32
702.489	36483.88
702.684	35922.74
702.88	36725.54
703.075	36420.39
703.271	35724.08
703.466	35836.72
703.662	35945.26
703.857	36614.95
704.053	36508.46
704.248	36430.63
704.443	37180.19
704.639	36854.56
704.834	36188.97
705.03	36444.97
705.225	36391.72
705.42	36707.11
705.616	36580.14
705.811	36285.23
706.006	36385.58
706.202	36014.9
706.397	35957.55
706.592	35535.67
706.787	36397.87
706.983	35717.94
707.178	36619.05
707.373	36023.09
707.568	36287.28
707.763	36363.05
707.959	35724.08
708.154	36295.47
708.349	36162.35
708.544	36844.32
708.739	35969.84
708.934	35652.41
709.129	36465.45
709.324	36186.93
709.519	36188.97
709.714	35683.12
709.909	36731.68
710.104	36369.19
710.299	35507
710.494	35654.45
710.689	36105.01
710.884	35816.24
711.079	35932.98
711.274	35541.81
711.469	36221.74
711.664	36387.63
711.859	36356.91
712.054	36377.39
712.249	36342.57
712.443	36229.93
712.638	35703.6
712.833	35699.51
713.028	36107.05
713.223	35980.08
713.417	35746.61
713.612	35277.63
713.807	36363.05
714.002	36490.02
714.196	35590.97
714.391	35019.58
714.586	35586.87
714.78	35826.48
714.975	35148.6
715.17	35363.64
715.364	35447.61
715.559	35932.98
715.754	34177.87
715.948	34747.2
716.143	36186.93
716.337	35547.96
716.532	35785.52
716.726	35490.62
716.921	35767.09
717.115	35820.34
717.31	34923.33
717.504	36182.83
717.699	35699.51
717.893	35742.52
718.088	34911.04
718.282	34562.89
718.476	34952
718.671	35294.01
718.865	34247.5
719.059	34431.82
719.254	34687.81
719.448	35040.06
719.642	37434.14
719.837	34372.42
720.031	36754.21
720.225	34634.56
720.419	34106.19
720.614	34421.58
720.808	34806.59
721.002	34417.48
721.196	34405.19
721.39	34650.95
721.585	35003.2
721.779	35265.34
721.973	34542.41
722.167	34401.1
722.361	34800.45
722.555	35091.26
722.749	34382.66
722.943	34304.84
723.137	34190.16
723.331	35093.31
723.525	34483.02
723.719	34405.19
723.913	34876.23
724.107	35291.96
724.301	33725.27
724.495	34483.02
724.689	35267.39
724.883	34650.95
725.077	34454.34
725.271	34110.28
725.465	35316.54
725.659	34790.21
725.853	34325.32
726.046	34272.07
726.24	34001.74
726.434	34530.12
726.628	34247.5
726.822	33905.49
727.015	34730.82
727.209	34575.17
727.403	34120.52
727.596	33606.48
727.79	34696
727.984	34825.03
728.177	34194.25
728.371	34184.01
728.565	34827.07
728.758	34378.57
728.952	34059.09
729.146	33903.44
729.339	34841.41
729.533	34397
729.726	34114.38
729.92	33743.7
730.113	34751.3
730.307	34345.8
730.5	34009.93
730.694	34036.56
730.887	33876.82
731.081	34267.98
731.274	33526.61
731.468	33393.5
731.661	34085.71
731.854	33889.1
732.048	33569.62
732.241	33385.3
732.435	34100.04
732.628	34192.2
732.821	33977.17
733.014	34118.48
733.208	34235.21
733.401	34321.23
733.594	33749.84
733.788	33635.16
733.981	34513.73
734.174	34769.73
734.367	33532.76
734.56	33913.68
734.754	34358.09
734.947	34167.63
735.14	33573.72
735.333	33819.47
735.526	34663.24
735.719	34018.13
735.912	33663.83
736.105	33612.63
736.298	34085.71
736.491	34093.9
736.684	33325.91
736.877	34149.2
737.07	34181.96
737.263	34616.13
737.456	33688.4
737.649	33594.2
737.842	34534.21
738.035	34495.3
738.228	33248.09
738.421	33553.24
738.614	34566.98
738.807	34640.71
739	33461.08
739.192	33192.79
739.385	33563.48
739.578	33874.77
739.771	33737.55
739.964	33215.32
740.156	34401.1
740.349	33743.7
740.542	33573.72
740.735	33448.79
740.927	33489.75
741.12	33577.81
741.313	33067.87
741.505	33510.23
741.698	33637.2
741.891	34098
742.083	33737.55
742.276	33362.78
742.468	34405.19
742.661	33631.06
742.854	33422.17
743.046	32922.46
743.239	33663.83
743.431	34038.61
743.624	33196.89
743.816	32879.46
744.009	33950.54
744.201	33678.16
744.393	32963.42
744.586	32969.57
744.778	33280.86
744.971	33700.69
745.163	32965.47
745.355	33409.88
745.548	33307.48
745.74	33862.48
745.932	33141.6
746.125	33141.6
746.317	34243.4
746.509	33821.52
746.702	32928.61
746.894	32912.22
747.086	33254.23
747.278	33502.04
747.471	32861.02
747.663	32596.84
747.855	33502.04
748.047	33917.78
748.239	32901.98
748.431	32836.45
748.623	34143.05
748.815	33645.4
749.008	32813.92
749.2	32729.95
749.392	33155.93
749.584	33499.99
749.776	32959.33
749.968	32920.41
750.16	33604.44
750.352	33020.77
750.544	32420.71
750.736	32861.02
750.928	33282.91
751.12	33307.48
751.311	32875.36
751.503	32846.69
751.695	32920.41
751.887	33434.46
752.079	32445.29
752.271	32260.97
752.463	33332.06
752.654	32881.5
752.846	32746.34
753.038	31906.67
753.23	32996.19
753.421	32930.65
753.613	32211.82
753.805	33031.01
753.997	32828.26
754.188	32910.18
754.38	31994.73
754.572	32095.08
754.763	32713.57
754.955	32680.8
755.146	32215.91
755.338	32062.32
755.53	32815.97
755.721	32502.63
755.913	32004.97
756.104	31624.05
756.296	32330.6
756.487	32412.52
756.679	31644.53
756.87	31640.43
757.062	31992.69
757.253	32389.99
757.445	31912.81
757.636	31957.87
757.827	32111.47
758.019	32834.4
758.21	31314.81
758.401	31759.22
758.593	32238.44
758.784	32451.43
758.975	31353.72
759.167	31374.2
759.358	32027.5
759.549	31890.29
759.74	31089.53
759.932	31169.4
760.123	31585.14
760.314	31943.53
760.505	31118.2
760.696	31003.52
760.888	32123.76
761.079	31634.29
761.27	31093.63
761.461	31267.7
761.652	31935.34
761.843	31153.02
762.034	30919.55
762.225	31533.94
762.416	31773.55
762.607	31150.97
762.798	30292.87
762.989	30440.32
763.18	32584.55
763.371	30870.4
763.562	30202.76
763.753	30811.01
763.944	31429.49
764.135	31028.09
764.326	30886.78
764.517	30307.21
764.708	31347.58
764.899	31288.18
765.089	30223.24
765.28	30139.27
765.471	30724.99
765.662	30901.12
765.853	30559.11
766.043	30030.73
766.234	31093.63
766.425	30610.31
766.615	30499.72
766.806	29809.55
766.997	30940.03
767.187	30190.47
767.378	30223.24
767.569	29721.49
767.759	30225.29
767.95	30129.03
768.141	30157.71
768.331	29559.7
768.522	30655.36
768.712	30786.43
768.903	29703.06
769.093	29787.02
769.284	30120.84
769.474	30137.23
769.665	29201.3
769.855	29115.29
770.046	30591.87
770.236	30145.42
770.426	29291.41
770.617	29346.71
770.807	29420.44
770.998	29791.12
771.188	29371.29
771.378	28928.92
771.569	30262.15
771.759	29625.23
771.949	28650.4
772.139	29256.6
772.33	29397.91
772.52	29156.25
772.71	28965.79
772.9	28738.46
773.09	29662.1
773.281	29903.76
773.471	29246.36
773.661	29006.75
773.851	29473.68
774.041	29434.77
774.231	29285.27
774.421	29090.71
774.611	29436.82
774.802	29336.47
774.992	28814.24
775.182	28664.74
775.372	29115.29
775.562	29447.06
775.752	28459.94
775.942	28498.85
776.131	29436.82
776.321	28953.5
776.511	28363.68
776.701	27939.76
776.891	28871.58
777.081	28251.05
777.271	27902.89
777.461	28142.5
777.651	28494.75
777.84	28337.06
778.03	27876.27
778.22	27962.28
778.41	28191.66
778.599	28347.3
778.789	27536.31
778.979	27304.88
779.169	27970.47
779.358	28337.06
779.548	28216.23
779.738	27728.81
779.927	28337.06
780.117	28154.79
780.307	27718.57
780.496	27196.34
780.686	28515.23
780.875	28906.4
781.065	27376.56
781.254	27683.76
781.444	28136.36
781.633	28087.21
781.823	27554.74
782.012	27272.12
782.202	27747.25
782.391	27939.76
782.581	27573.17
782.77	27624.37
782.96	28490.66
783.149	27440.05
783.338	27687.85
783.528	27120.57
783.717	28570.53
783.906	28353.44
784.096	27261.88
784.285	27200.44
784.474	27808.68
784.663	27673.52
784.853	26817.47
785.042	27286.45
785.231	27435.95
785.42	27513.78
785.61	27188.15
785.799	26868.67
785.988	27550.64
786.177	27249.59
786.366	26551.23
786.555	27362.23
786.744	27161.53
786.933	27134.9
787.122	26547.14
787.312	26635.2
787.501	26917.82
787.69	27585.46
787.879	26389.44
788.068	26319.81
788.257	26282.95
788.445	26815.42
788.634	26088.39
788.823	25746.38
789.012	27005.88
789.201	27036.6
789.39	26301.38
789.579	26102.73
789.768	26993.59
789.957	26846.14
790.145	26133.45
790.334	25824.2
790.523	26299.33
790.712	26426.31
790.9	26174.41
791.089	25918.41
791.278	26614.72
791.467	26344.39
791.655	25998.28
791.844	26784.7
792.033	26176.45
792.221	26272.71
792.41	25674.7
792.599	25078.74
792.787	26158.02
792.976	26409.92
793.164	25576.4
793.353	25830.35
793.541	26536.9
793.73	26782.65
793.918	25805.77
794.107	25445.33
794.295	26145.73
794.484	26000.33
794.672	25543.63
794.861	25478.1
795.049	25924.55
795.238	26577.86
795.426	25371.6
795.614	25310.16
795.803	26170.31
795.991	26012.62
796.179	25160.66
796.368	25185.24
796.556	25877.45
796.744	25560.02
796.932	25572.3
797.121	24982.49
797.309	25392.08
797.497	25658.32
797.685	25048.02
797.874	24980.44
798.062	25578.45
798.25	25471.95
798.438	24808.41
798.626	25136.09
798.814	26106.82
799.002	25940.94
799.19	25123.8
799.378	25424.85
799.566	25588.69
799.755	25752.52
799.943	24941.53
800.131	25088.98
800.318	25463.76
800.506	25852.87
800.694	24820.7
800.882	25082.84
801.07	26129.35
801.258	25545.68
801.446	25275.35
801.634	25113.56
801.822	25332.69
802.01	25822.16
802.197	25121.75
802.385	25082.84
802.573	25758.67
802.761	25859.02
802.949	25250.77
803.136	24409.06
803.324	25453.52
803.512	25328.59
803.699	24919
803.887	24206.31
804.075	25553.87
804.262	25119.7
804.45	24464.35
804.638	25191.38
804.825	25486.29
805.013	25369.55
805.201	25226.2
805.388	24792.03
805.576	25527.25
805.763	25715.66
805.951	24804.31
806.138	24873.95
806.326	26211.27
806.513	25232.34
806.701	25099.22
806.888	24990.68
807.075	25959.37
807.263	26080.2
807.45	25050.07
807.638	25297.88
807.825	25947.08
808.012	26084.3
808.2	25336.79
808.387	25838.54
808.574	26131.4
808.761	26164.17
808.949	24959.96
809.136	25422.8
809.323	25897.93
809.51	26266.56
809.698	25732.04
809.885	25951.18
810.072	26526.66
810.259	26708.93
810.446	25643.98
810.633	25652.17
810.82	26287.04
811.008	26706.88
811.195	25873.35
811.382	25574.35
811.569	26454.98
811.756	25387.99
811.943	25390.03
812.13	25131.99
812.317	26104.77
812.504	25891.79
812.691	25572.3
812.878	25672.65
813.064	26358.72
813.251	25840.59
813.438	25537.49
813.625	25459.66
813.812	25658.32
813.999	26149.83
814.186	25416.66
814.372	25586.64
814.559	25971.66
814.746	25996.23
814.933	24925.15
815.12	25461.71
815.306	25322.45
815.493	25639.89
815.68	25191.38
815.866	24962.01
816.053	25678.8
816.24	25805.77
816.426	25392.08
816.613	24902.62
816.799	25768.91
816.986	26098.63
817.173	25052.12
817.359	25013.21
817.546	25828.3
817.732	25648.08
817.919	24990.68
818.105	25338.83
818.292	25928.65
818.478	26155.97
818.665	25758.67
818.851	25447.38
819.037	26401.73
819.224	25523.15
819.41	24810.46
819.597	24849.37
819.783	26192.84
819.969	25834.44
820.156	24777.69
820.342	25181.14
820.528	26991.55
820.714	25656.27
820.901	25318.35
821.087	25197.52
821.273	26178.5
821.459	25807.82
821.646	24884.19
821.832	25121.75
822.018	25672.65
822.204	25218
822.39	25078.74
822.576	24687.58
822.762	25379.79
822.948	25287.64
823.134	25170.9
823.32	24792.03
823.507	25115.61
823.693	25414.61
823.879	25463.76
824.065	24726.49
824.25	25121.75
824.436	25045.98
824.622	24867.8
824.808	24966.1
824.994	25086.93
825.18	24888.28
825.366	24052.71
825.552	24544.22
825.738	25103.32
825.923	25291.73
826.109	24722.4
826.295	24417.25
826.481	24605.66
826.667	24765.4
826.852	24691.68
827.038	24120.29
827.224	25127.89
827.409	24798.17
827.595	24124.39
827.781	24658.91
827.966	25179.09
828.152	24978.39
828.338	24355.81
828.523	23856.11
828.709	25000.92
828.894	24941.53
829.08	24261.6
829.266	24056.81
829.451	24486.88
829.637	24794.08
829.822	24007.65
830.008	24142.82
830.193	24495.07
830.378	24982.49
830.564	24083.43
830.749	23686.12
830.935	24261.6
831.12	23890.92
831.305	23178.23
831.491	23514.09
831.676	23524.33
831.861	24013.8
832.047	24013.8
832.232	23602.16
832.417	24273.89
832.602	24153.06
832.788	23256.05
832.973	23245.81
833.158	23663.6
833.343	23964.65
833.528	23827.43
833.714	23673.84
833.899	23544.81
834.084	24153.06
834.269	23800.81
834.454	23211
834.639	23653.36
834.824	23733.23
835.009	23305.2
835.194	23272.43
835.379	23985.13
835.564	24165.35
835.749	23450.61
835.934	23239.67
836.119	23657.45
836.304	23563.25
836.489	22449.15
836.674	22995.96
836.859	23204.85
837.044	23694.32
837.228	22952.95
837.413	22418.43
837.598	23321.59
837.783	23362.54
837.968	22887.42
838.152	22453.25
838.337	22557.69
838.522	23423.98
838.707	23280.63
838.891	22903.8
839.076	23147.51
839.261	22885.37
839.445	22367.23
839.63	22647.8
839.815	23147.51
839.999	22780.92
840.184	22385.66
840.368	22617.08
840.553	23133.17
840.737	22785.02
840.922	22154.24
841.106	22217.73
841.291	22297.6
841.475	22844.41
841.66	22107.14
841.844	21865.48
842.029	23356.4
842.213	22508.54
842.397	22133.76
842.582	21861.38
842.766	22916.09
842.951	23194.61
843.135	22443.01
843.319	21957.64
843.504	22776.83
843.688	23319.54
843.872	21765.13
844.056	22176.77
844.241	22735.87
844.425	22393.86
844.609	21951.49
844.793	21652.49
844.977	22430.72
845.161	22109.19
845.346	21502.99
845.53	21650.44
845.714	22348.8
845.898	22586.36
846.082	21277.71
846.266	21570.57
846.45	21937.16
846.634	22240.26
846.818	21322.77
847.002	21455.89
847.186	22033.41
847.37	21038.1
847.554	20855.83
847.738	21261.33
847.922	21767.18
848.106	21986.31
848.29	20861.97
848.473	20626.46
848.657	21632.01
848.841	21670.92
849.025	20974.61
849.209	20671.51
849.392	21849.1
849.576	21619.72
849.76	20452.38
849.944	21175.31
850.127	21691.4
850.311	21181.46
850.495	20667.42
850.678	20552.73
850.862	21486.61
851.046	21568.52
851.229	21109.78
851.413	20290.59
851.596	21216.27
851.78	21144.59
851.964	20888.6
852.147	20683.8
852.331	21517.33
852.514	21384.21
852.698	20628.51
852.881	20194.34
853.065	21017.62
853.248	20931.61
853.431	20319.26
853.615	19969.06
853.798	21842.95
853.982	21038.1
854.165	20612.12
854.348	20323.36
854.532	20716.57
854.715	20370.46
854.898	20290.59
855.081	19899.43
855.265	21425.17
855.448	21097.49
855.631	19618.86
855.814	19932.2
855.997	20368.41
856.181	20765.72
856.364	20036.64
856.547	20036.64
856.73	20595.74
856.913	20765.72
857.096	19659.82
857.279	19919.91
857.462	20388.89
857.645	20577.31
857.828	20206.62
858.011	20028.45
858.194	20462.62
858.377	20034.6
858.56	19403.82
858.743	19633.19
858.926	19772.46
859.109	19674.15
859.292	19235.89
859.475	19160.11
859.658	20216.86
859.841	19881
860.023	19174.45
860.206	19188.78
860.389	19588.14
860.572	20128.8
860.755	19344.43
860.937	19612.71
861.12	19881
861.303	19983.4
861.486	19168.3
861.668	19012.66
861.851	19459.12
862.034	20091.94
862.216	19123.25
862.399	18723.9
862.581	19516.46
862.764	19792.94
862.947	19063.86
863.129	18351.17
863.312	18955.32
863.494	19350.57
863.677	19000.37
863.859	18177.09
864.042	18908.21
864.224	19043.38
864.406	18955.32
864.589	18097.22
864.771	18658.36
864.954	18785.33
865.136	18398.27
865.318	17884.23
865.501	19250.22
865.683	18449.47
865.865	18216
866.048	18086.98
866.23	19008.56
866.412	18818.1
866.594	17951.81
866.777	18488.38
866.959	18263.1
867.141	18236.48
867.323	18332.73
867.505	18234.43
867.687	18443.32
867.869	18609.21
868.052	18222.14
868.234	18111.55
868.416	18504.76
868.598	18861.11
868.78	18123.84
868.962	18179.14
869.144	18897.97
869.326	18607.16
869.508	18033.73
869.69	17857.6
869.872	18365.5
870.054	18846.77
870.236	17701.96
870.417	17706.06
870.599	18050.11
870.781	19055.67
870.963	17941.57
871.145	17843.27
871.327	17939.52
871.508	18381.88
871.69	18084.93
871.872	17773.64
872.054	18480.19
872.235	18652.22
872.417	18041.92
872.599	17830.98
872.78	19201.07
872.962	18578.49
873.144	17544.27
873.325	17960
873.507	18705.46
873.689	18594.87
873.87	17730.63
874.052	18213.95
874.233	18443.32
874.415	19127.35
874.596	18052.16
874.778	17677.38
874.959	18408.51
875.141	18590.78
875.322	17818.69
875.503	17833.03
875.685	18512.95
875.866	17826.89
876.048	17628.23
876.229	17646.66
876.41	18072.64
876.592	18353.21
876.773	17787.97
876.954	17362
877.136	18822.2
877.317	18142.27
877.498	17339.47
877.679	17638.47
877.86	18052.16
878.042	18256.96
878.223	17372.24
878.404	18263.1
878.585	18388.03
878.766	18938.93
878.947	18158.66
879.128	17859.65
879.309	18287.68
879.49	18474.04
879.672	18195.52
879.853	17896.52
880.034	18449.47
880.215	18553.91
880.396	18060.35
880.576	18287.68
880.757	18381.88
880.938	18936.88
881.119	17904.71
881.3	18107.46
881.481	18742.33
881.662	19715.11
881.843	18015.3
882.023	17783.88
882.204	19143.73
882.385	18883.64
882.566	17978.44
882.747	18199.62
882.927	18895.92
883.108	18682.94
883.289	18357.31
883.469	18445.37
883.65	18789.43
883.831	19164.21
884.011	18965.56
884.192	18433.08
884.373	19090.48
884.553	19072.05
884.734	18699.32
884.914	19205.17
885.095	20341.79
885.275	19387.44
885.456	18842.68
885.636	18390.08
885.817	19393.58
885.997	19457.07
886.178	18637.88
886.358	18713.66
886.538	19151.92
886.719	21122.07
886.899	18613.31
887.08	18779.19
887.26	19338.29
887.44	18809.91
887.621	18697.27
887.801	18625.59
887.981	19823.65
888.161	19625
888.342	18625.59
888.522	18652.22
888.702	19536.94
888.882	19688.49
889.062	18895.92
889.242	18189.38
889.423	19348.53
889.603	19342.38
889.783	19037.23
889.963	18830.39
890.143	19403.82
890.323	19594.28
890.503	18807.86
890.683	19285.04
890.863	19280.94
891.043	19514.41
891.223	18904.12
891.403	19414.06
891.583	19225.65
891.763	19471.4
891.943	19004.47
892.122	18854.97
892.302	19336.24
892.482	19409.97
892.662	18992.18
892.842	18451.52
893.022	19266.61
893.201	19139.63
893.381	18854.97
893.561	18627.64
893.741	19487.79
893.92	19059.76
894.1	18895.92
894.28	19115.06
894.459	19518.51
894.639	19305.52
894.819	18633.78
894.998	18715.7
895.178	19199.02
895.357	18949.17
895.537	18506.81
895.716	18285.63
895.896	18928.69
896.075	19172.4
896.255	18400.32
896.434	18224.19
896.614	19391.53
896.793	19153.97
896.973	18488.38
897.152	18226.24
897.331	18349.12
897.511	18936.88
897.69	17869.89
897.87	18314.3
898.049	18656.31
898.228	18627.64
898.407	18203.71
898.587	18472
898.766	18428.99
898.945	18746.42
899.124	18517.05
899.304	18095.17
899.483	18379.84
899.662	19213.36
899.841	17871.94
900.02	17712.2
900.199	18465.85
900.378	18486.33
900.557	17704.01
900.737	17470.54
900.916	18132.03
901.095	18103.36
901.274	17947.72
901.453	17177.68
901.632	17833.03
901.811	18046.02
901.989	17208.4
902.168	17386.57
902.347	18207.81
902.526	17734.73
902.705	17093.71
902.884	17441.87
903.063	17945.67
903.242	17632.33
903.42	16794.71
903.599	17091.66
903.778	17284.17
903.957	17796.17
904.135	17079.38
904.314	16407.64
904.493	17337.42
904.672	16731.22
904.85	16591.96
905.029	16458.84
905.207	16850
905.386	17278.03
905.565	15844.45
905.743	15807.59
905.922	16348.25
906.1	16039.01
906.279	15332.46
906.457	15457.39
906.636	16127.07
906.814	16084.06
906.993	15383.66
907.171	15137.9
907.35	15955.04
907.528	16145.5
907.707	15400.04
907.885	14957.68
908.063	15674.47
908.242	15410.28
908.42	14812.28
908.598	14822.52
908.777	15670.37
908.955	15287.4
909.133	15205.49
909.311	14900.34
909.49	15451.24
909.668	15572.07
909.846	15197.29
910.024	14869.62
910.202	15740.01
910.38	16034.91
910.559	15299.69
910.737	15148.14
910.915	15920.23
911.093	15891.55
911.271	15737.96
911.449	15866.98
911.627	16063.58
911.805	16809.04
911.983	15529.06
912.161	15420.52
912.339	15797.35
912.517	16340.06
912.695	15848.55
912.872	15637.61
913.05	16563.29
913.228	16280.67
913.406	15815.78
913.584	15719.53
913.762	16473.18
913.939	16159.84
914.117	15686.76
914.295	15545.45
914.473	16079.97
914.65	16483.42
914.828	15541.35
915.006	15238.25
915.184	15926.37
915.361	16096.35
915.539	15864.93
915.716	15770.72
915.894	15895.65
916.072	16104.54
916.249	15903.84
916.427	15660.13
916.604	15733.86
916.782	16047.2
916.959	15035.5
917.137	15078.51
917.314	15823.97
917.492	15750.24
917.669	15182.96
917.847	15170.67
918.024	15557.74
918.201	15357.03
918.379	15260.78
918.556	15223.92
918.733	15826.02
918.911	15176.81
919.088	15443.05
919.265	14818.42
919.442	15318.12
919.62	15678.57
919.797	14992.5
919.974	14650.49
920.151	15623.27
920.328	15260.78
920.506	14546.04
920.683	15232.11
920.86	14777.46
921.037	15283.31
921.214	14720.12
921.391	14570.61
921.568	15103.09
921.745	14892.15
921.922	14431.35
922.099	14331
922.276	15217.77
922.453	14949.49
922.63	14204.03
922.807	14576.76
922.984	14752.88
923.161	14947.44
923.338	14718.07
923.514	14111.87
923.691	14939.25
923.868	14861.43
924.045	14175.36
924.222	14085.25
924.399	14492.79
924.575	14564.47
924.752	14077.05
924.929	13819.01
925.105	14173.31
925.282	14247.04
925.459	14011.52
925.635	14032
925.812	14275.71
925.989	14146.69
926.165	13773.96
926.342	13608.07
926.518	13882.5
926.695	13560.97
926.871	13264.01
927.048	13522.05
927.224	13948.03
927.401	13569.16
927.577	13407.37
927.754	13100.17
927.93	14066.81
928.107	13950.08
928.283	13167.76
928.459	13624.45
928.636	13819.01
928.812	13595.78
928.988	13130.89
929.165	12893.33
929.341	13448.33
929.517	13499.53
929.693	13444.23
929.87	12561.56
930.046	13409.42
930.222	13051.02
930.398	12301.47
930.574	12672.15
930.751	12868.75
930.927	12776.59
931.103	12455.06
931.279	12403.86
931.455	12430.49
931.631	12842.13
931.807	12092.57
931.983	11904.16
932.159	12344.47
932.335	12559.51
932.511	12074.14
932.687	12037.28
932.863	12317.85
933.039	12469.4
933.215	11701.41
933.391	11637.92
933.566	11967.65
933.742	12162.2
933.918	11486.37
934.094	11103.4
934.27	11621.54
934.445	11699.36
934.621	11392.17
934.797	10861.74
934.973	11705.51
935.148	11191.47
935.324	10435.77
935.5	10507.44
935.675	11205.8
935.851	11154.6
936.027	10423.48
936.202	10347.7
936.378	10677.43
936.553	10351.8
936.729	10511.54
936.904	9614.53
937.08	9694.4
937.255	9753.79
937.431	9249.99
937.606	8887.5
937.782	9094.35
937.957	9424.07
938.133	8623.31
938.308	8326.36
938.483	9002.19
938.659	8453.33
938.834	8531.16
939.009	7982.3
939.185	8451.28
939.36	8158.42
939.535	7144.68
939.71	7806.17
939.886	8283.35
940.061	7716.06
940.236	7763.17
940.411	7453.92
940.586	7816.41
940.761	7646.43
940.937	7509.22
941.112	7013.61
941.287	7634.14
941.462	7212.26
941.637	6774
941.812	7107.82
941.987	7212.26
942.162	7277.8
942.337	7013.61
942.512	6896.88
942.687	7584.99
942.862	7425.25
943.037	6548.72
943.212	6305.01
943.386	6980.84
943.561	7124.2
943.736	7068.91
943.911	7421.16
944.086	7363.81
944.26	7005.42
944.435	6667.5
944.61	6888.68
944.785	7199.98
944.959	7709.92
945.134	6567.15
945.309	6694.13
945.483	6716.65
945.658	7322.85
945.833	6208.76
946.007	6350.07
946.182	7445.73
946.357	7048.43
946.531	6868.2
946.706	6507.76
946.88	6694.13
947.055	7349.48
947.229	6702.32
947.404	6509.81
947.578	7148.78
947.752	7103.72
947.927	6712.56
948.101	6417.65
948.276	7572.71
948.45	7314.66
948.624	7216.36
948.799	6528.24
948.973	7085.29
949.147	6921.45
949.321	6712.56
949.496	7097.58
949.67	7679.2
949.844	7359.72
950.018	6827.25
950.193	6978.79
950.367	8207.58
950.541	7357.67
950.715	7060.71
950.889	7433.44
951.063	7548.13
951.237	7507.17
951.411	6919.4
951.585	6888.68
951.759	7531.75
951.933	7484.64
952.107	7052.52
952.281	7306.47
952.455	8049.88
952.629	7593.19
952.803	7138.54
952.977	6880.49
953.151	7652.58
953.325	7468.26
953.499	7308.52
953.672	6786.29
953.846	7492.83
954.02	7496.93
954.194	7146.73
954.368	7236.84
954.541	7865.57
954.715	7914.72
954.889	7587.04
955.062	7255.27
955.236	7597.28
955.41	7867.61
955.583	7810.27
955.757	7546.08
955.93	7976.16
956.104	7816.41
956.278	7351.53
956.451	7478.5
956.625	7781.6
956.798	8318.17
956.972	7853.28
957.145	7163.11
957.319	8183
957.492	7843.04
957.665	7597.28
957.839	7277.8
958.012	7789.79
958.185	7875.81
958.359	7683.3
958.532	7732.45
958.705	7939.29
958.879	7806.17
959.052	7683.3
959.225	7445.73
959.398	8223.96
959.572	8201.43
959.745	7486.69
959.918	7570.66
960.091	8236.25
960.264	8332.5
960.438	7681.25
960.611	7654.62
960.784	8381.65
960.957	7818.46
961.13	8307.93
961.303	7584.99
961.476	7988.44
961.649	8307.93
961.822	7656.67
961.995	7785.69
962.168	7924.96
962.341	8203.48
962.514	7607.52
962.686	7193.83
962.859	7877.85
963.032	8043.74
963.205	7634.14
963.378	7367.91
963.551	7881.95
963.723	7689.44
963.896	7601.38
964.069	7922.91
964.242	8060.12
964.414	8576.21
964.587	7642.34
964.76	7650.53
964.932	8113.37
965.105	8006.88
965.278	7515.36
965.45	7408.87
965.623	7886.04
965.795	7840.99
965.968	7396.58
966.14	7376.1
966.313	7916.76
966.485	7957.72
966.658	7335.14
966.83	7423.2
967.003	7920.86
967.175	8002.78
967.348	7494.88
967.52	7279.85
967.692	8287.45
967.865	8119.51
968.037	7521.51
968.209	7644.38
968.382	7996.64
968.554	8047.83
968.726	7206.12
968.898	7337.19
969.071	8056.03
969.243	7740.64
969.415	7494.88
969.587	7333.09
969.759	8047.83
969.932	7660.77
970.104	7277.8
970.276	6937.84
970.448	7617.76
970.62	7544.03
970.792	7273.7
970.964	7249.13
971.136	7992.54
971.308	7521.51
971.48	7091.43
971.652	7130.34
971.824	7931.1
971.996	7527.65
972.168	7232.74
972.339	7357.67
972.511	7386.34
972.683	7593.19
972.855	7453.92
973.027	6960.36
973.199	7773.41
973.37	7628
973.542	7046.38
973.714	7296.23
973.886	7161.06
974.057	7517.41
974.229	6798.57
974.401	7001.32
974.572	7075.05
974.744	6999.27
974.915	6610.16
975.087	6667.5
975.259	7611.62
975.43	7044.33
975.602	6563.06
975.773	6507.76
975.945	7034.09
976.116	7199.98
976.288	6677.74
976.459	7105.77
976.63	6946.03
976.802	6946.03
976.973	6513.91
977.145	7109.86
977.316	7705.82
977.487	7265.51
977.659	6849.77
977.83	6880.49
978.001	7208.17
978.172	7304.42
978.344	6677.74
978.515	6585.58
978.686	6989.03
978.857	7507.17
979.028	6487.28
979.2	6571.25
979.371	7175.4
979.542	6823.15
979.713	6483.19
979.884	5956.86
980.055	6702.32
980.226	6831.34
980.397	6282.49
980.568	6235.38
980.739	6843.63
980.91	6675.7
981.081	6364.4
981.252	6161.66
981.423	6515.95
981.594	6561.01
981.765	6204.66
981.936	6382.84
982.106	6524.15
982.277	6843.63
982.448	6008.06
982.619	6374.64
982.79	6280.44
982.96	6618.35
983.131	6231.29
983.302	5717.25
983.472	6571.25
983.643	6522.1
983.814	6038.78
983.984	5852.41
984.155	6378.74
984.326	6561.01
984.496	5995.77
984.667	5795.07
984.837	5778.69
985.008	6554.87
985.178	6112.5
985.349	5885.18
985.519	6034.68
985.69	5952.76
985.86	5879.04
986.031	5735.68
986.201	6145.27
986.371	6087.93
986.542	5324.04
986.712	5229.83
986.882	6112.5
987.053	5971.19
987.223	5416.19
987.393	5649.66
987.563	5840.12
987.734	6059.26
987.904	6190.33
988.074	5465.35
988.244	5827.84
988.414	5840.12
988.585	5389.57
988.755	5633.28
988.925	5764.35
989.095	6262.01
989.265	5285.12
989.435	5780.73
989.605	6100.22
989.775	5956.86
989.945	5891.32
990.115	5119.24
990.285	5696.77
990.455	5762.3
990.625	5387.52
990.795	4949.26
990.965	5799.16
991.134	5532.93
991.304	4967.69
991.474	4893.96
991.644	5471.49
991.814	5854.46
991.984	4799.76
992.153	5004.55
992.323	5395.71
992.493	5616.9
992.662	4652.3
992.832	4982.03
993.002	5319.94
993.171	5563.65
993.341	4599.06
993.511	5043.46
993.68	5250.31
993.85	5463.3
994.019	4820.24
994.189	4521.23
994.358	5141.77
994.528	5258.5
994.697	4621.58
994.867	4656.4
995.036	5405.95
995.206	5065.99
995.375	4760.84
995.544	4850.96
995.714	5377.28
995.883	5018.89
996.052	4840.72
996.222	4390.16
996.391	5375.24
996.56	5018.89
996.73	4769.04
996.899	4392.21
997.068	5381.38
997.237	5063.94
997.406	4244.76
997.576	3912.99
997.745	5242.12
997.914	4680.97
998.083	4138.26
998.252	4414.74
998.421	4926.73
998.59	4384.02
998.759	4056.34
998.928	3941.66
999.097	4801.8
999.266	4873.48
999.435	4484.37
999.604	3833.11
999.773	4984.07
999.942	4599.06
1000.111	3669.28
1000.28	3917.08
1000.448	4472.08
1000.617	4406.55
1000.786	4082.97
1000.955	3730.72
1001.124	4820.24
1001.292	5190.92
1001.461	4042.01
1001.63	3691.8
1001.798	4672.78
1001.967	4429.07
1002.136	3646.75
1002.304	3573.02
1002.473	4566.29
1002.642	4416.79
1002.81	3912.99
1002.979	3773.72
1003.147	4545.81
1003.316	4549.9
1003.484	3808.54
1003.653	3665.18
1003.821	4357.39
1003.99	4148.5
1004.158	3927.32
1004.327	3804.44
1004.495	4168.98
1004.663	3958.04
1004.832	3865.88
1005	3269.92
1005.168	4103.45
1005.337	3968.28
1005.505	3271.97
1005.673	3820.83
1005.842	4201.75
1006.01	3990.81
1006.178	3353.89
1006.346	3314.98
1006.514	3906.84
1006.683	4261.14
1006.851	3329.31
1007.019	3562.78
1007.187	3685.66
1007.355	3521.82
1007.523	3179.81
1007.691	3091.75
1007.859	3718.43
1008.027	4455.7
1008.195	3237.16
1008.363	3138.85
1008.531	3683.61
1008.699	3931.42
1008.867	2917.67
1009.035	3128.61
1009.203	4138.26
1009.37	3872.03
1009.538	3208.48
1009.706	4105.49
1009.874	3532.06
1010.042	3513.63
1010.209	2886.95
1010.377	2934.06
1010.545	3704.09
1010.713	3603.74
1010.88	2972.97
1011.048	3015.98
1011.216	3425.57
1011.383	3802.4
1011.551	2868.52
1011.718	2710.83
1011.886	3648.8
1012.054	3671.33
1012.221	2745.64
1012.389	2784.55
1012.556	3462.43
1012.724	3665.18
1012.891	2997.54
1013.058	2501.94
1013.226	3460.38
1013.393	3181.86
1013.561	2575.66
1013.728	2575.66
1013.895	3513.63
1014.063	3403.04
1014.23	2342.19
1014.397	2651.44
1014.565	3450.14
1014.732	2966.82
1014.899	2450.74
1015.066	2657.58
1015.233	3339.55
1015.401	3259.68
1015.568	2430.26
1015.735	2694.44
1015.902	3321.12
1016.069	3411.23
1016.236	2495.79
1016.403	2247.99
1016.57	2807.08
1016.737	3487.01
1016.904	2506.03
1017.071	2293.04
1017.238	2743.6
1017.405	2956.58
1017.572	2252.08
1017.739	2768.17
1017.906	3441.95
1018.073	3165.48
1018.24	2194.74
1018.407	2456.88
1018.573	2899.24
1018.74	2936.1
1018.907	2327.86
1019.074	1908.02
1019.241	2905.38
1019.407	2706.73
1019.574	2166.07
1019.741	2094.39
1019.907	3048.74
1020.074	3063.08
1020.241	1738.04
1020.407	1942.84
1020.574	2370.87
1020.74	2635.05
1020.907	1989.94
1021.073	1862.97
1021.24	3196.2
1021.406	2665.77
1021.573	1844.54
1021.739	1998.13
1021.906	2854.19
1022.072	2575.66
1022.239	1957.18
1022.405	1832.25
1022.571	2645.29
1022.738	2546.99
1022.904	1852.73
1023.07	1996.09
1023.237	2579.76
1023.403	2755.88
1023.569	1762.62
1023.735	1869.11
1023.902	2571.57
1024.068	2420.02
1024.234	1643.84
1024.4	1744.19
1024.566	2239.8
1024.732	2348.34
1024.898	1854.78
1025.065	1549.63
1025.231	2293.04
1025.397	2188.6
1025.563	1846.59
1025.729	1621.31
1025.895	1854.78
1026.061	2170.16
1026.227	1531.2
1026.392	1799.48
1026.558	2477.36
1026.724	2411.82
1026.89	1684.8
1027.056	1815.87
1027.222	2106.68
1027.388	2325.81
1027.553	1553.73
1027.719	1699.13
1027.885	2723.12
1028.051	2088.25
1028.216	1369.41
1028.382	1566.01
1028.548	2280.75
1028.713	1977.66
1028.879	1338.69
1029.045	1793.34
1029.21	2424.11
1029.376	2149.68
1029.541	1543.49
1029.707	1549.63
1029.873	2317.62
1030.038	2149.68
1030.204	1469.76
1030.369	1406.27
1030.534	2309.43
1030.7	2006.33
1030.865	1613.12
1031.031	1424.7
1031.196	1985.85
1031.361	2016.57
1031.527	1344.83
1031.692	1402.18
1031.857	1731.9
1032.023	2102.58
1032.188	1455.42
1032.353	1385.79
1032.518	2190.64
1032.684	2039.09
1032.849	1213.76
1033.014	1457.47
1033.179	1862.97
1033.344	2014.52
1033.509	1375.55
1033.674	1367.36
1033.839	2035
1034.004	1977.66
1034.17	1252.67
1034.335	1187.14
1034.5	1805.63
1034.664	1815.87
1034.829	1281.35
1034.994	1500.48
1035.159	1660.22
1035.324	2018.61
1035.489	1393.98
1035.654	1135.94
1035.819	2458.93
1035.984	1883.45
1036.148	1342.78
1036.313	1238.34
1036.478	2055.48
1036.643	1742.14
1036.807	1176.9
1036.972	1074.5
1037.137	2254.13
1037.301	1578.3
1037.466	896.33
1037.631	1377.6
1037.795	1809.72
1037.96	1686.84
1038.124	1291.59
1038.289	1019.21
1038.454	1621.31
1038.618	1881.4
1038.783	1281.35
1038.947	1209.67
1039.111	1490.24
1039.276	1654.08
1039.44	980.29
1039.605	1809.72
1039.769	1576.25
1039.933	1543.49
1040.098	1064.26
1040.262	1377.6
1040.426	1879.35
1040.591	1699.13
1040.755	939.33
1040.919	1039.69
1041.083	1930.55
1041.248	1498.43
1041.412	687.43
1041.576	748.87
1041.74	1486.14
1041.904	1525.05
1042.068	939.33
1042.232	1000.77
1042.397	1971.51
1042.561	1406.27
1042.725	630.09
1042.889	1002.82
1043.053	1604.92
1043.217	1269.06
1043.381	943.43
1043.544	738.63
1043.708	1525.05
1043.872	1246.53
1044.036	499.02
1044.2	759.11
1044.364	1856.82
1044.528	1692.99
1044.691	6743.28
1044.855	738.63
1045.019	1473.85
1045.183	1578.3
1045.346	881.99
1045.51	621.9
1045.674	1670.46
1045.837	1422.66
1046.001	732.49
1046.165	828.74
1046.328	1852.73
1046.492	1234.24
1046.655	1099.08
1046.819	869.7
1046.983	1387.84
1047.146	1213.76
1047.31	898.38
1047.473	441.68
1047.636	1324.35
1047.8	1189.19
1047.963	869.7
1048.127	642.38
1048.29	1121.6
