345.52	-1362.75
345.736	-1362.75
345.952	-1362.75
346.168	-1299.27
346.384	-1289.03
346.6	-195.41
346.816	-267.09
347.032	-203.6
347.248	601.25
347.464	-287.57
347.68	-293.71
347.896	-68.44
348.112	347.3
348.328	-150.36
348.544	79.02
348.76	193.7
348.975	244.9
349.191	-375.63
349.407	-475.98
349.623	132.26
349.839	11.43
350.055	-244.56
350.27	79.02
350.486	122.02
350.702	187.56
350.918	468.13
351.133	-107.35
351.349	150.7
351.565	568.48
351.781	-447.31
351.996	-43.86
352.212	160.94
352.428	48.3
352.644	-381.78
352.859	-306
353.075	220.33
353.291	162.98
353.506	-316.24
353.722	-461.65
353.938	-17.24
354.153	402.6
354.369	275.62
354.584	-359.25
354.8	128.17
355.016	-111.44
355.231	-459.6
355.447	-166.74
355.662	279.72
355.878	773.28
356.093	-607.05
356.309	-68.44
356.524	-43.86
356.74	504.99
356.955	-424.78
357.171	-140.12
357.386	205.99
357.602	-90.96
357.817	-131.92
358.033	-258.9
358.248	330.92
358.464	267.43
358.679	-248.66
358.895	-420.69
359.11	-47.96
359.325	128.17
359.541	418.98
359.756	-72.53
359.972	-187.22
360.187	378.02
360.402	-281.43
360.618	-293.71
360.833	1653.91
361.048	52.39
361.264	-230.23
361.479	-123.73
361.694	111.78
361.909	181.42
362.125	-306
362.34	-232.27
362.555	228.52
362.77	251.05
362.986	-432.97
363.201	-355.15
363.416	226.47
363.631	-17.24
363.847	-316.24
364.062	-314.19
364.277	144.55
364.492	56.49
364.707	-316.24
364.922	-418.64
365.138	253.09
365.353	394.4
365.568	-475.98
365.783	-260.95
365.998	378.02
366.213	558.24
366.428	-351.06
366.643	115.88
366.858	263.33
367.073	244.9
367.288	-271.19
367.503	-381.78
367.718	83.11
367.933	500.9
368.148	-383.82
368.363	-74.58
368.578	222.38
368.793	496.8
369.008	-234.32
369.223	-402.26
369.438	292.01
369.653	218.28
369.868	-459.6
370.083	-432.97
370.298	173.22
370.513	425.12
370.728	36.01
370.943	-277.33
371.157	-56.15
371.372	660.64
371.587	-475.98
371.802	-490.32
372.017	117.93
372.232	515.23
372.446	-52.05
372.661	-256.85
372.876	117.93
373.091	265.38
373.306	-250.71
373.52	-500.56
373.735	-19.29
373.95	550.05
374.165	-224.08
374.379	-322.38
374.594	-58.2
374.809	466.08
375.023	33.96
375.238	-361.3
375.453	281.77
375.667	-105.3
375.882	-379.73
376.097	-363.34
376.311	-33.62
376.526	285.86
376.741	-430.93
376.955	259.24
377.17	507.04
377.384	902.3
377.599	-52.05
377.813	-410.45
378.028	728.22
378.242	281.77
378.457	-109.4
378.672	-498.51
378.886	64.68
379.101	29.87
379.315	-547.66
379.53	-248.66
379.744	320.68
379.958	277.67
380.173	-353.1
380.387	-346.96
380.602	242.85
380.816	-23.38
381.031	-187.22
381.245	-275.28
381.459	152.74
381.674	1037.47
381.888	-512.85
382.103	246.95
382.317	48.3
382.531	382.12
382.746	-123.73
382.96	-349.01
383.174	36.01
383.388	582.82
383.603	38.06
383.817	-424.78
384.031	13.48
384.246	435.36
384.46	-43.86
384.674	748.7
384.888	-45.91
385.103	259.24
385.317	-533.33
385.531	-68.44
385.745	717.98
385.959	275.62
386.174	-402.26
386.388	-291.66
386.602	115.88
386.816	-13.14
387.03	-248.66
387.244	-185.17
387.458	222.38
387.672	341.16
387.887	-504.65
388.101	-381.78
388.315	318.63
388.529	126.12
388.743	-322.38
388.957	-369.49
389.171	523.43
389.385	-74.58
389.599	-396.11
389.813	-27.48
390.027	103.59
390.241	717.98
390.455	-308.05
390.669	-140.12
390.883	52.39
391.097	527.52
391.311	46.25
391.525	-269.14
391.738	412.84
391.952	447.65
392.166	-56.15
392.38	-394.06
392.594	294.05
392.808	335.01
393.022	-209.75
393.236	-260.95
393.449	144.55
393.663	504.99
393.877	-377.68
394.091	-248.66
394.305	52.39
394.518	-13.14
394.732	-412.5
394.946	-256.85
395.16	666.78
395.373	64.68
395.587	-295.76
395.801	-363.34
396.015	332.97
396.228	267.43
396.442	-332.62
396.656	-551.76
396.869	324.77
397.083	695.46
397.297	-183.12
397.51	-236.37
397.724	246.95
397.938	165.03
398.151	-512.85
398.365	-459.6
398.578	289.96
398.792	441.51
399.005	119.98
399.219	-246.61
399.433	240.81
399.646	328.87
399.86	-7
400.073	173.22
400.287	124.07
400.5	296.1
400.714	-60.24
400.927	-90.96
401.141	404.64
401.354	1776.78
401.567	464.04
401.781	-469.84
401.994	306.34
402.208	662.69
402.421	-181.07
402.635	-297.81
402.848	-76.63
403.061	332.97
403.275	-146.26
403.488	-344.91
403.701	431.27
403.915	439.46
404.128	7.34
404.341	-299.86
404.555	648.35
404.768	-41.81
404.981	105.64
405.195	-232.27
405.408	382.12
405.621	343.21
405.834	64.68
406.048	-402.26
406.261	484.52
406.474	302.25
406.687	-256.85
406.9	-142.16
407.114	320.68
407.327	537.76
407.54	-414.54
407.753	-418.64
407.966	-93.01
408.179	54.44
408.392	-289.62
408.605	-541.52
408.819	244.9
409.032	324.77
409.245	-265.04
409.458	81.07
409.671	238.76
409.884	359.59
410.097	-408.4
410.31	1.19
410.523	568.48
410.736	93.35
410.949	-154.45
411.162	-369.49
411.375	386.21
411.588	224.42
411.801	-80.72
412.014	-306
412.227	31.91
412.44	169.13
412.653	-183.12
412.865	48.3
413.078	476.32
413.291	367.78
413.504	-82.77
413.717	-394.06
413.93	472.23
414.143	-7
414.356	-121.68
414.568	-478.03
414.781	271.53
414.994	236.71
415.207	-131.92
415.42	-158.55
415.632	156.84
415.845	787.61
416.058	-402.26
416.271	-342.86
416.483	328.87
416.696	572.58
416.909	-269.14
417.121	-342.86
417.334	99.5
417.547	478.37
417.759	-353.1
417.972	-396.11
418.185	58.54
418.397	255.14
418.61	-297.81
418.823	-361.3
419.035	513.19
419.248	228.52
419.46	-140.12
419.673	-25.43
419.885	95.4
420.098	308.39
420.311	-293.71
420.523	-523.09
420.736	308.39
420.948	193.7
421.161	-207.7
421.373	-449.36
421.586	13.48
421.798	-113.49
422.01	-441.17
422.223	72.87
422.435	-70.48
422.648	541.86
422.86	-293.71
423.073	-293.71
423.285	148.65
423.497	-150.36
423.71	-338.77
423.922	-228.18
424.134	414.88
424.347	685.22
424.559	171.18
424.771	208.04
424.984	292.01
425.196	259.24
425.408	-461.65
425.621	-293.71
425.833	353.45
426.045	619.68
426.257	-492.37
426.47	-84.82
426.682	68.78
426.894	165.03
427.106	-273.23
427.318	-191.31
427.531	93.35
427.743	238.76
427.955	-39.76
428.167	588.96
428.379	111.78
428.591	105.64
428.804	-84.82
429.016	-262.99
429.228	328.87
429.44	341.16
429.652	13448.16
429.864	-402.26
430.076	89.26
430.288	279.72
430.5	-123.73
430.712	-121.68
430.924	283.81
431.136	390.31
431.348	-371.54
431.56	-281.43
431.772	70.83
431.984	7.34
432.196	-355.15
432.408	-207.7
432.62	203.94
432.832	285.86
433.044	181.42
433.256	-84.82
433.468	306.34
433.679	-148.31
433.891	-422.73
434.103	70.83
434.315	646.3
434.527	345.25
434.739	-17.24
434.95	-142.16
435.162	232.62
435.374	-82.77
435.586	-131.92
435.798	-260.95
436.009	64.68
436.221	46.25
436.433	-158.55
436.645	-105.3
436.856	38.06
437.068	578.72
437.28	-310.1
437.491	199.85
437.703	335.01
437.915	277.67
438.126	-203.6
438.338	310.44
438.55	146.6
438.761	173.22
438.973	-158.55
439.184	-107.35
439.396	160.94
439.608	283.81
439.819	-357.2
440.031	-127.83
440.242	392.36
440.454	390.31
440.665	-213.84
440.877	-2.9
441.088	562.34
441.3	236.71
441.511	-396.11
441.723	-334.67
441.934	625.83
442.146	341.16
442.357	-84.82
442.569	421.03
442.78	431.27
442.991	894.11
443.203	326.82
443.414	-117.59
443.626	576.67
443.837	175.27
444.048	-232.27
444.26	-478.03
444.471	441.51
444.682	322.73
444.894	-283.47
445.105	-295.76
445.316	570.53
445.528	371.88
445.739	1.19
445.95	9.39
446.161	205.99
446.373	398.5
446.584	-68.44
446.795	-191.31
447.006	640.16
447.217	525.47
447.429	-246.61
447.64	-359.25
447.851	1152.15
448.062	496.8
448.273	-312.14
448.484	-146.26
448.695	382.12
448.907	474.28
449.118	-13.14
449.329	203.94
449.54	197.8
449.751	238.76
449.962	-262.99
450.173	-226.13
450.384	351.4
450.595	672.93
450.806	-203.6
451.017	-84.82
451.228	554.15
451.439	416.93
451.65	-29.52
451.861	-531.28
452.072	171.18
452.283	310.44
452.494	101.55
452.705	-129.88
452.915	867.49
453.126	330.92
453.337	38.06
453.548	-246.61
453.759	726.18
453.97	705.7
454.181	408.74
454.391	-189.27
454.602	357.54
454.813	763.04
455.024	-148.31
455.235	-191.31
455.445	631.97
455.656	324.77
455.867	130.22
456.078	-95.06
456.288	169.13
456.499	556.19
456.71	-240.47
456.921	234.66
457.131	324.77
457.342	283.81
457.553	-74.58
457.763	-70.48
457.974	298.15
458.184	492.71
458.395	-162.64
458.606	-420.69
458.816	687.26
459.027	756.9
459.237	146.6
459.448	-201.55
459.659	515.23
459.869	1352.85
460.08	-400.21
460.29	95.4
460.501	689.31
460.711	398.5
460.922	-318.29
461.132	-183.12
461.343	1356.95
461.553	177.32
461.764	-158.55
461.974	27.82
462.184	568.48
462.395	650.4
462.605	25.77
462.816	-256.85
463.026	521.38
463.236	562.34
463.447	-269.14
463.657	-156.5
463.867	644.26
464.078	335.01
464.288	-41.81
464.498	-19.29
464.709	496.8
464.919	564.39
465.129	124.07
465.339	-170.83
465.55	476.32
465.76	713.89
465.97	-54.1
466.18	60.59
466.391	734.37
466.601	586.91
466.811	48.3
467.021	-342.86
467.231	627.87
467.441	824.48
467.651	13.48
467.862	-449.36
468.072	404.64
468.282	466.08
468.492	-146.26
468.702	167.08
468.912	498.85
469.122	1268.89
469.332	369.83
469.542	-150.36
469.752	906.4
469.962	513.19
470.172	-115.54
470.382	-62.29
470.592	832.67
470.802	619.68
471.012	285.86
471.222	-9.05
471.432	595.11
471.642	636.06
471.852	165.03
472.062	-113.49
472.272	568.48
472.482	349.35
472.691	-45.91
472.901	-97.11
473.111	396.45
473.321	1096.86
473.531	-76.63
473.741	242.85
473.95	681.12
474.16	738.46
474.37	246.95
474.58	-99.16
474.79	1148.06
474.999	703.65
475.209	56.49
475.419	95.4
475.628	672.93
475.838	1033.37
476.048	281.77
476.258	-82.77
476.467	822.43
476.677	519.33
476.886	396.45
477.096	138.41
477.306	500.9
477.515	844.96
477.725	357.54
477.935	277.67
478.144	1307.8
478.354	658.59
478.563	181.42
478.773	122.02
478.982	945.31
479.192	838.81
479.401	216.23
479.611	167.08
479.82	519.33
480.03	754.85
480.239	197.8
480.449	54.44
480.658	1066.14
480.868	695.46
481.077	343.21
481.287	283.81
481.496	674.98
481.705	1025.18
481.915	654.5
482.124	484.52
482.333	865.44
482.543	1199.26
482.752	537.76
482.961	269.48
483.171	933.02
483.38	621.73
483.589	384.16
483.799	318.63
484.008	722.08
484.217	687.26
484.426	427.17
484.636	128.17
484.845	971.93
485.054	515.23
485.263	947.36
485.472	324.77
485.682	1004.7
485.891	810.14
486.1	58.54
486.309	316.58
486.518	1078.43
486.727	1936.53
486.936	242.85
487.146	591.01
487.355	1287.32
487.564	840.86
487.773	527.52
487.982	433.32
488.191	742.56
488.4	1324.18
488.609	429.22
488.818	466.08
489.027	1371.29
489.236	1234.07
489.445	439.46
489.654	236.71
489.863	1299.61
490.072	1025.18
490.281	1129.63
490.49	611.49
490.698	1309.85
490.907	1694.86
491.116	539.81
491.325	343.21
491.534	1217.69
491.743	941.21
491.952	615.59
492.16	617.63
492.369	1356.95
492.578	1494.16
492.787	724.13
492.996	396.45
493.204	969.88
493.413	1483.92
493.622	345.25
493.831	218.28
494.039	1533.08
494.248	922.78
494.457	519.33
494.665	265.38
494.874	1277.08
495.083	1782.93
495.291	533.67
495.5	472.23
495.709	1283.22
495.917	1035.42
496.126	840.86
496.335	375.97
496.543	1062.04
496.752	1289.37
496.96	1076.38
497.169	427.17
497.377	1203.35
497.586	1260.7
497.794	795.81
498.003	335.01
498.211	1189.02
498.42	1465.49
498.628	738.46
498.837	570.53
499.045	1209.5
499.254	1010.84
499.462	642.21
499.671	636.06
499.879	2151.56
500.087	1395.86
500.296	472.23
500.504	724.13
500.713	1172.63
500.921	1629.33
501.129	695.46
501.338	597.15
501.546	1334.42
501.754	1229.98
501.962	687.26
502.171	670.88
502.379	1322.13
502.587	1586.32
502.795	828.57
503.004	724.13
503.212	1514.64
503.42	1479.83
503.628	851.1
503.837	849.05
504.045	1377.43
504.253	1846.41
504.461	760.99
504.669	543.91
504.877	1721.49
505.085	1481.88
505.294	658.59
505.502	1082.52
505.71	1901.71
505.918	1346.71
506.126	545.95
506.334	638.11
506.542	1498.26
506.75	1354.9
506.958	1088.67
507.166	875.68
507.374	1195.16
507.582	1733.78
507.79	1010.84
507.998	808.09
508.206	1782.93
508.414	1690.77
508.622	619.68
508.83	867.49
509.037	1404.05
509.245	1088.67
509.453	853.15
509.661	613.54
509.869	1653.91
510.077	1168.54
510.285	1129.63
510.492	535.71
510.7	1954.96
510.908	1287.32
511.116	887.97
511.324	744.61
511.531	1234.07
511.739	1651.86
511.947	1277.08
512.155	1328.28
512.362	1453.2
512.57	1170.58
512.778	695.46
512.985	619.68
513.193	1367.19
513.401	1825.93
513.608	955.55
513.816	853.15
514.024	1580.18
514.231	1547.41
514.439	861.34
514.646	808.09
514.854	1701.01
515.061	1629.33
515.269	1039.51
515.477	982.17
515.684	1406.1
515.892	1662.1
516.099	699.55
516.307	738.46
516.514	1930.38
516.722	1959.05
516.929	955.55
517.136	765.09
517.344	1778.83
517.551	1719.44
517.759	939.16
517.966	971.93
518.173	1488.02
518.381	1584.27
518.588	988.32
518.796	797.85
519.003	1799.31
519.21	1623.19
519.418	1057.95
519.625	1449.11
519.832	1582.23
520.039	1731.73
520.247	740.51
520.454	963.74
520.661	1635.47
520.868	1756.3
521.076	1014.94
521.283	1029.27
521.49	2139.27
521.697	1559.7
521.904	998.56
522.112	1068.19
522.319	1897.61
522.526	1762.45
522.733	994.46
522.94	922.78
523.147	1623.19
523.354	1617.04
523.561	910.49
523.768	1483.92
523.975	1883.28
524.183	1701.01
524.39	1383.57
524.597	992.41
524.804	1522.84
525.011	1383.57
525.218	1051.8
525.425	976.03
525.632	2098.31
525.838	1555.6
526.045	1055.9
526.252	1223.83
526.459	3306.62
526.666	3331.19
526.873	1115.29
527.08	1023.13
527.287	2051.21
527.494	1981.58
527.701	963.74
527.907	998.56
528.114	1817.74
528.321	1860.75
528.528	1152.15
528.735	1117.34
528.941	1576.08
529.148	1506.45
529.355	1227.93
529.562	1148.06
529.768	2423.94
529.975	1641.62
530.182	1227.93
530.388	1092.76
530.595	2014.35
530.802	1477.78
531.008	1469.59
531.215	1217.69
531.422	2616.45
531.628	2546.82
531.835	1336.47
532.042	1340.57
532.248	1866.89
532.455	1942.67
532.661	1127.58
532.868	1105.05
533.074	1787.02
533.281	2022.54
533.487	1119.39
533.694	1062.04
533.9	1791.12
534.107	1793.17
534.313	1166.49
534.52	1141.91
534.726	1832.08
534.933	2356.36
535.139	1148.06
535.345	990.36
535.552	2309.26
535.758	2077.83
535.965	1326.23
536.171	1309.85
536.377	1983.63
536.584	2364.55
536.79	1315.99
536.996	1490.07
537.203	2178.19
537.409	2239.62
537.615	1445.01
537.821	1590.42
538.028	2444.42
538.234	1940.62
538.44	1514.64
538.646	1332.37
538.853	1914
539.059	1877.13
539.265	2049.16
539.471	1068.19
539.677	2204.81
539.883	1932.43
540.09	3148.92
540.296	2098.31
540.502	2020.49
540.708	1938.57
540.914	1914
541.12	1262.74
541.326	2165.9
541.532	2022.54
541.738	1627.28
541.944	1467.54
542.15	2292.87
542.356	1991.82
542.562	1350.81
542.768	1543.32
542.974	2378.89
543.18	2133.13
543.386	1485.97
543.592	1266.84
543.798	2802.82
544.004	2546.82
544.21	1344.66
544.415	1561.75
544.621	2108.55
544.827	2833.54
545.033	1361.05
545.239	1909.9
545.445	1864.85
545.651	2182.28
545.856	1553.55
546.062	1416.34
546.268	2014.35
546.474	2167.95
546.679	1590.42
546.885	1537.17
547.091	2028.68
547.297	2593.92
547.502	1725.58
547.708	1172.63
547.914	1926.29
548.119	2413.7
548.325	1342.61
548.531	1359
548.736	2772.1
548.942	2020.49
549.147	1488.02
549.353	1850.51
549.559	2579.59
549.764	2325.64
549.97	1481.88
550.175	1635.47
550.381	2288.78
550.586	2004.11
550.792	1705.1
550.997	1498.26
551.203	2376.84
551.408	2538.63
551.614	1383.57
551.819	1506.45
552.025	2716.8
552.23	2305.16
552.435	1490.07
552.641	1877.13
552.846	1946.76
553.052	2729.09
553.257	1965.2
553.462	1766.54
553.668	2012.3
553.873	2307.21
554.078	1569.94
554.283	1506.45
554.489	2204.81
554.694	2116.75
554.899	1447.06
555.105	1883.28
555.31	2469
555.515	2342.02
555.72	1813.65
555.925	2798.72
556.131	2403.46
556.336	2194.57
556.541	1561.75
556.746	1571.99
556.951	2569.35
557.156	2321.54
557.361	1727.63
557.567	1938.57
557.772	2602.11
557.977	2591.88
558.182	1684.62
558.387	1582.23
558.592	2129.03
558.797	2800.77
559.002	1737.87
559.207	1862.8
559.412	2571.4
559.617	2872.45
559.822	1674.39
560.027	1578.13
560.232	2206.86
560.437	2407.56
560.642	1500.31
560.847	1563.79
561.051	2217.1
561.256	2446.47
561.461	1860.75
561.666	1453.2
561.871	2219.14
562.076	2552.96
562.281	1764.5
562.485	1627.28
562.69	2466.95
562.895	2342.02
563.1	1705.1
563.305	1711.25
563.509	2495.62
563.714	2733.18
563.919	1733.78
564.123	1803.41
564.328	2270.34
564.533	2786.43
564.737	1873.04
564.942	1643.67
565.147	2487.43
565.351	2536.58
565.556	1774.74
565.761	1918.09
565.965	2616.45
566.17	2348.17
566.374	1885.33
566.579	1647.76
566.784	2475.14
566.988	2280.58
567.193	1639.57
567.397	1811.6
567.602	2102.41
567.806	2360.45
568.011	1809.55
568.215	1848.46
568.42	2290.82
568.624	2538.63
568.828	1899.66
569.033	2004.11
569.237	2745.47
569.442	2698.37
569.646	1604.75
569.85	1784.98
570.055	2399.37
570.259	2491.52
570.463	2303.11
570.668	1885.33
570.872	2466.95
571.076	2342.02
571.281	2014.35
571.485	2008.2
571.689	2593.92
571.893	2610.31
572.098	1965.2
572.302	1735.82
572.506	2589.83
572.71	2620.55
572.914	1918.09
573.119	1807.5
573.323	2774.14
573.527	2786.43
573.731	1774.74
573.935	1701.01
574.139	2423.94
574.343	2233.48
574.547	1940.62
574.751	2063.5
574.955	2700.42
575.159	2694.27
575.364	1856.65
575.568	1737.87
575.772	2557.06
575.976	2643.07
576.18	1799.31
576.383	1893.52
576.587	2915.45
576.791	2681.99
576.995	1698.96
577.199	1905.81
577.403	2434.18
577.607	2491.52
577.811	1733.78
578.015	1981.58
578.219	2710.66
578.422	2561.16
578.626	1983.63
578.83	2339.97
579.034	2987.13
579.238	2724.99
579.442	1854.61
579.645	2610.31
579.849	2663.55
580.053	2686.08
580.257	2079.88
580.46	2155.66
580.664	3003.52
580.868	2702.47
581.071	2110.6
581.275	2329.74
581.479	2323.59
581.682	2833.54
581.886	1940.62
582.09	2251.91
582.293	2808.96
582.497	2907.26
582.7	2380.93
582.904	2077.83
583.107	2722.95
583.311	2729.09
583.515	2133.13
583.718	2122.89
583.922	2823.3
584.125	3525.75
584.329	1963.15
584.532	2129.03
584.735	3114.11
584.939	2681.99
585.142	1930.38
585.346	1848.46
585.549	2778.24
585.753	2708.61
585.956	2124.94
586.159	2256.01
586.363	2974.85
586.566	2649.22
586.769	1993.87
586.973	1821.84
587.176	2626.69
587.379	2727.04
587.582	2368.65
587.786	2391.17
587.989	2757.76
588.192	3734.64
588.395	2233.48
588.599	2663.55
588.802	2825.34
589.005	2948.22
589.208	2153.61
589.411	2069.64
589.615	2770.05
589.818	2987.13
590.021	2768
590.224	2391.17
590.427	3341.43
590.63	2870.4
590.833	1823.89
591.036	2028.68
591.239	2724.99
591.442	2614.4
591.645	2374.79
591.848	2018.44
592.051	2686.08
592.254	2845.82
592.457	2356.36
592.66	2276.49
592.863	2712.71
593.066	3087.48
593.269	2188.43
593.472	2286.73
593.675	2632.83
593.878	2790.53
594.081	2299.02
594.284	2102.41
594.486	2899.07
594.689	2866.3
594.892	2368.65
595.095	2356.36
595.298	3036.28
595.5	2518.15
595.703	2339.97
595.906	2454.66
596.109	2937.98
596.311	2862.21
596.514	2012.3
596.717	2495.62
596.92	3036.28
597.122	3095.68
597.325	1952.91
597.528	2149.51
597.73	3286.14
597.933	3212.41
598.136	2387.08
598.338	2098.31
598.541	3325.05
598.743	3212.41
598.946	2374.79
599.148	2157.71
599.351	3073.15
599.554	2976.89
599.756	2421.89
599.959	2419.85
600.161	3056.76
600.363	3503.22
600.566	2612.35
600.768	2266.25
600.971	3142.78
601.173	2843.78
601.376	2317.45
601.578	2458.76
601.78	2817.15
601.983	3708.02
602.185	2389.13
602.388	2772.1
602.59	3044.48
602.792	2999.42
602.995	2778.24
603.197	2503.81
603.399	3067
603.601	3540.08
603.804	2452.61
604.006	2458.76
604.208	2880.64
604.41	2579.59
604.613	2641.03
604.815	2311.3
605.017	3226.75
605.219	2880.64
605.421	3183.74
605.623	2538.63
605.826	3331.19
606.028	3445.88
606.23	2329.74
606.432	2450.57
606.634	3120.25
606.836	3255.42
607.038	2339.97
607.24	2464.9
607.442	3298.42
607.644	3058.81
607.846	2686.08
608.048	2372.74
608.25	3302.52
608.452	2817.15
608.654	2667.65
608.856	2360.45
609.058	2854.02
609.26	3318.9
609.462	2653.31
609.664	2559.11
609.866	3259.51
610.067	3167.35
610.269	2710.66
610.471	2600.07
610.673	3052.67
610.875	3144.83
611.077	2233.48
611.278	2598.02
611.48	3058.81
611.682	3443.83
611.884	2522.24
612.085	2667.65
612.287	2780.29
612.489	2892.93
612.69	2360.45
612.892	2610.31
613.094	3646.58
613.295	3036.28
613.497	2366.6
613.699	2466.95
613.9	3374.2
614.102	3101.82
614.304	2495.62
614.505	2415.75
614.707	2880.64
614.908	3245.18
615.11	2378.89
615.311	2737.28
615.513	3279.99
615.714	3226.75
615.916	2391.17
616.117	2841.73
616.319	3253.37
616.52	3335.29
616.722	2462.85
616.923	2462.85
617.124	3593.33
617.326	3187.83
617.527	2626.69
617.729	2759.81
617.93	3204.22
618.131	3112.06
618.333	2503.81
618.534	2667.65
618.735	3228.79
618.937	3443.83
619.138	2643.07
619.339	2436.23
619.54	3144.83
619.742	3032.19
619.943	2673.79
620.144	2745.47
620.345	3429.49
620.546	3333.24
620.748	2487.43
620.949	2684.03
621.15	3224.7
621.351	3134.59
621.552	2415.75
621.753	2542.72
621.954	2913.41
622.155	3646.58
622.356	2573.44
622.558	2978.94
622.759	3357.82
622.96	3597.43
623.161	2798.72
623.362	2432.13
623.563	3155.07
623.764	3245.18
623.965	2495.62
624.166	2880.64
624.366	3011.71
624.567	3224.7
624.768	2167.95
624.969	2692.23
625.17	3101.82
625.371	3054.72
625.572	2839.68
625.773	2702.47
625.973	3314.81
626.174	3558.52
626.375	2735.23
626.576	2874.49
626.777	3351.67
626.977	3552.37
627.178	2819.2
627.379	2765.95
627.58	3232.89
627.78	3130.49
627.981	2614.4
628.182	2813.06
628.382	3292.28
628.583	2753.66
628.784	2473.09
628.984	2864.25
629.185	3234.94
629.386	3361.91
629.586	2800.77
629.787	2487.43
629.987	3079.29
630.188	3273.85
630.388	2665.6
630.589	2909.31
630.79	3806.32
630.99	3146.87
631.191	2657.41
631.391	2931.84
631.591	3247.23
631.792	3484.79
631.992	3060.86
632.193	2727.04
632.393	3445.88
632.594	3222.65
632.794	2612.35
632.994	2825.34
633.195	3081.34
633.395	3103.87
633.595	2663.55
633.796	2800.77
633.996	3269.75
634.196	3329.14
634.397	2454.66
634.597	2745.47
634.797	2989.18
634.997	3484.79
635.198	2991.23
635.398	2700.42
635.598	3298.42
635.798	3361.91
635.998	3146.87
636.199	2555.01
636.399	2827.39
636.599	2972.8
636.799	2509.96
636.999	3089.53
637.199	3222.65
637.399	3495.03
637.599	2489.48
637.799	2970.75
637.999	3193.98
638.199	3529.84
638.399	2735.23
638.599	2604.16
638.799	3355.77
638.999	3611.76
639.199	2964.61
639.399	2776.19
639.599	3370.1
639.799	3103.87
639.999	2593.92
640.199	2706.56
640.399	3224.7
640.599	3613.81
640.799	2788.48
640.998	2847.87
641.198	3249.27
641.398	3433.59
641.598	2849.92
641.798	2749.57
641.997	4443.24
642.197	3073.15
642.397	3003.52
642.597	2784.38
642.796	3204.22
642.996	3243.13
643.196	3153.02
643.395	2718.85
643.595	3105.92
643.795	2952.32
643.994	2798.72
644.194	2710.66
644.394	3675.25
644.593	3675.25
644.793	2487.43
644.992	2872.45
645.192	3611.76
645.392	2952.32
645.591	3187.83
645.791	2813.06
645.99	3501.17
646.19	3343.48
646.389	2731.14
646.589	2874.49
646.788	3339.38
646.987	3384.44
647.187	3196.03
647.386	3261.56
647.586	3394.68
647.785	3525.75
647.984	2772.1
648.184	3196.03
648.383	3234.94
648.582	3048.57
648.782	2794.62
648.981	2995.32
649.18	3138.68
649.38	3030.14
649.579	2970.75
649.778	2749.57
649.977	3568.76
650.177	3372.15
650.376	2739.33
650.575	2636.93
650.774	3509.37
650.973	3218.55
651.173	2651.27
651.372	3040.38
651.571	3142.78
651.77	3576.95
651.969	2970.75
652.168	2980.99
652.367	3193.98
652.566	3273.85
652.765	2763.9
652.964	3443.83
653.163	3617.91
653.362	3298.42
653.561	2882.69
653.76	3005.56
653.959	3593.33
654.158	3574.9
654.357	3175.55
654.556	2876.54
654.755	3589.24
654.954	3454.07
655.153	2856.06
655.352	3241.08
655.551	3507.32
655.749	3267.7
655.948	3040.38
656.147	2968.7
656.346	3312.76
656.545	3433.59
656.743	2962.56
656.942	3003.52
657.141	3177.59
657.34	3275.9
657.538	2878.59
657.737	2866.3
657.936	3279.99
658.135	3245.18
658.333	2901.12
658.532	3179.64
658.731	3769.46
658.929	3421.3
659.128	3396.73
659.326	2839.68
659.525	3765.36
659.724	3382.39
659.922	2786.43
660.121	2847.87
660.319	3464.31
660.518	3245.18
660.716	2884.73
660.915	2679.94
661.113	3636.34
661.312	3146.87
661.51	3142.78
661.709	2800.77
661.907	3503.22
662.105	3560.56
662.304	2948.22
662.502	3021.95
662.701	3589.24
662.899	3284.09
663.097	3642.48
663.296	2856.06
663.494	3548.28
663.692	3775.6
663.891	2839.68
664.089	2847.87
664.287	3585.14
664.485	3585.14
664.684	2854.02
664.882	2968.7
665.08	3341.43
665.278	3306.62
665.476	2987.13
665.675	3282.04
665.873	3740.79
666.071	3603.57
666.269	2890.88
666.467	3421.3
666.665	3550.32
666.863	3484.79
667.061	3218.55
667.259	2905.21
667.457	3396.73
667.655	3474.55
667.853	2968.7
668.051	3241.08
668.249	3279.99
668.447	3613.81
668.645	2856.06
668.843	3300.47
669.041	3529.84
669.239	3148.92
669.437	3052.67
669.635	3128.44
669.833	3376.25
670.031	3384.44
670.229	3085.44
670.426	2905.21
670.624	3304.57
670.822	3329.14
671.02	2731.14
671.218	3112.06
671.415	3284.09
671.613	3415.16
671.811	3202.17
672.009	3064.96
672.206	3589.24
672.404	3243.13
672.602	3363.96
672.799	3112.06
672.997	3607.67
673.195	3421.3
673.392	3132.54
673.59	2851.97
673.788	3542.13
673.985	2978.94
674.183	3191.93
674.38	2999.42
674.578	3603.57
674.775	3275.9
674.973	2835.58
675.17	2786.43
675.368	3568.76
675.565	3173.5
675.763	3001.47
675.96	2843.78
676.158	3435.64
676.355	3486.84
676.553	2743.42
676.75	2950.27
676.947	3261.56
677.145	3456.12
677.342	2962.56
677.539	3259.51
677.737	3470.45
677.934	3677.3
678.131	3146.87
678.329	2976.89
678.526	4088.94
678.723	3583.09
678.92	3042.43
679.118	3146.87
679.315	3103.87
679.512	3830.9
679.709	2978.94
679.906	2987.13
680.104	3562.61
680.301	3257.46
680.498	2772.1
680.695	2813.06
680.892	3220.6
681.089	3347.58
681.286	3056.76
681.483	2573.44
681.68	3232.89
681.877	3589.24
682.075	2876.54
682.272	3167.35
682.469	3208.31
682.665	3466.36
682.862	2696.32
683.059	2659.46
683.256	3273.85
683.453	3380.34
683.65	3126.39
683.847	2991.23
684.044	3474.55
684.241	3220.6
684.438	3193.98
684.635	2718.85
684.831	3744.88
685.028	3814.51
685.225	2692.23
685.422	3134.59
685.619	3335.29
685.815	3257.46
686.012	3003.52
686.209	3019.9
686.405	3017.85
686.602	3325.05
686.799	2579.59
686.996	2641.03
687.192	3226.75
687.389	3966.06
687.586	2765.95
687.782	2888.83
687.979	3732.59
688.175	3384.44
688.372	2811.01
688.568	3083.39
688.765	3236.99
688.962	3531.89
689.158	3128.44
689.355	2618.5
689.551	3261.56
689.748	3423.35
689.944	3046.52
690.14	2708.61
690.337	3300.47
690.533	3372.15
690.73	3034.24
690.926	2757.76
691.123	3142.78
691.319	3335.29
691.515	2581.64
691.712	3085.44
691.908	3196.03
692.104	3314.81
692.301	3046.52
692.497	2622.59
692.693	3388.53
692.889	3116.16
693.086	2964.61
693.282	2784.38
693.478	3294.33
693.674	3607.67
693.87	2899.07
694.067	2653.31
694.263	3243.13
694.459	3167.35
694.655	3032.19
694.851	2923.65
695.047	3302.52
695.243	3443.83
695.439	3017.85
695.635	2722.95
695.831	3277.94
696.027	3261.56
696.224	2784.38
696.42	3318.9
696.615	3566.71
696.811	3470.45
697.007	2651.27
697.203	2718.85
697.399	3417.21
697.595	3245.18
697.791	2661.51
697.987	2843.78
698.183	3001.47
698.379	3136.63
698.575	2903.17
698.77	2880.64
698.966	3353.72
699.162	3609.72
699.358	2854.02
699.554	2978.94
699.749	3527.8
699.945	3325.05
700.141	3142.78
700.337	2962.56
700.532	3048.57
700.728	3046.52
700.924	2417.8
701.119	2532.48
701.315	3310.71
701.511	3028.09
701.706	2880.64
701.902	2645.12
702.097	3292.28
702.293	3183.74
702.489	2772.1
702.684	2669.7
702.88	3556.47
703.075	3069.05
703.271	2923.65
703.466	2606.21
703.662	2983.04
703.857	3110.01
704.053	2698.37
704.248	2774.14
704.443	3452.02
704.639	3406.97
704.834	2872.45
705.03	2757.76
705.225	3193.98
705.42	3497.08
705.616	2954.37
705.811	2737.28
706.006	3196.03
706.202	3128.44
706.397	2858.11
706.592	2606.21
706.787	3404.92
706.983	3146.87
707.178	3210.36
707.373	2843.78
707.568	3206.27
707.763	3472.5
707.959	2610.31
708.154	2792.58
708.349	3181.69
708.544	3361.91
708.739	3214.46
708.934	2671.75
709.129	3476.6
709.324	3505.27
709.519	2600.07
709.714	2710.66
709.909	3259.51
710.104	3441.78
710.299	2753.66
710.494	2888.83
710.689	3185.79
710.884	3073.15
711.079	2864.25
711.274	2950.27
711.469	3329.14
711.664	3396.73
711.859	2815.1
712.054	2854.02
712.249	3404.92
712.443	3284.09
712.638	2624.64
712.833	2655.36
713.028	3136.63
713.223	3007.61
713.417	3150.97
713.612	2768
713.807	3492.98
714.002	4052.08
714.196	3052.67
714.391	2733.18
714.586	3282.04
714.78	3314.81
714.975	2665.6
715.17	2753.66
715.364	3083.39
715.559	3413.11
715.754	2299.02
715.948	2598.02
716.143	3800.18
716.337	3017.85
716.532	3146.87
716.726	2886.78
716.921	3259.51
717.115	3409.01
717.31	2544.77
717.504	3673.2
717.699	3218.55
717.893	3333.24
718.088	2446.47
718.282	2446.47
718.476	2915.45
718.671	3290.23
718.865	2587.78
719.059	2569.35
719.254	2894.97
719.448	3347.58
719.642	5200.99
719.837	2487.43
720.031	4789.35
720.225	3263.61
720.419	2722.95
720.614	2528.39
720.808	3095.68
721.002	2993.28
721.196	2702.47
721.39	2649.22
721.585	3263.61
721.779	3392.63
721.973	2700.42
722.167	2401.41
722.361	3067
722.555	3431.54
722.749	2575.49
722.943	2692.23
723.137	2821.25
723.331	3064.96
723.525	2591.88
723.719	2665.6
723.913	3144.83
724.107	3445.88
724.301	2436.23
724.495	2692.23
724.689	3681.39
724.883	3259.51
725.077	2571.4
725.271	2696.32
725.465	3249.27
725.659	2937.98
725.853	2733.18
726.046	2311.3
726.24	2763.9
726.434	3064.96
726.628	2681.99
726.822	2612.35
727.015	3259.51
727.209	3693.68
727.403	2667.65
727.596	2434.18
727.79	3157.11
727.984	3261.56
728.177	2524.29
728.371	2665.6
728.565	3136.63
728.758	2856.06
728.952	2507.91
729.146	2503.81
729.339	3191.93
729.533	2874.49
729.726	2598.02
729.92	2481.28
730.113	3249.27
730.307	3105.92
730.5	2620.55
730.694	2714.75
730.887	2991.23
731.081	2993.28
731.274	2249.86
731.468	2546.82
731.661	2974.85
731.854	2847.87
732.048	2518.15
732.241	2464.9
732.435	2827.39
732.628	2815.1
732.821	2763.9
733.014	2548.87
733.208	2954.37
733.401	3155.07
733.594	2626.69
733.788	2604.16
733.981	3093.63
734.174	3159.16
734.367	2415.75
734.56	2684.03
734.754	3310.71
734.947	3054.72
735.14	2432.13
735.333	2602.11
735.526	3464.31
735.719	2892.93
735.912	2583.68
736.105	2503.81
736.298	3181.69
736.491	3130.49
736.684	2469
736.877	2561.16
737.07	3492.98
737.263	3560.56
737.456	2626.69
737.649	2423.94
737.842	3200.12
738.035	3251.32
738.228	2653.31
738.421	2671.75
738.614	3220.6
738.807	3239.03
739	2274.44
739.192	2464.9
739.385	3200.12
739.578	3241.08
739.771	3017.85
739.964	2444.42
740.156	3271.8
740.349	3185.79
740.542	2897.02
740.735	2430.09
740.927	2720.9
741.12	2874.49
741.313	2157.71
741.505	2774.14
741.698	3161.21
741.891	3132.54
742.083	2860.16
742.276	2522.24
742.468	3312.76
742.661	3048.57
742.854	2456.71
743.046	2536.58
743.239	3040.38
743.431	3150.97
743.624	2548.87
743.816	2176.14
744.009	2905.21
744.201	3003.52
744.393	2798.72
744.586	2321.54
744.778	3210.36
744.971	3062.91
745.163	2509.96
745.355	2634.88
745.548	3026.04
745.74	3060.86
745.932	2526.34
746.125	2421.89
746.317	3404.92
746.509	3079.29
746.702	2602.11
746.894	2579.59
747.086	3171.45
747.278	3269.75
747.471	2851.97
747.663	2679.94
747.855	3026.04
748.047	3400.82
748.239	2524.29
748.431	2550.92
748.623	3456.12
748.815	3122.3
749.008	2331.78
749.2	2344.07
749.392	3083.39
749.584	3159.16
749.776	2714.75
749.968	2749.57
750.16	3226.75
750.352	2897.02
750.544	2741.38
750.736	2438.28
750.928	3048.57
751.12	3212.41
751.311	2479.24
751.503	2595.97
751.695	2962.56
751.887	3232.89
752.079	2258.06
752.271	2428.04
752.463	3490.93
752.654	3005.56
752.846	2444.42
753.038	2469
753.23	2724.99
753.421	3001.47
753.613	2557.06
753.805	2813.06
753.997	2958.46
754.188	3081.34
754.38	2466.95
754.572	2559.11
754.763	2751.62
754.955	2929.79
755.146	2661.51
755.338	2563.2
755.53	3220.6
755.721	3046.52
755.913	2161.8
756.104	2329.74
756.296	2757.76
756.487	3173.5
756.679	2239.62
756.87	2462.85
757.062	2886.78
757.253	2899.07
757.445	2438.28
757.636	2694.27
757.827	2866.3
758.019	3554.42
758.21	2243.72
758.401	2430.09
758.593	3464.31
758.784	3142.78
758.975	2239.62
759.167	2301.06
759.358	2817.15
759.549	3140.73
759.74	2370.69
759.932	2188.43
760.123	2897.02
760.314	2776.19
760.505	2469
760.696	2358.41
760.888	2927.74
761.079	2874.49
761.27	2296.97
761.461	2239.62
761.652	3093.63
761.843	2868.35
762.034	2518.15
762.225	3060.86
762.416	2841.73
762.607	2888.83
762.798	2274.44
762.989	2385.03
763.18	3953.77
763.371	2954.37
763.562	2393.22
763.753	2325.64
763.944	2862.21
764.135	2917.5
764.326	2696.32
764.517	2260.1
764.708	2868.35
764.899	2995.32
765.089	2219.14
765.28	2096.27
765.471	2598.02
765.662	2733.18
765.853	2442.37
766.043	2157.71
766.234	2913.41
766.425	2833.54
766.615	2225.29
766.806	2049.16
766.997	2923.65
767.187	2729.09
767.378	2213
767.569	2198.67
767.759	2622.59
767.95	2374.79
768.141	2469
768.331	2196.62
768.522	2794.62
768.712	3064.96
768.903	2092.17
769.093	2249.86
769.284	2849.92
769.474	2800.77
769.665	2022.54
769.855	1911.95
770.046	3019.9
770.236	2747.52
770.426	2428.04
770.617	2188.43
770.807	2464.9
770.998	2931.84
771.188	2481.28
771.378	2118.79
771.569	2835.58
771.759	2825.34
771.949	1967.24
772.139	1758.35
772.33	2716.8
772.52	2741.38
772.71	2208.9
772.9	1893.52
773.09	2708.61
773.281	3097.72
773.471	2077.83
773.661	2241.67
773.851	2663.55
774.041	2800.77
774.231	2073.74
774.421	2520.2
774.611	2921.6
774.802	2815.1
774.992	2155.66
775.182	1965.2
775.372	2733.18
775.562	3032.19
775.752	2135.18
775.942	2137.23
776.131	3093.63
776.321	2811.01
776.511	2030.73
776.701	2079.88
776.891	3052.67
777.081	2505.86
777.271	2200.71
777.461	2073.74
777.651	2796.67
777.84	2815.1
778.03	2280.58
778.22	2131.08
778.41	2667.65
778.599	2602.11
778.789	2229.38
778.979	2088.07
779.169	2526.34
779.358	2589.83
779.548	2530.44
779.738	1819.79
779.927	2653.31
780.117	2299.02
780.307	2051.21
780.496	1787.02
780.686	2684.03
780.875	3032.19
781.065	2020.49
781.254	2073.74
781.444	2634.88
781.633	2434.18
781.823	1965.2
782.012	2135.18
782.202	2409.61
782.391	2440.33
782.581	2026.64
782.77	2192.52
782.96	2704.51
783.149	2333.83
783.338	2088.07
783.528	1772.69
783.717	2763.9
783.906	2919.55
784.096	2217.1
784.285	1815.69
784.474	2466.95
784.663	2458.76
784.853	1944.72
785.042	2122.89
785.231	2593.92
785.42	2581.64
785.61	2360.45
785.799	1930.38
785.988	2708.61
786.177	2436.23
786.366	2108.55
786.555	2311.3
786.744	2600.07
786.933	2442.37
787.122	1766.54
787.312	1717.39
787.501	2438.28
787.69	2770.05
787.879	2000.01
788.068	1817.74
788.257	2204.81
788.445	2690.18
788.634	1946.76
788.823	1731.73
789.012	2796.67
789.201	2829.44
789.39	2077.83
789.579	1873.04
789.768	2669.7
789.957	2536.58
790.145	1840.27
790.334	1565.84
790.523	2147.47
790.712	2364.55
790.9	1948.81
791.089	1817.74
791.278	2618.5
791.467	2557.06
791.655	2477.19
791.844	2765.95
792.033	2440.33
792.221	2430.09
792.41	1950.86
792.599	1475.73
792.787	2548.87
792.976	2614.4
793.164	1651.86
793.353	1815.69
793.541	2700.42
793.73	2675.84
793.918	1899.66
794.107	1957
794.295	2503.81
794.484	2380.93
794.672	1909.9
794.861	1799.31
795.049	2491.52
795.238	2802.82
795.426	1686.67
795.614	1883.28
795.803	2661.51
795.991	2643.07
796.179	1807.5
796.368	1801.36
796.556	2522.24
796.744	2307.21
796.932	1821.84
797.121	1559.7
797.309	2303.11
797.497	2456.71
797.685	1862.8
797.874	1692.82
798.062	2360.45
798.25	2757.76
798.438	1641.62
798.626	1653.91
798.814	2497.67
799.002	2675.84
799.19	1946.76
799.378	2047.12
799.566	2450.57
799.755	2659.46
799.943	2208.9
800.131	1928.33
800.318	2395.27
800.506	2407.56
800.694	1674.39
800.882	2110.6
801.07	2667.65
801.258	2393.22
801.446	1856.65
801.634	2065.55
801.822	2434.18
802.01	2610.31
802.197	1678.48
802.385	2106.51
802.573	2669.7
802.761	2331.78
802.949	1754.26
803.136	1479.83
803.324	2569.35
803.512	2325.64
803.699	2067.6
803.887	1492.12
804.075	2555.01
804.262	2438.28
804.45	1784.98
804.638	2086.03
804.825	2120.84
805.013	2325.64
805.201	1848.46
805.388	1709.2
805.576	2399.37
805.763	2540.68
805.951	1981.58
806.138	2016.4
806.326	2778.24
806.513	2303.11
806.701	1754.26
806.888	1811.6
807.075	2475.14
807.263	2681.99
807.45	1729.68
807.638	2045.07
807.825	2663.55
808.012	2692.23
808.2	2028.68
808.387	2294.92
808.574	2526.34
808.761	2663.55
808.949	1705.1
809.136	1895.57
809.323	2366.6
809.51	2532.48
809.698	2225.29
809.885	2149.51
810.072	2747.52
810.259	2653.31
810.446	2034.83
810.633	1881.23
810.82	2544.77
811.008	2888.83
811.195	2206.86
811.382	1891.47
811.569	2671.75
811.756	2266.25
811.943	1891.47
812.13	1780.88
812.317	2481.28
812.504	2169.99
812.691	2020.49
812.878	2096.27
813.064	2884.73
813.251	2391.17
813.438	1764.5
813.625	2237.58
813.812	2378.89
813.999	2385.03
814.186	2092.17
814.372	2028.68
814.559	2722.95
814.746	2790.53
814.933	1727.63
815.12	1997.96
815.306	2425.99
815.493	2262.15
815.68	1774.74
815.866	1856.65
816.053	2550.92
816.24	2772.1
816.426	1885.33
816.613	1721.49
816.799	2436.23
816.986	2716.8
817.173	1928.33
817.359	1782.93
817.546	2520.2
817.732	2229.38
817.919	1547.41
818.105	2083.98
818.292	2573.44
818.478	2530.44
818.665	2215.05
818.851	1823.89
819.037	3171.45
819.224	2520.2
819.41	1627.28
819.597	1643.67
819.783	3144.83
819.969	2544.77
820.156	1877.13
820.342	1696.91
820.528	3808.37
820.714	2241.67
820.901	2186.38
821.087	1832.08
821.273	2620.55
821.459	2428.04
821.646	1836.17
821.832	1580.18
822.018	2501.76
822.204	2423.94
822.39	1746.06
822.576	1625.23
822.762	2512
822.948	2530.44
823.134	1991.82
823.32	1891.47
823.507	2079.88
823.693	2370.69
823.879	2522.24
824.065	1774.74
824.25	2139.27
824.436	2256.01
824.622	1680.53
824.808	1586.32
824.994	2323.59
825.18	2397.32
825.366	1555.6
825.552	1725.58
825.738	2505.86
825.923	2579.59
826.109	2108.55
826.295	1787.02
826.481	2233.48
826.667	2327.69
826.852	2069.64
827.038	1727.63
827.224	2643.07
827.409	2634.88
827.595	1586.32
827.781	2094.22
827.966	2675.84
828.152	2663.55
828.338	1762.45
828.523	1402.01
828.709	2335.88
828.894	2448.52
829.08	1758.35
829.266	1719.44
829.451	2278.54
829.637	2522.24
829.822	1995.92
830.008	1795.22
830.193	2276.49
830.378	2700.42
830.564	1973.39
830.749	1621.14
830.935	2319.5
831.12	2309.26
831.305	1518.74
831.491	1860.75
831.676	1799.31
831.861	2296.97
832.047	1739.92
832.232	1670.29
832.417	2323.59
832.602	2446.47
832.788	1760.4
832.973	1735.82
833.158	2258.06
833.343	2233.48
833.528	1819.79
833.714	1963.15
833.899	2161.8
834.084	2823.3
834.269	1920.14
834.454	1664.15
834.639	2184.33
834.824	2350.21
835.009	1877.13
835.194	1946.76
835.379	2505.86
835.564	2849.92
835.749	2086.03
835.934	1586.32
836.119	2491.52
836.304	2266.25
836.489	1635.47
836.674	2071.69
836.859	2100.36
837.044	2643.07
837.228	1684.62
837.413	1471.64
837.598	2319.5
837.783	2354.31
837.968	1653.91
838.152	1479.83
838.337	1610.9
838.522	2694.27
838.707	2483.33
838.891	1983.63
839.076	2184.33
839.261	2219.14
839.445	1877.13
839.63	1897.61
839.815	2655.36
839.999	2096.27
840.184	1778.83
840.368	1692.82
840.553	2397.32
840.737	2102.41
840.922	1451.16
841.106	1338.52
841.291	2024.59
841.475	2315.4
841.66	1594.51
841.844	1621.14
842.029	2849.92
842.213	2016.4
842.397	1778.83
842.582	1418.39
842.766	2317.45
842.951	2331.78
843.135	1545.36
843.319	1588.37
843.504	2327.69
843.688	2765.95
843.872	1250.46
844.056	1479.83
844.241	2198.67
844.425	1926.29
844.609	1772.69
844.793	1305.75
844.977	2299.02
845.161	2215.05
845.346	1299.61
845.53	1451.16
845.714	2176.14
845.898	2612.35
846.082	1328.28
846.266	1453.2
846.45	2055.31
846.634	2276.49
846.818	1406.1
847.002	1682.58
847.186	2229.38
847.37	1789.07
847.554	1395.86
847.738	1946.76
847.922	2172.04
848.106	2079.88
848.29	1445.01
848.473	1569.94
848.657	2159.75
848.841	1989.77
849.025	1488.02
849.209	1367.19
849.392	2225.29
849.576	1924.24
849.76	1191.06
849.944	1756.3
850.127	2387.08
850.311	1836.17
850.495	1440.92
850.678	1270.94
850.862	2036.88
851.046	2169.99
851.229	1952.91
851.413	1270.94
851.596	2450.57
851.78	1873.04
851.964	1680.53
852.147	1625.23
852.331	2528.39
852.514	2487.43
852.698	1522.84
852.881	1293.46
853.065	2020.49
853.248	1922.19
853.431	1621.14
853.615	1701.01
853.798	2864.25
853.982	2182.28
854.165	1660.05
854.348	1467.54
854.532	1836.17
854.715	1870.99
854.898	1385.62
855.081	1477.78
855.265	2563.2
855.448	2692.23
855.631	1389.72
855.814	1393.81
855.997	1883.28
856.181	2102.41
856.364	1553.55
856.547	1275.03
856.73	2217.1
856.913	2145.42
857.096	1369.24
857.279	1461.4
857.462	1914
857.645	2139.27
857.828	1668.24
858.011	1684.62
858.194	1827.98
858.377	2030.73
858.56	1395.86
858.743	1373.33
858.926	1866.89
859.109	1987.72
859.292	1379.48
859.475	1229.98
859.658	2051.21
859.841	2114.7
860.023	1287.32
860.206	1176.73
860.389	1858.7
860.572	2038.92
860.755	1389.72
860.937	1537.17
861.12	1772.69
861.303	1905.81
861.486	1453.2
861.668	1152.15
861.851	1649.81
862.034	2059.4
862.216	1668.24
862.399	1072.28
862.581	2083.98
862.764	2167.95
862.947	1369.24
863.129	1250.46
863.312	1537.17
863.494	2159.75
863.677	1885.33
863.859	1103
864.042	2014.35
864.224	1784.98
864.406	1547.41
864.589	1059.99
864.771	1762.45
864.954	1834.13
865.136	1305.75
865.318	1041.56
865.501	2573.44
865.683	1473.68
865.865	1211.54
866.048	1266.84
866.23	2153.61
866.412	1860.75
866.594	1092.76
866.777	1467.54
866.959	1619.09
867.141	1764.5
867.323	1737.87
867.505	1471.64
867.687	1651.86
867.869	1891.47
868.052	1123.48
868.234	1229.98
868.416	1692.82
868.598	2053.26
868.78	1193.11
868.962	1189.02
869.144	2135.18
869.326	1819.79
869.508	1318.04
869.69	1184.92
869.872	1594.51
870.054	2247.82
870.236	1035.42
870.417	1217.69
870.599	1698.96
870.781	2194.57
870.963	1598.61
871.145	1203.35
871.327	1672.34
871.508	2104.46
871.69	1254.55
871.872	1275.03
872.054	1655.95
872.235	1875.09
872.417	1371.29
872.599	953.5
872.78	2337.93
872.962	1813.65
873.144	998.56
873.325	1232.02
873.507	1954.96
873.689	1932.43
873.87	1125.53
874.052	1457.3
874.233	1711.25
874.415	2376.84
874.596	1320.09
874.778	1096.86
874.959	1764.5
875.141	2065.55
875.322	1176.73
875.503	1180.82
875.685	1770.64
875.866	1397.91
876.048	1162.39
876.229	1049.75
876.41	1621.14
876.592	1930.38
876.773	1131.67
876.954	994.46
877.136	2049.16
877.317	1760.4
877.498	1064.09
877.679	1356.95
877.86	1858.7
878.042	1703.06
878.223	1195.16
878.404	1815.69
878.585	1979.53
878.766	2307.21
878.947	1608.85
879.128	1463.44
879.309	1840.27
879.49	2159.75
879.672	1365.14
879.853	1324.18
880.034	1746.06
880.215	1954.96
880.396	1309.85
880.576	1234.07
880.757	1647.76
880.938	2272.39
881.119	1162.39
881.3	1291.41
881.481	1821.84
881.662	2675.84
881.843	1068.19
882.023	1041.56
882.204	2256.01
882.385	1778.83
882.566	1176.73
882.747	1100.95
882.927	1754.26
883.108	1860.75
883.289	1209.5
883.469	1432.72
883.65	1662.1
883.831	1795.22
884.011	1645.71
884.192	1256.6
884.373	1981.58
884.553	1856.65
884.734	1365.14
884.914	1735.82
885.095	3024
885.275	2131.08
885.456	1438.87
885.636	1111.19
885.817	1838.22
885.997	2020.49
886.178	1236.12
886.358	1416.34
886.538	1834.13
886.719	3456.12
886.899	1252.5
887.08	1336.47
887.26	2094.22
887.44	1594.51
887.621	1250.46
887.801	1469.59
887.981	2270.34
888.161	2176.14
888.342	1344.66
888.522	1291.41
888.702	2118.79
888.882	2116.75
889.062	1365.14
889.242	941.21
889.423	2194.57
889.603	2079.88
889.783	1393.81
889.963	1313.94
890.143	1830.03
890.323	2079.88
890.503	1264.79
890.683	1397.91
890.863	1741.97
891.043	1877.13
891.223	1361.05
891.403	1551.51
891.583	2004.11
891.763	2038.92
891.943	1541.27
892.122	1664.15
892.302	1821.84
892.482	1856.65
892.662	1565.84
892.842	1455.25
893.022	1766.54
893.201	1971.34
893.381	1424.53
893.561	1318.04
893.741	2016.4
893.92	1680.53
894.1	1594.51
894.28	1438.87
894.459	2141.32
894.639	1803.41
894.819	1252.5
894.998	1354.9
895.178	1967.24
895.357	1633.43
895.537	1189.02
895.716	1154.2
895.896	1653.91
896.075	2262.15
896.255	1336.47
896.434	930.97
896.614	2348.17
896.793	1975.44
896.973	1588.37
897.152	1512.6
897.331	1551.51
897.511	1836.17
897.69	1119.39
897.87	1404.05
898.049	1830.03
898.228	1655.95
898.407	1545.36
898.587	1434.77
898.766	1604.75
898.945	1930.38
899.124	1684.62
899.304	1311.89
899.483	2004.11
899.662	2247.82
899.841	1131.67
900.02	1127.58
900.199	1981.58
900.378	1797.26
900.557	1156.25
900.737	1078.43
900.916	1686.67
901.095	1750.16
901.274	1430.68
901.453	1029.27
901.632	1467.54
901.811	1528.98
901.989	1080.47
902.168	1000.6
902.347	1854.61
902.526	1531.03
902.705	1168.54
902.884	1414.29
903.063	2012.3
903.242	1936.53
903.42	1094.81
903.599	1356.95
903.778	1774.74
903.957	2108.55
904.135	1397.91
904.314	1180.82
904.493	1791.12
904.672	1543.32
904.85	1242.26
905.029	1166.49
905.207	1606.8
905.386	2215.05
905.565	859.29
905.743	1012.89
905.922	1721.49
906.1	1686.67
906.279	836.77
906.457	1133.72
906.636	1463.44
906.814	1578.13
906.993	1072.28
907.171	912.54
907.35	1500.31
907.528	1983.63
907.707	1434.77
907.885	951.45
908.063	1696.91
908.242	1420.44
908.42	1049.75
908.598	746.66
908.777	1670.29
908.955	1356.95
909.133	1158.3
909.311	849.05
909.49	1209.5
909.668	1438.87
909.846	947.36
910.024	752.8
910.202	1402.01
910.38	1647.76
910.559	851.1
910.737	1111.19
910.915	1496.21
911.093	1430.68
911.271	955.55
911.449	1166.49
911.627	1500.31
911.805	2307.21
911.983	939.16
912.161	808.09
912.339	1367.19
912.517	1873.04
912.695	1238.17
912.872	1213.59
913.05	1645.71
913.228	1703.06
913.406	1070.23
913.584	961.69
913.762	1881.23
913.939	1668.24
914.117	1000.6
914.295	986.27
914.473	1397.91
914.65	1934.48
914.828	1119.39
915.006	973.98
915.184	1545.36
915.361	1762.45
915.539	1129.63
915.716	1346.71
915.894	1533.08
916.072	1686.67
916.249	1586.32
916.427	1320.09
916.604	1488.02
916.782	1651.86
916.959	963.74
917.137	1072.28
917.314	1506.45
917.492	1639.57
917.669	1277.08
917.847	1143.96
918.024	1428.63
918.201	1160.34
918.379	1111.19
918.556	1045.66
918.733	1590.42
918.911	1309.85
919.088	1313.94
919.265	947.36
919.442	1580.18
919.62	1658
919.797	1039.51
919.974	855.2
920.151	1735.82
920.328	1500.31
920.506	957.6
920.683	1588.37
920.86	1320.09
921.037	1475.73
921.214	1207.45
921.391	965.79
921.568	1553.55
921.745	1387.67
921.922	1156.25
922.099	1031.32
922.276	1467.54
922.453	1438.87
922.63	857.25
922.807	1369.24
922.984	1571.99
923.161	1350.81
923.338	1086.62
923.514	885.92
923.691	1559.7
923.868	1668.24
924.045	951.45
924.222	908.44
924.399	1502.36
924.575	1545.36
924.752	1170.58
924.929	1080.47
925.105	1434.77
925.282	1184.92
925.459	1170.58
925.635	1049.75
925.812	1676.43
925.989	1326.23
926.165	1119.39
926.342	785.57
926.518	1412.25
926.695	1258.65
926.871	855.2
927.048	890.01
927.224	1664.15
927.401	1219.74
927.577	1105.05
927.754	683.17
927.93	1672.34
928.107	1569.94
928.283	847.01
928.459	1170.58
928.636	1488.02
928.812	1289.37
928.988	773.28
929.165	599.2
929.341	1201.3
929.517	1318.04
929.693	1338.52
929.87	535.71
930.046	1518.74
930.222	1172.63
930.398	697.5
930.574	1043.61
930.751	1150.11
930.927	1299.61
931.103	894.11
931.279	990.36
931.455	1215.64
931.631	1424.53
931.807	685.22
931.983	650.4
932.159	1037.47
932.335	1301.65
932.511	812.19
932.687	847.01
932.863	1053.85
933.039	1332.37
933.215	705.7
933.391	603.3
933.566	1236.12
933.742	1260.7
933.918	767.13
934.094	519.33
934.27	1143.96
934.445	971.93
934.621	992.41
934.797	701.6
934.973	1254.55
935.148	945.31
935.324	562.34
935.5	396.45
935.675	1295.51
935.851	1146.01
936.027	769.18
936.202	869.53
936.378	1301.65
936.553	973.98
936.729	1373.33
936.904	701.6
937.08	834.72
937.255	922.78
937.431	631.97
937.606	461.99
937.782	801.95
937.957	1127.58
938.133	681.12
938.308	605.35
938.483	949.4
938.659	638.11
938.834	783.52
939.009	363.69
939.185	976.03
939.36	666.78
939.535	138.41
939.71	584.87
939.886	1229.98
940.061	943.26
940.236	949.4
940.411	504.99
940.586	912.54
940.761	1016.99
940.937	588.96
941.112	300.2
941.287	705.7
941.462	779.42
941.637	203.94
941.812	394.4
941.987	677.02
942.162	636.06
942.337	486.56
942.512	304.29
942.687	1068.19
942.862	820.38
943.037	212.14
943.212	70.83
943.386	591.01
943.561	726.18
943.736	615.59
943.911	1019.04
944.086	1016.99
944.26	797.85
944.435	238.76
944.61	451.75
944.785	881.82
944.959	1279.13
945.134	343.21
945.309	369.83
945.483	496.8
945.658	920.73
945.833	46.25
946.007	189.61
946.182	1123.48
946.357	660.64
946.531	285.86
946.706	326.82
946.88	421.03
947.055	826.53
947.229	341.16
947.404	183.46
947.578	926.88
947.752	750.75
947.927	251.05
948.101	50.35
948.276	1234.07
948.45	808.09
948.624	750.75
948.799	396.45
948.973	730.27
949.147	568.48
949.321	416.93
949.496	294.05
949.67	1068.19
949.844	595.11
950.018	398.5
950.193	292.01
950.367	1365.14
950.541	627.87
950.715	412.84
950.889	541.86
951.063	664.74
951.237	873.63
951.411	195.75
951.585	99.5
951.759	924.83
951.933	871.58
952.107	382.12
952.281	588.96
952.455	1119.39
952.629	879.77
952.803	353.45
952.977	320.68
953.151	912.54
953.325	685.22
953.499	578.72
953.672	113.83
953.846	588.96
954.02	752.8
954.194	318.63
954.368	263.33
954.541	992.41
954.715	804
954.889	437.41
955.062	134.31
955.236	515.23
955.41	732.32
955.583	636.06
955.757	146.6
955.93	787.61
956.104	697.5
956.278	328.87
956.451	367.78
956.625	892.06
956.798	1143.96
956.972	668.83
957.145	140.46
957.319	1156.25
957.492	801.95
957.665	593.06
957.839	285.86
958.012	734.37
958.185	603.3
958.359	416.93
958.532	601.25
958.705	820.38
958.879	652.45
959.052	476.32
959.225	179.37
959.398	726.18
959.572	900.25
959.745	226.47
959.918	357.54
960.091	865.44
960.264	967.84
960.438	255.14
960.611	294.05
960.784	1105.05
960.957	541.86
961.13	928.92
961.303	265.38
961.476	695.46
961.649	1193.11
961.822	150.7
961.995	562.34
962.168	693.41
962.341	971.93
962.514	337.06
962.686	285.86
962.859	820.38
963.032	959.64
963.205	373.92
963.378	23.72
963.551	713.89
963.723	525.47
963.896	537.76
964.069	656.54
964.242	783.52
964.414	1363.09
964.587	519.33
964.76	578.72
964.932	754.85
965.105	709.79
965.278	318.63
965.45	242.85
965.623	873.63
965.795	842.91
965.968	398.5
966.14	326.82
966.313	799.9
966.485	740.51
966.658	312.49
966.83	296.1
967.003	900.25
967.175	941.21
967.348	289.96
967.52	335.01
967.692	1232.02
967.865	1059.99
968.037	558.24
968.209	734.37
968.382	963.74
968.554	896.16
968.726	388.26
968.898	316.58
969.071	1055.9
969.243	781.47
969.415	445.6
969.587	631.97
969.759	1184.92
969.932	771.23
970.104	439.46
970.276	66.73
970.448	593.06
970.62	629.92
970.792	552.1
970.964	488.61
971.136	1180.82
971.308	795.81
971.48	285.86
971.652	261.29
971.824	1076.38
971.996	720.03
972.168	384.16
972.339	345.25
972.511	824.48
972.683	816.29
972.855	662.69
973.027	228.52
973.199	1037.47
973.37	1008.8
973.542	496.8
973.714	552.1
973.886	455.84
974.057	859.29
974.229	316.58
974.401	402.6
974.572	548
974.744	527.52
974.915	171.18
975.087	343.21
975.259	1074.33
975.43	509.09
975.602	273.57
975.773	169.13
975.945	484.52
976.116	883.87
976.288	201.9
976.459	619.68
976.63	580.77
976.802	758.94
976.973	179.37
977.145	517.28
977.316	1309.85
977.487	1551.51
977.659	570.53
977.83	343.21
978.001	1094.81
978.172	916.64
978.344	148.65
978.515	406.69
978.686	531.62
978.857	1064.09
979.028	275.62
979.2	173.22
979.371	1029.27
979.542	611.49
979.713	537.76
979.884	-17.24
980.055	631.97
980.226	795.81
980.397	193.7
980.568	156.84
980.739	779.42
980.91	545.95
981.081	550.05
981.252	312.49
981.423	617.63
981.594	701.6
981.765	154.79
981.936	515.23
982.106	562.34
982.277	955.55
982.448	173.22
982.619	541.86
982.79	453.8
982.96	724.13
983.131	433.32
983.302	1.19
983.472	543.91
983.643	789.66
983.814	343.21
983.984	212.14
984.155	629.92
984.326	746.66
984.496	357.54
984.667	373.92
984.837	400.55
985.008	1094.81
985.178	736.42
985.349	353.45
985.519	619.68
985.69	410.79
985.86	158.89
986.031	126.12
986.201	730.27
986.371	681.12
986.542	46.25
986.712	-70.48
986.882	695.46
987.053	619.68
987.223	136.36
987.393	574.63
987.563	525.47
987.734	779.42
987.904	769.18
988.074	124.07
988.244	373.92
988.414	644.26
988.585	48.3
988.755	330.92
988.925	570.53
989.095	969.88
989.265	124.07
989.435	275.62
989.605	771.23
989.775	885.92
989.945	732.32
990.115	-9.05
990.285	572.58
990.455	582.82
990.625	382.12
990.795	115.88
990.965	965.79
991.134	523.43
991.304	70.83
991.474	115.88
991.644	597.15
991.814	953.5
991.984	-52.05
992.153	158.89
992.323	453.8
992.493	775.33
992.662	-97.11
992.832	302.25
993.002	443.56
993.171	769.18
993.341	-13.14
993.511	152.74
993.68	484.52
993.85	662.69
994.019	-93.01
994.189	31.91
994.358	593.06
994.528	441.51
994.697	-244.56
994.867	-2.9
995.036	847.01
995.206	394.4
995.375	-56.15
995.544	281.77
995.714	941.21
995.883	593.06
996.052	369.83
996.222	-289.62
996.391	937.12
996.56	576.67
996.73	-2.9
996.899	-195.41
997.068	898.2
997.237	615.59
997.406	58.54
997.576	-113.49
997.745	879.77
997.914	550.05
998.083	-205.65
998.252	15.53
998.421	677.02
998.59	347.3
998.759	-17.24
998.928	-254.8
999.097	713.89
999.266	595.11
999.435	310.44
999.604	-314.19
999.773	814.24
999.942	511.14
1000.111	-244.56
1000.28	-252.75
1000.448	404.64
1000.617	363.69
1000.786	396.45
1000.955	-162.64
1001.124	750.75
1001.292	1057.95
1001.461	60.59
1001.63	-125.78
1001.798	668.83
1001.967	568.48
1002.136	-170.83
1002.304	-117.59
1002.473	771.23
1002.642	439.46
1002.81	64.68
1002.979	-35.67
1003.147	752.8
1003.316	648.35
1003.484	-70.48
1003.653	1.19
1003.821	564.39
1003.99	394.4
1004.158	337.06
1004.327	148.65
1004.495	621.73
1004.663	457.89
1004.832	152.74
1005	-256.85
1005.168	513.19
1005.337	341.16
1005.505	-281.43
1005.673	232.62
1005.842	679.07
1006.01	345.25
1006.178	-271.19
1006.346	48.3
1006.514	447.65
1006.683	892.06
1006.851	-131.92
1007.019	226.47
1007.187	396.45
1007.355	99.5
1007.523	-385.87
1007.691	-310.1
1007.859	273.57
1008.027	967.84
1008.195	-150.36
1008.363	-211.79
1008.531	353.45
1008.699	388.26
1008.867	-381.78
1009.035	-97.11
1009.203	892.06
1009.37	386.21
1009.538	-166.74
1009.706	787.61
1009.874	386.21
1010.042	459.94
1010.209	-269.14
1010.377	-211.79
1010.545	576.67
1010.713	474.28
1010.88	-168.79
1011.048	-211.79
1011.216	349.35
1011.383	730.27
1011.551	-215.89
1011.718	-262.99
1011.886	525.47
1012.054	597.15
1012.221	-267.09
1012.389	-297.81
1012.556	427.17
1012.724	627.87
1012.891	17.58
1013.058	-377.68
1013.226	507.04
1013.393	537.76
1013.561	-359.25
1013.728	-426.83
1013.895	650.4
1014.063	455.84
1014.23	-342.86
1014.397	-140.12
1014.565	591.01
1014.732	306.34
1014.899	-316.24
1015.066	-277.33
1015.233	681.12
1015.401	578.72
1015.568	-207.7
1015.735	44.2
1015.902	654.5
1016.069	644.26
1016.236	-119.64
1016.403	-394.06
1016.57	95.4
1016.737	904.35
1016.904	-131.92
1017.071	-377.68
1017.238	201.9
1017.405	400.55
1017.572	-54.1
1017.739	152.74
1017.906	996.51
1018.073	828.57
1018.24	-334.67
1018.407	-80.72
1018.573	502.95
1018.74	474.28
1018.907	-129.88
1019.074	-467.79
1019.241	515.23
1019.407	322.73
1019.574	-207.7
1019.741	-308.05
1019.907	781.47
1020.074	885.92
1020.241	-473.93
1020.407	-389.97
1020.574	349.35
1020.74	220.33
1020.907	-240.47
1021.073	-240.47
1021.24	1053.85
1021.406	533.67
1021.573	-432.97
1021.739	-426.83
1021.906	849.05
1022.072	330.92
1022.239	-322.38
1022.405	-148.31
1022.571	521.38
1022.738	367.78
1022.904	-297.81
1023.07	-109.4
1023.237	332.97
1023.403	603.3
1023.569	-187.22
1023.735	-140.12
1023.902	480.42
1024.068	459.94
1024.234	-473.93
1024.4	-254.8
1024.566	259.24
1024.732	435.36
1024.898	-219.99
1025.065	-543.57
1025.231	294.05
1025.397	144.55
1025.563	-181.07
1025.729	-424.78
1025.895	-88.92
1026.061	171.18
1026.227	-486.22
1026.392	-156.5
1026.558	472.23
1026.724	574.63
1026.89	-256.85
1027.056	-93.01
1027.222	191.66
1027.388	382.12
1027.553	-265.04
1027.719	-338.77
1027.885	828.57
1028.051	345.25
1028.216	-473.93
1028.382	-248.66
1028.548	455.84
1028.713	335.01
1028.879	-416.59
1029.045	-35.67
1029.21	660.64
1029.376	472.23
1029.541	-199.51
1029.707	-207.7
1029.873	611.49
1030.038	570.53
1030.204	-334.67
1030.369	-316.24
1030.534	408.74
1030.7	107.69
1030.865	-172.88
1031.031	-359.25
1031.196	300.2
1031.361	384.16
1031.527	-320.34
1031.692	-306
1031.857	38.06
1032.023	478.37
1032.188	-326.48
1032.353	-328.53
1032.518	605.35
1032.684	265.38
1032.849	-486.22
1033.014	-144.21
1033.179	210.09
1033.344	459.94
1033.509	-84.82
1033.674	-224.08
1033.839	396.45
1034.004	423.08
1034.17	-215.89
1034.335	-355.15
1034.5	216.23
1034.664	175.27
1034.829	-250.71
1034.994	-140.12
1035.159	136.36
1035.324	416.93
1035.489	-248.66
1035.654	-338.77
1035.819	1062.04
1035.984	275.62
1036.148	-224.08
1036.313	-195.41
1036.478	494.76
1036.643	201.9
1036.807	-447.31
1036.972	-424.78
1037.137	769.18
1037.301	234.66
1037.466	-510.8
1037.631	-105.3
1037.795	380.07
1037.96	234.66
1038.124	-7
1038.289	-435.02
1038.454	224.42
1038.618	541.86
1038.783	-181.07
1038.947	-164.69
1039.111	152.74
1039.276	320.68
1039.44	-297.81
1039.605	566.43
1039.769	220.33
1039.933	234.66
1040.098	-117.59
1040.262	119.98
1040.426	464.04
1040.591	373.92
1040.755	-273.23
1040.919	-256.85
1041.083	603.3
1041.248	148.65
1041.412	-592.72
1041.576	-346.96
1041.74	253.09
1041.904	345.25
1042.068	-322.38
1042.232	-197.46
1042.397	742.56
1042.561	359.59
1042.725	-562
1042.889	-172.88
1043.053	398.5
1043.217	212.14
1043.381	-224.08
1043.544	-445.26
1043.708	367.78
1043.872	246.95
1044.036	-557.9
1044.2	-473.93
1044.364	672.93
1044.528	611.49
1044.691	5012.57
1044.855	-410.45
1045.019	414.88
1045.183	412.84
1045.346	-209.75
1045.51	-428.88
1045.674	498.85
1045.837	265.38
1046.001	-219.99
1046.165	-195.41
1046.328	855.2
1046.492	203.94
1046.655	-9.05
1046.819	-195.41
1046.983	269.48
1047.146	165.03
1047.31	-170.83
1047.473	-553.8
1047.636	226.47
1047.8	138.41
1047.963	-228.18
1048.127	-383.82
1048.29	74.92
