345.52	-1307.46
345.736	-1307.46
345.952	-1307.46
346.168	-1305.41
346.384	-1289.03
346.6	-267.09
346.816	-277.33
347.032	-187.22
347.248	541.86
347.464	-303.95
347.68	-195.41
347.896	-17.24
348.112	353.45
348.328	-168.79
348.544	81.07
348.76	234.66
348.975	205.99
349.191	-322.38
349.407	-385.87
349.623	324.77
349.839	152.74
350.055	-226.13
350.27	23.72
350.486	203.94
350.702	244.9
350.918	414.88
351.133	-43.86
351.349	187.56
351.565	529.57
351.781	-396.11
351.996	27.82
352.212	193.7
352.428	158.89
352.644	-246.61
352.859	-197.46
353.075	328.87
353.291	261.29
353.506	-97.11
353.722	-461.65
353.938	-56.15
354.153	515.23
354.369	259.24
354.584	-260.95
354.8	279.72
355.016	-60.24
355.231	-349.01
355.447	-90.96
355.662	437.41
355.878	795.81
356.093	-361.3
356.309	3.24
356.524	-37.72
356.74	498.85
356.955	-381.78
357.171	-41.81
357.386	251.05
357.602	19.63
357.817	-72.53
358.033	-80.72
358.248	435.36
358.464	257.19
358.679	-150.36
358.895	-387.92
359.11	146.6
359.325	187.56
359.541	222.38
359.756	-37.72
359.972	-150.36
360.187	494.76
360.402	-306
360.618	-174.93
360.833	1672.34
361.048	294.05
361.264	-176.98
361.479	27.82
361.694	226.47
361.909	296.1
362.125	-199.51
362.34	-117.59
362.555	402.6
362.77	312.49
362.986	-363.34
363.201	-203.6
363.416	271.53
363.631	152.74
363.847	-271.19
364.062	-183.12
364.277	226.47
364.492	107.69
364.707	-246.61
364.922	-404.3
365.138	261.29
365.353	347.3
365.568	-336.72
365.783	-84.82
365.998	482.47
366.213	769.18
366.428	-289.62
366.643	269.48
366.858	396.45
367.073	404.64
367.288	-113.49
367.503	-279.38
367.718	179.37
367.933	576.67
368.148	-215.89
368.363	17.58
368.578	314.53
368.793	679.07
369.008	-43.86
369.223	-316.24
369.438	457.89
369.653	349.35
369.868	-369.49
370.083	-291.66
370.298	382.12
370.513	660.64
370.728	296.1
370.943	-170.83
371.157	160.94
371.372	760.99
371.587	-344.91
371.802	-260.95
372.017	197.8
372.232	662.69
372.446	101.55
372.661	-179.03
372.876	375.97
373.091	400.55
373.306	-47.96
373.52	-379.73
373.735	130.22
373.95	758.94
374.165	-84.82
374.379	-138.07
374.594	27.82
374.809	556.19
375.023	232.62
375.238	-265.04
375.453	369.83
375.667	54.44
375.882	-164.69
376.097	-193.36
376.311	124.07
376.526	406.69
376.741	-215.89
376.955	330.92
377.17	580.77
377.384	1100.95
377.599	156.84
377.813	-322.38
378.028	949.4
378.242	402.6
378.457	15.53
378.672	-258.9
378.886	119.98
379.101	281.77
379.315	-355.15
379.53	-52.05
379.744	531.62
379.958	310.44
380.173	-133.97
380.387	-201.55
380.602	562.34
380.816	214.18
381.031	5.29
381.245	-58.2
381.459	308.39
381.674	3400.82
381.888	-316.24
382.103	439.46
382.317	236.71
382.531	548
382.746	70.83
382.96	-146.26
383.174	259.24
383.388	847.01
383.603	306.34
383.817	-291.66
384.031	300.2
384.246	615.59
384.46	87.21
384.674	959.64
384.888	160.94
385.103	459.94
385.317	-201.55
385.531	255.14
385.745	1041.56
385.959	642.21
386.174	-150.36
386.388	-60.24
386.602	406.69
386.816	201.9
387.03	-13.14
387.244	44.2
387.458	496.8
387.672	605.35
387.887	-297.81
388.101	-125.78
388.315	562.34
388.529	398.5
388.743	-35.67
388.957	-76.63
389.171	713.89
389.385	212.14
389.599	-45.91
389.813	193.7
390.027	373.92
390.241	1078.43
390.455	42.15
390.669	165.03
390.883	300.2
391.097	881.82
391.311	466.08
391.525	48.3
391.738	677.02
391.952	734.37
392.166	275.62
392.38	-240.47
392.594	660.64
392.808	660.64
393.022	150.7
393.236	138.41
393.449	474.28
393.663	783.52
393.877	-27.48
394.091	191.66
394.305	373.92
394.518	304.29
394.732	-39.76
394.946	146.6
395.16	1000.6
395.373	416.93
395.587	-117.59
395.801	122.02
396.015	664.74
396.228	599.2
396.442	-11.09
396.656	-170.83
396.869	754.85
397.083	1148.06
397.297	177.32
397.51	62.63
397.724	670.88
397.938	603.3
398.151	-129.88
398.365	-35.67
398.578	650.4
398.792	853.15
399.005	447.65
399.219	9.39
399.433	552.1
399.646	847.01
399.86	464.04
400.073	562.34
400.287	636.06
400.5	629.92
400.714	443.56
400.927	324.77
401.141	785.57
401.354	2143.37
401.567	961.69
401.781	42.15
401.994	705.7
402.208	1229.98
402.421	259.24
402.635	234.66
402.848	388.26
403.061	822.43
403.275	380.07
403.488	185.51
403.701	959.64
403.915	1078.43
404.128	500.9
404.341	185.51
404.555	1059.99
404.768	464.04
404.981	613.54
405.195	304.29
405.408	879.77
405.621	832.67
405.834	646.3
406.048	113.83
406.261	941.21
406.474	933.02
406.687	199.85
406.9	468.13
407.114	840.86
407.327	971.93
407.54	117.93
407.753	72.87
407.966	550.05
408.179	859.29
408.392	263.33
408.605	105.64
408.819	922.78
409.032	922.78
409.245	316.58
409.458	646.3
409.671	713.89
409.884	1019.04
410.097	222.38
410.31	613.54
410.523	1174.68
410.736	728.22
410.949	369.83
411.162	365.73
411.375	1029.27
411.588	900.25
411.801	707.74
412.014	244.9
412.227	756.9
412.44	849.05
412.653	406.69
412.865	818.33
413.078	1062.04
413.291	1062.04
413.504	537.76
413.717	265.38
413.93	1082.52
414.143	640.16
414.356	591.01
414.568	171.18
414.781	1057.95
414.994	1006.75
415.207	650.4
415.42	566.43
415.632	1062.04
415.845	1432.72
416.058	214.18
416.271	382.12
416.483	1053.85
416.696	1234.07
416.909	474.28
417.121	472.23
417.334	896.16
417.547	1184.92
417.759	423.08
417.972	429.22
418.185	963.74
418.397	1016.99
418.61	591.01
418.823	390.31
419.035	1408.15
419.248	1103
419.46	595.11
419.673	740.51
419.885	916.64
420.098	1031.32
420.311	595.11
420.523	275.62
420.736	1207.45
420.948	1086.62
421.161	572.58
421.373	435.36
421.586	924.83
421.798	775.33
422.01	359.59
422.223	973.98
422.435	808.09
422.648	1406.1
422.86	619.68
423.073	658.59
423.285	1086.62
423.497	894.11
423.71	601.25
423.922	621.73
424.134	1315.99
424.347	1555.6
424.559	1072.28
424.771	1121.43
424.984	1217.69
425.196	1258.65
425.408	468.13
425.621	566.43
425.833	1356.95
426.045	1637.52
426.257	570.53
426.47	824.48
426.682	1234.07
426.894	1133.72
427.106	711.84
427.318	898.2
427.531	1098.91
427.743	1387.67
427.955	1053.85
428.167	1604.75
428.379	1182.87
428.591	1246.36
428.804	1002.65
429.016	818.33
429.228	1324.18
429.44	1389.72
429.652	14554.06
429.864	750.75
430.076	1375.38
430.288	1359
430.5	1037.47
430.712	1055.9
430.924	1395.86
431.136	1684.62
431.348	799.9
431.56	873.63
431.772	1172.63
431.984	1160.34
432.196	896.16
432.408	1090.71
432.62	1344.66
432.832	1741.97
433.044	1346.71
433.256	1193.11
433.468	1584.27
433.679	1090.71
433.891	812.19
434.103	1369.24
434.315	2069.64
434.527	1647.76
434.739	1338.52
434.95	1211.54
435.162	1658
435.374	1256.6
435.586	1225.88
435.798	1094.81
436.009	1512.6
436.221	1451.16
436.433	1148.06
436.645	1127.58
436.856	1481.88
437.068	1854.61
437.28	1260.7
437.491	1574.03
437.703	1813.65
437.915	1682.58
438.126	1279.13
438.338	1748.11
438.55	1551.51
438.761	1633.43
438.973	1350.81
439.184	1301.65
439.396	1789.07
439.608	1856.65
439.819	1240.22
440.031	1469.59
440.242	1983.63
440.454	1969.29
440.665	1359
440.877	1557.65
441.088	2061.45
441.3	1875.09
441.511	1232.02
441.723	1422.48
441.934	2129.03
442.146	2026.64
442.357	1633.43
442.569	2094.22
442.78	2063.5
442.991	2546.82
443.203	2038.92
443.414	1387.67
443.626	2294.92
443.837	1848.46
444.048	1602.71
444.26	1299.61
444.471	2112.65
444.682	2049.16
444.894	1414.29
445.105	1422.48
445.316	2344.07
445.528	2172.04
445.739	1705.1
445.95	1787.02
446.161	2002.06
446.373	2247.82
446.584	1637.52
446.795	1746.06
447.006	2417.8
447.217	2446.47
447.429	1522.84
447.64	1459.35
447.851	2835.58
448.062	2296.97
448.273	1422.48
448.484	1682.58
448.695	2282.63
448.907	2219.14
449.118	1782.93
449.329	2090.12
449.54	2069.64
449.751	2038.92
449.962	1660.05
450.173	1676.43
450.384	2294.92
450.595	2688.13
450.806	1666.19
451.017	1932.43
451.228	2634.88
451.439	2432.13
451.65	1934.48
451.861	1483.92
452.072	2352.26
452.283	2442.37
452.494	2374.79
452.705	2069.64
452.915	3038.33
453.126	2512
453.337	2174.09
453.548	1973.39
453.759	3032.19
453.97	2909.31
454.181	2681.99
454.391	2194.57
454.602	2620.55
454.813	3003.52
455.024	2225.29
455.235	2186.38
455.445	2952.32
455.656	2749.57
455.867	2522.24
456.078	2350.21
456.288	2606.21
456.499	2909.31
456.71	2081.93
456.921	2684.03
457.131	2737.28
457.342	2696.32
457.553	2430.09
457.763	2368.65
457.974	2827.39
458.184	2825.34
458.395	2256.01
458.606	2262.15
458.816	3333.24
459.027	3417.21
459.237	2851.97
459.448	2397.32
459.659	3052.67
459.869	3892.34
460.08	2235.53
460.29	2868.35
460.501	3458.17
460.711	3263.61
460.922	2462.85
461.132	2741.38
461.343	4068.46
461.553	3077.24
461.764	2612.35
461.974	2784.38
462.184	3306.62
462.395	3699.83
462.605	2960.51
462.816	2591.88
463.026	3607.67
463.236	3456.12
463.447	2849.92
463.657	3017.85
463.867	3732.59
464.078	3480.69
464.288	3044.48
464.498	3110.01
464.709	3789.94
464.919	3708.02
465.129	3210.36
465.339	2997.37
465.55	3695.73
465.76	4064.36
465.97	3318.9
466.18	3253.37
466.391	4181.1
466.601	3834.99
466.811	3581.04
467.021	3316.86
467.231	4476.01
467.441	4158.57
467.651	3560.56
467.862	3101.82
468.072	4183.15
468.282	4209.77
468.492	3607.67
468.702	3871.86
468.912	4340.84
469.122	5119.07
469.332	4299.88
469.542	3878
469.752	4930.66
469.962	4510.82
470.172	3855.47
470.382	4160.62
470.592	5018.72
470.802	4848.74
471.012	4465.77
471.222	4389.99
471.432	4981.85
471.642	5145.69
471.852	4705.38
472.062	4506.73
472.272	4957.28
472.482	4844.64
472.691	4770.91
472.901	4502.63
473.111	5035.1
473.321	6036.56
473.531	4641.89
473.741	5039.2
473.95	5690.45
474.16	5510.23
474.37	5409.88
474.58	4983.9
474.79	6333.51
474.999	5829.71
475.209	5325.91
475.419	5497.94
475.628	6026.32
475.838	6290.51
476.048	5708.88
476.258	5420.12
476.467	6523.98
476.677	6181.96
476.886	6132.81
477.096	6116.43
477.306	6222.92
477.515	6636.61
477.725	6239.31
477.935	6261.84
478.144	7308.35
478.354	6763.59
478.563	6429.77
478.773	6220.88
478.982	7105.6
479.192	7013.44
479.401	6503.5
479.611	6700.1
479.82	6927.42
480.03	7402.55
480.239	6827.07
480.449	6646.85
480.658	7676.98
480.868	7439.42
481.077	7312.44
481.287	7134.27
481.496	7631.93
481.705	8184.88
481.915	7701.56
482.124	7793.72
482.333	8037.42
482.543	8367.15
482.752	7904.31
482.961	7576.63
483.171	8510.5
483.38	8174.64
483.589	7910.45
483.799	7967.79
484.008	8430.63
484.217	8338.48
484.426	8172.59
484.636	8207.41
484.845	8758.31
485.054	8381.48
485.263	8924.19
485.472	8309.8
485.682	9305.12
485.891	8954.91
486.1	8191.02
486.309	8897.57
486.518	9499.67
486.727	10265.61
486.936	8901.67
487.146	9143.33
487.355	9849.88
487.564	9479.19
487.773	9083.94
487.982	9131.04
488.191	9829.4
488.4	10112.02
488.609	9589.78
488.818	9446.43
489.027	10343.44
489.236	10540.04
489.445	9763.86
489.654	9622.55
489.863	10935.3
490.072	10537.99
490.281	10478.6
490.49	10187.79
490.698	10918.92
490.907	11262.97
491.116	10224.65
491.325	10445.84
491.534	11158.53
491.743	10798.09
491.952	10458.12
492.16	10673.16
492.369	11174.91
492.578	11525.11
492.787	10910.72
492.996	10589.19
493.204	11293.69
493.413	12000.24
493.622	11058.18
493.831	10777.61
494.039	12284.91
494.248	11543.55
494.457	11248.64
494.665	10923.01
494.874	12270.58
495.083	12469.23
495.291	11174.91
495.5	11348.99
495.709	12420.08
495.917	11977.72
496.126	11772.92
496.335	11621.37
496.543	12284.91
496.752	12508.14
496.96	12127.22
497.169	11647.99
497.377	12465.13
497.586	12506.09
497.794	12190.7
498.003	11789.3
498.211	12815.34
498.42	12782.57
498.628	12317.68
498.837	12258.29
499.045	13038.56
499.254	13190.11
499.462	12450.8
499.671	12514.28
499.879	14019.54
500.087	13618.14
500.296	12592.11
500.504	12653.55
500.713	13360.09
500.921	13939.67
501.129	12801
501.338	12708.84
501.546	13833.18
501.754	13396.96
501.962	13091.81
502.171	13016.04
502.379	14025.68
502.587	13984.73
502.795	13431.77
503.004	13226.98
503.212	14029.78
503.42	14185.43
503.628	13728.73
503.837	13663.19
504.045	14302.16
504.253	14934.98
504.461	13646.81
504.669	13489.12
504.877	14795.72
505.085	14611.4
505.294	13568.99
505.502	14117.84
505.71	15180.74
505.918	14554.06
506.126	13951.96
506.334	13906.9
506.542	14924.74
506.75	14769.1
506.958	14457.81
507.166	14402.51
507.374	14717.9
507.582	15248.32
507.79	14674.89
507.998	14603.21
508.206	15537.09
508.414	15254.47
508.622	14396.37
508.83	14785.48
509.037	15317.95
509.245	14881.74
509.453	14640.08
509.661	14746.57
509.869	15684.54
510.077	15064
510.285	15104.96
510.492	14851.02
510.7	16214.96
510.908	15588.28
511.116	15094.72
511.324	15178.69
511.531	15610.81
511.739	16151.48
511.947	15530.94
512.155	15582.14
512.362	16221.11
512.57	15588.28
512.778	15393.73
512.985	15221.7
513.193	16102.32
513.401	16686
513.608	15477.69
513.816	15621.05
514.024	16057.27
514.231	16343.99
514.439	15918.01
514.646	15762.36
514.854	16810.92
515.061	16464.82
515.269	16124.85
515.477	16034.74
515.684	16339.89
515.892	16843.69
516.099	15938.49
516.307	15766.46
516.514	17001.38
516.722	17341.35
516.929	16257.97
517.136	16335.79
517.344	17034.15
517.551	16933.8
517.759	16470.96
517.966	16755.63
518.173	17193.89
518.381	17318.82
518.588	16550.83
518.796	16616.37
519.003	17570.72
519.21	17408.93
519.418	16974.76
519.625	17169.32
519.832	17527.71
520.039	17912.73
520.247	16659.37
520.454	16823.21
520.661	17957.78
520.868	17873.82
521.076	17066.92
521.283	17044.39
521.49	18070.42
521.697	17736.6
521.904	17427.36
522.112	17279.91
522.319	18307.99
522.526	17998.74
522.733	17576.86
522.94	17355.68
523.147	17994.65
523.354	18115.48
523.561	17648.54
523.768	17822.62
523.975	18664.33
524.183	18551.7
524.39	18103.19
524.597	18070.42
524.804	18566.03
525.011	18342.8
525.218	18015.13
525.425	18078.61
525.632	19123.08
525.838	18703.25
526.045	18267.03
526.252	18664.33
526.459	20288.37
526.666	20777.84
526.873	18238.36
527.08	18338.71
527.287	19377.03
527.494	18977.67
527.701	18426.77
527.907	18541.46
528.114	19358.6
528.321	19282.82
528.528	18557.84
528.735	18776.97
528.941	19174.28
529.148	19002.25
529.355	19225.48
529.562	18815.88
529.768	20431.73
529.975	19448.71
530.182	19229.57
530.388	19092.36
530.595	20110.2
530.802	19211.14
531.008	19678.08
531.215	19417.99
531.422	20618.1
531.628	20521.84
531.835	19680.13
532.042	19669.89
532.248	20415.35
532.455	20366.2
532.661	19807.1
532.868	19491.71
533.074	20222.84
533.281	20714.35
533.487	19868.54
533.694	19821.44
533.9	21130.09
534.107	20599.66
534.313	20050.81
534.52	20015.99
534.726	20857.71
534.933	20988.78
535.139	20042.62
535.345	20069.24
535.552	21308.26
535.758	21414.76
535.965	20370.29
536.171	20509.55
536.377	21562.21
536.584	21816.16
536.79	20579.18
536.996	20980.59
537.203	21564.26
537.409	21687.14
537.615	20802.41
537.821	21042.03
538.028	22295.38
538.234	21625.7
538.44	21033.83
538.646	21150.57
538.853	21558.11
539.059	21285.73
539.265	21631.84
539.471	20947.82
539.677	22041.43
539.883	22387.54
540.09	22909.77
540.296	22176.6
540.502	22080.35
540.708	22055.77
540.914	21924.7
541.12	21734.24
541.326	22444.88
541.532	22686.54
541.738	22152.02
541.944	21777.25
542.15	22598.48
542.356	22434.64
542.562	21971.8
542.768	22131.54
542.974	22995.79
543.18	23012.17
543.386	22195.03
543.592	22197.08
543.798	23796.54
544.004	23552.84
544.21	22580.05
544.415	22598.48
544.621	23294.79
544.827	23812.93
545.033	22668.11
545.239	23274.31
545.445	23249.74
545.651	23524.16
545.856	22930.25
546.062	23016.27
546.268	23423.81
546.474	23642.95
546.679	22788.94
546.885	22981.45
547.091	23374.66
547.297	24226.62
547.502	23124.81
547.708	22625.11
547.914	23444.29
548.119	23833.41
548.325	22817.61
548.531	22803.28
548.736	24537.91
548.942	23855.93
549.147	23073.61
549.353	23827.26
549.559	24496.95
549.764	24019.77
549.97	23262.02
550.175	23518.02
550.381	24378.17
550.586	23532.36
550.792	23819.07
550.997	23487.3
551.203	24578.87
551.408	24752.94
551.614	23814.98
551.819	23579.46
552.025	25074.48
552.23	24875.82
552.435	24087.36
552.641	24757.04
552.846	24781.62
553.052	25465.64
553.257	24376.12
553.462	24306.49
553.668	24836.91
553.873	25209.64
554.078	24216.38
554.283	24177.47
554.489	25688.87
554.694	25168.68
554.899	24711.99
555.105	24904.49
555.31	25414.44
555.515	25377.58
555.72	24824.62
555.925	25666.34
556.131	25557.8
556.336	25727.78
556.541	24863.54
556.746	24767.28
556.951	25901.86
557.156	25791.27
557.361	25191.21
557.567	25473.83
557.772	26176.28
557.977	26151.71
558.182	25010.99
558.387	25496.36
558.592	25727.78
558.797	26325.78
559.002	25211.69
559.207	25486.12
559.412	26192.67
559.617	26602.26
559.822	25328.42
560.027	25338.66
560.232	25989.92
560.437	26278.68
560.642	25197.35
560.847	25856.8
561.051	26487.57
561.256	26174.24
561.461	25869.09
561.666	25330.47
561.871	26149.66
562.076	27011.85
562.281	26151.71
562.485	25770.79
562.69	26290.97
562.895	26886.93
563.1	26104.6
563.305	26010.4
563.509	26811.15
563.714	27233.04
563.919	26063.64
564.123	26231.58
564.328	26800.91
564.533	27437.83
564.737	25860.9
564.942	26389.27
565.147	27243.27
565.351	26968.85
565.556	26180.38
565.761	26323.74
565.965	27249.42
566.17	26729.23
566.374	26473.24
566.579	26426.14
566.784	26747.67
566.988	27054.86
567.193	26411.8
567.397	26454.81
567.602	26772.24
567.806	27325.19
568.011	26870.54
568.215	27192.08
568.42	27417.35
568.624	27380.49
568.828	26895.12
569.033	26694.42
569.237	27960.06
569.442	28283.64
569.646	26428.18
569.85	26854.16
570.055	27745.03
570.259	27573
570.463	27243.27
570.668	27273.99
570.872	27659.01
571.076	27769.6
571.281	27370.25
571.485	27421.45
571.689	28168.96
571.893	28007.17
572.098	27609.86
572.302	27226.89
572.506	27867.91
572.71	28201.72
572.914	27347.72
573.119	28039.93
573.323	28506.87
573.527	28365.56
573.731	27790.08
573.935	27656.96
574.139	28269.31
574.343	28285.69
574.547	28023.55
574.751	28267.26
574.955	28611.32
575.159	28502.78
575.364	27970.3
575.568	27960.06
575.772	28582.65
575.976	28699.38
576.18	27824.9
576.383	28289.79
576.587	29051.63
576.791	28787.44
576.995	27876.1
577.199	28232.44
577.403	28971.76
577.607	29235.95
577.811	28740.34
578.015	28797.68
578.219	29258.48
578.422	29352.68
578.626	28803.83
578.83	29186.8
579.034	29397.74
579.238	29467.37
579.442	28943.09
579.645	29186.8
579.849	29301.48
580.053	30018.27
580.257	29141.74
580.46	29059.82
580.664	29768.42
580.868	29328.11
581.071	29104.88
581.275	28883.7
581.479	29094.64
581.682	29577.96
581.886	28912.37
582.09	29291.24
582.293	29887.2
582.497	30116.58
582.7	29829.86
582.904	29455.08
583.107	29860.58
583.311	30118.62
583.515	29702.89
583.718	29811.43
583.922	30505.69
584.125	30939.86
584.329	29461.23
584.532	29643.49
584.735	30745.3
584.939	30374.62
585.142	29491.94
585.346	29629.16
585.549	30491.35
585.753	30415.58
585.956	29862.63
586.159	29969.12
586.363	31148.75
586.566	31193.81
586.769	30032.61
586.973	29879.01
587.176	30841.56
587.379	30970.58
587.582	30659.29
587.786	30706.39
587.989	31120.08
588.192	32015.04
588.395	30188.25
588.599	31007.44
588.802	30933.71
589.005	30796.5
589.208	30311.13
589.411	30606.04
589.615	30903
589.818	31570.63
590.021	31394.51
590.224	30827.22
590.427	31642.31
590.63	31757
590.833	30730.97
591.036	30880.47
591.239	31982.27
591.442	31267.53
591.645	31265.49
591.848	31238.86
592.051	31511.24
592.254	31826.63
592.457	31638.22
592.66	31414.99
592.863	32092.86
593.066	32156.35
593.269	31652.55
593.472	31345.36
593.675	32635.58
593.878	32281.28
594.081	31744.71
594.284	31441.61
594.486	32541.37
594.689	32793.27
594.892	31683.27
595.095	31998.66
595.298	32418.49
595.5	32139.97
595.703	32244.41
595.906	32035.52
596.109	32651.96
596.311	33047.22
596.514	31734.47
596.717	32178.88
596.92	32893.62
597.122	33057.46
597.325	31886.02
597.528	32160.45
597.73	33577.64
597.933	33055.41
598.136	32477.88
598.338	32453.31
598.541	33376.94
598.743	33641.13
598.946	32219.84
599.148	32746.17
599.351	33256.11
599.554	33530.54
599.756	32819.89
599.959	33006.26
600.161	33536.68
600.363	33884.84
600.566	32828.09
600.768	32588.47
600.971	33274.54
601.173	33383.09
601.376	32799.41
601.578	33079.99
601.78	33624.75
601.983	34552.48
602.185	32823.99
602.388	33698.47
602.59	33639.08
602.792	34020
602.995	33387.18
603.197	32967.35
603.399	33692.33
603.601	34036.39
603.804	33055.41
604.006	33284.78
604.208	33858.21
604.41	33598.12
604.613	33751.72
604.815	32971.44
605.017	34106.02
605.219	33753.77
605.421	33856.17
605.623	33145.52
605.826	34445.98
606.028	34443.93
606.23	33522.35
606.432	33534.63
606.634	34638.49
606.836	34237.09
607.038	33114.8
607.24	33770.15
607.442	34359.97
607.644	34433.69
607.846	33692.33
608.048	33661.61
608.25	34484.89
608.452	33964.71
608.654	34153.12
608.856	33315.5
609.058	34302.62
609.26	34884.25
609.462	33747.62
609.664	33995.43
609.866	34505.37
610.067	34458.27
610.269	34284.19
610.471	34075.3
610.673	34687.64
610.875	34806.42
611.077	33567.4
611.278	33985.19
611.48	34546.33
611.682	34867.86
611.884	34372.25
612.085	34216.61
612.287	34894.49
612.489	34564.76
612.69	33602.22
612.892	34622.11
613.094	35127.95
613.295	34628.25
613.497	34323.1
613.699	34253.47
613.9	35115.67
614.102	34443.93
614.304	34120.35
614.505	33997.48
614.707	34712.22
614.908	34550.43
615.11	33899.17
615.311	34245.28
615.513	34792.09
615.714	34867.86
615.916	33909.41
616.117	34409.12
616.319	34720.41
616.52	34943.64
616.722	34087.59
616.923	34347.68
617.124	35003.03
617.326	34724.5
617.527	34384.54
617.729	34626.2
617.93	35037.84
618.131	35039.89
618.333	34214.56
618.534	34265.76
618.735	35056.28
618.937	35213.97
619.138	34357.92
619.339	34400.93
619.54	34957.97
619.742	34824.86
619.943	34396.83
620.144	34163.36
620.345	35312.27
620.546	34910.87
620.748	34456.22
620.949	34867.86
621.15	35220.11
621.351	35091.09
621.552	34632.35
621.753	34226.85
621.954	35377.81
622.155	35783.3
622.356	34419.36
622.558	35340.94
622.759	35725.96
622.96	36037.25
623.161	34720.41
623.362	34513.56
623.563	35820.17
623.764	35728.01
623.965	34874.01
624.166	35205.78
624.366	35146.39
624.567	35179.15
624.768	34669.21
624.969	34521.76
625.17	35404.43
625.371	35310.22
625.572	35291.79
625.773	34890.39
625.973	35603.08
626.174	35984.01
626.375	35209.87
626.576	34939.54
626.777	35877.51
626.977	35709.58
627.178	35439.25
627.379	35205.78
627.58	35486.35
627.78	35660.43
627.981	34884.25
628.182	35244.69
628.382	35791.5
628.583	35500.68
628.784	35117.71
628.984	35506.83
629.185	35885.7
629.386	35828.36
629.586	35404.43
629.787	35027.6
629.987	35590.8
630.188	35840.65
630.388	35093.14
630.589	35601.04
630.79	36100.74
630.99	35457.68
631.191	35369.61
631.391	35226.26
631.591	35854.98
631.792	35697.29
631.992	35840.65
632.193	35633.8
632.393	36084.36
632.594	36076.16
632.794	35601.04
632.994	35654.28
633.195	35863.18
633.395	35981.96
633.595	35418.77
633.796	35906.18
633.996	36483.71
634.196	36328.06
634.397	36061.83
634.597	35957.38
634.797	36348.54
634.997	36737.66
635.198	36084.36
635.398	35670.67
635.598	36731.51
635.798	36272.77
635.998	35914.37
636.199	35537.55
636.399	36354.69
636.599	36371.07
636.799	35988.1
636.999	36256.39
637.199	36569.72
637.399	36514.43
637.599	35768.97
637.799	35775.11
637.999	36594.3
638.199	36758.14
638.399	36049.54
638.599	35621.52
638.799	36952.69
638.999	36846.2
639.199	36258.43
639.399	36065.92
639.599	36446.85
639.799	36100.74
639.999	36014.73
640.199	36080.26
640.399	36272.77
640.599	36575.87
640.799	36569.72
640.998	36659.84
641.198	36588.16
641.398	36817.53
641.598	36932.22
641.798	36551.29
641.997	37892.71
642.197	36674.17
642.397	36715.13
642.597	36309.63
642.796	36758.14
642.996	36987.51
643.196	36926.07
643.395	36461.18
643.595	37122.68
643.795	36412.03
643.994	36395.65
644.194	36379.26
644.394	37208.69
644.593	37497.45
644.793	36577.92
644.992	37096.05
645.192	37069.43
645.392	36582.01
645.591	36801.15
645.791	36528.77
645.99	37931.62
646.19	37010.04
646.389	36743.8
646.589	36760.19
646.788	37173.88
646.987	37020.28
647.187	37382.77
647.386	37378.67
647.586	37542.51
647.785	37487.21
647.984	36813.43
648.184	37599.85
648.383	37007.99
648.582	37153.4
648.782	36997.75
648.981	36979.32
649.18	37175.92
649.38	37991.01
649.579	37165.68
649.778	37194.36
649.977	38070.89
650.177	37679.72
650.376	36813.43
650.575	36868.73
650.774	37962.34
650.973	37839.47
651.173	36999.8
651.372	37780.07
651.571	38001.25
651.77	38132.32
651.969	37589.61
652.168	37466.73
652.367	38017.64
652.566	38279.78
652.765	37804.65
652.964	38396.51
653.163	38466.14
653.362	38167.14
653.561	37401.2
653.76	37276.27
653.959	37915.24
654.158	38679.13
654.357	37677.68
654.556	37491.31
654.755	38050.41
654.954	37640.81
655.153	37167.73
655.352	37558.89
655.551	38310.5
655.749	38232.68
655.948	37843.56
656.147	37786.22
656.346	38269.54
656.545	37995.11
656.743	37227.12
656.942	37735.02
657.141	37931.62
657.34	37907.05
657.538	37063.29
657.737	37812.84
657.936	38509.15
658.135	38345.31
658.333	37861.99
658.532	38296.16
658.731	38943.32
658.929	38875.74
659.128	38330.98
659.326	37790.31
659.525	38830.68
659.724	38537.82
659.922	37767.79
660.121	37427.82
660.319	38488.67
660.518	38089.32
660.716	38156.9
660.915	38257.25
661.113	38867.55
661.312	38253.15
661.51	37698.16
661.709	37644.91
661.907	38148.71
662.105	38668.89
662.304	37804.65
662.502	38177.38
662.701	39197.27
662.899	38158.95
663.097	38468.19
663.296	37694.06
663.494	39090.77
663.692	39072.34
663.891	37937.77
664.089	37661.29
664.287	38720.09
664.485	38636.13
664.684	38226.53
664.882	38101.61
665.08	38462.05
665.278	38822.49
665.476	38142.56
665.675	38451.81
665.873	38976.09
666.071	39062.1
666.269	38052.45
666.467	38533.73
666.665	39010.9
666.863	38648.41
667.061	38242.92
667.259	37919.34
667.457	38748.76
667.655	38324.83
667.853	37665.39
668.051	38158.95
668.249	38218.34
668.447	38926.94
668.645	37788.27
668.843	38390.37
669.041	38503.01
669.239	38105.7
669.437	37749.35
669.635	38285.92
669.833	38396.51
670.031	38242.92
670.229	38085.22
670.426	38126.18
670.624	38734.43
670.822	38382.18
671.02	37952.1
671.218	38672.99
671.415	38175.33
671.613	38117.99
671.811	38335.07
672.009	38380.13
672.206	38945.37
672.404	38294.11
672.602	38156.9
672.799	38103.65
672.997	38537.82
673.195	38808.15
673.392	38040.17
673.59	37556.85
673.788	38060.65
673.985	37446.26
674.183	38242.92
674.38	38242.92
674.578	38767.2
674.775	38412.9
674.973	37698.16
675.17	37796.46
675.368	38302.31
675.565	38470.24
675.763	37921.38
675.96	37986.92
676.158	38324.83
676.355	38003.3
676.553	37630.57
676.75	37925.48
676.947	38029.93
677.145	37802.6
677.342	37954.15
677.539	37649
677.737	38347.36
677.934	38670.94
678.131	37902.95
678.329	37485.17
678.526	38822.49
678.723	38341.22
678.92	37868.14
679.118	37495.41
679.315	37581.42
679.512	38384.22
679.709	37859.94
679.906	37225.07
680.104	38017.64
680.301	37964.39
680.498	37235.31
680.695	37100.15
680.892	37753.45
681.089	37835.37
681.286	37892.71
681.483	36835.96
681.68	37218.93
681.877	37984.87
682.075	37143.16
682.272	37263.99
682.469	37669.48
682.665	37386.86
682.862	37012.09
683.059	37143.16
683.256	37712.49
683.453	38085.22
683.65	37292.66
683.847	37606
684.044	37800.55
684.241	37325.43
684.438	37644.91
684.635	37190.26
684.831	38226.53
685.028	37876.33
685.225	36940.41
685.422	37735.02
685.619	37730.92
685.815	37425.78
686.012	37300.85
686.209	36995.7
686.405	37147.25
686.602	37335.66
686.799	37063.29
686.996	37360.24
687.192	37257.84
687.389	37954.15
687.586	36610.68
687.782	36991.61
687.979	37798.51
688.175	37427.82
688.372	36833.91
688.568	37001.85
688.765	37253.75
688.962	37311.09
689.158	37022.33
689.355	36756.09
689.551	37044.85
689.748	37235.31
689.944	37085.81
690.14	37120.63
690.337	37227.12
690.533	37433.97
690.73	36373.12
690.926	37075.57
691.123	36405.89
691.319	36889.21
691.515	36262.53
691.712	36614.78
691.908	36792.95
692.104	36776.57
692.301	36143.75
692.497	35566.22
692.693	36784.76
692.889	36594.3
693.086	36213.38
693.282	35781.26
693.478	36584.06
693.674	37247.6
693.87	36182.66
694.067	36457.09
694.263	36614.78
694.459	36485.76
694.655	36608.64
694.851	36725.37
695.047	36612.73
695.243	37048.95
695.439	36510.33
695.635	36698.75
695.831	36926.07
696.027	36692.6
696.224	36450.94
696.42	37151.35
696.615	37038.71
696.811	37073.52
697.007	36172.42
697.203	36035.2
697.399	36930.17
697.595	36553.34
697.791	36196.99
697.987	36178.56
698.183	36694.65
698.379	35906.18
698.575	36274.82
698.77	35719.82
698.966	36225.67
699.162	36242.05
699.358	35934.85
699.554	35990.15
699.749	36188.8
699.945	36354.69
700.141	36006.53
700.337	36080.26
700.532	36199.04
700.728	36135.56
700.924	35613.32
701.119	35584.65
701.315	36024.96
701.511	35967.62
701.706	35834.5
701.902	35555.98
702.097	36080.26
702.293	36348.54
702.489	35908.23
702.684	35349.14
702.88	36211.33
703.075	35838.6
703.271	35707.53
703.466	35699.34
703.662	35764.87
703.857	35887.75
704.053	35541.64
704.248	35615.37
704.443	36123.27
704.639	35910.28
704.834	35531.4
705.03	35273.36
705.225	35754.63
705.42	35748.49
705.616	34855.57
705.811	34951.83
706.006	35422.86
706.202	35506.83
706.397	35297.94
706.592	35340.94
706.787	35736.2
706.983	35248.78
707.178	36051.59
707.373	35828.36
707.568	35633.8
707.763	35601.04
707.959	34927.25
708.154	35416.72
708.349	35168.91
708.544	36098.69
708.739	35586.7
708.934	35068.56
709.129	35926.66
709.324	35930.76
709.519	35603.08
709.714	34831
709.909	35598.99
710.104	35443.34
710.299	34744.98
710.494	34986.64
710.689	35113.62
710.884	35191.44
711.079	34601.63
711.274	34796.18
711.469	35635.85
711.664	35795.59
711.859	35035.8
712.054	35357.33
712.249	35494.54
712.443	35424.91
712.638	34476.7
712.833	34294.43
713.028	35099.28
713.223	34591.39
713.417	35269.26
713.612	34634.39
713.807	35334.8
714.002	35564.17
714.196	34810.52
714.391	34603.67
714.586	35203.73
714.78	35367.57
714.975	35054.23
715.17	34540.19
715.364	35330.7
715.559	35377.81
715.754	33893.03
715.948	33772.2
716.143	35455.63
716.337	34939.54
716.532	35252.88
716.726	34919.06
716.921	35017.36
717.115	35517.07
717.31	34153.12
717.504	35478.16
717.699	35285.65
717.893	35340.94
718.088	34349.73
718.282	34585.24
718.476	34685.59
718.671	34982.55
718.865	34359.97
719.059	34091.68
719.254	34259.62
719.448	35011.22
719.642	36792.95
719.837	33579.69
720.031	36082.31
720.225	34251.42
720.419	33743.53
720.614	33546.92
720.808	34439.84
721.002	34245.28
721.196	34011.81
721.39	34093.73
721.585	34187.94
721.779	34407.07
721.973	34030.24
722.167	33155.76
722.361	34259.62
722.555	34560.67
722.749	33735.34
722.943	33772.2
723.137	33884.84
723.331	34247.33
723.525	33579.69
723.719	33983.14
723.913	34398.88
724.107	34101.92
724.301	33340.08
724.495	33835.69
724.689	34319.01
724.883	33831.59
725.077	33399.47
725.271	33792.68
725.465	34321.05
725.659	33634.99
725.853	33346.22
726.046	33245.87
726.24	33430.19
726.434	33612.46
726.628	33643.18
726.822	33374.89
727.015	34058.91
727.209	34204.32
727.403	33317.55
727.596	33168.05
727.79	34054.82
727.984	34292.38
728.177	33499.82
728.371	33297.07
728.565	33870.5
728.758	34237.09
728.952	33424.04
729.146	33366.7
729.339	34341.53
729.533	34030.24
729.726	33581.74
729.92	33528.49
730.113	34349.73
730.307	33948.32
730.5	33575.59
730.694	33223.34
730.887	33884.84
731.081	33790.63
731.274	33059.51
731.468	33170.1
731.661	33708.71
731.854	33817.25
732.048	33243.82
732.241	33292.97
732.435	33338.03
732.628	33567.4
732.821	32912.05
733.014	33008.31
733.208	33424.04
733.401	33784.49
733.594	32887.48
733.788	32754.36
733.981	33417.9
734.174	33708.71
734.367	32567.99
734.56	33352.37
734.754	33809.06
734.947	33657.51
735.14	32795.32
735.333	32873.14
735.526	33598.12
735.719	33272.49
735.912	32946.87
736.105	32643.77
736.298	33548.97
736.491	33518.25
736.684	32914.1
736.877	32924.34
737.07	33327.79
737.263	33800.87
737.456	32565.95
737.649	32701.11
737.842	33114.8
738.035	32981.68
738.228	32567.99
738.421	32791.22
738.614	33469.1
738.807	33256.11
739	32203.46
739.192	32453.31
739.385	33131.19
739.578	33026.74
739.771	33059.51
739.964	32053.95
740.156	33245.87
740.349	33342.13
740.542	33137.33
740.735	32316.09
740.927	32920.24
741.12	33032.88
741.313	32295.61
741.505	33043.12
741.698	33061.55
741.891	32838.33
742.083	32637.62
742.276	33065.65
742.468	33254.06
742.661	32916.15
742.854	32244.41
743.046	32277.18
743.239	32826.04
743.431	33139.38
743.624	32223.93
743.816	32076.48
744.009	32887.48
744.201	32930.48
744.393	32715.45
744.586	32172.74
744.778	32670.39
744.971	32807.61
745.163	32342.72
745.355	32733.88
745.548	32733.88
745.74	33190.58
745.932	32148.16
746.125	32162.5
746.317	33436.33
746.509	32641.72
746.702	32133.82
746.894	32352.96
747.086	32662.2
747.278	33010.35
747.471	32389.82
747.663	32123.58
747.855	33450.67
748.047	33014.45
748.239	32582.33
748.431	32893.62
748.623	33342.13
748.815	32895.67
749.008	32185.02
749.2	32449.21
749.392	32588.47
749.584	32680.63
749.776	32453.31
749.968	32342.72
750.16	33082.03
750.352	32547.51
750.544	31666.89
750.736	31894.21
750.928	32654.01
751.12	32099.01
751.311	31836.87
751.503	32264.89
751.695	32182.98
751.887	32494.27
752.079	31924.93
752.271	31845.06
752.463	32719.54
752.654	32121.54
752.846	31763.14
753.038	31648.46
753.23	32064.19
753.421	32180.93
753.613	31988.42
753.805	32211.65
753.997	32027.33
754.188	32303.81
754.38	31394.51
754.572	31630.02
754.763	32195.26
754.955	32299.71
755.146	31656.65
755.338	31771.33
755.53	31959.75
755.721	32162.5
755.913	31115.98
756.104	31255.25
756.296	31742.66
756.487	31509.19
756.679	31279.82
756.87	31072.98
757.062	31515.34
757.253	31326.92
757.445	30927.57
757.636	31410.89
757.827	31656.65
758.019	32490.17
758.21	30798.55
758.401	31081.17
758.593	32064.19
758.784	32072.39
758.975	31044.3
759.167	30946
759.358	31675.08
759.549	31931.08
759.74	30812.88
759.932	30560.98
760.123	31107.79
760.314	30909.14
760.505	30393.05
760.696	30507.74
760.888	31414.99
761.079	31144.66
761.27	30819.03
761.461	30487.26
761.652	31498.95
761.843	30884.56
762.034	30702.29
762.225	31023.83
762.416	31017.68
762.607	30851.8
762.798	30276.32
762.989	30663.38
763.18	31742.66
763.371	30767.83
763.562	30057.18
763.753	30096.1
763.944	30560.98
764.135	30759.64
764.326	30231.26
764.517	29997.79
764.708	30878.42
764.899	30526.17
765.089	29756.13
765.28	29674.21
765.471	30104.29
765.662	30395.1
765.853	29807.33
766.043	29803.24
766.234	30366.43
766.425	30190.3
766.615	29317.87
766.806	29444.84
766.997	30063.33
767.187	29883.11
767.378	29303.53
767.569	29094.64
767.759	29905.63
767.95	29852.39
768.141	29559.53
768.331	29254.38
768.522	30057.18
768.712	30229.21
768.903	29420.27
769.093	28977.9
769.284	29795.04
769.474	29645.54
769.665	28683
769.855	28961.52
770.046	29715.17
770.236	29670.12
770.426	29149.93
770.617	28883.7
770.807	29020.91
770.998	29741.8
771.188	28943.09
771.378	28779.25
771.569	29539.05
771.759	29485.8
771.949	28158.72
772.139	28496.63
772.33	28797.68
772.52	28650.23
772.71	28877.55
772.9	28005.12
773.09	28781.3
773.281	28926.71
773.471	27888.39
773.661	28177.15
773.851	28728.05
774.041	28773.11
774.231	28297.98
774.421	28330.75
774.611	28889.84
774.802	28951.28
774.992	27949.82
775.182	27833.09
775.372	28345.08
775.562	28895.99
775.752	28107.52
775.942	27886.34
776.131	29055.73
776.321	28494.58
776.511	27941.63
776.701	27534.09
776.891	28709.62
777.081	28209.92
777.271	28185.34
777.461	27896.58
777.651	28347.13
777.84	28107.52
778.03	27818.75
778.22	27241.23
778.41	27968.26
778.599	27886.34
778.789	27601.67
778.979	27538.18
779.169	27632.39
779.358	27648.77
779.548	27962.11
779.738	27245.32
779.927	27716.36
780.117	27355.91
780.307	26708.76
780.496	26434.33
780.686	27773.7
780.875	28099.33
781.065	27228.94
781.254	27355.91
781.444	28050.17
781.633	27591.43
781.823	26805.01
782.012	26966.8
782.202	27745.03
782.391	27022.09
782.581	26794.77
782.77	27276.04
782.96	27714.31
783.149	26884.88
783.338	26198.81
783.528	26364.7
783.717	27609.86
783.906	27339.53
784.096	26569.49
784.285	26551.06
784.474	26637.08
784.663	26966.8
784.853	26424.09
785.042	26526.49
785.231	27052.81
785.42	27093.77
785.61	26508.05
785.799	26477.33
785.988	27237.13
786.177	26393.37
786.366	26129.18
786.555	26948.37
786.744	26680.08
786.933	26721.04
787.122	25733.92
787.312	25893.66
787.501	26245.91
787.69	26250.01
787.879	25670.43
788.068	25733.92
788.257	25811.74
788.445	26274.59
788.634	25883.42
788.823	25930.53
789.012	26649.36
789.201	26948.37
789.39	25840.42
789.579	25807.65
789.768	26391.32
789.957	25987.87
790.145	25510.69
790.334	25627.43
790.523	26143.52
790.712	26323.74
790.9	25443.11
791.089	25576.23
791.278	26137.37
791.467	26055.45
791.655	25856.8
791.844	26198.81
792.033	26018.59
792.221	25746.21
792.41	25142.06
792.599	24894.25
792.787	25705.25
792.976	26194.71
793.164	24851.25
793.353	25170.73
793.541	25842.46
793.73	25654.05
793.918	25232.17
794.107	24914.73
794.295	25451.3
794.484	25582.37
794.672	24814.38
794.861	24783.66
795.049	25559.84
795.238	25897.76
795.426	24836.91
795.614	24668.98
795.803	25928.48
795.991	25764.64
796.179	24929.07
796.368	24542
796.556	25154.35
796.744	24736.56
796.932	24349.5
797.121	24253.24
797.309	24662.83
797.497	24773.42
797.685	24320.82
797.874	24406.84
798.062	25316.14
798.25	25615.14
798.438	24660.79
798.626	24648.5
798.814	25101.1
799.002	25359.14
799.19	24468.28
799.378	24619.83
799.566	24941.36
799.755	25099.05
799.943	24513.33
800.131	24535.86
800.318	25097
800.506	25303.85
800.694	24357.69
800.882	24701.75
801.07	25549.6
801.258	25283.37
801.446	24693.55
801.634	24691.51
801.822	24824.62
802.01	25129.77
802.197	24646.45
802.385	24699.7
802.573	25000.75
802.761	25185.07
802.949	24754.99
803.136	24216.38
803.324	25342.76
803.512	24990.51
803.699	24484.66
803.887	24335.16
804.075	25328.42
804.262	24814.38
804.45	24347.45
804.638	24365.88
804.825	25088.81
805.013	24802.1
805.201	24294.2
805.388	24306.49
805.576	25131.82
805.763	25379.62
805.951	24605.49
806.138	24761.14
806.326	25334.57
806.513	25086.76
806.701	24683.31
806.888	24490.8
807.075	25279.27
807.263	25375.53
807.45	24632.11
807.638	24410.93
807.825	25299.75
808.012	25072.43
808.2	24464.18
808.387	25008.94
808.574	25330.47
808.761	25514.79
808.949	24343.35
809.136	24582.96
809.323	25037.61
809.51	25361.19
809.698	25232.17
809.885	24832.82
810.072	25322.28
810.259	25688.87
810.446	24779.57
810.633	24843.06
810.82	25725.73
811.008	25889.57
811.195	25107.24
811.382	25097
811.569	25439.01
811.756	25432.87
811.943	25084.72
812.13	24855.34
812.317	25404.2
812.504	25303.85
812.691	25084.72
812.878	24855.34
813.064	25633.57
813.251	24875.82
813.438	24824.62
813.625	24980.27
813.812	25187.11
813.999	25219.88
814.186	24656.69
814.372	24855.34
814.559	25422.63
814.746	25568.04
814.933	24482.61
815.12	24634.16
815.306	25107.24
815.493	24873.78
815.68	24836.91
815.866	24503.09
816.053	25596.71
816.24	25834.27
816.426	24910.64
816.613	24877.87
816.799	25852.7
816.986	25803.55
817.173	24750.9
817.359	24480.57
817.546	25385.77
817.732	24980.27
817.919	24349.5
818.105	24683.31
818.292	25383.72
818.478	25522.98
818.665	25221.93
818.851	24662.83
819.037	25893.66
819.224	25060.14
819.41	24529.72
819.597	24730.42
819.783	25672.48
819.969	25408.29
820.156	24605.49
820.342	24732.47
820.528	26598.16
820.714	24980.27
820.901	24824.62
821.087	24447.8
821.273	25320.23
821.459	24716.08
821.646	24089.4
821.832	24494.9
822.018	25068.33
822.204	24818.48
822.39	24204.09
822.576	24513.33
822.762	24568.63
822.948	24625.97
823.134	24339.26
823.32	23720.77
823.507	24447.8
823.693	24738.61
823.879	24556.34
824.065	23919.42
824.25	24466.23
824.436	24363.83
824.622	23847.74
824.808	23798.59
824.994	24365.88
825.18	24519.48
825.366	24085.31
825.552	24011.58
825.738	24744.75
825.923	24822.58
826.109	24120.12
826.295	24103.74
826.481	23898.94
826.667	24232.76
826.852	23966.52
827.038	23638.85
827.224	24240.95
827.409	24152.89
827.595	23241.54
827.781	23454.53
827.966	24431.41
828.152	24595.25
828.338	23354.18
828.523	23110.47
828.709	24050.49
828.894	24312.63
829.08	23403.33
829.266	23751.49
829.451	24161.08
829.637	24367.93
829.822	23561.03
830.008	23311.17
830.193	24159.03
830.378	24097.59
830.564	23323.46
830.749	23008.08
830.935	23688
831.12	23534.4
831.305	23003.98
831.491	22932.3
831.676	23083.85
831.861	23419.72
832.047	23481.16
832.232	22715.22
832.417	23964.48
832.602	23722.82
832.788	22803.28
832.973	22879.05
833.158	23241.54
833.343	23409.48
833.528	22977.36
833.714	23122.76
833.899	23479.11
834.084	23839.55
834.269	23292.74
834.454	22704.98
834.639	23399.24
834.824	23571.27
835.009	23186.25
835.194	22889.29
835.379	23745.34
835.564	23706.43
835.749	23110.47
835.934	22303.57
836.119	23495.49
836.304	23184.2
836.489	22297.43
836.674	23038.8
836.859	23114.57
837.044	23925.57
837.228	22534.99
837.413	22475.6
837.598	23120.71
837.783	23352.13
837.968	22424.4
838.152	22145.88
838.337	22524.75
838.522	23333.7
838.707	23298.89
838.891	22152.02
839.076	22745.94
839.261	22700.88
839.445	22410.07
839.63	22403.92
839.815	23034.7
839.999	22502.23
840.184	21664.61
840.368	21857.12
840.553	22735.7
840.737	22627.15
840.922	21203.82
841.106	21599.07
841.291	22266.71
841.475	22561.62
841.66	21840.73
841.844	21674.85
842.029	22709.07
842.213	22121.31
842.397	21652.32
842.582	21111.66
842.766	22338.39
842.951	22491.99
843.135	21783.39
843.319	21547.87
843.504	22358.87
843.688	22768.46
843.872	21564.26
844.056	21226.34
844.241	22307.67
844.425	21943.13
844.609	21486.43
844.793	21197.67
844.977	22469.46
845.161	21611.36
845.346	20919.15
845.53	21093.22
845.714	21691.23
845.898	22354.77
846.082	20841.32
846.266	21121.9
846.45	21623.65
846.634	21527.39
846.818	20851.56
847.002	21246.82
847.186	21476.19
847.37	20755.31
847.554	20673.39
847.738	20949.87
847.922	21228.39
848.106	21437.28
848.29	20355.96
848.473	20458.35
848.657	21472.1
848.841	21175.14
849.025	20548.47
849.209	20513.65
849.392	21377.89
849.576	21154.66
849.76	20278.13
849.944	20695.92
850.127	21568.35
850.311	20624.24
850.495	20446.07
850.678	20366.2
850.862	21128.04
851.046	21447.52
851.229	20749.17
851.413	20173.69
851.596	21236.58
851.78	20802.41
851.964	20556.66
852.147	20499.31
852.331	21480.29
852.514	21189.48
852.698	20509.55
852.881	19764.09
853.065	20603.76
853.248	20538.23
853.431	20032.38
853.615	20355.96
853.798	21414.76
853.982	20896.62
854.165	20118.39
854.348	20099.96
854.532	20294.52
854.715	20358
854.898	20054.9
855.081	19860.35
855.265	20718.45
855.448	20757.36
855.631	19270.53
855.814	19491.71
855.997	19901.31
856.181	20224.89
856.364	19577.73
856.547	19491.71
856.73	20231.03
856.913	19985.27
857.096	19295.11
857.279	19475.33
857.462	19811.2
857.645	20099.96
857.828	19571.58
858.011	19630.98
858.194	19764.09
858.377	19817.34
858.56	19311.49
858.743	19399.55
858.926	19643.26
859.109	19647.36
859.292	19135.37
859.475	18961.29
859.658	19899.26
859.841	19571.58
860.023	19063.69
860.206	18600.85
860.389	19598.21
860.572	19446.66
860.755	18623.37
860.937	18994.06
861.12	19145.61
861.303	19262.34
861.486	18568.08
861.668	18398.1
861.851	18936.71
862.034	19526.53
862.216	18832.27
862.399	18650
862.581	19385.22
862.764	19192.71
862.947	18463.63
863.129	18656.14
863.312	18914.19
863.494	19245.96
863.677	18924.43
863.859	17892.25
864.042	18852.75
864.224	18756.49
864.406	18496.4
864.589	18240.4
864.771	18799.5
864.954	18469.78
865.136	18201.49
865.318	17836.95
865.501	19274.63
865.683	18348.95
865.865	18088.85
866.048	17953.69
866.23	18846.6
866.412	18500.5
866.594	17736.6
866.777	17951.64
866.959	18318.23
867.141	18174.87
867.323	17839
867.505	17722.27
867.687	18121.62
867.869	18060.18
868.052	17730.46
868.234	17656.73
868.416	18430.87
868.598	18482.06
868.78	17679.26
868.962	17410.98
869.144	18396.05
869.326	17888.15
869.508	17241
869.69	17793.95
869.872	17873.82
870.054	18510.74
870.236	17068.97
870.417	17253.28
870.599	18029.46
870.781	18467.73
870.963	17650.59
871.145	17025.96
871.327	18002.84
871.508	18318.23
871.69	17392.55
871.872	17439.65
872.054	18004.89
872.235	18252.69
872.417	17365.92
872.599	16888.74
872.78	18721.68
872.962	17820.57
873.144	17122.21
873.325	17437.6
873.507	18084.76
873.689	17972.12
873.87	17275.81
874.052	17566.62
874.233	17882.01
874.415	18447.25
874.596	17372.07
874.778	16898.98
874.959	17722.27
875.141	17820.57
875.322	16874.41
875.503	17050.53
875.685	17687.45
875.866	17247.14
876.048	17066.92
876.229	17150.88
876.41	17556.38
876.592	17980.31
876.773	17572.77
876.954	17062.82
877.136	18101.14
877.317	17916.83
877.498	17378.21
877.679	17408.93
877.86	17677.21
878.042	17699.74
878.223	17304.48
878.404	17816.47
878.585	17947.54
878.766	19755.9
878.947	17769.37
879.128	17564.57
879.309	17943.45
879.49	18131.86
879.672	17656.73
879.853	17537.95
880.034	18086.81
880.215	18205.59
880.396	17617.82
880.576	17734.56
880.757	18199.44
880.938	18543.5
881.119	17490.85
881.3	17630.11
881.481	18090.9
881.662	19102.6
881.843	17470.37
882.023	17605.53
882.204	18529.17
882.385	18291.6
882.566	17718.17
882.747	17693.6
882.927	18527.12
883.108	18031.51
883.289	17728.41
883.469	18269.08
883.65	18301.84
883.831	18367.38
884.011	18240.4
884.192	17816.47
884.373	18723.72
884.553	18465.68
884.734	18643.85
884.914	19012.49
885.095	19954.55
885.275	19184.52
885.456	18674.57
885.636	18064.28
885.817	18865.03
885.997	18838.41
886.178	18021.27
886.358	18226.07
886.538	18903.95
886.719	20534.13
886.899	18248.6
887.08	18498.45
887.26	19055.5
887.44	18539.41
887.621	18092.95
887.801	18275.22
887.981	19495.81
888.161	19178.37
888.342	18480.02
888.522	18500.5
888.702	18989.96
888.882	19139.46
889.062	18557.84
889.242	18197.4
889.423	18998.15
889.603	19075.98
889.783	18576.27
889.963	18463.63
890.143	19012.49
890.323	19223.43
890.503	18383.76
890.683	18572.18
890.863	18828.17
891.043	18768.78
891.223	18301.84
891.403	18862.99
891.583	19272.58
891.763	18949
891.943	18578.32
892.122	18445.2
892.302	18869.13
892.482	19000.2
892.662	18860.94
892.842	18496.4
893.022	19014.54
893.201	19139.46
893.381	18645.9
893.561	18219.92
893.741	19205
893.92	18776.97
894.1	18680.72
894.28	18625.42
894.459	18815.88
894.639	18928.52
894.819	18125.72
894.998	18385.81
895.178	18936.71
895.357	18570.13
895.537	18045.85
895.716	17824.67
895.896	18445.2
896.075	19178.37
896.255	18232.21
896.434	17986.46
896.614	19444.61
896.793	18789.26
896.973	18273.17
897.152	18031.51
897.331	18418.58
897.511	18453.39
897.69	17640.35
897.87	18232.21
898.049	18576.27
898.228	18191.25
898.407	17990.55
898.587	17613.73
898.766	18072.47
898.945	18238.36
899.124	17974.17
899.304	17564.57
899.483	18154.39
899.662	18824.08
899.841	17402.79
900.02	17349.54
900.199	18086.81
900.378	18072.47
900.557	17142.69
900.737	17353.63
900.916	17709.98
901.095	17578.91
901.274	17136.55
901.453	16823.21
901.632	16661.42
901.811	17146.79
901.989	16673.71
902.168	16567.21
902.347	17468.32
902.526	17042.34
902.705	16522.16
902.884	17011.62
903.063	17654.69
903.242	17169.32
903.42	16501.68
903.599	16657.32
903.778	16890.79
903.957	17261.48
904.135	16448.43
904.314	16249.78
904.493	16724.91
904.672	16628.65
904.85	16071.61
905.029	16321.46
905.207	16374.7
905.386	16724.91
905.565	15248.32
905.743	15752.12
905.922	16196.53
906.1	16069.56
906.279	15139.78
906.457	15350.72
906.636	15854.52
906.814	15727.55
906.993	15233.99
907.171	15178.69
907.35	15684.54
907.528	16317.36
907.707	15481.79
907.885	14769.1
908.063	15752.12
908.242	15371.2
908.42	14713.8
908.598	14703.56
908.777	15526.85
908.955	15051.72
909.133	14744.52
909.311	14289.87
909.49	15012.81
909.668	14900.17
909.846	14513.1
910.024	14363.6
910.202	15088.58
910.38	15311.81
910.559	14472.14
910.737	14734.28
910.915	15276.99
911.093	15227.84
911.271	15154.12
911.449	15270.85
911.627	15475.65
911.805	16073.65
911.983	14996.42
912.161	15233.99
912.339	15664.06
912.517	16141.24
912.695	15301.57
912.872	15418.3
913.05	16145.33
913.228	15926.2
913.406	14984.13
913.584	15193.03
913.762	15918.01
913.939	15905.72
914.117	15532.99
914.295	15387.58
914.473	15496.13
914.65	15995.83
914.828	15088.58
915.006	15004.61
915.184	15502.27
915.361	15737.79
915.539	15248.32
915.716	15528.89
915.894	15791.03
916.072	16145.33
916.249	15336.38
916.427	15350.72
916.604	15471.55
916.782	15739.83
916.959	15066.05
917.137	14797.77
917.314	15440.83
917.492	15256.51
917.669	14846.92
917.847	14656.46
918.024	15012.81
918.201	14666.7
918.379	14627.79
918.556	14816.2
918.733	15209.41
918.911	14961.61
919.088	15100.87
919.265	14578.64
919.442	15326.14
919.62	15248.32
919.797	14279.63
919.974	14396.37
920.151	15344.58
920.328	14877.64
920.506	14476.24
920.683	14998.47
920.86	14375.89
921.037	14812.1
921.214	14371.79
921.391	14183.38
921.568	14670.79
921.745	14633.93
921.922	14037.97
922.099	14089.17
922.276	14820.3
922.453	14324.69
922.63	13911
922.807	14277.58
922.984	14296.02
923.161	14275.54
923.338	13818.84
923.514	13788.12
923.691	14707.66
923.868	14461.9
924.045	13652.95
924.222	13564.89
924.399	14330.83
924.575	14048.21
924.752	13919.19
924.929	13738.97
925.105	13882.33
925.282	14166.99
925.459	13759.45
925.635	13392.86
925.812	14109.65
925.989	13859.8
926.165	13794.26
926.342	13108.19
926.518	13640.67
926.695	13349.85
926.871	13118.43
927.048	13378.53
927.224	14060.5
927.401	13652.95
927.577	13435.87
927.754	12927.97
927.93	13755.35
928.107	13810.65
928.283	12993.51
928.459	12968.93
928.636	13493.21
928.812	13177.83
928.988	12610.54
929.165	12510.19
929.341	12882.92
929.517	13177.83
929.693	13095.91
929.87	12082.16
930.046	13048.8
930.222	12649.45
930.398	12092.4
930.574	12493.8
930.751	12618.73
930.927	12456.94
931.103	12190.7
931.279	12141.55
931.455	12424.17
931.631	12762.09
931.807	11709.43
931.983	11686.9
932.159	12106.74
932.335	12418.03
932.511	11736.06
932.687	11858.93
932.863	12112.88
933.039	12280.82
933.215	11424.76
933.391	11289.6
933.566	11742.2
933.742	11774.97
933.918	11242.5
934.094	10699.78
934.27	11613.18
934.445	11240.45
934.621	11148.29
934.797	11015.17
934.973	11252.73
935.148	10806.28
935.324	10468.36
935.5	10087.44
935.675	10744.84
935.851	10855.43
936.027	10128.4
936.202	10159.12
936.378	10447.88
936.553	9890.84
936.729	10404.88
936.904	9550.87
937.08	9497.63
937.255	9362.46
937.431	9085.98
937.606	8698.92
937.782	8934.43
937.957	9247.77
938.133	8596.52
938.308	8244.27
938.483	8791.08
938.659	8344.62
938.834	8334.38
939.009	7812.15
939.185	8422.44
939.36	7806
939.535	7199.8
939.71	7681.08
939.886	8170.54
940.061	7836.72
940.236	7836.72
940.411	7529.53
940.586	7889.97
940.761	7775.28
940.937	7281.72
941.112	7130.17
941.287	7402.55
941.462	7150.65
941.637	6741.06
941.812	6997.06
941.987	7089.21
942.162	6849.6
942.337	6890.56
942.512	6648.9
942.687	7218.24
942.862	6956.1
943.037	6349.9
943.212	6093.9
943.386	6769.73
943.561	6837.31
943.736	6769.73
943.911	7296.06
944.086	7263.29
944.26	6931.52
944.435	6564.93
944.61	6886.47
944.785	6880.32
944.959	7521.34
945.134	6407.24
945.309	6259.79
945.483	6550.6
945.658	6796.35
945.833	6022.22
946.007	5903.44
946.182	7054.4
946.357	6710.34
946.531	6327.37
946.706	6454.34
946.88	6620.23
947.055	6847.55
947.229	6429.77
947.404	6442.06
947.578	6927.42
947.752	6980.67
947.927	6399.05
948.101	6370.38
948.276	7459.9
948.45	6956.1
948.624	6976.58
948.799	6710.34
948.973	6995.01
949.147	6700.1
949.321	6603.85
949.496	6671.43
949.67	7384.12
949.844	6898.75
950.018	6997.06
950.193	6599.75
950.367	7709.75
950.541	6964.29
950.715	7040.06
950.889	7066.69
951.063	7226.43
951.237	7332.92
951.411	6812.74
951.585	6886.47
951.759	7689.27
951.933	7435.32
952.107	6956.1
952.281	7308.35
952.455	7855.15
952.629	7590.97
952.803	7185.47
952.977	7115.84
953.151	7656.5
953.325	7625.78
953.499	7414.84
953.672	6923.33
953.846	7265.34
954.02	7509.05
954.194	6988.86
954.368	7044.16
954.541	7828.53
954.715	7574.58
954.889	7226.43
955.062	6943.81
955.236	7574.58
955.41	7531.58
955.583	7484.47
955.757	7091.26
955.93	7416.89
956.104	7494.71
956.278	7076.93
956.451	7257.15
956.625	7719.99
956.798	7898.16
956.972	7652.41
957.145	7046.21
957.319	8152.11
957.492	7889.97
957.665	7617.59
957.839	7273.53
958.012	7730.23
958.185	7560.25
958.359	7279.68
958.532	7562.3
958.705	7590.97
958.879	7863.35
959.052	7398.46
959.225	7101.5
959.398	7994.42
959.572	8025.14
959.745	7271.48
959.918	7416.89
960.091	7969.84
960.264	8260.65
960.438	7328.83
960.611	7359.55
960.784	8076.34
960.957	7539.77
961.13	8166.45
961.303	7371.83
961.476	7701.56
961.649	8272.94
961.822	7332.92
961.995	7623.73
962.168	7791.67
962.341	8016.94
962.514	7554.1
962.686	7502.9
962.859	7701.56
963.032	8096.82
963.205	7312.44
963.378	7042.11
963.551	7771.19
963.723	7666.74
963.896	7568.44
964.069	7476.28
964.242	7877.68
964.414	8117.29
964.587	7398.46
964.76	7607.35
964.932	7781.43
965.105	7711.8
965.278	7410.75
965.45	7257.15
965.623	7846.96
965.795	7877.68
965.968	7384.12
966.14	7447.61
966.313	7638.07
966.485	7914.55
966.658	6956.1
966.83	7218.24
967.003	7822.39
967.175	7736.37
967.348	7334.97
967.52	7310.4
967.692	8154.16
967.865	7877.68
968.037	7224.38
968.209	7373.88
968.382	7658.55
968.554	7621.69
968.726	7142.46
968.898	6974.53
969.071	7726.13
969.243	7674.93
969.415	6945.86
969.587	7261.24
969.759	7832.63
969.932	7320.63
970.104	7214.14
970.276	6624.33
970.448	7242.81
970.62	7312.44
970.792	7048.26
970.964	7208
971.136	7781.43
971.308	7390.27
971.48	6814.79
971.652	6878.27
971.824	7576.63
971.996	7156.8
972.168	6798.4
972.339	6880.32
972.511	7322.68
972.683	7238.72
972.855	7187.52
973.027	6779.97
973.199	7547.96
973.37	7386.17
973.542	6837.31
973.714	6966.34
973.886	6970.43
974.057	7291.96
974.229	6548.55
974.401	6511.69
974.572	6927.42
974.744	6945.86
974.915	6405.19
975.087	6732.87
975.259	7412.79
975.43	6886.47
975.602	6435.91
975.773	6519.88
975.945	6865.99
976.116	7230.52
976.288	6624.33
976.459	7029.82
976.63	6986.82
976.802	6874.18
976.973	6446.15
977.145	6888.51
977.316	7572.54
977.487	7869.49
977.659	6609.99
977.83	6476.87
978.001	7187.52
978.172	7197.76
978.344	6351.95
978.515	6530.12
978.686	6693.96
978.857	7173.18
979.028	6347.85
979.2	6386.76
979.371	7081.02
979.542	6847.55
979.713	6628.42
979.884	6030.41
980.055	6507.59
980.226	6718.53
980.397	6147.15
980.568	6181.96
980.739	6927.42
980.91	6423.62
981.081	6499.4
981.252	6157.39
981.423	6519.88
981.594	6521.93
981.765	6028.37
981.936	6134.86
982.106	6267.98
982.277	6626.37
982.448	5960.78
982.619	6243.4
982.79	6173.77
982.96	6493.26
983.131	6274.12
983.302	5502.04
983.472	6124.62
983.643	6487.11
983.814	6016.08
983.984	5987.41
984.155	6186.06
984.326	6435.91
984.496	5991.5
984.667	5743.7
984.837	5774.42
985.008	6485.06
985.178	6093.9
985.349	5760.08
985.519	6001.74
985.69	5663.83
985.86	5581.91
986.031	5352.54
986.201	5932.11
986.371	5876.82
986.542	5264.47
986.712	5186.65
986.882	6052.94
987.053	5878.86
987.223	5100.64
987.393	5612.63
987.563	5784.66
987.734	5956.69
987.904	6042.7
988.074	5225.56
988.244	5618.77
988.414	5735.51
988.585	5143.64
988.755	5407.83
988.925	5686.36
989.095	6175.82
989.265	5061.73
989.435	5385.3
989.605	5819.47
989.775	5729.36
989.945	5637.2
990.115	5006.43
990.285	5512.28
990.455	5702.74
990.625	5336.15
990.795	4990.05
990.965	5817.43
991.134	5360.73
991.304	5074.01
991.474	4996.19
991.644	5319.77
991.814	5944.4
991.984	4766.82
992.153	4944.99
992.323	5219.42
992.493	5475.42
992.662	4727.91
992.832	5033.05
993.002	5088.35
993.171	5508.18
993.341	4539.49
993.511	4645.99
993.68	5074.01
993.85	5166.17
994.019	4625.51
994.189	4365.42
994.358	5117.02
994.528	5092.44
994.697	4273.26
994.867	4510.82
995.036	5340.25
995.206	4934.75
995.375	4519.01
995.544	4643.94
995.714	5334.11
995.883	4994.14
996.052	4787.3
996.222	4060.27
996.391	5309.53
996.56	5031.01
996.73	4351.08
996.899	4234.35
997.068	5266.52
997.237	4936.8
997.406	4410.47
997.576	4072.56
997.745	5086.3
997.914	4658.28
998.083	3783.79
998.252	4131.95
998.421	4684.9
998.59	4473.96
998.759	4152.43
998.928	3857.52
999.097	4891.74
999.266	4707.43
999.435	4547.69
999.604	3937.39
999.773	4967.52
999.942	4510.82
1000.111	3744.88
1000.28	3918.96
1000.448	4308.07
1000.617	4392.04
1000.786	4224.11
1000.955	3718.26
1001.124	4654.18
1001.292	5125.21
1001.461	3785.84
1001.63	3599.48
1001.798	4480.1
1001.967	4449.38
1002.136	3683.44
1002.304	3773.55
1002.473	4578.4
1002.642	4148.33
1002.81	3781.74
1002.979	3619.96
1003.147	4478.05
1003.316	4492.39
1003.484	3687.54
1003.653	3574.9
1003.821	4310.12
1003.99	4078.7
1004.158	3781.74
1004.327	3652.72
1004.495	4244.59
1004.663	4201.58
1004.832	3724.4
1005	3386.49
1005.168	4043.88
1005.337	3806.32
1005.505	3329.14
1005.673	3742.83
1005.842	4303.98
1006.01	3912.81
1006.178	3337.34
1006.346	3236.99
1006.514	3853.42
1006.683	4412.52
1006.851	3337.34
1007.019	3564.66
1007.187	3705.97
1007.355	3368.06
1007.523	2935.93
1007.691	2989.18
1007.859	3570.8
1008.027	4377.7
1008.195	3103.87
1008.363	2868.35
1008.531	3697.78
1008.699	3732.59
1008.867	2831.49
1009.035	3009.66
1009.203	3921.01
1009.37	3535.99
1009.538	2964.61
1009.706	3853.42
1009.874	3544.18
1010.042	3568.76
1010.209	2751.62
1010.377	2794.62
1010.545	3650.67
1010.713	3466.36
1010.88	2974.85
1011.048	3110.01
1011.216	3363.96
1011.383	3703.92
1011.551	2839.68
1011.718	2669.7
1011.886	3488.89
1012.054	3495.03
1012.221	2569.35
1012.389	2698.37
1012.556	3361.91
1012.724	3761.27
1012.891	2909.31
1013.058	2577.54
1013.226	3353.72
1013.393	3257.46
1013.561	2501.76
1013.728	2503.81
1013.895	3615.86
1014.063	3232.89
1014.23	2425.99
1014.397	2620.55
1014.565	3447.93
1014.732	3128.44
1014.899	2393.22
1015.066	2481.28
1015.233	3312.76
1015.401	3191.93
1015.568	2577.54
1015.735	2569.35
1015.902	3277.94
1016.069	3288.18
1016.236	2499.72
1016.403	2290.82
1016.57	2708.61
1016.737	3454.07
1016.904	2292.87
1017.071	2200.71
1017.238	2628.74
1017.405	2761.86
1017.572	2292.87
1017.739	2544.77
1017.906	3325.05
1018.073	2968.7
1018.24	2061.45
1018.407	2251.91
1018.573	2712.71
1018.74	2874.49
1018.907	2280.58
1019.074	1764.5
1019.241	2962.56
1019.407	2507.91
1019.574	2108.55
1019.741	1985.68
1019.907	3183.74
1020.074	3058.81
1020.241	1782.93
1020.407	1733.78
1020.574	2534.53
1020.74	2675.84
1020.907	1883.28
1021.073	1881.23
1021.24	3234.94
1021.406	2708.61
1021.573	1741.97
1021.739	2012.3
1021.906	2825.34
1022.072	2606.21
1022.239	1924.24
1022.405	1930.38
1022.571	2630.79
1022.738	2479.24
1022.904	1895.57
1023.07	2151.56
1023.237	2421.89
1023.403	2718.85
1023.569	1864.85
1023.735	1850.51
1023.902	2503.81
1024.068	2518.15
1024.234	1582.23
1024.4	1778.83
1024.566	2397.32
1024.732	2407.56
1024.898	1834.13
1025.065	1494.16
1025.231	2360.45
1025.397	2397.32
1025.563	1850.51
1025.729	1563.79
1025.895	1881.23
1026.061	2151.56
1026.227	1369.24
1026.392	1713.3
1026.558	2417.8
1026.724	2378.89
1026.89	1651.86
1027.056	1832.08
1027.222	2102.41
1027.388	2120.84
1027.553	1647.76
1027.719	1608.85
1027.885	2745.47
1028.051	2116.75
1028.216	1275.03
1028.382	1528.98
1028.548	2210.95
1028.713	2141.32
1028.879	1299.61
1029.045	1707.15
1029.21	2290.82
1029.376	2188.43
1029.541	1514.64
1029.707	1471.64
1029.873	2278.54
1030.038	2370.69
1030.204	1395.86
1030.369	1447.06
1030.534	2145.42
1030.7	1827.98
1030.865	1438.87
1031.031	1209.5
1031.196	1987.72
1031.361	1954.96
1031.527	1477.78
1031.692	1293.46
1031.857	1713.3
1032.023	2030.73
1032.188	1174.68
1032.353	1340.57
1032.518	2184.33
1032.684	1823.89
1032.849	1115.29
1033.014	1430.68
1033.179	1844.37
1033.344	1842.32
1033.509	1438.87
1033.674	1256.6
1033.839	1963.15
1034.004	2063.5
1034.17	1217.69
1034.335	1125.53
1034.5	1752.21
1034.664	1660.05
1034.829	1176.73
1034.994	1510.55
1035.159	1733.78
1035.324	2053.26
1035.489	1309.85
1035.654	1088.67
1035.819	2489.48
1035.984	1787.02
1036.148	1365.14
1036.313	1182.87
1036.478	1995.92
1036.643	1598.61
1036.807	1150.11
1036.972	1037.47
1037.137	2331.78
1037.301	1811.6
1037.466	801.95
1037.631	1342.61
1037.795	1916.05
1037.96	1594.51
1038.124	1406.1
1038.289	910.49
1038.454	1504.4
1038.618	1725.58
1038.783	1180.82
1038.947	1176.73
1039.111	1315.99
1039.276	1504.4
1039.44	939.16
1039.605	1864.85
1039.769	1516.69
1039.933	1508.5
1040.098	1021.08
1040.262	1342.61
1040.426	1766.54
1040.591	1629.33
1040.755	967.84
1040.919	943.26
1041.083	1842.32
1041.248	1473.68
1041.412	740.51
1041.576	912.54
1041.74	1336.47
1041.904	1590.42
1042.068	851.1
1042.232	984.22
1042.397	1873.04
1042.561	1459.35
1042.725	603.3
1042.889	890.01
1043.053	1459.35
1043.217	1334.42
1043.381	869.53
1043.544	646.3
1043.708	1488.02
1043.872	1254.55
1044.036	582.82
1044.2	668.83
1044.364	1580.18
1044.528	1569.94
1044.691	5557.33
1044.855	619.68
1045.019	1506.45
1045.183	1465.49
1045.346	791.71
1045.51	578.72
1045.674	1535.12
1045.837	1432.72
1046.001	685.22
1046.165	785.57
1046.328	1914
1046.492	1160.34
1046.655	982.17
1046.819	851.1
1046.983	1289.37
1047.146	1172.63
1047.31	877.73
1047.473	515.23
1047.636	1291.41
1047.8	1146.01
1047.963	726.18
1048.127	525.47
1048.29	1086.62
