345.52	-1287.49
345.736	-1287.49
345.952	-1287.49
346.168	-1314.11
346.384	-1310.02
346.6	-183.63
346.816	-202.07
347.032	-157.01
347.248	543.39
347.464	-408.91
347.68	-298.32
347.896	-68.95
348.112	314.02
348.328	-50.52
348.544	103.08
348.76	152.23
348.975	256.68
349.191	-402.77
349.407	-494.93
349.623	287.4
349.839	160.42
350.055	-286.03
350.27	-40.28
350.486	148.14
350.702	221.86
350.918	320.17
351.133	-140.63
351.349	191.14
351.565	535.2
351.781	-365.9
351.996	60.07
352.212	246.44
352.428	129.7
352.644	-337.23
352.859	-359.76
353.075	275.11
353.291	121.51
353.506	-283.99
353.722	-396.62
353.938	-79.19
354.153	543.39
354.369	277.16
354.584	-339.28
354.8	295.59
355.016	-114
355.231	-429.39
355.447	-191.83
355.662	397.99
355.878	778.91
356.093	-546.13
356.309	-95.57
356.524	-66.9
356.74	453.28
356.955	-425.29
357.171	-163.15
357.386	139.94
357.602	25.26
357.817	-81.24
358.033	-195.92
358.248	367.27
358.464	383.65
358.679	-243.03
358.895	-447.82
359.11	-56.66
359.325	172.71
359.541	451.24
359.756	6.83
359.972	-183.63
360.187	486.05
360.402	-316.75
360.618	-247.12
360.833	1704.59
361.048	172.71
361.264	-197.97
361.479	-58.71
361.694	205.48
361.909	217.77
362.125	-326.99
362.34	-144.72
362.555	266.92
362.77	279.21
362.986	-398.67
363.201	-193.87
363.416	275.11
363.631	94.89
363.847	-283.99
364.062	-292.18
364.277	176.81
364.492	21.16
364.707	-240.98
364.922	-398.67
365.138	326.31
365.353	377.51
365.568	-419.15
365.783	-195.92
365.998	379.56
366.213	672.42
366.428	-349.52
366.643	115.37
366.858	199.34
367.073	262.82
367.288	-214.35
367.503	-232.79
367.718	84.65
367.933	486.05
368.148	-333.14
368.363	-56.66
368.578	215.72
368.793	486.05
369.008	-107.86
369.223	-423.25
369.438	297.64
369.653	301.73
369.868	-408.91
370.083	-408.91
370.298	314.02
370.513	594.59
370.728	119.46
370.943	-255.31
371.157	-7.51
371.372	770.72
371.587	-378.19
371.802	-331.09
372.017	240.29
372.232	500.39
372.446	-40.28
372.661	-308.56
372.876	123.56
373.091	254.63
373.306	-89.43
373.52	-400.72
373.735	58.03
373.95	545.44
374.165	-191.83
374.379	-187.73
374.594	12.97
374.809	311.97
375.023	131.75
375.238	-326.99
375.453	344.74
375.667	-64.85
375.882	-243.03
376.097	-275.79
376.311	15.02
376.526	340.65
376.741	-300.37
376.955	256.68
377.17	494.24
377.384	1010.33
377.599	47.79
377.813	-464.21
378.028	787.1
378.242	367.27
378.457	-138.58
378.672	-380.24
378.886	47.79
379.101	141.99
379.315	-437.58
379.53	-150.87
379.744	426.66
379.958	354.98
380.173	-243.03
380.387	-343.38
380.602	357.03
380.816	12.97
381.031	-154.96
381.245	-206.16
381.459	234.15
381.674	1057.43
381.888	-468.3
382.103	236.2
382.317	148.14
382.531	385.7
382.746	-52.56
382.96	-175.44
383.174	137.9
383.388	762.53
383.603	170.66
383.817	-343.38
384.031	137.9
384.246	496.29
384.46	2.73
384.674	688.8
384.888	33.45
385.103	410.28
385.317	-511.31
385.531	15.02
385.745	692.9
385.959	453.28
386.174	-249.17
386.388	-349.52
386.602	246.44
386.816	31.4
387.03	-161.11
387.244	-109.91
387.458	279.21
387.672	381.6
387.887	-404.82
388.101	-208.21
388.315	414.37
388.529	205.48
388.743	-128.34
388.957	-294.22
389.171	451.24
389.385	-1.37
389.599	-226.64
389.813	-38.23
390.027	187.05
390.241	942.75
390.455	-159.06
390.669	-44.37
390.883	166.57
391.097	725.66
391.311	201.38
391.525	-179.54
391.738	527.01
391.952	479.91
392.166	4.78
392.38	-345.42
392.594	385.7
392.808	354.98
393.022	23.21
393.236	-159.06
393.449	266.92
393.663	527.01
393.877	-261.46
394.091	2.73
394.305	164.52
394.518	105.13
394.732	-261.46
394.946	-81.24
395.16	832.16
395.373	193.19
395.587	-228.69
395.801	-247.12
396.015	453.28
396.228	377.51
396.442	-279.89
396.656	-431.44
396.869	436.9
397.083	893.6
397.297	-56.66
397.51	-134.48
397.724	301.73
397.938	281.25
398.151	-380.24
398.365	-374.1
398.578	500.39
398.792	631.46
399.005	117.42
399.219	-226.64
399.433	379.56
399.646	418.47
399.86	246.44
400.073	191.14
400.287	410.28
400.5	332.45
400.714	115.37
400.927	-97.62
401.141	594.59
401.354	1782.42
401.567	631.46
401.781	-310.61
401.994	334.5
402.208	748.19
402.421	76.46
402.635	-146.77
402.848	31.4
403.061	432.8
403.275	-64.85
403.488	-161.11
403.701	633.5
403.915	668.32
404.128	160.42
404.341	-122.2
404.555	840.35
404.768	58.03
404.981	248.49
405.195	-34.13
405.408	557.73
405.621	412.32
405.834	252.58
406.048	-175.44
406.261	615.07
406.474	490.15
406.687	-101.72
406.9	-11.61
407.114	451.24
407.327	647.84
407.54	-228.69
407.753	-263.51
407.966	205.48
408.179	295.59
408.392	-132.44
408.605	-329.04
408.819	428.71
409.032	541.35
409.245	0.68
409.458	240.29
409.671	383.65
409.884	561.83
410.097	-247.12
410.31	176.81
410.523	703.14
410.736	213.67
410.949	15.02
411.162	-95.57
411.375	529.06
411.588	434.85
411.801	172.71
412.014	-68.95
412.227	234.15
412.44	328.36
412.653	25.26
412.865	262.82
413.078	606.88
413.291	512.67
413.504	135.85
413.717	-177.49
413.93	752.29
414.143	174.76
414.356	115.37
414.568	-216.4
414.781	527.01
414.994	561.83
415.207	117.42
415.42	107.18
415.632	436.9
415.845	957.08
416.058	-175.44
416.271	-159.06
416.483	553.63
416.696	688.8
416.909	-58.71
417.121	-30.04
417.334	426.66
417.547	656.03
417.759	-54.61
417.972	-44.37
418.185	273.06
418.397	500.39
418.61	17.07
418.823	-75.09
419.035	791.2
419.248	541.35
419.46	55.98
419.673	98.99
419.885	342.69
420.098	445.09
420.311	-52.56
420.523	-335.18
420.736	610.98
420.948	393.89
421.161	-11.61
421.373	-202.07
421.586	309.93
421.798	123.56
422.01	-185.68
422.223	299.69
422.435	176.81
422.648	797.34
422.86	-58.71
423.073	96.94
423.285	465.57
423.497	148.14
423.71	76.46
423.922	33.45
424.134	778.91
424.347	924.32
424.559	438.95
424.771	447.14
424.984	580.26
425.196	457.38
425.408	-138.58
425.621	-111.96
425.833	656.03
426.045	854.69
426.257	-73.04
426.47	119.46
426.682	357.03
426.894	512.67
427.106	55.98
427.318	246.44
427.531	420.52
427.743	608.93
427.955	115.37
428.167	858.78
428.379	383.65
428.591	418.47
428.804	236.2
429.016	0.68
429.228	604.83
429.44	696.99
429.652	13767.13
429.864	-44.37
430.076	541.35
430.288	740
430.5	377.51
430.712	283.3
430.924	680.61
431.136	699.04
431.348	29.35
431.56	68.27
431.772	410.28
431.984	410.28
432.196	-81.24
432.408	107.18
432.62	551.59
432.832	746.14
433.044	588.45
433.256	283.3
433.468	705.18
433.679	295.59
433.891	-13.65
434.103	481.96
434.315	996
434.527	744.1
434.739	389.8
434.95	254.63
435.162	580.26
435.374	293.54
435.586	279.21
435.798	174.76
436.009	467.62
436.221	434.85
436.433	268.97
436.645	135.85
436.856	502.43
437.068	981.66
437.28	113.32
437.491	572.07
437.703	762.53
437.915	635.55
438.126	141.99
438.338	647.84
438.55	617.12
438.761	559.78
438.973	299.69
439.184	240.29
439.396	565.92
439.608	666.27
439.819	125.61
440.031	326.31
440.242	920.22
440.454	918.17
440.665	258.73
440.877	477.86
441.088	975.52
441.3	785.05
441.511	-40.28
441.723	201.38
441.934	1133.21
442.146	862.88
442.357	436.9
442.569	834.21
442.78	922.27
442.991	1342.1
443.203	752.29
443.414	305.83
443.626	1079.96
443.837	737.95
444.048	221.86
444.26	111.27
444.471	830.11
444.682	848.54
444.894	242.34
445.105	203.43
445.316	1067.67
445.528	883.36
445.739	494.24
445.95	488.1
446.161	762.53
446.373	891.55
446.584	434.85
446.795	297.64
447.006	1151.64
447.217	1118.87
447.429	252.58
447.64	361.13
447.851	1598.1
448.062	1041.05
448.273	146.09
448.484	316.07
448.695	924.32
448.907	1010.33
449.118	471.72
449.329	912.03
449.54	785.05
449.751	711.33
449.962	461.48
450.173	477.86
450.384	946.84
450.595	1292.95
450.806	406.18
451.017	406.18
451.228	1217.18
451.439	959.13
451.65	578.21
451.861	129.7
452.072	832.16
452.283	961.18
452.494	641.7
452.705	539.3
452.915	1464.98
453.126	967.32
453.337	645.79
453.548	393.89
453.759	1485.46
453.97	1264.28
454.181	1153.69
454.391	551.59
454.602	1016.48
454.813	1499.8
455.024	545.44
455.235	461.48
455.445	1286.81
455.656	1073.82
455.867	950.94
456.078	623.27
456.288	1047.19
456.499	1299.09
456.71	524.96
456.921	1000.09
457.131	1090.2
457.342	1002.14
457.553	643.74
457.763	651.94
457.974	967.32
458.184	1159.83
458.395	600.74
458.606	357.03
458.816	1471.12
459.027	1493.65
459.237	901.79
459.448	670.37
459.659	1344.15
459.869	2208.39
460.08	486.05
460.29	854.69
460.501	1419.92
460.711	1274.52
460.922	408.23
461.132	690.85
461.343	2189.96
461.553	1065.63
461.764	631.46
461.974	705.18
462.184	1499.8
462.395	1444.5
462.605	862.88
462.816	488.1
463.026	1530.52
463.236	1415.83
463.447	670.37
463.657	676.51
463.867	1589.91
464.078	1184.41
464.288	766.62
464.498	944.8
464.709	1559.19
464.919	1536.66
465.129	1067.67
465.339	778.91
465.55	1471.12
465.76	1723.02
465.97	944.8
466.18	1010.33
466.391	1737.36
466.601	1585.81
466.811	1151.64
467.021	844.45
467.231	1745.55
467.441	1778.32
467.651	1067.67
467.862	651.94
468.072	1618.58
468.282	1612.43
468.492	926.36
468.702	1233.56
468.912	1643.15
469.122	2413.19
469.332	1512.08
469.542	1065.63
469.752	2192.01
469.962	1665.68
470.172	1141.4
470.382	1106.59
470.592	1970.83
470.802	1979.02
471.012	1520.28
471.222	1313.43
471.432	1837.71
471.642	2005.64
471.852	1528.47
472.062	1196.7
472.272	1925.77
472.482	1718.93
472.691	1247.9
472.901	1254.04
473.111	1708.69
473.321	2488.96
473.531	1428.12
473.741	1561.23
473.95	2259.59
474.16	2085.51
474.37	1673.87
474.58	1385.11
474.79	2693.76
474.999	2118.28
475.209	1546.9
475.419	1702.54
475.628	2349.7
475.838	2523.78
476.048	1901.2
476.258	1487.51
476.467	2542.21
476.677	2151.05
476.886	2216.58
477.096	1981.07
477.306	2228.87
477.515	2482.82
477.725	2077.32
477.935	2132.62
478.144	3050.11
478.354	2409.09
478.563	2024.08
478.773	1901.2
478.982	2740.86
479.192	2671.23
479.401	2134.67
479.611	2062.99
479.82	2314.89
480.03	2730.62
480.239	2058.89
480.449	2003.6
480.658	2949.76
480.868	2765.44
481.077	2335.37
481.287	2247.3
481.496	2941.57
481.705	3105.4
481.915	2742.91
482.124	2648.71
482.333	3050.11
482.543	3435.13
482.752	2714.24
482.961	2409.09
483.171	3148.41
483.38	2841.22
483.589	2626.18
483.799	2497.16
484.008	3007.1
484.217	2904.7
484.426	2722.43
484.636	2540.16
484.845	3252.86
485.054	2859.65
485.263	3148.41
485.472	2607.75
485.682	3396.21
485.891	3297.91
486.1	2564.74
486.309	2685.57
486.518	3742.32
486.727	4416.1
486.936	2712.19
487.146	3240.57
487.355	3703.41
487.564	3218.04
487.773	2992.76
487.982	3068.54
488.191	3379.83
488.4	3883.63
488.609	3091.07
488.818	3187.32
489.027	4035.18
489.236	3955.31
489.445	3342.97
489.654	2927.23
489.863	4100.72
490.072	3619.44
490.281	4092.52
490.49	3367.54
490.698	4182.63
490.907	4553.32
491.116	3410.55
491.325	3293.82
491.534	4258.41
491.743	3842.67
491.952	3639.92
492.16	3627.64
492.369	4383.34
492.578	4371.05
492.787	3754.61
492.996	3287.67
493.204	3910.25
493.413	4475.49
493.622	3572.34
493.831	3338.87
494.039	4805.22
494.248	4004.46
494.457	3656.31
494.665	3574.39
494.874	4424.3
495.083	4940.38
495.291	3687.03
495.5	3727.99
495.709	4586.08
495.917	4319.85
496.126	3947.12
496.335	3715.7
496.543	4424.3
496.752	4485.73
496.96	4416.1
497.169	3662.45
497.377	4385.38
497.586	4700.77
497.794	4098.67
498.003	3693.17
498.211	4575.84
498.42	4874.85
498.628	4078.19
498.837	3965.55
499.045	4786.79
499.254	4659.81
499.462	4141.68
499.671	4131.44
499.879	5720.66
500.087	4862.56
500.296	3961.45
500.504	4250.22
500.713	4924
500.921	5186.14
501.129	4305.51
501.338	4194.92
501.546	4991.58
501.754	4891.23
501.962	4420.2
502.171	4153.96
502.379	5100.12
502.587	5071.45
502.795	4487.78
503.004	4512.36
503.212	5304.92
503.42	5309.02
503.628	4661.86
503.837	4790.88
504.045	5182.04
504.253	5700.18
504.461	4364.9
504.669	4328.04
504.877	5667.41
505.085	5509.72
505.294	4522.6
505.502	5083.74
505.71	5720.66
505.918	5163.61
506.126	4440.68
506.334	4700.77
506.542	5388.89
506.75	5360.22
506.958	5065.31
507.166	4835.94
507.374	5132.89
507.582	5648.98
507.79	4993.63
507.998	4844.13
508.206	5673.56
508.414	5550.68
508.622	4727.39
508.83	4872.8
509.037	5499.48
509.245	5216.86
509.453	4958.81
509.661	4690.53
509.869	5728.85
510.077	5528.15
510.285	5208.67
510.492	4770.4
510.7	6138.44
510.908	5407.32
511.116	4866.66
511.324	4803.17
511.531	5616.21
511.739	5642.84
511.947	5352.02
512.155	5599.83
512.362	5880.4
512.57	5440.09
512.778	5007.97
512.985	4895.33
513.193	5818.96
513.401	6191.69
513.608	5290.59
513.816	5141.08
514.024	5843.54
514.231	5933.65
514.439	5270.11
514.646	5261.91
514.854	6251.08
515.061	6105.68
515.269	5452.38
515.477	5409.37
515.684	5665.36
515.892	6167.12
516.099	5186.14
516.307	5427.8
516.514	6382.15
516.722	6507.08
516.929	5433.94
517.136	5487.19
517.344	6240.84
517.551	6312.52
517.759	5425.75
517.966	5595.73
518.173	6052.43
518.381	6363.72
518.588	5642.84
518.796	5300.83
519.003	6449.74
519.21	6122.06
519.418	5644.88
519.625	6136.4
519.832	6390.35
520.039	6382.15
520.247	5251.67
520.454	5735
520.661	6269.51
520.868	6382.15
521.076	5620.31
521.283	5798.48
521.49	6941.25
521.697	6414.92
521.904	5784.15
522.112	5970.51
522.319	6666.82
522.526	6654.53
522.733	5849.68
522.94	5894.74
523.147	6496.84
523.354	6416.97
523.561	5769.81
523.768	6177.36
523.975	6713.92
524.183	6664.77
524.39	6363.72
524.597	5954.13
524.804	6537.8
525.011	6558.28
525.218	5964.37
525.425	6126.16
525.632	6982.21
525.838	6687.3
526.045	6005.33
526.252	6427.21
526.459	8475.18
526.666	8565.29
526.873	6199.88
527.08	6367.82
527.287	7127.61
527.494	6988.35
527.701	6169.16
527.907	6019.66
528.114	7109.18
528.321	6957.63
528.528	6427.21
528.735	6443.59
528.941	6855.23
529.148	6707.78
529.355	6644.29
529.562	6408.78
529.768	7795.25
529.975	6750.79
530.182	6373.96
530.388	6378.06
530.595	7397.95
530.802	6697.54
531.008	6779.46
531.215	6754.88
531.422	7914.03
531.628	8016.43
531.835	6644.29
532.042	6679.11
532.248	7279.16
532.455	7416.38
532.661	6715.97
532.868	6464.07
533.074	7475.77
533.281	7635.51
533.487	6660.68
533.694	6726.21
533.9	7381.56
534.107	7174.72
534.313	6881.86
534.52	6898.24
534.726	7567.93
534.933	7938.61
535.139	6861.38
535.345	6662.72
535.552	7807.54
535.758	7959.09
535.965	6947.39
536.171	6928.96
536.377	7623.22
536.584	8227.37
536.79	7135.81
536.996	7115.33
537.203	7807.54
537.409	8036.91
537.615	7053.89
537.821	7342.65
538.028	8208.94
538.234	7809.59
538.44	7195.2
538.646	7418.43
538.853	7651.89
539.059	7742
539.265	7903.79
539.471	7115.33
539.677	7995.95
539.883	8028.72
540.09	9028.13
540.296	7875.12
540.502	7975.47
540.708	7975.47
540.914	7856.69
541.12	7160.38
541.326	8356.4
541.532	8167.98
541.738	7737.91
541.944	7545.4
542.15	8380.97
542.356	7932.47
542.562	7418.43
542.768	7594.55
542.974	8639.01
543.18	8612.39
543.386	7911.99
543.592	7291.45
543.798	9048.61
544.004	8757.8
544.21	7541.3
544.415	7877.17
544.621	8569.38
544.827	9071.14
545.033	7828.02
545.239	8233.52
545.445	8010.29
545.651	8591.91
545.856	7930.42
546.062	7871.03
546.268	8452.65
546.474	8729.13
546.679	7707.19
546.885	7731.76
547.091	8456.75
547.297	8753.7
547.502	8018.48
547.708	7772.72
547.914	8411.69
548.119	8897.06
548.325	7856.69
548.531	7780.92
548.736	9185.82
548.942	8409.64
549.147	8034.86
549.353	8354.35
549.559	9204.25
549.764	8897.06
549.97	7905.84
550.175	8137.26
550.381	9001.51
550.586	8254
550.792	8012.34
550.997	8022.58
551.203	8882.72
551.408	8989.22
551.614	7891.51
551.819	8260.14
552.025	9472.54
552.23	8901.15
552.435	8002.1
552.641	8569.38
552.846	8827.43
553.052	9480.73
553.257	8753.7
553.462	8270.38
553.668	8710.69
553.873	9130.53
554.078	8448.55
554.283	8337.96
554.489	9267.74
554.694	8768.04
554.899	8077.87
555.105	8915.49
555.31	9286.17
555.515	9341.47
555.72	8747.56
555.925	9679.38
556.131	9304.6
556.336	9052.7
556.541	8393.26
556.746	8481.32
556.951	9673.24
557.156	9224.73
557.361	8829.48
557.567	9001.51
557.772	9609.75
557.977	9503.26
558.182	8673.83
558.387	8720.93
558.592	9169.44
558.797	9871.89
559.002	8858.15
559.207	8946.21
559.412	9579.03
559.617	9900.56
559.822	8708.65
560.027	8763.94
560.232	9349.66
560.437	9734.68
560.642	8665.64
560.847	8620.58
561.051	9298.46
561.256	9515.55
561.461	8942.11
561.666	8626.73
561.871	9298.46
562.076	9912.85
562.281	8761.89
562.485	8841.76
562.69	9640.47
562.895	9630.23
563.1	8776.23
563.305	8731.17
563.509	9708.05
563.714	9974.29
563.919	8790.56
564.123	8837.67
564.328	9359.9
564.533	10025.49
564.737	8923.68
564.942	8706.6
565.147	9931.28
565.351	9988.63
565.556	9228.83
565.761	9167.39
565.965	9777.69
566.17	9622.04
566.374	9153.05
566.579	9024.03
566.784	9828.88
566.988	9687.57
567.193	9089.57
567.397	9570.84
567.602	9650.71
567.806	9642.52
568.011	9294.36
568.215	9241.12
568.42	9677.33
568.624	9970.19
568.828	9349.66
569.033	9628.18
569.237	10093.07
569.442	10230.29
569.646	8985.12
569.85	9310.75
570.055	9925.14
570.259	10080.78
570.463	9841.17
570.668	9605.66
570.872	9945.62
571.076	10115.6
571.281	9634.33
571.485	9546.26
571.689	10117.65
571.893	10332.68
572.098	9777.69
572.302	9462.3
572.506	10203.66
572.71	10174.99
572.914	9450.01
573.119	9437.72
573.323	10506.76
573.527	10519.05
573.731	9728.53
573.935	9732.63
574.139	10306.06
574.343	9947.67
574.547	9652.76
574.751	9667.1
574.955	10158.61
575.159	10545.67
575.364	9718.29
575.568	9507.35
575.772	10332.68
575.976	10267.15
576.18	9585.18
576.383	9646.62
576.587	10727.94
576.791	10570.25
576.995	9566.74
577.199	9474.59
577.403	10158.61
577.607	10709.51
577.811	9699.86
578.015	9962
578.219	10609.16
578.422	10641.93
578.626	10072.59
578.83	10326.54
579.034	11028.99
579.238	10867.2
579.442	9945.62
579.645	10670.6
579.849	10648.07
580.053	10891.78
580.257	10187.28
580.46	10197.52
580.664	10871.3
580.868	11014.66
581.071	10445.32
581.275	10361.36
581.479	10547.72
581.682	10908.16
581.886	9773.59
582.09	10267.15
582.293	10975.75
582.497	10940.93
582.7	10484.23
582.904	10400.27
583.107	10947.08
583.311	11043.33
583.515	10244.62
583.718	10258.96
583.922	11115.01
584.125	11516.41
584.329	10351.12
584.532	10406.41
584.735	11223.55
584.939	11012.61
585.142	10066.45
585.346	10287.63
585.549	11076.1
585.753	10910.21
585.956	10449.42
586.159	10633.74
586.363	11602.43
586.566	11121.15
586.769	10390.03
586.973	10263.05
587.176	11229.7
587.379	11166.21
587.582	10897.92
587.786	10813.96
587.989	11436.54
588.192	12386.8
588.395	10899.97
588.599	11039.23
588.802	11262.46
589.005	11448.83
589.208	10865.16
589.411	10695.18
589.615	11258.37
589.818	11686.39
590.021	11127.3
590.224	11110.91
590.427	11700.73
590.63	11563.51
590.833	10543.63
591.036	10547.72
591.239	11463.16
591.442	11141.63
591.645	11112.96
591.848	10906.12
592.051	11467.26
592.254	11608.57
592.457	11158.02
592.66	11145.73
592.863	11667.96
593.066	11878.9
593.269	11002.37
593.472	11184.64
593.675	11655.67
593.878	11624.95
594.081	11102.72
594.284	10852.87
594.486	11887.09
594.689	11692.54
594.892	11155.97
595.095	11342.33
595.298	11715.06
595.5	11330.05
595.703	11364.86
595.906	11452.92
596.109	11811.32
596.311	11796.98
596.514	10721.8
596.717	11411.96
596.92	11983.35
597.122	11977.2
597.325	11049.47
597.528	11108.87
597.73	12190.19
597.933	11842.04
598.136	11577.85
598.338	11180.54
598.541	12532.2
598.743	12315.12
598.946	11528.7
599.148	11590.14
599.351	11956.72
599.554	12159.47
599.756	11760.12
599.959	11565.56
600.161	12136.95
600.363	12841.45
600.566	11764.22
600.768	11622.91
600.971	12265.97
601.173	12098.03
601.376	11670.01
601.578	11653.62
601.78	12155.38
601.983	12868.07
602.185	11641.34
602.388	11991.54
602.59	12208.62
602.792	12161.52
602.995	11973.11
603.197	11710.97
603.399	12513.77
603.601	12435.95
603.804	11893.24
604.006	11729.4
604.208	12118.51
604.41	11983.35
604.613	11983.35
604.815	11598.33
605.017	12659.18
605.219	12157.43
605.421	12489.2
605.623	11751.93
605.826	12583.4
606.028	12988.9
606.23	11762.17
606.432	11784.69
606.634	12653.03
606.836	12796.39
607.038	11500.03
607.24	12120.56
607.442	12700.14
607.644	12814.82
607.846	11864.57
608.048	11782.65
608.25	12839.4
608.452	12302.83
608.654	12130.8
608.856	11549.18
609.058	12298.73
609.26	12722.66
609.462	12061.17
609.664	11887.09
609.866	12595.69
610.067	12564.97
610.269	12190.19
610.471	12024.31
610.673	12315.12
610.875	12401.13
611.077	11561.47
611.278	12114.42
611.48	12628.46
611.682	12745.19
611.884	12341.74
612.085	12190.19
612.287	12380.65
612.489	12304.88
612.69	11930.1
612.892	12403.18
613.094	12956.13
613.295	12730.86
613.497	11776.5
613.699	12296.69
613.9	12896.74
614.102	12632.55
614.304	12229.1
614.505	11946.48
614.707	12784.1
614.908	12718.57
615.11	11774.45
615.311	12313.07
615.513	12550.64
615.714	12587.5
615.916	11772.41
616.117	12376.56
616.319	12741.1
616.52	13210.08
616.722	12159.47
616.923	12093.94
617.124	12952.04
617.326	12571.11
617.527	12351.98
617.729	12456.43
617.93	12698.09
618.131	12804.58
618.333	11930.1
618.534	12220.91
618.735	12706.28
618.937	12716.52
619.138	11936.24
619.339	12075.51
619.54	12820.97
619.742	13117.92
619.943	12220.91
620.144	12270.06
620.345	13046.24
620.546	12691.94
620.748	12272.11
620.949	12329.45
621.15	13021.67
621.351	12646.89
621.552	12370.41
621.753	11880.95
621.954	12603.88
622.155	13048.29
622.356	12190.19
622.558	12519.92
622.759	13128.16
622.96	12984.8
623.161	12474.86
623.362	12317.17
623.563	12935.65
623.764	12773.86
623.965	12198.38
624.166	12657.13
624.366	12810.73
624.567	13044.2
624.768	12241.39
624.969	12122.61
625.17	12677.61
625.371	12939.75
625.572	12825.06
625.773	12399.09
625.973	13044.2
626.174	13263.33
626.375	12605.93
626.576	12710.38
626.777	13257.18
626.977	13140.45
627.178	12648.94
627.379	12661.23
627.58	12741.1
627.78	13218.27
627.981	12610.03
628.182	12769.77
628.382	13054.44
628.583	12687.85
628.784	12397.04
628.984	12550.64
629.185	13089.25
629.386	13298.14
629.586	12669.42
629.787	12272.11
629.987	12988.9
630.188	13119.97
630.388	12431.85
630.589	12851.69
630.79	13793.75
630.99	12970.47
631.191	12485.1
631.391	13029.86
631.591	13177.31
631.792	13398.49
631.992	12820.97
632.193	12714.47
632.393	13416.93
632.594	13156.83
632.794	12569.07
632.994	13111.78
633.195	13152.74
633.395	13150.69
633.595	12677.61
633.796	12868.07
633.996	13433.31
634.196	13214.18
634.397	12515.82
634.597	12884.45
634.797	13308.38
634.997	13468.13
635.198	12970.47
635.398	12499.44
635.598	13726.17
635.798	13197.79
635.998	13205.99
636.199	12737
636.399	13042.15
636.599	12673.51
636.799	12859.88
636.999	13009.38
637.199	13289.95
637.399	13476.32
637.599	12794.34
637.799	12794.34
637.999	13398.49
638.199	13603.29
638.399	12882.41
638.599	12780.01
638.799	13539.8
638.999	13685.21
639.199	12943.85
639.399	13244.9
639.599	13580.76
639.799	13072.87
639.999	12929.51
640.199	12796.39
640.399	13349.34
640.599	13713.88
640.799	13066.72
640.998	13136.35
641.198	13564.38
641.398	13576.67
641.598	13365.73
641.798	13197.79
641.997	14584.27
642.197	13425.12
642.397	13345.25
642.597	13013.48
642.796	13541.85
642.996	13580.76
643.196	13486.56
643.395	12679.66
643.595	13457.89
643.795	13056.48
643.994	13001.19
644.194	13380.06
644.394	14031.32
644.593	14172.63
644.793	13185.51
644.992	13353.44
645.192	13754.84
645.392	13289.95
645.591	13341.15
645.791	13124.07
645.99	13976.02
646.19	13375.97
646.389	12980.71
646.589	13212.13
646.788	13728.22
646.987	13613.53
647.187	13873.62
647.386	13699.55
647.586	13771.22
647.785	14150.1
647.984	13015.52
648.184	13443.55
648.383	13752.79
648.582	13537.76
648.782	13197.79
648.981	13388.25
649.18	13523.42
649.38	13455.84
649.579	13273.57
649.778	13177.31
649.977	13875.67
650.177	13959.64
650.376	13316.58
650.575	13205.99
650.774	14078.42
650.973	13842.9
651.173	13050.34
651.372	13384.16
651.571	13677.02
651.77	13996.5
651.969	13351.39
652.168	13371.87
652.367	13513.18
652.566	13670.87
652.765	13326.82
652.964	13879.77
653.163	14324.18
653.362	13877.72
653.561	13345.25
653.76	13386.21
653.959	13722.07
654.158	14248.4
654.357	13881.81
654.556	13412.83
654.755	14047.7
654.954	13971.93
655.153	13427.17
655.352	13504.99
655.551	13922.77
655.749	13881.81
655.948	13597.15
656.147	13705.69
656.346	13922.77
656.545	14031.32
656.743	13341.15
656.942	13496.8
657.141	13842.9
657.34	14041.56
657.538	13466.08
657.737	13539.8
657.936	14166.48
658.135	13783.51
658.333	13382.11
658.532	13760.98
658.731	14414.29
658.929	14393.81
659.128	13754.84
659.326	13230.56
659.525	14494.16
659.724	13914.58
659.922	12974.56
660.121	13234.66
660.319	13797.85
660.518	13648.35
660.716	13674.97
660.915	13828.57
661.113	14434.77
661.312	13744.6
661.51	13742.55
661.709	13554.14
661.907	14246.35
662.105	14565.84
662.304	13634.01
662.502	13847
662.701	14152.15
662.899	13820.38
663.097	13953.49
663.296	13445.6
663.494	14203.35
663.692	14164.43
663.891	13349.34
664.089	13384.16
664.287	14107.09
664.485	14123.48
664.684	13431.26
664.882	13548
665.08	13713.88
665.278	14051.8
665.476	13375.97
665.675	13756.89
665.873	14197.2
666.071	14250.45
666.269	13523.42
666.467	14041.56
666.665	14320.08
666.863	14023.12
667.061	13920.73
667.259	13760.98
667.457	13967.83
667.655	14139.86
667.853	13541.85
668.051	13853.14
668.249	13830.62
668.447	14385.62
668.645	13183.46
668.843	14299.6
669.041	14344.66
669.239	13941.21
669.437	13697.5
669.635	13857.24
669.833	14131.67
670.031	14098.9
670.229	13687.26
670.426	13988.31
670.624	14238.16
670.822	14223.83
671.02	13320.67
671.218	13976.02
671.415	14064.08
671.613	14086.61
671.811	14051.8
672.009	13744.6
672.206	14272.98
672.404	14012.88
672.602	13959.64
672.799	13877.72
672.997	14311.89
673.195	13924.82
673.392	13779.42
673.59	13459.93
673.788	14186.96
673.985	13359.58
674.183	13799.9
674.38	13707.74
674.578	14225.87
674.775	14027.22
674.973	13654.49
675.17	13459.93
675.368	14135.76
675.565	14080.47
675.763	13730.27
675.96	13580.76
676.158	14412.24
676.355	14119.38
676.553	13382.11
676.75	13513.18
676.947	13830.62
677.145	13730.27
677.342	13531.61
677.539	13636.06
677.737	14070.23
677.934	14377.42
678.131	13699.55
678.329	13677.02
678.526	14586.32
678.723	14156.24
678.92	13754.84
679.118	13918.68
679.315	13607.39
679.512	14363.09
679.709	13697.5
679.906	13672.92
680.104	14358.99
680.301	13896.15
680.498	13246.94
680.695	13328.86
680.892	13922.77
681.089	13982.17
681.286	13883.86
681.483	13509.08
681.68	14051.8
681.877	13937.11
682.075	13414.88
682.272	13638.11
682.469	14074.32
682.665	13840.86
682.862	13343.2
683.059	13257.18
683.256	13748.7
683.453	13830.62
683.65	13490.65
683.847	13642.2
684.044	13789.66
684.241	13875.67
684.438	13533.66
684.635	13115.87
684.831	14283.22
685.028	14164.43
685.225	13310.43
685.422	13748.7
685.619	13965.78
685.815	13611.48
686.012	13500.89
686.209	13103.59
686.405	13507.04
686.602	13771.22
686.799	13122.02
686.996	13271.52
687.192	13537.76
687.389	14541.26
687.586	13279.71
687.782	13396.45
687.979	14352.85
688.175	13523.42
688.372	13081.06
688.568	13410.78
688.765	13599.2
688.962	14084.56
689.158	13525.47
689.355	12984.8
689.551	13541.85
689.748	13730.27
689.944	13443.55
690.14	13353.44
690.337	13842.9
690.533	13877.72
690.73	13529.56
690.926	13412.83
691.123	13500.89
691.319	13842.9
691.515	13003.24
691.712	13115.87
691.908	13652.44
692.104	13695.45
692.301	13310.43
692.497	12810.73
692.693	13701.59
692.889	13617.63
693.086	13361.63
693.282	13156.83
693.478	13732.31
693.674	14295.5
693.87	13474.27
694.067	12841.45
694.263	13689.31
694.459	13601.24
694.655	13642.2
694.851	13466.08
695.047	13603.29
695.243	13597.15
695.439	13224.42
695.635	12995.04
695.831	13445.6
696.027	13224.42
696.224	13017.57
696.42	13527.52
696.615	13851.1
696.811	13939.16
697.007	12816.87
697.203	12927.46
697.399	13691.35
697.595	13382.11
697.791	12911.08
697.987	13097.44
698.183	13222.37
698.379	13324.77
698.575	13033.96
698.77	13287.9
698.966	13611.48
699.162	13789.66
699.358	12810.73
699.554	12857.83
699.749	13785.56
699.945	13533.66
700.141	13316.58
700.337	12964.32
700.532	13283.81
700.728	13246.94
700.924	12724.71
701.119	12814.82
701.315	13378.01
701.511	13328.86
701.706	13079.01
701.902	12755.43
702.097	13341.15
702.293	13337.06
702.489	12906.98
702.684	12913.13
702.88	13685.21
703.075	13074.92
703.271	12767.72
703.466	12780.01
703.662	13033.96
703.857	12861.93
704.053	12732.9
704.248	13042.15
704.443	13613.53
704.639	13586.91
704.834	12886.5
705.03	12786.15
705.225	13222.37
705.42	13423.07
705.616	12851.69
705.811	12784.1
706.006	12882.41
706.202	13214.18
706.397	12780.01
706.592	12544.49
706.787	13113.83
706.983	12710.38
707.178	13279.71
707.373	12739.05
707.568	13111.78
707.763	13126.11
707.959	12358.13
708.154	12677.61
708.349	12839.4
708.544	13234.66
708.739	12857.83
708.934	12628.46
709.129	13093.35
709.324	13328.86
709.519	12634.6
709.714	12313.07
709.909	13279.71
710.104	13201.89
710.299	12538.35
710.494	12829.16
710.689	12917.22
710.884	12931.56
711.079	12507.63
711.274	12863.97
711.469	13584.86
711.664	13027.81
711.859	12354.03
712.054	12460.52
712.249	13154.79
712.443	13234.66
712.638	12288.5
712.833	12571.11
713.028	13033.96
713.223	12999.14
713.417	13150.69
713.612	12438
713.807	13359.58
714.002	13791.7
714.196	12734.95
714.391	12454.38
714.586	12945.89
714.78	13208.03
714.975	12452.33
715.17	12538.35
715.364	12954.08
715.559	13177.31
715.754	11938.29
715.948	12184.05
716.143	13416.93
716.337	12784.1
716.532	12888.55
716.726	12653.03
716.921	12917.22
717.115	13380.06
717.31	12120.56
717.504	13371.87
717.699	12941.8
717.893	13060.58
718.088	12132.85
718.282	12100.08
718.476	12626.41
718.671	13068.77
718.865	12448.24
719.059	12345.84
719.254	12472.81
719.448	12861.93
719.642	14873.03
719.837	11991.54
720.031	14502.35
720.225	12759.53
720.419	12147.19
720.614	12116.47
720.808	12526.06
721.002	12536.3
721.196	12165.62
721.39	12175.86
721.585	12722.66
721.779	12642.79
721.973	12321.26
722.167	11897.33
722.361	12485.1
722.555	12984.8
722.749	12057.07
722.943	12194.29
723.137	12259.82
723.331	12714.47
723.525	12184.05
723.719	12151.28
723.913	12732.9
724.107	12958.18
724.301	11940.34
724.495	12165.62
724.689	12810.73
724.883	12515.82
725.077	11932.15
725.271	12128.75
725.465	12618.22
725.659	12253.68
725.853	12179.95
726.046	11739.64
726.24	12100.08
726.434	12661.23
726.628	12102.13
726.822	12038.64
727.015	12595.69
727.209	13050.34
727.403	12073.46
727.596	11786.74
727.79	12460.52
727.984	12792.3
728.177	12136.95
728.371	12175.86
728.565	12265.97
728.758	12288.5
728.952	11731.45
729.146	11917.81
729.339	12718.57
729.533	12534.25
729.726	11913.72
729.92	11901.43
730.113	12700.14
730.307	12640.75
730.5	12177.9
730.694	11889.14
730.887	12315.12
731.081	12720.62
731.274	11852.28
731.468	12034.55
731.661	12388.85
731.854	12300.78
732.048	12018.16
732.241	11839.99
732.435	12446.19
732.628	12364.27
732.821	12007.92
733.014	11825.65
733.208	12194.29
733.401	12474.86
733.594	11780.6
733.788	11647.48
733.981	12329.45
734.174	12618.22
734.367	11758.07
734.56	12370.41
734.754	12646.89
734.947	12435.95
735.14	11905.52
735.333	12091.89
735.526	12882.41
735.719	12259.82
735.912	11895.29
736.105	12003.83
736.298	12616.17
736.491	12560.87
736.684	11876.85
736.877	11923.96
737.07	12481
737.263	13122.02
737.456	11854.33
737.649	11829.75
737.842	12571.11
738.035	12675.56
738.228	12143.09
738.421	12222.96
738.614	12712.42
738.807	12657.13
739	11612.67
739.192	11923.96
739.385	12515.82
739.578	12405.23
739.771	12538.35
739.964	11827.7
740.156	12755.43
740.349	12562.92
740.542	12229.1
740.735	11481.6
740.927	12067.31
741.12	12018.16
741.313	11661.82
741.505	12003.83
741.698	12515.82
741.891	12493.29
742.083	12001.78
742.276	11739.64
742.468	12634.6
742.661	12206.58
742.854	11889.14
743.046	11520.51
743.239	12329.45
743.431	12562.92
743.624	11760.12
743.816	11561.47
744.009	12151.28
744.201	12315.12
744.393	11991.54
744.586	11381.24
744.778	12255.73
744.971	12339.69
745.163	11647.48
745.355	11907.57
745.548	12200.43
745.74	12161.52
745.932	11700.73
746.125	11876.85
746.317	12603.88
746.509	11893.24
746.702	11600.38
746.894	11741.69
747.086	12294.64
747.278	12243.44
747.471	11862.52
747.663	11862.52
747.855	12255.73
748.047	12435.95
748.239	11637.24
748.431	11409.92
748.623	12550.64
748.815	12319.21
749.008	11387.39
749.2	11563.51
749.392	12108.27
749.584	12341.74
749.776	11569.66
749.968	11897.33
750.16	12595.69
750.352	11897.33
750.544	11581.95
750.736	11418.11
750.928	12077.55
751.12	12067.31
751.311	11473.4
751.503	11643.38
751.695	12143.09
751.887	12263.92
752.079	11442.68
752.271	11573.75
752.463	12790.25
752.654	11794.93
752.846	11624.95
753.038	11395.58
753.23	11823.61
753.421	11878.9
753.613	11387.39
753.805	11817.46
753.997	11946.48
754.188	12141.04
754.38	11309.57
754.572	11373.05
754.763	11747.83
754.955	11969.01
755.146	11555.32
755.338	11219.46
755.53	12116.47
755.721	12085.75
755.913	11076.1
756.104	11256.32
756.296	11573.75
756.487	12093.94
756.679	11112.96
756.87	11135.49
757.062	11852.28
757.253	11831.8
757.445	11137.54
757.636	11336.19
757.827	11792.89
758.019	12552.68
758.21	11104.77
758.401	11115.01
758.593	12225.01
758.784	12169.71
758.975	10985.99
759.167	11026.95
759.358	11710.97
759.549	11915.76
759.74	11069.95
759.932	11227.65
760.123	11827.7
760.314	11600.38
760.505	11176.45
760.696	10988.03
760.888	11827.7
761.079	11555.32
761.27	11186.69
761.461	10717.7
761.652	11729.4
761.843	11420.16
762.034	11104.77
762.225	11510.27
762.416	11583.99
762.607	11344.38
762.798	10824.2
762.989	11047.43
763.18	12739.05
763.371	11354.62
763.562	10639.88
763.753	11184.64
763.944	11616.76
764.135	11362.81
764.326	11411.96
764.517	10969.6
764.708	11692.54
764.899	11549.18
765.089	10682.89
765.28	10588.68
765.471	11063.81
765.662	11461.12
765.853	10979.84
766.043	10686.98
766.234	11248.13
766.425	11299.33
766.615	10881.54
766.806	10396.17
766.997	11624.95
767.187	11049.47
767.378	10674.7
767.569	10531.34
767.759	11035.14
767.95	10947.08
768.141	10910.21
768.331	10404.36
768.522	11127.3
768.712	11172.35
768.903	10459.66
769.093	10600.97
769.284	10926.6
769.474	10850.82
769.665	10191.38
769.855	10048.02
770.046	11231.74
770.236	10889.73
770.426	10691.08
770.617	10218
770.807	10740.23
770.998	11092.48
771.188	10830.34
771.378	10398.22
771.569	11319.81
771.759	10746.37
771.949	10088.98
772.139	10033.68
772.33	10705.42
772.52	11031.04
772.71	10342.92
772.9	10107.41
773.09	10945.03
773.281	11145.73
773.471	10080.78
773.661	10252.81
773.851	10719.75
774.041	10791.43
774.231	9962
774.421	10611.21
774.611	10985.99
774.802	10775.05
774.992	10107.41
775.182	9904.66
775.372	10656.26
775.562	10906.12
775.752	10246.67
775.942	10236.43
776.131	10863.11
776.321	10803.72
776.511	9892.37
776.701	9931.28
776.891	10899.97
777.081	10242.57
777.271	10314.25
777.461	10146.32
777.651	10533.39
777.84	10512.91
778.03	10125.84
778.22	9828.88
778.41	10492.43
778.599	10451.47
778.789	10076.69
778.979	9943.57
779.169	10416.65
779.358	10396.17
779.548	10375.69
779.738	9677.33
779.927	10455.56
780.117	10203.66
780.307	9632.28
780.496	9392.67
780.686	10619.4
780.875	11026.95
781.065	9687.57
781.254	9896.47
781.444	10256.91
781.633	10056.21
781.823	9394.72
782.012	9777.69
782.202	10107.41
782.391	10193.42
782.581	9663
782.77	10017.3
782.96	10668.55
783.149	9953.81
783.338	9605.66
783.528	9431.58
783.717	10322.45
783.906	10404.36
784.096	9683.48
784.285	9458.2
784.474	10146.32
784.663	9984.53
784.853	9609.75
785.042	10045.97
785.231	10224.14
785.42	10142.22
785.61	9820.69
785.799	9581.08
785.988	10435.08
786.177	9925.14
786.366	9570.84
786.555	9904.66
786.744	9994.77
786.933	10005.01
787.122	9331.23
787.312	9234.97
787.501	9937.43
787.69	10189.33
787.879	9277.98
788.068	9206.3
788.257	9589.27
788.445	9880.08
788.634	9425.43
788.823	9126.43
789.012	10338.83
789.201	10064.4
789.39	9466.39
789.579	9163.29
789.768	10080.78
789.957	9724.44
790.145	9183.77
790.334	8956.45
790.523	9458.2
790.712	9626.14
790.9	9310.75
791.089	8929.83
791.278	9970.19
791.467	9775.64
791.655	9564.7
791.844	10013.2
792.033	9740.82
792.221	9521.69
792.41	9138.72
792.599	8639.01
792.787	9663
792.976	9652.76
793.164	8901.15
793.353	9011.75
793.541	9753.11
793.73	9808.4
793.918	9210.4
794.107	9087.52
794.295	9804.31
794.484	9452.06
794.672	8919.59
794.861	9005.6
795.049	9769.49
795.238	9867.8
795.426	8653.35
795.614	8983.07
795.803	9570.84
795.991	9822.74
796.179	8940.07
796.368	8815.14
796.556	9634.33
796.744	9087.52
796.932	8669.73
797.121	8722.98
797.309	9280.03
797.497	9587.22
797.685	8643.11
797.874	8589.86
798.062	9314.84
798.25	9597.46
798.438	8684.07
798.626	8821.28
798.814	9433.63
799.002	9525.79
799.19	8876.58
799.378	8946.21
799.566	9495.07
799.755	9658.9
799.943	8976.93
800.131	8800.8
800.318	9372.19
800.506	9478.68
800.694	8559.14
800.882	9128.48
801.07	9837.08
801.258	9364
801.446	8999.46
801.634	9009.7
801.822	9359.9
802.01	9671.19
802.197	8774.18
802.385	9173.53
802.573	9730.58
802.761	9257.5
802.949	9028.13
803.136	8675.88
803.324	9615.9
803.512	9458.2
803.699	8833.57
803.887	8741.41
804.075	9540.12
804.262	9499.16
804.45	8696.36
804.638	9015.84
804.825	9286.17
805.013	9173.53
805.201	8813.09
805.388	8636.97
805.576	9267.74
805.763	9720.34
805.951	8788.52
806.138	9036.32
806.326	9720.34
806.513	9337.37
806.701	8890.91
806.888	8747.56
807.075	9574.94
807.263	9636.38
807.45	8833.57
807.638	8931.87
807.825	9648.66
808.012	9849.36
808.2	8915.49
808.387	9513.5
808.574	9533.98
808.761	9718.29
808.949	8854.05
809.136	9204.25
809.323	9628.18
809.51	9486.87
809.698	9452.06
809.885	9366.04
810.072	9722.39
810.259	9683.48
810.446	8917.54
810.633	8765.99
810.82	9538.07
811.008	9867.8
811.195	9204.25
811.382	8952.35
811.569	9906.71
811.756	9445.91
811.943	8958.5
812.13	8823.33
812.317	9648.66
812.504	9407
812.691	9021.98
812.878	9126.43
813.064	9859.6
813.251	9701.91
813.438	8935.97
813.625	9337.37
813.812	9474.59
813.999	9466.39
814.186	9175.58
814.372	8921.63
814.559	9675.29
814.746	9867.8
814.933	8950.31
815.12	9159.2
815.306	9470.49
815.493	9312.8
815.68	8903.2
815.866	9056.8
816.053	9364
816.24	9824.79
816.426	8737.32
816.613	8729.13
816.799	9378.33
816.986	9761.3
817.173	9056.8
817.359	8878.63
817.546	9601.56
817.732	9218.59
817.919	8733.22
818.105	9128.48
818.292	9519.64
818.478	9615.9
818.665	9081.38
818.851	9024.03
819.037	10271.25
819.224	9568.79
819.41	8649.25
819.597	8782.37
819.783	10101.26
819.969	9576.98
820.156	9019.94
820.342	8819.24
820.528	11000.32
820.714	9306.65
820.901	9128.48
821.087	8813.09
821.273	9536.03
821.459	9286.17
821.646	8645.16
821.832	8684.07
822.018	9564.7
822.204	9347.61
822.39	8688.17
822.576	8727.08
822.762	9531.93
822.948	9626.14
823.134	9042.46
823.32	8868.39
823.507	9142.82
823.693	9441.82
823.879	9351.71
824.065	8956.45
824.25	9099.81
824.436	9177.63
824.622	8573.48
824.808	8782.37
824.994	9130.53
825.18	8972.83
825.366	8313.39
825.552	8792.61
825.738	9304.6
825.923	9646.62
826.109	8667.69
826.295	8614.44
826.481	9093.66
826.667	8999.46
826.852	9171.49
827.038	8372.78
827.224	9400.86
827.409	9544.22
827.595	8174.13
827.781	8931.87
827.966	9398.81
828.152	9300.51
828.338	8512.04
828.523	8217.13
828.709	9222.69
828.894	9181.73
829.08	8317.48
829.266	8194.61
829.451	9144.86
829.637	9237.02
829.822	8647.21
830.008	8413.74
830.193	9140.77
830.378	9429.53
830.564	8516.14
830.749	8274.48
830.935	8888.87
831.12	8655.4
831.305	8120.88
831.491	8553
831.676	8671.78
831.861	9011.75
832.047	8319.53
832.232	8202.8
832.417	9052.7
832.602	9050.66
832.788	8215.09
832.973	8352.3
833.158	8927.78
833.343	9026.08
833.528	8679.97
833.714	8327.72
833.899	8710.69
834.084	9402.91
834.269	8415.79
834.454	8165.93
834.639	8821.28
834.824	8858.15
835.009	8532.52
835.194	8485.42
835.379	8940.07
835.564	9202.21
835.749	8325.68
835.934	8016.43
836.119	8804.9
836.304	8976.93
836.489	8094.26
836.674	8727.08
836.859	8735.27
837.044	9046.56
837.228	8190.51
837.413	7871.03
837.598	8679.97
837.783	8725.03
837.968	8196.65
838.152	7928.37
838.337	8038.96
838.522	9112.1
838.707	9044.51
838.891	8538.66
839.076	8679.97
839.261	8561.19
839.445	8229.42
839.63	8163.89
839.815	8940.07
839.999	8370.73
840.184	8053.3
840.368	7961.14
840.553	8636.97
840.737	8436.27
840.922	7719.48
841.106	7739.96
841.291	8243.76
841.475	8598.06
841.66	7719.48
841.844	7678.52
842.029	8987.17
842.213	8086.06
842.397	7711.28
842.582	7297.6
842.766	8364.59
842.951	8442.41
843.135	7723.57
843.319	7733.81
843.504	8532.52
843.688	8815.14
843.872	7356.99
844.056	7643.7
844.241	8385.07
844.425	8231.47
844.609	7942.71
844.793	7787.06
844.977	8370.73
845.161	8331.82
845.346	7518.78
845.53	7608.89
845.714	8034.86
845.898	8657.45
846.082	7328.31
846.266	7604.79
846.45	8057.39
846.634	8464.94
846.818	7475.77
847.002	7866.93
847.186	8233.52
847.37	7817.78
847.554	7369.27
847.738	7723.57
847.922	8221.23
848.106	8288.81
848.29	7457.34
848.473	7440.95
848.657	8165.93
848.841	8065.58
849.025	7455.29
849.209	7283.26
849.392	8133.17
849.576	7873.07
849.76	7086.65
849.944	7645.75
850.127	8419.88
850.311	7881.27
850.495	7334.46
850.678	7363.13
850.862	8073.78
851.046	8012.34
851.229	7934.51
851.413	6980.16
851.596	8069.68
851.78	7680.57
851.964	7543.35
852.147	7502.39
852.331	8419.88
852.514	8215.09
852.698	7334.46
852.881	6963.78
853.065	7807.54
853.248	7608.89
853.431	7279.16
853.615	7463.48
853.798	8737.32
853.982	7998
854.165	7463.48
854.348	7031.36
854.532	7580.22
854.715	7612.98
854.898	7326.27
855.081	7156.29
855.265	8098.35
855.448	8337.96
855.631	7010.88
855.814	7113.28
855.997	7578.17
856.181	7631.41
856.364	7133.76
856.547	6879.81
856.73	7674.42
856.913	7680.57
857.096	6959.68
857.279	7223.87
857.462	7547.45
857.645	7727.67
857.828	7148.09
858.011	7344.7
858.194	7479.86
858.377	7660.09
858.56	6857.28
858.743	7193.15
858.926	7465.53
859.109	7721.52
859.292	6785.6
859.475	6670.92
859.658	7518.78
859.841	7590.45
860.023	6576.71
860.206	6550.09
860.389	7469.62
860.572	7465.53
860.755	7094.85
860.937	6984.26
861.12	7264.83
861.303	7471.67
861.486	6709.83
861.668	6730.31
861.851	7070.27
862.034	7533.11
862.216	6996.54
862.399	6421.06
862.581	7270.97
862.764	7514.68
862.947	6650.44
863.129	6531.65
863.312	6933.06
863.494	7385.66
863.677	7242.3
863.859	6314.57
864.042	7363.13
864.224	6984.26
864.406	6820.42
864.589	6283.85
864.771	7064.13
864.954	6926.91
865.136	6351.43
865.318	6285.9
865.501	7705.14
865.683	6670.92
865.865	6310.47
866.048	6402.63
866.23	7160.38
866.412	6959.68
866.594	6359.63
866.777	6535.75
866.959	6904.39
867.141	6699.59
867.323	6789.7
867.505	6597.19
867.687	6865.47
867.869	6939.2
868.052	6494.79
868.234	6197.84
868.416	6914.63
868.598	7275.07
868.78	6400.58
868.962	6230.6
869.144	7123.52
869.326	6865.47
869.508	6326.86
869.69	6185.55
869.872	6494.79
870.054	7326.27
870.236	6050.38
870.417	6144.59
870.599	6615.62
870.781	7297.6
870.963	6490.7
871.145	6177.36
871.327	6801.99
871.508	6994.5
871.69	6304.33
871.872	6431.3
872.054	6773.32
872.235	7096.89
872.417	6521.42
872.599	6101.58
872.78	7572.02
872.962	6718.02
873.144	5876.3
873.325	6492.74
873.507	7092.8
873.689	6947.39
873.87	6183.5
874.052	6537.8
874.233	6589
874.415	7504.44
874.596	6197.84
874.778	6025.81
874.959	6783.56
875.141	7248.44
875.322	6326.86
875.503	6138.44
875.685	6779.46
875.866	6140.49
876.048	6156.88
876.229	5995.09
876.41	6701.64
876.592	6943.3
876.773	6382.15
876.954	6058.57
877.136	7064.13
877.317	6701.64
877.498	5978.7
877.679	6388.3
877.86	6787.65
878.042	6840.9
878.223	6177.36
878.404	7008.83
878.585	7049.79
878.766	8819.24
878.947	6607.43
879.128	6480.46
879.309	6988.35
879.49	7195.2
879.672	6500.94
879.853	6437.45
880.034	6672.96
880.215	7131.71
880.396	6386.25
880.576	6392.39
880.757	6951.49
880.938	7569.98
881.119	6410.82
881.3	6447.69
881.481	6941.25
881.662	7998
881.843	6226.51
882.023	6367.82
882.204	7221.82
882.385	7023.17
882.566	6210.12
882.747	6488.65
882.927	7043.65
883.108	7064.13
883.289	6388.3
883.469	6697.54
883.65	7137.85
883.831	7246.4
884.011	6945.34
884.192	6462.02
884.373	7258.68
884.553	6953.54
884.734	6795.84
884.914	7193.15
885.095	8202.8
885.275	7295.55
885.456	6666.82
885.636	6103.63
885.817	7062.08
885.997	7338.55
886.178	6302.28
886.358	6730.31
886.538	7115.33
886.719	8847.91
886.899	6447.69
887.08	6685.25
887.26	7389.75
887.44	6779.46
887.621	6496.84
887.801	6777.41
887.981	7701.05
888.161	7578.17
888.342	6885.95
888.522	6797.89
888.702	7477.82
888.882	7326.27
889.062	6896.19
889.242	6419.02
889.423	7555.64
889.603	7422.52
889.783	6838.85
889.963	6589
890.143	7285.31
890.323	7522.87
890.503	6754.88
890.683	6924.86
890.863	7027.26
891.043	7193.15
891.223	6675.01
891.403	6953.54
891.583	7504.44
891.763	7393.85
891.943	6834.75
892.122	7033.41
892.302	7350.84
892.482	7162.43
892.662	6984.26
892.842	6855.23
893.022	7391.8
893.201	7367.23
893.381	6830.66
893.561	6724.16
893.741	7375.42
893.92	7103.04
894.1	6928.96
894.28	6810.18
894.459	7354.94
894.639	7133.76
894.819	6525.51
894.998	6685.25
895.178	7195.2
895.357	6959.68
895.537	6386.25
895.716	6376.01
895.896	6974.02
896.075	7301.69
896.255	6378.06
896.434	6289.99
896.614	7356.99
896.793	7277.12
896.973	6779.46
897.152	6521.42
897.331	6711.88
897.511	7191.1
897.69	6021.71
897.87	6402.63
898.049	7033.41
898.228	6720.07
898.407	6537.8
898.587	6576.71
898.766	6701.64
898.945	6986.3
899.124	6928.96
899.304	6730.31
899.483	7146.05
899.662	7471.67
899.841	6464.07
900.02	6300.23
900.199	6963.78
900.378	6949.44
900.557	6228.56
900.737	6300.23
900.916	6711.88
901.095	6937.15
901.274	6693.44
901.453	6021.71
901.632	6488.65
901.811	6580.81
901.989	6099.53
902.168	6023.76
902.347	6699.59
902.526	6515.27
902.705	6144.59
902.884	6210.12
903.063	6988.35
903.242	6736.45
903.42	5988.94
903.599	6312.52
903.778	6431.3
903.957	6842.95
904.135	6021.71
904.314	5927.5
904.493	6533.7
904.672	6222.41
904.85	5952.08
905.029	5827.15
905.207	6154.83
905.386	6939.2
905.565	5392.98
905.743	5610.07
905.922	6382.15
906.1	6144.59
906.279	5419.61
906.457	5524.05
906.636	5808.72
906.814	5886.54
906.993	5427.8
907.171	5300.83
907.35	5884.5
907.528	6433.35
907.707	5685.84
907.885	5167.71
908.063	6009.42
908.242	5599.83
908.42	5362.26
908.598	5030.49
908.777	5868.11
908.955	5503.57
909.133	5489.24
909.311	4991.58
909.49	5614.16
909.668	5513.81
909.846	5089.88
910.024	5053.02
910.202	5689.94
910.38	5993.04
910.559	5294.68
910.737	5220.95
910.915	5917.26
911.093	5857.87
911.271	5614.16
911.449	5612.12
911.627	5954.13
911.805	6550.09
911.983	5479
912.161	5476.95
912.339	5716.56
912.517	6300.23
912.695	5739.09
912.872	5571.16
913.05	6107.73
913.228	5964.37
913.406	5472.86
913.584	5354.07
913.762	6441.54
913.939	5970.51
914.117	5442.14
914.295	5261.91
914.473	5825.11
914.65	6077.01
914.828	5429.85
915.006	5392.98
915.184	5898.83
915.361	6206.03
915.539	5567.06
915.716	5671.51
915.894	5972.56
916.072	6025.81
916.249	5931.6
916.427	5624.4
916.604	5800.53
916.782	6175.31
916.959	5352.02
917.137	5675.6
917.314	5931.6
917.492	6023.76
917.669	5581.4
917.847	5378.65
918.024	5808.72
918.201	5665.36
918.379	5446.23
918.556	5300.83
918.733	5913.17
918.911	5565.01
919.088	5689.94
919.265	5186.14
919.442	5771.86
919.62	5849.68
919.797	5149.28
919.974	4995.68
920.151	6074.96
920.328	5722.71
920.506	5173.85
920.683	5800.53
920.86	5499.48
921.037	5743.19
921.214	5321.31
921.391	5210.72
921.568	5657.17
921.745	5665.36
921.922	5163.61
922.099	5106.27
922.276	5812.82
922.453	5472.86
922.63	4848.22
922.807	5497.43
922.984	5352.02
923.161	5188.19
923.338	5302.87
923.514	5018.21
923.691	5798.48
923.868	5577.3
924.045	4971.1
924.222	5018.21
924.399	5272.15
924.575	5403.22
924.752	4997.73
924.929	5069.41
925.105	5413.46
925.282	5145.18
925.459	5098.08
925.635	5034.59
925.812	5458.52
925.989	5243.48
926.165	5046.88
926.342	4813.41
926.518	5149.28
926.695	5227.1
926.871	4837.98
927.048	4844.13
927.224	5423.7
927.401	5059.17
927.577	4999.77
927.754	4598.37
927.93	5401.18
928.107	5159.52
928.283	4508.26
928.459	4784.74
928.636	5431.9
928.812	5104.22
928.988	4559.46
929.165	4321.9
929.341	4825.7
929.517	5122.65
929.693	5018.21
929.87	4098.67
930.046	5145.18
930.222	4727.39
930.398	4397.67
930.574	4555.37
930.751	4739.68
930.927	4868.7
931.103	4434.53
931.279	4459.11
931.455	4555.37
931.631	5020.25
931.807	4178.54
931.983	4100.72
932.159	4397.67
932.335	4747.87
932.511	4086.38
932.687	4272.75
932.863	4485.73
933.039	4618.85
933.215	4047.47
933.391	3973.74
933.566	4444.77
933.742	4512.36
933.918	3953.26
934.094	3697.27
934.27	4358.76
934.445	4366.95
934.621	4158.06
934.797	3637.88
934.973	4313.7
935.148	4203.11
935.324	3574.39
935.5	3428.98
935.675	4217.45
935.851	4051.56
936.027	3854.96
936.202	3684.98
936.378	4254.31
936.553	3859.06
936.729	4250.22
936.904	3295.86
937.08	3494.52
937.255	3523.19
937.431	3342.97
937.606	3136.12
937.782	3420.79
937.957	3742.32
938.133	3244.67
938.308	3003
938.483	3283.58
938.659	3097.21
938.834	3132.03
939.009	2689.67
939.185	3347.06
939.36	2908.8
939.535	2347.65
939.71	2896.51
939.886	3328.63
940.061	3199.61
940.236	3056.25
940.411	2785.92
940.586	3076.73
940.761	3035.77
940.937	2798.21
941.112	2484.87
941.287	2871.93
941.462	2679.43
941.637	2290.31
941.812	2542.21
941.987	2644.61
942.162	2704
942.337	2425.48
942.512	2413.19
942.687	3021.44
942.862	2812.54
943.037	2130.57
943.212	1954.44
943.386	2546.31
943.561	2675.33
943.736	2624.13
943.911	2976.38
944.086	2927.23
944.26	2663.04
944.435	2165.39
944.61	2550.4
944.785	2648.71
944.959	3232.38
945.134	2271.88
945.309	2245.26
945.483	2294.41
945.658	3019.39
945.833	1940.11
946.007	2032.27
946.182	2970.24
946.357	2671.23
946.531	2120.33
946.706	2081.42
946.88	2417.29
947.055	2781.82
947.229	2212.49
947.404	2138.76
947.578	2753.15
947.752	2699.91
947.927	2126.47
948.101	2058.89
948.276	3142.27
948.45	2751.1
948.624	2654.85
948.799	2255.5
948.973	2656.9
949.147	2628.23
949.321	2419.33
949.496	2318.98
949.67	3080.83
949.844	2622.08
950.018	2364.04
950.193	2396.81
950.367	3410.55
950.541	2761.34
950.715	2597.51
950.889	2810.5
951.063	2697.86
951.237	2908.8
951.411	2146.95
951.585	2288.26
951.759	3017.34
951.933	2937.47
952.107	2341.51
952.281	2642.56
952.455	3302.01
952.629	2914.94
952.803	2462.34
952.977	2468.48
953.151	3148.41
953.325	2835.07
953.499	2675.33
953.672	2335.37
953.846	2878.08
954.02	2900.61
954.194	2376.33
954.368	2441.86
954.541	3230.33
954.715	2992.76
954.889	2716.29
955.062	2441.86
955.236	2765.44
955.41	2912.89
955.583	2794.11
955.757	2357.89
955.93	2855.55
956.104	2751.1
956.278	2497.16
956.451	2554.5
956.625	3072.64
956.798	3293.82
956.972	3095.16
957.145	2411.14
957.319	3263.1
957.492	3056.25
957.665	2908.8
957.839	2433.67
958.012	2994.81
958.185	2894.46
958.359	2648.71
958.532	2851.46
958.705	2919.04
958.879	3064.44
959.052	2835.07
959.225	2359.94
959.398	3007.1
959.572	2841.22
959.745	2355.85
959.918	2554.5
960.091	2925.18
960.264	3107.45
960.438	2491.01
960.611	2407.05
960.784	3328.63
960.957	2761.34
961.13	3236.47
961.303	2589.32
961.476	3003
961.649	3381.88
961.822	2552.45
961.995	2753.15
962.168	2880.13
962.341	3269.24
962.514	2581.12
962.686	2443.91
962.859	2921.09
963.032	3072.64
963.205	2697.86
963.378	2230.92
963.551	2980.48
963.723	2845.31
963.896	2822.78
964.069	2714.24
964.242	3136.12
964.414	3615.35
964.587	2615.94
964.76	2634.37
964.932	3033.72
965.105	2949.76
965.278	2450.05
965.45	2534.02
965.623	3154.55
965.795	3007.1
965.968	2497.16
966.14	2654.85
966.313	2896.51
966.485	2923.13
966.658	2505.35
966.83	2552.45
967.003	3056.25
967.175	2941.57
967.348	2585.22
967.52	2579.08
967.692	3345.02
967.865	3197.56
968.037	2413.19
968.209	2816.64
968.382	3109.5
968.554	3140.22
968.726	2525.83
968.898	2433.67
969.071	3328.63
969.243	3041.92
969.415	2589.32
969.587	2701.95
969.759	3156.6
969.932	2970.24
970.104	2525.83
970.276	2042.51
970.448	2744.96
970.62	2835.07
970.792	2556.55
970.964	2546.31
971.136	3404.41
971.308	2873.98
971.48	2245.26
971.652	2411.14
971.824	3189.37
971.996	2888.32
972.168	2437.77
972.339	2626.18
972.511	2841.22
972.683	2818.69
972.855	2646.66
973.027	2263.69
973.199	3091.07
973.37	2957.95
973.542	2470.53
973.714	2679.43
973.886	2656.9
974.057	2996.86
974.229	2259.59
974.401	2314.89
974.572	2538.12
974.744	2425.48
974.915	2284.17
975.087	2329.22
975.259	3293.82
975.43	2577.03
975.602	2304.65
975.773	2136.71
975.945	2607.75
976.116	2843.26
976.288	2128.52
976.459	2564.74
976.63	2415.24
976.802	2607.75
976.973	2028.17
977.145	2474.63
977.316	3295.86
977.487	3431.03
977.659	2372.23
977.83	2312.84
978.001	3105.4
978.172	2839.17
978.344	2220.68
978.515	2323.08
978.686	2613.89
978.857	2998.91
979.028	2284.17
979.2	2134.67
979.371	3054.2
979.542	2581.12
979.713	2548.36
979.884	1893.01
980.055	2544.26
980.226	2562.69
980.397	2226.82
980.568	2069.13
980.739	2716.29
980.91	2323.08
981.081	2433.67
981.252	2089.61
981.423	2523.78
981.594	2630.27
981.765	2081.42
981.936	2243.21
982.106	2435.72
982.277	2796.16
982.448	1964.68
982.619	2361.99
982.79	2065.04
982.96	2646.66
983.131	2306.7
983.302	1770.13
983.472	2351.75
983.643	2491.01
983.814	2077.32
983.984	2103.95
984.155	2359.94
984.326	2558.6
984.496	2263.69
984.667	2128.52
984.837	2136.71
985.008	2892.41
985.178	2472.58
985.349	2067.08
985.519	2232.97
985.69	2280.07
985.86	1970.83
986.031	1886.86
986.201	2474.63
986.371	2394.76
986.542	1829.52
986.712	1680.02
986.882	2441.86
987.053	2335.37
987.223	1751.7
987.393	2351.75
987.563	2132.62
987.734	2495.11
987.904	2470.53
988.074	1706.64
988.244	2177.67
988.414	2118.28
988.585	1667.73
988.755	2026.12
988.925	2292.36
989.095	2718.34
989.265	1680.02
989.435	1901.2
989.605	2390.66
989.775	2513.54
989.945	2138.76
990.115	1634.96
990.285	2097.8
990.455	2323.08
990.625	1966.73
990.795	1585.81
990.965	2599.55
991.134	2069.13
991.304	1536.66
991.474	1573.52
991.644	2232.97
991.814	2478.72
991.984	1475.22
992.153	1669.78
992.323	1954.44
992.493	2273.93
992.662	1475.22
992.832	1981.07
993.002	2015.88
993.171	2388.61
993.341	1376.92
993.511	1628.82
993.68	1950.35
993.85	2144.91
994.019	1393.3
994.189	1428.12
994.358	2062.99
994.528	2052.75
994.697	1292.95
994.867	1419.92
995.036	2175.63
995.206	1782.42
995.375	1421.97
995.544	1837.71
995.714	2261.64
995.883	2026.12
996.052	1884.81
996.222	1135.26
996.391	2351.75
996.56	2019.98
996.73	1495.7
996.899	1141.4
997.068	2271.88
997.237	1987.21
997.406	1323.67
997.576	1182.36
997.745	2290.31
997.914	1862.29
998.083	1067.67
998.252	1254.04
998.421	1936.01
998.59	1671.83
998.759	1264.28
998.928	1100.44
999.097	1985.16
999.266	1942.16
999.435	1591.95
999.604	924.32
999.773	2136.71
999.942	1809.04
1000.111	1026.71
1000.28	1077.91
1000.448	1671.83
1000.617	1573.52
1000.786	1544.85
1000.955	1155.74
1001.124	2116.23
1001.292	2368.13
1001.461	1206.94
1001.63	1071.77
1001.798	1927.82
1001.967	1864.33
1002.136	1034.91
1002.304	1139.35
1002.473	2042.51
1002.642	1718.93
1002.81	1288.85
1002.979	1114.78
1003.147	1903.25
1003.316	2050.7
1003.484	1100.44
1003.653	1172.12
1003.821	1731.22
1003.99	1505.94
1004.158	1387.16
1004.327	1333.91
1004.495	1608.34
1004.663	1579.67
1004.832	1413.78
1005	866.97
1005.168	1637.01
1005.337	1413.78
1005.505	799.39
1005.673	1342.1
1005.842	1870.48
1006.01	1344.15
1006.178	856.73
1006.346	973.47
1006.514	1475.22
1006.683	2024.08
1006.851	996
1007.019	1237.66
1007.187	1378.97
1007.355	1135.26
1007.523	680.61
1007.691	754.34
1007.859	1307.29
1008.027	2091.66
1008.195	967.32
1008.363	821.92
1008.531	1364.63
1008.699	1524.37
1008.867	660.13
1009.035	1004.19
1009.203	1944.2
1009.37	1368.73
1009.538	862.88
1009.706	1686.16
1009.874	1436.31
1010.042	1442.45
1010.209	828.06
1010.377	801.44
1010.545	1553.04
1010.713	1409.69
1010.88	877.21
1011.048	817.82
1011.216	1376.92
1011.383	1632.91
1011.551	920.22
1011.718	676.51
1011.886	1538.71
1012.054	1501.84
1012.221	656.03
1012.389	709.28
1012.556	1456.79
1012.724	1745.55
1012.891	922.27
1013.058	547.49
1013.226	1460.88
1013.393	1419.92
1013.561	494.24
1013.728	567.97
1013.895	1579.67
1014.063	1352.34
1014.23	518.82
1014.397	785.05
1014.565	1555.09
1014.732	1172.12
1014.899	516.77
1015.066	633.5
1015.233	1401.49
1015.401	1417.88
1015.568	656.03
1015.735	879.26
1015.902	1456.79
1016.069	1600.15
1016.236	748.19
1016.403	533.15
1016.57	975.52
1016.737	1757.84
1016.904	670.37
1017.071	522.91
1017.238	975.52
1017.405	1208.98
1017.572	604.83
1017.739	1026.71
1017.906	1718.93
1018.073	1454.74
1018.24	449.19
1018.407	742.05
1018.573	1260.18
1018.74	1237.66
1018.907	725.66
1019.074	324.26
1019.241	1262.23
1019.407	993.95
1019.574	508.58
1019.741	465.57
1019.907	1540.76
1020.074	1594
1020.241	209.58
1020.407	256.68
1020.574	981.66
1020.74	1122.97
1020.907	428.71
1021.073	340.65
1021.24	1860.24
1021.406	1295
1021.573	352.93
1021.739	432.8
1021.906	1495.7
1022.072	1077.91
1022.239	459.43
1022.405	475.81
1022.571	1194.65
1022.738	1049.24
1022.904	420.52
1023.07	656.03
1023.237	1041.05
1023.403	1235.61
1023.569	471.72
1023.735	539.3
1023.902	1198.74
1024.068	1104.54
1024.234	234.15
1024.4	484
1024.566	922.27
1024.732	1049.24
1024.898	436.9
1025.065	187.05
1025.231	1008.28
1025.397	854.69
1025.563	524.96
1025.729	232.1
1025.895	608.93
1026.061	821.92
1026.227	70.31
1026.392	361.13
1026.558	1045.15
1026.724	1202.84
1026.89	377.51
1027.056	604.83
1027.222	748.19
1027.388	914.08
1027.553	289.45
1027.719	297.64
1027.885	1286.81
1028.051	901.79
1028.216	33.45
1028.382	279.21
1028.548	981.66
1028.713	938.65
1028.879	51.88
1029.045	541.35
1029.21	1131.16
1029.376	944.8
1029.541	361.13
1029.707	301.73
1029.873	1125.02
1030.038	1049.24
1030.204	289.45
1030.369	262.82
1030.534	996
1030.7	721.57
1030.865	369.32
1031.031	213.67
1031.196	928.41
1031.361	860.83
1031.527	185
1031.692	332.45
1031.857	553.63
1032.023	955.04
1032.188	141.99
1032.353	256.68
1032.518	1071.77
1032.684	877.21
1032.849	74.41
1033.014	258.73
1033.179	770.72
1033.344	879.26
1033.509	342.69
1033.674	217.77
1033.839	965.28
1034.004	944.8
1034.17	193.19
1034.335	33.45
1034.5	836.25
1034.664	672.42
1034.829	160.42
1034.994	340.65
1035.159	563.87
1035.324	957.08
1035.489	221.86
1035.654	146.09
1035.819	1520.28
1035.984	856.73
1036.148	342.69
1036.313	209.58
1036.478	1010.33
1036.643	733.86
1036.807	164.52
1036.972	90.79
1037.137	1374.87
1037.301	680.61
1037.466	-91.48
1037.631	334.5
1037.795	912.03
1037.96	647.84
1038.124	432.8
1038.289	135.85
1038.454	696.99
1038.618	1016.48
1038.783	234.15
1038.947	314.02
1039.111	563.87
1039.276	744.1
1039.44	113.32
1039.605	885.41
1039.769	647.84
1039.933	631.46
1040.098	262.82
1040.262	510.63
1040.426	864.93
1040.591	746.14
1040.755	123.56
1040.919	156.33
1041.083	1041.05
1041.248	649.89
1041.412	-116.05
1041.576	90.79
1041.74	600.74
1041.904	746.14
1042.068	80.55
1042.232	238.25
1042.397	1102.49
1042.561	729.76
1042.725	-181.59
1042.889	180.9
1043.053	823.97
1043.217	633.5
1043.381	158.38
1043.544	-71
1043.708	846.49
1043.872	486.05
1044.036	-130.39
1044.2	-64.85
1044.364	901.79
1044.528	877.21
1044.691	5438.04
1044.855	15.02
1045.019	764.57
1045.183	703.14
1045.346	185
1045.51	-109.91
1045.674	860.83
1045.837	797.34
1046.001	-15.7
1046.165	35.5
1046.328	1155.74
1046.492	570.02
1046.655	305.83
1046.819	119.46
1046.983	623.27
1047.146	504.48
1047.31	121.51
1047.473	-263.51
1047.636	610.98
1047.8	430.76
1047.963	129.7
1048.127	-17.75
1048.29	451.24
