345.52	-1309.16
345.736	-1309.16
345.952	-1309.16
346.168	-1305.07
346.384	-1397.23
346.6	-174.59
346.816	-299.52
347.032	-193.02
347.248	472.57
347.464	-365.05
347.68	-139.77
347.896	-23.04
348.112	335.35
348.328	-141.82
348.544	50.69
348.76	194.05
348.975	284.16
349.191	-440.83
349.407	-383.48
349.623	161.28
349.839	77.31
350.055	-229.88
350.27	54.78
350.486	175.61
350.702	286.2
350.918	364.03
351.133	-111.1
351.349	259.58
351.565	560.63
351.781	-403.96
351.996	26.11
352.212	228.86
352.428	241.15
352.644	-283.13
352.859	-250.36
353.075	316.92
353.291	91.65
353.506	-125.44
353.722	-412.15
353.938	38.4
354.153	521.72
354.369	368.12
354.584	-328.19
354.8	296.44
355.016	-227.84
355.231	-379.39
355.447	-12.8
355.662	398.84
355.878	785.91
356.093	-496.12
356.309	-39.42
356.524	-35.33
356.74	560.63
356.955	-381.43
357.171	-86.53
357.386	255.48
357.602	7.68
357.817	-123.39
358.033	-174.59
358.248	382.46
358.464	345.59
358.679	-143.87
358.895	-356.86
359.11	132.61
359.325	247.29
359.541	146.94
359.756	44.54
359.972	-90.62
360.187	488.95
360.402	-156.16
360.618	-295.42
360.833	1562.09
361.048	183.81
361.264	-141.82
361.479	34.3
361.694	230.91
361.909	341.5
362.125	-344.57
362.34	-152.06
362.555	421.37
362.77	251.39
362.986	-403.96
363.201	-182.78
363.416	327.16
363.631	40.45
363.847	-233.98
364.062	-174.59
364.277	187.9
364.492	112.13
364.707	-176.64
364.922	-356.86
365.138	290.3
365.353	423.42
365.568	-397.82
365.783	-82.43
365.998	419.32
366.213	642.55
366.428	-295.42
366.643	151.04
366.858	419.32
367.073	370.17
367.288	-111.1
367.503	-248.32
367.718	169.47
367.933	581.11
368.148	-299.52
368.363	50.69
368.578	298.49
368.793	656.89
369.008	-123.39
369.223	-334.33
369.438	456.19
369.653	304.64
369.868	-264.7
370.083	-268.8
370.298	239.1
370.513	517.62
370.728	220.67
370.943	-195.07
371.157	95.74
371.372	828.92
371.587	-283.13
371.802	-322.04
372.017	218.62
372.232	583.16
372.446	11.78
372.661	-190.97
372.876	194.05
373.091	353.79
373.306	-94.72
373.52	-340.47
373.735	103.93
373.95	798.2
374.165	-129.53
374.379	-39.42
374.594	73.21
374.809	523.77
375.023	269.82
375.238	-252.41
375.453	415.23
375.667	42.5
375.882	-145.92
376.097	-156.16
376.311	118.27
376.526	427.51
376.741	-301.56
376.955	282.11
377.17	753.14
377.384	978.42
377.599	73.21
377.813	-268.8
378.028	878.07
378.242	493.05
378.457	-57.86
378.672	-244.22
378.886	108.03
379.101	243.2
379.315	-383.48
379.53	-96.77
379.744	556.54
379.958	546.3
380.173	-68.09
380.387	-178.69
380.602	523.77
380.816	196.09
381.031	-68.09
381.245	-115.2
381.459	370.17
381.674	1127.92
381.888	-283.13
382.103	429.56
382.317	235
382.531	671.22
382.746	87.55
382.96	-53.76
383.174	278.01
383.388	826.87
383.603	267.77
383.817	-268.8
384.031	337.4
384.246	577.02
384.46	93.69
384.674	953.84
384.888	210.43
385.103	447.99
385.317	-293.37
385.531	267.77
385.745	886.26
385.959	538.1
386.174	-111.1
386.388	-78.33
386.602	280.06
386.816	290.3
387.03	15.87
387.244	-51.71
387.458	482.81
387.672	587.26
387.887	-238.08
388.101	-59.9
388.315	552.44
388.529	423.42
388.743	17.92
388.957	-31.23
389.171	775.67
389.385	179.71
389.599	-37.38
389.813	218.62
390.027	402.94
390.241	902.64
390.455	58.88
390.669	247.29
390.883	267.77
391.097	902.64
391.311	325.12
391.525	-10.75
391.738	753.14
391.952	673.27
392.166	200.19
392.38	-74.24
392.594	767.48
392.808	595.45
393.022	73.21
393.236	34.3
393.449	437.75
393.663	783.86
393.877	3.58
394.091	251.39
394.305	359.93
394.518	312.83
394.732	-47.62
394.946	99.84
395.16	1007.09
395.373	458.23
395.587	-45.57
395.801	75.26
396.015	644.6
396.228	564.73
396.442	-57.86
396.656	-141.82
396.869	755.19
397.083	1127.92
397.297	189.95
397.51	169.47
397.724	630.26
397.938	544.25
398.151	-121.34
398.365	-14.85
398.578	798.2
398.792	896.5
399.005	564.73
399.219	77.31
399.433	517.62
399.646	736.76
399.86	425.47
400.073	511.48
400.287	581.11
400.5	640.5
400.714	476.66
400.927	235
401.141	976.37
401.354	2256.35
401.567	790
401.781	-78.33
401.994	550.39
402.208	1191.41
402.421	192
402.635	173.57
402.848	407.03
403.061	839.16
403.275	394.75
403.488	124.41
403.701	947.7
403.915	927.22
404.128	503.29
404.341	280.06
404.555	1060.34
404.768	447.99
404.981	499.19
405.195	345.59
405.408	927.22
405.621	835.06
405.834	599.54
406.048	173.57
406.261	947.7
406.474	863.73
406.687	130.56
406.9	443.9
407.114	681.46
407.327	955.89
407.54	38.4
407.753	91.65
407.966	464.38
408.179	679.41
408.392	239.1
408.605	118.27
408.819	884.21
409.032	912.88
409.245	314.88
409.458	736.76
409.671	851.44
409.884	980.47
410.097	192
410.31	464.38
410.523	1218.03
410.736	685.56
410.949	439.8
411.162	419.32
411.375	1031.66
411.588	849.4
411.801	560.63
412.014	329.21
412.227	663.03
412.44	847.35
412.653	386.55
412.865	663.03
413.078	1181.17
413.291	1050.1
413.504	622.07
413.717	292.35
413.93	1152.49
414.143	568.82
414.356	591.35
414.568	226.81
414.781	1056.24
414.994	996.85
415.207	634.36
415.42	597.49
415.632	896.5
415.845	1512.94
416.058	343.55
416.271	339.45
416.483	1029.62
416.696	1271.28
416.909	417.27
417.121	486.9
417.334	955.89
417.547	1205.74
417.759	429.56
417.972	447.99
418.185	880.11
418.397	1068.53
418.61	468.47
418.823	497.14
419.035	1363.44
419.248	1060.34
419.46	564.73
419.673	626.17
419.885	886.26
420.098	1011.18
420.311	562.68
420.523	284.16
420.736	1215.98
420.948	1095.15
421.161	523.77
421.373	388.6
421.586	1029.62
421.798	783.86
422.01	372.22
422.223	902.64
422.435	843.25
422.648	1396.2
422.86	620.02
423.073	689.65
423.285	1066.48
423.497	935.41
423.71	534.01
423.922	708.09
424.134	1494.51
424.347	1508.84
424.559	1066.48
424.771	1127.92
424.984	1211.89
425.196	1138.16
425.408	556.54
425.621	595.45
425.833	1308.14
426.045	1496.55
426.257	552.44
426.47	810.48
426.682	1080.82
426.894	1273.32
427.106	732.66
427.318	857.59
427.531	1132.01
427.743	1242.61
427.955	927.22
428.167	1521.13
428.379	1107.44
428.591	1093.1
428.804	1046
429.016	816.63
429.228	1437.16
429.44	1422.83
429.652	14462.24
429.864	665.08
430.076	1320.43
430.288	1342.96
430.5	1097.2
430.712	1117.68
430.924	1355.24
431.136	1523.18
431.348	916.98
431.56	992.75
431.772	1156.59
431.984	1197.55
432.196	794.1
432.408	894.45
432.62	1361.39
432.832	1512.94
433.044	1359.34
433.256	1201.65
433.468	1682.92
433.679	1129.97
433.891	824.82
434.103	1385.96
434.315	2033.12
434.527	1629.67
434.739	1232.37
434.95	1242.61
435.162	1732.07
435.374	1099.25
435.586	1316.33
435.798	1250.8
436.009	1512.94
436.221	1295.85
436.433	1304.04
436.645	1123.82
436.856	1560.04
437.068	2076.13
437.28	1207.79
437.491	1566.18
437.703	1951.2
437.915	1713.64
438.126	1242.61
438.338	1697.25
438.55	1631.72
438.761	1506.79
438.973	1291.76
439.184	1205.74
439.396	1684.97
439.608	1879.52
439.819	1156.59
440.031	1367.53
440.242	1959.39
440.454	1863.14
440.665	1347.05
440.877	1615.34
441.088	2059.74
441.3	1979.87
441.511	1164.78
441.723	1322.48
441.934	2145.76
442.146	1975.78
442.357	1584.62
442.569	2061.79
442.78	2029.03
442.991	2463.19
443.203	1996.26
443.414	1392.11
443.626	2344.41
443.837	1813.99
444.048	1517.03
444.26	1293.8
444.471	2098.66
444.682	2110.94
444.894	1353.2
445.105	1498.6
445.316	2373.08
445.528	2078.18
445.739	1740.26
445.95	1668.58
446.161	2012.64
446.373	2237.92
446.584	1684.97
446.795	1601
447.006	2442.71
447.217	2254.3
447.429	1551.85
447.64	1482.22
447.851	3020.24
448.062	2387.42
448.273	1564.14
448.484	1594.86
448.695	2270.69
448.907	2233.82
449.118	1867.24
449.329	2162.14
449.54	2012.64
449.751	2100.7
449.962	1695.21
450.173	1615.34
450.384	2348.51
450.595	2622.94
450.806	1924.58
451.017	1869.28
451.228	2498.01
451.439	2538.97
451.65	1889.76
451.861	1547.75
452.072	2160.1
452.283	2373.08
452.494	2084.32
452.705	2049.5
452.915	3003.86
453.126	2450.91
453.337	2330.08
453.548	1867.24
453.759	2840.02
453.97	2876.88
454.181	2627.03
454.391	2106.85
454.602	2637.27
454.813	3012.05
455.024	2313.69
455.235	2115.04
455.445	2868.69
455.656	2616.79
455.867	2455
456.078	2358.75
456.288	2557.4
456.499	2870.74
456.71	2168.29
456.921	2684.38
457.131	2809.3
457.342	2819.54
457.553	2258.4
457.763	2362.84
457.974	2756.05
458.184	2903.51
458.395	2340.32
458.606	2252.25
458.816	3247.57
459.027	3415.5
459.237	2745.81
459.448	2436.57
459.659	3038.67
459.869	3966.4
460.08	2362.84
460.29	2913.75
460.501	3624.39
460.711	3251.66
460.922	2274.78
461.132	2594.26
461.343	3999.17
461.553	3030.48
461.764	2655.7
461.974	2643.42
462.184	3526.09
462.395	3519.95
462.605	2813.4
462.816	2608.6
463.026	3468.75
463.236	3499.47
463.447	2835.92
463.657	2960.85
463.867	3825.09
464.078	3425.74
464.288	3020.24
464.498	3210.7
464.709	3585.48
464.919	3737.03
465.129	3233.23
465.339	2991.57
465.55	3859.91
465.76	3962.31
465.97	3157.46
466.18	3327.44
466.391	3964.36
466.601	3845.57
466.811	3552.71
467.021	3257.81
467.231	4261.31
467.441	4281.79
467.651	3691.98
467.862	3268.05
468.072	4027.84
468.282	4412.86
468.492	3470.8
468.702	3945.92
468.912	4400.57
469.122	5074.35
469.332	4279.74
469.542	3796.42
469.752	4916.66
469.962	4521.4
470.172	3902.92
470.382	4054.47
470.592	4982.2
470.802	4887.99
471.012	4462.01
471.222	4275.65
471.432	4816.31
471.642	4924.85
471.852	4621.75
472.062	4400.57
472.272	5096.88
472.482	4799.93
472.691	4556.22
472.901	4634.04
473.111	5086.64
473.321	5868.97
473.531	4769.21
473.741	5164.47
473.95	5567.92
474.16	5473.71
474.37	5227.95
474.58	5031.35
474.79	6407.58
474.999	5893.54
475.209	5146.03
475.419	5387.69
475.628	5891.49
475.838	6249.89
476.048	5662.12
476.258	5254.58
476.467	6325.66
476.677	6079.91
476.886	6274.46
477.096	5883.3
477.306	6387.1
477.515	6589.85
477.725	6186.4
477.935	6215.07
478.144	7120.28
478.354	6477.21
478.563	6376.86
478.773	6174.11
478.982	7216.53
479.192	7200.15
479.401	6776.22
479.611	6481.31
479.82	6716.83
480.03	7472.53
480.239	6813.08
480.449	6694.3
480.658	7732.62
480.868	7406.99
481.077	7220.63
481.287	7114.13
481.496	7724.43
481.705	8136.07
481.915	7914.89
482.124	7636.36
482.333	8062.34
482.543	8496.51
482.752	7830.92
482.961	7552.4
483.171	8373.63
483.38	8166.79
483.589	7912.84
483.799	7998.85
484.008	8410.5
484.217	8457.6
484.426	8193.41
484.636	8076.68
484.845	9018.74
485.054	8641.92
485.263	8856.95
485.472	8469.89
485.682	9104.76
485.891	9110.9
486.1	8361.34
486.309	8744.31
486.518	9692.52
486.727	10194.28
486.936	8732.03
487.146	9160.05
487.355	9801.07
487.564	9362.8
487.773	9256.31
487.982	9045.37
488.191	9788.78
488.4	10055.01
488.609	9334.13
488.818	9692.52
489.027	10472.8
489.236	10521.95
489.445	9713
489.654	9559.41
489.863	10796.38
490.072	10423.65
490.281	10642.78
490.49	10270.05
490.698	10917.21
490.907	11277.65
491.116	10329.44
491.325	10134.89
491.534	11232.6
491.743	10823
491.952	10507.62
492.16	10720.6
492.369	11486.54
492.578	11679.05
492.787	10823
492.996	10499.42
493.204	11279.7
493.413	11949.39
493.622	10925.4
493.831	10706.27
494.039	11951.43
494.248	11550.03
494.457	11210.07
494.665	11054.42
494.874	12076.36
495.083	12631.36
495.291	11214.16
495.5	11416.91
495.709	12358.98
495.917	12121.42
496.126	11752.78
496.335	11724.11
496.543	12477.76
496.752	12275.01
496.96	12285.25
497.169	11834.7
497.377	12244.29
497.586	12543.3
497.794	12307.78
498.003	11572.56
498.211	12809.53
498.42	13090.1
498.628	12266.82
498.837	12084.55
499.045	12993.85
499.254	13061.43
499.462	12483.91
499.671	12430.66
499.879	13927.72
500.087	13430.07
500.296	12711.23
500.504	12729.66
500.713	13491.51
500.921	13956.4
501.129	12705.09
501.338	12715.33
501.546	13722.93
501.754	13612.34
501.962	13071.67
502.171	12930.36
502.379	13765.93
502.587	14015.79
502.795	13272.37
503.004	13229.37
503.212	14044.46
503.42	14155.05
503.628	13516.08
503.837	13798.7
504.045	14241.06
504.253	14877.98
504.461	13565.23
504.669	13659.44
504.877	14964
505.085	14388.52
505.294	13753.65
505.502	14259.49
505.71	15033.63
505.918	14433.57
506.126	14030.12
506.334	13794.61
506.542	14953.76
506.75	14619.94
506.958	14613.79
507.166	14466.34
507.374	14679.33
507.582	15375.64
507.79	14634.27
507.998	14636.32
508.206	15267.1
508.414	15310.1
508.622	14624.03
508.83	14673.18
509.037	15469.84
509.245	14906.65
509.453	14888.22
509.661	14460.2
509.869	15727.89
510.077	15150.36
510.285	15103.26
510.492	14757.15
510.7	16200.97
510.908	15516.95
511.116	15158.55
511.324	14800.16
511.531	15703.31
511.739	16227.59
511.947	15605.01
512.155	15752.46
512.362	15891.73
512.57	15600.91
512.778	15050.01
512.985	15121.69
513.193	16028.94
513.401	16323.85
513.608	15631.63
513.816	15529.24
514.024	15977.74
514.231	16487.68
514.439	15564.05
514.646	15703.31
514.854	16751.87
515.061	16213.26
515.269	15955.21
515.477	15711.5
515.684	16340.23
515.892	17009.92
516.099	15805.71
516.307	15912.21
516.514	17067.26
516.722	17456.37
516.929	16250.12
517.136	16309.51
517.344	17059.07
517.551	16856.32
517.759	16456.96
517.966	16770.3
518.173	16917.76
518.381	17052.92
518.588	16702.72
518.796	16674.05
519.003	17720.56
519.21	17435.89
519.418	16884.99
519.625	17267.96
519.832	17495.29
520.039	18005.23
520.247	16731.39
520.454	17057.02
520.661	17949.93
520.868	17646.83
521.076	17335.54
521.283	17145.08
521.49	18396.39
521.697	17986.8
521.904	17278.2
522.112	17425.65
522.319	18674.92
522.526	18304.23
522.733	17417.46
522.94	17470.71
523.147	17994.99
523.354	18103.53
523.561	17775.86
523.768	17970.41
523.975	18771.17
524.183	18402.54
524.39	18177.26
524.597	18058.48
524.804	18470.12
525.011	18363.62
525.218	17626.36
525.425	18320.62
525.632	19064.03
525.838	18781.41
526.045	18056.43
526.252	18341.1
526.459	20513.99
526.666	20591.81
526.873	18406.63
527.08	18226.41
527.287	19330.27
527.494	19229.91
527.701	18537.7
527.907	18386.15
528.114	19561.69
528.321	19330.27
528.528	18744.55
528.735	19064.03
528.941	19467.48
529.148	19086.56
529.355	19129.56
529.562	18791.65
529.768	20255.95
529.975	19195.1
530.182	19148
530.388	18844.9
530.595	20094.16
530.802	19547.35
531.008	20040.91
531.215	19504.34
531.422	20669.64
531.628	21019.84
531.835	19639.51
532.042	19647.7
532.248	20270.28
532.455	20106.45
532.661	19682.52
532.868	19494.1
533.074	20618.44
533.281	20688.07
533.487	19836.11
533.694	19748.05
533.9	20485.32
534.107	20704.45
534.313	20067.53
534.52	20081.87
534.726	20819.14
534.933	21374.14
535.139	20106.45
535.345	20235.47
535.552	21296.32
535.758	21097.66
535.965	20634.82
536.171	20321.48
536.377	21507.26
536.584	21978.29
536.79	20649.16
536.996	20970.69
537.203	21554.36
537.409	21568.69
537.615	20800.71
537.821	21060.8
538.028	22420.65
538.234	21839.03
538.44	20890.82
538.646	20657.35
538.853	21523.64
539.059	21415.1
539.265	21763.25
539.471	21013.7
539.677	21988.53
539.883	22023.34
540.09	23403.67
540.296	22258.86
540.502	22197.42
540.708	21978.29
540.914	21836.98
541.12	21982.38
541.326	22693.03
541.532	22650.02
541.738	21914.8
541.944	21685.43
542.15	22654.12
542.356	22281.39
542.562	21800.12
542.768	21806.26
542.974	23153.82
543.18	22951.07
543.386	22371.5
543.592	22054.06
543.798	23737.49
544.004	23575.7
544.21	22344.88
544.415	22643.88
544.621	23381.15
544.827	23899.28
545.033	22709.41
545.239	22924.45
545.445	22992.03
545.651	23370.91
545.856	22744.23
546.062	22752.42
546.268	23207.07
546.474	23674.01
546.679	22592.68
546.885	22658.21
547.091	23579.8
547.297	23708.82
547.502	22838.44
547.708	22584.49
547.914	23379.1
548.119	23887
548.325	23026.85
548.531	22420.65
548.736	24306.83
548.942	23549.08
549.147	23069.86
549.353	23501.98
549.559	24411.28
549.764	24149.14
549.97	23258.27
550.175	23518.36
550.381	24403.08
550.586	23688.34
550.792	23585.94
550.997	23575.7
551.203	24331.4
551.408	24413.32
551.614	23434.39
551.819	23770.26
552.025	24761.48
552.23	24654.98
552.435	24069.26
552.641	24616.07
552.846	24405.13
553.052	25517.18
553.257	24751.24
553.462	24683.66
553.668	24788.1
553.873	25066.63
554.078	24169.62
554.283	24442
554.489	25171.07
554.694	25244.8
554.899	24237.2
555.105	24710.28
555.31	25119.87
555.515	25664.63
555.72	24886.4
555.925	25787.51
556.131	25918.58
556.336	25488.51
556.541	24962.18
556.746	25212.03
556.951	26080.37
557.156	26068.08
557.361	25287.81
557.567	25549.95
557.772	26014.84
557.977	25705.59
558.182	25279.61
558.387	25089.15
558.592	25707.64
558.797	26215.54
559.002	25408.64
559.207	25728.12
559.412	26145.91
559.617	26479.72
559.822	25400.44
560.027	25371.77
560.232	25640.06
560.437	26436.72
560.642	25179.26
560.847	25517.18
561.051	26158.19
561.256	26360.94
561.461	25994.36
561.666	25287.81
561.871	26045.55
562.076	26920.04
562.281	25898.1
562.485	25449.6
562.69	26813.54
562.895	26336.37
563.1	26096.75
563.305	25912.44
563.509	26930.28
563.714	27135.07
563.919	26483.82
564.123	26340.46
564.328	26612.84
564.533	27499.61
564.737	26096.75
564.942	26025.07
565.147	26995.81
565.351	26985.57
565.556	26082.42
565.761	26494.06
565.965	27063.4
566.17	26860.65
566.374	26248.3
566.579	26174.58
566.784	26743.91
566.988	27067.49
567.193	26487.92
567.397	27024.48
567.602	27333.73
567.806	26958.95
568.011	26723.43
568.215	27202.66
568.42	27307.1
568.624	27571.29
568.828	26967.14
569.033	27036.77
569.237	27866.2
569.442	28038.23
569.646	26661.99
569.85	26934.37
570.055	27769.94
570.259	27554.91
570.463	27468.89
570.668	27053.16
570.872	27733.08
571.076	27855.96
571.281	27661.4
571.485	27774.04
571.689	27892.82
571.893	28111.96
572.098	27624.54
572.302	27337.82
572.506	27954.26
572.71	28322.9
572.914	27253.86
573.119	27737.18
573.323	28363.86
573.527	28623.95
573.731	27726.94
573.935	27884.63
574.139	28542.03
574.343	28404.81
574.547	27956.31
574.751	28005.46
574.955	28372.05
575.159	28787.78
575.364	27995.22
575.568	27716.7
575.772	28474.45
575.976	28773.45
576.18	27890.77
576.383	28138.58
576.587	29027.4
576.791	28689.48
576.995	28130.39
577.199	28030.04
577.403	29111.36
577.607	29494.33
577.811	28398.67
578.015	29037.64
578.219	29572.16
578.422	29383.74
578.626	29197.38
578.83	29058.12
579.034	29563.96
579.238	29336.64
579.442	28922.95
579.645	29283.39
579.849	29224
580.053	29987.89
580.257	28744.78
580.46	28902.47
580.664	29690.94
580.868	29518.91
581.071	29357.12
581.275	28769.35
581.479	29492.29
581.682	29918.26
581.886	28902.47
582.09	29363.26
582.293	30014.52
582.497	30438.45
582.7	29596.73
582.904	29400.13
583.107	30073.91
583.311	30211.12
583.515	29666.36
583.718	29471.81
583.922	30487.6
584.125	30864.43
584.329	29357.12
584.532	29723.71
584.735	30784.55
584.939	30118.96
585.142	29735.99
585.346	29684.8
585.549	30383.15
585.753	30628.91
585.956	29836.34
586.159	30352.43
586.363	30878.76
586.566	30915.62
586.769	29955.13
586.973	29840.44
587.176	31155.24
587.379	30608.43
587.582	30571.57
587.786	30315.57
587.989	31269.92
588.192	31835.16
588.395	30549.04
588.599	30909.48
588.802	30735.4
589.005	31130.66
589.208	30839.85
589.411	30592.05
589.615	31022.12
589.818	31595.55
590.021	31249.44
590.224	31298.59
590.427	31636.51
590.63	31712.28
590.833	31079.46
591.036	31020.07
591.239	31640.61
591.442	31110.18
591.645	31319.07
591.848	31466.53
592.051	31962.14
592.254	31882.27
592.457	31534.11
592.66	31489.06
592.863	31925.27
593.066	32068.63
593.269	31132.71
593.472	31222.82
593.675	31810.59
593.878	32295.96
594.081	31470.62
594.284	31601.69
594.486	32588.81
594.689	32578.57
594.892	31714.33
595.095	31716.38
595.298	32439.31
595.5	32449.55
595.703	32250.9
595.906	32453.65
596.109	32787.47
596.311	32685.07
596.514	31894.55
596.717	32570.38
596.92	32957.45
597.122	33131.53
597.325	31716.38
597.528	32011.29
597.73	33522.69
597.933	33219.59
598.136	32412.69
598.338	32470.03
598.541	33270.79
598.743	33362.95
598.946	32617.49
599.148	32625.68
599.351	33393.67
599.554	33717.25
599.756	32424.98
599.959	33008.65
600.161	33391.62
600.363	33580.03
600.566	32842.76
600.768	32760.84
600.971	33489.92
601.173	33328.13
601.376	32928.78
601.578	32926.73
601.78	33491.97
601.983	34223.09
602.185	32607.25
602.388	33340.42
602.59	33682.43
602.792	33913.85
602.995	33440.77
603.197	33209.35
603.399	34018.3
603.601	33979.39
603.804	32848.91
604.006	33125.38
604.208	33229.83
604.41	33178.63
604.613	33911.8
604.815	33102.85
605.017	34100.22
605.219	33958.91
605.421	33954.81
605.623	33119.24
605.826	34454.51
606.028	34493.43
606.23	33563.65
606.432	33518.59
606.634	34438.13
606.836	34020.34
607.038	33362.95
607.24	33784.83
607.442	34872.3
607.644	34460.66
607.846	33919.99
608.048	33563.65
608.25	34722.8
608.452	33758.2
608.654	33926.14
608.856	33311.75
609.058	33967.1
609.26	34526.19
609.462	33850.36
609.664	34282.48
609.866	34540.53
610.067	34335.73
610.269	34122.74
610.471	33813.5
610.673	35097.58
610.875	34630.64
611.077	33811.45
611.278	33915.9
611.48	34583.54
611.682	34886.64
611.884	34251.77
612.085	34124.79
612.287	34778.09
612.489	34796.53
612.69	33889.27
612.892	34104.31
613.094	35445.73
613.295	34079.74
613.497	33688.57
613.699	34235.38
613.9	35167.21
614.102	34808.81
614.304	34073.59
614.505	33803.26
614.707	34464.75
614.908	34745.33
615.11	33688.57
615.311	34221.05
615.513	34788.33
615.714	34530.29
615.916	34143.22
616.117	34524.15
616.319	34601.97
616.52	34735.09
616.722	34364.4
616.923	34257.91
617.124	35226.6
617.326	34563.06
617.527	34268.15
617.729	34757.61
617.93	34821.1
618.131	35304.42
618.333	34296.82
618.534	34180.09
618.735	35099.62
618.937	35361.76
619.138	34253.81
619.339	34462.71
619.54	34970.6
619.742	34366.45
619.943	34403.32
620.144	34577.39
620.345	35376.1
620.546	34972.65
620.748	34610.16
620.949	34659.31
621.15	35130.34
621.351	35048.43
621.552	34638.83
621.753	34540.53
621.954	35222.5
622.155	35646.43
622.356	34513.91
622.558	35126.25
622.759	35615.71
622.96	35724.25
623.161	34663.41
623.362	34864.11
623.563	35908.57
623.764	35531.75
623.965	34796.53
624.166	35279.85
624.366	35197.93
624.567	35331.04
624.768	34665.46
624.969	34350.07
625.17	34929.64
625.371	35548.13
625.572	34894.83
625.773	34808.81
625.973	35376.1
626.174	35797.98
626.375	35199.97
626.576	35576.8
626.777	35701.73
626.977	35607.52
627.178	35212.26
627.379	35216.36
627.58	35584.99
627.78	35535.84
627.981	34978.79
628.182	35533.79
628.382	35736.54
628.583	35902.43
628.784	34919.4
628.984	35431.4
629.185	35644.38
629.386	35744.73
629.586	35230.69
629.787	35116.01
629.987	35838.94
630.188	35982.3
630.388	35273.7
630.589	35628
630.79	36371.41
630.99	35636.19
631.191	35806.17
631.391	35632.1
631.591	35732.45
631.792	35793.89
631.992	35484.64
632.193	35537.89
632.393	36064.22
632.594	35902.43
632.794	35122.15
632.994	36080.6
633.195	35814.37
633.395	35927
633.595	35589.09
633.796	35685.34
633.996	36445.14
634.196	36721.62
634.397	36281.3
634.597	35779.55
634.797	36158.42
634.997	36418.52
635.198	36035.55
635.398	35777.5
635.598	36596.69
635.798	36445.14
635.998	35748.83
636.199	35906.52
636.399	36006.87
636.599	35894.24
636.799	35902.43
636.999	36068.31
637.199	36336.6
637.399	36563.92
637.599	35828.7
637.799	36017.11
637.999	36377.56
638.199	36176.86
638.399	36084.7
638.599	35871.71
638.799	36688.85
638.999	36934.6
639.199	36232.15
639.399	36049.88
639.599	37037
639.799	36334.55
639.999	35961.82
640.199	35957.72
640.399	36627.41
640.599	35996.63
640.799	36639.7
640.998	36355.03
641.198	36840.4
641.398	36899.79
641.598	36551.63
641.798	36277.21
641.997	37874.62
642.197	36860.88
642.397	36518.87
642.597	36289.49
642.796	36817.87
642.996	36946.89
643.196	36434.9
643.395	35922.91
643.595	36549.59
643.795	36844.49
643.994	36387.8
644.194	36346.84
644.394	37616.58
644.593	37415.88
644.793	36355.03
644.992	37084.11
645.192	37454.79
645.392	37012.43
645.591	36996.04
645.791	36895.69
645.99	37200.84
646.19	37157.83
646.389	36434.9
646.589	36936.65
646.788	37258.18
646.987	36770.77
647.187	37256.14
647.386	37018.57
647.586	37313.48
647.785	37630.91
647.984	36504.53
648.184	37432.26
648.383	37166.02
648.582	37221.32
648.782	36813.77
648.981	37376.97
649.18	37311.43
649.38	37589.95
649.579	37106.63
649.778	37229.51
649.977	37784.51
650.177	37485.51
650.376	37190.6
650.575	36981.71
650.774	37845.95
650.973	37712.83
651.173	37213.13
651.372	38017.98
651.571	37671.87
651.77	38464.44
651.969	37600.19
652.168	37737.41
652.367	38077.37
652.566	38245.3
652.765	37913.53
652.964	38204.35
653.163	38550.45
653.362	38656.95
653.561	37612.48
653.76	37925.82
653.959	38136.76
654.158	38357.94
654.357	37454.79
654.556	37434.31
654.755	38224.82
654.954	37942.21
655.153	37626.82
655.352	37952.44
655.551	38599.6
655.749	38144.95
655.948	37977.02
656.147	37854.14
656.346	38411.19
656.545	37921.73
656.743	37598.15
656.942	37862.33
657.141	37938.11
657.34	38073.28
657.538	37424.07
657.737	37800.9
657.936	38669.23
658.135	38308.79
658.333	37911.49
658.532	38282.17
658.731	39062.44
658.929	38695.86
659.128	38253.5
659.326	37784.51
659.525	38988.72
659.724	38194.11
659.922	37653.44
660.121	37667.78
660.319	38599.6
660.518	37856.19
660.716	37698.5
660.915	38112.19
661.113	38771.63
661.312	38136.76
661.51	38190.01
661.709	37417.93
661.907	38321.08
662.105	38482.87
662.304	37938.11
662.502	38192.06
662.701	38845.36
662.899	38570.93
663.097	38517.68
663.296	38056.89
663.494	38933.42
663.692	38818.74
663.891	38112.19
664.089	37759.94
664.287	38552.5
664.485	38796.21
664.684	37866.43
664.882	38077.37
665.08	38161.34
665.278	38591.41
665.476	38204.35
665.675	38798.26
665.873	39213.99
666.071	38900.65
666.269	38689.71
666.467	38183.87
666.665	38966.19
666.863	38503.35
667.061	38509.49
667.259	38165.43
667.457	38861.74
667.655	38587.32
667.853	37807.04
668.051	38210.49
668.249	38007.74
668.447	38654.9
668.645	37542.85
668.843	38286.26
669.041	38626.23
669.239	37966.78
669.437	37970.88
669.635	38376.37
669.833	38298.55
670.031	38615.99
670.229	37997.5
670.426	38142.91
670.624	38501.3
670.822	38378.42
671.02	38333.37
671.218	38349.75
671.415	38046.65
671.613	38417.33
671.811	38335.42
672.009	38474.68
672.206	38646.71
672.404	38484.92
672.602	38009.79
672.799	38171.58
672.997	38706.1
673.195	38273.98
673.392	38118.33
673.59	38048.7
673.788	37753.79
673.985	37764.03
674.183	38013.88
674.38	37964.73
674.578	38663.09
674.775	38165.43
674.973	37508.04
675.17	37882.81
675.368	37821.37
675.565	37979.07
675.763	37958.59
675.96	37764.03
676.158	38491.06
676.355	38378.42
676.553	38503.35
676.75	38042.56
676.947	38187.96
677.145	37753.79
677.342	37929.92
677.539	37934.01
677.737	38286.26
677.934	38101.95
678.131	37794.75
678.329	37747.65
678.526	38652.85
678.723	38177.72
678.92	38030.27
679.118	37997.5
679.315	37385.16
679.512	38120.38
679.709	37512.13
679.906	37317.57
680.104	38253.5
680.301	37860.29
680.498	37209.03
680.695	37151.69
680.892	37829.57
681.089	38120.38
681.286	37606.34
681.483	36848.59
681.68	37581.76
681.877	38171.58
682.075	37231.56
682.272	37483.46
682.469	37563.33
682.665	37602.24
682.862	36746.19
683.059	37297.09
683.256	37532.61
683.453	38327.22
683.65	37534.66
683.847	37436.36
684.044	37942.21
684.241	37413.83
684.438	37606.34
684.635	36565.97
684.831	38036.41
685.028	38099.9
685.225	37376.97
685.422	37622.72
685.619	37432.26
685.815	37536.71
686.012	37581.76
686.209	37315.53
686.405	37174.22
686.602	37823.42
686.799	37073.87
686.996	37321.67
687.192	37096.39
687.389	38134.71
687.586	36840.4
687.782	36850.64
687.979	37993.4
688.175	37131.21
688.372	37067.72
688.568	37198.79
688.765	37049.29
688.962	37432.26
689.158	36797.39
689.355	36543.44
689.551	37303.24
689.748	37198.79
689.944	37049.29
690.14	36856.78
690.337	37227.46
690.533	37528.52
690.73	36867.02
690.926	36961.23
691.123	36871.12
691.319	36797.39
691.515	36635.6
691.712	36877.26
691.908	37108.68
692.104	36895.69
692.301	36096.99
692.497	35861.47
692.693	36713.42
692.889	36879.31
693.086	36332.5
693.282	36369.37
693.478	36608.98
693.674	37049.29
693.87	35974.11
694.067	36342.74
694.263	36713.42
694.459	36670.42
694.655	36928.46
694.851	36561.87
695.047	36961.23
695.243	36975.56
695.439	36420.56
695.635	36469.72
695.831	36928.46
696.027	37116.87
696.224	36504.53
696.42	37127.11
696.615	37243.85
696.811	37155.79
697.007	36146.14
697.203	36410.32
697.399	36502.48
697.595	36711.38
697.791	35812.32
697.987	35953.63
698.183	36199.38
698.379	36346.84
698.575	36070.36
698.77	36013.02
698.966	36027.35
699.162	36223.96
699.358	35867.61
699.554	35746.78
699.749	36416.47
699.945	36056.03
700.141	35853.28
700.337	35976.16
700.532	36133.85
700.728	36266.97
700.924	35527.65
701.119	35234.79
701.315	36348.89
701.511	35998.68
701.706	36049.88
701.902	35591.14
702.097	36191.19
702.293	36051.93
702.489	35396.58
702.684	35324.9
702.88	36043.74
703.075	35904.48
703.271	35519.46
703.466	35427.3
703.662	35787.74
703.857	35916.76
704.053	35820.51
704.248	35562.47
704.443	36312.02
704.639	35931.1
704.834	35228.65
705.03	35335.14
705.225	35445.73
705.42	35654.62
705.616	35408.87
705.811	34935.79
706.006	35073
706.202	35642.34
706.397	35283.94
706.592	34747.37
706.787	35990.49
706.983	35490.79
707.178	36031.45
707.373	35419.11
707.568	35468.26
707.763	35486.69
707.959	34851.82
708.154	35329
708.349	35331.04
708.544	36168.66
708.739	35341.28
708.934	35333.09
709.129	35863.52
709.324	36004.83
709.519	35273.7
709.714	35122.15
709.909	35572.71
710.104	35539.94
710.299	34655.22
710.494	35099.62
710.689	34929.64
710.884	34970.6
711.079	34903.02
711.274	35357.67
711.469	35189.74
711.664	35539.94
711.859	35122.15
712.054	35019.75
712.249	35550.18
712.443	35122.15
712.638	34464.75
712.833	34843.63
713.028	35249.13
713.223	34812.91
713.417	34911.21
713.612	34950.12
713.807	35486.69
714.002	35630.05
714.196	35027.95
714.391	34405.36
714.586	35238.89
714.78	35742.69
714.975	34950.12
715.17	34851.82
715.364	34919.4
715.559	35496.93
715.754	33864.7
715.948	34141.18
716.143	35361.76
716.337	34622.45
716.532	34831.34
716.726	34743.28
716.921	35279.85
717.115	35570.66
717.31	34454.51
717.504	35660.77
717.699	35107.82
717.893	34802.67
718.088	34110.46
718.282	34184.18
718.476	34364.4
718.671	34784.24
718.865	34208.76
719.059	34292.72
719.254	34276.34
719.448	34857.96
719.642	36275.16
719.837	33448.96
720.031	36031.45
720.225	34350.07
720.419	34167.8
720.614	33606.66
720.808	34264.05
721.002	34120.7
721.196	33766.4
721.39	33889.27
721.585	34282.48
721.779	34610.16
721.973	33704.96
722.167	33088.52
722.361	34104.31
722.555	34393.08
722.749	33967.1
722.943	33760.25
723.137	33727.49
723.331	34591.73
723.525	33620.99
723.719	33899.51
723.913	34132.98
724.107	34348.02
724.301	33602.56
724.495	33317.89
724.689	34298.87
724.883	33833.98
725.077	33254.4
725.271	33520.64
725.465	33528.83
725.659	33774.59
725.853	33379.33
726.046	33291.27
726.24	33549.31
726.434	33764.35
726.628	33225.73
726.822	33221.64
727.015	34163.7
727.209	34036.73
727.403	33315.84
727.596	33385.47
727.79	33969.15
727.984	34434.03
728.177	33473.54
728.371	33655.81
728.565	33752.06
728.758	34173.94
728.952	33504.26
729.146	33678.33
729.339	34309.11
729.533	34038.78
729.726	33514.5
729.92	33350.66
730.113	33924.09
730.307	34298.87
730.5	33178.63
730.694	33192.97
730.887	33188.87
731.081	33653.76
731.274	32949.26
731.468	33315.84
731.661	33473.54
731.854	33790.97
732.048	33420.29
732.241	33162.25
732.435	33876.99
732.628	33356.8
732.821	33459.2
733.014	32969.74
733.208	33377.28
733.401	33958.91
733.594	33442.82
733.788	33090.57
733.981	33803.26
734.174	33807.36
734.367	33211.4
734.56	32990.22
734.754	33395.71
734.947	33395.71
735.14	32666.64
735.333	33025.03
735.526	33698.81
735.719	33070.09
735.912	32822.28
736.105	33522.69
736.298	33506.3
736.491	34096.12
736.684	32947.21
736.877	32699.41
737.07	33412.1
737.263	33807.36
737.456	32810
737.649	32664.59
737.842	33453.06
738.035	33147.91
738.228	32316.43
738.421	32801.8
738.614	33020.94
738.807	33401.86
739	32201.75
739.192	32592.91
739.385	33002.5
739.578	33082.38
739.771	32900.11
739.964	32283.67
740.156	33393.67
740.349	33348.61
740.542	32812.04
740.735	32400.4
740.927	32893.96
741.12	32945.16
741.313	32570.38
741.505	33074.18
741.698	32922.63
741.891	33455.11
742.083	32615.44
742.276	33000.46
742.468	33068.04
742.661	32824.33
742.854	32437.27
743.046	32400.4
743.239	33211.4
743.431	33352.71
743.624	32496.66
743.816	31968.28
744.009	33252.36
744.201	32760.84
744.393	32621.58
744.586	32338.96
744.778	32863.24
744.971	32853
745.163	32162.84
745.355	32463.89
745.548	32967.69
745.74	33125.38
745.932	32384.02
746.125	32361.49
746.317	32838.67
746.509	32615.44
746.702	32402.45
746.894	32312.34
747.086	32873.48
747.278	32736.27
747.471	32117.78
747.663	32353.3
747.855	32941.07
748.047	33438.72
748.239	32961.55
748.431	32467.98
748.623	33334.28
748.815	32785.42
749.008	32015.38
749.2	32166.93
749.392	32922.63
749.584	33227.78
749.776	32105.49
749.968	32424.98
750.16	32990.22
750.352	32191.51
750.544	31999
750.736	31577.12
750.928	32631.82
751.12	32556.05
751.311	31749.15
751.503	32168.98
751.695	32089.11
751.887	32568.34
752.079	31970.33
752.271	31433.76
752.463	32863.24
752.654	32072.73
752.846	31904.79
753.038	31495.2
753.23	32150.55
753.421	32328.72
753.613	31751.2
753.805	32240.66
753.997	32336.91
754.188	31988.76
754.38	31142.95
754.572	31681.56
754.763	31695.9
754.955	31902.75
755.146	31718.43
755.338	31607.84
755.53	32101.4
755.721	31663.13
755.913	30737.45
756.104	31314.98
756.296	31706.14
756.487	32017.43
756.679	31431.71
756.87	31185.96
757.062	31437.86
757.253	31394.85
757.445	31005.73
757.636	31202.34
757.827	31894.55
758.019	32193.56
758.21	30639.15
758.401	31169.57
758.593	31960.09
758.784	31865.88
758.975	30948.39
759.167	30780.46
759.358	31724.57
759.549	31419.42
759.74	30733.36
759.932	30479.41
760.123	30997.54
760.314	31155.24
760.505	30585.9
760.696	30250.03
760.888	31161.38
761.079	31011.88
761.27	30559.28
761.461	30243.89
761.652	31493.15
761.843	31028.26
762.034	30778.41
762.225	31030.31
762.416	30891.05
762.607	30413.87
762.798	30252.08
762.989	30311.47
763.18	31984.66
763.371	30680.11
763.562	30377.01
763.753	29905.98
763.944	30800.94
764.135	30587.95
764.326	30147.64
764.517	29901.88
764.708	30663.72
764.899	30624.81
765.089	29264.96
765.28	29576.25
765.471	30356.53
765.662	30438.45
765.853	29830.2
766.043	29998.13
766.234	30514.22
766.425	29887.54
766.615	29682.75
766.806	29609.02
766.997	30067.77
767.187	30151.73
767.378	29230.15
767.569	29023.3
767.759	30067.77
767.95	29488.19
768.141	29860.92
768.331	29453.37
768.522	29750.33
768.712	29938.74
768.903	29187.14
769.093	28988.49
769.284	29385.79
769.474	29391.94
769.665	28705.87
769.855	28843.08
770.046	30108.72
770.236	29398.08
770.426	28922.95
770.617	28734.54
770.807	29287.49
770.998	29486.14
771.188	28965.96
771.378	28611.66
771.569	29551.68
771.759	29365.31
771.949	28226.64
772.139	28722.25
772.33	28496.97
772.52	29035.59
772.71	28410.96
772.9	28068.95
773.09	28626
773.281	29240.39
773.471	28243.03
773.661	27999.32
773.851	28804.17
774.041	28718.15
774.231	28111.96
774.421	28890.18
774.611	28933.19
774.802	28601.42
774.992	27804.76
775.182	27720.79
775.372	28791.88
775.562	28587.08
775.752	28169.3
775.942	27974.74
776.131	28900.42
776.321	28312.66
776.511	27567.2
776.701	27450.46
776.891	28490.83
777.081	28312.66
777.271	28019.8
777.461	28306.51
777.651	28427.34
777.84	28339.28
778.03	27444.32
778.22	27382.88
778.41	28036.18
778.599	28175.44
778.789	27391.07
778.979	27354.21
779.169	28228.69
779.358	27708.51
779.548	27688.03
779.738	27057.25
779.927	27993.17
780.117	27294.82
780.307	26565.74
780.496	26584.17
780.686	27778.14
780.875	28138.58
781.065	27415.65
781.254	26883.17
781.444	27888.73
781.633	27937.88
781.823	26797.16
782.012	27208.8
782.202	27020.39
782.391	27042.92
782.581	26651.75
782.77	27292.77
782.96	27753.56
783.149	26745.96
783.338	26596.46
783.528	26322.03
783.717	27454.56
783.906	27386.97
784.096	26805.35
784.285	26182.77
784.474	26758.25
784.663	26897.51
784.853	26090.61
785.042	26674.28
785.231	27006.05
785.42	27040.87
785.61	26264.69
785.799	26123.38
785.988	27149.41
786.177	26799.21
786.366	26387.57
786.555	26555.5
786.744	26315.89
786.933	26618.99
787.122	25877.62
787.312	25693.3
787.501	25955.44
787.69	26733.67
787.879	25877.62
788.068	25457.79
788.257	25822.33
788.445	26258.54
788.634	26100.85
788.823	25367.68
789.012	27094.11
789.201	26854.5
789.39	25795.7
789.579	25652.34
789.768	26616.94
789.957	26072.18
790.145	25744.5
790.334	25396.35
790.523	25459.84
790.712	26023.03
790.9	25914.48
791.089	25365.63
791.278	25992.31
791.467	25977.97
791.655	26039.41
791.844	26473.58
792.033	25629.82
792.221	25861.24
792.41	25357.44
792.599	24767.62
792.787	25777.27
792.976	25842.81
793.164	24929.41
793.353	24810.63
793.541	26053.75
793.73	25750.65
793.918	24861.83
794.107	24736.9
794.295	25416.83
794.484	25105.54
794.672	24886.4
794.861	24958.08
795.049	25580.67
795.238	25666.68
795.426	24614.02
795.614	24814.73
795.803	25779.32
795.991	25257.09
796.179	24501.39
796.368	24521.87
796.556	25357.44
796.744	24800.39
796.932	24536.2
797.121	23981.2
797.309	24335.5
797.497	24779.91
797.685	24175.76
797.874	24063.12
798.062	25298.05
798.25	25437.31
798.438	24386.7
798.626	24611.98
798.814	25345.15
799.002	25384.06
799.19	24679.56
799.378	24405.13
799.566	25007.23
799.755	24956.04
799.943	24784.01
800.131	24290.45
800.318	24845.44
800.506	25158.78
800.694	24747.14
800.882	24575.11
801.07	25521.27
801.258	24978.56
801.446	24638.6
801.634	24515.72
801.822	24974.47
802.01	25160.83
802.197	24755.33
802.385	24386.7
802.573	25359.49
802.761	25060.48
802.949	24620.17
803.136	24419.47
803.324	25398.4
803.512	24675.46
803.699	24571.02
803.887	24151.18
804.075	25109.63
804.262	24802.44
804.45	24454.28
804.638	24550.54
804.825	24827.01
805.013	24937.6
805.201	24452.23
805.388	24208.53
805.576	25152.64
805.763	25449.6
805.951	24319.12
806.138	24571.02
806.326	25394.3
806.513	25099.39
806.701	24439.95
806.888	24517.77
807.075	25302.14
807.263	25107.58
807.45	24358.03
807.638	24390.8
807.825	25152.64
808.012	25115.78
808.2	24460.43
808.387	25019.52
808.574	25324.67
808.761	25773.17
808.949	24446.09
809.136	24812.68
809.323	25023.62
809.51	25183.36
809.698	25267.33
809.885	24716.42
810.072	25322.62
810.259	25965.68
810.446	24741
810.633	25158.78
810.82	25476.22
811.008	26164.34
811.195	25195.65
811.382	25064.58
811.569	25767.03
811.756	25101.44
811.943	25058.43
812.13	25085.06
812.317	25287.81
812.504	25310.33
812.691	25046.15
812.878	25074.82
813.064	25595
813.251	25406.59
813.438	24540.3
813.625	24859.78
813.812	25160.83
813.999	24960.13
814.186	24577.16
814.372	24435.85
814.559	25523.32
814.746	25412.73
814.933	24546.44
815.12	24839.3
815.306	24951.94
815.493	24919.17
815.68	25177.22
815.866	24200.33
816.053	25451.64
816.24	25453.69
816.426	24632.46
816.613	24685.7
816.799	25595
816.986	25736.31
817.173	24857.73
817.359	24958.08
817.546	25363.58
817.732	24988.8
817.919	24198.29
818.105	24882.31
818.292	25355.39
818.478	25736.31
818.665	25185.41
818.851	24532.11
819.037	26025.07
819.224	25150.59
819.41	24505.48
819.597	24523.91
819.783	25726.07
819.969	25611.39
820.156	24818.82
820.342	24681.61
820.528	26692.71
820.714	25054.34
820.901	24564.87
821.087	24427.66
821.273	25152.64
821.459	24790.15
821.646	24226.96
821.832	24257.68
822.018	25246.85
822.204	24747.14
822.39	24386.7
822.576	23868.56
822.762	25035.91
822.948	24462.47
823.134	24202.38
823.32	23825.56
823.507	23954.58
823.693	24667.27
823.879	24442
824.065	23704.73
824.25	24413.32
824.436	24355.98
824.622	23905.43
824.808	24108.18
824.994	24372.36
825.18	24515.72
825.366	23835.8
825.552	23874.71
825.738	24757.38
825.923	24755.33
826.109	23907.48
826.295	23452.83
826.481	23864.47
826.667	23966.87
826.852	24005.78
827.038	23618.71
827.224	24431.76
827.409	24468.62
827.595	22883.49
827.781	23800.98
827.966	24437.9
828.152	24319.12
828.338	23401.63
828.523	22959.27
828.709	24040.59
828.894	24151.18
829.08	23682.2
829.266	23549.08
829.451	23966.87
829.637	24431.76
829.822	23919.76
830.008	23499.93
830.193	24110.22
830.378	24114.32
830.564	23358.62
830.749	23280.8
830.935	24069.26
831.12	23819.41
831.305	23078.05
831.491	23205.02
831.676	22820
831.861	23938.19
832.047	23026.85
832.232	22783.14
832.417	23872.66
832.602	23858.32
832.788	23002.27
832.973	22891.68
833.158	23506.07
833.343	23479.45
833.528	23211.17
833.714	22998.18
833.899	23205.02
834.084	23995.54
834.269	23426.2
834.454	22672.55
834.639	23620.76
834.824	23667.86
835.009	22918.31
835.194	22926.5
835.379	23827.6
835.564	23829.65
835.749	23012.51
835.934	22539.43
836.119	23299.23
836.304	23055.52
836.489	22117.55
836.674	22869.16
836.859	23112.86
837.044	23348.38
837.228	22779.04
837.413	22201.52
837.598	23037.09
837.783	23295.13
837.968	22211.76
838.152	22133.93
838.337	22101.17
838.522	22725.8
838.707	22953.12
838.891	22480.04
839.076	22805.67
839.261	22545.58
839.445	22135.98
839.63	22557.86
839.815	22924.45
839.999	22275.24
840.184	21789.88
840.368	21693.62
840.553	22625.45
840.737	22430.89
840.922	21941.43
841.106	21687.48
841.291	22076.59
841.475	22631.59
841.66	21822.64
841.844	21873.84
842.029	22869.16
842.213	22070.45
842.397	21660.85
842.582	20901.06
842.766	22238.38
842.951	22381.74
843.135	21490.87
843.319	21605.56
843.504	22121.65
843.688	22969.51
843.872	21064.89
844.056	21750.96
844.241	22303.92
844.425	21957.81
844.609	21744.82
844.793	21372.09
844.977	22070.45
845.161	21746.87
845.346	21511.35
845.53	21073.09
845.714	22215.85
845.898	22295.72
846.082	21071.04
846.266	21116.09
846.45	21339.32
846.634	21718.2
846.818	20638.92
847.002	20868.29
847.186	21454.01
847.37	20882.63
847.554	20497.61
847.738	20810.95
847.922	21398.71
848.106	21343.42
848.29	20575.43
848.473	20477.13
848.657	21671.09
848.841	21265.6
849.025	20743.36
849.209	20653.25
849.392	21507.26
849.576	21236.92
849.76	20321.48
849.944	20849.86
850.127	21634.23
850.311	20835.52
850.495	20501.7
850.678	20208.84
850.862	21077.18
851.046	21228.73
851.229	20692.16
851.413	19985.62
851.596	21058.75
851.78	20999.36
851.964	20620.49
852.147	20513.99
852.331	21521.59
852.514	21284.03
852.698	20133.07
852.881	19645.65
853.065	20296.91
853.248	20544.71
853.431	19926.22
853.615	19922.13
853.798	21558.46
853.982	20583.62
854.165	19956.94
854.348	19770.58
854.532	20585.67
854.715	20257.99
854.898	19659.99
855.081	19674.32
855.265	20880.58
855.448	20962.5
855.631	19510.49
855.814	19467.48
855.997	20024.53
856.181	20274.38
856.364	19500.25
856.547	19363.03
856.73	19954.9
856.913	20131.02
857.096	19174.62
857.279	19760.34
857.462	19852.5
857.645	19807.44
857.828	19653.84
858.011	19721.43
858.194	19887.31
858.377	19801.3
858.56	18943.2
858.743	19342.55
858.926	19455.19
859.109	19932.37
859.292	19121.37
859.475	18998.49
859.658	19537.11
859.841	19752.15
860.023	18865.38
860.206	18785.51
860.389	19621.08
860.572	19295.45
860.755	18676.96
860.937	18709.73
861.12	19131.61
861.303	19317.98
861.486	18453.73
861.668	18482.41
861.851	18959.58
862.034	19516.63
862.216	18619.62
862.399	18367.72
862.581	19186.91
862.764	19141.85
862.947	18674.92
863.129	18367.72
863.312	19066.08
863.494	19055.84
863.677	18734.31
863.859	18160.87
864.042	19268.83
864.224	18842.85
864.406	18414.82
864.589	17931.5
864.771	18826.46
864.954	18824.42
865.136	17876.21
865.318	17687.79
865.501	18799.84
865.683	18033.9
865.865	18146.54
866.048	17847.54
866.23	18679.01
866.412	18445.54
866.594	17599.73
866.777	17870.06
866.959	18238.7
867.141	18058.48
867.323	18007.28
867.505	17806.58
867.687	18203.88
867.869	18482.41
868.052	18068.72
868.234	17695.99
868.416	18490.6
868.598	18842.85
868.78	17904.88
868.962	17255.67
869.144	18396.39
869.326	18216.17
869.508	17601.78
869.69	17870.06
869.872	17800.43
870.054	18582.76
870.236	17097.98
870.417	17224.95
870.599	17800.43
870.781	18509.03
870.963	17870.06
871.145	17380.6
871.327	18038
871.508	18398.44
871.69	17693.94
871.872	17448.18
872.054	18119.92
872.235	18089.2
872.417	17448.18
872.599	17095.93
872.78	18582.76
872.962	17911.02
873.144	16852.22
873.325	17298.68
873.507	18142.44
873.689	17949.93
873.87	17183.99
874.052	17317.11
874.233	17583.35
874.415	18472.17
874.596	17439.99
874.778	16917.76
874.959	17900.78
875.141	18081
875.322	17253.62
875.503	16758.02
875.685	17757.43
875.866	17374.45
876.048	17177.85
876.229	17081.6
876.41	17616.12
876.592	17913.07
876.773	17464.57
876.954	16741.63
877.136	18132.2
877.317	17437.94
877.498	17147.13
877.679	17442.04
877.86	17607.92
878.042	17911.02
878.223	17308.92
878.404	17800.43
878.585	17769.71
878.766	18171.11
878.947	17579.25
879.128	17538.29
879.309	17960.17
879.49	18029.8
879.672	17399.03
879.853	17470.71
880.034	18109.68
880.215	18132.2
880.396	17896.69
880.576	17544.44
880.757	17788.14
880.938	18423.01
881.119	17777.9
881.3	17714.42
881.481	18232.55
881.662	19229.91
881.843	17499.38
882.023	17671.41
882.204	18701.54
882.385	18484.45
882.566	17947.89
882.747	17958.13
882.927	18566.37
883.108	18449.64
883.289	17726.71
883.469	17945.84
883.65	18412.78
883.831	18375.91
884.011	18101.48
884.192	17865.97
884.373	18738.4
884.553	18457.83
884.734	18150.64
884.914	18590.95
885.095	19999.95
885.275	19184.86
885.456	18486.5
885.636	17890.54
885.817	18685.15
885.997	19082.46
886.178	18099.44
886.358	18144.49
886.538	18810.08
886.719	20532.42
886.899	18140.4
887.08	18298.09
887.26	19109.08
887.44	18355.43
887.621	18232.55
887.801	18402.54
887.981	19498.2
888.161	19025.12
888.342	18255.08
888.522	18515.17
888.702	19014.88
888.882	19219.67
889.062	18402.54
889.242	18216.17
889.423	19268.83
889.603	19002.59
889.783	18760.93
889.963	18052.33
890.143	18883.81
890.323	19209.43
890.503	18615.52
890.683	18625.76
890.863	18713.83
891.043	18748.64
891.223	18361.58
891.403	18787.55
891.583	18848.99
891.763	18892
891.943	18492.65
892.122	18572.52
892.302	18978.01
892.482	19121.37
892.662	18838.75
892.842	18416.87
893.022	18984.16
893.201	19031.26
893.381	18732.26
893.561	18343.14
893.741	18986.21
893.92	18468.07
894.1	18435.3
894.28	18525.41
894.459	19172.57
894.639	18644.2
894.819	18304.23
894.998	18093.29
895.178	19154.14
895.357	18775.27
895.537	18105.58
895.716	17937.65
895.896	18363.62
896.075	19104.99
896.255	18353.38
896.434	17990.89
896.614	19096.8
896.793	18988.25
896.973	18357.48
897.152	18056.43
897.331	18617.57
897.511	18418.92
897.69	17964.27
897.87	18060.52
898.049	18801.89
898.228	18099.44
898.407	17868.02
898.587	17724.66
898.766	18287.85
898.945	18156.78
899.124	18113.77
899.304	17657.07
899.483	18296.04
899.662	18498.79
899.841	17636.59
900.02	17564.92
900.199	18085.1
900.378	17949.93
900.557	17102.08
900.737	17003.77
900.916	17714.42
901.095	17605.88
901.274	17134.84
901.453	16733.44
901.632	17003.77
901.811	16868.61
901.989	16440.58
902.168	16502.02
902.347	17347.83
902.526	16985.34
902.705	16379.14
902.884	16581.89
903.063	17519.86
903.242	17435.89
903.42	16557.32
903.599	16719.1
903.778	16901.37
903.957	17452.28
904.135	16659.71
904.314	16348.42
904.493	16776.45
904.672	16665.86
904.85	15920.4
905.029	16160.01
905.207	16530.69
905.386	17114.36
905.565	15516.95
905.743	15516.95
905.922	16000.27
906.1	15746.32
906.279	15031.58
906.457	15287.57
906.636	16057.61
906.814	15799.57
906.993	15146.26
907.171	14980.38
907.35	15760.66
907.528	16266.5
907.707	15455.51
907.885	15076.63
908.063	15674.64
908.242	15455.51
908.42	14683.42
908.598	14447.91
908.777	15453.46
908.955	15043.87
909.133	14716.19
909.311	14538.02
909.49	14722.34
909.668	14802.21
909.846	14492.96
910.024	14603.55
910.202	14693.66
910.38	15365.4
910.559	14585.12
910.737	14927.13
910.915	15328.53
911.093	15246.62
911.271	14847.26
911.449	15179.03
911.627	15428.88
911.805	16256.26
911.983	14767.39
912.161	15004.96
912.339	15643.92
912.517	16112.91
912.695	15590.67
912.872	15291.67
913.05	15865.1
913.228	15908.11
913.406	14976.28
913.584	15078.68
913.762	15965.45
913.939	15705.36
914.117	15123.74
914.295	15295.77
914.473	15539.47
914.65	15994.12
914.828	15074.59
915.006	15035.67
915.184	15537.43
915.361	15803.66
915.539	15648.02
915.716	15336.73
915.894	15674.64
916.072	16102.67
916.249	15703.31
916.427	15148.31
916.604	15432.98
916.782	15934.73
916.959	15070.49
917.137	14759.2
917.314	15349.01
917.492	15168.79
917.669	14894.36
917.847	14703.9
918.024	15176.98
918.201	14744.86
918.379	14896.41
918.556	14843.17
918.733	15197.46
918.911	14966.04
919.088	14935.32
919.265	14601.51
919.442	15174.94
919.62	14966.04
919.797	14609.7
919.974	14378.28
920.151	15322.39
920.328	14681.38
920.506	14243.11
920.683	15045.91
920.86	14402.85
921.037	14716.19
921.214	14275.88
921.391	14109.99
921.568	14644.51
921.745	14564.64
921.922	14189.86
922.099	13968.68
922.276	14556.45
922.453	14607.65
922.63	13905.2
922.807	14460.2
922.984	14630.18
923.161	14312.74
923.338	14322.98
923.514	13692.21
923.691	14726.43
923.868	14677.28
924.045	13659.44
924.222	13598
924.399	13954.35
924.575	14234.92
924.752	13657.39
924.929	13864.24
925.105	13927.72
925.282	14036.27
925.459	13647.15
925.635	13571.38
925.812	14136.62
925.989	13821.23
926.165	13692.21
926.342	13305.14
926.518	13829.42
926.695	13671.73
926.871	13305.14
927.048	13079.86
927.224	14081.32
927.401	13653.3
927.577	13331.76
927.754	12883.26
927.93	13790.51
928.107	13653.3
928.283	12875.07
928.459	13114.68
928.636	13518.13
928.812	13026.62
928.988	12547.39
929.165	12436.8
929.341	12836.16
929.517	13108.54
929.693	13198.65
929.87	11988.3
930.046	13088.06
930.222	12451.14
930.398	12037.45
930.574	12336.45
930.751	12668.22
930.927	12520.77
931.103	12092.74
931.279	12119.37
931.455	12356.93
931.631	12547.39
931.807	11781.45
931.983	11588.94
932.159	12068.17
932.335	12205.38
932.511	11859.28
932.687	11791.69
932.863	11986.25
933.039	12145.99
933.215	11531.6
933.391	11242.84
933.566	11681.1
933.742	11613.52
933.918	11310.42
934.094	10880.35
934.27	11445.59
934.445	11314.52
934.621	11132.25
934.797	10691.93
934.973	11421.01
935.148	10872.15
935.324	10425.7
935.5	10278.24
935.675	10974.55
935.851	10741.08
936.027	10347.87
936.202	10073.45
936.378	10478.94
936.553	9973.1
936.729	10437.98
936.904	9438.58
937.08	9497.97
937.255	9280.88
937.431	9098.61
937.606	8662.4
937.782	9203.06
937.957	9307.51
938.133	8531.33
938.308	8240.51
938.483	8703.36
938.659	8301.95
938.834	8426.88
939.009	7808.39
939.185	8267.14
939.36	7945.61
939.535	7318.93
939.71	7941.51
939.886	8209.79
940.061	7761.29
940.236	7892.36
940.411	7232.91
940.586	7560.59
940.761	7718.28
940.937	7265.68
941.112	7015.83
941.287	7413.13
941.462	7372.18
941.637	6636.95
941.812	6835.61
941.987	7073.17
942.162	7056.79
942.337	6880.66
942.512	6677.91
942.687	7290.26
942.862	7048.6
943.037	6145.44
943.212	6215.07
943.386	6727.07
943.561	6983.06
943.736	6761.88
943.911	7259.54
944.086	7277.97
944.26	6991.25
944.435	6436.25
944.61	6983.06
944.785	6845.85
944.959	7398.8
945.134	6405.53
945.309	6483.36
945.483	6655.39
945.658	6704.54
945.833	6063.52
946.007	6174.11
946.182	7021.97
946.357	6628.76
946.531	6270.37
946.706	6497.69
946.88	6600.09
947.055	6938.01
947.229	6567.32
947.404	6587.8
947.578	6942.1
947.752	6874.52
947.927	6278.56
948.101	6364.57
948.276	7579.02
948.45	6964.63
948.624	7030.16
948.799	6575.52
948.973	7138.71
949.147	6817.18
949.321	6653.34
949.496	6647.19
949.67	7560.59
949.844	6895
950.018	6919.57
950.193	6598.04
950.367	7732.62
950.541	7081.36
950.715	6915.48
950.889	6954.39
951.063	7310.74
951.237	7433.61
951.411	6714.78
951.585	6919.57
951.759	7622.03
951.933	7392.66
952.107	7062.93
952.281	7314.83
952.455	7871.88
952.629	7585.16
952.803	7296.4
952.977	6892.95
953.151	7665.04
953.325	7480.72
953.499	7427.47
953.672	6954.39
953.846	7441.81
954.02	7613.84
954.194	7052.69
954.368	6974.87
954.541	7775.63
954.715	7652.75
954.889	7196.05
955.062	7052.69
955.236	7398.8
955.41	7738.76
955.583	7339.41
955.757	7054.74
955.93	7613.84
956.104	7282.06
956.278	7261.59
956.451	7228.82
956.625	7783.82
956.798	8005
956.972	7628.17
957.145	7275.92
957.319	8054.15
957.492	7841.16
957.665	7447.95
957.839	7017.88
958.012	7693.71
958.185	7660.94
958.359	7406.99
958.532	7445.9
958.705	7816.58
958.879	7447.95
959.052	7304.59
959.225	7079.32
959.398	7796.11
959.572	7916.94
959.745	7327.12
959.918	7437.71
960.091	7851.4
960.264	8078.72
960.438	7318.93
960.611	7390.61
960.784	8168.84
960.957	7677.32
961.13	8005
961.303	7470.48
961.476	7857.54
961.649	8246.66
961.822	7298.45
961.995	7665.04
962.168	7935.37
962.341	8230.27
962.514	7292.3
962.686	7345.55
962.859	7734.67
963.032	7894.41
963.205	7464.33
963.378	7150.99
963.551	7792.01
963.723	7546.25
963.896	7376.27
964.069	7628.17
964.242	7638.41
964.414	8217.99
964.587	7409.04
964.76	7374.22
964.932	7884.17
965.105	7853.45
965.278	7296.4
965.45	7282.06
965.623	7961.99
965.795	7906.7
965.968	7382.42
966.14	7359.89
966.313	7787.91
966.485	7732.62
966.658	7183.76
966.83	7386.51
967.003	7736.71
967.175	7835.02
967.348	7185.81
967.52	7030.16
967.692	7996.81
967.865	7798.15
968.037	7144.85
968.209	7474.57
968.382	7617.93
968.554	7622.03
968.726	7169.43
968.898	7030.16
969.071	7519.63
969.243	7505.29
969.415	7089.56
969.587	7079.32
969.759	7662.99
969.932	7452.05
970.104	6821.27
970.276	6552.99
970.448	7402.9
970.62	7277.97
970.792	7155.09
970.964	7255.44
971.136	7908.74
971.308	7345.55
971.48	6806.94
971.652	6981.01
971.824	7634.32
971.996	7179.67
972.168	6931.86
972.339	6921.62
972.511	7282.06
972.683	7372.18
972.855	7087.51
973.027	6665.63
973.199	7345.55
973.37	7370.13
973.542	7013.78
973.714	6899.09
973.886	6733.21
974.057	7165.33
974.229	6593.95
974.401	6696.35
974.572	6972.82
974.744	6825.37
974.915	6413.73
975.087	6542.75
975.259	7593.36
975.43	6718.87
975.602	6587.8
975.773	6507.93
975.945	7034.26
976.116	7306.64
976.288	6682.01
976.459	6960.53
976.63	6958.49
976.802	6927.77
976.973	6364.57
977.145	6718.87
977.316	7464.33
977.487	7251.35
977.659	6860.18
977.83	6563.23
978.001	7329.17
978.172	6987.16
978.344	6399.39
978.515	6626.71
978.686	6727.07
978.857	7370.13
979.028	6376.86
979.2	6176.16
979.371	7046.55
979.542	6872.47
979.713	6514.08
979.884	6102.43
980.055	6661.53
980.226	6731.16
980.397	6348.19
980.568	6303.14
980.739	7024.02
980.91	6423.97
981.081	6407.58
981.252	6063.52
981.423	6317.47
981.594	6450.59
981.765	5961.13
981.936	6204.83
982.106	6370.72
982.277	6610.33
982.448	5957.03
982.619	6204.83
982.79	6184.35
982.96	6360.48
983.131	6217.12
983.302	5725.61
983.472	6397.34
983.643	6213.03
983.814	6000.04
983.984	5909.93
984.155	6129.06
984.326	6331.81
984.496	5854.63
984.667	5803.43
984.837	5653.93
985.008	6505.88
985.178	6129.06
985.349	5850.53
985.519	5983.65
985.69	5803.43
985.86	5541.29
986.031	5610.92
986.201	5959.08
986.371	5938.6
986.542	5268.91
986.712	5250.48
986.882	6098.34
987.053	5840.29
987.223	5309.87
987.393	5778.86
987.563	5590.44
987.734	5838.25
987.904	6034.85
988.074	5258.67
988.244	5535.15
988.414	5762.47
988.585	5227.95
988.755	5342.64
988.925	5715.37
989.095	6102.43
989.265	5008.82
989.435	5236.14
989.605	5752.23
989.775	6047.14
989.945	5637.55
990.115	4953.52
990.285	5445.04
990.455	5635.5
990.625	5230
990.795	5127.6
990.965	5903.78
991.134	5399.98
991.304	4935.09
991.474	4974
991.644	5483.95
991.814	5701.03
991.984	4816.31
992.153	4986.29
992.323	5256.62
992.493	5541.29
992.662	4695.48
992.832	5367.21
993.002	5162.42
993.171	5473.71
993.341	4715.96
993.511	4855.22
993.68	5129.65
993.85	5227.95
994.019	4617.66
994.189	4494.78
994.358	5221.81
994.528	4918.71
994.697	4269.5
994.867	4623.8
995.036	5313.97
995.206	4670.9
995.375	4543.93
995.544	4689.34
995.714	5469.61
995.883	5096.88
996.052	4752.82
996.222	4007.36
996.391	5131.7
996.56	4931
996.73	4378.05
996.899	4203.97
997.068	5299.63
997.237	4986.29
997.406	4195.78
997.576	3986.88
997.745	5180.85
997.914	4748.73
998.083	3857.86
998.252	4097.47
998.421	4683.19
998.59	4404.67
998.759	4066.75
998.928	3921.35
999.097	4896.18
999.266	4818.36
999.435	4490.68
999.604	3798.47
999.773	4707.77
999.942	4382.14
1000.111	3757.51
1000.28	3757.51
1000.448	4279.74
1000.617	4367.81
1000.786	4255.17
1000.955	3796.42
1001.124	4736.44
1001.292	5006.77
1001.461	3859.91
1001.63	3712.46
1001.798	4482.49
1001.967	4427.2
1002.136	3552.71
1002.304	3714.5
1002.473	4556.22
1002.642	4240.83
1002.81	3769.8
1002.979	3749.32
1003.147	4513.21
1003.316	4580.79
1003.484	3577.29
1003.653	3673.54
1003.821	4218.3
1003.99	4013.51
1004.158	3927.49
1004.327	3665.35
1004.495	4197.82
1004.663	4083.14
1004.832	3698.12
1005	3237.33
1005.168	4081.09
1005.337	3911.11
1005.505	3208.66
1005.673	3665.35
1005.842	4210.11
1006.01	3911.11
1006.178	3159.5
1006.346	3274.19
1006.514	3790.28
1006.683	4142.53
1006.851	3427.79
1007.019	3511.75
1007.187	3745.22
1007.355	3210.7
1007.523	2895.32
1007.691	2942.42
1007.859	3626.44
1008.027	4228.54
1008.195	3147.22
1008.363	2880.98
1008.531	3577.29
1008.699	3882.44
1008.867	2868.69
1009.035	3085.78
1009.203	3929.54
1009.37	3444.17
1009.538	2993.62
1009.706	3780.04
1009.874	3550.67
1010.042	3450.32
1010.209	2803.16
1010.377	2829.78
1010.545	3524.04
1010.713	3571.15
1010.88	2889.17
1011.048	2911.7
1011.216	3603.91
1011.383	3806.66
1011.551	2837.97
1011.718	2762.2
1011.886	3442.12
1012.054	3401.16
1012.221	2557.4
1012.389	2618.84
1012.556	3421.64
1012.724	3673.54
1012.891	2952.66
1013.058	2459.1
1013.226	3425.74
1013.393	3368.4
1013.561	2366.94
1013.728	2442.71
1013.895	3495.37
1014.063	3462.6
1014.23	2483.67
1014.397	2565.59
1014.565	3249.61
1014.732	3018.19
1014.899	2608.6
1015.066	2446.81
1015.233	3341.77
1015.401	3362.25
1015.568	2596.31
1015.735	2702.81
1015.902	3364.3
1016.069	3313.1
1016.236	2422.24
1016.403	2268.64
1016.57	2854.36
1016.737	3460.56
1016.904	2323.93
1017.071	2221.53
1017.238	2813.4
1017.405	2817.49
1017.572	2344.41
1017.739	2661.85
1017.906	3327.44
1018.073	3028.43
1018.24	2018.79
1018.407	2459.1
1018.573	2782.68
1018.74	2858.45
1018.907	2305.5
1019.074	1926.63
1019.241	2923.99
1019.407	2702.81
1019.574	1971.68
1019.741	1840.61
1019.907	2889.17
1020.074	3159.5
1020.241	1740.26
1020.407	1877.48
1020.574	2493.91
1020.74	2524.63
1020.907	1904.1
1021.073	1709.54
1021.24	3171.79
1021.406	2694.61
1021.573	1707.49
1021.739	2008.55
1021.906	2907.6
1022.072	2584.02
1022.239	2016.74
1022.405	2024.93
1022.571	2467.29
1022.738	2403.8
1022.904	1840.61
1023.07	2010.59
1023.237	2520.54
1023.403	2715.09
1023.569	1820.13
1023.735	1936.87
1023.902	2561.5
1024.068	2530.78
1024.234	1576.42
1024.4	1906.15
1024.566	2254.3
1024.732	2420.19
1024.898	1648.1
1025.065	1490.41
1025.231	2358.75
1025.397	2209.25
1025.563	1744.36
1025.729	1541.61
1025.895	1805.8
1026.061	2203.1
1026.227	1404.39
1026.392	1619.43
1026.558	2242.01
1026.724	2356.7
1026.89	1601
1027.056	1781.22
1027.222	1969.63
1027.388	2219.49
1027.553	1621.48
1027.719	1506.79
1027.885	2612.7
1028.051	2162.14
1028.216	1254.89
1028.382	1510.89
1028.548	2231.77
1028.713	2127.33
1028.879	1254.89
1029.045	1824.23
1029.21	2418.14
1029.376	2178.53
1029.541	1517.03
1029.707	1471.98
1029.873	2176.48
1030.038	2186.72
1030.204	1435.11
1030.369	1385.96
1030.534	2080.22
1030.7	1795.56
1030.865	1533.42
1031.031	1408.49
1031.196	2078.18
1031.361	1943.01
1031.527	1334.76
1031.692	1340.91
1031.857	1744.36
1032.023	2149.86
1032.188	1236.46
1032.353	1256.94
1032.518	2131.42
1032.684	1940.96
1032.849	1072.62
1033.014	1328.62
1033.179	1809.89
1033.344	1981.92
1033.509	1381.87
1033.674	1369.58
1033.839	1906.15
1034.004	1916.39
1034.17	1379.82
1034.335	1148.4
1034.5	1752.55
1034.664	1754.6
1034.829	1213.93
1034.994	1355.24
1035.159	1555.94
1035.324	1945.06
1035.489	1226.22
1035.654	1250.8
1035.819	2450.91
1035.984	1881.57
1036.148	1336.81
1036.313	1197.55
1036.478	1996.26
1036.643	1689.06
1036.807	1160.69
1036.972	986.61
1037.137	2409.95
1037.301	1623.53
1037.466	808.44
1037.631	1379.82
1037.795	1723.88
1037.96	1617.38
1038.124	1308.14
1038.289	873.97
1038.454	1596.9
1038.618	1715.69
1038.783	1185.26
1038.947	1197.55
1039.111	1295.85
1039.276	1428.97
1039.44	951.79
1039.605	1832.42
1039.769	1469.93
1039.933	1564.14
1040.098	1033.71
1040.262	1312.24
1040.426	1762.79
1040.591	1517.03
1040.755	882.16
1040.919	853.49
1041.083	1779.17
1041.248	1455.59
1041.412	650.74
1041.576	849.4
1041.74	1443.31
1041.904	1404.39
1042.068	826.87
1042.232	976.37
1042.397	1865.19
1042.561	1433.07
1042.725	552.44
1042.889	873.97
1043.053	1476.07
1043.217	1302
1043.381	871.92
1043.544	593.4
1043.708	1426.92
1043.872	1232.37
1044.036	423.42
1044.2	656.89
1044.364	1689.06
1044.528	1551.85
1044.691	8514.94
1044.855	566.78
1045.019	1555.94
1045.183	1488.36
1045.346	863.73
1045.51	560.63
1045.674	1508.84
1045.837	1287.66
1046.001	714.23
1046.165	677.37
1046.328	1830.37
1046.492	1242.61
1046.655	1025.52
1046.819	865.78
1046.983	1265.13
1047.146	1148.4
1047.31	865.78
1047.473	396.79
1047.636	1123.82
1047.8	1078.77
1047.963	886.26
1048.127	572.92
1048.29	1154.54
