345.52	-1328.62
345.736	-1328.62
345.952	-1328.62
346.168	-1281.52
346.384	-1312.24
346.6	-298.49
346.816	-306.68
347.032	-151.04
347.248	580.09
347.464	-361.98
347.68	-271.87
347.896	-87.55
348.112	412.15
348.328	-1.54
348.544	78.33
348.76	129.53
348.975	279.04
349.191	-310.78
349.407	-368.12
349.623	233.98
349.839	125.44
350.055	-196.09
350.27	25.09
350.486	211.45
350.702	309.76
350.918	465.4
351.133	-36.35
351.349	231.93
351.565	557.56
351.781	-374.27
351.996	96.77
352.212	215.55
352.428	131.58
352.644	-232.96
352.859	-198.14
353.075	438.78
353.291	152.06
353.506	-183.81
353.722	-306.68
353.938	43.52
354.153	553.46
354.369	348.67
354.584	-245.24
354.8	307.71
355.016	-40.45
355.231	-312.83
355.447	-99.84
355.662	465.4
355.878	725.49
356.093	-468.47
356.309	-5.63
356.524	-22.02
356.74	557.56
356.955	-443.9
357.171	6.66
357.386	317.95
357.602	18.94
357.817	-11.78
358.033	-110.08
358.248	432.63
358.464	397.82
358.679	-265.72
358.895	-347.64
359.11	129.53
359.325	199.16
359.541	494.07
359.756	-28.16
359.972	-73.21
360.187	635.38
360.402	-255.48
360.618	-245.24
360.833	1694.18
361.048	186.88
361.264	-93.69
361.479	33.28
361.694	301.56
361.909	371.19
362.125	-241.15
362.34	-192
362.555	406.01
362.77	281.08
362.986	-275.96
363.201	-157.18
363.416	387.58
363.631	170.49
363.847	-226.81
364.062	-142.85
364.277	285.18
364.492	137.73
364.707	-171.52
364.922	-349.69
365.138	332.28
365.353	500.22
365.568	-402.94
365.783	-151.04
365.998	494.07
366.213	670.2
366.428	-138.75
366.643	186.88
366.858	346.62
367.073	334.33
367.288	-155.13
367.503	-202.24
367.718	125.44
367.933	471.54
368.148	-192
368.363	16.9
368.578	301.56
368.793	686.58
369.008	-75.26
369.223	-280.06
369.438	408.06
369.653	233.98
369.868	-331.26
370.083	-284.16
370.298	272.89
370.513	668.15
370.728	176.64
370.943	-245.24
371.157	102.91
371.372	797.17
371.587	-278.01
371.802	-269.82
372.017	207.36
372.232	573.94
372.446	80.38
372.661	-159.23
372.876	246.27
373.091	340.47
373.306	51.71
373.52	-271.87
373.735	111.1
373.95	700.92
374.165	-140.8
374.379	-132.61
374.594	102.91
374.809	516.6
375.023	291.32
375.238	-161.28
375.453	338.43
375.667	102.91
375.882	-214.52
376.097	-232.96
376.311	184.83
376.526	475.64
376.741	-183.81
376.955	279.04
377.17	627.19
377.384	1100.27
377.599	274.94
377.813	-323.07
378.028	897.52
378.242	467.45
378.457	-40.45
378.672	-232.96
378.886	184.83
379.101	322.04
379.315	-286.2
379.53	-30.21
379.744	555.51
379.958	475.64
380.173	-187.9
380.387	-161.28
380.602	446.97
380.816	164.35
381.031	-22.02
381.245	-179.71
381.459	438.78
381.674	1214.96
381.888	-288.25
382.103	518.65
382.317	254.46
382.531	580.09
382.746	66.05
382.96	-142.85
383.174	334.33
383.388	831.99
383.603	299.52
383.817	-212.48
384.031	264.7
384.246	670.2
384.46	102.91
384.674	1036.78
384.888	197.12
385.103	502.26
385.317	-265.72
385.531	240.12
385.745	1018.35
385.959	705.01
386.174	-95.74
386.388	-167.42
386.602	428.54
386.816	240.12
387.03	94.72
387.244	59.9
387.458	479.74
387.672	637.43
387.887	-261.63
388.101	-48.64
388.315	561.66
388.529	438.78
388.743	-56.83
388.957	-81.41
389.171	791.03
389.385	184.83
389.599	-44.54
389.813	145.92
390.027	451.07
390.241	1040.88
390.455	-17.92
390.669	217.6
390.883	326.14
391.097	872.95
391.311	375.29
391.525	66.05
391.738	696.82
391.952	782.84
392.166	215.55
392.38	-93.69
392.594	731.64
392.808	649.72
393.022	102.91
393.236	86.53
393.449	414.2
393.663	791.03
393.877	-71.17
394.091	223.74
394.305	311.8
394.518	385.53
394.732	-75.26
394.946	141.82
395.16	1110.51
395.373	420.35
395.587	-22.02
395.801	55.81
396.015	719.35
396.228	606.71
396.442	-58.88
396.656	-128.51
396.869	655.86
397.083	989.68
397.297	233.98
397.51	135.68
397.724	565.75
397.938	528.89
398.151	-175.61
398.365	-60.93
398.578	721.4
398.792	883.19
399.005	418.3
399.219	80.38
399.433	571.9
399.646	711.16
399.86	418.3
400.073	432.63
400.287	657.91
400.5	604.66
400.714	332.28
400.927	240.12
401.141	895.47
401.354	2138.59
401.567	922.1
401.781	-48.64
401.994	653.81
402.208	1096.18
402.421	268.8
402.635	205.31
402.848	334.33
403.061	795.12
403.275	328.19
403.488	78.33
403.701	958.96
403.915	1012.21
404.128	471.54
404.341	203.26
404.555	1190.38
404.768	432.63
404.981	631.29
405.195	258.56
405.408	893.43
405.621	891.38
405.834	547.32
406.048	94.72
406.261	926.19
406.474	879.09
406.687	217.6
406.9	389.63
407.114	780.79
407.327	991.73
407.54	117.25
407.753	61.95
407.966	535.03
408.179	737.78
408.392	293.37
408.605	129.53
408.819	723.44
409.032	829.94
409.245	285.18
409.458	522.74
409.671	799.22
409.884	956.91
410.097	84.48
410.31	563.7
410.523	1071.6
410.736	680.44
410.949	406.01
411.162	344.57
411.375	926.19
411.588	840.18
411.801	682.49
412.014	313.85
412.227	655.86
412.44	786.93
412.653	391.67
412.865	725.49
413.078	1102.32
413.291	971.25
413.504	588.28
413.717	283.13
413.93	1077.74
414.143	600.57
414.356	528.89
414.568	180.73
414.781	1071.6
414.994	926.19
415.207	592.37
415.42	627.19
415.632	930.29
415.845	1409.51
416.058	197.12
416.271	356.86
416.483	989.68
416.696	1280.49
416.909	354.81
417.121	479.74
417.334	868.85
417.547	1171.95
417.759	410.11
417.972	391.67
418.185	815.6
418.397	1014.26
418.61	496.12
418.823	455.16
419.035	1350.12
419.248	1079.79
419.46	721.4
419.673	780.79
419.885	874.99
420.098	1083.89
420.311	547.32
420.523	223.74
420.736	1184.24
420.948	1036.78
421.161	506.36
421.373	383.48
421.586	987.63
421.798	733.68
422.01	426.49
422.223	1008.11
422.435	655.86
422.648	1356.27
422.86	580.09
423.073	582.14
423.285	1102.32
423.497	872.95
423.71	555.51
423.922	692.73
424.134	1511.91
424.347	1556.97
424.559	1053.17
424.771	1143.28
424.984	1192.43
425.196	1268.2
425.408	524.79
425.621	496.12
425.833	1395.18
426.045	1573.35
426.257	582.14
426.47	860.66
426.682	999.92
426.894	1145.33
427.106	657.91
427.318	883.19
427.531	1118.7
427.743	1389.03
427.955	866.8
428.167	1524.2
428.379	1217.01
428.591	1284.59
428.804	895.47
429.016	760.31
429.228	1341.93
429.44	1364.46
429.652	14442.79
429.864	692.73
430.076	1432.04
430.288	1354.22
430.5	1085.94
430.712	1124.85
430.924	1501.67
431.136	1532.39
431.348	694.77
431.56	819.7
431.772	1167.85
431.984	1118.7
432.196	715.25
432.408	936.43
432.62	1284.59
432.832	1614.31
433.044	1454.57
433.256	1075.7
433.468	1575.4
433.679	1165.81
433.891	768.5
434.103	1317.36
434.315	1966.56
434.527	1653.22
434.739	1343.98
434.95	1032.69
435.162	1561.06
435.374	1237.49
435.586	1212.91
435.798	1104.37
436.009	1462.76
436.221	1386.99
436.433	1255.92
436.645	1212.91
436.856	1399.27
437.068	1958.37
437.28	1057.26
437.491	1513.96
437.703	1817.06
437.915	1579.5
438.126	1122.8
438.338	1663.46
438.55	1421.8
438.761	1722.85
438.973	1350.12
439.184	1262.06
439.396	1706.47
439.608	1593.83
439.819	1225.2
440.031	1397.23
440.242	1860.07
440.454	1870.31
440.665	1341.93
440.877	1546.73
441.088	2005.47
441.3	1767.91
441.511	1104.37
441.723	1307.12
441.934	2187.74
442.146	1968.61
442.357	1702.37
442.569	2052.58
442.78	1911.27
442.991	2443.74
443.203	1909.22
443.414	1364.46
443.626	2265.57
443.837	1860.07
444.048	1389.03
444.26	1282.54
444.471	2052.58
444.682	1894.88
444.894	1270.25
445.105	1321.45
445.316	2238.94
445.528	2171.36
445.739	1667.56
445.95	1606.12
446.161	2021.86
446.373	2179.55
446.584	1532.39
446.795	1614.31
447.006	2464.22
447.217	2249.18
447.429	1429.99
447.64	1339.88
447.851	2798.04
448.062	2281.95
448.273	1446.38
448.484	1634.79
448.695	2247.13
448.907	2177.5
449.118	1808.87
449.329	2050.53
449.54	1946.08
449.751	2099.68
449.962	1583.59
450.173	1550.82
450.384	2259.42
450.595	2492.89
450.806	1778.15
451.017	1798.63
451.228	2572.76
451.439	2372.06
451.65	1997.28
451.861	1432.04
452.072	2134.5
452.283	2220.51
452.494	1987.04
452.705	1784.29
452.915	2734.55
453.126	2415.07
453.337	2091.49
453.548	1868.26
453.759	2882
453.97	2875.86
454.181	2642.39
454.391	2007.52
454.602	2501.08
454.813	2965.97
455.024	2210.27
455.235	1995.23
455.445	2761.17
455.656	2587.1
455.867	2406.88
456.078	2185.69
456.288	2292.19
456.499	2855.38
456.71	2097.63
456.921	2425.31
457.131	2673.11
457.342	2496.99
457.553	2277.85
457.763	2210.27
457.974	2691.54
458.184	2785.75
458.395	2265.57
458.606	1896.93
458.816	3197.39
459.027	3172.82
459.237	2527.71
459.448	2320.86
459.659	3027.41
459.869	3867.08
460.08	2337.24
460.29	2695.64
460.501	3207.63
460.711	3029.46
460.922	2236.89
461.132	2617.82
461.343	3994.05
461.553	2906.58
461.764	2542.04
461.974	2789.85
462.184	3406.28
462.395	3512.78
462.605	2744.79
462.816	2462.17
463.026	3449.29
463.236	3428.81
463.447	2740.69
463.657	2789.85
463.867	3652.04
464.078	3310.03
464.288	2879.96
464.498	3187.15
464.709	3598.79
464.919	3633.61
465.129	3162.58
465.339	2908.63
465.55	3582.41
465.76	3817.93
465.97	3172.82
466.18	3002.83
466.391	4088.26
466.601	3844.55
466.811	3344.84
467.021	3109.33
467.231	4155.84
467.441	3848.65
467.651	3484.11
467.862	3019.22
468.072	3920.32
468.282	4108.74
468.492	3271.12
468.702	3881.41
468.912	4280.77
469.122	4884.92
469.332	4114.88
469.542	3695.05
469.752	4860.34
469.962	4561.34
470.172	3707.34
470.382	3764.68
470.592	4952.5
470.802	4608.44
471.012	4262.33
471.222	4268.48
471.432	4649.4
471.642	4878.77
471.852	4389.31
472.062	4207.04
472.272	4874.68
472.482	4690.36
472.691	4432.32
472.901	4315.58
473.111	4794.81
473.321	5726.63
473.531	4536.76
473.741	4956.6
473.95	5317.04
474.16	5278.13
474.37	5151.15
474.58	4731.32
474.79	6033.83
474.999	5452.2
475.209	4934.07
475.419	5116.34
475.628	5861.8
475.838	6066.6
476.048	5507.5
476.258	4960.69
476.467	6291.87
476.677	5906.85
476.886	5988.77
477.096	5654.95
477.306	6025.64
477.515	6287.78
477.725	6048.16
477.935	5927.33
478.144	6959.51
478.354	6298.02
478.563	6330.78
478.773	5958.05
478.982	6879.64
479.192	6877.59
479.401	6418.85
479.611	6099.36
479.82	6660.51
480.03	7123.35
480.239	6214.05
480.449	6281.63
480.658	7387.54
480.868	7229.84
481.077	6961.56
481.287	6592.92
481.496	7565.71
481.705	7676.3
481.915	7422.35
482.124	7324.05
482.333	7522.7
482.543	8262.02
482.752	7514.51
482.961	7340.43
483.171	7948.68
483.38	7715.21
483.589	7756.17
483.799	7541.13
484.008	8227.2
484.217	8114.56
484.426	7889.29
484.636	7713.16
484.845	8612.22
485.054	8188.29
485.263	8556.93
485.472	7909.77
485.682	8679.8
485.891	8812.92
486.1	8077.7
486.309	8227.2
486.518	9062.77
486.727	9748.84
486.936	8518.01
487.146	8677.76
487.355	9421.17
487.564	9066.87
487.773	8786.3
487.982	8679.8
488.191	9322.87
488.4	9668.97
488.609	8970.62
488.818	9101.69
489.027	10002.79
489.236	10090.85
489.445	9343.35
489.654	9025.91
489.863	10404.19
490.072	10191.2
490.281	10314.08
490.49	9539.95
490.698	10416.48
490.907	10645.85
491.116	9861.48
491.325	9726.32
491.534	10424.67
491.743	10398.05
491.952	10015.08
492.16	10058.09
492.369	10912.09
492.578	11014.49
492.787	10334.56
492.996	10334.56
493.204	10662.24
493.413	11159.89
493.622	10273.12
493.831	10168.68
494.039	11645.26
494.248	10869.08
494.457	10662.24
494.665	10500.45
494.874	11530.58
495.083	12181.83
495.291	10828.12
495.5	10727.77
495.709	11739.47
495.917	11594.06
496.126	11338.07
496.335	11340.11
496.543	11665.74
496.752	12032.33
496.96	11800.91
497.169	11108.69
497.377	11575.63
497.586	12370.24
497.794	11571.54
498.003	11405.65
498.211	12409.15
498.42	12310.85
498.628	11723.09
498.837	11581.78
499.045	12030.28
499.254	12278.08
499.462	11800.91
499.671	11921.74
499.879	13369.65
500.087	12876.09
500.296	12042.57
500.504	12167.49
500.713	12693.82
500.921	13371.7
501.129	12333.38
501.338	12220.74
501.546	13056.31
501.754	12976.44
501.962	12728.64
502.171	12519.74
502.379	13328.69
502.587	13492.53
502.795	12628.29
503.004	12777.79
503.212	13744.43
503.42	13779.25
503.628	13074.74
503.837	13349.17
504.045	13562.16
504.253	14125.35
504.461	13031.74
504.669	12857.66
504.877	14053.67
505.085	14168.36
505.294	13011.26
505.502	13666.61
505.71	14362.92
505.918	13830.44
506.126	13201.72
506.334	13390.13
506.542	14156.07
506.75	13955.37
506.958	13883.69
507.166	13463.86
507.374	14287.14
507.582	14725.41
507.79	13920.56
507.998	13644.08
508.206	14790.94
508.414	14407.97
508.622	14039.34
508.83	13914.41
509.037	14541.09
509.245	14201.13
509.453	13938.99
509.661	13816.11
509.869	15026.46
510.077	14600.48
510.285	14620.96
510.492	13889.84
510.7	15399.19
510.908	14909.72
511.116	14319.91
511.324	14356.77
511.531	14940.44
511.739	15374.61
511.947	14944.54
512.155	15089.95
512.362	15438.1
512.57	14922.01
512.778	14555.43
512.985	14307.62
513.193	15001.88
513.401	15671.57
513.608	15110.43
513.816	14737.7
514.024	15470.87
514.231	15696.14
514.439	14958.88
514.646	15083.8
514.854	15784.21
515.061	15485.2
515.269	15216.92
515.477	15159.58
515.684	15606.03
515.892	16054.54
516.099	14999.84
516.307	15331.61
516.514	16394.5
516.722	16617.73
516.929	15317.27
517.136	15290.65
517.344	16277.77
517.551	16144.65
517.759	15251.74
517.966	15776.02
518.173	16197.9
518.381	16265.48
518.588	15855.89
518.796	15716.62
519.003	16761.09
519.21	16326.92
519.418	15921.42
519.625	16306.44
519.832	16480.52
520.039	16881.92
520.247	15761.68
520.454	16107.79
520.661	17068.28
520.868	16800
521.076	16351.49
521.283	16445.7
521.49	17453.3
521.697	16914.69
521.904	16326.92
522.112	16742.66
522.319	17430.77
522.526	17193.21
522.733	16421.13
522.94	16816.38
523.147	17559.8
523.354	17379.57
523.561	16734.46
523.768	16785.66
523.975	17746.16
524.183	17309.94
524.39	17242.36
524.597	16840.96
524.804	17170.68
525.011	17508.6
525.218	17174.78
525.425	17268.98
525.632	18147.56
525.838	17649.91
526.045	17010.94
526.252	17320.18
526.459	19642.58
526.666	19679.44
526.873	17592.56
527.08	17508.6
527.287	18462.95
527.494	18444.52
527.701	17742.07
527.907	17516.79
528.114	18462.95
528.321	18299.11
528.528	18051.31
528.735	18106.6
528.941	18393.32
529.148	18168.04
529.355	17813.74
529.562	17862.9
529.768	19380.44
529.975	18450.66
530.182	18368.74
530.388	17961.2
530.595	18919.65
530.802	18608.36
531.008	18792.67
531.215	18206.95
531.422	19865.81
531.628	20244.68
531.835	18639.08
532.042	18673.89
532.248	19214.55
532.455	19534.04
532.661	18639.08
532.868	18716.9
533.074	19312.86
533.281	19749.07
533.487	19038.43
533.694	18944.22
533.9	19638.48
534.107	19593.43
534.313	19241.18
534.52	18942.17
534.726	19398.87
534.933	20259.02
535.139	19030.24
535.345	19101.92
535.552	20453.58
535.758	20474.06
535.965	19445.98
536.171	19562.71
536.377	20316.36
536.584	21002.43
536.79	19552.47
536.996	19779.79
537.203	20377.8
537.409	20502.73
537.615	19650.77
537.821	20056.27
538.028	21348.54
538.234	20650.18
538.44	19957.97
538.646	19986.64
538.853	20422.86
539.059	20338.89
539.265	20787.39
539.471	19871.95
539.677	20836.55
539.883	20897.99
540.09	21926.07
540.296	21196.99
540.502	21192.89
540.708	20768.96
540.914	20795.59
541.12	20820.16
541.326	21463.22
541.532	21436.6
541.738	21254.33
541.944	20936.9
542.15	21682.36
542.356	21256.38
542.562	20721.86
542.768	21033.15
542.974	21924.02
543.18	21881.01
543.386	21100.73
543.592	20986.05
543.798	22593.7
544.004	22341.8
544.21	21397.69
544.415	21670.07
544.621	22425.77
544.827	22618.28
545.033	21424.31
545.239	22126.77
545.445	22147.25
545.651	22362.28
545.856	21713.08
546.062	22026.42
546.268	22370.47
546.474	22446.25
546.679	21805.24
546.885	22003.89
547.091	22405.29
547.297	22911.14
547.502	21774.52
547.708	21405.88
547.914	22237.36
548.119	23034.02
548.325	21825.71
548.531	21760.18
548.736	23249.05
548.942	22431.91
549.147	21958.83
549.353	22294.7
549.559	23464.09
549.764	22806.69
549.97	22124.72
550.175	22180.01
550.381	23140.51
550.586	22540.46
550.792	22462.63
550.997	22632.61
551.203	23445.66
551.408	23468.19
551.614	22427.82
551.819	22653.09
552.025	24148.11
552.23	23769.24
552.435	22927.52
552.641	23599.26
552.846	23615.64
553.052	24494.22
553.257	23177.37
553.462	23103.65
553.668	23306.4
553.873	23928.98
554.078	23013.54
554.283	23228.57
554.489	24084.62
554.694	23775.38
554.899	23281.82
555.105	23787.67
555.31	24254.61
555.515	24232.08
555.72	23699.61
555.925	24731.78
556.131	24692.87
556.336	24357
556.541	23738.52
556.746	23888.02
556.951	24569.99
557.156	24215.69
557.361	23888.02
557.567	24066.19
557.772	24719.49
557.977	24688.78
558.182	23849.11
558.387	24070.29
558.592	24357
558.797	25505.91
559.002	24373.39
559.207	24361.1
559.412	25172.1
559.617	25155.71
559.822	24137.87
560.027	24164.5
560.232	24875.14
560.437	24742.02
560.642	24039.57
560.847	24080.53
561.051	24924.29
561.256	24903.81
561.461	24490.12
561.666	24512.65
561.871	24914.05
562.076	25159.81
562.281	24610.95
562.485	24420.49
562.69	25380.99
562.895	25243.77
563.1	24406.16
563.305	24338.57
563.509	25335.93
563.714	25557.11
563.919	25041.03
564.123	25129.09
564.328	25485.44
564.533	25925.75
564.737	24737.93
564.942	24748.17
565.147	26067.06
565.351	26234.99
565.556	25110.66
565.761	25141.38
565.965	25938.04
566.17	25593.98
566.374	25088.13
566.579	25081.99
566.784	25610.36
566.988	26085.49
567.193	25100.42
567.397	25602.17
567.602	26148.98
567.806	25796.73
568.011	25682.04
568.215	25921.65
568.42	26204.27
568.624	26687.59
568.828	25589.88
569.033	25669.75
569.237	26808.42
569.442	26456.17
569.646	25251.97
569.85	25741.43
570.055	26462.32
570.259	26329.2
570.463	26550.38
570.668	25784.44
570.872	26390.64
571.076	26605.67
571.281	26151.02
571.485	26263.66
571.689	26529.9
571.893	26892.39
572.098	26482.8
572.302	25913.46
572.506	26595.43
572.71	26839.14
572.914	26366.06
573.119	26101.87
573.323	27043.94
573.527	27400.29
573.731	26206.32
573.935	26466.41
574.139	26830.95
574.343	26830.95
574.547	26411.12
574.751	26398.83
574.955	27252.83
575.159	27422.81
575.364	26622.06
575.568	26771.56
575.772	27369.57
575.976	27555.93
576.18	26601.58
576.383	26882.15
576.587	27799.64
576.791	27867.22
576.995	26589.29
577.199	26658.92
577.403	27146.34
577.607	28016.72
577.811	26867.81
578.015	27193.44
578.219	27648.09
578.422	27910.23
578.626	27498.59
578.83	27388
579.034	28196.95
579.238	28016.72
579.442	27258.98
579.645	27895.89
579.849	27813.98
580.053	27801.69
580.257	27344.99
580.46	27388
580.664	28096.6
580.868	28006.48
581.071	27570.27
581.275	27658.33
581.479	28082.26
581.682	28686.41
581.886	27326.56
582.09	27945.05
582.293	28684.36
582.497	28688.46
582.7	28440.65
582.904	28211.28
583.107	28811.34
583.311	28608.59
583.515	27967.57
583.718	28160.08
583.922	29046.85
584.125	29505.6
584.329	27822.17
584.532	28248.14
584.735	29192.26
584.939	28534.86
585.142	28022.87
585.346	28379.21
585.549	29337.66
585.753	28823.62
585.956	28438.61
586.159	29190.21
586.363	29399.1
586.566	29335.62
586.769	28473.42
586.973	28104.79
587.176	29163.59
587.379	29067.33
587.582	29100.1
587.786	29071.43
587.989	29638.72
588.192	30580.78
588.395	28739.66
588.599	29417.54
588.802	29700.15
589.005	29966.39
589.208	29534.27
589.411	29249.6
589.615	29878.33
589.818	30332.98
590.021	29868.09
590.224	30087.22
590.427	30459.95
590.63	30584.88
590.833	29444.16
591.036	29448.25
591.239	30197.81
591.442	29767.74
591.645	29648.96
591.848	29669.44
592.051	30337.07
592.254	30087.22
592.457	29919.29
592.66	29767.74
592.863	30877.74
593.066	30838.83
593.269	29933.62
593.472	30173.24
593.675	30652.46
593.878	30750.76
594.081	29896.76
594.284	30005.3
594.486	30820.39
594.689	31045.67
594.892	29917.24
595.095	30335.03
595.298	31027.24
595.5	30785.58
595.703	31107.11
595.906	30754.86
596.109	31184.93
596.311	31365.15
596.514	30048.31
596.717	30740.52
596.92	31893.53
597.122	31885.34
597.325	30330.93
597.528	30529.58
597.73	31950.87
597.933	31649.82
598.136	30836.78
598.338	30613.55
598.541	31281.19
598.743	31909.91
598.946	30816.3
599.148	30699.56
599.351	31543.33
599.554	31692.83
599.756	31178.79
599.959	31221.8
600.161	32036.89
600.363	31965.21
600.566	31539.23
600.768	30965.8
600.971	31848.47
601.173	32049.17
601.376	31594.53
601.578	31600.67
601.78	32204.82
601.983	32700.43
602.185	31139.88
602.388	32116.76
602.59	32497.68
602.792	32409.62
602.995	31993.88
603.197	31600.67
603.399	32288.79
603.601	32804.88
603.804	31647.77
604.006	31864.86
604.208	32067.61
604.41	32479.25
604.613	32163.86
604.815	31860.76
605.017	32944.14
605.219	32333.84
605.421	32471.06
605.623	32337.94
605.826	33245.19
606.028	32864.27
606.23	31696.92
606.432	31838.23
606.634	33069.06
606.836	32907.27
607.038	32174.1
607.24	32333.84
607.442	32671.76
607.644	32770.06
607.846	32604.17
608.048	32251.92
608.25	33118.21
608.452	32649.23
608.654	32600.08
608.856	31805.47
609.058	32342.03
609.26	33103.88
609.462	31936.54
609.664	32018.46
609.866	32725
610.067	32872.46
610.269	32452.62
610.471	32311.31
610.673	32559.12
610.875	33292.29
611.077	32043.03
611.278	32032.79
611.48	33249.28
611.682	33316.87
611.884	32540.69
612.085	32223.25
612.287	32811.02
612.489	32833.55
612.69	32491.54
612.892	32253.97
613.094	33380.35
613.295	32647.18
613.497	31758.36
613.699	32538.64
613.9	33587.2
614.102	33034.25
614.304	32233.49
614.505	31840.28
614.707	32888.84
614.908	33445.89
615.11	32876.55
615.311	32903.18
615.513	32942.09
615.714	33187.85
615.916	32778.25
616.117	32993.29
616.319	33325.06
616.52	33581.06
616.722	32466.96
616.923	32507.92
617.124	33605.63
617.326	32868.36
617.527	32862.22
617.729	33036.3
617.93	32983.05
618.131	33458.18
618.333	32409.62
618.534	33138.69
618.735	33460.23
618.937	33497.09
619.138	32706.57
619.339	32262.16
619.54	33595.39
619.742	33245.19
619.943	32870.41
620.144	33286.15
620.345	33953.79
620.546	33759.23
620.748	33040.39
620.949	33193.99
621.15	33800.19
621.351	33488.9
621.552	32933.9
621.753	32919.56
621.954	34121.72
622.155	34168.82
622.356	33116.17
622.558	33826.81
622.759	34174.97
622.96	34037.75
623.161	33370.11
623.362	33542.14
623.563	33632.25
623.764	33957.88
623.965	32907.27
624.166	33656.83
624.366	33265.67
624.567	33808.38
624.768	32796.68
624.969	33216.52
625.17	33304.58
625.371	33589.25
625.572	33294.34
625.773	33310.72
625.973	33871.87
626.174	33820.67
626.375	33312.77
626.576	33630.21
626.777	34289.65
626.977	33837.05
627.178	33523.71
627.379	33378.31
627.58	33710.08
627.78	33648.64
627.981	32929.8
628.182	33662.97
628.382	33765.37
628.583	34060.28
628.784	33361.92
628.984	33593.34
629.185	34236.41
629.386	33953.79
629.586	33744.89
629.787	33912.83
629.987	34639.86
630.188	34519.03
630.388	33652.73
630.589	34017.27
630.79	34871.28
630.99	34361.33
631.191	33591.3
631.391	33941.5
631.591	33824.76
631.792	34205.69
631.992	33853.44
632.193	33748.99
632.393	34850.8
632.594	34140.15
632.794	33529.86
632.994	34353.14
633.195	34484.21
633.395	35014.63
633.595	34037.75
633.796	34398.2
633.996	35166.18
634.196	34496.5
634.397	34058.23
634.597	33931.26
634.797	34519.03
634.997	34934.76
635.198	34684.91
635.398	34312.18
635.598	35301.35
635.798	34832.36
635.998	34467.83
636.199	33849.34
636.399	34070.52
636.599	34039.8
636.799	33660.93
636.999	34443.25
637.199	34734.06
637.399	35129.32
637.599	34060.28
637.799	34512.88
637.999	34949.1
638.199	35133.42
638.399	34539.5
638.599	34054.14
638.799	35409.89
638.999	35354.6
639.199	34656.24
639.399	34547.7
639.599	35203.05
639.799	34578.42
639.999	34312.18
640.199	34506.74
640.399	34899.95
640.599	34373.62
640.799	34777.07
640.998	35196.9
641.198	35327.97
641.398	35004.39
641.598	34678.77
641.798	34496.5
641.997	36212.7
642.197	34945
642.397	35090.41
642.597	35084.26
642.796	35870.68
642.996	35356.64
643.196	35352.55
643.395	34697.2
643.595	34902
643.795	35143.66
643.994	35280.87
644.194	35260.39
644.394	36071.39
644.593	36384.72
644.793	35180.52
644.992	35352.55
645.192	36030.43
645.392	35573.73
645.591	35626.98
645.791	35225.57
645.99	36026.33
646.19	35788.77
646.389	35053.55
646.589	34736.11
646.788	35790.81
646.987	35610.59
647.187	36083.67
647.386	35893.21
647.586	35862.49
647.785	36241.37
647.984	35616.74
648.184	35557.35
648.383	36141.02
648.582	35747.81
648.782	35389.41
648.981	35469.28
649.18	35612.64
649.38	36112.34
649.579	35540.96
649.778	35694.56
649.977	36644.82
650.177	36241.37
650.376	35291.11
650.575	34985.96
650.774	36071.39
650.973	36128.73
651.173	35209.19
651.372	35854.3
651.571	35778.53
651.77	36614.1
651.969	35880.92
652.168	36114.39
652.367	35727.33
652.566	36282.33
652.765	35950.56
652.964	36521.94
653.163	36616.15
653.362	36939.72
653.561	35520.48
653.76	36091.87
653.959	36360.15
654.158	37060.55
654.357	35915.74
654.556	35776.48
654.755	36847.57
654.954	36458.45
655.153	35801.05
655.352	36919.24
655.551	36501.46
655.749	36143.06
655.948	36093.91
656.147	36564.95
656.346	36229.08
656.545	36380.63
656.743	36143.06
656.942	36202.46
657.141	36106.2
657.34	36016.09
657.538	36077.53
657.737	35669.98
657.936	36511.7
658.135	36372.44
658.333	36069.34
658.532	36278.23
658.731	36593.62
658.929	36863.95
659.128	35919.84
659.326	35479.52
659.525	36673.49
659.724	36298.71
659.922	35921.88
660.121	35950.56
660.319	36433.88
660.518	36413.4
660.716	36372.44
660.915	36493.27
661.113	36913.1
661.312	36773.84
661.51	36716.5
661.709	36247.51
661.907	36646.86
662.105	37369.8
662.304	36333.53
662.502	36153.3
662.701	37177.29
662.899	36192.22
663.097	36757.46
663.296	36556.75
663.494	37156.81
663.692	37181.38
663.891	36470.74
664.089	36325.33
664.287	36790.22
664.485	37175.24
664.684	36413.4
664.882	36372.44
665.08	36755.41
665.278	37316.55
665.476	36722.64
665.675	37177.29
665.873	37119.95
666.071	37119.95
666.269	36460.5
666.467	37009.36
666.665	37078.99
666.863	36775.89
667.061	36577.23
667.259	36499.41
667.457	37013.45
667.655	36839.37
667.853	36403.16
668.051	36995.02
668.249	36534.23
668.447	36759.5
668.645	36378.58
668.843	37040.07
669.041	37058.51
669.239	36251.61
669.437	36362.2
669.635	36593.62
669.833	36446.16
670.031	36323.29
670.229	36040.67
670.426	36337.62
670.624	36603.86
670.822	36530.13
671.02	36323.29
671.218	36227.03
671.415	36308.95
671.613	36464.6
671.811	36372.44
672.009	36304.85
672.206	36771.79
672.404	36663.25
672.602	36122.58
672.799	36669.39
672.997	37074.89
673.195	36859.85
673.392	36038.62
673.59	36175.83
673.788	36702.16
673.985	36278.23
674.183	36577.23
674.38	36696.02
674.578	36696.02
674.775	36532.18
674.973	36124.63
675.17	35837.92
675.368	36464.6
675.565	36413.4
675.763	36306.9
675.96	35880.92
676.158	36329.43
676.355	36323.29
676.553	35831.77
676.75	35481.57
676.947	36296.66
677.145	35997.66
677.342	35956.7
677.539	36323.29
677.737	36480.98
677.934	36687.82
678.131	36562.9
678.329	35753.95
678.526	37015.5
678.723	36706.26
678.92	36194.26
679.118	36110.3
679.315	36063.19
679.512	36841.42
679.709	36157.4
679.906	35989.47
680.104	36519.89
680.301	36693.97
680.498	35616.74
680.695	35954.65
680.892	35756
681.089	36100.06
681.286	35985.37
681.483	35581.92
681.68	36208.6
681.877	36440.02
682.075	36177.88
682.272	36161.5
682.469	36579.28
682.665	36448.21
682.862	35336.16
683.059	35485.67
683.256	35825.63
683.453	36267.99
683.65	35561.44
683.847	35692.51
684.044	36175.83
684.241	35669.98
684.438	35915.74
684.635	35028.97
684.831	36349.91
685.028	36333.53
685.225	35377.12
685.422	35817.44
685.619	35807.2
685.815	35608.54
686.012	35170.28
686.209	35117.03
686.405	35522.53
686.602	35579.87
686.799	34955.24
686.996	34971.63
687.192	35364.84
687.389	36341.72
687.586	34928.62
687.782	35168.23
687.979	36218.84
688.175	35575.78
688.372	34809.84
688.568	35147.75
688.765	35084.26
688.962	35794.91
689.158	35061.74
689.355	34457.59
689.551	35182.57
689.748	35626.98
689.944	34775.02
690.14	35131.37
690.337	35176.42
690.533	35194.85
690.73	34580.46
690.926	35020.78
691.123	35039.21
691.319	34881.52
691.515	34858.99
691.712	34932.71
691.908	35112.94
692.104	35293.16
692.301	34785.26
692.497	34748.4
692.693	35704.8
692.889	35256.29
693.086	35244.01
693.282	34899.95
693.478	35430.37
693.674	35610.59
693.87	34742.25
694.067	34390
694.263	35055.59
694.459	34838.51
694.655	34795.5
694.851	35014.63
695.047	35473.38
695.243	35270.63
695.439	34906.09
695.635	34824.17
695.831	35237.86
696.027	35012.59
696.224	34373.62
696.42	34625.52
696.615	35340.26
696.811	35209.19
697.007	34123.77
697.203	34047.99
697.399	34867.18
697.595	34390
697.791	33941.5
697.987	34705.39
698.183	34963.43
698.379	34770.93
698.575	34408.43
698.77	34183.16
698.966	34875.37
699.162	34977.77
699.358	34191.35
699.554	34570.22
699.749	34762.73
699.945	34582.51
700.141	34635.76
700.337	34195.45
700.532	34105.34
700.728	34174.97
700.924	33830.91
701.119	33984.51
701.315	33812.48
701.511	33886.2
701.706	34422.77
701.902	33536
702.097	34506.74
702.293	34764.78
702.489	33609.73
702.684	33902.59
702.88	34926.57
703.075	34152.44
703.271	33898.49
703.466	33542.14
703.662	34031.61
703.857	34144.25
704.053	33953.79
704.248	34164.73
704.443	34955.24
704.639	34430.96
704.834	34279.41
705.03	33937.4
705.225	34248.69
705.42	34244.6
705.616	34025.46
705.811	33626.11
706.006	34482.16
706.202	34256.89
706.397	34193.4
706.592	33742.85
706.787	34619.38
706.983	33857.53
707.178	34054.14
707.373	33777.66
707.568	33908.73
707.763	33835
707.959	33607.68
708.154	33447.94
708.349	33542.14
708.544	34308.08
708.739	33527.81
708.934	33024.01
709.129	33593.34
709.324	33951.74
709.519	33249.28
709.714	33466.37
709.909	34183.16
710.104	34152.44
710.299	33136.65
710.494	33431.55
710.689	33677.31
710.884	33644.54
711.079	33449.99
711.274	33345.54
711.469	34033.66
711.664	33890.3
711.859	33288.2
712.054	33398.79
712.249	33945.59
712.443	33759.23
712.638	33437.7
712.833	33193.99
713.028	33705.98
713.223	33320.96
713.417	33308.68
713.612	32798.73
713.807	33925.11
714.002	34525.17
714.196	33402.88
714.391	33032.2
714.586	33683.45
714.78	33708.03
714.975	32716.81
715.17	32915.47
715.364	33630.21
715.559	33861.63
715.754	32434.19
715.948	32626.7
716.143	33855.48
716.337	33357.83
716.532	33564.67
716.726	33198.09
716.921	33630.21
717.115	33341.44
717.31	32469.01
717.504	33810.43
717.699	32946.19
717.893	33384.45
718.088	31993.88
718.282	32487.44
718.476	32917.51
718.671	33435.65
718.865	32606.22
719.059	32200.72
719.254	32925.71
719.448	33277.96
719.642	35389.41
719.837	32208.92
720.031	34940.91
720.225	32972.81
720.419	32622.61
720.614	32382.99
720.808	33087.5
721.002	33052.68
721.196	32135.19
721.39	32575.5
721.585	33128.45
721.779	33005.58
721.973	32352.27
722.167	31918.1
722.361	32237.59
722.555	32827.4
722.749	31780.89
722.943	32008.22
723.137	31569.95
723.331	32483.34
723.525	31920.15
723.719	31412.26
723.913	32456.72
724.107	32524.3
724.301	31522.85
724.495	31989.78
724.689	32821.26
724.883	32264.21
725.077	31625.25
725.271	31615.01
725.465	31957.02
725.659	31952.92
725.853	31817.75
726.046	31281.19
726.24	31895.58
726.434	32526.35
726.628	32122.9
726.822	31512.61
727.015	32276.5
727.209	32905.23
727.403	32020.5
727.596	31229.99
727.79	32438.29
727.984	32481.3
728.177	31848.47
728.371	31858.71
728.565	32411.67
728.758	32098.33
728.952	31514.66
729.146	31576.09
729.339	32520.21
729.533	32190.48
729.726	31780.89
729.92	31389.73
730.113	32253.97
730.307	32206.87
730.5	31385.63
730.694	32100.37
730.887	31897.63
731.081	32329.75
731.274	31459.36
731.468	31539.23
731.661	32247.83
731.854	32544.78
732.048	31784.99
732.241	31442.98
732.435	31985.69
732.628	32225.3
732.821	31737.88
733.014	31576.09
733.208	32229.4
733.401	32280.6
733.594	31764.51
733.788	31473.7
733.981	32319.51
734.174	32231.44
734.367	31399.97
734.56	31633.44
734.754	32112.66
734.947	32118.81
735.14	31180.84
735.333	31801.37
735.526	31881.24
735.719	31588.38
735.912	31340.58
736.105	31420.45
736.298	32256.02
736.491	32049.17
736.684	31309.86
736.877	31741.98
737.07	32299.03
737.263	32610.32
737.456	31191.08
737.649	31062.05
737.842	32028.7
738.035	31713.31
738.228	31060.01
738.421	31547.42
738.614	31733.79
738.807	31985.69
739	30750.76
739.192	31019.05
739.385	31852.57
739.578	31653.92
739.771	31399.97
739.964	30582.83
740.156	31838.23
740.349	31229.99
740.542	31631.39
740.735	30474.29
740.927	31211.56
741.12	31823.9
741.313	31010.85
741.505	31526.94
741.698	31606.81
741.891	31561.76
742.083	30967.85
742.276	31070.25
742.468	31629.34
742.661	31098.92
742.854	30429.23
743.046	30933.03
743.239	31639.58
743.431	31492.13
743.624	30560.3
743.816	30566.45
744.009	31174.69
744.201	30894.12
744.393	30900.26
744.586	30496.81
744.778	31301.67
744.971	31524.89
745.163	30801.96
745.355	30867.5
745.548	31170.6
745.74	31420.45
745.932	31045.67
746.125	30527.53
746.317	32018.46
746.509	31068.2
746.702	30582.83
746.894	31129.64
747.086	31209.51
747.278	31373.35
747.471	30658.6
747.663	31307.81
747.855	31389.73
748.047	31793.18
748.239	31055.91
748.431	30916.65
748.623	32028.7
748.815	31262.75
749.008	30644.27
749.2	31090.73
749.392	31285.28
749.584	31572
749.776	30820.39
749.968	31000.61
750.16	31565.85
750.352	31330.34
750.544	30685.23
750.736	30738.47
750.928	31070.25
751.12	31236.13
751.311	30412.85
751.503	30666.8
751.695	30789.67
751.887	31148.07
752.079	30576.69
752.271	29972.53
752.463	31420.45
752.654	30591.02
752.846	30351.41
753.038	29986.87
753.23	30603.31
753.421	30679.08
753.613	30068.79
753.805	30408.75
753.997	30292.02
754.188	31082.53
754.38	29681.72
754.572	30165.04
754.763	30509.1
754.955	30558.25
755.146	30339.12
755.338	29724.73
755.53	30449.71
755.721	30451.76
755.913	29460.54
756.104	29648.96
756.296	30138.42
756.487	30242.87
756.679	29548.61
756.87	29245.51
757.062	29466.69
757.253	29763.64
757.445	29188.16
757.636	29364.29
757.827	29757.5
758.019	30767.15
758.21	29456.45
758.401	29382.72
758.593	30431.28
758.784	30591.02
758.975	28782.66
759.167	29100.1
759.358	29724.73
759.549	30355.5
759.74	29274.18
759.932	29567.04
760.123	29661.24
760.314	29939.77
760.505	29040.71
760.696	28844.1
760.888	29988.92
761.079	29184.07
761.27	29134.92
761.461	28954.69
761.652	30128.18
761.843	29818.94
762.034	29245.51
762.225	29577.28
762.416	29608
762.607	29233.22
762.798	28590.16
762.989	28655.69
763.18	30253.11
763.371	29149.25
763.562	28381.26
763.753	28424.27
763.944	29206.59
764.135	29341.76
764.326	28934.21
764.517	28303.44
764.708	28928.07
764.899	28665.93
765.089	27787.35
765.28	28008.53
765.471	28450.89
765.662	29102.15
765.853	28287.06
766.043	27799.64
766.234	28960.84
766.425	28854.34
766.615	28239.95
766.806	28262.48
766.997	28571.72
767.187	28563.53
767.378	27936.85
767.569	27199.58
767.759	28207.19
767.95	28276.82
768.141	27799.64
768.331	27742.3
768.522	28264.53
768.712	28459.09
768.903	27797.59
769.093	27701.34
769.284	28215.38
769.474	28094.55
769.665	27324.51
769.855	27267.17
770.046	28387.41
770.236	28491.85
770.426	28049.49
770.617	27873.37
770.807	27621.47
770.998	27983.96
771.188	27775.06
771.378	27201.63
771.569	28147.79
771.759	27807.83
771.949	26833
772.139	27005.03
772.33	27439.2
772.52	27469.92
772.71	27250.78
772.9	26667.11
773.09	27330.65
773.281	28155.99
773.471	26837.09
773.661	26568.81
773.851	27113.57
774.041	27336.8
774.231	26511.47
774.421	27113.57
774.611	27353.18
774.802	27320.42
774.992	26540.14
775.182	26302.57
775.372	27232.35
775.562	27582.56
775.752	26493.04
775.942	26497.13
776.131	27660.38
776.321	27455.58
776.511	26380.4
776.701	26585.19
776.891	27506.78
777.081	26495.08
777.271	26562.67
777.461	26560.62
777.651	26919.01
777.84	26759.27
778.03	25868.41
778.22	26122.35
778.41	26607.72
778.599	26736.74
778.789	26099.83
778.979	25940.08
779.169	26421.36
779.358	26304.62
779.548	26194.03
779.738	25479.29
779.927	26417.26
780.117	26218.61
780.307	25866.36
780.496	25516.15
780.686	26617.96
780.875	27156.58
781.065	25944.18
781.254	25749.62
781.444	26372.21
781.633	26183.79
781.823	25600.12
782.012	25667.7
782.202	26271.86
782.391	26470.51
782.581	25481.34
782.77	26065.01
782.96	26757.22
783.149	25733.24
783.338	25403.52
783.528	25403.52
783.717	26587.24
783.906	26656.87
784.096	25446.52
784.285	25395.32
784.474	25802.87
784.663	25809.01
784.853	24977.54
785.042	25131.14
785.231	25913.46
785.42	25770.1
785.61	25178.24
785.799	25213.06
785.988	26191.98
786.177	25141.38
786.366	24844.42
786.555	25772.15
786.744	25620.6
786.933	25915.51
787.122	24989.83
787.312	25028.74
787.501	25616.51
787.69	25649.27
787.879	24934.53
788.068	24479.88
788.257	25006.21
788.445	25043.07
788.634	24506.51
788.823	24471.69
789.012	25802.87
789.201	25467
789.39	24617.1
789.579	24574.09
789.768	25321.6
789.957	24955.01
790.145	24320.14
790.334	24191.12
790.523	24604.81
790.712	24959.11
790.9	24311.95
791.089	23777.43
791.278	24912
791.467	24834.18
791.655	25049.22
791.844	24883.33
792.033	24602.76
792.221	24668.3
792.41	23834.77
792.599	23556.25
792.787	24885.38
792.976	25102.46
793.164	23873.68
793.353	24090.77
793.541	24504.46
793.73	24789.13
793.918	23933.07
794.107	23933.07
794.295	24430.73
794.484	24199.31
794.672	23918.74
794.861	23826.58
795.049	24330.38
795.238	24608.9
795.426	23552.15
795.614	23767.19
795.803	24268.94
795.991	24787.08
796.179	23507.1
796.368	23746.71
796.556	24273.04
796.744	23769.24
796.932	23668.89
797.121	23459.99
797.309	24152.21
797.497	24547.47
797.685	23392.41
797.874	23425.18
798.062	24119.44
798.25	24109.2
798.438	23285.92
798.626	23416.99
798.814	24166.54
799.002	24105.1
799.19	23666.84
799.378	23216.29
799.566	23883.92
799.755	24170.64
799.943	23402.65
800.131	23359.64
800.318	23922.83
800.506	24043.67
800.694	22986.91
800.882	23169.18
801.07	24502.41
801.258	24058
801.446	23679.13
801.634	23255.2
801.822	24277.13
802.01	24101.01
802.197	23535.77
802.385	23793.81
802.573	24481.93
802.761	24043.67
802.949	23556.25
803.136	23163.04
803.324	24363.15
803.512	24232.08
803.699	23752.85
803.887	23496.86
804.075	24600.71
804.262	24033.43
804.45	23613.59
804.638	23713.94
804.825	24107.15
805.013	23775.38
805.201	23670.93
805.388	23648.41
805.576	24232.08
805.763	24268.94
805.951	23711.89
806.138	23888.02
806.326	24840.32
806.513	24266.89
806.701	23814.29
806.888	23759
807.075	24991.87
807.263	24543.37
807.45	23414.94
807.638	23888.02
807.825	24756.36
808.012	24785.03
808.2	23691.41
808.387	24141.97
808.574	24514.7
808.761	24752.26
808.949	23384.22
809.136	23709.85
809.323	24246.41
809.51	24264.85
809.698	23789.72
809.885	23722.13
810.072	24397.96
810.259	24572.04
810.446	23808.15
810.633	23967.89
810.82	24363.15
811.008	24918.15
811.195	24154.26
811.382	23746.71
811.569	24477.83
811.756	24031.38
811.943	23945.36
812.13	23888.02
812.317	24500.36
812.504	24334.48
812.691	24017.04
812.878	24299.66
813.064	24854.66
813.251	24512.65
813.438	24199.31
813.625	24369.29
813.812	24647.82
813.999	24449.16
814.186	24039.57
814.372	24207.5
814.559	24709.25
814.746	24324.24
814.933	23863.44
815.12	24180.88
815.306	24066.19
815.493	24019.09
815.68	24070.29
815.866	23724.18
816.053	24246.41
816.24	24823.94
816.426	23711.89
816.613	23634.07
816.799	24266.89
816.986	24617.1
817.173	24043.67
817.359	23740.57
817.546	24373.39
817.732	23832.72
817.919	23441.56
818.105	23597.21
818.292	24195.21
818.478	24031.38
818.665	23785.62
818.851	23699.61
819.037	25002.11
819.224	24248.46
819.41	23443.61
819.597	23558.3
819.783	24723.59
819.969	24373.39
820.156	23683.22
820.342	23357.6
820.528	25692.28
820.714	24164.5
820.901	23896.21
821.087	23535.77
821.273	24461.45
821.459	24066.19
821.646	23285.92
821.832	23003.3
822.018	23838.87
822.204	23908.5
822.39	23175.33
822.576	23320.73
822.762	23666.84
822.948	24017.04
823.134	23300.25
823.32	23079.07
823.507	23292.06
823.693	23582.87
823.879	23664.79
824.065	23064.74
824.25	23214.24
824.436	23462.04
824.622	22827.17
824.808	23101.6
824.994	23335.07
825.18	23345.31
825.366	22440.11
825.552	22958.24
825.738	23396.51
825.923	23642.26
826.109	23294.11
826.295	22433.96
826.481	23363.74
826.667	23412.89
826.852	23005.34
827.038	23056.54
827.224	23791.76
827.409	23767.19
827.595	22638.76
827.781	22876.32
827.966	23773.33
828.152	23740.57
828.338	22659.24
828.523	22327.47
828.709	22868.13
828.894	22980.77
829.08	22339.76
829.266	22196.4
829.451	22681.77
829.637	22892.71
829.822	22503.59
830.008	22356.14
830.193	22833.32
830.378	23107.74
830.564	21973.17
830.749	21721.27
830.935	22261.93
831.12	22190.25
831.305	21659.83
831.491	21833.91
831.676	21991.6
831.861	22302.89
832.047	21792.95
832.232	21545.14
832.417	22306.99
832.602	22608.04
832.788	21616.82
832.973	21608.63
833.158	22446.25
833.343	22081.71
833.528	21993.65
833.714	22177.97
833.899	21995.7
834.084	22675.62
834.269	22067.38
834.454	21827.76
834.639	22130.86
834.824	22018.22
835.009	21899.44
835.194	21799.09
835.379	22528.17
835.564	22794.4
835.749	21672.12
835.934	21262.52
836.119	22079.66
836.304	21696.69
836.489	21356.73
836.674	21641.4
836.859	21815.48
837.044	22325.42
837.228	21649.59
837.413	21213.37
837.598	22094
837.783	22364.33
837.968	21549.24
838.152	21106.88
838.337	21307.58
838.522	22132.91
838.707	21942.45
838.891	21283
839.076	22137.01
839.261	21729.46
839.445	21358.78
839.63	21627.06
839.815	22446.25
839.999	21582.01
840.184	21012.67
840.368	21006.53
840.553	21657.78
840.737	21352.63
840.922	20564.17
841.106	20574.41
841.291	21110.97
841.475	21461.18
841.66	20697.28
841.844	20555.97
842.029	22200.49
842.213	21379.26
842.397	20697.28
842.582	20324.55
842.766	21604.53
842.951	21303.48
843.135	20580.55
843.319	20609.22
843.504	20981.95
843.688	21733.56
843.872	19843.28
844.056	20592.84
844.241	20885.7
844.425	20646.08
844.609	20318.41
844.793	20041.93
844.977	20988.1
845.161	20605.13
845.346	19812.56
845.53	20084.94
845.714	20854.98
845.898	20803.78
846.082	19575
846.266	20064.46
846.45	20062.41
846.634	20478.15
846.818	19681.49
847.002	19937.49
847.186	20789.44
847.37	19947.73
847.554	19892.43
847.738	20199.63
847.922	20578.5
848.106	20801.73
848.29	19286.23
848.473	19732.69
848.657	19933.39
848.841	20205.77
849.025	19611.86
849.209	19208.41
849.392	20521.16
849.576	19603.67
849.76	19118.3
849.944	19738.83
850.127	20472.01
850.311	19779.79
850.495	19196.12
850.678	19110.11
850.862	19853.52
851.046	20156.62
851.229	19476.69
851.413	19026.14
851.596	19867.86
851.78	19822.8
851.964	19333.34
852.147	19198.17
852.331	20195.53
852.514	20418.76
852.698	19298.52
852.881	18778.34
853.065	19691.73
853.248	19720.4
853.431	19222.75
853.615	18999.52
853.798	20359.37
853.982	19726.55
854.165	19128.54
854.348	18733.28
854.532	19257.56
854.715	19362.01
854.898	19042.53
855.081	18505.96
855.265	19904.72
855.448	20111.57
855.631	18497.77
855.814	18759.91
855.997	19419.35
856.181	19273.95
856.364	18704.61
856.547	18485.48
856.73	19456.22
856.913	19321.05
857.096	18421.99
857.279	18675.94
857.462	19028.19
857.645	19310.81
857.828	18718.95
858.011	18807.01
858.194	18708.71
858.377	18411.75
858.56	18184.43
858.743	18331.88
858.926	18544.87
859.109	18663.65
859.292	18051.31
859.475	17996.01
859.658	19124.44
859.841	18833.63
860.023	18256.11
860.206	17953.01
860.389	18931.94
860.572	18813.15
860.755	18196.71
860.937	18374.89
861.12	18452.71
861.303	18966.75
861.486	18151.66
861.668	17750.26
861.851	18495.72
862.034	18551.01
862.216	18008.3
862.399	17467.64
862.581	18405.61
862.764	18530.53
862.947	17617.14
863.129	17633.52
863.312	17823.98
863.494	18159.85
863.677	17938.67
863.859	17058.04
864.042	18145.52
864.224	18071.79
864.406	17637.62
864.589	16980.22
864.771	17416.44
864.954	17623.28
865.136	17156.35
865.318	16929.02
865.501	18030.83
865.683	17080.57
865.865	17029.37
866.048	16892.16
866.23	17709.3
866.412	17379.57
866.594	16466.18
866.777	17103.1
866.959	17416.44
867.141	17250.55
867.323	17096.96
867.505	17119.48
867.687	17375.48
867.869	17623.28
868.052	17182.97
868.234	16595.2
868.416	17541.36
868.598	17633.52
868.78	16961.79
868.962	16613.63
869.144	17359.1
869.326	17176.83
869.508	16648.45
869.69	16560.39
869.872	17117.43
870.054	17842.42
870.236	16408.84
870.417	16548.1
870.599	17285.37
870.781	17789.17
870.963	17090.81
871.145	16552.2
871.327	17178.87
871.508	17250.55
871.69	16914.69
871.872	16863.49
872.054	17113.34
872.235	17314.04
872.417	16795.9
872.599	16466.18
872.78	17658.1
872.962	17015.04
873.144	16292.1
873.325	16390.41
873.507	17674.48
873.689	16728.32
873.87	16193.8
874.052	16677.12
874.233	16802.05
874.415	17572.08
874.596	16601.35
874.778	16210.18
874.959	16941.31
875.141	17178.87
875.322	16619.78
875.503	16410.89
875.685	17066.24
875.866	16521.48
876.048	16427.27
876.229	16210.18
876.41	16769.28
876.592	17348.86
876.773	16625.92
876.954	16204.04
877.136	17473.78
877.317	17158.39
877.498	16322.82
877.679	16771.33
877.86	17033.47
878.042	17176.83
878.223	16660.74
878.404	17477.88
878.585	17297.66
878.766	19032.29
878.947	17139.96
879.128	16609.54
879.309	17031.42
879.49	17076.48
879.672	16656.64
879.853	16716.03
880.034	17096.96
880.215	17311.99
880.396	16933.12
880.576	16681.22
880.757	17287.42
880.938	17740.02
881.119	16593.15
881.3	16689.41
881.481	17418.49
881.662	18653.41
881.843	16619.78
882.023	16814.34
882.204	17764.59
882.385	17613.04
882.566	16900.35
882.747	17119.48
882.927	17754.35
883.108	17873.14
883.289	17166.59
883.469	17637.62
883.65	17596.66
883.831	17658.1
884.011	17338.62
884.192	17361.14
884.373	17823.98
884.553	17840.37
884.734	17455.35
884.914	17690.87
885.095	19026.14
885.275	18028.78
885.456	17584.37
885.636	17099
885.817	17953.01
885.997	18127.08
886.178	17201.4
886.358	17268.98
886.538	17920.24
886.719	19458.26
886.899	17234.17
887.08	17682.67
887.26	17991.92
887.44	17481.97
887.621	17369.33
887.801	17373.43
887.981	18454.76
888.161	18094.32
888.342	17656.05
888.522	17547.51
888.702	18022.64
888.882	18628.84
889.062	17461.49
889.242	17355
889.423	18770.15
889.603	18338.02
889.783	17887.47
889.963	17633.52
890.143	18438.37
890.323	18567.4
890.503	17879.28
890.683	17912.05
890.863	18462.95
891.043	18237.67
891.223	18022.64
891.403	18268.39
891.583	18215.15
891.763	18475.24
891.943	17453.3
892.122	17629.43
892.302	18014.45
892.482	18159.85
892.662	17592.56
892.842	17838.32
893.022	18098.41
893.201	18043.12
893.381	17406.2
893.561	17518.84
893.741	18276.59
893.92	17756.4
894.1	17471.73
894.28	17543.41
894.459	18213.1
894.639	18090.22
894.819	17281.27
894.998	17602.8
895.178	18231.53
895.357	17844.46
895.537	17385.72
895.716	16939.26
895.896	18096.36
896.075	18641.12
896.255	17518.84
896.434	17383.67
896.614	18663.65
896.793	18178.28
896.973	17488.12
897.152	16947.45
897.331	17422.58
897.511	17715.44
897.69	16652.55
897.87	17311.99
898.049	17877.23
898.228	17555.7
898.407	17125.63
898.587	16939.26
898.766	17428.73
898.945	17600.76
899.124	17187.07
899.304	16787.71
899.483	17553.65
899.662	17817.84
899.841	16599.3
900.02	16615.68
900.199	17293.56
900.378	17142.01
900.557	16480.52
900.737	16285.96
900.916	17004.8
901.095	16849.15
901.274	16800
901.453	16134.41
901.632	16476.42
901.811	16361.73
901.989	16058.63
902.168	16163.08
902.347	17019.13
902.526	16501
902.705	16089.35
902.884	16537.86
903.063	17187.07
903.242	16740.61
903.42	15464.72
903.599	15894.8
903.778	16288.01
903.957	16523.52
904.135	15753.49
904.314	15296.79
904.493	15890.7
904.672	15761.68
904.85	15507.73
905.029	15380.76
905.207	15456.53
905.386	16165.13
905.565	14661.92
905.743	14924.06
905.922	15268.12
906.1	15454.48
906.279	14500.13
906.457	14575.91
906.636	15139.1
906.814	15118.62
906.993	14344.49
907.171	14240.04
907.35	15016.22
907.528	15364.37
907.707	14649.63
907.885	14002.47
908.063	14870.81
908.242	14350.63
908.42	14014.76
908.598	13627.7
908.777	14651.68
908.955	14086.44
909.133	14227.75
909.311	13572.4
909.49	14172.46
909.668	14213.42
909.846	13762.86
910.024	13654.32
910.202	14608.67
910.38	14739.74
910.559	13885.74
910.737	14082.35
910.915	14752.03
911.093	14704.93
911.271	14586.15
911.449	14571.81
911.627	14919.96
911.805	15544.59
911.983	14401.83
912.161	14299.43
912.339	14862.62
912.517	15388.95
912.695	14979.36
912.872	14895.39
913.05	15128.86
913.228	15044.89
913.406	14661.92
913.584	14717.22
913.762	15458.58
913.939	14991.64
914.117	14573.86
914.295	14301.48
914.473	14727.46
914.65	15466.77
914.828	14100.78
915.006	14225.7
915.184	14643.49
915.361	14960.92
915.539	14649.63
915.716	14854.43
915.894	15120.67
916.072	15245.59
916.249	14987.55
916.427	14616.86
916.604	14737.7
916.782	14960.92
916.959	14420.26
917.137	14059.82
917.314	14727.46
917.492	14760.22
917.669	14094.63
917.847	14205.22
918.024	14864.67
918.201	14350.63
918.379	14022.95
918.556	14160.17
918.733	14936.35
918.911	14539.04
919.088	14283.05
919.265	14168.36
919.442	14731.55
919.62	14457.12
919.797	14092.58
919.974	13842.73
920.151	14651.68
920.328	14203.18
920.506	13957.42
920.683	14696.74
920.86	14172.46
921.037	14289.19
921.214	13674.8
921.391	13613.36
921.568	14301.48
921.745	13891.88
921.922	13472.05
922.099	13658.42
922.276	14242.09
922.453	14135.59
922.63	13351.22
922.807	13807.92
922.984	14221.61
923.161	13836.59
923.338	13822.25
923.514	13476.15
923.691	14088.49
923.868	13920.56
924.045	13412.66
924.222	13363.51
924.399	13486.39
924.575	13826.35
924.752	13396.28
924.929	13252.92
925.105	13635.89
925.282	13490.48
925.459	13465.91
925.635	13287.73
925.812	13588.78
925.989	13601.07
926.165	13218.1
926.342	12525.89
926.518	13105.46
926.695	12994.87
926.871	12699.97
927.048	12777.79
927.224	13484.34
927.401	12886.33
927.577	12728.64
927.754	12261.7
927.93	13240.63
928.107	13406.52
928.283	12345.67
928.459	12652.86
928.636	13070.65
928.812	12716.35
928.988	12132.68
929.165	12185.93
929.341	12357.96
929.517	12872
929.693	12693.82
929.87	11862.35
930.046	12845.37
930.222	12495.17
930.398	11622.73
930.574	11827.53
930.751	12237.13
930.927	11925.83
931.103	11594.06
931.279	11555.15
931.455	11759.95
931.631	11972.94
931.807	11254.1
931.983	11202.9
932.159	11262.29
932.335	11661.65
932.511	11364.69
932.687	11301.2
932.863	11383.12
933.039	11727.18
933.215	10948.95
933.391	10768.73
933.566	11354.45
933.742	11424.08
933.918	10654.05
934.094	10334.56
934.27	11120.98
934.445	10856.79
934.621	10602.85
934.797	10199.4
934.973	10901.85
935.148	10527.07
935.324	9750.89
935.5	9759.08
935.675	10162.53
935.851	10281.32
936.027	9861.48
936.202	9857.39
936.378	9998.7
936.553	9697.64
936.729	10162.53
936.904	9054.58
937.08	9083.25
937.255	9226.61
937.431	8872.31
937.606	8380.8
937.782	8546.69
937.957	8925.56
938.133	8143.24
938.308	7674.25
938.483	8323.46
938.659	8034.69
938.834	7836.04
939.009	7534.99
939.185	8110.47
939.36	7598.48
939.535	6920.6
939.71	7385.49
939.886	7756.17
940.061	7299.47
940.236	7453.07
940.411	7041.43
940.586	7422.35
940.761	7387.54
940.937	6859.16
941.112	6740.38
941.287	6924.69
941.462	6928.79
941.637	6328.74
941.812	6560.16
941.987	7086.48
942.162	6795.67
942.337	6502.81
942.512	6263.2
942.687	7109.01
942.862	6650.27
943.037	6091.17
943.212	5951.91
943.386	6402.46
943.561	6404.51
943.736	6408.61
943.911	6840.73
944.086	6887.83
944.26	6617.5
944.435	6191.52
944.61	6492.57
944.785	6791.58
944.959	7070.1
945.134	6273.44
945.309	6248.86
945.483	6193.57
945.658	6672.79
945.833	5884.33
946.007	5927.33
946.182	6680.99
946.357	6312.35
946.531	6074.79
946.706	5910.95
946.88	6119.84
947.055	6562.2
947.229	6142.37
947.404	6136.23
947.578	6588.83
947.752	6713.75
947.927	6132.13
948.101	6064.55
948.276	7102.87
948.45	6773.14
948.624	6715.8
948.799	6171.04
948.973	6683.03
949.147	6455.71
949.321	6398.37
949.496	6474.14
949.67	7092.63
949.844	6738.33
950.018	6394.27
950.193	6406.56
950.367	7461.26
950.541	6818.2
950.715	6779.29
950.889	6791.58
951.063	6826.39
951.237	7215.51
951.411	6463.9
951.585	6369.69
951.759	7219.6
951.933	7274.9
952.107	6590.88
952.281	6922.65
952.455	7575.95
952.629	7135.64
952.803	6934.93
952.977	6781.34
953.151	7393.68
953.325	7299.47
953.499	7055.76
953.672	6547.87
953.846	6926.74
954.02	7207.31
954.194	6961.56
954.368	6658.46
954.541	7534.99
954.715	7090.58
954.889	6896.02
955.062	6726.04
955.236	7025.04
955.41	7211.41
955.583	7154.07
955.757	6767
955.93	7342.48
956.104	7117.2
956.278	6969.75
956.451	7168.4
956.625	7651.72
956.798	7887.24
956.972	7348.62
957.145	7084.44
957.319	8028.55
957.492	7567.76
957.665	7258.51
957.839	6918.55
958.012	7489.93
958.185	7324.05
958.359	7086.48
958.532	7330.19
958.705	7422.35
958.879	7408.01
959.052	7092.63
959.225	6857.11
959.398	7625.1
959.572	7453.07
959.745	7121.3
959.918	7164.31
960.091	7627.15
960.264	7901.58
960.438	7041.43
960.611	7141.78
960.784	7700.87
960.957	7201.17
961.13	7782.79
961.303	6959.51
961.476	7352.72
961.649	8049.03
961.822	6816.15
961.995	7266.71
962.168	7463.31
962.341	7690.63
962.514	7156.11
962.686	7195.03
962.859	7524.75
963.032	7711.11
963.205	7252.37
963.378	6853.02
963.551	7596.43
963.723	7244.18
963.896	7430.54
964.069	7313.81
964.242	7551.37
964.414	8157.57
964.587	7233.94
964.76	7238.03
964.932	7614.86
965.105	7283.09
965.278	7274.9
965.45	7149.97
965.623	7674.25
965.795	7582.09
965.968	7037.33
966.14	6891.93
966.313	7324.05
966.485	7532.94
966.658	6973.85
966.83	7078.29
967.003	7670.15
967.175	7692.68
967.348	6988.18
967.52	6977.94
967.692	7768.46
967.865	7756.17
968.037	6830.49
968.209	7248.27
968.382	7293.33
968.554	7299.47
968.726	6797.72
968.898	6705.56
969.071	7578
969.243	7274.9
969.415	6648.22
969.587	6959.51
969.759	7346.58
969.932	7127.44
970.104	6789.53
970.276	6484.38
970.448	7152.02
970.62	7133.59
970.792	6932.89
970.964	6947.22
971.136	7625.1
971.308	7092.63
971.48	6576.54
971.652	6478.24
971.824	7530.89
971.996	7166.35
972.168	6508.96
972.339	6717.85
972.511	7061.91
972.683	7020.95
972.855	6943.13
973.027	6527.39
973.199	7121.3
973.37	7135.64
973.542	6564.25
973.714	6551.96
973.886	6744.47
974.057	6814.1
974.229	6412.7
974.401	6435.23
974.572	6521.24
974.744	6519.2
974.915	6234.53
975.087	6361.5
975.259	7199.12
975.43	6615.45
975.602	6148.51
975.773	6060.45
975.945	6695.32
976.116	6910.36
976.288	6162.85
976.459	6500.76
976.63	6578.59
976.802	6648.22
976.973	5886.37
977.145	6488.48
977.316	7344.53
977.487	6834.58
977.659	6476.19
977.83	6154.66
978.001	6967.7
978.172	6941.08
978.344	6140.32
978.515	6271.39
978.686	6513.05
978.857	6830.49
979.028	6033.83
979.2	6117.79
979.371	6707.61
979.542	6437.28
979.713	5939.62
979.884	5665.19
980.055	6291.87
980.226	6494.62
980.397	6025.64
980.568	5808.55
980.739	6511
980.91	6263.2
981.081	6255.01
981.252	5792.17
981.423	6138.27
981.594	6271.39
981.765	5706.15
981.936	5736.87
982.106	6031.78
982.277	6351.26
982.448	5577.13
982.619	6021.54
982.79	5802.41
982.96	6148.51
983.131	5882.28
983.302	5378.48
983.472	6132.13
983.643	6076.84
983.814	5822.89
983.984	5585.32
984.155	5908.9
984.326	5988.77
984.496	5714.34
984.667	5616.04
984.837	5540.27
985.008	6289.82
985.178	5888.42
985.349	5466.54
985.519	5779.88
985.69	5499.31
985.86	5470.64
986.031	5296.56
986.201	5869.99
986.371	5724.58
986.542	5173.68
986.712	5169.59
986.882	5771.69
987.053	5761.45
987.223	5267.89
987.393	5505.45
987.563	5288.37
987.734	5652.91
987.904	5755.3
988.074	5026.23
988.244	5411.25
988.414	5657
988.585	5020.08
988.755	5306.8
988.925	5388.72
989.095	5935.53
989.265	4854.2
989.435	5278.13
989.605	5585.32
989.775	5826.98
989.945	5519.79
990.115	4927.92
990.285	5362.09
990.455	5355.95
990.625	4952.5
990.795	4772.28
990.965	5583.27
991.134	5142.96
991.304	4846.01
991.474	4604.35
991.644	5241.26
991.814	5628.33
991.984	4420.03
992.153	4811.19
992.323	5083.57
992.493	5212.59
992.662	4618.68
992.832	4803
993.002	4972.98
993.171	5378.48
993.341	4358.59
993.511	4506.04
993.68	4946.36
993.85	5304.75
994.019	4532.67
994.189	4469.18
994.358	4880.82
994.528	4868.53
994.697	3983.81
994.867	4336.06
995.036	5061.04
995.206	4680.12
995.375	4168.13
995.544	4469.18
995.714	5073.33
995.883	4604.35
996.052	4610.49
996.222	3883.46
996.391	4886.97
996.56	4835.77
996.73	4340.16
996.899	4063.68
997.068	4929.97
997.237	4653.5
997.406	4057.54
997.576	3822.02
997.745	4862.39
997.914	4610.49
998.083	3805.64
998.252	4108.74
998.421	4524.47
998.59	4295.1
998.759	3944.9
998.928	3684.81
999.097	4811.19
999.266	4530.62
999.435	4213.18
999.604	3625.42
999.773	4782.52
999.942	4049.35
1000.111	3561.93
1000.28	3514.83
1000.448	4047.3
1000.617	4069.83
1000.786	4075.97
1000.955	3570.12
1001.124	4450.75
1001.292	4823.48
1001.461	3547.59
1001.63	3457.48
1001.798	4350.4
1001.967	4280.77
1002.136	3574.22
1002.304	3480.01
1002.473	4221.38
1002.642	4022.72
1002.81	3723.72
1002.979	3412.43
1003.147	4202.94
1003.316	4272.57
1003.484	3504.59
1003.653	3572.17
1003.821	4039.11
1003.99	3842.5
1004.158	3912.13
1004.327	3527.11
1004.495	4080.07
1004.663	3830.21
1004.832	3643.85
1005	3144.14
1005.168	3955.14
1005.337	3750.34
1005.505	3092.94
1005.673	3649.99
1005.842	4030.91
1006.01	3846.6
1006.178	3195.34
1006.346	3224.01
1006.514	3609.03
1006.683	4223.42
1006.851	3203.54
1007.019	3473.87
1007.187	3703.24
1007.355	3224.01
1007.523	2738.65
1007.691	2920.92
1007.859	3359.18
1008.027	4133.31
1008.195	3017.17
1008.363	2922.96
1008.531	3463.63
1008.699	3631.56
1008.867	2671.06
1009.035	2879.96
1009.203	3824.07
1009.37	3576.27
1009.538	3011.03
1009.706	3807.69
1009.874	3377.61
1010.042	3361.23
1010.209	2626.01
1010.377	2585.05
1010.545	3408.33
1010.713	3428.81
1010.88	2707.93
1011.048	2691.54
1011.216	3207.63
1011.383	3756.49
1011.551	2732.5
1011.718	2576.86
1011.886	3338.7
1012.054	3469.77
1012.221	2531.8
1012.389	2478.55
1012.556	3160.53
1012.724	3625.42
1012.891	2701.78
1013.058	2142.69
1013.226	3142.1
1013.393	3076.56
1013.561	2296.28
1013.728	2193.89
1013.895	3316.17
1014.063	3101.14
1014.23	2161.12
1014.397	2380.25
1014.565	3174.86
1014.732	2752.98
1014.899	2200.03
1015.066	2202.08
1015.233	3023.31
1015.401	3056.08
1015.568	2367.96
1015.735	2675.16
1015.902	3041.75
1016.069	3158.48
1016.236	2228.7
1016.403	2013.67
1016.57	2609.62
1016.737	3275.21
1016.904	2316.76
1017.071	2134.5
1017.238	2439.64
1017.405	2726.36
1017.572	2273.76
1017.739	2558.42
1017.906	3144.14
1018.073	2963.92
1018.24	2003.43
1018.407	2419.16
1018.573	2806.23
1018.74	2726.36
1018.907	2099.68
1019.074	1839.59
1019.241	2716.12
1019.407	2519.51
1019.574	1991.14
1019.741	2064.86
1019.907	2894.29
1020.074	3045.84
1020.241	1587.69
1020.407	1718.76
1020.574	2623.96
1020.74	2558.42
1020.907	1872.36
1021.073	1778.15
1021.24	3181.01
1021.406	2626.01
1021.573	1649.13
1021.739	1946.08
1021.906	2789.85
1022.072	2527.71
1022.239	1802.72
1022.405	1870.31
1022.571	2529.75
1022.738	2376.16
1022.904	1786.34
1023.07	2050.53
1023.237	2445.79
1023.403	2673.11
1023.569	1886.69
1023.735	1769.96
1023.902	2535.9
1024.068	2370.01
1024.234	1470.95
1024.4	1694.18
1024.566	2169.31
1024.732	2333.15
1024.898	1720.81
1025.065	1393.13
1025.231	2253.28
1025.397	2173.41
1025.563	1810.92
1025.729	1565.16
1025.895	1843.68
1026.061	2111.97
1026.227	1434.09
1026.392	1634.79
1026.558	2169.31
1026.724	2380.25
1026.89	1454.57
1027.056	1704.42
1027.222	2023.91
1027.388	2116.06
1027.553	1513.96
1027.719	1608.17
1027.885	2535.9
1028.051	2118.11
1028.216	1102.32
1028.382	1421.8
1028.548	2097.63
1028.713	2034.14
1028.879	1229.29
1029.045	1614.31
1029.21	2263.52
1029.376	2167.26
1029.541	1374.7
1029.707	1358.32
1029.873	2157.02
1030.038	2083.3
1030.204	1350.12
1030.369	1245.68
1030.534	1989.09
1030.7	1792.48
1030.865	1370.6
1031.031	1165.81
1031.196	1833.44
1031.361	1970.66
1031.527	1221.1
1031.692	1245.68
1031.857	1575.4
1032.023	2077.15
1032.188	1184.24
1032.353	1161.71
1032.518	2068.96
1032.684	1786.34
1032.849	1010.16
1033.014	1241.58
1033.179	1685.99
1033.344	1880.55
1033.509	1389.03
1033.674	1194.48
1033.839	1868.26
1034.004	1870.31
1034.17	1237.49
1034.335	1071.6
1034.5	1675.75
1034.664	1602.02
1034.829	1130.99
1034.994	1354.22
1035.159	1470.95
1035.324	1876.45
1035.489	1139.18
1035.654	1020.4
1035.819	2447.83
1035.984	1724.9
1036.148	1298.92
1036.313	1178.09
1036.478	2007.52
1036.643	1653.22
1036.807	1081.84
1036.972	989.68
1037.137	2200.03
1037.301	1595.88
1037.466	823.8
1037.631	1149.42
1037.795	1786.34
1037.96	1571.3
1038.124	1251.82
1038.289	924.15
1038.454	1565.16
1038.618	1720.81
1038.783	1044.98
1038.947	1112.56
1039.111	1495.53
1039.276	1575.4
1039.44	956.91
1039.605	1769.96
1039.769	1466.86
1039.933	1499.63
1040.098	1010.16
1040.262	1249.77
1040.426	1589.74
1040.591	1581.54
1040.755	915.95
1040.919	858.61
1041.083	1782.24
1041.248	1356.27
1041.412	696.82
1041.576	784.88
1041.74	1266.16
1041.904	1343.98
1042.068	852.47
1042.232	930.29
1042.397	1817.06
1042.561	1370.6
1042.725	504.31
1042.889	848.37
1043.053	1366.51
1043.217	1407.47
1043.381	823.8
1043.544	627.19
1043.708	1493.48
1043.872	1280.49
1044.036	408.06
1044.2	674.29
1044.364	1671.65
1044.528	1520.1
1044.691	4041.15
1044.855	698.87
1045.019	1366.51
1045.183	1442.28
1045.346	791.03
1045.51	641.53
1045.674	1495.53
1045.837	1333.74
1046.001	719.35
1046.165	723.44
1046.328	1858.02
1046.492	1223.15
1046.655	948.72
1046.819	836.08
1046.983	1253.87
1047.146	1204.72
1047.31	870.9
1047.473	360.95
1047.636	1155.57
1047.8	1001.97
1047.963	891.38
1048.127	582.14
1048.29	1012.21
