345.52	-1332.37
345.736	-1332.37
345.952	-1332.37
346.168	-1301.65
346.384	-1328.28
346.6	-310.44
346.816	-240.81
347.032	-292.01
347.248	525.13
347.464	-222.38
347.68	-238.76
347.896	-42.15
348.112	373.58
348.328	-150.7
348.544	39.76
348.76	271.19
348.975	287.57
349.191	-355.49
349.407	-365.73
349.623	256.85
349.839	185.17
350.055	-220.33
350.27	-54.44
350.486	160.59
350.702	308.05
350.918	412.5
351.133	-107.69
351.349	228.18
351.565	598.86
351.781	-359.59
351.996	125.78
352.212	271.19
352.428	185.17
352.644	-240.81
352.859	-216.23
353.075	322.38
353.291	183.12
353.506	-197.8
353.722	-294.05
353.938	101.2
354.153	539.47
354.369	344.91
354.584	-271.53
354.8	330.58
355.016	-60.59
355.231	-320.68
355.447	-25.77
355.662	455.5
355.878	779.08
356.093	-498.85
356.309	-54.44
356.524	-48.3
356.74	506.7
356.955	-326.82
357.171	-76.97
357.386	312.14
357.602	-25.77
357.817	-17.58
358.033	-236.71
358.248	377.68
358.464	414.54
358.679	-119.98
358.895	-375.97
359.11	160.59
359.325	230.23
359.541	527.18
359.756	-15.53
359.972	-79.02
360.187	580.43
360.402	-287.91
360.618	-193.7
360.833	1665.85
361.048	316.24
361.264	-173.22
361.479	64.34
361.694	297.81
361.909	281.43
362.125	-212.14
362.34	-101.55
362.555	361.3
362.77	277.33
362.986	-412.84
363.201	-195.75
363.416	320.34
363.631	133.97
363.847	-304.29
364.062	-255.14
364.277	262.99
364.492	74.58
364.707	-124.07
364.922	-371.88
365.138	338.77
365.353	400.21
365.568	-353.45
365.783	-185.51
365.998	529.23
366.213	660.3
366.428	-230.57
366.643	236.37
366.858	424.78
367.073	316.24
367.288	-97.45
367.503	-244.9
367.718	146.26
367.933	547.66
368.148	-210.09
368.363	19.29
368.578	371.54
368.793	625.48
369.008	-50.35
369.223	-339.11
369.438	453.45
369.653	383.82
369.868	-398.5
370.083	-242.85
370.298	308.05
370.513	633.68
370.728	269.14
370.943	-226.47
371.157	60.24
371.372	701.26
371.587	-312.49
371.802	-353.45
372.017	262.99
372.232	676.68
372.446	2.9
372.661	-289.96
372.876	199.51
373.091	439.12
373.306	-42.15
373.52	-277.67
373.735	168.79
373.95	684.87
374.165	-101.55
374.379	-83.11
374.594	121.68
374.809	586.57
375.023	191.31
375.238	-162.98
375.453	338.77
375.667	-27.82
375.882	-201.9
376.097	-197.8
376.311	95.06
376.526	426.83
376.741	-169.13
376.955	310.1
377.17	641.87
377.384	1137.48
377.599	140.12
377.813	-328.87
378.028	1008.45
378.242	445.26
378.457	-13.48
378.672	-275.62
378.886	203.6
379.101	344.91
379.315	-326.82
379.53	-79.02
379.744	518.99
379.958	500.56
380.173	-85.16
380.387	-136.36
380.602	498.51
380.816	222.03
381.031	-9.39
381.245	-126.12
381.459	383.82
381.674	1198.92
381.888	-255.14
382.103	455.5
382.317	146.26
382.531	607.05
382.746	111.44
382.96	-160.94
383.174	269.14
383.388	840.52
383.603	248.66
383.817	-257.19
384.031	310.1
384.246	637.77
384.46	127.83
384.674	957.25
384.888	174.93
385.103	469.84
385.317	-171.18
385.531	101.2
385.745	908.1
385.959	613.2
386.174	-197.8
386.388	-162.98
386.602	265.04
386.816	222.03
387.03	-21.67
387.244	52.05
387.458	494.41
387.672	660.3
387.887	-208.04
388.101	-142.5
388.315	547.66
388.529	351.06
388.743	-21.67
388.957	-79.02
389.171	705.35
389.385	158.55
389.599	-72.87
389.813	215.89
390.027	328.53
390.241	1006.41
390.455	39.76
390.669	191.31
390.883	330.58
391.097	820.04
391.311	396.11
391.525	25.43
391.738	715.59
391.952	817.99
392.166	224.08
392.38	-228.52
392.594	623.44
392.808	660.3
393.022	144.21
393.236	78.68
393.449	377.68
393.663	715.59
393.877	-103.59
394.091	93.01
394.305	453.45
394.518	344.91
394.732	-42.15
394.946	82.77
395.16	1088.32
395.373	516.94
395.587	-38.06
395.801	56.15
396.015	713.55
396.228	580.43
396.442	-5.29
396.656	-238.76
396.869	613.2
397.083	977.73
397.297	195.41
397.51	31.57
397.724	615.24
397.938	586.57
398.151	-199.85
398.365	-40.11
398.578	686.92
398.792	875.34
399.005	322.38
399.219	74.58
399.433	523.09
399.646	777.03
399.86	418.64
400.073	508.75
400.287	545.61
400.5	709.45
400.714	379.73
400.927	232.27
401.141	822.09
401.354	2038.58
401.567	688.97
401.781	23.38
401.994	680.78
402.208	1090.37
402.421	285.52
402.635	152.4
402.848	340.82
403.061	721.74
403.275	353.1
403.488	64.34
403.701	858.95
403.915	961.35
404.128	363.34
404.341	267.09
404.555	1010.5
404.768	467.79
404.981	478.03
405.195	170.83
405.408	801.61
405.621	750.41
405.834	510.8
406.048	82.77
406.261	893.77
406.474	858.95
406.687	168.79
406.9	432.97
407.114	701.26
407.327	936.78
407.54	76.63
407.753	-1.19
407.966	525.13
408.179	693.07
408.392	195.41
408.605	41.81
408.819	781.13
409.032	924.49
409.245	330.58
409.458	621.39
409.671	789.32
409.884	942.92
410.097	39.76
410.31	574.28
410.523	1143.62
410.736	701.26
410.949	392.02
411.162	336.72
411.375	985.93
411.588	801.61
411.801	559.95
412.014	236.37
412.227	598.86
412.44	676.68
412.653	351.06
412.865	568.14
413.078	1053.51
413.291	1004.36
413.504	508.75
413.717	320.34
413.93	1069.89
414.143	584.52
414.356	473.93
414.568	211.79
414.781	875.34
414.994	998.21
415.207	633.68
415.42	555.85
415.632	908.1
415.845	1329.99
416.058	269.14
416.271	217.94
416.483	1041.22
416.696	1272.64
416.909	404.3
417.121	353.1
417.334	803.66
417.547	1092.42
417.759	355.15
417.972	381.78
418.185	754.51
418.397	944.97
418.61	482.13
418.823	463.69
419.035	1246.02
419.248	1073.99
419.46	523.09
419.673	678.73
419.885	813.9
420.098	1010.5
420.311	422.73
420.523	152.4
420.736	1149.76
420.948	955.21
421.161	502.61
421.373	424.78
421.586	744.27
421.798	734.03
422.01	246.61
422.223	781.13
422.435	719.69
422.648	1221.44
422.86	541.52
423.073	648.01
423.285	1051.46
423.497	793.42
423.71	697.16
423.922	650.06
424.134	1381.18
424.347	1571.65
424.559	979.78
424.771	1135.43
424.984	1129.28
425.196	1200.96
425.408	478.03
425.621	516.94
425.833	1338.18
426.045	1514.3
426.257	531.28
426.47	750.41
426.682	977.73
426.894	1073.99
427.106	609.1
427.318	817.99
427.531	1110.85
427.743	1250.11
427.955	1004.36
428.167	1555.26
428.379	1018.69
428.591	1112.9
428.804	926.54
429.016	666.44
429.228	1262.4
429.44	1399.62
429.652	14301.82
429.864	699.21
430.076	1297.22
430.288	1332.03
430.5	932.68
430.712	1006.41
430.924	1260.35
431.136	1456.96
431.348	654.16
431.56	734.03
431.772	1100.61
431.984	1110.85
432.196	707.4
432.408	901.96
432.62	1203.01
432.832	1563.45
433.044	1282.88
433.256	1071.94
433.468	1459.01
433.679	1080.13
433.891	725.83
434.103	1262.4
434.315	1717.05
434.527	1559.36
434.739	1174.34
434.95	1057.61
435.162	1491.77
435.374	1123.14
435.586	1176.39
435.798	953.16
436.009	1291.07
436.221	1329.99
436.433	973.64
436.645	1067.85
436.856	1372.99
437.068	1874.74
437.28	1063.75
437.491	1413.95
437.703	1817.4
437.915	1633.08
438.126	983.88
438.338	1592.13
438.55	1530.69
438.761	1540.93
438.973	1307.46
439.184	1186.63
439.396	1493.82
439.608	1684.28
439.819	940.87
440.031	1383.23
440.242	1833.79
440.454	1739.58
440.665	1256.26
440.877	1489.73
441.088	1899.32
441.3	1782.59
441.511	1000.26
441.723	1192.77
441.934	2054.97
442.146	1839.93
442.357	1540.93
442.569	1903.42
442.78	1913.66
442.991	2403.12
443.203	1977.14
443.414	1311.55
443.626	2171.7
443.837	1698.62
444.048	1375.04
444.26	1176.39
444.471	1915.7
444.682	1774.39
444.894	1196.87
445.105	1266.5
445.316	2183.99
445.528	1948.47
445.739	1510.21
445.95	1575.74
446.161	1833.79
446.373	2089.78
446.584	1465.15
446.795	1413.95
447.006	2126.64
447.217	2218.8
447.429	1448.77
447.64	1248.07
447.851	2702.12
448.062	2206.52
448.273	1338.18
448.484	1461.06
448.695	2153.27
448.907	2112.31
449.118	1610.56
449.329	1946.42
449.54	1882.94
449.751	1985.34
449.962	1590.08
450.173	1571.65
450.384	2122.55
450.595	2345.78
450.806	1633.08
451.017	1747.77
451.228	2509.62
451.439	2319.15
451.65	1665.85
451.861	1217.35
452.072	2011.96
452.283	2161.46
452.494	2046.77
452.705	1641.28
452.915	2767.66
453.126	2206.52
453.337	2034.49
453.548	1745.72
453.759	2755.37
453.97	2706.22
454.181	2507.57
454.391	1952.57
454.602	2413.36
454.813	2923.3
455.024	1999.67
455.235	1909.56
455.445	2708.27
455.656	2513.71
455.867	2255.67
456.078	1989.43
456.288	2251.57
456.499	2632.49
456.71	2071.35
456.921	2509.62
457.131	2474.8
457.342	2513.71
457.553	2104.12
457.763	2102.07
457.974	2593.58
458.184	2726.7
458.395	2153.27
458.606	2001.72
458.816	3025.7
459.027	3185.44
459.237	2390.83
459.448	2173.75
459.659	2923.3
459.869	3734.3
460.08	1932.09
460.29	2620.21
460.501	3414.82
460.711	2968.36
460.922	2241.33
461.132	2419.5
461.343	3959.58
461.553	2878.25
461.764	2376.5
461.974	2497.33
462.184	3124.01
462.395	3220.26
462.605	2540.33
462.816	2249.52
463.026	3265.32
463.236	3238.69
463.447	2581.29
463.657	2577.2
463.867	3586.85
464.078	3218.21
464.288	2763.56
464.498	2992.94
464.709	3236.64
464.919	3455.78
465.129	2990.89
465.339	2833.19
465.55	3400.48
465.76	3515.17
465.97	2872.11
466.18	3050.28
466.391	3988.25
466.601	3685.15
466.811	3296.04
467.021	2904.87
467.231	3857.18
467.441	3959.58
467.651	3267.36
467.862	3083.05
468.072	3762.97
468.282	3955.48
468.492	3201.83
468.702	3590.94
468.912	4002.58
469.122	4780.81
469.332	4061.98
469.542	3410.72
469.752	4631.31
469.962	4266.77
470.172	3533.6
470.382	3699.48
470.592	4619.02
470.802	4539.15
471.012	4180.76
471.222	3984.15
471.432	4301.59
471.642	4662.03
471.852	4221.72
472.062	3922.71
472.272	4836.11
472.482	4524.82
472.691	4201.24
472.901	3988.25
473.111	4586.26
473.321	5282.56
473.531	4399.89
473.741	4819.72
473.95	5120.78
474.16	5065.48
474.37	4840.2
474.58	4549.39
474.79	5866.24
474.999	5247.75
475.209	4754.19
475.419	5001.99
475.628	5585.66
475.838	5856
476.048	5245.7
476.258	4963.08
476.467	6028.03
476.677	5778.17
476.886	5851.9
477.096	5585.66
477.306	5784.32
477.515	6183.67
477.725	5614.34
477.935	5694.21
478.144	6599.41
478.354	6163.19
478.563	5876.48
478.773	5520.13
478.982	6638.32
479.192	6634.22
479.401	5999.35
479.611	6062.84
479.82	6302.45
480.03	6619.89
480.239	6075.13
480.449	5851.9
480.658	7148.26
480.868	6941.42
481.077	6578.93
481.287	6497.01
481.496	7230.18
481.705	7215.85
481.915	7224.04
482.124	7045.87
482.333	7611.11
482.543	7746.27
482.752	7291.62
482.961	6806.25
483.171	7635.68
483.38	7543.52
483.589	7240.42
483.799	7191.27
484.008	7703.26
484.217	7809.76
484.426	7369.44
484.636	7404.26
484.845	8317.65
485.054	7746.27
485.263	8196.82
485.472	7805.66
485.682	8385.24
485.891	8168.15
486.1	7678.69
486.309	7885.53
486.518	8686.29
486.727	9597.63
486.936	7961.31
487.146	8284.89
487.355	8985.29
487.564	8807.12
487.773	8393.43
487.982	8360.66
488.191	8999.63
488.4	9405.13
488.609	8344.28
488.818	8549.07
489.027	9650.88
489.236	9525.96
489.445	8860.37
489.654	8694.48
489.863	9740.99
490.072	9282.25
490.281	9650.88
490.49	9423.56
490.698	9972.41
490.907	10257.08
491.116	9349.83
491.325	9386.69
491.534	10306.23
491.743	9865.92
491.952	9558.72
492.16	9749.18
492.369	10431.16
492.578	10590.9
492.787	9964.22
492.996	9542.34
493.204	10205.88
493.413	10568.37
493.622	9890.49
493.831	9585.35
494.039	11049.64
494.248	10300.09
494.457	10128.06
494.665	10123.96
494.874	11219.63
495.083	11596.45
495.291	10480.31
495.5	10384.05
495.709	11231.91
495.917	11100.84
496.126	10943.15
496.335	10472.12
496.543	11246.25
496.752	11328.17
496.96	11211.43
497.169	10810.03
497.377	11295.4
497.586	11707.04
497.794	11094.7
498.003	10736.31
498.211	11586.21
498.42	12057.25
498.628	11369.13
498.837	11188.91
499.045	11668.13
499.254	11819.68
499.462	11467.43
499.671	11395.75
499.879	12712.6
500.087	12151.45
500.296	11459.24
500.504	11551.4
500.713	12221.08
500.921	12427.93
501.129	11502.25
501.338	11639.46
501.546	12542.61
501.754	12335.77
501.962	12079.77
502.171	12081.82
502.379	12774.03
502.587	12667.54
502.795	11991.71
503.004	12053.15
503.212	13175.44
503.42	13329.03
503.628	12317.34
503.837	12483.22
504.045	13118.09
504.253	13730.44
504.461	12493.46
504.669	12296.86
504.877	13589.13
505.085	13410.95
505.294	12673.68
505.502	13130.38
505.71	13863.55
505.918	13331.08
506.126	12515.99
506.334	12769.94
506.542	13709.96
506.75	13335.18
506.958	13456.01
507.166	13195.92
507.374	13357.71
507.582	13988.48
507.79	13304.46
507.998	13011.6
508.206	14262.91
508.414	13949.57
508.622	13081.23
508.83	13335.18
509.037	14025.34
509.245	13787.78
509.453	13544.07
509.661	13496.97
509.869	14420.6
510.077	13916.8
510.285	13978.24
510.492	13345.42
510.7	15041.14
510.908	14295.68
511.116	13881.99
511.324	13574.79
511.531	14248.57
511.739	14539.38
511.947	14160.51
512.155	14301.82
512.362	14467.7
512.57	14226.04
512.778	13859.46
512.985	14062.21
513.193	14479.99
513.401	15327.85
513.608	14172.8
513.816	13939.33
514.024	15137.39
514.231	14916.21
514.439	14508.66
514.646	14258.81
514.854	15391.34
515.061	15110.77
515.269	14598.77
515.477	14430.84
515.684	14758.52
515.892	15164.01
516.099	14416.51
516.307	14613.11
516.514	15706.73
516.722	15503.98
516.929	14846.58
517.136	14475.9
517.344	15698.53
517.551	15557.22
517.759	14707.32
517.966	15194.73
518.173	15436.39
518.381	15676.01
518.588	15055.47
518.796	15002.22
519.003	15878.76
519.21	15612.52
519.418	15149.68
519.625	15639.14
519.832	16073.31
520.039	16095.84
520.247	15141.49
520.454	15565.42
520.661	16476.76
520.868	16214.62
521.076	15678.05
521.283	15661.67
521.49	16689.75
521.697	16435.8
521.904	15827.56
522.112	15805.03
522.319	16634.46
522.526	16376.41
522.733	16015.97
522.94	15927.91
523.147	16558.68
523.354	16699.99
523.561	15886.95
523.768	16333.4
523.975	17017.43
524.183	16783.96
524.39	16763.48
524.597	16052.83
524.804	16566.87
525.011	16728.66
525.218	16341.6
525.425	16519.77
525.632	17392.2
525.838	17099.34
526.045	16603.74
526.252	16693.85
526.459	18776.63
526.666	19153.46
526.873	16581.21
527.08	16720.47
527.287	17687.11
527.494	17349.2
527.701	16738.9
527.907	16636.5
528.114	17787.46
528.321	17427.02
528.528	16798.29
528.735	17029.71
528.941	17349.2
529.148	17185.36
529.355	17246.8
529.562	16880.21
529.768	18590.27
529.975	17543.75
530.182	17410.64
530.388	17279.57
530.595	18209.34
530.802	17513.03
531.008	18119.23
531.215	17574.47
531.422	19030.58
531.628	19020.34
531.835	17623.62
532.042	17801.8
532.248	18381.37
532.455	18635.32
532.661	17853
532.868	17799.75
533.074	18637.37
533.281	18846.26
533.487	18186.82
533.694	18008.64
533.9	18741.82
534.107	18786.87
534.313	18545.21
534.52	18080.32
534.726	18782.77
534.933	19771.94
535.139	18653.75
535.345	18295.36
535.552	19687.98
535.758	19454.51
535.965	18709.05
536.171	18625.08
536.377	19468.84
536.584	19860.01
536.79	18817.59
536.996	19472.94
537.203	19819.05
537.409	19798.57
537.615	19128.88
537.821	19302.96
538.028	20267.55
538.234	19862.05
538.44	19081.78
538.646	19208.75
538.853	19540.52
539.059	19497.52
539.265	19814.95
539.471	19397.17
539.677	20124.19
539.883	20111.91
540.09	21127.7
540.296	20103.71
540.502	20206.11
540.708	20023.84
540.914	20175.39
541.12	19681.83
541.326	20943.38
541.532	20535.84
541.738	20331.04
541.944	20134.43
542.15	20707.87
542.356	20642.33
542.562	20146.72
542.768	20075.04
542.974	21074.45
543.18	21109.27
543.386	19927.59
543.592	20171.3
543.798	21647.88
544.004	21381.65
544.21	20560.41
544.415	20544.03
544.621	21477.9
544.827	21981.7
545.033	20584.99
545.239	21129.75
545.445	21395.98
545.651	21320.21
545.856	20761.11
546.062	20668.95
546.268	21262.86
546.474	21475.85
546.679	20718.11
546.885	20812.31
547.091	21525
547.297	21887.5
547.502	21305.87
547.708	20546.08
547.914	21389.84
548.119	22127.11
548.325	20613.66
548.531	20484.64
548.736	22489.6
548.942	21537.29
549.147	20922.9
549.353	21576.2
549.559	22518.27
549.764	22303.23
549.97	21017.11
550.175	21215.76
550.381	22264.32
550.586	21678.6
550.792	21602.83
550.997	21617.16
551.203	22505.98
551.408	22755.83
551.614	21541.39
551.819	21512.72
552.025	22901.24
552.23	22483.45
552.435	22106.63
552.641	22415.87
552.846	22567.42
553.052	23077.37
553.257	22583.8
553.462	21926.41
553.668	22379.01
553.873	22893.05
554.078	22133.25
554.283	22305.28
554.489	23007.73
554.694	22659.58
554.899	22039.05
555.105	22616.57
555.31	23259.63
555.515	23415.28
555.72	22899.19
555.925	23615.98
556.131	23527.92
556.336	23454.19
556.541	22794.75
556.746	22391.3
556.951	23333.36
557.156	23421.42
557.361	22839.8
557.567	23593.45
557.772	23704.04
557.977	23597.55
558.182	22833.66
558.387	23083.51
558.592	23507.44
558.797	24373.73
559.002	23247.35
559.207	23267.83
559.412	23894.5
559.617	24054.25
559.822	23493.1
560.027	23335.41
560.232	23493.1
560.437	23804.39
560.642	23171.57
560.847	23577.07
561.051	23865.83
561.256	24017.38
561.461	23849.45
561.666	23484.91
561.871	24386.02
562.076	24431.07
562.281	23749.1
562.485	23206.39
562.69	24224.23
562.895	24001
563.1	23917.03
563.305	23640.56
563.509	24654.3
563.714	24756.7
563.919	23501.29
564.123	23730.67
564.328	24230.37
564.533	24705.5
564.737	23773.67
564.942	23648.75
565.147	24547.81
565.351	24730.08
565.556	23740.91
565.761	24097.25
565.965	24523.23
566.17	24416.74
566.374	24330.72
566.579	23947.75
566.784	24832.47
566.988	24889.82
567.193	24162.79
567.397	24469.98
567.602	25031.13
567.806	24934.87
568.011	24482.27
568.215	24680.92
568.42	25055.7
568.624	25123.29
568.828	24435.17
569.033	24564.19
569.237	25608.65
569.442	25455.06
569.646	24170.98
569.85	24482.27
570.055	24977.88
570.259	25221.59
570.463	25135.57
570.668	24580.57
570.872	25205.2
571.076	25344.47
571.281	25096.66
571.485	24973.78
571.689	25395.67
571.893	25633.23
572.098	25197.01
572.302	24793.56
572.506	25393.62
572.71	25608.65
572.914	25168.34
573.119	25074.13
573.323	26132.93
573.527	26261.96
573.731	25299.41
573.935	25362.9
574.139	26237.38
574.343	26032.58
574.547	25278.93
574.751	25455.06
574.955	26237.38
575.159	26323.4
575.364	25592.27
575.568	25434.58
575.772	26196.42
575.976	26565.06
576.18	25500.11
576.383	25588.17
576.587	26567.1
576.791	26374.59
576.995	25352.66
577.199	25680.33
577.403	26112.45
577.607	26474.95
577.811	25795.02
578.015	25936.33
578.219	26581.44
578.422	26632.64
578.626	26223.05
578.83	26657.21
579.034	26919.35
579.238	26628.54
579.442	26200.52
579.645	26663.36
579.849	26683.84
580.053	27093.43
580.257	26313.16
580.46	26491.33
580.664	27007.42
580.868	27169.21
581.071	26716.61
581.275	26249.67
581.479	26700.22
581.682	27187.64
581.886	26610.11
582.09	26778.04
582.293	27617.71
582.497	27787.69
582.7	26874.3
582.904	26761.66
583.107	27664.82
583.311	27687.34
583.515	27177.4
583.718	26902.97
583.922	28156.33
584.125	28371.36
584.329	26888.64
584.532	26980.79
584.735	28029.35
584.939	27890.09
585.142	27093.43
585.346	27140.54
585.549	27939.24
585.753	28107.18
585.956	27251.13
586.159	27394.48
586.363	28301.73
586.566	28160.42
586.769	27249.08
586.973	27238.84
587.176	28111.27
587.379	28467.62
587.582	27636.14
587.786	27822.51
587.989	28232.1
588.192	29249.94
588.395	27982.25
588.599	28346.79
588.802	28653.98
589.005	28770.72
589.208	28105.13
589.411	27914.67
589.615	28674.46
589.818	29538.71
590.021	28866.97
590.224	28391.84
590.427	29446.55
590.63	28768.67
590.833	27869.61
591.036	28174.76
591.239	28713.38
591.442	28946.84
591.645	28709.28
591.848	28682.66
592.051	29106.59
592.254	29047.19
592.457	28449.19
592.66	28737.95
592.863	29016.47
593.066	29452.69
593.269	28887.45
593.472	28995.99
593.675	29350.29
593.878	29321.62
594.081	29131.16
594.284	28717.47
594.486	29516.18
594.689	29448.6
594.892	28895.64
595.095	28899.74
595.298	30091.66
595.5	29608.34
595.703	29641.11
595.906	28985.76
596.109	30062.99
596.311	30204.3
596.514	28989.85
596.717	29673.87
596.92	30302.6
597.122	30284.17
597.325	29012.38
597.528	29417.88
597.73	30755.2
597.933	30355.85
598.136	29538.71
598.338	29075.87
598.541	30466.44
598.743	30763.39
598.946	29686.16
599.148	29641.11
599.351	30714.24
599.554	30499.2
599.756	29870.48
599.959	29995.4
600.161	30765.44
600.363	31185.27
600.566	30288.26
600.768	29847.95
600.971	30771.58
601.173	30691.71
601.376	30499.2
601.578	30290.31
601.78	30738.82
601.983	31555.96
602.185	29790.61
602.388	30687.62
602.59	30974.33
602.792	30949.76
602.995	30548.36
603.197	30314.89
603.399	31207.8
603.601	31195.51
603.804	30032.27
604.006	30976.38
604.208	30757.25
604.41	30847.36
604.613	30624.13
604.815	30730.62
605.017	31623.54
605.219	31179.13
605.421	31467.89
605.623	31230.33
605.826	31641.97
606.028	31261.05
606.23	30151.05
606.432	30292.36
606.634	31703.41
606.836	31134.07
607.038	30228.87
607.24	30736.77
607.442	31570.29
607.644	31674.74
607.846	31158.65
608.048	30734.72
608.25	31775.09
608.452	31152.51
608.654	30804.35
608.856	30310.79
609.058	31447.41
609.26	31502.71
609.462	30849.41
609.664	30792.06
609.866	31224.18
610.067	31924.59
610.269	31127.93
610.471	30751.1
610.673	31404.41
610.875	31779.18
611.077	30747.01
611.278	31254.9
611.48	31760.75
611.682	32190.83
611.884	31355.25
612.085	31025.53
612.287	31412.6
612.489	31998.32
612.69	30716.29
612.892	31230.33
613.094	32233.83
613.295	31568.24
613.497	30630.27
613.699	31289.72
613.9	32076.14
614.102	32088.43
614.304	31242.62
614.505	30814.59
614.707	32049.52
614.908	31910.25
615.11	30628.23
615.311	31361.4
615.513	31656.31
615.714	31738.23
615.916	31242.62
616.117	31723.89
616.319	31865.2
616.52	31959.41
616.722	30960
616.923	31326.58
617.124	31869.3
617.326	31467.89
617.527	31639.92
617.729	31857.01
617.93	32121.2
618.131	32207.21
618.333	31316.34
618.534	31707.51
618.735	32364.9
618.937	31979.89
619.138	31545.72
619.339	30970.24
619.54	32196.97
619.742	31977.84
619.943	31627.63
620.144	31705.46
620.345	32575.84
620.546	32586.08
620.748	31947.12
620.949	31893.87
621.15	32678.24
621.351	32207.21
621.552	31668.59
621.753	31519.09
621.954	32135.53
622.155	32809.31
622.356	31932.78
622.558	31947.12
622.759	32946.53
622.96	32770.4
623.161	31760.75
623.362	31975.79
623.563	32586.08
623.764	32362.86
623.965	31576.44
624.166	32223.59
624.366	31766.9
624.567	32493.93
624.768	31238.52
624.969	31809.9
625.17	31420.79
625.371	32334.18
625.572	31713.65
625.773	31363.45
625.973	32561.51
626.174	32579.94
626.375	32008.56
626.576	31971.69
626.777	32219.5
626.977	32743.78
627.178	32172.39
627.379	32166.25
627.58	32346.47
627.78	32567.65
627.981	31865.2
628.182	32268.65
628.382	32788.83
628.583	32412.01
628.784	31867.25
628.984	31904.11
629.185	32995.68
629.386	32713.06
629.586	32917.86
629.787	32475.49
629.987	32731.49
630.188	32956.77
630.388	32663.91
630.589	32258.41
630.79	33212.76
630.99	32772.45
631.191	32440.68
631.391	32725.35
631.591	32678.24
631.792	32461.16
631.992	32319.85
632.193	32315.75
632.393	32864.61
632.594	32872.8
632.794	32223.59
632.994	32541.03
633.195	32698.72
633.395	32797.02
633.595	32199.02
633.796	32485.73
633.996	33218.91
634.196	33169.76
634.397	32289.13
634.597	32559.46
634.797	32659.81
634.997	33249.63
635.198	32766.31
635.398	32700.77
635.598	33460.57
635.798	33380.7
635.998	32747.87
636.199	32622.95
636.399	32811.36
636.599	32893.28
636.799	32442.73
636.999	33083.74
637.199	33290.59
637.399	33798.48
637.599	32985.44
637.799	32958.81
637.999	33392.98
638.199	33573.21
638.399	33392.98
638.599	32541.03
638.799	33780.05
638.999	33782.1
639.199	33173.85
639.399	32928.09
639.599	33724.75
639.799	33251.67
639.999	32807.26
640.199	32790.88
640.399	33403.22
640.599	33132.89
640.799	33655.12
640.998	33337.69
641.198	33628.5
641.398	33669.46
641.598	33325.4
641.798	33159.52
641.997	35064.13
642.197	33812.82
642.397	33628.5
642.597	33483.09
642.796	34015.57
642.996	33734.99
643.196	34052.43
643.395	33440.09
643.595	34122.06
643.795	34036.05
643.994	33585.49
644.194	33513.81
644.394	34582.85
644.593	34476.36
644.793	33575.25
644.992	33769.81
645.192	34689.35
645.392	34343.24
645.591	34728.26
645.791	34197.84
645.99	34470.22
646.19	34101.58
646.389	33753.43
646.589	34097.49
646.788	34357.58
646.987	34087.25
647.187	34406.73
647.386	33857.87
647.586	34378.06
647.785	34576.71
647.984	33704.28
648.184	33958.22
648.383	34136.4
648.582	33818.96
648.782	33583.44
648.981	33714.51
649.18	33927.5
649.38	34328.91
649.579	34353.48
649.778	34167.12
649.977	35029.31
650.177	34748.74
650.376	33900.88
650.575	33706.32
650.774	34869.57
650.973	34195.79
651.173	33712.47
651.372	34101.58
651.571	34871.62
651.77	35066.17
651.969	34101.58
652.168	34738.5
652.367	34433.35
652.566	34832.71
652.765	34251.08
652.964	35006.78
653.163	35014.98
653.362	34869.57
653.561	34068.81
653.76	34584.9
653.959	34672.96
654.158	34728.26
654.357	33993.04
654.556	33708.37
654.755	34799.94
654.954	34818.37
655.153	33841.49
655.352	34795.84
655.551	35033.41
655.749	34416.97
655.948	34556.23
656.147	34636.1
656.346	35078.46
656.545	34978.11
656.743	34310.47
656.942	34459.98
657.141	34918.72
657.34	34685.25
657.538	34431.3
657.737	34226.51
657.936	35287.35
658.135	34675.01
658.333	34427.21
658.532	34859.33
658.731	34984.26
658.929	35072.32
659.128	34775.36
659.326	34337.1
659.525	35350.84
659.724	35322.17
659.922	34371.91
660.121	34537.8
660.319	34957.63
660.518	34701.64
660.716	34648.39
660.915	34423.11
661.113	35752.24
661.312	34730.31
661.51	35082.56
661.709	34627.91
661.907	35588.41
662.105	35516.73
662.304	34670.92
662.502	35344.7
662.701	35473.72
662.899	34797.89
663.097	35336.51
663.296	34560.33
663.494	35678.52
663.692	35846.45
663.891	34636.1
664.089	34810.18
664.287	35563.83
664.485	35789.11
664.684	35148.09
664.882	35313.98
665.08	35627.32
665.278	35569.97
665.476	35027.26
665.675	35262.78
665.873	35455.29
666.071	35672.37
666.269	35162.43
666.467	34890.05
666.665	35633.46
666.863	35123.52
667.061	35017.02
667.259	34632
667.457	35569.97
667.655	35440.95
667.853	34881.86
668.051	35017.02
668.249	34965.82
668.447	35225.92
668.645	34580.81
668.843	35494.2
669.041	35483.96
669.239	35158.33
669.437	35012.93
669.635	35076.41
669.833	35709.24
670.031	35125.57
670.229	34894.14
670.426	34869.57
670.624	35088.7
670.822	35107.13
671.02	34652.48
671.218	34935.1
671.415	35363.13
671.613	35250.49
671.811	34890.05
672.009	34879.81
672.206	35674.42
672.404	34746.69
672.602	34834.75
672.799	34771.27
672.997	35299.64
673.195	35160.38
673.392	34652.48
673.59	34324.81
673.788	35133.76
673.985	34359.63
674.183	35053.89
674.38	34765.12
674.578	35197.24
674.775	34896.19
674.973	34378.06
675.17	34333
675.368	35119.42
675.565	35465.53
675.763	34289.99
675.96	34685.25
676.158	34457.93
676.355	34937.15
676.553	34742.6
676.75	34605.38
676.947	34898.24
677.145	34715.97
677.342	34836.8
677.539	34943.3
677.737	35213.63
677.934	35219.77
678.131	35080.51
678.329	34599.24
678.526	35408.19
678.723	35230.01
678.92	35039.55
679.118	35117.37
679.315	34695.49
679.512	35137.85
679.709	34992.45
679.906	34730.31
680.104	35293.5
680.301	35230.01
680.498	34105.68
680.695	34386.25
680.892	34900.29
681.089	34603.33
681.286	34709.83
681.483	34249.03
681.68	34808.13
681.877	34777.41
682.075	33904.98
682.272	34335.05
682.469	34861.38
682.665	34574.66
682.862	33804.63
683.059	33923.41
683.256	34462.02
683.453	34384.2
683.65	34099.53
683.847	34072.91
684.044	34566.47
684.241	34367.82
684.438	34580.81
684.635	33464.66
684.831	34949.44
685.028	34543.94
685.225	33962.32
685.422	34408.78
685.619	34613.57
685.815	34197.84
686.012	33939.79
686.209	34150.73
686.405	34175.31
686.602	34132.3
686.799	33524.05
686.996	33397.08
687.192	33970.51
687.389	34527.56
687.586	33591.64
687.782	34058.57
687.979	34894.14
688.175	34613.57
688.372	34013.52
688.568	33595.73
688.765	33843.54
688.962	34175.31
689.158	33954.13
689.355	33220.95
689.551	33839.44
689.748	34257.23
689.944	33800.53
690.14	33489.24
690.337	33704.28
690.533	34191.69
690.73	33354.07
690.926	33659.22
691.123	33741.14
691.319	34214.22
691.515	33460.57
691.712	33655.12
691.908	33999.18
692.104	34326.86
692.301	33966.42
692.497	33188.19
692.693	34253.13
692.889	34208.08
693.086	33530.2
693.282	33096.03
693.478	33640.79
693.674	33997.13
693.87	32999.77
694.067	32975.2
694.263	33669.46
694.459	33610.07
694.655	33704.28
694.851	33788.24
695.047	34009.42
695.243	33804.63
695.439	33493.33
695.635	33120.6
695.831	33648.98
696.027	33462.61
696.224	33231.19
696.42	33622.36
696.615	33802.58
696.811	33808.72
697.007	32717.15
697.203	32600.42
697.399	33233.24
697.595	33845.58
697.791	33190.23
697.987	33229.15
698.183	33411.42
698.379	32772.45
698.575	32819.55
698.77	32500.07
698.966	32915.81
699.162	33429.85
699.358	32924
699.554	33515.86
699.749	33849.68
699.945	33407.32
700.141	33026.4
700.337	33118.56
700.532	32921.95
700.728	33067.36
700.924	32751.97
701.119	32604.52
701.315	32864.61
701.511	32850.27
701.706	32698.72
701.902	32325.99
702.097	33198.43
702.293	32874.85
702.489	32196.97
702.684	32573.8
702.88	33042.78
703.075	32840.03
703.271	32016.75
703.466	32248.17
703.662	32663.91
703.857	33141.08
704.053	32563.56
704.248	32991.58
704.443	33390.94
704.639	32979.29
704.834	32452.97
705.03	32475.49
705.225	32516.45
705.42	32655.72
705.616	32559.46
705.811	32328.04
706.006	32616.8
706.202	32393.58
706.397	32289.13
706.592	32078.19
706.787	33091.93
706.983	32055.66
707.178	32776.55
707.373	32174.44
707.568	32780.64
707.763	32135.53
707.959	32002.41
708.154	31836.53
708.349	32225.64
708.544	32323.94
708.739	32237.93
708.934	32006.51
709.129	32477.54
709.324	32104.81
709.519	31920.49
709.714	31500.66
709.909	32500.07
710.104	32334.18
710.299	31654.26
710.494	31977.84
710.689	32172.39
710.884	32266.6
711.079	31879.53
711.274	32070
711.469	32569.7
711.664	32502.12
711.859	32037.23
712.054	32129.39
712.249	32252.27
712.443	32639.33
712.638	32131.44
712.833	31480.18
713.028	32414.05
713.223	32016.75
713.417	31668.59
713.612	31564.15
713.807	32317.8
714.002	32739.68
714.196	32254.31
714.391	31420.79
714.586	32317.8
714.78	32354.66
714.975	31277.43
715.17	31322.49
715.364	32186.73
715.559	32325.99
715.754	30960
715.948	31166.84
716.143	32252.27
716.337	31943.02
716.532	32053.61
716.726	31576.44
716.921	32221.55
717.115	32352.62
717.31	30880.13
717.504	32397.67
717.699	32104.81
717.893	31762.8
718.088	31363.45
718.282	31287.67
718.476	31789.42
718.671	31879.53
718.865	31246.71
719.059	31103.35
719.254	31641.97
719.448	31965.55
719.642	33900.88
719.837	30243.21
720.031	33229.15
720.225	31646.07
720.419	30947.71
720.614	30970.24
720.808	31443.32
721.002	31050.11
721.196	30679.43
721.39	30790.02
721.585	31148.41
721.779	31760.75
721.973	30568.83
722.167	30194.06
722.361	30931.33
722.555	31558
722.749	30292.36
722.943	30691.71
723.137	30673.28
723.331	30712.19
723.525	30579.07
723.719	30718.34
723.913	31250.81
724.107	31132.03
724.301	30048.65
724.495	30634.37
724.689	31531.38
724.883	31275.38
725.077	30218.63
725.271	30421.38
725.465	30671.23
725.659	30570.88
725.853	30622.08
726.046	30169.48
726.24	30912.89
726.434	30726.53
726.628	30540.16
726.822	30204.3
727.015	31451.51
727.209	31609.2
727.403	30966.14
727.596	30130.57
727.79	31140.22
727.984	31240.57
728.177	31054.2
728.371	30878.08
728.565	31162.75
728.758	30939.52
728.952	30669.19
729.146	30749.06
729.339	31543.67
729.533	31132.03
729.726	30482.82
729.92	30081.42
730.113	31345.02
730.307	31213.95
730.5	30609.79
730.694	30720.38
730.887	30620.03
731.081	31287.67
731.274	30325.13
731.468	30622.08
731.661	31138.17
731.854	30876.03
732.048	30368.13
732.241	30359.94
732.435	30597.51
732.628	30738.82
732.821	30171.53
733.014	30081.42
733.208	30775.68
733.401	30859.65
733.594	30243.21
733.788	30183.82
733.981	30830.97
734.174	30914.94
734.367	30544.26
734.56	30667.14
734.754	30833.02
734.947	30769.54
735.14	30286.22
735.333	30091.66
735.526	31211.9
735.719	30267.78
735.912	29886.86
736.105	30251.4
736.298	30738.82
736.491	30767.49
736.684	29850
736.877	30273.93
737.07	30937.47
737.263	31453.56
737.456	29946.25
737.649	29630.87
737.842	30527.88
738.035	30869.89
738.228	29725.07
738.421	30529.92
738.614	30765.44
738.807	31037.82
739	29825.42
739.192	29866.38
739.385	30388.61
739.578	30374.28
739.771	29942.16
739.964	29747.6
740.156	30273.93
740.349	30357.89
740.542	30241.16
740.735	29585.81
740.927	30136.71
741.12	30194.06
741.313	30001.55
741.505	30116.23
741.698	30611.84
741.891	30349.7
742.083	29743.5
742.276	29536.66
742.468	30556.55
742.661	30095.75
742.854	29395.35
743.046	29356.44
743.239	30232.97
743.431	30345.61
743.624	29239.7
743.816	29256.09
744.009	29895.05
744.201	29614.48
744.393	29452.69
744.586	29421.97
744.778	29993.36
744.971	30034.32
745.163	29356.44
745.355	29577.62
745.548	29614.48
745.74	29940.11
745.932	29084.06
746.125	29161.88
746.317	30036.36
746.509	29680.02
746.702	29055.39
746.894	29057.43
747.086	29936.01
747.278	29995.4
747.471	29542.8
747.663	29389.2
747.855	29933.96
748.047	30345.61
748.239	29626.77
748.431	29407.64
748.623	30620.03
748.815	29983.12
749.008	29436.31
749.2	29514.13
749.392	29624.72
749.584	29962.64
749.776	29753.74
749.968	29612.43
750.16	29792.65
750.352	29600.15
750.544	29149.59
750.736	29077.91
750.928	29708.69
751.12	29720.98
751.311	28901.79
751.503	29331.86
751.695	29600.15
751.887	29641.11
752.079	29184.41
752.271	28639.65
752.463	30206.34
752.654	29383.06
752.846	28768.67
753.038	28938.65
753.23	29102.49
753.421	29186.46
753.613	28770.72
753.805	29573.52
753.997	29241.75
754.188	29770.13
754.38	28977.56
754.572	28905.88
754.763	29198.74
754.955	29243.8
755.146	29272.47
755.338	28889.5
755.53	29309.33
755.721	29344.15
755.913	28113.32
756.104	28389.8
756.296	29194.65
756.487	29444.5
756.679	28619.17
756.87	28412.32
757.062	28549.54
757.253	28783.01
757.445	28522.91
757.636	28719.52
757.827	29014.43
758.019	29800.85
758.21	28502.43
758.401	28553.63
758.593	29295
758.784	29122.97
758.975	28234.15
759.167	28055.98
759.358	28991.9
759.549	29034.91
759.74	28096.94
759.932	28305.83
760.123	28592.55
760.314	28539.3
760.505	27873.71
760.696	27728.3
760.888	28799.39
761.079	27953.58
761.27	27779.5
761.461	27744.69
761.652	28692.9
761.843	28168.62
762.034	28119.46
762.225	28385.7
762.416	28377.51
762.607	28086.7
762.798	27333.04
762.989	27490.74
763.18	29335.96
763.371	28160.42
763.562	27509.17
763.753	27341.24
763.944	28019.11
764.135	27693.49
764.326	27302.32
764.517	27376.05
764.708	27861.42
764.899	27613.62
765.089	26819
765.28	27038.14
765.471	27615.66
765.662	28139.94
765.853	27242.93
766.043	27023.8
766.234	27808.17
766.425	27666.86
766.615	27197.88
766.806	26872.25
766.997	27793.84
767.187	27406.77
767.378	26749.37
767.569	26833.34
767.759	27308.47
767.95	27273.65
768.141	26872.25
768.331	27003.32
768.522	27548.08
768.712	27410.87
768.903	26735.04
769.093	26706.37
769.284	26931.64
769.474	27130.3
769.665	26429.89
769.855	26026.44
770.046	27081.14
770.236	26974.65
770.426	26462.66
770.617	25948.62
770.807	26376.64
770.998	26528.19
771.188	25770.44
771.378	25602.51
771.569	26587.58
771.759	26530.24
771.949	25450.96
772.139	25874.89
772.33	26026.44
772.52	26630.59
772.71	25915.85
772.9	25444.82
773.09	26462.66
773.281	26972.6
773.471	25960.91
773.661	25934.28
773.851	26397.12
774.041	26796.48
774.231	25403.86
774.421	26298.82
774.611	26515.9
774.802	26282.44
774.992	25756.11
775.182	24955.35
775.372	26274.24
775.562	26096.07
775.752	25620.94
775.942	25323.99
776.131	26106.31
776.321	25713.1
776.511	25070.04
776.701	25127.38
776.891	26200.52
777.081	25354.71
777.271	25106.9
777.461	25487.82
777.651	25780.68
777.84	25719.24
778.03	25270.74
778.22	25280.98
778.41	25676.24
778.599	25389.52
778.789	25113.05
778.979	25047.51
779.169	25485.78
779.358	25506.26
779.548	25592.27
779.738	24437.22
779.927	25377.23
780.117	25188.82
780.307	24846.81
780.496	24674.78
780.686	25551.31
780.875	25758.16
781.065	25006.55
781.254	24648.16
781.444	25280.98
781.633	25240.02
781.823	24443.36
782.012	24836.57
782.202	24883.67
782.391	25004.5
782.581	24142.31
782.77	24922.59
782.96	25217.49
783.149	24891.87
783.338	24193.51
783.528	23890.41
783.717	25111
783.906	24994.26
784.096	24187.36
784.285	24244.71
784.474	24242.66
784.663	24541.66
784.853	24019.43
785.042	24064.49
785.231	24777.18
785.42	24523.23
785.61	24084.97
785.799	23808.49
785.988	24936.92
786.177	24185.32
786.366	23745
786.555	24328.67
786.744	24674.78
786.933	24322.53
787.122	23525.87
787.312	23693.8
787.501	24451.55
787.69	24318.43
787.879	23730.67
788.068	23577.07
788.257	23712.24
788.445	23794.15
788.634	23626.22
788.823	23067.13
789.012	24541.66
789.201	24306.15
789.39	23624.17
789.579	22825.47
789.768	23933.42
789.957	23837.16
790.145	23400.94
790.334	22690.3
790.523	23472.62
790.712	23491.05
790.9	23450.1
791.089	22864.38
791.278	24195.56
791.467	24037.86
791.655	23867.88
791.844	24302.05
792.033	23566.83
792.221	23517.68
792.41	22983.16
792.599	22602.24
792.787	23419.38
792.976	23550.45
793.164	22622.72
793.353	22880.76
793.541	23587.31
793.73	23695.85
793.918	22635
794.107	22970.87
794.295	23183.86
794.484	23185.91
794.672	22546.94
794.861	22669.82
795.049	23697.9
795.238	23560.69
795.426	22540.8
795.614	22592
795.803	23499.25
795.991	23439.86
796.179	22344.19
796.368	22524.41
796.556	23372.27
796.744	22841.85
796.932	22440.45
797.121	22395.39
797.309	23073.27
797.497	23067.13
797.685	22290.95
797.874	22039.05
798.062	22845.94
798.25	23034.36
798.438	22110.72
798.626	22393.34
798.814	23060.98
799.002	23370.22
799.19	22618.62
799.378	22499.84
799.566	23081.46
799.755	22923.77
799.943	22372.86
800.131	22264.32
800.318	22919.67
800.506	22737.4
800.694	22045.19
800.882	22329.86
801.07	23407.09
801.258	23028.21
801.446	22415.87
801.634	22516.22
801.822	22872.57
802.01	23282.16
802.197	22448.64
802.385	22557.18
802.573	23349.75
802.761	22688.25
802.949	22880.76
803.136	22114.82
803.324	23286.26
803.512	23007.73
803.699	22338.05
803.887	22104.58
804.075	23173.62
804.262	22831.61
804.45	22430.21
804.638	22514.17
804.825	22712.83
805.013	22665.72
805.201	22274.56
805.388	21985.8
805.576	23110.13
805.763	23085.56
805.951	22233.6
806.138	22479.36
806.326	23519.73
806.513	23144.95
806.701	22346.24
806.888	22917.62
807.075	23218.68
807.263	23329.27
807.45	22567.42
807.638	22678.01
807.825	23591.41
808.012	23030.26
808.2	22757.88
808.387	23114.23
808.574	23165.43
808.761	23144.95
808.949	22249.99
809.136	22422.02
809.323	23024.12
809.51	23263.73
809.698	22782.46
809.885	22768.12
810.072	23579.12
810.259	23517.68
810.446	22819.32
810.633	22987.25
810.82	23513.58
811.008	23587.31
811.195	22907.38
811.382	22751.74
811.569	23480.82
811.756	22946.3
811.943	22856.18
812.13	22737.4
812.317	23532.01
812.504	23222.77
812.691	23007.73
812.878	22981.11
813.064	23980.52
813.251	23505.39
813.438	22718.97
813.625	23048.69
813.812	23126.52
813.999	23249.39
814.186	23073.27
814.372	22950.39
814.559	23198.2
814.746	23394.8
814.933	22497.79
815.12	22901.24
815.306	23300.59
815.493	23081.46
815.68	22903.29
815.866	22530.56
816.053	23357.94
816.24	23355.89
816.426	22948.34
816.613	22813.18
816.799	23591.41
816.986	23826.92
817.173	22721.02
817.359	22749.69
817.546	23230.96
817.732	22856.18
817.919	22397.44
818.105	22901.24
818.292	23394.8
818.478	23736.81
818.665	22862.33
818.851	23042.55
819.037	24099.3
819.224	23632.36
819.41	22641.15
819.597	22723.07
819.783	23777.77
819.969	23513.58
820.156	22847.99
820.342	22700.54
820.528	24826.33
820.714	22872.57
820.901	22997.49
821.087	22278.66
821.273	23237.11
821.459	23241.2
821.646	22045.19
821.832	22499.84
822.018	23009.78
822.204	22569.47
822.39	22098.44
822.576	22008.33
822.762	22811.13
822.948	22743.55
823.134	22370.82
823.32	21660.17
823.507	22176.26
823.693	22704.63
823.879	22704.63
824.065	22295.04
824.25	22657.53
824.436	22505.98
824.622	21869.06
824.808	22094.34
824.994	22274.56
825.18	22284.8
825.366	21596.68
825.552	21787.14
825.738	22800.89
825.923	23042.55
826.109	22229.51
826.295	21955.08
826.481	22530.56
826.667	22671.87
826.852	22561.28
827.038	21813.77
827.224	22974.97
827.409	22692.35
827.595	21352.98
827.781	21678.6
827.966	22952.44
828.152	22772.22
828.338	21459.47
828.523	21176.85
828.709	21963.27
828.894	22356.48
829.08	21197.33
829.266	21283.34
829.451	21789.19
829.637	22338.05
829.822	21498.38
830.008	21154.32
830.193	21930.5
830.378	22186.5
830.564	21137.94
830.749	20859.42
830.935	21645.84
831.12	21232.15
831.305	21039.64
831.491	20947.48
831.676	20982.29
831.861	21492.24
832.047	21066.26
832.232	20642.33
832.417	21809.67
832.602	21791.24
832.788	20824.6
832.973	20906.52
833.158	21369.36
833.343	21355.02
833.528	21070.36
833.714	20963.86
833.899	21107.22
834.084	21946.89
834.269	21031.44
834.454	20810.26
834.639	21568.01
834.824	21334.54
835.009	20783.64
835.194	21103.12
835.379	21322.26
835.564	21856.78
835.749	21041.68
835.934	20419.1
836.119	21217.81
836.304	20873.75
836.489	20351.52
836.674	20976.15
836.859	20886.04
837.044	21563.92
837.228	20580.89
837.413	20122.15
837.598	21195.28
837.783	21314.06
837.968	20423.2
838.152	20535.84
838.337	20685.34
838.522	21525
838.707	21275.15
838.891	20765.21
839.076	21031.44
839.261	20689.43
839.445	20679.19
839.63	20541.98
839.815	21223.95
839.999	20896.28
840.184	19968.55
840.368	19984.93
840.553	21013.01
840.737	20742.68
840.922	19505.71
841.106	19913.25
841.291	20240.93
841.475	20671
841.66	20073
841.844	19882.53
842.029	21150.23
842.213	20285.98
842.397	19716.65
842.582	19151.41
842.766	20312.61
842.951	20218.4
843.135	19741.22
843.319	19636.78
843.504	20165.15
843.688	20656.67
843.872	19677.74
844.056	19522.09
844.241	20007.46
844.425	19745.32
844.609	19583.53
844.793	19169.84
844.977	20128.29
845.161	19321.39
845.346	18905.65
845.53	19030.58
845.714	19948.07
845.898	20202.02
846.082	19173.94
846.266	19243.57
846.45	19892.77
846.634	19946.02
846.818	18860.6
847.002	19450.41
847.186	20085.28
847.37	19561
847.554	19085.87
847.738	19628.59
847.922	19894.82
848.106	19970.6
848.29	19008.05
848.473	19272.24
848.657	19558.95
848.841	19350.06
849.025	19079.73
849.209	18674.23
849.392	19665.45
849.576	19604.01
849.76	18477.63
849.944	18559.55
850.127	19493.42
850.311	18913.84
850.495	18526.78
850.678	18508.35
850.862	19345.97
851.046	19483.18
851.229	19198.51
851.413	18209.34
851.596	19380.78
851.78	19079.73
851.964	18709.05
852.147	18242.11
852.331	19182.13
852.514	19147.31
852.698	18399.8
852.881	17814.09
853.065	18741.82
853.248	18481.72
853.431	18133.57
853.615	18356.8
853.798	19663.4
853.982	18825.78
854.165	18387.52
854.348	17986.11
854.532	18528.83
854.715	18455.1
854.898	17924.68
855.081	17783.37
855.265	19229.23
855.448	19139.12
855.631	17623.62
855.814	17574.47
855.997	18577.98
856.181	18547.26
856.364	18152
856.547	18000.45
856.73	18733.62
856.913	18061.89
857.096	17476.17
857.279	17685.06
857.462	18211.39
857.645	18270.78
857.828	17533.51
858.011	17855.04
858.194	18080.32
858.377	17879.62
858.56	17535.56
858.743	17775.17
858.926	17875.52
859.109	18078.27
859.292	17476.17
859.475	17252.94
859.658	18104.9
859.841	18086.47
860.023	16800.34
860.206	17181.26
860.389	17979.97
860.572	18016.83
860.755	17341
860.937	17283.66
861.12	17476.17
861.303	17668.68
861.486	17312.33
861.668	17066.58
861.851	17375.82
862.034	17588.81
862.216	17101.39
862.399	16487
862.581	17324.62
862.764	17314.38
862.947	16609.88
863.129	16638.55
863.312	16570.97
863.494	17459.79
863.677	17234.51
863.859	16341.6
864.042	17181.26
864.224	17322.57
864.406	16734.81
864.589	16114.27
864.771	16661.08
864.954	16683.61
865.136	16550.49
865.318	16065.12
865.501	17359.44
865.683	16417.37
865.865	16489.05
866.048	16370.27
866.23	17214.03
866.412	16745.05
866.594	16040.54
866.777	16257.63
866.959	16595.54
867.141	16689.75
867.323	16538.2
867.505	16390.75
867.687	16595.54
867.869	16863.83
868.052	16456.28
868.234	16106.08
868.416	16573.02
868.598	16763.48
868.78	15897.19
868.962	15901.28
869.144	16880.21
869.326	16525.91
869.508	16001.63
869.69	15952.48
869.872	16431.71
870.054	17105.49
870.236	15819.36
870.417	16052.83
870.599	16679.51
870.781	17056.34
870.963	16101.98
871.145	15950.43
871.327	16413.27
871.508	16747.09
871.69	16050.78
871.872	16132.7
872.054	16706.13
872.235	16601.69
872.417	16022.11
872.599	15819.36
872.78	17359.44
872.962	16317.02
873.144	15477.35
873.325	15835.75
873.507	16667.22
873.689	16525.91
873.87	15768.16
874.052	16165.47
874.233	15878.76
874.415	16796.25
874.596	15919.71
874.778	15882.85
874.959	16501.34
875.141	16589.4
875.322	15972.96
875.503	15917.67
875.685	16400.99
875.866	15882.85
876.048	15784.55
876.229	15792.74
876.41	16323.16
876.592	16466.52
876.773	16085.6
876.954	15604.33
877.136	16581.21
877.317	16548.44
877.498	15604.33
877.679	16198.24
877.86	16558.68
878.042	16284.25
878.223	15901.28
878.404	16720.47
878.585	16493.15
878.766	18448.96
878.947	16384.6
879.128	15958.63
879.309	16441.95
879.49	16507.48
879.672	16077.41
879.853	15868.52
880.034	16304.73
880.215	16638.55
880.396	15958.63
880.576	15891.04
880.757	16646.74
880.938	17054.29
881.119	16018.02
881.3	16007.78
881.481	16468.57
881.662	17455.69
881.843	16056.93
882.023	15995.49
882.204	17130.06
882.385	16945.75
882.566	16400.99
882.747	16497.24
882.927	16976.47
883.108	17291.85
883.289	15944.29
883.469	16675.41
883.65	17062.48
883.831	17058.39
884.011	16568.92
884.192	16597.59
884.373	17191.5
884.553	17066.58
884.734	16681.56
884.914	17111.63
885.095	18061.89
885.275	17429.07
885.456	16802.39
885.636	16104.03
885.817	17211.98
885.997	17271.37
886.178	16425.56
886.358	16554.58
886.538	17058.39
886.719	18620.99
886.899	16327.26
887.08	16530.01
887.26	17158.74
887.44	16831.06
887.621	16783.96
887.801	16763.48
887.981	17740.36
888.161	17494.6
888.342	16816.72
888.522	16749.14
888.702	17515.08
888.882	17783.37
889.062	17179.22
889.242	16620.12
889.423	17963.59
889.603	17693.26
889.783	17414.73
889.963	16941.65
890.143	17775.17
890.323	17838.66
890.503	17023.57
890.683	17203.79
890.863	17414.73
891.043	17361.48
891.223	17050.19
891.403	17361.48
891.583	17605.19
891.763	17640.01
891.943	17211.98
892.122	16736.85
892.302	17480.27
892.482	17478.22
892.662	17130.06
892.842	17355.34
893.022	17224.27
893.201	17504.84
893.381	17097.3
893.561	16855.64
893.741	17504.84
893.92	16808.53
894.1	16667.22
894.28	16917.08
894.459	17701.45
894.639	17293.9
894.819	16769.62
894.998	16730.71
895.178	17404.49
895.357	17144.4
895.537	16460.38
895.716	16577.11
895.896	17072.72
896.075	17760.84
896.255	16706.13
896.434	16501.34
896.614	17658.44
896.793	17193.55
896.973	17117.78
897.152	16345.69
897.331	16998.99
897.511	17261.13
897.69	16046.69
897.87	16443.99
898.049	16812.63
898.228	16833.11
898.407	16534.11
898.587	16589.4
898.766	16736.85
898.945	16843.35
899.124	16536.15
899.304	16181.85
899.483	16812.63
899.662	17304.14
899.841	15833.7
900.02	15800.93
900.199	16517.72
900.378	16355.93
900.557	15581.8
900.737	15608.42
900.916	16101.98
901.095	16097.89
901.274	15860.32
901.453	15530.6
901.632	15616.62
901.811	15622.76
901.989	15350.38
902.168	15288.94
902.347	16325.21
902.526	15600.23
902.705	15270.51
902.884	15151.73
903.063	16368.22
903.242	16214.62
903.42	14981.74
903.599	15393.39
903.778	15657.57
903.957	15874.66
904.135	15131.25
904.314	14785.14
904.493	15444.59
904.672	15030.9
904.85	14856.82
905.029	14867.06
905.207	15155.82
905.386	15690.34
905.565	14355.07
905.743	14383.74
905.922	14752.37
906.1	14744.18
906.279	13683.33
906.457	13781.64
906.636	14486.14
906.814	14584.44
906.993	13746.82
907.171	13662.85
907.35	14305.92
907.528	14617.21
907.707	14174.85
907.885	13288.07
908.063	14244.48
908.242	14137.98
908.42	13486.73
908.598	13255.31
908.777	14424.7
908.955	13974.14
909.133	13732.48
909.311	13159.05
909.49	13744.77
909.668	13812.35
909.846	13374.09
910.024	13202.06
910.202	13986.43
910.38	14457.46
910.559	13517.45
910.737	13591.17
910.915	14115.45
911.093	14047.87
911.271	13707.91
911.449	13716.1
911.627	14324.35
911.805	15006.32
911.983	13679.24
912.161	13585.03
912.339	14248.57
912.517	14604.92
912.695	14195.32
912.872	13720.2
913.05	14416.51
913.228	14404.22
913.406	13955.71
913.584	13910.66
913.762	14740.08
913.939	14201.47
914.117	13785.73
914.295	13787.78
914.473	14033.54
914.65	14967.41
914.828	13798.02
915.006	13517.45
915.184	14303.87
915.361	14510.71
915.539	13984.38
915.716	14142.08
915.894	14295.68
916.072	14645.88
916.249	14293.63
916.427	14209.66
916.604	14359.16
916.782	14566.01
916.959	13705.86
917.137	13712
917.314	13998.72
917.492	14086.78
917.669	13912.71
917.847	13800.07
918.024	13892.23
918.201	13795.97
918.379	13421.19
918.556	13593.22
918.733	13951.62
918.911	13888.13
919.088	13939.33
919.265	13458.06
919.442	14070.4
919.62	14187.13
919.797	13550.21
919.974	13695.62
920.151	14217.85
920.328	13847.17
920.506	13376.14
920.683	13812.35
920.86	13722.24
921.037	13712
921.214	13079.18
921.391	12905.1
921.568	13636.23
921.745	13568.65
921.922	13058.7
922.099	12915.34
922.276	13568.65
922.453	13435.53
922.63	13109.9
922.807	13423.24
922.984	13363.85
923.161	13216.4
923.338	13275.79
923.514	12771.99
923.691	13617.8
923.868	13931.14
924.045	13054.61
924.222	12855.95
924.399	13394.57
924.575	13470.34
924.752	13064.85
924.929	13060.75
925.105	12964.5
925.282	12995.22
925.459	12794.51
925.635	12991.12
925.812	13394.57
925.989	12788.37
926.165	12704.4
926.342	12098.2
926.518	12573.33
926.695	12653.2
926.871	12440.22
927.048	12073.63
927.224	12960.4
927.401	12255.9
927.577	12251.8
927.754	11803.3
927.93	12917.39
928.107	12657.3
928.283	12020.38
928.459	12184.22
928.636	12380.82
928.812	12724.88
928.988	11854.5
929.165	11483.81
929.341	11995.81
929.517	12149.4
929.693	12233.37
929.87	11213.48
930.046	12028.57
930.222	11623.08
930.398	11262.63
930.574	11426.47
930.751	11731.62
930.927	11492.01
931.103	11432.61
931.279	11006.64
931.455	11500.2
931.631	11522.73
931.807	10633.91
931.983	10638
932.159	10791.6
932.335	11168.43
932.511	10824.37
932.687	10498.74
932.863	10795.7
933.039	11057.84
933.215	10351.29
933.391	10113.72
933.566	10601.14
933.742	10558.13
933.918	9886.4
934.094	9839.3
934.27	10328.76
934.445	10228.41
934.621	10046.14
934.797	9706.18
934.973	10463.93
935.148	9798.34
935.324	9366.21
935.5	9202.38
935.675	10025.66
935.851	9845.44
936.027	9550.53
936.202	9403.08
936.378	9777.86
936.553	9255.62
936.729	9706.18
936.904	8671.95
937.08	8735.44
937.255	8669.91
937.431	8327.89
937.606	8209.11
937.782	8358.61
937.957	8622.8
938.133	7877.34
938.308	7561.95
938.483	8119
938.659	7715.55
938.834	7482.08
939.009	7185.13
939.185	7738.08
939.36	7183.08
939.535	6583.02
939.71	7232.23
939.886	7617.25
940.061	7256.81
940.236	7422.69
940.411	6830.83
940.586	7273.19
940.761	6861.55
940.937	6716.14
941.112	6374.13
941.287	6705.9
941.462	6486.77
941.637	6114.04
941.812	6349.56
941.987	6497.01
942.162	6570.74
942.337	6429.43
942.512	5982.97
942.687	6904.56
942.862	6501.11
943.037	5724.93
943.212	5708.54
943.386	6320.88
943.561	6429.43
943.736	6353.65
943.911	6603.5
944.086	6552.31
944.26	6314.74
944.435	5972.73
944.61	6183.67
944.785	6466.29
944.959	6976.23
945.134	5761.79
945.309	5802.75
945.483	6130.42
945.658	6576.88
945.833	5536.51
946.007	5657.34
946.182	6687.47
946.357	6081.27
946.531	5880.57
946.706	5772.03
946.88	6044.41
947.055	6480.63
947.229	6103.8
947.404	5872.38
947.578	6306.55
947.752	6474.48
947.927	5780.22
948.101	5874.43
948.276	7056.11
948.45	6503.15
948.624	6542.07
948.799	5942.01
948.973	6609.65
949.147	6392.56
949.321	6085.37
949.496	6138.62
949.67	7031.53
949.844	6593.26
950.018	6159.1
950.193	6200.05
950.367	7074.54
950.541	6605.55
950.715	6540.02
950.889	6740.72
951.063	6648.56
951.237	6980.33
951.411	6396.66
951.585	6118.14
951.759	6812.4
951.933	6884.08
952.107	6558.45
952.281	6800.11
952.455	7064.3
952.629	7015.15
952.803	6480.63
952.977	6322.93
953.151	7197.42
953.325	6828.78
953.499	6832.88
953.672	6249.21
953.846	6773.49
954.02	6912.75
954.194	6343.41
954.368	6716.14
954.541	7232.23
954.715	6859.5
954.889	6818.54
955.062	6374.13
955.236	6879.98
955.41	7099.11
955.583	7127.78
955.757	6437.62
955.93	7207.66
956.104	6849.26
956.278	6603.5
956.451	6789.87
956.625	7240.42
956.798	7633.63
956.972	7095.02
957.145	6535.92
957.319	7682.78
957.492	7029.48
957.665	7031.53
957.839	6666.99
958.012	7412.45
958.185	7101.16
958.359	6918.89
958.532	7074.54
958.705	7312.1
958.879	7054.06
959.052	6812.4
959.225	6497.01
959.398	7256.81
959.572	7197.42
959.745	6664.94
959.918	6765.29
960.091	7285.48
960.264	7668.45
960.438	6654.7
960.611	6800.11
960.784	7531.23
960.957	6896.36
961.13	7404.26
961.303	6693.62
961.476	7197.42
961.649	7529.19
961.822	6707.95
961.995	6908.65
962.168	7099.11
962.341	7422.69
962.514	6740.72
962.686	6535.92
962.859	7187.18
963.032	7428.84
963.205	6912.75
963.378	6617.84
963.551	7250.66
963.723	7004.91
963.896	6847.21
964.069	6988.52
964.242	7308.01
964.414	7598.82
964.587	6898.41
964.76	7084.78
964.932	7340.77
965.105	7207.66
965.278	6707.95
965.45	6451.95
965.623	7240.42
965.795	7342.82
965.968	6974.19
966.14	6705.9
966.313	7265
966.485	7119.59
966.658	6533.87
966.83	6591.22
967.003	7201.51
967.175	7189.22
967.348	6779.63
967.52	6560.5
967.692	7463.65
967.865	7367.4
968.037	6617.84
968.209	7092.97
968.382	7068.39
968.554	7193.32
968.726	6478.58
968.898	6390.52
969.071	7277.29
969.243	6929.13
969.415	6712.05
969.587	6601.46
969.759	7260.9
969.932	6955.76
970.104	6599.41
970.276	6109.94
970.448	6773.49
970.62	6740.72
970.792	6648.56
970.964	6734.57
971.136	7213.8
971.308	6863.6
971.48	6347.51
971.652	6361.84
971.824	7144.17
971.996	6634.22
972.168	6458.1
972.339	6511.35
972.511	6793.97
972.683	6781.68
972.855	6652.66
973.027	6179.58
973.199	7084.78
973.37	7035.63
973.542	6216.44
973.714	6263.54
973.886	6175.48
974.057	6771.44
974.229	6290.17
974.401	6216.44
974.572	6472.43
974.744	6353.65
974.915	6068.98
975.087	6150.9
975.259	6755.05
975.43	6314.74
975.602	5985.02
975.773	5831.42
975.945	6277.88
976.116	6445.81
976.288	6066.94
976.459	6314.74
976.63	6294.26
976.802	6441.72
976.973	5866.24
977.145	6159.1
977.316	6963.95
977.487	6591.22
977.659	6085.37
977.83	5974.78
978.001	6775.53
978.172	6681.33
978.344	5872.38
978.515	5978.87
978.686	6308.6
978.857	6787.82
979.028	5847.8
979.2	5892.86
979.371	6652.66
979.542	6126.33
979.713	6011.64
979.884	5522.18
980.055	6163.19
980.226	6075.13
980.397	5628.67
980.568	5577.47
980.739	6193.91
980.91	5888.76
981.081	5894.91
981.252	5739.26
981.423	6167.29
981.594	5999.35
981.765	5561.09
981.936	5651.2
982.106	5901.05
982.277	6085.37
982.448	5464.83
982.619	5638.91
982.79	5722.88
982.96	5800.7
983.131	5640.96
983.302	5096.2
983.472	5876.48
983.643	5757.69
983.814	5696.25
983.984	5350.15
984.155	5782.27
984.326	5583.62
984.496	5315.33
984.667	5157.64
984.837	5374.72
985.008	5987.07
985.178	5511.94
985.349	5137.16
985.519	5624.58
985.69	5409.54
985.86	5176.07
986.031	4977.42
986.201	5526.27
986.371	5511.94
986.542	5051.14
986.712	5004.04
986.882	5534.46
987.053	5296.9
987.223	4963.08
987.393	5212.93
987.563	5528.32
987.734	5708.54
987.904	5747.45
988.074	4922.12
988.244	5188.36
988.414	5374.72
988.585	5038.86
988.755	5202.69
988.925	5393.16
989.095	5763.84
989.265	4770.57
989.435	5139.21
989.605	5425.92
989.775	5499.65
989.945	5417.73
990.115	4604.69
990.285	5303.04
990.455	5327.62
990.625	5143.3
990.795	4641.55
990.965	5542.66
991.134	4936.46
991.304	4522.77
991.474	4549.39
991.644	5034.76
991.814	5382.92
991.984	4174.61
992.153	4524.82
992.323	4659.98
992.493	5020.42
992.662	4244.24
992.832	4582.16
993.002	4686.61
993.171	4922.12
993.341	4098.84
993.511	4338.45
993.68	4573.97
993.85	4729.61
994.019	4152.09
994.189	4195.09
994.358	4758.28
994.528	4668.17
994.697	3857.18
994.867	4018.97
995.036	4846.35
995.206	4358.93
995.375	4037.4
995.544	4356.88
995.714	4877.07
995.883	4557.58
996.052	4315.92
996.222	3881.75
996.391	4899.59
996.56	4647.69
996.73	3846.94
996.899	3767.07
997.068	4879.11
997.237	4498.19
997.406	3816.22
997.576	3830.55
997.745	4848.4
997.914	4414.23
998.083	3658.53
998.252	3910.43
998.421	4576.02
998.59	4143.89
998.759	3613.47
998.928	3537.7
999.097	4432.66
999.266	4414.23
999.435	3885.85
999.604	3320.61
999.773	4475.67
999.942	4080.41
1000.111	3382.05
1000.28	3414.82
1000.448	3980.06
1000.617	3885.85
1000.786	3889.95
1000.955	3220.26
1001.124	4301.59
1001.292	4672.27
1001.461	3633.95
1001.63	3400.48
1001.798	4197.14
1001.967	4025.11
1002.136	3197.73
1002.304	3267.36
1002.473	4109.08
1002.642	3957.53
1002.81	3470.11
1002.979	3414.82
1003.147	4086.55
1003.316	4178.71
1003.484	3394.34
1003.653	3230.5
1003.821	3828.51
1003.99	3750.68
1004.158	3416.87
1004.327	3375.91
1004.495	3838.75
1004.663	3689.25
1004.832	3439.39
1005	3070.76
1005.168	3799.84
1005.337	3558.18
1005.505	2851.63
1005.673	3466.02
1005.842	3803.93
1006.01	3656.48
1006.178	2775.85
1006.346	3062.57
1006.514	3566.37
1006.683	4041.5
1006.851	2956.07
1007.019	3349.28
1007.187	3459.87
1007.355	3033.9
1007.523	2632.49
1007.691	2665.26
1007.859	3158.82
1008.027	3812.12
1008.195	2865.96
1008.363	2657.07
1008.531	3267.36
1008.699	3472.16
1008.867	2693.93
1009.035	2868.01
1009.203	3730.2
1009.37	3300.13
1009.538	2837.29
1009.706	3572.51
1009.874	3289.89
1010.042	3238.69
1010.209	2429.74
1010.377	2624.3
1010.545	3308.32
1010.713	3173.16
1010.88	2464.56
1011.048	2577.2
1011.216	3193.64
1011.383	3484.45
1011.551	2675.5
1011.718	2390.83
1011.886	3138.34
1012.054	3328.8
1012.221	2366.26
1012.389	2485.04
1012.556	3130.15
1012.724	3207.97
1012.891	2636.59
1013.058	2104.12
1013.226	3087.14
1013.393	3066.66
1013.561	2216.76
1013.728	2054.97
1013.895	3250.98
1014.063	3087.14
1014.23	1977.14
1014.397	2243.38
1014.565	3023.66
1014.732	2788.14
1014.899	2161.46
1015.066	2237.24
1015.233	3097.38
1015.401	2956.07
1015.568	2118.45
1015.735	2374.45
1015.902	2880.3
1016.069	3037.99
1016.236	2253.62
1016.403	2079.54
1016.57	2507.57
1016.737	3218.21
1016.904	2259.76
1017.071	1934.14
1017.238	2515.76
1017.405	2655.02
1017.572	2124.6
1017.739	2468.66
1017.906	3117.86
1018.073	2853.67
1018.24	1936.18
1018.407	2218.8
1018.573	2712.36
1018.74	2759.47
1018.907	2022.2
1019.074	1624.89
1019.241	2781.99
1019.407	2534.19
1019.574	1768.25
1019.741	1907.51
1019.907	2771.76
1020.074	2992.94
1020.241	1600.32
1020.407	1772.35
1020.574	2302.77
1020.74	2421.55
1020.907	1882.94
1021.073	1727.29
1021.24	3052.33
1021.406	2368.31
1021.573	1647.42
1021.739	1796.92
1021.906	2685.74
1022.072	2198.32
1022.239	1844.03
1022.405	1758.01
1022.571	2442.03
1022.738	2255.67
1022.904	1696.57
1023.07	1850.17
1023.237	2360.11
1023.403	2566.96
1023.569	1696.57
1023.735	1801.02
1023.902	2390.83
1024.068	2329.39
1024.234	1381.18
1024.4	1631.04
1024.566	2022.2
1024.732	2134.84
1024.898	1655.61
1025.065	1409.86
1025.231	2087.73
1025.397	2022.2
1025.563	1622.84
1025.729	1399.62
1025.895	1641.28
1026.061	1942.33
1026.227	1235.78
1026.392	1395.52
1026.558	2196.28
1026.724	2167.6
1026.89	1407.81
1027.056	1565.5
1027.222	1893.18
1027.388	1981.24
1027.553	1301.31
1027.719	1407.81
1027.885	2362.16
1028.051	1932.09
1028.216	1055.56
1028.382	1413.95
1028.548	1971
1028.713	2024.25
1028.879	1174.34
1029.045	1616.7
1029.21	2136.88
1029.376	2007.86
1029.541	1348.42
1029.707	1262.4
1029.873	2028.34
1030.038	2059.06
1030.204	1268.55
1030.369	1155.91
1030.534	2014.01
1030.7	1665.85
1030.865	1364.8
1031.031	1235.78
1031.196	1862.46
1031.361	1764.15
1031.527	1145.67
1031.692	1125.19
1031.857	1579.84
1032.023	1954.62
1032.188	1035.08
1032.353	1110.85
1032.518	1993.53
1032.684	1768.25
1032.849	924.49
1033.014	1235.78
1033.179	1831.74
1033.344	1753.91
1033.509	1358.66
1033.674	1172.29
1033.839	1833.79
1034.004	1874.74
1034.17	1155.91
1034.335	899.91
1034.5	1542.97
1034.664	1489.73
1034.829	1106.76
1034.994	1313.6
1035.159	1424.19
1035.324	1735.48
1035.489	1086.28
1035.654	1057.61
1035.819	2362.16
1035.984	1680.19
1036.148	1321.79
1036.313	1123.14
1036.478	1923.9
1036.643	1649.47
1036.807	912.2
1036.972	899.91
1037.137	2097.97
1037.301	1499.97
1037.466	791.37
1037.631	1174.34
1037.795	1735.48
1037.96	1506.11
1038.124	1227.59
1038.289	817.99
1038.454	1454.91
1038.618	1706.81
1038.783	1082.18
1038.947	996.17
1039.111	1334.08
1039.276	1405.76
1039.44	914.25
1039.605	1684.28
1039.769	1485.63
1039.933	1497.92
1040.098	877.38
1040.262	1182.53
1040.426	1512.25
1040.591	1555.26
1040.755	889.67
1040.919	848.71
1041.083	1784.63
1041.248	1305.41
1041.412	682.83
1041.576	699.21
1041.74	1329.99
1041.904	1428.29
1042.068	885.58
1042.232	918.34
1042.397	1784.63
1042.561	1422.14
1042.725	529.23
1042.889	865.1
1043.053	1416
1043.217	1284.93
1043.381	801.61
1043.544	578.38
1043.708	1491.77
1043.872	1125.19
1044.036	369.49
1044.2	559.95
1044.364	1499.97
1044.528	1497.92
1044.691	6613.74
1044.855	609.1
1045.019	1391.42
1045.183	1465.15
1045.346	844.62
1045.51	475.98
1045.674	1448.77
1045.837	1360.7
1046.001	602.96
1046.165	678.73
1046.328	1815.35
1046.492	1176.39
1046.655	879.43
1046.819	715.59
1046.983	1141.57
1047.146	1067.85
1047.31	740.17
1047.473	420.69
1047.636	1274.69
1047.8	1028.93
1047.963	736.07
1048.127	596.81
1048.29	961.35
