345.52	-1217.86
345.736	-1217.86
345.952	-1217.86
346.168	-1371.46
346.384	-1305.92
346.6	-292.18
346.816	-304.46
347.032	-193.87
347.248	518.82
347.464	-347.47
347.68	-292.18
347.896	19.11
348.112	381.6
348.328	-66.9
348.544	-3.41
348.76	299.69
348.975	281.25
349.191	-314.7
349.407	-443.73
349.623	297.64
349.839	182.95
350.055	-177.49
350.27	-23.89
350.486	217.77
350.702	221.86
350.918	410.28
351.133	-83.28
351.349	289.45
351.565	574.11
351.781	-423.25
351.996	98.99
352.212	168.62
352.428	172.71
352.644	-259.41
352.859	-230.74
353.075	328.36
353.291	113.32
353.506	-195.92
353.722	-320.85
353.938	12.97
354.153	408.23
354.369	242.34
354.584	-277.84
354.8	289.45
355.016	-48.47
355.231	-406.86
355.447	-138.58
355.662	402.08
355.878	754.34
356.093	-542.03
356.309	19.11
356.524	12.97
356.74	576.16
356.955	-406.86
357.171	-130.39
357.386	365.22
357.602	-3.41
357.817	-109.91
358.033	-167.25
358.248	453.28
358.464	371.37
358.679	-236.88
358.895	-441.68
359.11	84.65
359.325	105.13
359.541	477.86
359.756	27.31
359.972	-150.87
360.187	481.96
360.402	-269.65
360.618	-222.55
360.833	1577.62
361.048	144.04
361.264	-165.2
361.479	-21.84
361.694	146.09
361.909	295.59
362.125	-253.27
362.34	-146.77
362.555	391.84
362.77	291.49
362.986	-431.44
363.201	-173.39
363.416	264.87
363.631	123.56
363.847	-314.7
364.062	-232.79
364.277	152.23
364.492	10.92
364.707	-191.83
364.922	-378.19
365.138	242.34
365.353	481.96
365.568	-423.25
365.783	-150.87
365.998	430.76
366.213	631.46
366.428	-318.8
366.643	180.9
366.858	332.45
367.073	371.37
367.288	-130.39
367.503	-202.07
367.718	64.17
367.933	557.73
368.148	-326.99
368.363	-15.7
368.578	369.32
368.793	531.11
369.008	-101.72
369.223	-271.7
369.438	348.84
369.653	279.21
369.868	-367.95
370.083	-333.14
370.298	303.78
370.513	541.35
370.728	148.14
370.943	-193.87
371.157	68.27
371.372	715.42
371.587	-363.86
371.802	-345.42
372.017	338.6
372.232	496.29
372.446	41.64
372.661	-136.53
372.876	203.43
373.091	352.93
373.306	-46.42
373.52	-413.01
373.735	158.38
373.95	631.46
374.165	-220.5
374.379	-120.15
374.594	8.87
374.809	467.62
375.023	223.91
375.238	-251.22
375.453	389.8
375.667	43.69
375.882	-218.45
376.097	-240.98
376.311	74.41
376.526	338.6
376.741	-290.13
376.955	217.77
377.17	516.77
377.384	1149.59
377.599	135.85
377.813	-300.37
378.028	924.32
378.242	369.32
378.457	21.16
378.672	-257.36
378.886	49.83
379.101	217.77
379.315	-365.9
379.53	-48.47
379.744	492.2
379.958	404.13
380.173	-134.48
380.387	-195.92
380.602	361.13
380.816	82.6
381.031	-50.52
381.245	-132.44
381.459	309.93
381.674	1129.11
381.888	-312.66
382.103	418.47
382.317	195.24
382.531	529.06
382.746	17.07
382.96	-200.02
383.174	242.34
383.388	819.87
383.603	322.21
383.817	-306.51
384.031	244.39
384.246	549.54
384.46	62.12
384.674	889.5
384.888	152.23
385.103	426.66
385.317	-312.66
385.531	150.18
385.745	899.74
385.959	484
386.174	-212.31
386.388	-181.59
386.602	299.69
386.816	178.86
387.03	0.68
387.244	-36.18
387.458	387.75
387.672	506.53
387.887	-288.08
388.101	-167.25
388.315	463.52
388.529	316.07
388.743	-58.71
388.957	-152.91
389.171	598.69
389.385	223.91
389.599	-177.49
389.813	156.33
390.027	268.97
390.241	967.32
390.455	62.12
390.669	101.03
390.883	293.54
391.097	752.29
391.311	279.21
391.525	-7.51
391.738	715.42
391.952	664.22
392.166	172.71
392.38	-179.54
392.594	588.45
392.808	504.48
393.022	129.7
393.236	33.45
393.449	443.04
393.663	752.29
393.877	-132.44
394.091	68.27
394.305	318.12
394.518	191.14
394.732	-154.96
394.946	53.93
395.16	1045.15
395.373	367.27
395.587	-128.34
395.801	0.68
396.015	631.46
396.228	469.67
396.442	-167.25
396.656	-275.79
396.869	533.15
397.083	967.32
397.297	123.56
397.51	23.21
397.724	488.1
397.938	397.99
398.151	-144.72
398.365	-138.58
398.578	602.79
398.792	664.22
399.005	467.62
399.219	-17.75
399.433	385.7
399.646	596.64
399.86	375.46
400.073	383.65
400.287	610.98
400.5	451.24
400.714	307.88
400.927	244.39
401.141	746.14
401.354	2001.55
401.567	811.68
401.781	-169.3
401.994	545.44
402.208	977.56
402.421	195.24
402.635	131.75
402.848	303.78
403.061	690.85
403.275	176.81
403.488	-60.76
403.701	842.4
403.915	860.83
404.128	357.03
404.341	107.18
404.555	961.18
404.768	418.47
404.981	418.47
405.195	119.46
405.408	785.05
405.621	742.05
405.834	473.76
406.048	19.11
406.261	764.57
406.474	754.34
406.687	150.18
406.9	330.41
407.114	688.8
407.327	834.21
407.54	-56.66
407.753	-54.61
407.966	389.8
408.179	615.07
408.392	131.75
408.605	-48.47
408.819	660.13
409.032	742.05
409.245	115.37
409.458	447.14
409.671	582.31
409.884	887.45
410.097	6.83
410.31	496.29
410.523	979.61
410.736	467.62
410.949	309.93
411.162	82.6
411.375	832.16
411.588	674.46
411.801	395.94
412.014	146.09
412.227	512.67
412.44	639.65
412.653	277.16
412.865	598.69
413.078	942.75
413.291	871.07
413.504	441
413.717	103.08
413.93	924.32
414.143	408.23
414.356	320.17
414.568	60.07
414.781	936.6
414.994	848.54
415.207	416.42
415.42	506.53
415.632	772.77
415.845	1282.71
416.058	29.35
416.271	94.89
416.483	809.63
416.696	1133.21
416.909	240.3
417.121	277.16
417.334	684.7
417.547	885.41
417.759	260.77
417.972	242.34
418.185	670.37
418.397	901.79
418.61	262.82
418.823	342.69
419.035	1100.44
419.248	785.05
419.46	375.46
419.673	475.81
419.885	742.05
420.098	952.99
420.311	289.45
420.523	94.89
420.736	1006.24
420.948	832.16
421.161	311.97
421.373	209.58
421.586	549.54
421.798	674.46
422.01	199.34
422.223	641.7
422.435	676.51
422.648	1127.07
422.86	445.09
423.073	461.48
423.285	795.29
423.497	625.31
423.71	406.18
423.922	397.99
424.134	1262.23
424.347	1245.85
424.559	858.78
424.771	1002.14
424.984	989.85
425.196	967.32
425.408	299.69
425.621	385.7
425.833	1184.41
426.045	1329.81
426.257	408.23
426.47	623.27
426.682	791.2
426.894	932.51
427.106	438.95
427.318	559.78
427.531	936.6
427.743	987.8
427.955	606.88
428.167	1473.17
428.379	922.27
428.591	807.58
428.804	705.18
429.016	549.54
429.228	1198.74
429.44	1180.31
429.652	13996.5
429.864	338.6
430.076	1112.73
430.288	1145.5
430.5	715.42
430.712	905.88
430.924	1258.14
431.136	1233.56
431.348	502.43
431.56	641.7
431.772	936.6
431.984	856.73
432.196	531.11
432.408	662.18
432.62	1022.62
432.832	1286.81
433.044	1077.91
433.256	869.02
433.468	1217.18
433.679	926.36
433.891	522.91
434.103	1049.24
434.315	1720.98
434.527	1165.98
434.739	998.04
434.95	721.57
435.162	1208.98
435.374	885.41
435.586	996
435.798	846.49
436.009	930.46
436.221	1051.29
436.433	926.36
436.645	762.53
436.856	1165.98
437.068	1573.52
437.28	836.25
437.491	1176.22
437.703	1419.93
437.915	1299.09
438.126	844.45
438.338	1424.02
438.55	1188.5
438.761	1321.62
438.973	981.66
439.184	860.83
439.396	1321.62
439.608	1417.88
439.819	869.02
440.031	1049.24
440.242	1573.52
440.454	1544.85
440.665	950.94
440.877	1184.41
441.088	1684.11
441.3	1450.64
441.511	778.91
441.723	852.64
441.934	1796.75
442.146	1557.14
442.357	1256.09
442.569	1540.76
442.78	1645.2
442.991	2206.35
443.203	1536.66
443.414	1049.24
443.626	1886.86
443.837	1497.75
444.048	1082.01
444.26	918.17
444.471	1583.76
444.682	1677.97
444.894	973.47
445.105	977.56
445.316	1970.83
445.528	1671.83
445.739	1247.9
445.95	1221.27
446.161	1544.85
446.373	1757.84
446.584	1192.6
446.795	1090.2
447.006	1872.53
447.217	1995.4
447.429	1075.87
447.64	963.23
447.851	2595.46
448.062	1923.73
448.273	930.46
448.484	1180.31
448.695	1731.22
448.907	1897.1
449.118	1254.04
449.329	1731.22
449.54	1663.63
449.751	1704.59
449.962	1313.43
450.173	1200.79
450.384	1839.76
450.595	2271.88
450.806	1284.76
451.017	1419.93
451.228	2116.23
451.439	1927.82
451.65	1426.07
451.861	969.37
452.072	1905.29
452.283	1708.69
452.494	1706.64
452.705	1485.46
452.915	2505.35
453.126	1964.68
453.337	1608.34
453.548	1452.69
453.759	2497.16
453.97	2439.81
454.181	2024.08
454.391	1565.33
454.602	2007.69
454.813	2478.72
455.024	1706.64
455.235	1524.37
455.445	2220.68
455.656	2122.38
455.867	1833.61
456.078	1565.33
456.288	1839.76
456.499	2310.79
456.71	1540.76
456.921	1981.07
457.131	2386.57
457.342	2167.43
457.553	1761.94
457.763	1778.32
457.974	2243.21
458.184	2349.7
458.395	1694.35
458.606	1587.86
458.816	2556.55
459.027	2665.09
459.237	2099.85
459.448	1694.35
459.659	2536.07
459.869	3334.78
460.08	1675.92
460.29	2118.28
460.501	2859.65
460.711	2476.68
460.922	1782.42
461.132	1919.63
461.343	3271.29
461.553	2419.33
461.764	1966.73
461.974	2079.37
462.184	2751.1
462.395	2880.13
462.605	2251.4
462.816	1878.67
463.026	2749.06
463.236	2859.65
463.447	2028.17
463.657	2222.73
463.867	2937.47
464.078	2712.19
464.288	2298.5
464.498	2493.06
464.709	2935.42
464.919	2982.53
465.129	2437.77
465.339	2353.8
465.55	3029.63
465.76	3125.88
465.97	2540.16
466.18	2497.16
466.391	3269.24
466.601	3031.68
466.811	2650.75
467.021	2368.13
467.231	3435.13
467.441	3340.92
467.651	2804.35
467.862	2351.75
468.072	3222.14
468.282	3213.95
468.492	2577.03
468.702	3056.25
468.912	3541.62
469.122	4014.7
469.332	3213.95
469.542	2794.11
469.752	4065.9
469.962	3498.61
470.172	2937.47
470.382	3019.39
470.592	4006.51
470.802	3764.85
471.012	3533.43
471.222	3242.62
471.432	3725.94
471.642	3940.97
471.852	3611.25
472.062	3179.13
472.272	3912.3
472.482	3840.62
472.691	3474.04
472.901	3205.75
473.111	3793.52
473.321	4760.16
473.531	3576.44
473.741	3877.49
473.95	4516.45
474.16	4428.39
474.37	4070
474.58	3752.56
474.79	5038.69
474.999	4369
475.209	3949.17
475.419	4164.2
475.628	4547.17
475.838	4981.34
476.048	4252.27
476.258	3861.1
476.467	5159.52
476.677	4756.07
476.886	4797.03
477.096	4516.45
477.306	4860.51
477.515	5141.08
477.725	4797.03
477.935	4766.31
478.144	5648.98
478.354	5028.45
478.563	4928.1
478.773	4661.86
478.982	5466.71
479.192	5603.93
479.401	5087.84
479.611	5145.18
479.82	5290.59
480.03	5624.4
480.239	5026.4
480.449	5036.64
480.658	5982.8
480.868	5696.08
481.077	5507.67
481.287	5358.17
481.496	5974.61
481.705	6294.09
481.915	5925.46
482.124	5857.87
482.333	6011.47
482.543	6484.55
482.752	5964.37
482.961	5726.8
483.171	6507.08
483.38	6275.66
483.589	5960.27
483.799	5927.5
484.008	6521.42
484.217	6615.62
484.426	6175.31
484.636	6099.53
484.845	6791.75
485.054	6363.72
485.263	6996.54
485.472	6361.67
485.682	7248.44
485.891	6992.45
486.1	6449.74
486.309	6599.24
486.518	7428.67
486.727	8124.97
486.936	6634.05
487.146	6896.19
487.355	7680.57
487.564	7430.71
487.773	7103.04
487.982	6967.87
488.191	7522.87
488.4	7998
488.609	7010.88
488.818	7217.72
489.027	7998
489.236	8276.52
489.445	7414.33
489.654	7199.29
489.863	8352.3
490.072	8063.54
490.281	8348.2
490.49	7692.85
490.698	8440.36
490.907	9052.7
491.116	8016.43
491.325	7569.98
491.534	8733.22
491.743	8440.36
491.952	8151.6
492.16	8405.55
492.369	8940.07
492.578	8983.07
492.787	8282.67
492.996	8495.66
493.204	8780.32
493.413	9286.17
493.622	8141.36
493.831	8178.22
494.039	9576.98
494.248	8882.72
494.457	8518.18
494.665	8391.21
494.874	9247.26
495.083	10078.74
495.291	8673.83
495.5	8526.38
495.709	9497.11
495.917	9280.03
496.126	9073.18
496.335	8679.97
496.543	9357.85
496.752	9814.55
496.96	9517.59
497.169	8823.33
497.377	9525.79
497.586	9792.02
497.794	9474.59
498.003	8800.8
498.211	9685.53
498.42	10017.3
498.628	9353.76
498.837	9257.5
499.045	10082.83
499.254	9794.07
499.462	9515.55
499.671	9607.7
499.879	11186.69
500.087	10375.69
500.296	9437.72
500.504	9663
500.713	10287.63
500.921	10840.58
501.129	9630.23
501.338	9497.11
501.546	10504.71
501.754	10451.47
501.962	9863.7
502.171	9757.21
502.379	10850.82
502.587	10764.81
502.795	10412.56
503.004	9777.69
503.212	11254.27
503.42	10850.82
503.628	10523.15
503.837	10648.07
504.045	10824.2
504.253	11536.89
504.461	10353.16
504.669	10471.95
504.877	11581.95
505.085	11254.27
505.294	10578.44
505.502	11092.48
505.71	11723.26
505.918	11319.81
506.126	10586.63
506.334	10643.98
506.542	11442.68
506.75	11522.55
506.958	11078.15
507.166	10881.54
507.374	11047.43
507.582	11864.57
507.79	11119.1
507.998	10924.55
508.206	12065.27
508.414	11975.16
508.622	11237.89
508.83	10990.08
509.037	11829.75
509.245	11524.6
509.453	11098.63
509.661	11211.26
509.869	11966.96
510.077	11854.33
510.285	11864.57
510.492	11192.83
510.7	12528.11
510.908	11702.78
511.116	11620.86
511.324	11549.18
511.531	11805.17
511.739	12489.2
511.947	12063.22
512.155	12095.99
512.362	12405.23
512.57	12118.51
512.778	11461.12
512.985	11549.18
513.193	12220.91
513.401	12800.49
513.608	12001.78
513.816	11866.61
514.024	12636.65
514.231	12790.25
514.439	12003.83
514.646	12134.9
514.854	12915.17
515.061	12628.46
515.269	12362.22
515.477	12067.31
515.684	12728.81
515.892	13091.3
516.099	12108.27
516.307	12118.51
516.514	13304.29
516.722	13363.68
516.929	12233.2
517.136	12075.51
517.344	13230.56
517.551	13064.68
517.759	12308.97
517.966	12657.13
518.173	13210.08
518.381	13498.84
518.588	12665.32
518.796	12620.27
519.003	13652.44
519.21	13421.02
519.418	12823.01
519.625	13335.01
519.832	13398.49
520.039	13498.84
520.247	12681.71
520.454	13074.92
520.661	13902.29
520.868	13951.45
521.076	13099.49
521.283	13357.53
521.49	14375.38
521.697	13670.87
521.904	12968.42
522.112	13183.46
522.319	14103
522.526	13939.16
522.733	13427.17
522.94	13224.42
523.147	14041.56
523.354	14000.6
523.561	13302.24
523.768	13652.44
523.975	14279.12
524.183	14191.06
524.39	13855.19
524.597	13363.68
524.804	14266.83
525.011	14262.74
525.218	13763.03
525.425	13857.24
525.632	14864.84
525.838	14283.22
526.045	13670.87
526.252	14176.72
526.459	16382.38
526.666	16421.3
526.873	13930.97
527.08	14096.85
527.287	15206.85
527.494	14676.43
527.701	13994.45
527.907	14094.8
528.114	15083.97
528.321	14911.94
528.528	14408.14
528.735	14447.05
528.941	14793.16
529.148	14787.02
529.355	14598.6
529.562	14418.38
529.768	15894.97
529.975	14952.9
530.182	14645.71
530.388	14516.69
530.595	15399.36
530.802	15012.29
531.008	15196.61
531.215	15135.17
531.422	16300.47
531.628	16191.92
531.835	15102.4
532.042	15077.83
532.248	15786.43
532.455	15903.16
532.661	15092.16
532.868	15104.45
533.074	16069.05
533.281	16269.75
533.487	15299.01
533.694	15260.1
533.9	15794.62
534.107	15788.47
534.313	15274.43
534.52	15362.5
534.726	15888.82
534.933	16523.69
535.139	15290.82
535.345	15038.92
535.552	16540.08
535.758	16384.43
535.965	15434.18
536.171	15622.59
536.377	16646.57
536.584	17107.37
536.79	15843.77
536.996	16290.23
537.203	16589.23
537.409	16622
537.615	15983.03
537.821	16361.91
538.028	17299.87
538.234	16705.96
538.44	16148.92
538.646	16386.48
538.853	16533.93
539.059	16775.59
539.265	16630.19
539.471	15985.08
539.677	17070.5
539.883	17131.94
540.09	18035.1
540.296	17037.73
540.502	16992.68
540.708	17232.29
540.914	17025.45
541.12	16552.37
541.326	17457.57
541.532	17338.79
541.738	17072.55
541.944	16970.15
542.15	17861.02
542.356	17539.49
542.562	16824.75
542.768	16906.66
542.974	17883.55
543.18	17934.75
543.386	17082.79
543.592	16918.95
543.798	18266.52
544.004	18006.42
544.21	17093.03
544.415	17203.62
544.621	18057.62
544.827	18418.07
545.033	17312.16
545.239	17775
545.445	17979.8
545.651	18299.28
545.856	17633.69
546.062	17523.1
546.268	18182.55
546.474	18270.61
546.679	17404.32
546.885	17699.23
547.091	18055.58
547.297	18831.76
547.502	17846.68
547.708	17453.47
547.914	18153.88
548.119	18571.66
548.325	17369.51
548.531	17566.11
548.736	19028.36
548.942	18352.53
549.147	17641.89
549.353	18241.94
549.559	19159.43
549.764	18856.33
549.97	17887.64
550.175	18028.95
550.381	18837.9
550.586	17981.85
550.792	18149.78
550.997	17908.12
551.203	18983.31
551.408	19155.33
551.614	18022.81
551.819	18200.98
552.025	19685.76
552.23	19239.3
552.435	18348.43
552.641	19165.57
552.846	19110.28
553.052	19628.42
553.257	18837.9
553.462	18504.08
553.668	19063.18
553.873	19317.12
554.078	18444.69
554.283	18811.28
554.489	19241.35
554.694	19548.54
554.899	18456.98
555.105	19102.09
555.31	19675.52
555.515	19747.2
555.72	19458.43
555.925	20207.99
556.131	19921.27
556.336	19765.63
556.541	19075.46
556.746	18901.39
556.951	19960.19
557.156	20025.72
557.361	19036.55
557.567	19399.04
557.772	19964.28
557.977	20105.59
558.182	19220.87
558.387	19167.62
558.592	19958.14
558.797	20463.99
559.002	19521.92
559.207	19927.42
559.412	20271.48
559.617	20519.28
559.822	19489.15
560.027	19206.53
560.232	20087.16
560.437	19958.14
560.642	19249.54
560.847	19755.39
561.051	20263.29
561.256	20429.17
561.461	19968.38
561.666	20117.88
561.871	20238.71
562.076	20482.42
562.281	19741.05
562.485	19655.04
562.69	20380.02
562.895	20279.67
563.1	19597.7
563.305	19679.61
563.509	20699.5
563.714	21186.92
563.919	19528.06
564.123	19890.56
564.328	20390.26
564.533	21109.1
564.737	19939.71
564.942	19908.99
565.147	21199.21
565.351	20896.11
565.556	20113.78
565.761	20291.96
565.965	21234.02
566.17	20689.26
566.374	20074.87
566.579	19906.94
566.784	21150.06
566.988	21223.78
567.193	20322.68
567.397	20556.14
567.602	20939.12
567.806	21117.29
568.011	20613.49
568.215	20824.43
568.42	21342.57
568.624	21625.18
568.828	20658.54
569.033	21090.66
569.237	21600.61
569.442	21549.41
569.646	20316.53
569.85	20785.52
570.055	21274.98
570.259	21694.82
570.463	21324.13
570.668	21129.58
570.872	21406.05
571.076	21477.73
571.281	21262.69
571.485	20750.7
571.689	21858.65
571.893	21782.88
572.098	21401.96
572.302	21086.57
572.506	21793.12
572.71	21576.03
572.914	20896.11
573.119	21315.94
573.323	22253.91
573.527	22331.73
573.731	21356.9
573.935	21725.54
574.139	22202.71
574.343	21440.87
574.547	21510.5
574.751	21481.83
574.955	22401.36
575.159	22325.59
575.364	21537.12
575.568	21582.18
575.772	21981.53
575.976	22061.4
576.18	21203.3
576.383	21483.87
576.587	22583.63
576.791	22774.1
576.995	21684.58
577.199	21647.71
577.403	22077.79
577.607	22546.77
577.811	21590.37
578.015	22186.33
578.219	22597.97
578.422	22833.49
578.626	22251.86
578.83	22475.09
579.034	22630.74
579.238	22976.84
579.442	22008.15
579.645	22823.25
579.849	22980.94
580.053	23073.1
580.257	22301.01
580.46	22286.68
580.664	22950.22
580.868	22870.35
581.071	22380.89
581.275	22339.93
581.479	22557.01
581.682	23095.63
581.886	22182.23
582.09	22602.07
582.293	23546.18
582.497	23265.61
582.7	22923.6
582.904	22817.1
583.107	23112.01
583.311	23347.53
583.515	22927.69
583.718	22980.94
583.922	23359.81
584.125	24305.98
584.329	22321.49
584.532	23103.82
584.735	23843.13
584.939	23550.28
585.142	22884.69
585.346	22864.21
585.549	23941.44
585.753	23929.15
585.956	23107.91
586.159	22921.55
586.363	23732.54
586.566	23904.57
586.769	23050.57
586.973	22608.21
587.176	23904.57
587.379	23789.89
587.582	23714.11
587.786	23628.1
587.989	23970.11
588.192	24932.65
588.395	23650.63
588.599	23843.13
588.802	23959.87
589.005	24115.51
589.208	24009.02
589.411	23394.63
589.615	24342.84
589.818	24455.48
590.021	24238.39
590.224	24179
590.427	24596.79
590.63	24637.75
590.833	23513.41
591.036	23683.39
591.239	24320.31
591.442	24283.45
591.645	23798.08
591.848	23806.27
592.051	24889.65
592.254	24826.16
592.457	24473.91
592.66	24496.44
592.863	25004.33
593.066	25282.86
593.269	24125.75
593.472	24265.02
593.675	24942.89
593.878	24992.05
594.081	24523.06
594.284	23941.44
594.486	25233.71
594.689	25465.13
594.892	24809.78
595.095	24789.3
595.298	25325.86
595.5	25188.65
595.703	24828.21
595.906	24975.66
596.109	25432.36
596.311	25477.41
596.514	24422.71
596.717	24822.06
596.92	25725.22
597.122	25774.37
597.325	24467.77
597.528	25059.63
597.73	26075.42
597.933	25895.2
598.136	24848.69
598.338	24662.32
598.541	25477.41
598.743	25925.92
598.946	25063.72
599.148	25354.54
599.351	26024.22
599.554	25573.67
599.756	25002.29
599.959	25393.45
600.161	26013.98
600.363	26767.63
600.566	25817.38
600.768	25413.93
600.971	26136.86
601.173	26210.59
601.376	25110.83
601.578	25661.73
601.78	26009.89
601.983	26849.55
602.185	25342.25
602.388	25743.65
602.59	26136.86
602.792	26450.2
602.995	26091.8
603.197	25436.45
603.399	26401.05
603.601	26548.5
603.804	25387.3
604.006	25889.06
604.208	25981.21
604.41	25889.06
604.613	26407.19
604.815	25710.88
605.017	26497.3
605.219	26257.69
605.421	26564.89
605.623	26247.45
605.826	27136.27
606.028	27287.82
606.23	26063.13
606.432	25762.08
606.634	26759.44
606.836	26829.07
607.038	25835.81
607.24	26167.58
607.442	26781.97
607.644	26630.42
607.846	26208.54
608.048	25864.48
608.25	27058.45
608.452	26065.18
608.654	26304.79
608.856	25639.2
609.058	26177.82
609.26	26577.17
609.462	26161.44
609.664	26173.72
609.866	26943.76
610.067	26999.05
610.269	26292.51
610.471	26175.77
610.673	26544.41
610.875	26927.38
611.077	26220.83
611.278	26536.21
611.48	26646.8
611.682	27126.03
611.884	26341.66
612.085	26368.28
612.287	27001.1
612.489	26753.3
612.69	26456.34
612.892	26493.21
613.094	27668.74
613.295	26687.76
613.497	26226.97
613.699	26267.93
613.9	27300.11
614.102	27078.93
614.304	26239.26
614.505	25688.35
614.707	27013.39
614.908	27134.22
615.11	26292.51
615.311	26978.57
615.513	27160.84
615.714	27121.93
615.916	26411.29
616.117	26894.61
616.319	27029.77
616.52	27541.77
616.722	26626.32
616.923	26824.98
617.124	27347.21
617.326	27238.67
617.527	26851.6
617.729	27142.41
617.93	27488.52
618.131	27631.88
618.333	26624.28
618.534	26941.71
618.735	27271.43
618.937	27506.95
619.138	26347.8
619.339	26579.22
619.54	27207.95
619.742	26994.96
619.943	26603.8
620.144	26816.79
620.345	27697.41
620.546	27281.67
620.748	26874.13
620.949	26931.47
621.15	27543.81
621.351	27140.36
621.552	26581.27
621.753	26831.12
621.954	27605.25
622.155	27904.26
622.356	27162.89
622.558	27408.65
622.759	27742.47
622.96	28092.67
623.161	27107.6
623.362	26687.76
623.563	27764.99
623.764	27752.71
623.965	26695.96
624.166	27210
624.366	27390.22
624.567	27822.34
624.768	26673.43
624.969	26790.16
625.17	27113.74
625.371	27431.18
625.572	27009.29
625.773	26933.52
625.973	27853.06
626.174	27650.31
626.375	27003.15
626.576	27134.22
626.777	27613.45
626.977	27709.7
627.178	27195.66
627.379	27660.55
627.58	27842.82
627.78	27121.93
627.981	26626.32
628.182	27453.7
628.382	27777.28
628.583	27584.77
628.784	26845.46
628.984	27121.93
629.185	28152.06
629.386	28358.91
629.586	27521.29
629.787	27158.8
629.987	27672.84
630.188	27959.55
630.388	27738.37
630.589	27339.02
630.79	28393.72
630.99	28061.95
631.191	27361.55
631.391	27793.67
631.591	27791.62
631.792	27805.95
631.992	27674.88
632.193	27752.71
632.393	28389.63
632.594	27873.54
632.794	27287.82
632.994	27576.58
633.195	27871.49
633.395	27963.65
633.595	27359.5
633.796	27693.32
633.996	28487.93
634.196	28145.92
634.397	27842.82
634.597	27828.48
634.797	27904.26
634.997	28518.65
635.198	27801.86
635.398	27721.99
635.598	28506.36
635.798	28676.34
635.998	27885.83
636.199	27521.29
636.399	27961.6
636.599	27834.63
636.799	27318.54
636.999	27988.22
637.199	28025.09
637.399	28399.87
637.599	27576.58
637.799	27822.34
637.999	28379.39
638.199	28250.36
638.399	27988.22
638.599	27570.44
638.799	28733.68
638.999	28997.87
639.199	28231.93
639.399	28793.08
639.599	29153.52
639.799	28248.32
639.999	28117.25
640.199	27930.88
640.399	28694.77
640.599	28365.05
640.799	28584.18
640.998	28510.46
641.198	28803.32
641.398	28506.36
641.598	28324.09
641.798	28369.15
641.997	29745.38
642.197	28172.54
642.397	28506.36
642.597	28440.82
642.796	29032.69
642.996	28903.67
643.196	28578.04
643.395	27924.74
643.595	28893.43
643.795	28659.96
643.994	28231.93
644.194	28262.65
644.394	29423.85
644.593	29335.79
644.793	28604.66
644.992	28614.9
645.192	29284.59
645.392	28389.63
645.591	28848.37
645.791	28772.6
645.99	29139.18
646.19	28459.26
646.389	28283.13
646.589	28260.6
646.788	28694.77
646.987	28846.32
647.187	29044.98
647.386	28842.23
647.586	29444.33
647.785	29466.86
647.984	28850.42
648.184	29229.29
648.383	28848.37
648.582	28989.68
648.782	28688.63
648.981	28682.49
649.18	28594.42
649.38	29104.37
649.579	28657.91
649.778	28700.92
649.977	29851.88
650.177	29473
650.376	28635.38
650.575	28645.62
650.774	29272.3
650.973	29206.76
651.173	28821.75
651.372	29610.21
651.571	29585.64
651.77	30042.34
651.969	29260.01
652.168	29161.71
652.367	29616.36
652.566	29839.59
652.765	29006.06
652.964	29511.91
653.163	29874.4
653.362	29571.3
653.561	29018.35
653.76	29006.06
653.959	29593.83
654.158	29976.8
654.357	29153.52
654.556	28838.13
654.755	30142.69
654.954	29745.38
655.153	29157.61
655.352	28961.01
655.551	29825.25
655.749	29358.31
655.948	29169.9
656.147	29825.25
656.346	29825.25
656.545	29851.88
656.743	29264.11
656.942	29436.14
657.141	29534.44
657.34	29204.72
657.538	29221.1
657.737	29024.5
657.936	30152.93
658.135	29729
658.333	29249.77
658.532	29614.31
658.731	30269.66
658.929	29767.91
659.128	29300.97
659.326	28969.2
659.525	29898.98
659.724	29808.87
659.922	29161.71
660.121	28903.67
660.319	29169.9
660.518	29554.92
660.716	29337.83
660.915	29233.39
661.113	30400.73
661.312	29542.63
661.51	29413.61
661.709	29376.75
661.907	29923.55
662.105	30447.83
662.304	29391.08
662.502	29833.44
662.701	30154.97
662.899	29806.82
663.097	30097.63
663.296	29585.64
663.494	29991.14
663.692	30300.38
663.891	29765.86
664.089	29712.61
664.287	30333.15
664.485	30073.06
664.684	29810.92
664.882	29905.12
665.08	30308.57
665.278	30234.85
665.476	29976.8
665.675	30443.74
665.873	30496.99
666.071	30976.21
666.269	29628.65
666.467	29911.27
666.665	30548.18
666.863	30038.24
667.061	30005.47
667.259	29669.61
667.457	30015.71
667.655	30417.11
667.853	29464.81
668.051	29622.5
668.249	29987.04
668.447	30404.83
668.645	29597.93
668.843	29810.92
669.041	30089.44
669.239	29804.77
669.437	29772
669.635	29849.83
669.833	30269.66
670.031	30030.05
670.229	29448.43
670.426	29851.88
670.624	30251.23
670.822	30077.15
671.02	29327.6
671.218	29747.43
671.415	29737.19
671.613	30216.41
671.811	29309.16
672.009	29460.71
672.206	30017.76
672.404	29556.97
672.602	30042.34
672.799	29595.88
672.997	29903.07
673.195	29591.78
673.392	29493.48
673.59	29331.69
673.788	29804.77
673.985	29212.91
674.183	29473
674.38	29024.5
674.578	30148.83
674.775	29724.9
674.973	29053.17
675.17	29022.45
675.368	29792.48
675.565	29520.1
675.763	29632.74
675.96	29452.52
676.158	29706.47
676.355	29571.3
676.553	28905.71
676.75	29233.39
676.947	29511.91
677.145	29593.83
677.342	29296.88
677.539	29223.15
677.737	29968.61
677.934	29974.75
678.131	29501.67
678.329	29067.5
678.526	30351.58
678.723	30152.93
678.92	29616.36
679.118	29493.48
679.315	29335.79
679.512	30128.35
679.709	29413.61
679.906	29237.48
680.104	29898.98
680.301	30017.76
680.498	29020.4
680.695	29028.59
680.892	29360.36
681.089	29378.79
681.286	29380.84
681.483	29004.02
681.68	29503.72
681.877	30386.39
682.075	29374.7
682.272	29272.3
682.469	29761.76
682.665	29716.71
682.862	29110.51
683.059	28848.37
683.256	29130.99
683.453	29434.09
683.65	29143.28
683.847	29165.81
684.044	29217
684.241	29378.79
684.438	29174
684.635	28041.47
684.831	29499.62
685.028	29520.1
685.225	28254.46
685.422	29260.01
685.619	28969.2
685.815	28557.56
686.012	28692.72
686.209	28426.49
686.405	29100.27
686.602	29292.78
686.799	28434.68
686.996	28295.42
687.192	28987.63
687.389	29530.34
687.586	28330.23
687.782	28332.28
687.979	29548.78
688.175	29047.02
688.372	28557.56
688.568	28332.28
688.765	28391.67
688.962	28731.64
689.158	28199.16
689.355	28387.58
689.551	28739.83
689.748	28651.77
689.944	28059.9
690.14	28160.25
690.337	28365.05
690.533	28907.76
690.73	28152.06
690.926	28764.4
691.123	28727.54
691.319	29006.06
691.515	28107.01
691.712	28465.4
691.908	28541.18
692.104	28856.56
692.301	28276.99
692.497	27916.54
692.693	28807.41
692.889	28506.36
693.086	28358.91
693.282	27949.31
693.478	28672.25
693.674	29298.92
693.87	28098.81
694.067	28164.35
694.263	28811.51
694.459	28266.75
694.655	28557.56
694.851	28522.74
695.047	28651.77
695.243	28862.71
695.439	28412.15
695.635	28199.16
695.831	28444.92
696.027	28217.6
696.224	27863.3
696.42	28582.13
696.615	28565.75
696.811	28741.88
697.007	27609.35
697.203	27382.02
697.399	28172.54
697.595	27939.07
697.791	27887.87
697.987	28037.37
698.183	28350.71
698.379	28467.45
698.575	27926.78
698.77	27713.8
698.966	28266.75
699.162	28514.55
699.358	28127.49
699.554	27816.19
699.749	28399.87
699.945	28303.61
700.141	27826.43
700.337	27812.1
700.532	27678.98
700.728	27920.64
700.924	27255.05
701.119	27353.35
701.315	27955.46
701.511	27658.5
701.706	27648.26
701.902	27121.93
702.097	28346.62
702.293	28344.57
702.489	27719.94
702.684	27375.88
702.88	28317.95
703.075	27965.7
703.271	27509
703.466	27339.02
703.662	27912.45
703.857	28006.66
704.053	27490.57
704.248	27836.67
704.443	28680.44
704.639	28186.88
704.834	27345.16
705.03	27527.43
705.225	27918.59
705.42	28133.63
705.616	27599.11
705.811	27533.57
706.006	27824.39
706.202	28066.05
706.397	27631.88
706.592	27492.62
706.787	28092.67
706.983	27687.17
707.178	28217.6
707.373	27549.96
707.568	27881.73
707.763	28018.94
707.959	27457.8
708.154	27273.48
708.349	27683.08
708.544	27982.08
708.739	27590.92
708.934	26857.74
709.129	27611.4
709.324	27934.98
709.519	27091.21
709.714	26915.09
709.909	27846.91
710.104	27988.22
710.299	27007.25
710.494	27001.1
710.689	27631.88
710.884	27132.17
711.079	27173.13
711.274	27375.88
711.469	27865.35
711.664	27894.02
711.859	27392.26
712.054	27058.45
712.249	28055.81
712.443	27707.65
712.638	27121.93
712.833	26800.4
713.028	27672.84
713.223	27074.83
713.417	27269.39
713.612	27087.12
713.807	27592.97
714.002	28133.63
714.196	27320.59
714.391	26630.42
714.586	27705.6
714.78	27519.24
714.975	26820.88
715.17	27017.49
715.364	27703.56
715.559	27762.95
715.754	26337.56
715.948	26413.34
716.143	27609.35
716.337	27101.45
716.532	27590.92
716.726	26784.02
716.921	27007.25
717.115	27846.91
717.31	26710.29
717.504	27607.3
717.699	27164.94
717.893	27304.2
718.088	26767.63
718.282	26706.2
718.476	27242.76
718.671	26966.29
718.865	26294.55
719.059	26208.54
719.254	26890.51
719.448	27089.17
719.642	26781.97
719.837	25796.9
720.031	28322.04
720.225	26620.18
720.419	26399
720.614	26415.38
720.808	26626.32
721.002	26771.73
721.196	26499.35
721.39	26366.23
721.585	26917.14
721.779	27009.29
721.973	26124.57
722.167	26005.79
722.361	26657.04
722.555	27050.25
722.749	25719.07
722.943	26122.52
723.137	25860.38
723.331	26503.45
723.525	25815.33
723.719	26247.45
723.913	26390.81
724.107	26788.11
724.301	25669.92
724.495	26183.96
724.689	26593.56
724.883	26380.57
725.077	25696.55
725.271	25792.8
725.465	26530.07
725.659	26038.56
725.853	25809.18
726.046	25628.96
726.24	26063.13
726.434	26153.24
726.628	25825.57
726.822	25641.25
727.015	26253.59
727.209	26472.73
727.403	25702.69
727.596	25499.94
727.79	26333.46
727.984	26839.31
728.177	26159.39
728.371	25798.94
728.565	26552.6
728.758	26288.41
728.952	25592.1
729.146	25493.8
729.339	26419.48
729.533	26061.08
729.726	25700.64
729.92	25794.85
730.113	26437.91
730.307	26384.66
730.5	25934.11
730.694	25923.87
730.887	25970.97
731.081	26403.1
731.274	25514.28
731.468	25913.63
731.661	26421.53
731.854	26632.47
732.048	25997.6
732.241	25868.58
732.435	26519.83
732.628	26247.45
732.821	26044.7
733.014	25950.49
733.208	26220.83
733.401	26542.36
733.594	25921.82
733.788	25458.98
733.981	26343.7
734.174	26593.56
734.367	25878.82
734.56	25729.31
734.754	26321.18
734.947	26061.08
735.14	25233.71
735.333	25626.92
735.526	26392.86
735.719	25723.17
735.912	25307.43
736.105	25571.62
736.298	26343.7
736.491	26206.49
736.684	25602.34
736.877	25510.18
737.07	25993.5
737.263	26673.43
737.456	25733.41
737.649	25202.99
737.842	25919.78
738.035	25870.62
738.228	25151.79
738.421	25354.54
738.614	26112.28
738.807	26050.85
739	24946.99
739.192	25071.92
739.385	25708.83
739.578	25684.26
739.771	25542.95
739.964	25043.24
740.156	25631.01
740.349	25674.02
740.542	25649.44
740.735	24682.8
740.927	25381.16
741.12	25588
741.313	24926.51
741.505	25141.55
741.698	25747.75
741.891	25565.48
742.083	25221.42
742.276	25110.83
742.468	25915.68
742.661	25719.07
742.854	25213.23
743.046	24527.16
743.239	25987.36
743.431	25737.51
743.624	25000.24
743.816	24998.19
744.009	25618.72
744.201	25565.48
744.393	25352.49
744.586	24568.12
744.778	25348.39
744.971	25712.93
745.163	24715.57
745.355	24994.09
745.548	25149.74
745.74	25622.82
745.932	24908.08
746.125	25198.89
746.317	25839.9
746.509	25479.46
746.702	24908.08
746.894	24969.52
747.086	25342.25
747.278	25119.02
747.471	25078.06
747.663	25119.02
747.855	25606.44
748.047	26054.94
748.239	25135.4
748.431	24830.26
748.623	26095.9
748.815	25690.4
749.008	24842.54
749.2	24672.56
749.392	25366.82
749.584	25364.78
749.776	25190.7
749.968	25207.08
750.16	25309.48
750.352	25037.1
750.544	24666.42
750.736	24521.01
750.928	25239.85
751.12	25202.99
751.311	24574.26
751.503	25108.78
751.695	24996.14
751.887	25049.39
752.079	24688.95
752.271	24523.06
752.463	25880.86
752.654	25125.16
752.846	24797.49
753.038	24357.17
753.23	24729.91
753.421	25147.69
753.613	24373.56
753.805	24795.44
753.997	25012.53
754.188	25432.36
754.38	24410.42
754.572	24582.45
754.763	25084.2
754.955	24840.5
755.146	24369.46
755.338	24273.21
755.53	25143.6
755.721	25114.92
755.913	23943.49
756.104	24228.15
756.296	24807.73
756.487	24975.66
756.679	24277.3
756.87	24334.65
757.062	24142.14
757.253	24824.11
757.445	23490.88
757.636	24236.34
757.827	24750.39
758.019	25284.9
758.21	23855.42
758.401	23880
758.593	24985.9
758.784	24594.74
758.975	23953.73
759.167	23845.18
759.358	24510.77
759.549	25022.76
759.74	24037.69
759.932	23722.3
760.123	24365.37
760.314	24330.55
760.505	23654.72
760.696	23693.63
760.888	24633.65
761.079	24305.98
761.27	23476.55
761.461	23402.82
761.652	24328.5
761.843	23927.1
762.034	23875.9
762.225	24035.64
762.416	23994.68
762.607	23757.12
762.798	23114.06
762.989	23069
763.18	24707.38
763.371	23775.55
763.562	23404.87
763.753	23322.95
763.944	23521.6
764.135	23880
764.326	23707.97
764.517	22944.08
764.708	23628.1
764.899	23509.32
765.089	22554.96
765.28	22829.39
765.471	23226.7
765.662	23630.15
765.853	23281.99
766.043	22546.77
766.234	23560.52
766.425	23433.54
766.615	22937.93
766.806	22714.7
766.997	23300.42
767.187	23034.19
767.378	22446.42
767.569	22423.89
767.759	23066.95
767.95	22985.04
768.141	22544.72
768.331	22479.19
768.522	23415.11
768.712	23200.07
768.903	22608.21
769.093	22452.56
769.284	22935.88
769.474	23169.35
769.665	22077.79
769.855	22131.03
770.046	23372.1
770.236	23243.08
770.426	22589.78
770.617	22198.62
770.807	22780.24
770.998	23208.26
771.188	22376.79
771.378	22174.04
771.569	22819.15
771.759	22554.96
771.949	21916
772.139	21840.22
772.33	22559.06
772.52	22481.24
772.71	21971.29
772.9	21729.63
773.09	22155.61
773.281	22706.51
773.471	21877.08
773.661	21909.85
773.851	22309.21
774.041	22225.24
774.231	21776.73
774.421	22311.25
774.611	22821.2
774.802	22296.92
774.992	21973.34
775.182	22024.54
775.372	22704.46
775.562	22741.33
775.752	22163.8
775.942	22143.32
776.131	22653.26
776.321	22636.88
776.511	21555.55
776.701	21610.85
776.891	22677.84
777.081	21901.66
777.271	21725.54
777.461	21287.27
777.651	22085.98
777.84	21985.63
778.03	21717.34
778.22	21578.08
778.41	21995.87
778.599	21901.66
778.789	21363.04
778.979	21369.19
779.169	21481.83
779.358	21127.53
779.548	21459.3
779.738	20599.15
779.927	21619.04
780.117	21041.51
780.307	20869.48
780.496	20765.04
780.686	21789.02
780.875	22118.75
781.065	21148.01
781.254	21033.32
781.444	21430.63
781.633	21530.98
781.823	20791.66
782.012	21170.54
782.202	21119.34
782.391	20986.22
782.581	20584.82
782.77	21223.78
782.96	22038.87
783.149	21094.76
783.338	21301.61
783.528	20642.16
783.717	21215.59
783.906	21522.79
784.096	20822.38
784.285	20402.55
784.474	20771.18
784.663	21053.8
784.853	20011.39
785.042	20674.93
785.231	20724.08
785.42	20746.61
785.61	20570.48
785.799	20283.77
785.988	21109.1
786.177	20715.89
786.366	20390.26
786.555	20969.83
786.744	21148.01
786.933	21109.1
787.122	20148.6
787.312	20078.97
787.501	20777.33
787.69	21137.77
787.879	20136.31
788.068	20107.64
788.257	20332.92
788.445	20722.03
788.634	19743.1
788.823	19644.8
789.012	21035.37
789.201	20787.57
789.39	19628.42
789.579	19638.65
789.768	20691.31
789.957	20263.29
790.145	19771.77
790.334	19337.6
790.523	19655.04
790.712	20070.78
790.9	19685.76
791.089	19534.21
791.278	20402.55
791.467	20443.51
791.655	20302.2
791.844	20615.54
792.033	20007.29
792.221	20007.29
792.41	19452.29
792.599	19005.83
792.787	20468.08
792.976	20633.97
793.164	19636.61
793.353	19751.29
793.541	20595.06
793.73	20492.66
793.918	19495.3
794.107	19245.44
794.295	20056.44
794.484	20066.68
794.672	19407.23
794.861	19442.05
795.049	20013.43
795.238	20109.69
795.426	19151.24
795.614	19110.28
795.803	19779.96
795.991	20060.54
796.179	19095.94
796.368	19050.89
796.556	19741.05
796.744	19472.77
796.932	19075.46
797.121	18882.95
797.309	19767.68
797.497	19911.03
797.685	19112.33
797.874	19138.95
798.062	19749.25
798.25	19990.91
798.438	18891.15
798.626	19048.84
798.814	19671.42
799.002	19796.35
799.19	19175.81
799.378	19032.46
799.566	19716.48
799.755	19755.39
799.943	19523.97
800.131	19325.32
800.318	19802.49
800.506	19716.48
800.694	18848.14
800.882	18901.39
801.07	19878.27
801.258	19409.28
801.446	18919.82
801.634	18626.96
801.822	19323.27
802.01	19784.06
802.197	18985.35
802.385	19374.47
802.573	19976.57
802.761	19405.19
802.949	19288.45
803.136	18973.07
803.324	19782.01
803.512	19859.84
803.699	19417.47
803.887	18962.83
804.075	19915.13
804.262	19845.5
804.45	18977.16
804.638	19249.54
804.825	19775.87
805.013	19564.93
805.201	19069.32
805.388	18944.39
805.576	19749.25
805.763	19878.27
805.951	18915.72
806.138	19155.33
806.326	19814.78
806.513	19933.56
806.701	19353.99
806.888	18842
807.075	19843.45
807.263	19718.53
807.45	18792.84
807.638	19032.46
807.825	20076.92
808.012	19880.32
808.2	19257.73
808.387	19458.43
808.574	19730.81
808.761	20173.17
808.949	19005.83
809.136	19300.74
809.323	19493.25
809.51	19863.93
809.698	19390.85
809.885	19468.67
810.072	19995
810.259	20083.06
810.446	19313.03
810.633	19235.21
810.82	20128.12
811.008	20445.55
811.195	19693.95
811.382	19380.61
811.569	20017.53
811.756	19587.46
811.943	19286.4
812.13	19310.98
812.317	19583.36
812.504	19843.45
812.691	19659.13
812.878	19640.7
813.064	20535.67
813.251	20150.65
813.438	19171.72
813.625	19652.99
813.812	19777.92
813.999	19734.91
814.186	19263.88
814.372	19110.28
814.559	19868.03
814.746	19843.45
814.933	19194.25
815.12	19521.92
815.306	19698.05
815.493	19624.32
815.68	18921.87
815.866	19104.14
816.053	19720.57
816.24	19929.47
816.426	19483.01
816.613	19175.81
816.799	19984.76
816.986	20306.29
817.173	19427.71
817.359	18966.92
817.546	19620.22
817.732	19337.6
817.919	18751.88
818.105	19190.15
818.292	19657.09
818.478	19962.23
818.665	19294.6
818.851	19141
819.037	20480.37
819.224	19739.01
819.41	18948.49
819.597	18923.91
819.783	20308.34
819.969	19861.88
820.156	19141
820.342	18868.62
820.528	21258.6
820.714	19417.47
820.901	19186.05
821.087	19212.68
821.273	19880.32
821.459	19628.42
821.646	18999.69
821.832	19145.09
822.018	19681.66
822.204	19472.77
822.39	18872.71
822.576	18542.99
822.762	19198.34
822.948	19392.9
823.134	18866.57
823.32	18815.37
823.507	19192.2
823.693	19382.66
823.879	19337.6
824.065	18612.62
824.25	19413.38
824.436	19159.43
824.622	18723.21
824.808	18475.41
824.994	18977.16
825.18	18870.67
825.366	18373.01
825.552	18129.3
825.738	18880.91
825.923	19003.78
826.109	18676.11
826.295	18327.96
826.481	18932.11
826.667	18788.75
826.852	19237.25
827.038	18569.62
827.224	19595.65
827.409	19325.32
827.595	18178.45
827.781	18833.8
827.966	19464.58
828.152	19620.22
828.338	18639.25
828.523	18080.15
828.709	18659.73
828.894	18895.24
829.08	18225.56
829.266	18221.46
829.451	18962.83
829.637	19005.83
829.822	18274.71
830.008	17832.35
830.193	18586
830.378	19163.53
830.564	18012.57
830.749	17570.21
830.935	18577.81
831.12	18499.98
831.305	17791.39
831.491	17983.9
831.676	17924.51
831.861	18354.58
832.047	17674.65
832.232	17557.92
832.417	18504.08
832.602	18430.35
832.788	17588.64
832.973	17404.32
833.158	18114.97
833.343	17965.46
833.528	17854.87
833.714	17740.19
833.899	18149.78
834.084	18682.25
834.269	17985.94
834.454	17658.27
834.639	18211.22
834.824	18356.63
835.009	17584.54
835.194	18063.77
835.379	18305.43
835.564	18522.51
835.749	17766.81
835.934	17168.8
836.119	18287
836.304	18065.82
836.489	17445.28
836.674	17641.89
836.859	18114.97
837.044	18420.11
837.228	17373.6
837.413	17238.44
837.598	18221.46
837.783	18004.38
837.968	17256.87
838.152	17226.15
838.337	17488.29
838.522	18334.1
838.707	17805.72
838.891	17541.53
839.076	17854.87
839.261	17742.24
839.445	17437.09
839.63	17445.28
839.815	18123.16
839.999	17344.93
840.184	17004.97
840.368	17058.21
840.553	17922.46
840.737	17519.01
840.922	16771.5
841.106	16806.31
841.291	17064.36
841.475	17723.8
841.66	16744.88
841.844	16892.33
842.029	18080.15
842.213	17224.1
842.397	16738.73
842.582	16634.28
842.766	17697.18
842.951	17592.73
843.135	16863.66
843.319	16593.33
843.504	17265.06
843.688	17691.04
843.872	16312.75
844.056	16441.78
844.241	17168.8
844.425	16589.23
844.609	16689.58
844.793	16269.75
844.977	17230.24
845.161	16689.58
845.346	16085.43
845.53	16437.68
845.714	17082.79
845.898	17318.31
846.082	16138.68
846.266	16325.04
846.45	16767.4
846.634	16877.99
846.818	16007.61
847.002	16441.78
847.186	16759.21
847.37	16333.23
847.554	15942.07
847.738	16347.57
847.922	16779.69
848.106	16667.05
848.29	15802.81
848.473	15864.25
848.657	16409.01
848.841	16363.95
849.025	15909.3
849.209	15733.18
849.392	16648.62
849.576	15886.78
849.76	15210.95
849.944	16032.18
850.127	16781.74
850.311	16122.29
850.495	15593.92
850.678	15626.68
850.862	16384.43
851.046	16646.57
851.229	15999.41
851.413	15325.63
851.596	16513.45
851.78	16069.05
851.964	15655.36
852.147	15530.43
852.331	16779.69
852.514	16585.13
852.698	15643.07
852.881	15233.47
853.065	16216.5
853.248	15940.02
853.431	15811
853.615	15540.67
853.798	16759.21
853.982	16093.62
854.165	15344.06
854.348	15133.12
854.532	15739.32
854.715	15632.83
854.898	15299.01
855.081	14918.09
855.265	16353.71
855.448	16325.04
855.631	14850.5
855.814	15129.03
855.997	15919.54
856.181	15978.93
856.364	15223.23
856.547	14639.56
856.73	15962.55
856.913	15854.01
857.096	15081.92
857.279	15055.3
857.462	15503.81
857.645	15712.7
857.828	15227.33
858.011	15028.68
858.194	15143.36
858.377	15368.64
858.56	14682.57
858.743	14739.91
858.926	15270.34
859.109	15315.39
859.292	14744.01
859.475	14715.34
859.658	15507.9
859.841	15423.94
860.023	14580.17
860.206	14574.03
860.389	15266.24
860.572	15354.3
860.755	14647.76
860.937	14957
861.12	14969.29
861.303	15186.37
861.486	14639.56
861.668	14461.39
861.851	14817.74
862.034	15329.73
862.216	14727.63
862.399	14197.2
862.581	14893.51
862.764	15090.12
862.947	14229.97
863.129	14180.82
863.312	14660.04
863.494	14987.72
863.677	14528.97
863.859	14008.79
864.042	14868.94
864.224	14731.72
864.406	14381.52
864.589	13638.11
864.771	14332.37
864.954	14696.91
865.136	14277.07
865.318	13816.28
865.501	15200.71
865.683	14299.6
865.865	14150.1
866.048	14047.7
866.23	14766.54
866.412	14475.73
866.594	13617.63
866.777	13941.21
866.959	14356.94
867.141	14111.19
867.323	14094.8
867.505	13949.4
867.687	14103
867.869	14385.62
868.052	13791.7
868.234	13605.34
868.416	14232.02
868.598	14520.78
868.78	13521.37
868.962	13459.93
869.144	14592.46
869.326	14111.19
869.508	13601.24
869.69	13771.22
869.872	13890.01
870.054	14842.31
870.236	12984.8
870.417	13281.76
870.599	13918.68
870.781	14500.3
870.963	13728.22
871.145	13570.52
871.327	13965.78
871.508	14563.79
871.69	13760.98
871.872	13556.19
872.054	14021.08
872.235	14109.14
872.417	13509.08
872.599	13265.38
872.78	14993.86
872.962	14021.08
873.144	13113.83
873.325	13461.98
873.507	14283.22
873.689	13980.12
873.87	13224.42
874.052	13421.02
874.233	14021.08
874.415	14285.26
874.596	13619.67
874.778	13156.83
874.959	13625.82
875.141	14133.71
875.322	13328.86
875.503	13165.03
875.685	14006.74
875.866	13296.1
876.048	13314.53
876.229	13353.44
876.41	13609.43
876.592	14119.38
876.773	13523.42
876.954	13279.71
877.136	14373.33
877.317	13869.53
877.498	13228.51
877.679	13707.74
877.86	14068.18
878.042	14086.61
878.223	13533.66
878.404	14279.12
878.585	14307.79
878.766	14475.73
878.947	13885.91
879.128	13584.86
879.309	14098.9
879.49	14115.28
879.672	13840.86
879.853	13330.91
880.034	14103
880.215	14287.31
880.396	13814.23
880.576	13664.73
880.757	14254.55
880.938	14711.24
881.119	13386.21
881.3	13431.26
881.481	14301.65
881.662	15059.4
881.843	13597.15
882.023	13394.4
882.204	14592.46
882.385	14309.84
882.566	13689.31
882.747	13892.05
882.927	14696.91
883.108	14643.66
883.289	13803.99
883.469	14176.72
883.65	14143.95
883.831	14399.95
884.011	14174.67
884.192	14232.02
884.373	14549.45
884.553	14418.38
884.734	14412.24
884.914	14711.24
885.095	15948.22
885.275	15135.17
885.456	14246.35
885.636	13853.14
885.817	14832.07
885.997	14889.42
886.178	13851.1
886.358	14111.19
886.538	14655.95
886.719	16458.16
886.899	14107.09
887.08	14324.18
887.26	14959.05
887.44	14733.77
887.621	14189.01
887.801	14213.59
887.981	15065.54
888.161	14950.85
888.342	14330.32
888.522	14199.25
888.702	14987.72
888.882	15262.15
889.062	14285.26
889.242	13853.14
889.423	15075.78
889.603	14905.8
889.783	14467.53
889.963	14373.33
890.143	14899.66
890.323	15086.02
890.503	14297.55
890.683	14412.24
890.863	14711.24
891.043	15049.16
891.223	14514.64
891.403	14516.69
891.583	14842.31
891.763	14813.64
891.943	14395.85
892.122	14809.54
892.302	14721.48
892.482	14717.39
892.662	14250.45
892.842	14377.42
893.022	14782.92
893.201	14580.17
893.381	14332.37
893.561	13767.13
893.741	14735.82
893.92	14420.43
894.1	14146
894.28	14141.91
894.459	14920.14
894.639	14531.02
894.819	13943.25
894.998	14250.45
895.178	14723.53
895.357	14369.23
895.537	13865.43
895.716	13709.79
895.896	14662.09
896.075	14979.53
896.255	13945.3
896.434	14008.79
896.614	15112.64
896.793	14950.85
896.973	14334.42
897.152	14014.93
897.331	14338.51
897.511	14457.29
897.69	13701.59
897.87	13937.11
898.049	14719.43
898.228	14782.92
898.407	14410.19
898.587	14381.52
898.766	14195.15
898.945	14535.12
899.124	14250.45
899.304	13926.87
899.483	14414.29
899.662	14924.23
899.841	13513.18
900.02	13455.84
900.199	14119.38
900.378	14068.18
900.557	13240.8
900.737	13296.1
900.916	13861.34
901.095	13756.89
901.274	13601.24
901.453	13009.38
901.632	13382.11
901.811	13412.83
901.989	12657.13
902.168	12906.98
902.347	13709.79
902.526	13332.96
902.705	13359.58
902.884	13162.98
903.063	14172.63
903.242	13715.93
903.42	12777.96
903.599	13013.48
903.778	13529.56
903.957	13738.46
904.135	12906.98
904.314	12489.2
904.493	13205.99
904.672	12913.13
904.85	12503.53
905.029	12394.99
905.207	12935.65
905.386	13523.42
905.565	11837.94
905.743	12192.24
905.922	12517.87
906.1	12610.03
906.279	11829.75
906.457	11897.33
906.636	12311.02
906.814	12521.96
906.993	11809.27
907.171	11659.77
907.35	12218.86
907.528	12786.15
907.707	12167.66
907.885	11313.66
908.063	12466.67
908.242	11876.85
908.42	11610.62
908.598	11403.77
908.777	12218.86
908.955	11868.66
909.133	11651.58
909.311	11272.7
909.49	11766.26
909.668	11719.16
909.846	11354.62
910.024	11162.11
910.202	11934.2
910.38	12354.03
910.559	11237.89
910.737	11751.93
910.915	11973.11
911.093	12157.43
911.271	11715.06
911.449	11909.62
911.627	12294.64
911.805	13029.86
911.983	11719.16
912.161	11803.13
912.339	12290.54
912.517	12757.48
912.695	12229.1
912.872	11831.8
913.05	12292.59
913.228	12667.37
913.406	11958.77
913.584	11930.1
913.762	12673.51
913.939	12442.09
914.117	11735.54
914.295	11629.05
914.473	11952.63
914.65	12384.75
914.828	11559.42
915.006	11436.54
915.184	12231.15
915.361	12198.38
915.539	11887.09
915.716	12087.79
915.894	12202.48
916.072	12618.22
916.249	12321.26
916.427	12112.37
916.604	12075.51
916.782	12204.53
916.959	11559.42
917.137	11604.47
917.314	11971.06
917.492	12042.74
917.669	11670.01
917.847	11483.64
918.024	11987.44
918.201	11676.15
918.379	11448.83
918.556	11477.5
918.733	12048.88
918.911	11700.73
919.088	11782.65
919.265	11227.65
919.442	11923.96
919.62	11889.14
919.797	11321.85
919.974	11192.83
920.151	11854.33
920.328	11561.47
920.506	11272.7
920.683	11760.12
920.86	11391.48
921.037	11653.62
921.214	11125.25
921.391	10881.54
921.568	11803.13
921.745	11463.16
921.922	11147.78
922.099	10807.81
922.276	11293.18
922.453	11543.03
922.63	10977.8
922.807	11438.59
922.984	11510.27
923.161	11067.91
923.338	11043.33
923.514	10988.03
923.691	11502.08
923.868	11450.88
924.045	10928.64
924.222	10627.59
924.399	11080.19
924.575	11338.24
924.752	11000.32
924.929	10740.23
925.105	11211.26
925.282	10932.74
925.459	10945.03
925.635	10908.16
925.812	11244.03
925.989	10961.41
926.165	10535.43
926.342	10150.42
926.518	10742.28
926.695	10521.1
926.871	10189.33
927.048	10275.34
927.224	10955.27
927.401	10582.54
927.577	10306.06
927.754	9814.55
927.93	10897.92
928.107	10664.46
928.283	9994.77
928.459	10168.85
928.636	10740.23
928.812	10371.6
928.988	10027.54
929.165	9683.48
929.341	10174.99
929.517	10244.62
929.693	10371.6
929.87	9527.83
930.046	10349.07
930.222	10107.41
930.398	9613.85
930.574	9736.73
930.751	9845.27
930.927	9808.4
931.103	9470.49
931.279	9699.86
931.455	9898.52
931.631	9925.14
931.807	9042.46
931.983	9185.82
932.159	9175.58
932.335	9755.16
932.511	9204.25
932.687	9124.38
932.863	9501.21
933.039	9521.69
933.215	8892.96
933.391	8579.62
933.566	9155.1
933.742	9302.56
933.918	8649.25
934.094	8272.43
934.27	9077.28
934.445	8847.91
934.621	8630.82
934.797	8208.94
934.973	8841.76
935.148	8620.58
935.324	7907.89
935.5	7809.59
935.675	8698.41
935.851	8452.65
936.027	8038.96
936.202	7889.46
936.378	8262.19
936.553	7930.42
936.729	8421.93
936.904	7283.26
937.08	7455.29
937.255	7426.62
937.431	7217.72
937.606	6744.64
937.782	7002.69
937.957	7248.44
938.133	6574.66
938.308	6502.98
938.483	6918.72
938.659	6586.95
938.834	6636.1
939.009	6132.3
939.185	6474.31
939.36	6058.57
939.535	5419.61
939.71	5888.59
939.886	6517.32
940.061	6169.16
940.236	6126.16
940.411	5870.16
940.586	6187.6
940.761	6175.31
940.937	5567.06
941.112	5442.14
941.287	5792.34
941.462	5716.56
941.637	5335.64
941.812	5415.51
941.987	5624.4
942.162	5425.75
942.337	5276.25
942.512	5161.56
942.687	5898.83
942.862	5431.9
943.037	4848.22
943.212	4530.79
943.386	5317.21
943.561	5317.21
943.736	5091.93
943.911	5595.73
944.086	5706.32
944.26	5505.62
944.435	5040.73
944.61	5235.29
944.785	5534.29
944.959	5870.16
945.134	5026.4
945.309	4895.33
945.483	5116.51
945.658	5481.05
945.833	4706.91
946.007	4883.04
946.182	5775.95
946.357	5229.15
946.531	4887.14
946.706	5286.49
946.88	5104.22
947.055	5556.82
947.229	5206.62
947.404	4977.25
947.578	5558.87
947.752	5522.01
947.927	4880.99
948.101	4819.55
948.276	5802.58
948.45	5681.75
948.624	5466.71
948.799	5010.01
948.973	5304.92
949.147	5311.07
949.321	4917.86
949.496	5096.03
949.67	5993.04
949.844	5474.9
950.018	5196.38
950.193	5339.74
950.367	6056.53
950.541	5591.64
950.715	5517.91
950.889	5403.22
951.063	5708.37
951.237	5872.21
951.411	5161.56
951.585	5450.33
951.759	5929.55
951.933	5911.12
952.107	5315.16
952.281	5554.77
952.455	5968.46
952.629	6007.38
952.803	5663.32
952.977	5452.38
953.151	6128.21
953.325	5939.79
953.499	5767.76
953.672	5343.83
953.846	5667.41
954.02	5990.99
954.194	5632.6
954.368	5333.59
954.541	6210.12
954.715	5900.88
954.889	5698.13
955.062	5329.5
955.236	5663.32
955.41	6048.33
955.583	5845.59
955.757	5429.85
955.93	6077.01
956.104	5763.67
956.278	5501.53
956.451	5876.31
956.625	6330.95
956.798	6441.54
956.972	6062.67
957.145	5423.7
957.319	6414.92
957.492	6224.46
957.665	6173.26
957.839	5755.47
958.012	6341.19
958.185	5984.85
958.359	5696.08
958.532	5878.35
958.705	6134.35
958.879	6134.35
959.052	6013.52
959.225	5597.78
959.398	6171.21
959.572	6236.75
959.745	5757.52
959.918	5628.5
960.091	6287.95
960.264	6636.1
960.438	5622.36
960.611	5671.51
960.784	6578.76
960.957	6074.96
961.13	6400.58
961.303	5900.88
961.476	6095.44
961.649	6535.75
961.822	5702.23
961.995	5954.13
962.168	6109.77
962.341	6482.5
962.514	5806.67
962.686	5636.69
962.859	6287.95
963.032	6314.57
963.205	5829.2
963.378	5481.05
963.551	5984.85
963.723	5909.07
963.896	6001.23
964.069	5890.64
964.242	6183.5
964.414	6666.82
964.587	5814.87
964.76	5829.2
964.932	6296.14
965.105	5954.13
965.278	5694.04
965.45	5612.12
965.623	6316.62
965.795	6214.22
965.968	5737.04
966.14	5661.27
966.313	6048.33
966.485	6193.74
966.658	5466.71
966.83	5552.73
967.003	6175.31
967.175	6140.49
967.348	5593.69
967.52	5612.12
967.692	6580.81
967.865	5947.98
968.037	5470.81
968.209	5694.04
968.382	5923.41
968.554	6005.33
968.726	5276.25
968.898	5206.62
969.071	6122.06
969.243	5853.78
969.415	5448.28
969.587	5663.32
969.759	6150.73
969.932	5677.65
970.104	5456.47
970.276	5104.22
970.448	5468.76
970.62	5800.53
970.792	5818.96
970.964	5395.03
971.136	6197.84
971.308	5882.45
971.48	5302.87
971.652	5300.83
971.824	6117.97
971.996	5681.75
972.168	5321.31
972.339	5390.94
972.511	5722.71
972.683	5823.06
972.855	5661.27
973.027	5161.56
973.199	5933.65
973.37	5827.15
973.542	5417.56
973.714	5378.65
973.886	5407.32
974.057	5804.63
974.229	5153.37
974.401	5155.42
974.572	5360.22
974.744	5180
974.915	5171.8
975.087	5223
975.259	6040.14
975.43	5423.7
975.602	5132.89
975.773	5061.21
975.945	5435.99
976.116	5603.93
976.288	5057.12
976.459	5315.16
976.63	5253.72
976.802	5685.84
976.973	4919.9
977.145	5347.93
977.316	6081.1
977.487	6302.28
977.659	5390.94
977.83	5182.04
978.001	5741.14
978.172	5653.08
978.344	4786.79
978.515	4907.62
978.686	5276.25
978.857	5589.59
979.028	4977.25
979.2	4692.58
979.371	5659.22
979.542	5206.62
979.713	5083.74
979.884	4352.62
980.055	5180
980.226	5237.34
980.397	4803.17
980.568	4590.18
980.739	5354.07
980.91	4940.38
981.081	5014.11
981.252	4713.06
981.423	5106.27
981.594	5147.23
981.765	4641.38
981.936	4837.98
982.106	4964.96
982.277	5368.41
982.448	4455.01
982.619	4829.79
982.79	4729.44
982.96	4956.77
983.131	4614.76
983.302	4188.78
983.472	5075.55
983.643	5194.33
983.814	4942.43
983.984	4375.14
984.155	4891.23
984.326	5171.8
984.496	4694.63
984.667	4514.41
984.837	4498.02
985.008	5202.52
985.178	4936.29
985.349	4412.01
985.519	4743.78
985.69	4512.36
985.86	4350.57
986.031	4346.47
986.201	4754.02
986.371	4807.27
986.542	4291.18
986.712	4117.1
986.882	4811.36
987.053	4776.55
987.223	4151.92
987.393	4616.8
987.563	4588.13
987.734	4837.98
987.904	4713.06
988.074	4117.1
988.244	4506.21
988.414	4608.61
988.585	4026.99
988.755	4170.35
988.925	4401.77
989.095	5083.74
989.265	3998.32
989.435	3949.17
989.605	4522.6
989.775	4684.39
989.945	4477.54
990.115	3746.42
990.285	4444.77
990.455	4235.88
990.625	4143.72
990.795	3762.8
990.965	4622.95
991.134	4053.61
991.304	3865.2
991.474	3670.64
991.644	4262.51
991.814	4489.83
991.984	3486.33
992.153	3840.62
992.323	4053.61
992.493	4354.66
992.662	3713.65
992.832	4033.13
993.002	4039.28
993.171	4485.73
993.341	3574.39
993.511	3746.42
993.68	4055.66
993.85	4192.87
994.019	3496.57
994.189	3535.48
994.358	3981.93
994.528	3975.79
994.697	3238.52
994.867	3377.78
995.036	4137.58
995.206	3836.53
995.375	3318.39
995.544	3809.9
995.714	4217.45
995.883	4039.28
996.052	3824.24
996.222	3091.07
996.391	4229.74
996.56	3924.59
996.73	3359.35
996.899	3244.67
997.068	4219.5
997.237	3930.73
997.406	3261.05
997.576	3170.94
997.745	4344.42
997.914	3850.86
998.083	2902.65
998.252	3271.29
998.421	3852.91
998.59	3555.96
998.759	3146.36
998.928	2847.36
999.097	3947.12
999.266	3732.08
999.435	3332.73
999.604	2916.99
999.773	3848.82
999.942	3560.05
1000.111	2896.51
1000.28	2728.58
1000.448	3459.7
1000.617	3211.9
1000.786	3132.03
1000.955	2902.65
1001.124	3863.15
1001.292	4074.09
1001.461	2900.61
1001.63	2880.13
1001.798	3625.59
1001.967	3408.5
1002.136	2876.03
1002.304	2828.93
1002.473	3703.41
1002.642	3345.02
1002.81	3031.68
1002.979	3082.88
1003.147	3715.7
1003.316	3648.11
1003.484	2777.73
1003.653	2818.69
1003.821	3308.15
1003.99	3060.35
1004.158	3066.49
1004.327	2880.13
1004.495	3259
1004.663	3148.41
1004.832	3027.58
1005	2429.57
1005.168	3129.98
1005.337	3068.54
1005.505	2347.65
1005.673	2953.85
1005.842	3469.94
1006.01	2990.72
1006.178	2572.93
1006.346	2429.57
1006.514	3000.96
1006.683	3609.2
1006.851	2452.1
1007.019	2730.62
1007.187	2941.57
1007.355	2550.4
1007.523	2226.82
1007.691	2265.74
1007.859	2701.95
1008.027	3478.13
1008.195	2407.05
1008.363	2101.9
1008.531	2779.78
1008.699	2945.66
1008.867	2171.53
1009.035	2251.4
1009.203	3322.49
1009.37	2712.19
1009.538	2261.64
1009.706	3162.75
1009.874	2888.32
1010.042	2765.44
1010.209	1942.16
1010.377	2138.76
1010.545	2890.37
1010.713	2765.44
1010.88	2097.8
1011.048	2245.26
1011.216	2742.91
1011.383	2951.81
1011.551	2116.23
1011.718	2087.56
1011.886	2835.07
1012.054	2910.85
1012.221	1995.4
1012.389	2042.51
1012.556	2488.96
1012.724	2955.9
1012.891	2120.33
1013.058	1782.42
1013.226	2687.62
1013.393	2624.13
1013.561	1895.05
1013.728	1845.9
1013.895	2851.46
1014.063	2585.22
1014.23	1745.55
1014.397	1864.33
1014.565	2620.03
1014.732	2474.63
1014.899	1675.92
1015.066	1856.14
1015.233	2583.17
1015.401	2552.45
1015.568	1901.2
1015.735	2120.33
1015.902	2706.05
1016.069	2683.52
1016.236	1841.81
1016.403	1614.48
1016.57	2013.84
1016.737	2747.01
1016.904	1694.35
1017.071	1458.84
1017.238	2030.22
1017.405	2265.74
1017.572	1630.87
1017.739	2038.41
1017.906	2822.78
1018.073	2556.55
1018.24	1565.33
1018.407	1817.23
1018.573	2359.94
1018.74	2173.58
1018.907	1649.3
1019.074	1286.81
1019.241	2273.93
1019.407	2187.91
1019.574	1491.6
1019.741	1342.1
1019.907	2548.36
1020.074	2630.27
1020.241	1254.04
1020.407	1424.02
1020.574	2036.36
1020.74	2101.9
1020.907	1550.99
1021.073	1368.73
1021.24	2749.06
1021.406	2204.3
1021.573	1231.51
1021.739	1516.18
1021.906	2376.33
1022.072	2120.33
1022.239	1385.11
1022.405	1487.51
1022.571	2212.49
1022.738	2136.71
1022.904	1362.58
1023.07	1602.19
1023.237	2034.32
1023.403	2253.45
1023.569	1436.31
1023.735	1516.18
1023.902	2112.14
1024.068	1997.45
1024.234	1200.79
1024.4	1239.7
1024.566	1860.24
1024.732	2036.36
1024.898	1409.69
1025.065	1022.62
1025.231	1831.57
1025.397	1761.94
1025.563	1340.05
1025.729	1221.27
1025.895	1389.21
1026.061	1559.19
1026.227	899.74
1026.392	1264.28
1026.558	1845.9
1026.724	1946.25
1026.89	1202.84
1027.056	1251.99
1027.222	1612.43
1027.388	1725.07
1027.553	1182.36
1027.719	1118.87
1027.885	2230.92
1028.051	1843.85
1028.216	907.93
1028.382	1108.63
1028.548	1852.05
1028.713	1727.12
1028.879	871.07
1029.045	1434.26
1029.21	2005.64
1029.376	1827.47
1029.541	1098.39
1029.707	1084.06
1029.873	1837.71
1030.038	1825.42
1030.204	1094.3
1030.369	1014.43
1030.534	1600.15
1030.7	1481.36
1030.865	1012.38
1031.031	860.83
1031.196	1604.24
1031.361	1567.38
1031.527	922.27
1031.692	928.41
1031.857	1182.36
1032.023	1651.35
1032.188	811.68
1032.353	903.84
1032.518	1733.26
1032.684	1475.22
1032.849	766.62
1033.014	1039
1033.179	1467.03
1033.344	1618.58
1033.509	1096.35
1033.674	922.27
1033.839	1665.68
1034.004	1548.95
1034.17	869.02
1034.335	660.13
1034.5	1452.69
1034.664	1338.01
1034.829	875.17
1034.994	965.28
1035.159	1188.5
1035.324	1630.87
1035.489	907.93
1035.654	871.07
1035.819	2118.28
1035.984	1604.24
1036.148	1045.15
1036.313	856.73
1036.478	1655.44
1036.643	1350.29
1036.807	772.77
1036.972	750.24
1037.137	1852.05
1037.301	1313.43
1037.466	549.54
1037.631	996
1037.795	1518.23
1037.96	1241.75
1038.124	1051.29
1038.289	662.18
1038.454	1358.49
1038.618	1581.71
1038.783	918.17
1038.947	858.78
1039.111	1088.15
1039.276	1204.89
1039.44	701.09
1039.605	1434.26
1039.769	1198.74
1039.933	1204.89
1040.098	840.35
1040.262	1133.21
1040.426	1417.88
1040.591	1313.43
1040.755	633.51
1040.919	672.42
1041.083	1491.6
1041.248	1168.02
1041.412	426.66
1041.576	621.22
1041.74	1190.55
1041.904	1182.36
1042.068	594.59
1042.232	694.94
1042.397	1653.39
1042.561	1155.74
1042.725	391.84
1042.889	729.76
1043.053	1213.08
1043.217	1071.77
1043.381	514.72
1043.544	461.48
1043.708	1176.22
1043.872	860.83
1044.036	328.36
1044.2	377.51
1044.364	1307.29
1044.528	1426.07
1044.691	8604.2
1044.855	408.23
1045.019	1137.31
1045.183	1262.23
1045.346	572.07
1045.51	426.66
1045.674	1256.09
1045.837	1172.12
1046.001	486.05
1046.165	428.71
1046.328	1622.67
1046.492	1012.38
1046.655	826.01
1046.819	549.54
1046.983	981.66
1047.146	959.13
1047.31	635.55
1047.473	133.8
1047.636	1057.43
1047.8	850.59
1047.963	580.26
1048.127	385.7
1048.29	785.05
