345.52	-1307.97
345.736	-1307.97
345.952	-1307.97
346.168	-1318.21
346.384	-1381.7
346.6	-220.5
346.816	-175.44
347.032	-189.78
347.248	486.05
347.464	-363.86
347.68	-298.32
347.896	8.87
348.112	365.22
348.328	-101.72
348.544	51.88
348.76	197.29
348.975	240.3
349.191	-449.87
349.407	-398.67
349.623	156.33
349.839	127.66
350.055	-343.38
350.27	0.68
350.486	86.7
350.702	217.77
350.918	303.78
351.133	-130.39
351.349	115.37
351.565	613.03
351.781	-335.18
351.996	-54.61
352.212	162.47
352.428	137.9
352.644	-267.6
352.859	-255.31
353.075	170.66
353.291	133.8
353.506	-253.27
353.722	-453.97
353.938	-38.23
354.153	467.62
354.369	293.54
354.584	-365.9
354.8	246.44
355.016	-87.38
355.231	-394.58
355.447	-163.15
355.662	377.51
355.878	762.53
356.093	-503.12
356.309	-122.2
356.524	-126.29
356.74	543.39
356.955	-435.53
357.171	-148.82
357.386	187.05
357.602	-64.85
357.817	-148.82
358.033	-310.61
358.248	307.88
358.464	271.01
358.679	-161.11
358.895	-425.29
359.11	-23.89
359.325	127.66
359.541	445.09
359.756	-103.76
359.972	-202.07
360.187	486.05
360.402	-337.23
360.618	-175.44
360.833	1632.91
361.048	203.43
361.264	-206.16
361.479	-46.42
361.694	207.53
361.909	144.04
362.125	-308.56
362.34	-269.65
362.555	299.69
362.77	228.01
362.986	-392.53
363.201	-286.03
363.416	252.58
363.631	35.5
363.847	-404.82
364.062	-292.18
364.277	101.03
364.492	-56.66
364.707	-367.95
364.922	-398.67
365.138	309.93
365.353	410.28
365.568	-527.69
365.783	-230.74
365.998	352.93
366.213	582.31
366.428	-415.05
366.643	141.99
366.858	225.96
367.073	303.78
367.288	-279.89
367.503	-349.52
367.718	8.87
367.933	567.97
368.148	-277.84
368.363	-3.41
368.578	213.67
368.793	557.73
369.008	-210.26
369.223	-374.1
369.438	342.69
369.653	197.29
369.868	-437.58
370.083	-308.56
370.298	252.58
370.513	586.4
370.728	156.33
370.943	-296.27
371.157	-46.42
371.372	684.7
371.587	-388.43
371.802	-421.2
372.017	103.08
372.232	496.29
372.446	-13.65
372.661	-392.53
372.876	205.48
373.091	303.78
373.306	-169.3
373.52	-451.92
373.735	66.22
373.95	567.97
374.165	-177.49
374.379	-220.5
374.594	-9.56
374.809	410.28
375.023	21.16
375.238	-277.84
375.453	404.13
375.667	-58.71
375.882	-255.31
376.097	-286.03
376.311	-11.61
376.526	254.63
376.741	-431.44
376.955	289.45
377.17	502.44
377.384	950.94
377.599	-11.61
377.813	-376.14
378.028	783.01
378.242	346.79
378.457	-154.96
378.672	-453.97
378.886	10.92
379.101	125.61
379.315	-539.98
379.53	-286.03
379.744	404.13
379.958	303.78
380.173	-331.09
380.387	-318.8
380.602	381.6
380.816	92.84
381.031	-224.59
381.245	-212.31
381.459	246.44
381.674	1110.68
381.888	-492.88
382.103	217.77
382.317	27.31
382.531	494.24
382.746	-38.23
382.96	-316.75
383.174	133.8
383.388	701.09
383.603	70.31
383.817	-439.63
384.031	105.13
384.246	432.8
384.46	41.64
384.674	737.95
384.888	31.4
385.103	385.7
385.317	-408.91
385.531	21.16
385.745	746.14
385.959	397.99
386.174	-298.32
386.388	-331.09
386.602	117.42
386.816	107.18
387.03	-142.68
387.244	-179.54
387.458	289.45
387.672	418.47
387.887	-480.59
388.101	-275.79
388.315	324.26
388.529	203.43
388.743	-208.21
388.957	-200.02
389.171	549.54
389.385	2.73
389.599	-300.37
389.813	12.97
390.027	170.66
390.241	787.1
390.455	-222.55
390.669	-62.8
390.883	103.08
391.097	590.5
391.311	168.62
391.525	-234.83
391.738	537.25
391.952	500.39
392.166	-3.41
392.38	-359.76
392.594	414.37
392.808	328.36
393.022	-134.48
393.236	-208.21
393.449	228.01
393.663	586.4
393.877	-339.28
394.091	-19.8
394.305	164.52
394.518	170.66
394.732	-263.51
394.946	-134.48
395.16	793.25
395.373	221.86
395.587	-306.51
395.801	-308.56
396.015	443.04
396.228	320.17
396.442	-316.75
396.656	-441.68
396.869	397.99
397.083	746.14
397.297	-50.52
397.51	-140.63
397.724	295.59
397.938	328.36
398.151	-478.54
398.365	-281.94
398.578	565.92
398.792	602.79
399.005	172.71
399.219	-200.02
399.433	357.03
399.646	445.09
399.86	148.14
400.073	221.86
400.287	336.55
400.5	361.13
400.714	84.65
400.927	0.68
401.141	535.2
401.354	1897.1
401.567	629.41
401.781	-417.1
401.994	299.69
402.208	780.96
402.421	-27.99
402.635	-103.76
402.848	23.21
403.061	408.23
403.275	-60.76
403.488	-267.6
403.701	467.62
403.915	668.32
404.128	150.18
404.341	-195.92
404.555	707.23
404.768	127.66
404.981	176.81
405.195	-114
405.408	475.81
405.621	352.93
405.834	252.58
406.048	-279.89
406.261	486.05
406.474	596.64
406.687	-208.21
406.9	17.07
407.114	367.27
407.327	545.44
407.54	-191.83
407.753	-363.86
407.966	119.46
408.179	373.41
408.392	-146.77
408.605	-335.18
408.819	416.42
409.032	465.57
409.245	-89.43
409.458	215.72
409.671	316.07
409.884	514.72
410.097	-269.65
410.31	176.81
410.523	692.9
410.736	240.3
410.949	55.98
411.162	-54.61
411.375	432.8
411.588	455.33
411.801	205.48
412.014	-152.91
412.227	146.09
412.44	371.37
412.653	-122.2
412.865	273.06
413.078	555.68
413.291	547.49
413.504	172.71
413.717	-191.83
413.93	610.98
414.143	125.61
414.356	121.51
414.568	-212.31
414.781	529.06
414.994	496.29
415.207	141.99
415.42	105.13
415.632	354.98
415.845	846.49
416.058	-283.98
416.271	-249.17
416.483	469.67
416.696	793.25
416.909	-200.02
417.121	-44.37
417.334	248.49
417.547	617.12
417.759	-146.77
417.972	-89.43
418.185	365.22
418.397	516.77
418.61	-11.61
418.823	-111.96
419.035	778.91
419.248	434.85
419.46	23.21
419.673	168.62
419.885	207.53
420.098	551.59
420.311	23.21
420.523	-275.79
420.736	582.31
420.948	438.95
421.161	-5.46
421.373	-216.4
421.586	289.45
421.798	209.58
422.01	-122.2
422.223	277.16
422.435	258.73
422.648	692.9
422.86	-32.08
423.073	19.11
423.285	348.84
423.497	117.42
423.71	21.16
423.922	64.17
424.134	686.75
424.347	922.27
424.559	367.27
424.771	479.91
424.984	524.96
425.196	553.63
425.408	-171.35
425.621	-175.44
425.833	733.86
426.045	830.11
426.257	-167.25
426.47	164.52
426.682	299.69
426.894	459.43
427.106	-5.46
427.318	213.67
427.531	428.71
427.743	572.07
427.955	260.77
428.167	866.97
428.379	418.47
428.591	338.6
428.804	225.96
429.016	51.88
429.228	533.15
429.44	639.65
429.652	13773.27
429.864	-64.85
430.076	451.24
430.288	565.92
430.5	314.02
430.712	289.45
430.924	647.84
431.136	680.61
431.348	-134.48
431.56	107.18
431.772	338.6
431.984	330.41
432.196	-27.99
432.408	98.99
432.62	567.97
432.832	639.65
433.044	563.87
433.256	314.02
433.468	674.46
433.679	238.25
433.891	-124.24
434.103	586.4
434.315	1024.67
434.527	674.46
434.739	352.93
434.95	203.43
435.162	557.73
435.374	311.97
435.586	330.41
435.798	156.33
436.009	512.67
436.221	426.66
436.433	305.83
436.645	174.76
436.856	514.72
437.068	1030.81
437.28	152.23
437.491	471.72
437.703	727.71
437.915	731.81
438.126	74.41
438.338	766.62
438.55	492.2
438.761	592.55
438.973	277.16
439.184	232.1
439.396	545.44
439.608	656.03
439.819	148.14
440.031	428.71
440.242	864.93
440.454	840.35
440.665	256.68
440.877	443.04
441.088	938.65
441.3	815.77
441.511	74.41
441.723	289.45
441.934	1057.43
442.146	905.88
442.357	412.32
442.569	873.12
442.78	920.22
442.991	1391.25
443.203	889.5
443.414	248.49
443.626	1141.4
443.837	666.27
444.048	219.82
444.26	127.66
444.471	860.83
444.682	821.92
444.894	201.38
445.105	213.67
445.316	1067.67
445.528	985.76
445.739	518.82
445.95	471.72
446.161	758.43
446.373	887.45
446.584	469.67
446.795	350.89
447.006	1163.93
447.217	1028.76
447.429	199.34
447.64	207.53
447.851	1610.39
448.062	1127.07
448.273	125.61
448.484	264.87
448.695	926.36
448.907	993.95
449.118	549.54
449.329	758.43
449.54	750.24
449.751	682.66
449.962	416.42
450.173	357.03
450.384	987.8
450.595	1131.16
450.806	441
451.017	486.05
451.228	1188.5
451.439	1028.76
451.65	500.39
451.861	39.59
452.072	733.86
452.283	971.42
452.494	686.75
452.705	447.14
452.915	1524.37
453.126	1014.43
453.337	674.46
453.548	322.21
453.759	1311.38
453.97	1350.29
454.181	1122.97
454.391	443.04
454.602	1018.52
454.813	1477.27
455.024	627.36
455.235	508.58
455.445	1333.91
455.656	938.65
455.867	891.55
456.078	488.1
456.288	844.45
456.499	1198.74
456.71	467.62
456.921	942.75
457.131	1090.2
457.342	1024.67
457.553	602.79
457.763	635.55
457.974	1012.38
458.184	1266.33
458.395	621.22
458.606	416.42
458.816	1479.32
459.027	1538.71
459.237	805.53
459.448	567.97
459.659	1368.73
459.869	2155.15
460.08	365.22
460.29	887.45
460.501	1503.89
460.711	1297.05
460.922	408.23
461.132	543.39
461.343	2169.48
461.553	1032.86
461.764	621.22
461.974	815.77
462.184	1469.08
462.395	1424.02
462.605	844.45
462.816	455.33
463.026	1446.55
463.236	1403.54
463.447	766.62
463.657	768.67
463.867	1540.76
464.078	1295
464.288	754.34
464.498	944.8
464.709	1421.97
464.919	1450.64
465.129	1034.91
465.339	740
465.55	1356.44
465.76	1630.87
465.97	955.04
466.18	991.9
466.391	1667.73
466.601	1536.66
466.811	1090.2
467.021	787.1
467.231	1667.73
467.441	1823.37
467.651	991.9
467.862	844.45
468.072	1487.51
468.282	1600.15
468.492	903.84
468.702	1278.62
468.912	1702.54
469.122	2433.67
469.332	1491.6
469.542	1028.76
469.752	2126.47
469.962	1763.98
470.172	1041.05
470.382	1114.78
470.592	1933.97
470.802	1913.49
471.012	1483.41
471.222	1313.43
471.432	1815.18
471.642	1876.62
471.852	1495.7
472.062	1186.46
472.272	1981.07
472.482	1594
472.691	1421.97
472.901	1372.82
473.111	1675.92
473.321	2491.01
473.531	1372.82
473.741	1643.15
473.95	2175.63
474.16	2032.27
474.37	1579.67
474.58	1419.93
474.79	2663.04
474.999	2179.72
475.209	1581.71
475.419	1727.12
475.628	2273.93
475.838	2534.02
476.048	1809.04
476.258	1383.06
476.467	2589.32
476.677	2103.95
476.886	2118.28
477.096	1927.82
477.306	2253.45
477.515	2456.2
477.725	2032.27
477.935	2040.46
478.144	2986.62
478.354	2392.71
478.563	2003.6
478.773	1956.49
478.982	2628.23
479.192	2642.56
479.401	2157.19
479.611	2044.56
479.82	2382.47
480.03	2572.93
480.239	2046.6
480.449	1983.12
480.658	3082.88
480.868	2824.83
481.077	2400.9
481.287	2232.97
481.496	2806.4
481.705	3168.89
481.915	2732.67
482.124	2597.51
482.333	2996.86
482.543	3379.83
482.752	2683.52
482.961	2337.42
483.171	3166.84
483.38	2851.46
483.589	2628.23
483.799	2536.07
484.008	3050.11
484.217	2941.57
484.426	2738.82
484.636	2564.74
484.845	3086.97
485.054	2820.74
485.263	3267.19
485.472	2681.47
485.682	3377.78
485.891	3160.7
486.1	2517.64
486.309	2812.54
486.518	3510.9
486.727	4149.87
486.936	2853.5
487.146	2996.86
487.355	3762.8
487.564	3281.53
487.773	3113.6
487.982	3056.25
488.191	3347.06
488.4	3852.91
488.609	3056.25
488.818	3052.16
489.027	4063.85
489.236	3900.02
489.445	3060.35
489.654	3009.15
489.863	4078.19
490.072	3617.4
490.281	3893.87
490.49	3367.54
490.698	4029.04
490.907	4475.49
491.116	3461.75
491.325	3222.14
491.534	4074.09
491.743	3943.02
491.952	3543.67
492.16	3594.87
492.369	4158.06
492.578	4424.3
492.787	3666.55
492.996	3248.76
493.204	4018.8
493.413	4711.01
493.622	3482.23
493.831	3512.95
494.039	4760.16
494.248	3943.02
494.457	3684.98
494.665	3541.62
494.874	4393.58
495.083	4903.52
495.291	3756.66
495.5	3707.51
495.709	4622.95
495.917	4428.39
496.126	4031.09
496.335	3768.95
496.543	4471.4
496.752	4418.15
496.96	4332.14
497.169	3881.58
497.377	4332.14
497.586	4680.29
497.794	4125.29
498.003	3904.11
498.211	4739.68
498.42	4811.36
498.628	4203.11
498.837	3957.36
499.045	4625
499.254	4620.9
499.462	4172.4
499.671	3908.21
499.879	5497.43
500.087	4844.13
500.296	4033.13
500.504	4217.45
500.713	4717.15
500.921	5223
501.129	4117.1
501.338	4209.26
501.546	4930.14
501.754	4713.06
501.962	4518.5
502.171	4287.08
502.379	5190.24
502.587	5147.23
502.795	4528.74
503.004	4426.34
503.212	5225.05
503.42	5151.32
503.628	4532.84
503.837	4711.01
504.045	5055.07
504.253	5749.33
504.461	4512.36
504.669	4248.17
504.877	5544.53
505.085	5284.44
505.294	4354.66
505.502	4985.44
505.71	5681.75
505.918	5210.72
506.126	4442.73
506.334	4567.65
506.542	5313.11
506.75	5313.11
506.958	5034.59
507.166	4856.42
507.374	5063.26
507.582	5642.84
507.79	4975.2
507.998	4862.56
508.206	5681.75
508.414	5669.46
508.622	4817.51
508.83	4993.63
509.037	5425.75
509.245	5132.89
509.453	4868.7
509.661	4735.59
509.869	5773.91
510.077	5390.94
510.285	5073.5
510.492	4577.89
510.7	6081.1
510.908	5435.99
511.116	5130.84
511.324	5042.78
511.531	5409.37
511.739	5890.64
511.947	5413.46
512.155	5575.25
512.362	5835.35
512.57	5454.42
512.778	4944.48
512.985	4850.27
513.193	5591.64
513.401	6048.33
513.608	5210.72
513.816	5276.25
514.024	5870.16
514.231	6134.35
514.439	5331.55
514.646	5321.31
514.854	6249.04
515.061	6042.19
515.269	5407.32
515.477	5270.11
515.684	5935.7
515.892	6208.08
516.099	5280.35
516.307	5102.17
516.514	6347.34
516.722	6552.13
516.929	5468.76
517.136	5245.53
517.344	6085.2
517.551	6201.93
517.759	5386.84
517.966	5608.02
518.173	6115.92
518.381	6206.03
518.588	5691.99
518.796	5364.31
519.003	6459.98
519.21	6228.56
519.418	5710.42
519.625	6128.21
519.832	6214.22
520.039	6222.41
520.247	5263.96
520.454	5917.26
520.661	6414.92
520.868	6412.87
521.076	5808.72
521.283	5804.63
521.49	6957.63
521.697	6412.87
521.904	5839.44
522.112	5747.28
522.319	6689.35
522.526	6498.89
522.733	5876.31
522.94	5890.64
523.147	6648.39
523.354	6511.18
523.561	5653.08
523.768	6109.77
523.975	6892.1
524.183	6451.78
524.39	6316.62
524.597	5853.78
524.804	6601.29
525.011	6406.73
525.218	5911.12
525.425	6201.93
525.632	7006.78
525.838	6496.84
526.045	6042.19
526.252	6191.69
526.459	8643.11
526.666	8360.49
526.873	6027.85
527.08	6279.75
527.287	7172.67
527.494	7055.93
527.701	5935.7
527.907	6122.06
528.114	6756.93
528.321	7027.26
528.528	6226.51
528.735	6314.57
528.941	6689.35
529.148	6687.3
529.355	6367.82
529.562	6324.81
529.768	7889.46
529.975	6941.25
530.182	6263.37
530.388	6480.46
530.595	7148.09
530.802	6892.1
531.008	6939.2
531.215	6507.08
531.422	7954.99
531.628	8053.3
531.835	6724.16
532.042	6728.26
532.248	7273.02
532.455	7389.75
532.661	6597.19
532.868	6726.21
533.074	7369.27
533.281	7684.66
533.487	6816.32
533.694	6693.44
533.9	7289.4
534.107	7436.86
534.313	6668.87
534.52	6748.74
534.726	7529.02
534.933	8008.24
535.139	6879.81
535.345	6689.35
535.552	7815.73
535.758	7873.07
535.965	7053.89
536.171	6947.39
536.377	7639.61
536.584	8065.58
536.79	7154.24
536.996	7330.36
537.203	7952.95
537.409	8063.54
537.615	7199.29
537.821	7422.52
538.028	8456.75
538.234	7682.61
538.44	7244.35
538.646	7307.84
538.853	7772.72
539.059	7537.21
539.265	7881.27
539.471	6949.44
539.677	8137.26
539.883	7920.18
540.09	8823.33
540.296	7918.13
540.502	8014.38
540.708	7846.45
540.914	7967.28
541.12	7373.37
541.326	8135.21
541.532	7895.6
541.738	7524.92
541.944	7514.68
542.15	8368.68
542.356	8098.35
542.562	7418.43
542.768	7635.51
542.974	8610.34
543.18	8550.95
543.386	7825.97
543.592	7141.95
543.798	9087.52
544.004	8507.94
544.21	7627.32
544.415	7877.17
544.621	8600.1
544.827	9048.61
545.033	7692.85
545.239	8006.19
545.445	8157.74
545.651	8319.53
545.856	7907.89
546.062	7914.03
546.268	8366.64
546.474	8653.35
546.679	7594.55
546.885	8024.62
547.091	8340.01
547.297	8796.71
547.502	8022.58
547.708	7662.13
547.914	8395.31
548.119	8700.45
548.325	7952.95
548.531	7760.44
548.736	9320.99
548.942	8272.43
549.147	7891.51
549.353	8376.87
549.559	8981.03
549.764	8890.92
549.97	7871.03
550.175	7909.94
550.381	8872.48
550.586	8536.62
550.792	8297
550.997	8018.48
551.203	9126.43
551.408	9089.57
551.614	7987.76
551.819	8262.19
552.025	9196.06
552.23	9056.8
552.435	8167.98
552.641	8665.64
552.846	8759.84
553.052	9312.8
553.257	8462.89
553.462	8477.23
553.668	8618.54
553.873	8983.07
554.078	8192.56
554.283	8348.2
554.489	9239.07
554.694	8839.72
554.899	8368.68
555.105	8880.68
555.31	9333.28
555.515	9271.84
555.72	8553
555.925	9585.18
556.131	9452.06
556.336	9028.13
556.541	8442.41
556.746	8442.41
556.951	9421.34
557.156	9099.81
557.361	8641.06
557.567	9060.9
557.772	9472.54
557.977	9472.54
558.182	8690.21
558.387	8569.38
558.592	9114.14
558.797	9810.45
559.002	8856.1
559.207	8704.55
559.412	9507.35
559.617	9875.99
559.822	8487.47
560.027	8616.49
560.232	9388.57
560.437	9652.76
560.642	8596.01
560.847	8669.73
561.051	9351.71
561.256	9415.19
561.461	8854.05
561.666	8579.62
561.871	9447.96
562.076	9746.97
562.281	8940.07
562.485	8733.22
562.69	9984.53
562.895	9540.12
563.1	9048.61
563.305	8663.59
563.509	9654.81
563.714	9986.58
563.919	8720.93
564.123	8935.97
564.328	9583.13
564.533	9953.81
564.737	8940.07
564.942	8749.61
565.147	9843.22
565.351	9824.79
565.556	8997.41
565.761	9247.26
565.965	9937.43
566.17	9429.53
566.374	9079.33
566.579	9140.77
566.784	9919
566.988	9718.29
567.193	8970.79
567.397	9189.92
567.602	9562.65
567.806	9810.45
568.011	9110.05
568.215	9112.1
568.42	9689.62
568.624	9789.97
568.828	9364
569.033	9445.91
569.237	10211.85
569.442	10123.79
569.646	9118.24
569.85	9361.95
570.055	10072.59
570.259	10029.59
570.463	9673.24
570.668	9396.76
570.872	9796.12
571.076	10000.91
571.281	9636.38
571.485	9511.45
571.689	10019.35
571.893	10365.45
572.098	9599.51
572.302	9368.09
572.506	10297.87
572.71	10226.19
572.914	9437.72
573.119	9308.7
573.323	10179.09
573.527	10478.09
573.731	9517.59
573.935	9378.33
574.139	10168.85
574.343	9992.72
574.547	9576.98
574.751	9810.45
574.955	10332.68
575.159	10560.01
575.364	9708.05
575.568	9320.99
575.772	10232.33
575.976	10383.88
576.18	9650.71
576.383	9726.49
576.587	10643.98
576.791	10570.25
576.995	9693.72
577.199	9675.29
577.403	10261.01
577.607	10600.97
577.811	9581.08
578.015	9867.8
578.219	10404.36
578.422	10619.4
578.626	9982.48
578.83	10131.98
579.034	10744.33
579.238	10568.2
579.442	9937.43
579.645	10635.78
579.849	10572.3
580.053	10938.88
580.257	10261.01
580.46	10201.61
580.664	11008.51
580.868	10895.88
581.071	10406.41
581.275	10164.75
581.479	10402.32
581.682	10779.14
581.886	10017.3
582.09	10326.54
582.293	10885.64
582.497	10807.81
582.7	10580.49
582.904	10162.7
583.107	10920.45
583.311	10773
583.515	10019.35
583.718	10279.44
583.922	11076.1
584.125	11674.1
584.329	10207.76
584.532	10498.57
584.735	11364.86
584.939	11149.82
585.142	10254.86
585.346	10527.24
585.549	11250.17
585.753	11104.77
585.956	10443.28
586.159	10914.31
586.363	11434.49
586.566	11293.18
586.769	10220.05
586.973	10428.94
587.176	11205.12
587.379	11125.25
587.582	10742.28
587.786	10787.33
587.989	11289.09
588.192	12394.99
588.395	10713.61
588.599	11241.98
588.802	11092.48
589.005	11518.46
589.208	11059.71
589.411	10764.81
589.615	11313.66
589.818	11715.06
590.021	10977.8
590.224	10998.27
590.427	11786.74
590.63	11432.44
590.833	10486.28
591.036	10625.54
591.239	11246.08
591.442	11014.66
591.645	11174.4
591.848	10983.94
592.051	11409.92
592.254	11667.96
592.457	11061.76
592.66	11074.05
592.863	11346.43
593.066	11960.82
593.269	11237.89
593.472	11067.91
593.675	11665.91
593.878	11762.17
594.081	10967.56
594.284	10789.38
594.486	11768.31
594.689	11870.71
594.892	11346.43
595.095	11424.25
595.298	11928.05
595.5	11573.75
595.703	11237.89
595.906	11334.14
596.109	11633.15
596.311	11833.85
596.514	10916.36
596.717	11280.89
596.92	12102.13
597.122	12063.22
597.325	10877.44
597.528	11225.6
597.73	12290.54
597.933	12331.5
598.136	11510.27
598.338	10676.74
598.541	12259.82
598.743	12306.93
598.946	11545.08
599.148	11387.39
599.351	12104.18
599.554	12190.19
599.756	11913.72
599.959	11678.2
600.161	12108.27
600.363	12493.29
600.566	11897.33
600.768	11364.86
600.971	12182
601.173	11954.68
601.376	11493.88
601.578	11583.99
601.78	12110.32
601.983	12810.73
602.185	11332.09
602.388	11936.24
602.59	12358.13
602.792	12239.34
602.995	11999.73
603.197	11510.27
603.399	12356.08
603.601	12931.56
603.804	11856.37
604.006	11653.62
604.208	12091.89
604.41	11753.98
604.613	11926
604.815	11729.4
605.017	12521.96
605.219	12317.17
605.421	12468.72
605.623	11905.52
605.826	12763.62
606.028	12831.21
606.23	11911.67
606.432	11690.49
606.634	12829.16
606.836	12394.99
607.038	11549.18
607.24	12229.1
607.442	12452.33
607.644	12425.71
607.846	12116.47
608.048	11698.68
608.25	12628.46
608.452	12227.06
608.654	11940.34
608.856	11661.82
609.058	12339.69
609.26	12790.25
609.462	12014.07
609.664	12036.59
609.866	12542.44
610.067	12495.34
610.269	11731.45
610.471	11905.52
610.673	12356.08
610.875	12632.55
611.077	11698.68
611.278	11962.87
611.48	12284.4
611.682	12823.01
611.884	11930.1
612.085	11885.05
612.287	12470.76
612.489	12311.02
612.69	11788.79
612.892	12319.21
613.094	12993
613.295	12548.59
613.497	11764.22
613.699	12337.65
613.9	12878.31
614.102	12665.32
614.304	12007.92
614.505	11786.74
614.707	12579.31
614.908	12724.71
615.11	11833.85
615.311	12145.14
615.513	12431.85
615.714	12739.05
615.916	11899.38
616.117	12243.44
616.319	12640.75
616.52	12816.87
616.722	11756.02
616.923	12036.59
617.124	13236.7
617.326	12915.17
617.527	12317.17
617.729	12384.75
617.93	12655.08
618.131	12835.3
618.333	11674.1
618.534	12237.3
618.735	12698.09
618.937	12818.92
619.138	12108.27
619.339	11756.02
619.54	12806.63
619.742	12636.65
619.943	12120.56
620.144	12278.26
620.345	13130.21
620.546	12753.38
620.748	12321.26
620.949	12419.57
621.15	13144.55
621.351	12714.47
621.552	12026.36
621.753	12100.08
621.954	12698.09
622.155	13187.55
622.356	12321.26
622.558	12509.68
622.759	13048.29
622.96	13185.51
623.161	12126.71
623.362	12091.89
623.563	12825.06
623.764	12970.47
623.965	12186.1
624.166	12632.55
624.366	12765.67
624.567	12894.69
624.768	12235.25
624.969	12108.27
625.17	12800.49
625.371	12859.88
625.572	12749.29
625.773	12235.25
625.973	12937.7
626.174	13197.79
626.375	12624.36
626.576	12530.16
626.777	13021.67
626.977	13179.36
627.178	12620.27
627.379	12532.2
627.58	12999.14
627.78	12716.52
627.981	12425.71
628.182	12571.11
628.382	13064.68
628.583	12878.31
628.784	12511.72
628.984	12362.22
629.185	12962.28
629.386	13066.72
629.586	12722.66
629.787	12306.93
629.987	12974.56
630.188	13152.74
630.388	12413.42
630.589	12929.51
630.79	13543.9
630.99	13089.25
631.191	12532.2
631.391	12782.06
631.591	13048.29
631.792	13304.29
631.992	12878.31
632.193	12800.49
632.393	13306.34
632.594	13062.63
632.794	12614.12
632.994	12892.65
633.195	13042.15
633.395	13025.76
633.595	12667.37
633.796	12935.65
633.996	13136.35
634.196	13605.34
634.397	12511.72
634.597	12823.01
634.797	13060.58
634.997	13574.62
635.198	13183.46
635.398	12687.85
635.598	13459.93
635.798	13265.38
635.998	13255.14
636.199	12556.78
636.399	12974.56
636.599	12917.22
636.799	12575.21
636.999	13107.68
637.199	13582.81
637.399	13607.39
637.599	12700.14
637.799	12706.28
637.999	13353.44
638.199	13644.25
638.399	12757.48
638.599	12632.55
638.799	13437.41
638.999	13933.01
639.199	13257.18
639.399	13038.05
639.599	13840.86
639.799	13294.05
639.999	12841.45
640.199	12698.09
640.399	13259.23
640.599	13588.96
640.799	13263.33
640.998	13318.62
641.198	13378.01
641.398	13711.83
641.598	13314.53
641.798	13044.2
641.997	14672.33
642.197	13257.18
642.397	13357.53
642.597	12943.85
642.796	13515.23
642.996	13654.49
643.196	13302.24
643.395	12687.85
643.595	13396.45
643.795	13519.32
643.994	12972.52
644.194	13273.57
644.394	14148.05
644.593	13982.17
644.793	12833.25
644.992	13418.97
645.192	13926.87
645.392	13255.14
645.591	13609.44
645.791	13210.08
645.99	13859.29
646.19	13668.83
646.389	13218.27
646.589	13324.77
646.788	13599.2
646.987	13595.1
647.187	13634.01
647.386	13134.31
647.586	13961.69
647.785	13947.35
647.984	12943.85
648.184	13380.06
648.383	13734.36
648.582	13285.86
648.782	13169.12
648.981	13396.45
649.18	13169.12
649.38	13545.95
649.579	13197.79
649.778	13205.99
649.977	13933.01
650.177	13980.12
650.376	13253.09
650.575	13386.21
650.774	14062.04
650.973	13654.49
651.173	13246.94
651.372	13347.3
651.571	13660.63
651.77	13971.93
651.969	13353.44
652.168	13171.17
652.367	13486.56
652.566	13552.09
652.765	13560.28
652.964	13892.05
653.163	14176.72
653.362	13849.05
653.561	13359.58
653.76	13591
653.959	13693.4
654.158	14531.02
654.357	13808.09
654.556	13335.01
654.755	14170.58
654.954	13814.23
655.153	13343.2
655.352	13521.37
655.551	14111.19
655.749	13746.65
655.948	13445.6
656.147	13677.02
656.346	13937.11
656.545	13912.53
656.743	13717.98
656.942	13515.23
657.141	13738.46
657.34	13832.66
657.538	13517.28
657.737	13455.84
657.936	14080.47
658.135	13828.57
658.333	13691.35
658.532	14170.58
658.731	14344.66
658.929	14086.61
659.128	13830.62
659.326	13210.08
659.525	14326.22
659.724	14074.32
659.922	13156.83
660.121	13275.62
660.319	14039.51
660.518	13928.92
660.716	13625.82
660.915	13418.97
661.113	14209.49
661.312	13863.38
661.51	13783.51
661.709	13351.39
661.907	14150.1
662.105	14275.02
662.304	13511.13
662.502	13861.34
662.701	14332.37
662.899	13957.59
663.097	14289.36
663.296	13629.91
663.494	14373.33
663.692	14242.26
663.891	13476.32
664.089	13431.26
664.287	13859.29
664.485	14070.23
664.684	13478.36
664.882	13414.88
665.08	13947.35
665.278	13816.28
665.476	13541.85
665.675	13703.64
665.873	14189.01
666.071	14363.09
666.269	13474.27
666.467	13818.33
666.665	14256.59
666.863	14133.72
667.061	13992.41
667.259	13640.15
667.457	13965.78
667.655	14311.89
667.853	13220.32
668.051	13879.77
668.249	13879.77
668.447	14164.43
668.645	13488.6
668.843	14115.28
669.041	14461.39
669.239	14041.56
669.437	13670.87
669.635	13953.49
669.833	14305.74
670.031	14027.22
670.229	13533.66
670.426	13754.84
670.624	13869.53
670.822	13980.12
671.02	13705.69
671.218	13429.21
671.415	13849.05
671.613	14004.69
671.811	13732.31
672.009	13746.65
672.206	14195.15
672.404	13838.81
672.602	13844.95
672.799	13963.73
672.997	14311.89
673.195	14066.13
673.392	13844.95
673.59	13347.3
673.788	14062.04
673.985	13568.48
674.183	13771.22
674.38	13652.44
674.578	14297.55
674.775	14033.36
674.973	13345.25
675.17	13429.21
675.368	14301.65
675.565	13648.35
675.763	13654.49
675.96	13398.49
676.158	14139.86
676.355	13861.34
676.553	13410.78
676.75	13447.65
676.947	13756.89
677.145	13726.17
677.342	13779.42
677.539	13558.24
677.737	14029.27
677.934	13945.3
678.131	13654.49
678.329	13400.54
678.526	14391.76
678.723	14287.31
678.92	13916.63
679.118	14016.98
679.315	13777.37
679.512	14103
679.709	13543.9
679.906	13607.39
680.104	14027.22
680.301	13930.97
680.498	13353.44
680.695	13457.89
680.892	13730.27
681.089	13822.42
681.286	13513.18
681.483	13130.21
681.68	13486.56
681.877	13916.63
682.075	13443.55
682.272	13642.2
682.469	13775.32
682.665	13781.46
682.862	13248.99
683.059	13079.01
683.256	13816.28
683.453	13760.98
683.65	13582.81
683.847	13662.68
684.044	13656.54
684.241	13789.66
684.438	13343.2
684.635	13001.19
684.831	14238.16
685.028	14358.99
685.225	13302.24
685.422	13771.22
685.619	13775.32
685.815	13742.55
686.012	13394.4
686.209	13191.65
686.405	13474.27
686.602	13713.88
686.799	13271.52
686.996	13472.22
687.192	13519.32
687.389	14248.4
687.586	13165.03
687.782	13148.64
687.979	14445.01
688.175	13945.3
688.372	13091.3
688.568	13388.25
688.765	13543.9
688.962	14100.95
689.158	13468.13
689.355	13050.34
689.551	13912.53
689.748	13586.91
689.944	13365.73
690.14	13091.3
690.337	13689.31
690.533	13752.79
690.73	13248.99
690.926	13335.01
691.123	13332.96
691.319	13595.1
691.515	12931.56
691.712	13091.3
691.908	13844.95
692.104	13484.51
692.301	13263.33
692.497	12845.54
692.693	13586.91
692.889	13363.68
693.086	13314.53
693.282	12945.89
693.478	13720.03
693.674	13945.3
693.87	13083.11
694.067	13001.19
694.263	13820.38
694.459	13574.62
694.655	13511.13
694.851	13390.3
695.047	13498.84
695.243	13781.46
695.439	13281.76
695.635	13138.4
695.831	13482.46
696.027	13214.18
696.224	12909.03
696.42	13568.48
696.615	13890.01
696.811	13763.03
697.007	12814.82
697.203	12892.65
697.399	13504.99
697.595	13734.36
697.791	12925.41
697.987	13253.09
698.183	13316.58
698.379	13201.89
698.575	13052.39
698.77	13038.05
698.966	13486.56
699.162	13672.92
699.358	13048.29
699.554	13230.56
699.749	13910.49
699.945	13574.62
700.141	13027.81
700.337	13208.03
700.532	13085.16
700.728	13167.07
700.924	12874.21
701.119	12751.34
701.315	13281.76
701.511	13306.34
701.706	12949.99
701.902	12454.38
702.097	13228.51
702.293	13466.08
702.489	12810.73
702.684	12716.52
702.88	13410.78
703.075	13044.2
703.271	12683.75
703.466	12536.3
703.662	13003.24
703.857	13122.02
704.053	12833.25
704.248	12763.62
704.443	13570.52
704.639	13500.89
704.834	13261.28
705.03	12954.08
705.225	13036
705.42	13263.33
705.616	12915.17
705.811	12628.46
706.006	12939.75
706.202	12812.78
706.397	12964.32
706.592	12605.93
706.787	13128.16
706.983	12978.66
707.178	13089.25
707.373	12751.34
707.568	13142.5
707.763	13124.07
707.959	12413.42
708.154	12683.75
708.349	13033.96
708.544	13349.34
708.739	13040.1
708.934	12485.1
709.129	13238.75
709.324	13457.89
709.519	12648.94
709.714	12374.51
709.909	13179.36
710.104	13414.88
710.299	12722.66
710.494	12698.09
710.689	12993
710.884	13122.02
711.079	12571.11
711.274	12816.87
711.469	13107.68
711.664	13040.1
711.859	12431.85
712.054	12638.7
712.249	13072.87
712.443	12861.93
712.638	12317.17
712.833	12356.08
713.028	13113.83
713.223	12825.06
713.417	13040.1
713.612	12653.03
713.807	13488.6
714.002	14123.48
714.196	12909.03
714.391	12450.28
714.586	13134.31
714.78	13255.14
714.975	12259.82
715.17	12634.6
715.364	13109.73
715.559	13038.05
715.754	11946.48
715.948	12356.08
716.143	13316.58
716.337	12841.45
716.532	12954.08
716.726	12552.68
716.921	12964.32
717.115	13054.44
717.31	12335.6
717.504	13502.94
717.699	12730.86
717.893	13122.02
718.088	12265.97
718.282	12081.65
718.476	12696.04
718.671	13099.49
718.865	12333.55
719.059	12354.03
719.254	12438
719.448	12997.09
719.642	14770.63
719.837	11962.87
720.031	14426.57
720.225	13013.48
720.419	12261.87
720.614	12061.17
720.808	12599.79
721.002	12438
721.196	12079.6
721.39	11928.05
721.585	12601.83
721.779	12966.37
721.973	12362.22
722.167	11956.72
722.361	12597.74
722.555	13263.33
722.749	12349.93
722.943	12229.1
723.137	12341.74
723.331	12808.68
723.525	12038.64
723.719	12204.53
723.913	12585.45
724.107	12769.77
724.301	11932.15
724.495	12034.55
724.689	13103.59
724.883	12763.62
725.077	12028.4
725.271	12112.37
725.465	12681.71
725.659	12507.63
725.853	12237.3
726.046	11657.72
726.24	12040.69
726.434	12474.86
726.628	12026.36
726.822	11909.62
727.015	12796.39
727.209	13134.31
727.403	12038.64
727.596	11721.21
727.79	12542.44
727.984	12653.03
728.177	12161.52
728.371	12321.26
728.565	12753.38
728.758	12413.42
728.952	12005.88
729.146	11895.29
729.339	12513.77
729.533	12145.14
729.726	12108.27
729.92	11817.46
730.113	12814.82
730.307	12616.17
730.5	12202.48
730.694	12030.45
730.887	12464.62
731.081	12634.6
731.274	12040.69
731.468	12179.95
731.661	12405.23
731.854	12528.11
732.048	11966.96
732.241	11948.53
732.435	12493.29
732.628	12378.61
732.821	12026.36
733.014	11667.96
733.208	12321.26
733.401	12468.72
733.594	11985.4
733.788	11774.45
733.981	12669.42
734.174	12440.04
734.367	11803.13
734.56	12128.75
734.754	12747.24
734.947	12214.77
735.14	11780.6
735.333	12003.83
735.526	12663.27
735.719	12241.39
735.912	11952.63
736.105	11684.34
736.298	12730.86
736.491	12771.82
736.684	11962.87
736.877	11702.78
737.07	12452.33
737.263	13066.72
737.456	11678.2
737.649	11833.85
737.842	12499.44
738.035	12483.05
738.228	12227.06
738.421	12231.15
738.614	12878.31
738.807	12693.99
739	11839.99
739.192	11958.77
739.385	12550.64
739.578	12345.84
739.771	12218.86
739.964	11440.64
740.156	12634.6
740.349	12456.43
740.542	12128.75
740.735	11573.75
740.927	12018.16
741.12	11846.13
741.313	11256.32
741.505	12169.71
741.698	12095.99
741.891	12126.71
742.083	12028.4
742.276	11805.17
742.468	12313.07
742.661	11989.49
742.854	11659.77
743.046	11702.78
743.239	12274.16
743.431	12509.68
743.624	11729.4
743.816	11375.1
744.009	12130.8
744.201	12188.14
744.393	11823.61
744.586	11487.74
744.778	12401.13
744.971	12198.38
745.163	11762.17
745.355	11850.23
745.548	12032.5
745.74	12235.25
745.932	11596.28
746.125	11608.57
746.317	12837.35
746.509	12397.04
746.702	11915.76
746.894	11657.72
747.086	12079.6
747.278	12431.85
747.471	11991.54
747.663	11792.89
747.855	12407.28
748.047	12749.29
748.239	11756.02
748.431	11573.75
748.623	12562.92
748.815	12229.1
749.008	11497.98
749.2	11565.56
749.392	11942.39
749.584	12173.81
749.776	11659.77
749.968	11731.45
750.16	12214.77
750.352	11741.69
750.544	11637.24
750.736	11301.37
750.928	12073.46
751.12	11962.87
751.311	11508.22
751.503	11813.37
751.695	11788.79
751.887	12304.88
752.079	11596.28
752.271	11483.64
752.463	12618.22
752.654	11985.4
752.846	11624.95
753.038	11731.45
753.23	11911.67
753.421	12048.88
753.613	11297.28
753.805	11690.49
753.997	11743.74
754.188	12128.75
754.38	11162.11
754.572	11481.6
754.763	11899.38
754.955	12087.79
755.146	11360.77
755.338	11291.13
755.53	11962.87
755.721	11733.5
755.913	10818.05
756.104	11362.81
756.296	11706.87
756.487	12091.89
756.679	10889.73
756.87	11258.37
757.062	11706.87
757.253	11801.08
757.445	10977.8
757.636	11266.56
757.827	11823.61
758.019	12411.37
758.21	10971.65
758.401	11033.09
758.593	11995.64
758.784	11907.57
758.975	10981.89
759.167	10998.27
759.358	11414.01
759.549	11860.47
759.74	11041.28
759.932	11123.2
760.123	11627
760.314	11702.78
760.505	11115.01
760.696	11110.91
760.888	11911.67
761.079	11667.96
761.27	11031.04
761.461	10766.85
761.652	11874.81
761.843	11321.85
762.034	11047.43
762.225	11534.84
762.416	11559.42
762.607	11522.55
762.798	10965.51
762.989	10938.88
763.18	12567.02
763.371	11465.21
763.562	10865.16
763.753	11035.14
763.944	11469.31
764.135	11407.87
764.326	11166.21
764.517	10746.37
764.708	11538.94
764.899	11373.05
765.089	10551.82
765.28	10437.13
765.471	11090.43
765.662	11379.2
765.853	10705.42
766.043	10586.63
766.234	11309.57
766.425	11221.5
766.615	10760.71
766.806	10514.95
766.997	11358.72
767.187	11266.56
767.378	10385.93
767.569	10568.2
767.759	11190.78
767.95	10895.88
768.141	11028.99
768.331	10652.17
768.522	11100.67
768.712	11080.19
768.903	10404.36
769.093	10373.64
769.284	11100.67
769.474	11033.09
769.665	10367.5
769.855	10031.63
770.046	11502.08
770.236	10996.23
770.426	10816.01
770.617	10441.23
770.807	11039.23
770.998	11317.76
771.188	10734.09
771.378	10424.84
771.569	11104.77
771.759	11008.51
771.949	10080.78
772.139	9998.87
772.33	10842.63
772.52	10828.29
772.71	10191.38
772.9	9970.19
773.09	10953.22
773.281	11082.24
773.471	10113.55
773.661	10228.24
773.851	10668.55
774.041	10750.47
774.231	10062.35
774.421	10586.63
774.611	10834.44
774.802	10541.58
774.992	10201.61
775.182	9904.66
775.372	10717.7
775.562	10750.47
775.752	10134.03
775.942	9982.48
776.131	11053.57
776.321	10557.96
776.511	9624.09
776.701	9939.48
776.891	10934.79
777.081	10471.95
777.271	10113.55
777.461	9953.81
777.651	10566.15
777.84	10850.82
778.03	10211.85
778.22	9783.83
778.41	10521.1
778.599	10373.64
778.789	10144.27
778.979	9607.7
779.169	10473.99
779.358	10232.33
779.548	10285.58
779.738	9619.99
779.927	10361.36
780.117	10179.09
780.307	9777.69
780.496	9343.52
780.686	10594.83
780.875	10947.08
781.065	9839.12
781.254	9841.17
781.444	10109.46
781.633	10138.13
781.823	9548.31
782.012	9558.55
782.202	10068.5
782.391	10330.64
782.581	9761.3
782.77	9994.77
782.96	10533.39
783.149	9900.56
783.338	9650.71
783.528	9400.86
783.717	10383.88
783.906	10570.25
784.096	9787.93
784.285	9382.43
784.474	10033.68
784.663	9785.88
784.853	9476.63
785.042	9849.36
785.231	10086.93
785.42	10185.23
785.61	9884.18
785.799	9501.21
785.988	10580.49
786.177	9832.98
786.366	9638.42
786.555	9959.95
786.744	9974.29
786.933	10160.66
787.122	9073.18
787.312	9298.46
787.501	9779.73
787.69	9916.95
787.879	9374.24
788.068	9216.54
788.257	9558.55
788.445	9716.25
788.634	9296.41
788.823	9071.14
789.012	10244.62
789.201	9968.15
789.39	9239.07
789.579	9159.2
789.768	9959.95
789.957	9757.21
790.145	9159.2
790.334	8948.26
790.523	9310.75
790.712	9636.38
790.9	9267.74
791.089	8839.72
791.278	9867.8
791.467	9740.82
791.655	9683.48
791.844	9753.11
792.033	9822.74
792.221	9544.22
792.41	9239.07
792.599	8835.62
792.787	9564.7
792.976	9785.88
793.164	8913.44
793.353	9167.39
793.541	9708.05
793.73	9847.32
793.918	9200.16
794.107	9071.14
794.295	9679.38
794.484	9437.72
794.672	8806.95
794.861	9032.22
795.049	9562.65
795.238	9914.9
795.426	8436.27
795.614	8845.86
795.803	9576.98
795.991	9626.14
796.179	8694.31
796.368	8641.06
796.556	9644.57
796.744	8870.44
796.932	8829.48
797.121	8532.52
797.309	9349.66
797.497	9400.86
797.685	8872.48
797.874	8512.04
798.062	9378.33
798.25	9677.34
798.438	8534.57
798.626	9034.27
798.814	9490.97
799.002	9609.75
799.19	8927.78
799.378	8976.93
799.566	9441.82
799.755	9474.59
799.943	9030.18
800.131	8878.63
800.318	9359.9
800.506	9531.93
800.694	8598.06
800.882	9021.99
801.07	9835.03
801.258	9443.87
801.446	8864.29
801.634	8970.79
801.822	9478.68
802.01	9753.11
802.197	8854.05
802.385	9239.07
802.573	9822.74
802.761	9243.17
802.949	8897.06
803.136	8577.58
803.324	9513.5
803.512	9259.55
803.699	8929.83
803.887	8643.11
804.075	9527.83
804.262	9441.82
804.45	8540.71
804.638	9091.62
804.825	9314.84
805.013	9364
805.201	8872.48
805.388	8671.78
805.576	9454.11
805.763	9687.57
805.951	8651.3
806.138	8962.59
806.326	9579.03
806.513	9282.08
806.701	8743.46
806.888	8569.38
807.075	9636.38
807.263	9746.97
807.45	8548.9
807.638	8944.16
807.825	9652.76
808.012	9697.81
808.2	9015.84
808.387	9320.99
808.574	9548.31
808.761	9732.63
808.949	8923.68
809.136	9077.28
809.323	9763.35
809.51	9556.5
809.698	9232.93
809.885	9064.99
810.072	9769.49
810.259	9812.5
810.446	8942.11
810.633	8940.07
810.82	9529.88
811.008	9962
811.195	9136.67
811.382	8913.44
811.569	9818.64
811.756	9247.26
811.943	8919.59
812.13	8972.83
812.317	9482.78
812.504	9482.78
812.691	9136.67
812.878	9097.76
813.064	9949.71
813.251	9454.11
813.438	8790.56
813.625	9101.86
813.812	9560.6
813.999	9579.03
814.186	9142.82
814.372	8907.3
814.559	9806.36
814.746	9970.19
814.933	8917.54
815.12	9204.25
815.306	9343.52
815.493	9169.44
815.68	8872.48
815.866	9001.51
816.053	9675.29
816.24	10035.73
816.426	8864.29
816.613	8897.06
816.799	9511.45
816.986	9822.74
817.173	9024.03
817.359	8927.78
817.546	9603.61
817.732	9212.45
817.919	8733.22
818.105	9011.75
818.292	9562.65
818.478	9716.25
818.665	9261.6
818.851	9181.73
819.037	10152.46
819.224	9486.87
819.41	8700.45
819.597	8432.17
819.783	10009.11
819.969	9656.86
820.156	8643.11
820.342	8673.83
820.528	10899.97
820.714	9189.92
820.901	9216.54
821.087	8952.35
821.273	9626.14
821.459	9327.13
821.646	8661.54
821.832	8571.43
822.018	9548.31
822.204	9339.42
822.39	8708.65
822.576	8718.89
822.762	9450.01
822.948	9613.85
823.134	9009.7
823.32	8864.29
823.507	8927.78
823.693	9298.46
823.879	9368.09
824.065	8737.32
824.25	9071.14
824.436	9159.2
824.622	8716.84
824.808	8573.48
824.994	9081.38
825.18	9134.62
825.366	8438.31
825.552	8573.48
825.738	9220.64
825.923	9548.31
826.109	8948.26
826.295	8520.23
826.481	9161.25
826.667	9200.16
826.852	9040.42
827.038	8383.02
827.224	9368.09
827.409	9499.16
827.595	8262.19
827.781	8831.52
827.966	9327.13
828.152	9294.36
828.338	8348.2
828.523	8239.66
828.709	8753.7
828.894	9007.65
829.08	8446.51
829.266	8340.01
829.451	9048.61
829.637	9273.89
829.822	8579.62
830.008	8516.14
830.193	9026.08
830.378	9263.65
830.564	8538.66
830.749	8274.48
830.935	8897.06
831.12	8847.91
831.305	8186.41
831.491	8473.13
831.676	8428.07
831.861	8938.02
832.047	8303.15
832.232	8167.98
832.417	8864.29
832.602	9073.18
832.788	8106.54
832.973	8366.64
833.158	8774.18
833.343	8880.68
833.528	8401.45
833.714	8462.89
833.899	8727.08
834.084	9384.48
834.269	8401.45
834.454	8342.06
834.639	8698.41
834.824	8639.01
835.009	8340.01
835.194	8409.64
835.379	9105.95
835.564	9277.98
835.749	8507.94
835.934	7993.9
836.119	8966.69
836.304	8774.18
836.489	7893.55
836.674	8503.85
836.859	8636.97
837.044	9058.85
837.228	8370.73
837.413	7721.52
837.598	8716.84
837.783	8620.58
837.968	8086.06
838.152	7840.31
838.337	8061.49
838.522	8929.83
838.707	8661.54
838.891	8473.13
839.076	8716.84
839.261	8692.26
839.445	8036.91
839.63	8262.19
839.815	8897.06
839.999	8479.27
840.184	7797.3
840.368	7873.07
840.553	8751.65
840.737	8364.59
840.922	7662.13
841.106	7725.62
841.291	7967.28
841.475	8436.27
841.66	7877.17
841.844	7680.57
842.029	8880.68
842.213	8094.26
842.397	8012.34
842.582	7451.19
842.766	8342.06
842.951	8258.09
843.135	8000.05
843.319	7760.44
843.504	8495.66
843.688	8940.07
843.872	7473.72
844.056	7684.66
844.241	8524.33
844.425	8174.13
844.609	7887.41
844.793	7557.69
844.977	8393.26
845.161	8239.66
845.346	7504.44
845.53	7719.48
845.714	8376.87
845.898	8796.71
846.082	7397.95
846.266	7612.98
846.45	8100.4
846.634	8423.98
846.818	7670.33
847.002	7664.18
847.186	8282.67
847.37	7750.2
847.554	7465.53
847.738	7764.53
847.922	7938.61
848.106	8309.29
848.29	7471.67
848.473	7588.41
848.657	8553
848.841	8028.72
849.025	7463.48
849.209	7387.71
849.392	8088.11
849.576	7846.45
849.76	6988.35
849.944	7684.66
850.127	8405.55
850.311	7719.48
850.495	7316.03
850.678	7244.35
850.862	7907.89
851.046	8020.53
851.229	7844.4
851.413	7150.14
851.596	8120.88
851.78	7844.4
851.964	7283.26
852.147	7266.88
852.331	8272.43
852.514	8217.13
852.698	7189.05
852.881	6861.38
853.065	7809.59
853.248	7647.8
853.431	7111.23
853.615	7170.62
853.798	8606.25
853.982	7901.75
854.165	7322.17
854.348	7070.27
854.532	7578.17
854.715	7594.55
854.898	7029.31
855.081	7053.89
855.265	8329.77
855.448	8260.14
855.631	6974.02
855.814	7123.52
855.997	7524.92
856.181	7615.03
856.364	7092.8
856.547	6855.23
856.73	7578.17
856.913	7666.23
857.096	6697.54
857.279	7103.04
857.462	7529.02
857.645	7666.23
857.828	7154.24
858.011	7090.75
858.194	7594.55
858.377	7524.92
858.56	6734.4
858.743	6871.62
858.926	7352.89
859.109	7537.21
859.292	6851.14
859.475	6799.94
859.658	7586.36
859.841	7455.29
860.023	6650.44
860.206	6718.02
860.389	7316.03
860.572	7496.25
860.755	6801.99
860.937	6863.43
861.12	7203.39
861.303	7258.68
861.486	6783.56
861.668	6605.38
861.851	6959.68
862.034	7555.64
862.216	6890.05
862.399	6459.98
862.581	7287.36
862.764	7291.45
862.947	6611.53
863.129	6425.16
863.312	7006.78
863.494	7440.95
863.677	7447.1
863.859	6357.58
864.042	7311.93
864.224	6988.35
864.406	6814.27
864.589	6187.6
864.771	7008.83
864.954	6961.73
865.136	6414.92
865.318	6246.99
865.501	7481.91
865.683	6648.39
865.865	6623.81
866.048	6392.39
866.23	7131.71
866.412	7057.98
866.594	6173.26
866.777	6580.81
866.959	6836.8
867.141	6767.17
867.323	6875.71
867.505	6781.51
867.687	6777.41
867.869	7010.88
868.052	6365.77
868.234	6378.06
868.416	6947.39
868.598	7047.74
868.78	6531.66
868.962	6142.54
869.144	7213.63
869.326	6922.82
869.508	6574.66
869.69	6398.54
869.872	6662.73
870.054	7352.89
870.236	6087.25
870.417	6066.77
870.599	6767.17
870.781	7338.55
870.963	6543.94
871.145	6287.95
871.327	6582.85
871.508	6996.54
871.69	6459.98
871.872	6384.2
872.054	6808.13
872.235	6947.39
872.417	6578.76
872.599	6173.26
872.78	7629.37
872.962	6890.05
873.144	6011.47
873.325	6515.27
873.507	6933.06
873.689	6840.9
873.87	6064.72
874.052	6353.48
874.233	6709.83
874.415	7356.99
874.596	6337.1
874.778	5995.09
874.959	6599.24
875.141	6847.04
875.322	6105.68
875.503	5855.83
875.685	6767.17
875.866	6183.5
876.048	6095.44
876.229	6060.62
876.41	6556.23
876.592	6931.01
876.773	6359.63
876.954	5962.32
877.136	7010.88
877.317	6709.83
877.498	5864.02
877.679	6273.61
877.86	6777.41
878.042	6677.06
878.223	6126.16
878.404	7051.84
878.585	6996.54
878.766	8737.32
878.947	6681.16
879.128	6550.09
879.309	6806.08
879.49	7260.73
879.672	6410.82
879.853	6277.71
880.034	6615.62
880.215	6885.95
880.396	6720.07
880.576	6310.47
880.757	6781.51
880.938	7393.85
881.119	6294.09
881.3	6318.67
881.481	7002.69
881.662	8018.48
881.843	6109.77
882.023	6312.52
882.204	7346.75
882.385	6900.29
882.566	6312.52
882.747	6584.9
882.927	7129.66
883.108	6994.5
883.289	6398.54
883.469	6646.34
883.65	7064.13
883.831	7174.72
884.011	6832.71
884.192	6353.48
884.373	7131.71
884.553	6949.44
884.734	6689.35
884.914	6857.28
885.095	8018.48
885.275	7379.51
885.456	6685.25
885.636	6359.63
885.817	6906.43
885.997	7213.63
886.178	6441.54
886.358	6476.36
886.538	7023.17
886.719	8792.61
886.899	6486.6
887.08	6722.12
887.26	7275.07
887.44	6910.53
887.621	6623.81
887.801	6855.23
887.981	7647.8
888.161	7662.13
888.342	6926.91
888.522	6548.04
888.702	7434.81
888.882	7506.49
889.062	6816.32
889.242	6431.3
889.423	7565.88
889.603	7467.58
889.783	6994.5
889.963	6724.16
890.143	7213.63
890.323	7426.62
890.503	6701.64
890.683	6849.09
890.863	7135.81
891.043	7336.51
891.223	6881.86
891.403	6808.13
891.583	7266.88
891.763	7471.67
891.943	6892.1
892.122	7082.56
892.302	7236.16
892.482	7389.75
892.662	6984.26
892.842	6867.52
893.022	7223.87
893.201	7273.02
893.381	6756.93
893.561	6681.16
893.741	7361.08
893.92	7035.46
894.1	6664.77
894.28	6959.68
894.459	7324.22
894.639	7035.46
894.819	6412.87
894.998	6652.49
895.178	7146.05
895.357	6996.54
895.537	6269.51
895.716	6244.94
895.896	7111.23
896.075	7410.23
896.255	6382.15
896.434	5966.42
896.614	7557.69
896.793	7316.03
896.973	6670.92
897.152	6525.51
897.331	6740.55
897.511	7031.36
897.69	5976.66
897.87	6416.97
898.049	7045.7
898.228	6742.6
898.407	6527.56
898.587	6625.86
898.766	6752.84
898.945	7240.25
899.124	6881.86
899.304	6527.56
899.483	7301.69
899.662	7504.44
899.841	6525.51
900.02	6302.28
900.199	6892.1
900.378	6873.67
900.557	6160.97
900.737	5956.18
900.916	6750.79
901.095	6824.51
901.274	6552.13
901.453	5964.37
901.632	6406.73
901.811	6486.6
901.989	6095.44
902.168	5884.5
902.347	6795.84
902.526	6529.61
902.705	5984.85
902.884	6312.52
903.063	7019.07
903.242	6812.23
903.42	5739.09
903.599	6195.79
903.778	6595.14
903.957	6820.42
904.135	6236.75
904.314	6044.24
904.493	6414.92
904.672	6242.89
904.85	6021.71
905.029	5767.76
905.207	6177.36
905.386	6597.19
905.565	5427.8
905.743	5565.01
905.922	6167.12
906.1	6013.52
906.279	5339.74
906.457	5464.66
906.636	5925.46
906.814	5853.78
906.993	5415.51
907.171	5223
907.35	5937.74
907.528	6382.15
907.707	5808.72
907.885	5042.78
908.063	6001.23
908.242	5579.35
908.42	5253.72
908.598	4831.84
908.777	5837.39
908.955	5616.21
909.133	5485.14
909.311	5130.84
909.49	5509.72
909.668	5591.64
909.846	5214.81
910.024	4997.73
910.202	5804.63
910.38	5917.26
910.559	5237.34
910.737	5231.19
910.915	5808.72
911.093	5988.94
911.271	5661.27
911.449	5517.91
911.627	5931.6
911.805	6607.43
911.983	5431.9
912.161	5446.23
912.339	5851.73
912.517	6236.75
912.695	5714.52
912.872	5464.66
913.05	6111.82
913.228	6175.31
913.406	5335.64
913.584	5415.51
913.762	6197.84
913.939	6052.43
914.117	5349.98
914.295	5468.76
914.473	5661.27
914.65	6152.78
914.828	5435.99
915.006	5372.5
915.184	5646.93
915.361	6111.82
915.539	5556.82
915.716	5837.39
915.894	5976.66
916.072	6083.15
916.249	5876.31
916.427	5530.2
916.604	5853.78
916.782	5952.08
916.959	5327.45
917.137	5384.79
917.314	6085.2
917.492	5894.74
917.669	5603.93
917.847	5431.9
918.024	5827.15
918.201	5554.77
918.379	5427.8
918.556	5354.07
918.733	5958.22
918.911	5823.06
919.088	5628.5
919.265	5227.1
919.442	5816.91
919.62	5861.97
919.797	5112.41
919.974	5276.25
920.151	5966.42
920.328	5464.66
920.506	5087.84
920.683	5876.31
920.86	5485.14
921.037	5542.49
921.214	4973.15
921.391	5057.12
921.568	5728.85
921.745	5603.93
921.922	5141.08
922.099	4956.77
922.276	5825.11
922.453	5538.39
922.63	5014.11
922.807	5399.13
922.984	5464.66
923.161	5302.87
923.338	5198.43
923.514	4958.82
923.691	5575.25
923.868	5653.08
924.045	4874.85
924.222	4885.09
924.399	5360.22
924.575	5476.95
924.752	4956.77
924.929	4950.62
925.105	5278.3
925.282	5067.36
925.459	5077.6
925.635	4983.39
925.812	5501.53
925.989	5276.25
926.165	4999.77
926.342	4522.6
926.518	5108.32
926.695	5225.05
926.871	4833.89
927.048	4721.25
927.224	5573.21
927.401	5022.3
927.577	4825.7
927.754	4477.54
927.93	5208.67
928.107	5218.91
928.283	4328.04
928.459	4907.62
928.636	5243.48
928.812	5048.93
928.988	4549.22
929.165	4381.29
929.341	4952.67
929.517	5024.35
929.693	5003.87
929.87	4250.22
930.046	5036.64
930.222	4854.37
930.398	4401.77
930.574	4598.37
930.751	4780.64
930.927	4813.41
931.103	4489.83
931.279	4620.9
931.455	4921.95
931.631	4835.94
931.807	4018.8
931.983	4041.33
932.159	4534.89
932.335	4678.24
932.511	4295.27
932.687	4282.99
932.863	4334.18
933.039	4682.34
933.215	3902.06
933.391	3801.71
933.566	4444.77
933.742	4491.88
933.918	3889.78
934.094	3676.79
934.27	4493.93
934.445	4164.2
934.621	4237.93
934.797	3752.56
934.973	4307.56
935.148	4076.14
935.324	3734.13
935.5	3420.79
935.675	4203.11
935.851	4059.76
936.027	3760.75
936.202	3650.16
936.378	4053.61
936.553	3834.48
936.729	4018.8
936.904	3172.99
937.08	3732.08
937.255	3480.18
937.431	3314.3
937.606	3037.82
937.782	3420.79
937.957	3582.58
938.133	3246.71
938.308	2861.7
938.483	3433.08
938.659	3070.59
938.834	3072.64
939.009	2615.94
939.185	3310.2
939.36	2970.24
939.535	2265.74
939.71	2675.33
939.886	3328.63
940.061	2945.66
940.236	2890.37
940.411	2564.74
940.586	3129.98
940.761	3121.79
940.937	2482.82
941.112	2480.77
941.287	2853.5
941.462	2753.15
941.637	2333.32
941.812	2468.49
941.987	2716.29
942.162	2679.43
942.337	2347.65
942.512	2318.98
942.687	3201.66
942.862	2810.5
943.037	2017.93
943.212	1862.29
943.386	2450.05
943.561	2693.76
943.736	2499.2
943.911	2933.37
944.086	2960
944.26	2671.23
944.435	2314.89
944.61	2572.93
944.785	2724.48
944.959	3359.35
945.134	2331.27
945.309	2105.99
945.483	2413.19
945.658	2867.84
945.833	1868.43
946.007	2095.75
946.182	2960
946.357	2515.59
946.531	2149
946.706	2114.19
946.88	2349.7
947.055	2677.38
947.229	2224.78
947.404	2159.24
947.578	2628.23
947.752	2640.51
947.927	2083.47
948.101	2024.08
948.276	3222.14
948.45	2849.41
948.624	2712.19
948.799	2302.6
948.973	2689.67
949.147	2466.44
949.321	2314.89
949.496	2427.53
949.67	3107.45
949.844	2525.83
950.018	2368.13
950.193	2448.01
950.367	3369.59
950.541	2759.3
950.715	2433.67
950.889	2468.49
951.063	2794.11
951.237	2859.65
951.411	2312.84
951.585	2224.78
951.759	2996.86
951.933	2820.74
952.107	2327.18
952.281	2607.75
952.455	3269.24
952.629	2949.76
952.803	2376.33
952.977	2515.59
953.151	2957.95
953.325	2777.73
953.499	2695.81
953.672	2251.4
953.846	2718.34
954.02	2785.92
954.194	2337.42
954.368	2417.29
954.541	3101.31
954.715	2939.52
954.889	2716.29
955.062	2269.83
955.236	2720.39
955.41	2916.99
955.583	2826.88
955.757	2400.9
955.93	2810.5
956.104	2722.43
956.278	2523.78
956.451	2515.59
956.625	2976.38
956.798	3388.02
956.972	3031.68
957.145	2339.46
957.319	3363.45
957.492	2914.94
957.665	2728.58
957.839	2458.25
958.012	3076.73
958.185	2835.07
958.359	2671.23
958.532	2787.97
958.705	3017.34
958.879	2902.65
959.052	2771.58
959.225	2337.42
959.398	3035.77
959.572	3175.03
959.745	2534.02
959.918	2525.83
960.091	2966.14
960.264	3228.28
960.438	2380.42
960.611	2345.61
960.784	3172.99
960.957	2921.09
961.13	3179.13
961.303	2495.11
961.476	2935.42
961.649	3408.5
961.822	2552.45
961.995	2769.54
962.168	2888.32
962.341	3222.14
962.514	2566.79
962.686	2531.97
962.859	3142.27
963.032	3076.73
963.205	2529.92
963.378	2314.89
963.551	2951.81
963.723	2753.15
963.896	2773.63
964.069	2890.37
964.242	3060.35
964.414	3496.57
964.587	2583.17
964.76	2722.43
964.932	3009.15
965.105	2994.81
965.278	2564.74
965.45	2448.01
965.623	3113.6
965.795	3027.58
965.968	2638.47
966.14	2495.11
966.313	3013.24
966.485	3027.58
966.658	2466.44
966.83	2331.27
967.003	3203.71
967.175	2839.17
967.348	2425.48
967.52	2495.11
967.692	3353.21
967.865	3129.98
968.037	2669.19
968.209	2876.03
968.382	3170.94
968.554	3103.36
968.726	2484.87
968.898	2353.8
969.071	3125.88
969.243	2925.18
969.415	2437.77
969.587	2757.25
969.759	3121.79
969.932	2861.7
970.104	2658.95
970.276	2105.99
970.448	2704
970.62	2615.94
970.792	2665.09
970.964	2474.63
971.136	3351.16
971.308	2880.13
971.48	2359.94
971.652	2372.23
971.824	3119.74
971.996	2695.81
972.168	2409.09
972.339	2468.49
972.511	2744.96
972.683	2728.58
972.855	2609.79
973.027	2259.59
973.199	3056.25
973.37	2988.67
973.542	2544.26
973.714	2701.95
973.886	2507.4
974.057	2900.61
974.229	2343.56
974.401	2419.33
974.572	2560.64
974.744	2603.65
974.915	2149
975.087	2194.06
975.259	3035.77
975.43	2525.83
975.602	2273.93
975.773	2263.69
975.945	2753.15
976.116	2873.98
976.288	2198.15
976.459	2495.11
976.63	2544.26
976.802	2650.75
976.973	2179.72
977.145	2546.31
977.316	3324.54
977.487	3027.58
977.659	2531.97
977.83	2351.75
978.001	3003
978.172	2919.04
978.344	2069.13
978.515	2296.46
978.686	2564.74
978.857	3099.26
979.028	2249.35
979.2	2179.72
979.371	2900.61
979.542	2488.96
979.713	2495.11
979.884	1753.74
980.055	2646.66
980.226	2599.56
980.397	2040.46
980.568	2024.08
980.739	2742.91
980.91	2372.23
981.081	2484.87
981.252	2163.34
981.423	2329.22
981.594	2497.16
981.765	1913.49
981.936	2194.06
982.106	2409.09
982.277	2753.15
982.448	1903.25
982.619	2359.94
982.79	2175.63
982.96	2523.78
983.131	2288.26
983.302	1815.18
983.472	2478.72
983.643	2460.29
983.814	2196.11
983.984	1966.73
984.155	2372.23
984.326	2509.44
984.496	2146.95
984.667	2040.46
984.837	2200.2
985.008	2847.36
985.178	2400.9
985.349	1925.77
985.519	2263.69
985.69	2159.24
985.86	1979.02
986.031	1854.09
986.201	2282.12
986.371	2327.18
986.542	1723.02
986.712	1557.14
986.882	2372.23
987.053	2357.89
987.223	1733.26
987.393	2327.18
987.563	2185.87
987.734	2421.38
987.904	2515.59
988.074	1702.54
988.244	2126.47
988.414	2161.29
988.585	1753.74
988.755	1929.87
988.925	2189.96
989.095	2712.19
989.265	1696.4
989.435	1985.16
989.605	2202.25
989.775	2501.25
989.945	2265.74
990.115	1536.66
990.285	2257.54
990.455	2329.22
990.625	1954.44
990.795	1538.71
990.965	2448.01
991.134	1989.26
991.304	1587.86
991.474	1649.3
991.644	2118.28
991.814	2476.68
991.984	1530.52
992.153	1657.49
992.323	1972.88
992.493	2243.21
992.662	1581.71
992.832	1802.9
993.002	1864.33
993.171	2304.65
993.341	1434.26
993.511	1626.77
993.68	1839.76
993.85	2052.75
994.019	1438.36
994.189	1288.86
994.358	1958.54
994.528	1983.12
994.697	1141.4
994.867	1356.44
995.036	2200.2
995.206	1837.71
995.375	1536.66
995.544	1813.14
995.714	2296.46
995.883	1991.31
996.052	1825.42
996.222	1178.26
996.391	2278.02
996.56	1985.16
996.73	1303.19
996.899	1176.22
997.068	2232.97
997.237	2003.6
997.406	1262.23
997.576	1188.5
997.745	2237.06
997.914	1729.17
998.083	1133.21
998.252	1307.29
998.421	1970.83
998.59	1557.14
998.759	1346.2
998.928	1002.14
999.097	2048.65
999.266	1884.81
999.435	1542.8
999.604	1100.44
999.773	2101.9
999.942	1741.46
1000.111	989.85
1000.28	1041.05
1000.448	1628.82
1000.617	1632.91
1000.786	1649.3
1000.955	1008.28
1001.124	1921.68
1001.292	2425.48
1001.461	1251.99
1001.63	1122.97
1001.798	1948.3
1001.967	1772.18
1002.136	1106.59
1002.304	1104.54
1002.473	1858.19
1002.642	1643.15
1002.81	1168.02
1002.979	1176.22
1003.147	1890.96
1003.316	1921.68
1003.484	1041.05
1003.653	1016.48
1003.821	1747.6
1003.99	1589.91
1004.158	1354.39
1004.327	1159.83
1004.495	1714.83
1004.663	1684.11
1004.832	1251.99
1005	862.88
1005.168	1596.05
1005.337	1505.94
1005.505	791.2
1005.673	1360.53
1005.842	1841.81
1006.01	1528.47
1006.178	780.96
1006.346	1006.24
1006.514	1479.32
1006.683	1999.5
1006.851	1026.72
1007.019	1168.02
1007.187	1303.19
1007.355	1096.35
1007.523	723.62
1007.691	670.37
1007.859	1348.25
1008.027	2052.75
1008.195	852.64
1008.363	799.39
1008.531	1327.77
1008.699	1475.22
1008.867	660.13
1009.035	742.05
1009.203	1802.9
1009.37	1426.07
1009.538	803.49
1009.706	1628.82
1009.874	1432.21
1010.042	1467.03
1010.209	721.57
1010.377	705.18
1010.545	1391.25
1010.713	1477.27
1010.88	690.85
1011.048	846.49
1011.216	1344.15
1011.383	1671.83
1011.551	682.66
1011.718	713.38
1011.886	1503.89
1012.054	1538.71
1012.221	639.65
1012.389	772.77
1012.556	1417.88
1012.724	1667.73
1012.891	862.88
1013.058	551.59
1013.226	1546.9
1013.393	1403.54
1013.561	524.96
1013.728	498.34
1013.895	1501.84
1014.063	1358.49
1014.23	467.62
1014.397	598.69
1014.565	1446.55
1014.732	1237.66
1014.899	529.06
1015.066	529.06
1015.233	1342.1
1015.401	1286.81
1015.568	578.21
1015.735	830.11
1015.902	1438.36
1016.069	1499.8
1016.236	672.42
1016.403	430.76
1016.57	909.98
1016.737	1731.22
1016.904	606.88
1017.071	397.99
1017.238	897.69
1017.405	1120.92
1017.572	572.07
1017.739	955.04
1017.906	1708.69
1018.073	1430.16
1018.24	373.41
1018.407	809.63
1018.573	1213.08
1018.74	1131.16
1018.907	633.51
1019.074	305.83
1019.241	1182.36
1019.407	1131.16
1019.574	471.72
1019.741	424.61
1019.907	1567.38
1020.074	1698.45
1020.241	146.09
1020.407	295.59
1020.574	983.71
1020.74	991.9
1020.907	467.62
1021.073	328.36
1021.24	1618.58
1021.406	1170.07
1021.573	271.01
1021.739	490.15
1021.906	1374.87
1022.072	1059.48
1022.239	479.91
1022.405	545.44
1022.571	1139.35
1022.738	979.61
1022.904	336.55
1023.07	510.63
1023.237	1102.49
1023.403	1297.05
1023.569	500.39
1023.735	404.13
1023.902	1075.87
1024.068	1051.29
1024.234	127.66
1024.4	361.13
1024.566	842.4
1024.732	1133.21
1024.898	434.85
1025.065	187.05
1025.231	1039
1025.397	840.35
1025.563	463.52
1025.729	201.38
1025.895	547.49
1026.061	627.36
1026.227	162.47
1026.392	418.47
1026.558	1014.43
1026.724	1182.36
1026.89	279.21
1027.056	412.32
1027.222	774.81
1027.388	916.12
1027.553	461.48
1027.719	185
1027.885	1288.86
1028.051	899.74
1028.216	-101.72
1028.382	250.53
1028.548	899.74
1028.713	813.73
1028.879	39.59
1029.045	545.44
1029.21	1208.98
1029.376	1047.19
1029.541	232.1
1029.707	289.45
1029.873	1022.62
1030.038	938.65
1030.204	215.72
1030.369	219.82
1030.534	877.21
1030.7	707.23
1030.865	301.73
1031.031	225.96
1031.196	965.28
1031.361	762.53
1031.527	199.34
1031.692	223.91
1031.857	533.15
1032.023	987.8
1032.188	199.34
1032.353	234.15
1032.518	1061.53
1032.684	740
1032.849	21.16
1033.014	322.21
1033.179	680.61
1033.344	914.08
1033.509	254.63
1033.674	238.25
1033.839	955.04
1034.004	901.79
1034.17	215.72
1034.335	66.22
1034.5	707.23
1034.664	709.28
1034.829	182.95
1034.994	266.92
1035.159	543.39
1035.324	918.17
1035.489	338.6
1035.654	209.58
1035.819	1557.14
1035.984	805.53
1036.148	264.87
1036.313	197.29
1036.478	948.89
1036.643	660.13
1036.807	162.47
1036.972	129.7
1037.137	1282.71
1037.301	672.42
1037.466	-83.28
1037.631	332.45
1037.795	803.49
1037.96	594.59
1038.124	389.8
1038.289	88.75
1038.454	750.24
1038.618	985.76
1038.783	363.17
1038.947	297.64
1039.111	574.11
1039.276	819.87
1039.44	162.47
1039.605	979.61
1039.769	641.7
1039.933	707.23
1040.098	297.64
1040.262	527.01
1040.426	854.69
1040.591	793.25
1040.755	119.46
1040.919	68.27
1041.083	1034.91
1041.248	578.21
1041.412	-163.15
1041.576	37.55
1041.74	653.98
1041.904	658.08
1042.068	49.83
1042.232	211.62
1042.397	1063.58
1042.561	686.75
1042.725	-189.78
1042.889	242.34
1043.053	703.14
1043.217	639.65
1043.381	170.66
1043.544	-68.95
1043.708	797.34
1043.872	393.89
1044.036	-234.83
1044.2	-99.67
1044.364	985.76
1044.528	883.36
1044.691	5126.75
1044.855	-19.8
1045.019	774.81
1045.183	852.64
1045.346	178.86
1045.51	-171.35
1045.674	713.38
1045.837	623.27
1046.001	-50.52
1046.165	-15.7
1046.328	1155.74
1046.492	590.5
1046.655	406.18
1046.819	78.51
1046.983	592.55
1047.146	441
1047.31	205.48
1047.473	-269.65
1047.636	463.52
1047.8	389.8
1047.963	158.38
1048.127	-85.33
1048.29	311.97
