345.52	-1244.31
345.736	-1244.31
345.952	-1244.31
346.168	-1369.24
346.384	-1297.56
346.6	-220.33
346.816	-289.96
347.032	-199.85
347.248	594.76
347.464	-330.92
347.68	-224.42
347.896	-7.34
348.112	365.39
348.328	-193.7
348.544	-5.29
348.76	219.99
348.975	291.66
349.191	-281.77
349.407	-423.08
349.623	260.95
349.839	136.02
350.055	-175.27
350.27	17.24
350.486	162.64
350.702	334.67
350.918	447.31
351.133	-134.31
351.349	226.13
351.565	623.44
351.781	-283.81
351.996	0.85
352.212	238.42
352.428	174.93
352.644	-255.14
352.859	-181.42
353.075	308.05
353.291	195.41
353.506	-148.65
353.722	-263.33
353.938	4.95
354.153	369.49
354.369	289.62
354.584	-179.37
354.8	338.77
355.016	-74.92
355.231	-328.87
355.447	-76.97
355.662	445.26
355.878	783.18
356.093	-513.19
356.309	25.43
356.524	43.86
356.74	525.13
356.955	-369.83
357.171	-23.72
357.386	254.8
357.602	27.48
357.817	-99.5
358.033	-189.61
358.248	402.26
358.464	416.59
358.679	-101.55
358.895	-355.49
359.11	95.06
359.325	234.32
359.541	512.85
359.756	80.72
359.972	-113.83
360.187	578.38
360.402	-208.04
360.618	-107.69
360.833	1708.86
361.048	254.8
361.264	-179.37
361.479	-40.11
361.694	295.76
361.909	248.66
362.125	-257.19
362.34	-140.46
362.555	404.3
362.77	308.05
362.986	-289.96
363.201	-140.46
363.416	332.62
363.631	129.88
363.847	-173.22
364.062	-124.07
364.277	271.19
364.492	95.06
364.707	-244.9
364.922	-277.67
365.138	408.4
365.353	471.89
365.568	-328.87
365.783	-117.93
365.998	525.13
366.213	744.27
366.428	-197.8
366.643	209.75
366.858	418.64
367.073	494.41
367.288	-93.35
367.503	-199.85
367.718	209.75
367.933	521.04
368.148	-173.22
368.363	64.34
368.578	357.2
368.793	584.52
369.008	-17.58
369.223	-228.52
369.438	480.08
369.653	291.66
369.868	-318.63
370.083	-277.67
370.298	369.49
370.513	729.93
370.728	240.47
370.943	-119.98
371.157	86.87
371.372	934.73
371.587	-265.38
371.802	-351.4
372.017	314.19
372.232	680.78
372.446	95.06
372.661	-152.74
372.876	320.34
373.091	463.69
373.306	82.77
373.52	-337.06
373.735	185.17
373.95	711.5
374.165	-48.3
374.379	-40.11
374.594	138.07
374.809	584.52
375.023	209.75
375.238	-173.22
375.453	467.79
375.667	-11.43
375.882	-152.74
376.097	-197.8
376.311	238.42
376.526	445.26
376.741	-238.76
376.955	408.4
377.17	660.3
377.384	1246.02
377.599	279.38
377.813	-273.57
378.028	971.59
378.242	465.74
378.457	33.62
378.672	-140.46
378.886	189.27
379.101	301.9
379.315	-289.96
379.53	11.09
379.744	602.96
379.958	523.09
380.173	-134.31
380.387	-165.03
380.602	590.67
380.816	238.42
381.031	-76.97
381.245	-46.25
381.459	451.41
381.674	1278.79
381.888	-216.23
382.103	387.92
382.317	287.57
382.531	656.2
382.746	181.07
382.96	-138.41
383.174	308.05
383.388	895.82
383.603	324.43
383.817	-261.29
384.031	299.86
384.246	809.8
384.46	205.65
384.674	881.48
384.888	297.81
385.103	527.18
385.317	-216.23
385.531	326.48
385.745	1033.03
385.959	596.81
386.174	-79.02
386.388	-97.45
386.602	373.58
386.816	248.66
387.03	62.29
387.244	103.25
387.458	527.18
387.672	607.05
387.887	-126.12
388.101	-54.44
388.315	650.06
388.529	379.73
388.743	15.19
388.957	-93.35
389.171	805.71
389.385	285.52
389.599	29.52
389.813	283.47
390.027	349.01
390.241	1082.18
390.455	60.24
390.669	234.32
390.883	410.45
391.097	897.86
391.311	381.78
391.525	21.33
391.738	858.95
391.952	797.51
392.166	359.25
392.38	-122.02
392.594	897.86
392.808	693.07
393.022	283.47
393.236	103.25
393.449	609.1
393.663	957.25
393.877	37.72
394.091	189.27
394.305	527.18
394.518	441.17
394.732	33.62
394.946	179.03
395.16	1153.86
395.373	547.66
395.587	105.3
395.801	199.51
396.015	680.78
396.228	631.63
396.442	-52.39
396.656	-40.11
396.869	766.79
397.083	1139.52
397.297	406.35
397.51	152.4
397.724	676.68
397.938	656.2
398.151	-11.43
398.365	7
398.578	758.6
398.792	850.76
399.005	645.96
399.219	250.71
399.433	623.44
399.646	783.18
399.86	570.19
400.073	648.01
400.287	762.7
400.5	820.04
400.714	607.05
400.927	353.1
401.141	961.35
401.354	2177.84
401.567	998.21
401.781	76.63
401.994	762.7
402.208	1237.83
402.421	414.54
402.635	328.53
402.848	490.32
403.061	994.12
403.275	543.57
403.488	201.55
403.701	1102.66
403.915	1028.93
404.128	545.61
404.341	381.78
404.555	1147.72
404.768	539.47
404.981	570.19
405.195	330.58
405.408	1088.32
405.621	1078.08
405.834	627.53
406.048	324.43
406.261	1041.22
406.474	967.49
406.687	346.96
406.9	488.27
407.114	922.44
407.327	1069.89
407.54	162.64
407.753	97.11
407.966	678.73
408.179	861
408.392	332.62
408.605	267.09
408.819	975.69
409.032	1028.93
409.245	445.26
409.458	707.4
409.671	895.82
409.884	1133.38
410.097	258.9
410.31	688.97
410.523	1237.83
410.736	834.38
410.949	570.19
411.162	551.76
411.375	1180.48
411.588	1012.55
411.801	688.97
412.014	398.16
412.227	758.6
412.44	944.97
412.653	555.85
412.865	785.23
413.078	1151.81
413.291	1153.86
413.504	717.64
413.717	426.83
413.93	1223.49
414.143	725.83
414.356	750.41
414.568	451.41
414.781	1162.05
414.994	1184.58
415.207	826.18
415.42	777.03
415.632	1035.08
415.845	1547.07
416.058	351.06
416.271	504.65
416.483	1135.43
416.696	1420.1
416.909	623.44
417.121	557.9
417.334	1020.74
417.547	1364.8
417.759	502.61
417.972	619.34
418.185	955.21
418.397	1264.45
418.61	652.11
418.823	758.6
419.035	1489.73
419.248	1200.96
419.46	799.56
419.673	899.91
419.885	1098.56
420.098	1291.07
420.311	678.73
420.523	428.88
420.736	1325.89
420.948	1162.05
421.161	746.31
421.373	586.57
421.586	1057.61
421.798	906.06
422.01	349.01
422.223	983.88
422.435	1006.41
422.648	1481.53
422.86	764.75
423.073	754.51
423.285	1239.87
423.497	940.87
423.71	758.6
423.922	760.65
424.134	1585.98
424.347	1639.23
424.559	1194.82
424.771	1295.17
424.984	1438.53
425.196	1336.13
425.408	717.64
425.621	686.92
425.833	1602.36
426.045	1626.94
426.257	717.64
426.47	1012.55
426.682	1309.51
426.894	1368.9
427.106	856.9
427.318	1047.37
427.531	1481.53
427.743	1540.93
427.955	1037.13
428.167	1678.14
428.379	1362.75
428.591	1379.14
428.804	1258.31
429.016	1069.89
429.228	1512.25
429.44	1678.14
429.652	14557.82
429.864	961.35
430.076	1489.73
430.288	1596.22
430.5	1266.5
430.712	1301.31
430.924	1606.46
431.136	1710.91
431.348	1121.09
431.56	1057.61
431.772	1450.82
431.984	1450.82
432.196	1096.52
432.408	1196.87
432.62	1569.6
432.832	1919.8
433.044	1643.32
433.256	1430.34
433.468	1835.83
433.679	1366.85
433.891	1117
434.103	1467.2
434.315	2159.41
434.527	1940.28
434.739	1598.27
434.95	1381.18
435.162	1858.36
435.374	1352.51
435.586	1516.35
435.798	1344.32
436.009	1825.59
436.221	1743.67
436.433	1653.56
436.645	1420.1
436.856	1801.02
437.068	2313.01
437.28	1446.72
437.491	1919.8
437.703	2181.94
437.915	1930.04
438.126	1479.49
438.338	1960.76
438.55	1749.82
438.761	1913.66
438.973	1620.8
439.184	1579.84
439.396	1999.67
439.608	1991.48
439.819	1430.34
440.031	1585.98
440.242	2278.19
440.454	2210.61
440.665	1737.53
440.877	2052.92
441.088	2321.2
441.3	2227
441.511	1379.14
441.723	1585.98
441.934	2405.17
442.146	2171.7
442.357	1874.74
442.569	2360.11
442.78	2347.83
442.991	2974.5
443.203	2302.77
443.414	1831.74
443.626	2630.45
443.837	2167.6
444.048	1737.53
444.26	1614.65
444.471	2364.21
444.682	2306.87
444.894	1653.56
445.105	1653.56
445.316	2603.82
445.528	2358.07
445.739	2030.39
445.95	2091.83
446.161	2255.67
446.373	2554.67
446.584	1999.67
446.795	2005.81
447.006	2769.71
447.217	2753.32
447.429	1835.83
447.64	1825.59
447.851	3310.37
448.062	2710.32
448.273	1807.16
448.484	1897.27
448.695	2579.25
448.907	2655.02
449.118	2206.52
449.329	2378.55
449.54	2384.69
449.751	2380.59
449.962	2087.73
450.173	2011.96
450.384	2652.97
450.595	3062.57
450.806	2175.8
451.017	2265.91
451.228	2863.91
451.439	2822.95
451.65	2372.4
451.861	1758.01
452.072	2515.76
452.283	2781.99
452.494	2581.29
452.705	2360.11
452.915	3429.15
453.126	2892.59
453.337	2513.71
453.548	2282.29
453.759	3310.37
453.97	3281.7
454.181	3132.2
454.391	2425.65
454.602	2874.15
454.813	3375.91
455.024	2847.53
455.235	2435.89
455.445	3171.11
455.656	3023.66
455.867	2904.87
456.078	2712.36
456.288	2810.67
456.499	3330.85
456.71	2476.85
456.921	2908.97
457.131	3277.6
457.342	3054.37
457.553	2644.78
457.763	2857.77
457.974	3199.78
458.184	3496.74
458.395	2825
458.606	2544.43
458.816	3631.9
459.027	3902.23
459.237	3007.27
459.448	2915.11
459.659	3605.28
459.869	4619.02
460.08	2759.47
460.29	3318.56
460.501	4010.78
460.711	3613.47
460.922	2898.73
461.132	3146.53
461.343	4477.71
461.553	3504.93
461.764	3152.68
461.974	3193.64
462.184	3910.43
462.395	3912.47
462.605	3336.99
462.816	3119.91
463.026	4051.74
463.236	4002.58
463.447	3330.85
463.657	3396.39
463.867	4315.92
464.078	4016.92
464.288	3623.71
464.498	3726.11
464.709	4084.5
464.919	4107.03
465.129	3644.19
465.339	3578.65
465.55	4379.41
465.76	4363.03
465.97	3765.02
466.18	3848.99
466.391	4887.31
466.601	4463.38
466.811	4174.61
467.021	3715.87
467.231	4905.74
467.441	4741.9
467.651	4211.48
467.862	3793.69
468.072	4692.75
468.282	4905.74
468.492	4174.61
468.702	4530.96
468.912	5186.31
469.122	5849.85
469.332	4838.16
469.542	4463.38
469.752	5509.89
469.962	5231.37
470.172	4641.55
470.382	4766.48
470.592	5604.1
470.802	5513.99
471.012	5045
471.222	4967.18
471.432	5604.1
471.642	5757.69
471.852	5229.32
472.062	4993.8
472.272	5841.66
472.482	5714.69
472.691	5188.36
472.901	5323.52
473.111	5808.89
473.321	6519.54
473.531	5612.29
473.741	5706.49
473.95	6501.11
474.16	6259.45
474.37	6116.09
474.58	5694.21
474.79	7127.78
474.999	6548.21
475.209	5888.76
475.419	6140.66
475.628	6753.01
475.838	7199.46
476.048	6427.38
476.258	6165.24
476.467	7469.8
476.677	6908.65
476.886	7021.29
477.096	6949.61
477.306	7138.02
477.515	7500.51
477.725	7248.61
477.935	6927.08
478.144	7936.73
478.354	7539.43
478.563	7490.28
478.773	7140.07
478.982	8032.99
479.192	8082.14
479.401	7631.58
479.611	7527.14
479.82	7848.67
480.03	8250.07
480.239	7807.71
480.449	7561.95
480.658	8602.32
480.868	8628.95
481.077	8319.7
481.287	8176.34
481.496	8757.97
481.705	9075.4
481.915	8983.24
482.124	8884.94
482.333	8952.52
482.543	9642.69
482.752	9061.07
482.961	8704.72
483.171	9523.91
483.38	9224.9
483.589	9331.4
483.799	9147.08
484.008	9485
484.217	9601.73
484.426	9331.4
484.636	9263.82
484.845	9917.12
485.054	9659.07
485.263	9962.17
485.472	9634.5
485.682	10115.77
485.891	10361.53
486.1	9497.28
486.309	9890.49
486.518	10771.12
486.727	11272.87
486.936	9976.51
487.146	10441.4
487.355	11238.06
487.564	10857.14
487.773	10523.32
487.982	10535.6
488.191	11016.88
488.4	11649.7
488.609	10810.03
488.818	10949.29
489.027	11825.82
489.236	11897.5
489.445	11016.88
489.654	10834.61
489.863	12159.64
490.072	11645.6
490.281	12100.25
490.49	11598.5
490.698	12157.6
490.907	12434.07
491.116	11526.82
491.325	11641.51
491.534	12554.9
491.743	12141.21
491.952	11668.13
492.16	12124.83
492.369	12677.78
492.578	13007.5
492.787	12247.71
492.996	11920.03
493.204	12579.48
493.413	13482.63
493.622	12182.17
493.831	11997.85
494.039	13527.69
494.248	12882.58
494.457	12614.29
494.665	12456.6
494.874	13617.8
495.083	13976.19
495.291	12950.16
495.5	12866.19
495.709	13638.28
495.917	13681.28
496.126	13374.09
496.335	13140.62
496.543	13662.85
496.752	14017.15
496.96	13697.67
497.169	13501.06
497.377	14008.96
497.586	14160.51
497.794	13722.24
498.003	13161.1
498.211	14359.16
498.42	14514.81
498.628	13972.1
498.837	13582.98
499.045	14299.77
499.254	14428.79
499.462	14281.34
499.671	14168.7
499.879	15583.85
500.087	15057.52
500.296	14011.01
500.504	14279.29
500.713	15014.51
500.921	15235.69
501.129	14406.27
501.338	14379.64
501.546	15225.45
501.754	15299.18
501.962	14832.24
502.171	14635.64
502.379	15424.11
502.587	15647.33
502.795	14959.22
503.004	15112.81
503.212	16022.11
503.42	15729.25
503.628	15196.78
503.837	15540.84
504.045	15921.76
504.253	16521.82
504.461	15561.32
504.669	15278.7
504.877	16781.91
505.085	16419.42
505.294	15434.35
505.502	15864.42
505.71	16716.37
505.918	16261.73
506.126	15845.99
506.334	15755.88
506.542	16443.99
506.75	16179.81
506.958	16286.3
507.166	16091.74
507.374	16736.85
507.582	17058.39
507.79	16462.43
507.998	16380.51
508.206	17254.99
508.414	17091.15
508.622	16190.05
508.83	16134.75
509.037	16982.61
509.245	16613.98
509.453	16372.32
509.661	16392.8
509.869	17343.05
510.077	17023.57
510.285	16788.05
510.492	16456.28
510.7	18227.78
510.908	17099.34
511.116	16908.88
511.324	16790.1
511.531	17513.03
511.739	17902.15
511.947	17332.81
512.155	17437.26
512.362	17787.46
512.57	17330.76
512.778	17240.65
512.985	17324.62
513.193	18004.55
513.401	18188.86
513.608	17474.12
513.816	17447.5
514.024	18086.47
514.231	18164.29
514.439	17517.13
514.646	17551.95
514.854	18530.87
515.061	18350.65
515.269	17576.52
515.477	17584.71
515.684	18424.38
515.892	18661.94
516.099	17785.41
516.307	17814.09
516.514	19153.46
516.722	19112.5
516.929	18049.6
517.136	18002.5
517.344	19092.02
517.551	18928.18
517.759	18086.47
517.966	18383.42
518.173	18641.46
518.381	19161.65
518.588	18750.01
518.796	18405.95
519.003	19216.94
519.21	19204.66
519.418	18479.68
519.625	19120.69
519.832	19466.8
520.039	19589.67
520.247	18661.94
520.454	19012.15
520.661	19862.05
520.868	19716.65
521.076	19204.66
521.283	19354.16
521.49	20175.39
521.697	20077.09
521.904	19182.13
522.112	19464.75
522.319	20257.31
522.526	19989.03
522.733	19634.73
522.94	19577.39
523.147	20300.32
523.354	20208.16
523.561	19518
523.768	20015.65
523.975	20701.72
524.183	20259.36
524.39	20365.85
524.597	19585.58
524.804	20429.34
525.011	20478.49
525.218	19765.8
525.425	20240.93
525.632	21236.24
525.838	20558.36
526.045	19972.64
526.252	20380.19
526.459	22432.26
526.666	22727.16
526.873	20529.69
527.08	20603.42
527.287	21230.1
527.494	21344.78
527.701	20671
527.907	20609.56
528.114	21387.79
528.321	21477.9
528.528	21019.16
528.735	20959.77
528.941	21694.99
529.148	21135.89
529.355	20941.33
529.562	21158.42
529.768	22393.34
529.975	21533.2
530.182	21250.58
530.388	20859.42
530.595	22305.28
530.802	21410.32
531.008	21633.55
531.215	21395.98
531.422	22936.06
531.628	22972.92
531.835	21510.67
532.042	21543.44
532.248	22209.03
532.455	22505.98
532.661	21518.86
532.868	21574.16
533.074	22784.51
533.281	22807.03
533.487	21867.02
533.694	21727.75
533.9	22702.59
534.107	22405.63
534.313	22127.11
534.52	22211.07
534.726	23112.18
534.933	23620.08
535.139	22229.51
535.345	22346.24
535.552	23720.43
535.758	23675.37
535.965	22653.44
536.171	22532.61
536.377	23544.3
536.584	23538.16
536.79	22743.55
536.996	23126.52
537.203	23366.13
537.409	23605.74
537.615	22704.63
537.821	23001.59
538.028	24125.93
538.234	23556.59
538.44	23210.48
538.646	23147
538.853	23753.19
539.059	23720.43
539.265	23976.42
539.471	23147
539.677	24224.23
539.883	24070.63
540.09	25491.92
540.296	24474.08
540.502	24455.65
540.708	24363.49
540.914	24205.8
541.12	23980.52
541.326	24590.81
541.532	24791.52
541.738	24594.91
541.944	24101.35
542.15	25231.83
542.356	24654.3
542.562	24111.59
542.768	24408.54
542.974	25354.71
543.18	25309.65
543.386	24355.3
543.592	24400.35
543.798	26026.44
544.004	25461.2
544.21	24285.67
544.415	24777.18
544.621	25575.89
544.827	25819.6
545.033	24728.03
545.239	25127.38
545.445	25399.76
545.651	25596.37
545.856	24779.23
546.062	24947.16
546.268	25688.53
546.474	25866.7
546.679	25020.89
546.885	25170.39
547.091	25518.54
547.297	26227.14
547.502	25416.15
547.708	24975.83
547.914	25752.01
548.119	26626.5
548.325	24961.5
548.531	25020.89
548.736	26651.07
548.942	26145.22
549.147	25240.02
549.353	26038.73
549.559	27126.2
549.764	26579.39
549.97	25807.31
550.175	25756.11
550.381	26483.14
550.586	25942.47
550.792	26309.06
550.997	25940.43
551.203	26988.99
551.408	27322.8
551.614	25938.38
551.819	25897.42
552.025	27206.07
552.23	27191.73
552.435	26331.59
552.641	26919.35
552.846	26382.79
553.052	27537.84
553.257	26876.35
553.462	26413.51
553.668	26694.08
553.873	27193.78
554.078	26689.98
554.283	26808.76
554.489	27740.59
554.694	27513.27
554.899	26524.1
555.105	27627.95
555.31	27875.76
555.515	27746.73
555.72	27169.21
555.925	27978.15
556.131	27904.43
556.336	27738.54
556.541	27298.23
556.746	27285.94
556.951	28350.88
557.156	27902.38
557.361	27619.76
557.567	27754.93
557.772	28281.25
557.977	28420.52
558.182	27881.9
558.387	27623.86
558.592	28002.73
558.797	28905.88
559.002	27613.62
559.207	28062.12
559.412	28864.92
559.617	29237.66
559.822	28246.44
560.027	27744.69
560.232	28561.83
560.437	28537.25
560.642	27402.68
560.847	28049.83
561.051	28240.29
561.256	28533.15
561.461	28297.64
561.666	28045.74
561.871	28606.88
562.076	29286.81
562.281	28291.49
562.485	28154.28
562.69	28893.6
562.895	28854.69
563.1	28500.39
563.305	28271.01
563.509	29145.5
563.714	29557.14
563.919	28338.6
564.123	28740
564.328	28756.38
564.533	29628.82
564.737	28301.73
564.942	28146.09
565.147	29421.97
565.351	29657.49
565.556	28621.22
565.761	28643.74
565.965	29440.4
566.17	29053.34
566.374	28746.14
566.579	29178.26
566.784	29514.13
566.988	29643.15
567.193	29026.71
567.397	28993.95
567.602	29780.37
567.806	29538.71
568.011	29479.32
568.215	29563.28
568.42	29899.15
568.624	29999.5
568.828	29213.08
569.033	29825.42
569.237	30435.72
569.442	30316.93
569.646	29202.84
569.85	29917.58
570.055	30212.49
570.259	30114.19
570.463	30271.88
570.668	29829.52
570.872	30329.22
571.076	30382.47
571.281	30069.13
571.485	30138.76
571.689	30550.4
571.893	30495.11
572.098	29960.59
572.302	30011.79
572.506	30767.49
572.71	30781.82
572.914	29938.06
573.119	30124.43
573.323	30816.64
573.527	31058.3
573.731	30710.14
573.935	30173.58
574.139	30783.87
574.343	30796.16
574.547	30378.37
574.751	30355.85
574.955	31201.66
575.159	31527.28
575.364	30714.24
575.568	30794.11
575.772	31437.17
575.976	31172.99
576.18	30880.13
576.383	31101.31
576.587	31854.96
576.791	31879.53
576.995	30830.97
577.199	30990.72
577.403	31605.11
577.607	31912.3
577.811	31302.01
578.015	31242.62
578.219	31697.27
578.422	31865.2
578.626	31615.35
578.83	31318.39
579.034	32041.32
579.238	32463.21
579.442	31381.88
579.645	31990.13
579.849	32026.99
580.053	32471.4
580.257	30966.14
580.46	31508.85
580.664	31883.63
580.868	32577.89
581.071	32317.8
581.275	32137.58
581.479	32004.46
581.682	32108.91
581.886	31441.27
582.09	31865.2
582.293	32631.14
582.497	32334.18
582.7	32608.61
582.904	32196.97
583.107	32549.22
583.311	32729.44
583.515	31887.73
583.718	31990.13
583.922	33091.93
584.125	33544.53
584.329	31676.79
584.532	32325.99
584.735	32958.81
584.939	32895.33
585.142	32172.39
585.346	32510.31
585.549	32887.14
585.753	33466.71
585.956	32749.92
586.159	33237.34
586.363	33861.97
586.566	33337.69
586.769	32555.36
586.973	32526.69
587.176	33483.09
587.379	33859.92
587.582	33325.4
587.786	33065.31
587.989	33978.7
588.192	34734.4
588.395	33259.87
588.599	33706.32
588.802	33818.96
589.005	34146.64
589.208	33317.21
589.411	33493.33
589.615	33814.87
589.818	34298.19
590.021	33917.26
590.224	33571.16
590.427	34230.6
590.63	33759.57
590.833	33479
591.036	33534.29
591.239	34455.88
591.442	34117.96
591.645	34339.15
591.848	34488.65
592.051	34486.6
592.254	34801.99
592.457	33806.67
592.66	34124.11
592.863	34419.02
593.066	34728.26
593.269	34013.52
593.472	34105.68
593.675	34765.12
593.878	34779.46
594.081	34466.12
594.284	34267.47
594.486	34922.82
594.689	35268.92
594.892	34914.62
595.095	34652.48
595.298	35469.62
595.5	35258.68
595.703	35031.36
595.906	35227.96
596.109	35539.26
596.311	35569.97
596.514	34576.71
596.717	35094.85
596.92	36374.83
597.122	36084.01
597.325	34945.34
597.528	34871.62
597.73	36108.59
597.933	36034.86
598.136	35014.98
598.338	34488.65
598.541	35871.03
598.743	36258.09
598.946	35230.01
599.148	35154.24
599.351	35850.55
599.554	36041.01
599.756	35260.73
599.959	35590.45
600.161	35776.82
600.363	36512.04
600.566	35696.95
600.768	35504.44
600.971	36276.52
601.173	36069.68
601.376	35303.74
601.578	35549.49
601.78	36254
601.983	36931.87
602.185	35768.63
602.388	36493.61
602.59	36589.86
602.792	36598.05
602.995	36178.22
603.197	35666.23
603.399	36770.08
603.601	37095.71
603.804	35885.36
604.006	36194.61
604.208	36327.72
604.41	36182.32
604.613	36516.14
604.815	35981.62
605.017	36995.36
605.219	36706.6
605.421	36733.22
605.623	36456.75
605.826	37464.35
606.028	37169.44
606.23	36135.21
606.432	36036.91
606.634	36970.79
606.836	37122.33
607.038	36223.28
607.24	36585.77
607.442	36909.35
607.644	37218.59
607.846	36444.46
608.048	36260.14
608.25	37390.62
608.452	36899.11
608.654	36485.42
608.856	36389.16
609.058	37427.48
609.26	37036.32
609.462	36565.29
609.664	36464.94
609.866	37140.77
610.067	37706.01
610.269	37081.38
610.471	37034.27
610.673	37259.55
610.875	37212.45
611.077	36667.69
611.278	36852
611.48	37210.4
611.682	37615.9
611.884	37134.62
612.085	36954.4
612.287	37499.16
612.489	37165.34
612.69	36778.28
612.892	37425.43
613.094	38093.07
613.295	37054.75
613.497	36217.13
613.699	36847.91
613.9	37488.92
614.102	37685.53
614.304	37044.51
614.505	36290.86
614.707	37011.74
614.908	37478.68
615.11	36577.58
615.311	36559.14
615.513	37411.1
615.714	37697.81
615.916	36530.47
616.117	37382.43
616.319	37579.03
616.52	37232.93
616.722	36985.12
616.923	36632.87
617.124	37855.51
617.326	37546.26
617.527	37116.19
617.729	37382.43
617.93	37962
618.131	37828.88
618.333	37298.46
618.534	37286.17
618.735	37990.67
618.937	38082.83
619.138	37157.15
619.339	37103.9
619.54	37605.66
619.742	37699.86
619.943	37486.87
620.144	36903.2
620.345	38109.46
620.546	38172.94
620.748	37923.09
620.949	37613.85
621.15	38134.03
621.351	37892.37
621.552	37353.76
621.753	37241.12
621.954	38246.67
622.155	38539.53
622.356	37710.1
622.558	37673.24
622.759	38369.55
622.96	38678.79
623.161	37636.38
623.362	37742.87
623.563	37988.63
623.764	37775.64
623.965	37640.47
624.166	38224.14
624.366	37699.86
624.567	38349.07
624.768	37699.86
624.969	37361.95
625.17	38099.22
625.371	38174.99
625.572	37982.48
625.773	37918.99
625.973	38347.02
626.174	38570.25
626.375	37853.46
626.576	38191.37
626.777	38736.13
626.977	39164.16
627.178	38088.98
627.379	38123.79
627.58	39055.62
627.78	38304.01
627.981	37939.47
628.182	39012.61
628.382	38799.62
628.583	38371.6
628.784	37845.27
628.984	38134.03
629.185	38553.87
629.386	38576.39
629.586	38015.25
629.787	38287.63
629.987	38709.51
630.188	38897.92
630.388	38318.35
630.589	38207.76
630.79	39258.37
630.99	38277.39
631.191	37822.74
631.391	38504.71
631.591	38535.43
631.792	38729.99
631.992	38549.77
632.193	38357.26
632.393	38879.49
632.594	38572.3
632.794	37781.78
632.994	38359.31
633.195	38543.63
633.395	38476.04
633.595	37900.56
633.796	38330.64
633.996	38863.11
634.196	38813.96
634.397	38551.82
634.597	38545.67
634.797	38854.92
634.997	39438.59
635.198	39139.58
635.398	38541.58
635.598	39809.27
635.798	39215.36
635.998	38848.77
636.199	38678.79
636.399	38578.44
636.599	38316.3
636.799	38502.67
636.999	38635.78
637.199	38777.09
637.399	39239.93
637.599	38734.09
637.799	38801.67
637.999	39319.81
638.199	39557.37
638.399	38981.89
638.599	38555.91
638.799	39543.03
638.999	39870.71
639.199	39119.1
639.399	39004.42
639.599	39672.06
639.799	39194.88
639.999	38621.45
640.199	39086.34
640.399	39745.78
640.599	38998.27
640.799	39192.83
640.998	39624.95
641.198	39686.39
641.398	39655.67
641.598	39715.06
641.798	39358.72
641.997	40548.59
642.197	39383.29
642.397	39592.19
642.597	39012.61
642.796	39596.28
642.996	39598.33
643.196	39786.74
643.395	38842.63
643.595	39725.3
643.795	39158.02
643.994	39131.39
644.194	39287.04
644.394	40358.13
644.593	40173.81
644.793	39520.51
644.992	39139.58
645.192	39983.35
645.392	39645.43
645.591	39620.86
645.791	39362.81
645.99	40091.89
646.19	39612.66
646.389	39422.2
646.589	39166.21
646.788	40196.34
646.987	39741.69
647.187	40026.35
647.386	39676.15
647.586	39993.59
647.785	40405.23
647.984	39520.51
648.184	40050.93
648.383	40055.03
648.582	39942.39
648.782	40151.28
648.981	39725.3
649.18	40065.27
649.38	40085.75
649.579	40071.41
649.778	39788.79
649.977	40513.77
650.177	39997.68
650.376	39477.5
650.575	39141.63
650.774	40626.41
650.973	40444.14
651.173	39610.62
651.372	40028.4
651.571	40206.58
651.77	41197.79
651.969	39905.52
652.168	40304.88
652.367	40052.98
652.566	40614.12
652.765	40016.11
652.964	40829.16
653.163	40593.64
653.362	40331.5
653.561	39751.93
653.76	40161.52
653.959	40288.49
654.158	41158.88
654.357	40233.2
654.556	40007.92
654.755	40765.67
654.954	41017.57
655.153	40009.97
655.352	40401.13
655.551	40814.82
655.749	40687.85
655.948	40415.47
656.147	40708.33
656.346	41027.81
656.545	41183.46
656.743	40585.45
656.942	40622.31
657.141	40882.41
657.34	40947.94
657.538	40509.68
657.737	40413.42
657.936	41228.51
658.135	40831.21
658.333	40323.31
658.532	40978.66
658.731	41208.03
658.929	40898.79
659.128	40949.99
659.326	40616.17
659.525	41650.39
659.724	41177.31
659.922	40532.2
660.121	40573.16
660.319	41314.53
660.518	40775.91
660.716	41015.52
660.915	40917.22
661.113	41742.55
661.312	40798.44
661.51	40835.3
661.709	40372.46
661.907	40696.04
662.105	41320.67
662.304	40538.35
662.502	40970.47
662.701	41883.86
662.899	40855.78
663.097	41871.57
663.296	41079.01
663.494	41611.48
663.692	41871.57
663.891	40579.31
664.089	40245.49
664.287	41105.63
664.485	41427.17
664.684	40990.95
664.882	40583.4
665.08	40892.65
665.278	40863.97
665.476	40370.41
665.675	40724.71
665.873	41023.72
666.071	41605.34
666.269	40542.44
666.467	41363.68
666.665	41625.82
666.863	40968.42
667.061	40902.89
667.259	40931.56
667.457	41144.55
667.655	41652.44
667.853	40595.69
668.051	40542.44
668.249	40800.49
668.447	41183.46
668.645	40214.77
668.843	41124.07
669.041	41275.62
669.239	41103.59
669.437	41154.79
669.635	41292
669.833	40730.86
670.031	40837.35
670.229	40098.03
670.426	41089.25
670.624	41255.14
670.822	41136.35
671.02	40898.79
671.218	41017.57
671.415	40845.54
671.613	40808.68
671.811	40796.39
672.009	40642.79
672.206	41412.83
672.404	40909.03
672.602	40888.55
672.799	40999.14
672.997	41840.85
673.195	40753.38
673.392	40718.57
673.59	40294.64
673.788	41021.67
673.985	40057.07
674.183	40634.6
674.38	40646.89
674.578	40650.99
674.775	41144.55
674.973	39835.89
675.17	40612.07
675.368	41470.17
675.565	40550.63
675.763	40739.05
675.96	40112.37
676.158	40763.62
676.355	40278.25
676.553	40165.62
676.75	40274.16
676.947	40835.3
677.145	40190.19
677.342	40222.96
677.539	40380.65
677.737	40739.05
677.934	40796.39
678.131	40433.9
678.329	39971.06
678.526	41337.05
678.723	41124.07
678.92	40612.07
679.118	40329.45
679.315	40474.86
679.512	40737
679.709	40249.58
679.906	40007.92
680.104	41132.26
680.301	40714.47
680.498	39315.71
680.695	40124.66
680.892	40163.57
681.089	40503.53
681.286	40452.33
681.483	39594.23
681.68	40351.98
681.877	40724.71
682.075	40259.82
682.272	40048.88
682.469	40585.45
682.665	40018.16
682.862	39186.69
683.059	39864.57
683.256	39985.4
683.453	39979.25
683.65	39885.04
683.847	40378.61
684.044	40409.32
684.241	39989.49
684.438	40222.96
684.635	39500.03
684.831	40329.45
685.028	40130.8
685.225	39158.02
685.422	40075.51
685.619	40216.82
685.815	39762.17
686.012	40040.69
686.209	39201.02
686.405	39682.3
686.602	39833.85
686.799	39160.06
686.996	39387.39
687.192	39264.51
687.389	40581.35
687.586	39325.95
687.782	38930.69
687.979	40249.58
688.175	39633.14
688.372	39274.75
688.568	39491.83
688.765	39313.66
688.962	40077.55
689.158	39477.5
689.355	38930.69
689.551	39682.3
689.748	39530.75
689.944	39080.19
690.14	39401.72
690.337	39760.12
690.533	40354.03
690.73	39385.34
690.926	39598.33
691.123	39158.02
691.319	39696.63
691.515	39112.96
691.712	39293.18
691.908	39530.75
692.104	39534.84
692.301	39080.19
692.497	38445.32
692.693	39477.5
692.889	39000.32
693.086	38985.99
693.282	38799.62
693.478	39704.82
693.674	39870.71
693.87	38838.53
694.067	38775.05
694.263	39282.94
694.459	39360.76
694.655	39262.46
694.851	39276.8
695.047	39276.8
695.243	40001.78
695.439	38932.74
695.635	38598.92
695.831	38832.39
696.027	38764.81
696.224	37935.38
696.42	38932.74
696.615	39397.63
696.811	38893.83
697.007	38093.07
697.203	38293.77
697.399	38904.07
697.595	39010.56
697.791	38332.68
697.987	38263.05
698.183	38480.14
698.379	38803.72
698.575	38488.33
698.77	38246.67
698.966	38891.78
699.162	38576.39
699.358	37935.38
699.554	38357.26
699.749	38883.59
699.945	39002.37
700.141	38656.26
700.337	38865.16
700.532	38562.06
700.728	38930.69
700.924	38226.19
701.119	37931.28
701.315	38613.26
701.511	38349.07
701.706	38422.8
701.902	37476.63
702.097	38484.23
702.293	38541.58
702.489	38177.04
702.684	37914.9
702.88	38916.36
703.075	38420.75
703.271	37828.88
703.466	37439.77
703.662	37966.1
703.857	38115.6
704.053	37927.19
704.248	37687.57
704.443	38547.72
704.639	38349.07
704.834	38297.87
705.03	38127.89
705.225	38256.91
705.42	38418.7
705.616	37841.17
705.811	37366.04
706.006	38365.45
706.202	38230.29
706.397	37652.76
706.592	37480.73
706.787	38144.27
706.983	37273.88
707.178	37921.04
707.373	37458.2
707.568	37638.42
707.763	37708.05
707.959	36843.81
708.154	37843.22
708.349	37316.89
708.544	38119.7
708.739	37781.78
708.934	36927.78
709.129	37484.83
709.324	38121.74
709.519	37118.24
709.714	36860.19
709.909	37976.34
710.104	37554.46
710.299	37394.71
710.494	37513.5
710.689	37277.98
710.884	37632.28
711.079	37517.59
711.274	36882.72
711.469	37773.59
711.664	37699.86
711.859	37374.24
712.054	37359.9
712.249	37558.55
712.443	37427.48
712.638	37386.52
712.833	37091.62
713.028	37880.08
713.223	37036.32
713.417	37554.46
713.612	36995.36
713.807	37318.94
714.002	38328.59
714.196	37222.69
714.391	36628.77
714.586	37267.74
714.78	37800.21
714.975	36639.01
715.17	36913.44
715.364	37452.06
715.559	37695.77
715.754	36448.55
715.948	36720.93
716.143	37462.3
716.337	36921.63
716.532	37083.42
716.726	36921.63
716.921	36927.78
717.115	37277.98
717.31	35983.66
717.504	37660.95
717.699	36964.64
717.893	36813.09
718.088	36038.96
718.282	35832.11
718.476	36399.4
718.671	36741.41
718.865	36278.57
719.059	35983.66
719.254	36047.15
719.448	37009.7
719.642	38885.64
719.837	35850.55
720.031	38035.73
720.225	36108.59
720.419	35916.08
720.614	35905.84
720.808	35813.68
721.002	36208.94
721.196	35514.68
721.39	35766.58
721.585	36307.24
721.779	36505.9
721.973	35785.01
722.167	35782.96
722.361	36342.06
722.555	36831.52
722.749	35705.14
722.943	36202.8
723.137	35762.48
723.331	35717.43
723.525	35256.64
723.719	35090.75
723.913	36051.25
724.107	36178.22
724.301	35563.83
724.495	35651.89
724.689	36786.47
724.883	36231.47
725.077	35436.86
725.271	35465.53
725.465	35989.81
725.659	35815.73
725.853	35754.29
726.046	35008.83
726.24	35602.74
726.434	35703.09
726.628	35729.72
726.822	35291.45
727.015	36149.55
727.209	36471.08
727.403	35830.07
727.596	35563.83
727.79	36116.78
727.984	36583.72
728.177	35678.52
728.371	35369.27
728.565	35952.94
728.758	35692.85
728.952	35064.13
729.146	35193.15
729.339	36563.24
729.533	36131.12
729.726	35465.53
729.92	35445.05
730.113	36383.02
730.307	35883.31
730.5	35643.7
730.694	35848.5
730.887	35875.12
731.081	36499.75
731.274	35612.98
731.468	35809.59
731.661	36319.53
731.854	36016.43
732.048	35782.96
732.241	35684.66
732.435	36032.82
732.628	35897.65
732.821	35227.96
733.014	35512.63
733.208	35868.98
733.401	35979.57
733.594	35217.72
733.788	35385.66
733.981	36331.82
734.174	36303.15
734.367	35547.45
734.56	35854.64
734.754	36280.62
734.947	35938.61
735.14	35539.26
735.333	35547.45
735.526	36297
735.719	35543.35
735.912	35283.26
736.105	35397.95
736.298	36315.44
736.491	36163.89
736.684	35068.22
736.877	35559.73
737.07	36077.87
737.263	35971.38
737.456	35328.31
737.649	35070.27
737.842	36118.83
738.035	36307.24
738.228	35443
738.421	35776.82
738.614	36110.64
738.807	35979.57
739	34726.21
739.192	34568.52
739.385	35168.57
739.578	35633.46
739.771	35750.2
739.964	34849.09
740.156	35440.95
740.349	35201.34
740.542	35535.16
740.735	34552.13
740.927	35137.85
741.12	35539.26
741.313	35025.21
741.505	35725.62
741.698	35875.12
741.891	35729.72
742.083	35330.36
742.276	34908.48
742.468	35475.77
742.661	35436.86
742.854	34728.26
743.046	34632
743.239	35533.11
743.431	35713.33
743.624	35141.95
743.816	34470.22
744.009	35565.88
744.201	35567.93
744.393	35000.64
744.586	34855.23
744.778	34941.25
744.971	34867.52
745.163	34519.37
745.355	34535.75
745.548	35037.5
745.74	34928.96
745.932	34490.7
746.125	34605.38
746.317	35346.75
746.509	34818.37
746.702	34459.98
746.894	34642.24
747.086	35111.23
747.278	35240.25
747.471	34892.1
747.663	34922.82
747.855	34933.06
748.047	35336.51
748.239	34490.7
748.431	33841.49
748.623	35578.17
748.815	35002.69
749.008	33988.94
749.2	34365.77
749.392	34650.44
749.584	34990.4
749.776	34396.49
749.968	34289.99
750.16	35182.91
750.352	34203.98
750.544	34662.72
750.736	34126.16
750.928	34765.12
751.12	34642.24
751.311	33403.22
751.503	34289.99
751.695	34117.96
751.887	34515.27
752.079	34064.72
752.271	33667.41
752.463	34779.46
752.654	34054.48
752.846	33538.39
753.038	33667.41
753.23	34011.47
753.421	34351.43
753.613	33653.08
753.805	34007.37
753.997	34013.52
754.188	34212.17
754.38	33229.15
754.572	33415.51
754.763	33626.45
754.955	33466.71
755.146	33392.98
755.338	33331.54
755.53	33954.13
755.721	33810.77
755.913	32878.94
756.104	32770.4
756.296	33149.28
756.487	33644.88
756.679	32897.38
756.87	32741.73
757.062	33139.04
757.253	33505.62
757.445	32971.1
757.636	32856.42
757.827	32967.01
758.019	34140.49
758.21	32426.34
758.401	32598.37
758.593	33859.92
758.784	33593.68
758.975	32129.39
759.167	31992.17
759.358	33159.52
759.549	33120.6
759.74	32581.99
759.932	32354.66
760.123	32643.43
760.314	32917.86
760.505	32338.28
760.696	32172.39
760.888	33081.69
761.079	33005.92
761.27	32188.78
761.461	32471.4
761.652	33526.1
761.843	32600.42
762.034	32766.31
762.225	32612.71
762.416	32635.24
762.607	32788.83
762.798	31807.86
762.989	31736.18
763.18	33444.18
763.371	31981.93
763.562	31383.93
763.753	31089.02
763.944	31795.57
764.135	32063.85
764.326	31983.98
764.517	31478.13
764.708	32178.54
764.899	31664.5
765.089	31340.92
765.28	31654.26
765.471	32121.2
765.662	32090.48
765.853	31721.84
766.043	30933.37
766.234	32289.13
766.425	31875.44
766.615	31275.38
766.806	30939.52
766.997	31838.58
767.187	31744.37
767.378	31138.17
767.569	30648.71
767.759	31465.85
767.95	31158.65
768.141	30968.19
768.331	30765.44
768.522	31318.39
768.712	31619.44
768.903	31187.32
769.093	30939.52
769.284	31541.62
769.474	31179.13
769.665	30091.66
769.855	30474.63
770.046	31412.6
770.236	31119.74
770.426	30179.72
770.617	30284.17
770.807	30472.58
770.998	31017.34
771.188	30275.98
771.378	29954.44
771.569	30886.27
771.759	30615.94
771.949	29608.34
772.139	29800.85
772.33	30198.15
772.52	30349.7
772.71	29487.51
772.9	29583.76
773.09	30521.73
773.281	30505.35
773.471	29546.9
773.661	29843.85
773.851	29983.12
774.041	30235.02
774.231	29718.93
774.421	30136.71
774.611	30779.78
774.802	30486.92
774.992	29911.44
775.182	29796.75
775.372	30493.06
775.562	30349.7
775.752	30091.66
775.942	30024.08
776.131	30706.05
776.321	30353.8
776.511	29505.94
776.701	29477.27
776.891	30384.52
777.081	29917.58
777.271	29354.39
777.461	29374.87
777.651	29774.22
777.84	29624.72
778.03	29049.24
778.22	28811.68
778.41	29323.67
778.599	29184.41
778.789	28946.84
778.979	28830.11
779.169	29129.11
779.358	29112.73
779.548	29092.25
779.738	28338.6
779.927	29059.48
780.117	28805.53
780.307	28498.34
780.496	28375.46
780.686	29430.16
780.875	29591.95
781.065	28709.28
781.254	28152.23
781.444	29229.46
781.633	29022.62
781.823	28332.45
782.012	28418.47
782.202	28826.01
782.391	29059.48
782.581	28344.74
782.77	28852.64
782.96	29340.05
783.149	28260.77
783.338	28459.43
783.528	28170.66
783.717	28975.52
783.906	28926.36
784.096	28293.54
784.285	27935.15
784.474	28529.06
784.663	28279.21
784.853	27654.58
785.042	27883.95
785.231	28213.67
785.42	28273.06
785.61	27806.13
785.799	27640.24
785.988	28604.83
786.177	28166.57
786.366	27462.07
786.555	28289.45
786.744	28301.73
786.933	28625.31
787.122	27789.74
787.312	27531.7
787.501	28070.31
787.69	28617.12
787.879	27687.34
788.068	27601.33
788.257	27677.1
788.445	28203.43
788.634	27339.19
788.823	26984.89
789.012	28017.07
789.201	28182.95
789.39	27111.86
789.579	26972.6
789.768	27552.18
789.957	28004.78
790.145	26970.55
790.334	26927.55
790.523	26939.83
790.712	27566.51
790.9	27339.19
791.089	26749.37
791.278	27519.41
791.467	27371.96
791.655	27335.09
791.844	27904.43
792.033	27191.73
792.221	27193.78
792.41	26698.17
792.599	26020.3
792.787	27537.84
792.976	27281.85
793.164	26522.05
793.353	26698.17
793.541	27410.87
793.73	27152.82
793.918	26536.38
794.107	26364.36
794.295	27199.93
794.484	26943.93
794.672	26264
794.861	26532.29
795.049	26788.28
795.238	27505.07
795.426	25967.05
795.614	26206.66
795.803	27105.72
795.991	27005.37
796.179	26036.68
796.368	26137.03
796.556	26665.41
796.744	26311.11
796.932	26116.55
797.121	25510.35
797.309	26554.82
797.497	26595.78
797.685	25666
797.874	25567.7
798.062	26620.35
798.25	26550.72
798.438	25784.78
798.626	25891.27
798.814	26526.14
799.002	26462.66
799.19	25500.11
799.378	25586.13
799.566	26225.09
799.755	26089.93
799.943	25575.89
800.131	25631.18
800.318	26300.87
800.506	26431.94
800.694	25104.85
800.882	25493.97
801.07	26554.82
801.258	26253.76
801.446	25848.27
801.634	25764.3
801.822	26331.59
802.01	26362.31
802.197	25569.74
802.385	25819.6
802.573	26548.67
802.761	26321.35
802.949	26059.21
803.136	26051.02
803.324	26771.9
803.512	26513.86
803.699	25897.42
803.887	25346.51
804.075	26501.57
804.262	26225.09
804.45	25778.64
804.638	26067.4
804.825	26442.18
805.013	26325.44
805.201	26001.86
805.388	25561.55
805.576	26671.55
805.763	26776
805.951	25915.85
806.138	26100.17
806.326	26655.17
806.513	26421.7
806.701	25668.05
806.888	25864.65
807.075	26583.49
807.263	26663.36
807.45	25606.61
807.638	25745.87
807.825	26726.85
808.012	26472.9
808.2	25840.08
808.387	26603.97
808.574	26773.95
808.761	26880.44
808.949	26264
809.136	26094.02
809.323	26882.49
809.51	27019.71
809.698	26689.98
809.885	26374.59
810.072	26900.92
810.259	27337.14
810.446	26466.75
810.633	26212.81
810.82	27052.47
811.008	27285.94
811.195	26763.71
811.382	26487.23
811.569	26780.09
811.756	26610.11
811.943	26495.43
812.13	26335.68
812.317	26902.97
812.504	26624.45
812.691	26583.49
812.878	26331.59
813.064	27263.41
813.251	26988.99
813.438	26661.31
813.625	26859.96
813.812	27011.51
813.999	27142.58
814.186	26632.64
814.372	26542.53
814.559	27435.44
814.746	27689.39
814.933	26677.69
815.12	26726.85
815.306	26929.59
815.493	27163.06
815.68	26491.33
815.866	26354.12
816.053	27173.3
816.24	27482.55
816.426	26517.95
816.613	25952.71
816.799	26968.51
816.986	27175.35
817.173	26337.73
817.359	26243.52
817.546	26921.4
817.732	26593.73
817.919	26139.08
818.105	26603.97
818.292	26814.91
818.478	27161.01
818.665	26610.11
818.851	26286.53
819.037	27414.96
819.224	26735.04
819.41	25829.84
819.597	25981.38
819.783	27113.91
819.969	27021.75
820.156	26247.62
820.342	25842.12
820.528	28281.25
820.714	26573.25
820.901	26370.5
821.087	25962.95
821.273	26747.33
821.459	26552.77
821.646	25694.67
821.832	25956.81
822.018	26741.18
822.204	26436.03
822.39	26020.3
822.576	25893.32
822.762	26468.8
822.948	26390.98
823.134	26063.3
823.32	25692.62
823.507	25924.04
823.693	26405.31
823.879	26300.87
824.065	25709.01
824.25	26210.76
824.436	26286.53
824.622	25700.81
824.808	25747.92
824.994	26151.37
825.18	25862.6
825.366	25629.13
825.552	25596.37
825.738	26173.89
825.923	26317.25
826.109	25893.32
826.295	25074.13
826.481	25792.97
826.667	25872.84
826.852	25633.23
827.038	25336.27
827.224	26055.11
827.409	26022.34
827.595	25180.63
827.781	25526.74
827.966	26327.49
828.152	26370.5
828.338	25237.97
828.523	24740.32
828.709	26087.88
828.894	26173.89
829.08	25119.19
829.266	24613.34
829.451	25592.27
829.637	25893.32
829.822	24738.27
830.008	24629.73
830.193	25092.57
830.378	25190.87
830.564	24392.16
830.749	24021.48
830.935	24558.05
831.12	24138.21
831.305	24277.47
831.491	24328.67
831.676	24416.74
831.861	24824.28
832.047	24426.98
832.232	24138.21
832.417	25096.66
832.602	25190.87
832.788	24066.53
832.973	24111.59
833.158	24711.64
833.343	24697.31
833.528	24480.22
833.714	24429.02
833.899	24625.63
834.084	25321.94
834.269	24691.16
834.454	24242.66
834.639	24619.49
834.824	24834.52
835.009	23943.66
835.194	24295.91
835.379	24826.33
835.564	24525.28
835.749	23960.04
835.934	23570.93
836.119	24568.29
836.304	24441.31
836.489	23814.63
836.674	24132.07
836.859	24130.02
837.044	24492.51
837.228	23869.93
837.413	23452.14
837.598	24056.29
837.783	24148.45
837.968	23257.59
838.152	22878.71
838.337	23615.98
838.522	24486.37
838.707	24101.35
838.891	23316.98
839.076	23968.23
839.261	23951.85
839.445	23771.63
839.63	23579.12
839.815	24250.85
839.999	23755.24
840.184	23228.91
840.368	23310.83
840.553	24158.69
840.737	23693.8
840.922	22592
841.106	22692.35
841.291	23157.24
841.475	23953.9
841.66	23038.45
841.844	22643.2
842.029	24304.1
842.213	23147
842.397	22858.23
842.582	22479.36
842.766	23736.81
842.951	23554.54
843.135	22931.96
843.319	22905.34
843.504	23470.58
843.688	24160.74
843.872	22505.98
844.056	22895.1
844.241	23359.98
844.425	23169.52
844.609	22876.66
844.793	22563.33
844.977	23536.11
845.161	23007.73
845.346	22151.68
845.53	22393.34
845.714	23063.03
845.898	23257.59
846.082	21852.68
846.266	22266.37
846.45	22548.99
846.634	22671.87
846.818	21805.58
847.002	22352.38
847.186	22561.28
847.37	21920.26
847.554	21627.4
847.738	21828.1
847.922	22395.39
848.106	22206.98
848.29	21510.67
848.473	21664.27
848.657	22217.22
848.841	22313.47
849.025	21938.69
849.209	21924.36
849.392	22508.03
849.576	22493.69
849.76	21164.56
849.944	21959.17
850.127	22708.73
850.311	22084.1
850.495	21488.14
850.678	21238.29
850.862	22268.42
851.046	22397.44
851.229	21905.93
851.413	21123.6
851.596	21991.94
851.78	22039.05
851.964	21793.29
852.147	21359.12
852.331	22438.4
852.514	22073.86
852.698	21639.69
852.881	20834.84
853.065	21987.85
853.248	22028.81
853.431	21256.72
853.615	20881.94
853.798	22202.88
853.982	21844.49
854.165	21115.41
854.348	20728.35
854.532	21213.71
854.715	21430.8
854.898	20474.4
855.081	20564.51
855.265	21641.74
855.448	21873.16
855.631	20357.66
855.814	20519.45
855.997	21219.86
856.181	21389.84
856.364	20607.51
856.547	20195.87
856.73	21291.54
856.913	21146.13
857.096	20218.4
857.279	20267.55
857.462	20554.27
857.645	20978.2
857.828	19968.55
858.011	20318.75
858.194	20349.47
858.377	20470.3
858.56	19972.64
858.743	19935.78
858.926	20261.41
859.109	20279.84
859.292	20075.04
859.475	19847.72
859.658	20587.04
859.841	20863.51
860.023	19821.09
860.206	19698.22
860.389	20490.78
860.572	20384.29
860.755	20224.54
860.937	20003.36
861.12	20529.69
861.303	20787.74
861.486	19862.05
861.668	19913.25
861.851	20300.32
862.034	20517.4
862.216	19878.44
862.399	19391.02
862.581	20290.08
862.764	20038.18
862.947	19405.36
863.129	19431.98
863.312	19452.46
863.494	19845.67
863.677	19819.05
863.859	19094.07
864.042	19745.32
864.224	19526.19
864.406	19141.17
864.589	18668.09
864.771	19214.9
864.954	19038.77
865.136	18477.63
865.318	18465.34
865.501	19620.39
865.683	18582.07
865.865	18485.82
866.048	18479.68
866.23	19024.44
866.412	18930.23
866.594	18278.97
866.777	18713.14
866.959	18741.82
867.141	19022.39
867.323	18911.8
867.505	18895.41
867.687	19069.49
867.869	19368.49
868.052	18676.28
868.234	18879.03
868.416	19356.21
868.598	19456.56
868.78	18514.49
868.962	18479.68
869.144	19575.34
869.326	19266.1
869.508	18616.89
869.69	18627.13
869.872	18580.03
870.054	19761.7
870.236	18235.97
870.417	18358.85
870.599	18948.66
870.781	19540.52
870.963	18668.09
871.145	18491.96
871.327	18682.42
871.508	19311.15
871.69	18461.24
871.872	18702.9
872.054	19243.57
872.235	19309.1
872.417	18782.77
872.599	18344.51
872.78	19704.36
872.962	19272.24
873.144	18459.2
873.325	18575.93
873.507	19173.94
873.689	19098.16
873.87	18457.15
874.052	18655.8
874.233	18739.77
874.415	19298.86
874.596	18563.64
874.778	18156.1
874.959	18954.8
875.141	19411.5
875.322	18250.3
875.503	18084.42
875.685	18833.97
875.866	18369.09
876.048	18129.47
876.229	18356.8
876.41	18561.59
876.592	19286.58
876.773	18666.04
876.954	18235.97
877.136	19345.97
877.317	18887.22
877.498	18473.53
877.679	18879.03
877.86	18993.72
878.042	18901.56
878.223	18661.94
878.404	19395.12
878.585	19014.2
878.766	21004.82
878.947	19116.59
879.128	18819.64
879.309	19331.63
879.49	19243.57
879.672	18952.76
879.853	18637.37
880.034	19046.96
880.215	19565.1
880.396	18922.04
880.576	18764.34
880.757	19311.15
880.938	20077.09
881.119	18653.75
881.3	18684.47
881.481	19417.65
881.662	20740.63
881.843	18762.3
882.023	18813.49
882.204	19636.78
882.385	19282.48
882.566	18696.76
882.747	19020.34
882.927	19491.37
883.108	19483.18
883.289	18412.09
883.469	19104.31
883.65	19550.76
883.831	19722.79
884.011	19513.9
884.192	19278.38
884.373	19857.96
884.553	19855.91
884.734	19481.13
884.914	19864.1
885.095	21148.18
885.275	20232.74
885.456	19587.63
885.636	19440.17
885.817	20054.56
885.997	20144.67
886.178	18891.32
886.358	19667.5
886.538	20290.08
886.719	21983.75
886.899	19630.63
887.08	19960.36
887.26	20281.89
887.44	19874.34
887.621	19591.72
887.801	19718.7
887.981	20779.54
888.161	20800.02
888.342	19804.71
888.522	19946.02
888.702	20908.57
888.882	20531.74
889.062	19690.02
889.242	19614.25
889.423	20699.67
889.603	20423.2
889.783	19900.97
889.963	19636.78
890.143	20263.46
890.323	20654.62
890.503	19452.46
890.683	19769.9
890.863	20482.59
891.043	20310.56
891.223	19583.53
891.403	20021.8
891.583	20288.03
891.763	19925.54
891.943	19735.08
892.122	19833.38
892.302	20372
892.482	20122.15
892.662	19835.43
892.842	19644.97
893.022	20236.83
893.201	20335.14
893.381	20165.15
893.561	19855.91
893.741	20711.96
893.92	20509.21
894.1	20259.36
894.28	20032.04
894.459	20843.03
894.639	20374.05
894.819	19898.92
894.998	20195.87
895.178	21062.16
895.357	20093.47
895.537	19569.19
895.716	19780.14
895.896	20400.67
896.075	20988.44
896.255	19702.31
896.434	19767.85
896.614	20890.13
896.793	20265.5
896.973	19841.57
897.152	19802.66
897.331	20089.38
897.511	20593.18
897.69	19624.49
897.87	20136.48
898.049	20533.79
898.228	20218.4
898.407	20054.56
898.587	20068.9
898.766	20279.84
898.945	20111.91
899.124	19821.09
899.304	19888.68
899.483	20398.62
899.662	20709.91
899.841	19450.41
900.02	19632.68
900.199	20400.67
900.378	20120.1
900.557	19653.16
900.737	19575.34
900.916	20322.85
901.095	20169.25
901.274	19757.61
901.453	19632.68
901.632	19898.92
901.811	20025.89
901.989	19491.37
902.168	19274.29
902.347	20439.58
902.526	19845.67
902.705	19212.85
902.884	19300.91
903.063	19968.55
903.242	19907.11
903.42	18895.41
903.599	19335.73
903.778	20140.58
903.957	20107.81
904.135	19438.12
904.314	19348.01
904.493	19817
904.672	19528.24
904.85	18891.32
905.029	19444.27
905.207	19628.59
905.386	20367.9
905.565	18647.61
905.743	18823.73
905.922	19155.51
906.1	19522.09
906.279	18797.11
906.457	18625.08
906.636	19282.48
906.814	19102.26
906.993	18362.94
907.171	18569.79
907.35	19075.63
907.528	19608.11
907.707	19192.37
907.885	17990.21
908.063	18963
908.242	19028.53
908.42	18504.25
908.598	17961.54
908.777	19157.55
908.955	18534.97
909.133	18436.67
909.311	17893.96
909.49	18614.84
909.668	18444.86
909.846	18065.99
910.024	17797.7
910.202	18567.74
910.38	18772.53
910.559	17746.5
910.737	17953.35
910.915	18475.58
911.093	18494.01
911.271	18145.86
911.449	18248.25
911.627	18233.92
911.805	19044.91
911.983	17687.11
912.161	17773.13
912.339	18070.08
912.517	18410.04
912.695	17650.25
912.872	17629.77
913.05	18137.66
913.228	18010.69
913.406	17443.4
913.584	17508.94
913.762	18121.28
913.939	17762.89
914.117	17384.01
914.295	17166.93
914.473	17539.66
914.65	18190.91
914.828	17332.81
915.006	16937.55
915.184	17633.86
915.361	17476.17
915.539	17234.51
915.716	17422.92
915.894	17453.64
916.072	17959.49
916.249	17318.48
916.427	17201.74
916.604	17633.86
916.782	17961.54
916.959	16986.71
917.137	17103.44
917.314	17601.1
917.492	17285.71
917.669	16894.55
917.847	16769.62
918.024	17406.54
918.201	16992.85
918.379	16910.93
918.556	16599.64
918.733	17105.49
918.911	16906.84
919.088	17025.62
919.265	16411.23
919.442	17011.28
919.62	16874.07
919.797	16089.7
919.974	15891.04
920.151	16769.62
920.328	16464.47
920.506	15843.94
920.683	16609.88
920.86	15733.35
921.037	16183.9
921.214	15721.06
921.391	15708.77
921.568	16089.7
921.745	15997.54
921.922	15598.18
922.099	15215.21
922.276	15680.1
922.453	15751.78
922.63	15049.33
922.807	15645.29
922.984	15868.52
923.161	15620.71
923.338	15528.55
923.514	15325.8
923.691	15653.48
923.868	15741.54
924.045	15073.9
924.222	14783.09
924.399	15415.91
924.575	15442.54
924.752	15264.36
924.929	15192.69
925.105	15149.68
925.282	14967.41
925.459	14908.02
925.635	14713.46
925.812	15243.88
925.989	14951.03
926.165	14680.69
926.342	14230.14
926.518	14844.53
926.695	14764.66
926.871	14291.58
927.048	14000.77
927.224	14940.79
927.401	14457.46
927.577	14160.51
927.754	13716.1
927.93	14678.65
928.107	14258.81
928.283	13673.09
928.459	13879.94
928.636	14371.45
928.812	14307.96
928.988	13593.22
929.165	13322.89
929.341	14064.25
929.517	14123.65
929.693	14099.07
929.87	13212.3
930.046	14078.59
930.222	13789.83
930.398	13075.09
930.574	13157
930.751	13755.01
930.927	13404.81
931.103	13148.81
931.279	12966.54
931.455	13286.03
931.631	13574.79
931.807	12606.1
931.983	12540.57
932.159	12915.34
932.335	12962.45
932.511	12640.92
932.687	12317.34
932.863	12872.34
933.039	12827.28
933.215	12047.01
933.391	11889.31
933.566	12423.83
933.742	12348.06
933.918	11768.48
934.094	11467.43
934.27	12022.43
934.445	11887.26
934.621	11807.39
934.797	11197.1
934.973	11610.79
935.148	11449
935.324	10754.74
935.5	10640.05
935.675	11295.4
935.851	11387.56
936.027	10805.94
936.202	10527.41
936.378	10963.63
936.553	10451.64
936.729	10629.81
936.904	9933.5
937.08	10019.52
937.255	10005.18
937.431	9695.94
937.606	9368.26
937.782	9482.95
937.957	9708.23
938.133	9267.91
938.308	8927.95
938.483	9032.4
938.659	8831.69
938.834	8702.67
939.009	8170.2
939.185	8655.57
939.36	8301.27
939.535	7766.75
939.71	8119
939.886	8780.5
940.061	8293.08
940.236	8282.84
940.411	7705.31
940.586	8035.03
940.761	8233.69
940.937	7576.29
941.112	7322.34
941.287	7764.7
941.462	7813.85
941.637	7273.19
941.812	7477.99
941.987	7555.81
942.162	7422.69
942.337	7355.11
942.512	7058.15
942.687	7754.46
942.862	7482.08
943.037	6693.62
943.212	6484.72
943.386	7265
943.561	7424.74
943.736	7025.39
943.911	7394.02
944.086	7512.8
944.26	7336.68
944.435	6865.64
944.61	7260.9
944.785	7308.01
944.959	7813.85
945.134	6955.76
945.309	6828.78
945.483	6914.8
945.658	7377.64
945.833	6603.5
946.007	6535.92
946.182	7604.96
946.357	7080.68
946.531	6666.99
946.706	6869.74
946.88	6912.75
947.055	7434.98
947.229	6828.78
947.404	6834.93
947.578	7246.57
947.752	7230.18
947.927	6802.16
948.101	6808.3
948.276	7977.69
948.45	7598.82
948.624	7561.95
948.799	7101.16
948.973	7480.04
949.147	7207.66
949.321	7090.92
949.496	7158.5
949.67	8026.84
949.844	7445.22
950.018	7129.83
950.193	7150.31
950.367	7938.78
950.541	7502.56
950.715	7174.89
950.889	7273.19
951.063	7510.75
951.237	7811.81
951.411	7138.02
951.585	7217.9
951.759	8045.27
951.933	7854.81
952.107	7338.73
952.281	7680.74
952.455	8309.46
952.629	8026.84
952.803	7377.64
952.977	7426.79
953.151	8106.71
953.325	7936.73
953.499	7727.84
953.672	7140.07
953.846	7813.85
954.02	7957.21
954.194	7578.34
954.368	7484.13
954.541	8413.91
954.715	7930.59
954.889	7844.57
955.062	7463.65
955.236	7942.88
955.41	8000.22
955.583	7897.82
955.757	7418.6
955.93	7977.69
956.104	7844.57
956.278	7615.2
956.451	7668.45
956.625	8237.78
956.798	8567.51
956.972	8084.19
957.145	7578.34
957.319	8471.25
957.492	8037.08
957.665	7897.82
957.839	7719.65
958.012	8065.75
958.185	8088.28
958.359	7688.93
958.532	8000.22
958.705	8037.08
958.879	8196.82
959.052	7940.83
959.225	7348.97
959.398	8135.39
959.572	8151.77
959.745	7746.27
959.918	7680.74
960.091	7918.3
960.264	8344.28
960.438	7772.89
960.611	7793.37
960.784	8526.55
960.957	8215.26
961.13	8397.53
961.303	7770.85
961.476	8233.69
961.649	8747.73
961.822	7676.64
961.995	7860.96
962.168	8073.95
962.341	8411.86
962.514	7828.19
962.686	7840.48
962.859	8069.85
963.032	8045.27
963.205	7715.55
963.378	7369.44
963.551	8030.94
963.723	7715.55
963.896	7627.49
964.069	7717.6
964.242	7967.45
964.414	8501.97
964.587	7551.71
964.76	7787.23
964.932	8073.95
965.105	7869.15
965.278	7740.13
965.45	7594.72
965.623	8012.51
965.795	8049.37
965.968	7512.8
966.14	7381.73
966.313	7891.68
966.485	8180.44
966.658	7400.16
966.83	7410.4
967.003	7899.87
967.175	7908.06
967.348	7742.18
967.52	7508.71
967.692	8387.29
967.865	8157.91
968.037	7467.75
968.209	7738.08
968.382	7797.47
968.554	7971.55
968.726	7500.51
968.898	7283.43
969.071	8243.93
969.243	7717.6
969.415	7256.81
969.587	7494.37
969.759	7981.79
969.932	7801.57
970.104	7426.79
970.276	6922.99
970.448	7502.56
970.62	7559.91
970.792	7508.71
970.964	7434.98
971.136	8145.63
971.308	7756.51
971.48	6992.62
971.652	7428.84
971.824	7842.53
971.996	7535.33
972.168	7287.53
972.339	7338.73
972.511	7729.89
972.683	7705.31
972.855	7543.52
973.027	7049.96
973.199	7768.8
973.37	7899.87
973.542	7369.44
973.714	7410.4
973.886	7477.99
974.057	7607.01
974.229	6959.85
974.401	7193.32
974.572	7512.8
974.744	7303.91
974.915	6976.23
975.087	7023.34
975.259	7736.03
975.43	7260.9
975.602	6867.69
975.773	6664.94
975.945	7164.65
976.116	7502.56
976.288	6847.21
976.459	7158.5
976.63	6990.57
976.802	7178.98
976.973	6607.6
977.145	7039.72
977.316	7783.13
977.487	7658.21
977.659	6796.01
977.83	6920.94
978.001	7512.8
978.172	7250.66
978.344	6806.25
978.515	6685.42
978.686	7105.26
978.857	7514.85
979.028	6591.22
979.2	6605.55
979.371	7185.13
979.542	6935.28
979.713	6691.57
979.884	6310.65
980.055	6863.6
980.226	7113.45
980.397	6591.22
980.568	6298.36
980.739	7090.92
980.91	6603.5
981.081	6558.45
981.252	6554.35
981.423	6658.8
981.594	6869.74
981.765	6306.55
981.936	6677.23
982.106	6623.98
982.277	7158.5
982.448	6212.34
982.619	6576.88
982.79	6288.12
982.96	6630.13
983.131	6396.66
983.302	5772.03
983.472	6626.03
983.643	6511.35
983.814	6173.43
983.984	6009.59
984.155	6560.5
984.326	6413.04
984.496	6109.94
984.667	6052.6
984.837	6042.36
985.008	6675.18
985.178	6550.26
985.349	5831.42
985.519	6220.53
985.69	6128.38
985.86	5870.33
986.031	5462.79
986.201	6322.93
986.371	6058.74
986.542	5640.96
986.712	5657.34
986.882	6159.1
987.053	6292.21
987.223	5657.34
987.393	5776.13
987.563	5937.91
987.734	6230.77
987.904	6302.45
988.074	5624.58
988.244	5968.63
988.414	5978.87
988.585	5659.39
988.755	5812.99
988.925	5894.91
989.095	6429.43
989.265	5391.11
989.435	5602.05
989.605	6216.44
989.775	6308.6
989.945	5982.97
990.115	5161.73
990.285	5706.49
990.455	5878.52
990.625	5612.29
990.795	5319.43
990.965	6185.72
991.134	5597.95
991.304	5421.83
991.474	5159.69
991.644	5743.36
991.814	6052.6
991.984	4965.13
992.153	5081.86
992.323	5397.25
992.493	5763.84
992.662	4936.46
992.832	5260.04
993.002	5270.28
993.171	5686.01
993.341	4766.48
993.511	4936.46
993.68	5335.81
993.85	5708.54
994.019	4717.33
994.189	4690.7
994.358	5081.86
994.528	5141.25
994.697	4436.75
994.867	4690.7
995.036	5513.99
995.206	5169.93
995.375	4623.12
995.544	4926.22
995.714	5460.74
995.883	5307.14
996.052	5071.62
996.222	4373.27
996.391	5436.16
996.56	5245.7
996.73	4655.89
996.899	4584.21
997.068	5495.55
997.237	5223.17
997.406	4352.79
997.576	4471.57
997.745	5534.46
997.914	4952.84
998.083	4266.77
998.252	4535.06
998.421	5053.19
998.59	4748.04
998.759	4248.34
998.928	4287.25
999.097	5057.29
999.266	5024.52
999.435	4662.03
999.604	4166.42
999.773	5178.12
999.942	4715.28
1000.111	4080.41
1000.28	4021.02
1000.448	4657.93
1000.617	4547.34
1000.786	4549.39
1000.955	4057.88
1001.124	4948.75
1001.292	5237.51
1001.461	4231.96
1001.63	3959.58
1001.798	4758.28
1001.967	4748.04
1002.136	3947.29
1002.304	3871.51
1002.473	4891.4
1002.642	4426.51
1002.81	4127.51
1002.979	3879.71
1003.147	4838.16
1003.316	4950.79
1003.484	3795.74
1003.653	3971.86
1003.821	4500.24
1003.99	4170.52
1004.158	4334.36
1004.327	4014.87
1004.495	4559.63
1004.663	4457.23
1004.832	4049.69
1005	3541.79
1005.168	4338.45
1005.337	4227.86
1005.505	3535.65
1005.673	4123.41
1005.842	4383.51
1006.01	4025.11
1006.178	3531.55
1006.346	3597.09
1006.514	3994.39
1006.683	4477.71
1006.851	3580.7
1007.019	3760.92
1007.187	3980.06
1007.355	3539.74
1007.523	3316.51
1007.691	3212.07
1007.859	3695.39
1008.027	4533.01
1008.195	3330.85
1008.363	3207.97
1008.531	3939.1
1008.699	3982.1
1008.867	3085.09
1009.035	3357.47
1009.203	4356.88
1009.37	3896.09
1009.538	3353.38
1009.706	4387.6
1009.874	3846.94
1010.042	3781.4
1010.209	2962.22
1010.377	3068.71
1010.545	3863.32
1010.713	3771.16
1010.88	3093.29
1011.048	3296.04
1011.216	3728.16
1011.383	4088.6
1011.551	3105.57
1011.718	2833.19
1011.886	3820.32
1012.054	3848.99
1012.221	2929.45
1012.389	3003.18
1012.556	3648.29
1012.724	3883.8
1012.891	3121.96
1013.058	2552.62
1013.226	3695.39
1013.393	3644.19
1013.561	2626.35
1013.728	2702.12
1013.895	3842.84
1014.063	3468.06
1014.23	2587.44
1014.397	2706.22
1014.565	3549.98
1014.732	3148.58
1014.899	2513.71
1015.066	2589.49
1015.233	3543.84
1015.401	3351.33
1015.568	2786.09
1015.735	2945.83
1015.902	3554.08
1016.069	3468.06
1016.236	2552.62
1016.403	2339.63
1016.57	2933.54
1016.737	3650.33
1016.904	2530.09
1017.071	2407.22
1017.238	2880.3
1017.405	3199.78
1017.572	2554.67
1017.739	2843.43
1017.906	3633.95
1018.073	3400.48
1018.24	2325.3
1018.407	2628.4
1018.573	3146.53
1018.74	3095.33
1018.907	2472.75
1019.074	2159.41
1019.241	3128.1
1019.407	3011.37
1019.574	2302.77
1019.741	2315.06
1019.907	3238.69
1020.074	3269.41
1020.241	1956.66
1020.407	2231.09
1020.574	2767.66
1020.74	2814.76
1020.907	2224.95
1021.073	2261.81
1021.24	3502.88
1021.406	3074.85
1021.573	2085.69
1021.739	2196.28
1021.906	3126.05
1022.072	2825
1022.239	2313.01
1022.405	2308.91
1022.571	2788.14
1022.738	2779.95
1022.904	2126.64
1023.07	2284.34
1023.237	2687.79
1023.403	2966.31
1023.569	2165.56
1023.735	2253.62
1023.902	2769.71
1024.068	2802.47
1024.234	1942.33
1024.4	2026.29
1024.566	2468.66
1024.732	2650.92
1024.898	2007.86
1025.065	1684.28
1025.231	2554.67
1025.397	2403.12
1025.563	2069.3
1025.729	1774.39
1025.895	2181.94
1026.061	2356.02
1026.227	1604.41
1026.392	1870.65
1026.558	2454.32
1026.724	2738.99
1026.89	1688.38
1027.056	1927.99
1027.222	2270
1027.388	2343.73
1027.553	1809.21
1027.719	1667.9
1027.885	2775.85
1028.051	2196.28
1028.216	1448.77
1028.382	1727.29
1028.548	2323.25
1028.713	2292.53
1028.879	1575.74
1029.045	1899.32
1029.21	2470.7
1029.376	2415.41
1029.541	1715
1029.707	1594.17
1029.873	2356.02
1030.038	2267.95
1030.204	1655.61
1030.369	1661.76
1030.534	2286.39
1030.7	1946.42
1030.865	1700.67
1031.031	1426.24
1031.196	2296.63
1031.361	2046.77
1031.527	1473.34
1031.692	1487.68
1031.857	1766.2
1032.023	2290.48
1032.188	1483.58
1032.353	1553.21
1032.518	2298.67
1032.684	2134.84
1032.849	1307.46
1033.014	1565.5
1033.179	1971
1033.344	2106.17
1033.509	1565.5
1033.674	1497.92
1033.839	2112.31
1034.004	2087.73
1034.17	1436.48
1034.335	1250.11
1034.5	1927.99
1034.664	1700.67
1034.829	1372.99
1034.994	1465.15
1035.159	1805.11
1035.324	1995.57
1035.489	1407.81
1035.654	1266.5
1035.819	2618.16
1035.984	1848.12
1036.148	1362.75
1036.313	1205.06
1036.478	2126.64
1036.643	1669.95
1036.807	1270.59
1036.972	1096.52
1037.137	2335.54
1037.301	1708.86
1037.466	990.02
1037.631	1356.61
1037.795	1983.29
1037.96	1733.43
1038.124	1424.19
1038.289	1082.18
1038.454	1848.12
1038.618	1823.55
1038.783	1360.7
1038.947	1334.08
1039.111	1557.31
1039.276	1649.47
1039.44	1133.38
1039.605	1798.97
1039.769	1649.47
1039.933	1557.31
1040.098	1123.14
1040.262	1381.18
1040.426	1798.97
1040.591	1708.86
1040.755	1014.6
1040.919	1092.42
1041.083	1811.26
1041.248	1475.39
1041.412	758.6
1041.576	932.68
1041.74	1557.31
1041.904	1651.52
1042.068	1004.36
1042.232	1026.89
1042.397	1997.62
1042.561	1563.45
1042.725	619.34
1042.889	1039.17
1043.053	1594.17
1043.217	1471.29
1043.381	904.01
1043.544	748.36
1043.708	1696.57
1043.872	1272.64
1044.036	654.16
1044.2	813.9
1044.364	1721.15
1044.528	1667.9
1044.691	6040.31
1044.855	783.18
1045.019	1569.6
1045.183	1567.55
1045.346	922.44
1045.51	490.32
1045.674	1631.04
1045.837	1508.16
1046.001	832.33
1046.165	799.56
1046.328	1905.46
1046.492	1317.7
1046.655	1119.04
1046.819	858.95
1046.983	1307.46
1047.146	1301.31
1047.31	920.39
1047.473	533.33
1047.636	1391.42
1047.8	1180.48
1047.963	871.24
1048.127	596.81
1048.29	1012.55
