345.52	-1317.01
345.736	-1317.01
345.952	-1317.01
346.168	-1339.54
346.384	-1325.21
346.6	-280.74
346.816	-243.88
347.032	-172.2
347.248	569.16
347.464	-383.14
347.68	-239.78
347.896	-49.32
348.112	372.56
348.328	-133.29
348.544	32.6
348.76	270.16
348.975	257.87
349.191	-313.51
349.407	-413.86
349.623	196.43
349.839	132.95
350.055	-239.78
350.27	-86.19
350.486	208.72
350.702	274.26
350.918	372.56
351.133	-102.57
351.349	157.52
351.565	485.2
351.781	-405.67
351.996	48.98
352.212	124.76
352.428	149.33
352.644	-288.93
352.859	-362.66
353.075	257.87
353.291	137.04
353.506	-231.59
353.722	-420
353.938	14.17
354.153	415.57
354.369	223.06
354.584	-356.52
354.8	192.34
355.016	-10.41
355.231	-399.52
355.447	-82.09
355.662	335.7
355.878	741.19
356.093	-555.17
356.309	-34.99
356.524	-61.61
356.74	464.72
356.955	-350.37
357.171	-114.86
357.386	239.44
357.602	-59.56
357.817	-127.14
358.033	-293.03
358.248	323.41
358.464	366.42
358.679	-217.26
358.895	-501.92
359.11	-12.46
359.325	159.57
359.541	466.77
359.756	-39.08
359.972	-112.81
360.187	489.29
360.402	-268.45
360.618	-166.06
360.833	1564.48
361.048	110.42
361.264	-237.74
361.479	-45.23
361.694	210.77
361.909	214.87
362.125	-290.98
362.34	-133.29
362.555	370.51
362.77	280.4
362.986	-379.04
363.201	-270.5
363.416	307.02
363.631	-69.8
363.847	-266.41
364.062	-360.61
364.277	163.67
364.492	16.21
364.707	-192.68
364.922	-442.53
365.138	313.17
365.353	425.81
365.568	-430.24
365.783	-217.26
365.998	442.19
366.213	577.36
366.428	-221.35
366.643	153.43
366.858	350.03
367.073	307.02
367.288	-188.58
367.503	-282.79
367.718	100.18
367.933	528.21
368.148	-338.09
368.363	-92.33
368.578	239.44
368.793	491.34
369.008	-207.02
369.223	-397.48
369.438	311.12
369.653	257.87
369.868	-424.1
370.083	-358.57
370.298	202.58
370.513	536.4
370.728	18.26
370.943	-278.69
371.157	24.4
371.372	708.43
371.587	-422.05
371.802	-456.87
372.017	139.09
372.232	565.07
372.446	-69.8
372.661	-311.46
372.876	169.81
373.091	304.98
373.306	-196.78
373.52	-458.92
373.735	48.98
373.95	624.46
374.165	-233.64
374.379	-213.16
374.594	51.03
374.809	507.73
375.023	71.51
375.238	-284.84
375.453	372.56
375.667	-24.75
375.882	-327.85
376.097	-317.61
376.311	87.89
376.526	321.36
376.741	-344.23
376.955	245.59
377.17	569.16
377.384	1015.62
377.599	-30.89
377.813	-436.39
378.028	798.54
378.242	388.94
378.457	-67.75
378.672	-411.81
378.886	3.93
379.101	94.04
379.315	-491.68
379.53	-209.06
379.744	407.38
379.958	333.65
380.173	-229.54
380.387	-319.65
380.602	292.69
380.816	14.17
381.031	-178.34
381.245	-262.31
381.459	259.92
381.674	1093.44
381.888	-442.53
382.103	280.4
382.317	128.85
382.531	427.85
382.746	-22.7
382.96	-311.46
383.174	94.04
383.388	665.42
383.603	196.43
383.817	-399.52
384.031	53.08
384.246	487.25
384.46	91.99
384.674	773.96
384.888	-10.41
385.103	384.85
385.317	-411.81
385.531	-75.95
385.745	810.82
385.959	448.33
386.174	-235.69
386.388	-286.89
386.602	180.05
386.816	77.65
387.03	-172.2
387.244	-176.3
387.458	231.25
387.672	499.53
387.887	-501.92
388.101	-266.41
388.315	382.8
388.529	208.72
388.743	-235.69
388.957	-243.88
389.171	571.21
389.385	57.17
389.599	-368.81
389.813	24.4
390.027	147.28
390.241	780.11
390.455	-186.54
390.669	3.93
390.883	132.95
391.097	622.41
391.311	178
391.525	-155.82
391.738	532.3
391.952	460.62
392.166	34.64
392.38	-403.62
392.594	491.34
392.808	368.46
393.022	-69.8
393.236	-86.19
393.449	251.73
393.663	587.6
393.877	-293.03
394.091	-88.23
394.305	198.48
394.518	110.42
394.732	-344.23
394.946	-174.25
395.16	743.24
395.373	247.63
395.587	-272.55
395.801	-170.15
396.015	431.95
396.228	251.73
396.442	-315.56
396.656	-442.53
396.869	448.33
397.083	798.54
397.297	-108.71
397.51	-176.3
397.724	454.48
397.938	288.59
398.151	-395.43
398.365	-307.37
398.578	456.53
398.792	634.7
399.005	147.28
399.219	-209.06
399.433	229.2
399.646	560.97
399.86	132.95
400.073	319.31
400.287	343.89
400.5	358.22
400.714	132.95
400.927	-22.7
401.141	618.32
401.354	1918.78
401.567	565.07
401.781	-411.81
401.994	401.23
402.208	757.58
402.421	102.23
402.635	-125.1
402.848	73.56
403.061	429.9
403.275	-59.56
403.488	-200.87
403.701	677.71
403.915	618.32
404.128	235.35
404.341	-157.86
404.555	753.48
404.768	114.52
404.981	167.76
405.195	-92.33
405.408	540.49
405.621	495.44
405.834	216.91
406.048	-184.49
406.261	571.21
406.474	583.5
406.687	-100.52
406.9	69.46
407.114	393.04
407.327	585.55
407.54	-278.69
407.753	-317.61
407.966	175.95
408.179	261.97
408.392	-88.23
408.605	-258.21
408.819	421.71
409.032	493.39
409.245	-100.52
409.458	163.67
409.671	374.61
409.884	583.5
410.097	-194.73
410.31	143.19
410.523	728.91
410.736	323.41
410.949	100.18
411.162	-178.34
411.375	560.97
411.588	446.29
411.801	233.3
412.014	-94.38
412.227	147.28
412.44	327.5
412.653	-32.94
412.865	270.16
413.078	642.89
413.291	538.45
413.504	231.25
413.717	-161.96
413.93	601.93
414.143	112.47
414.356	130.9
414.568	-319.65
414.781	515.92
414.994	464.72
415.207	106.32
415.42	61.27
415.632	442.19
415.845	898.89
416.058	-356.52
416.271	-131.24
416.483	560.97
416.696	716.62
416.909	-94.38
417.121	-51.37
417.334	302.93
417.547	718.67
417.759	-102.57
417.972	-94.38
418.185	261.97
418.397	479.05
418.61	42.84
418.823	-106.67
419.035	782.15
419.248	501.58
419.46	20.31
419.673	126.8
419.885	354.13
420.098	448.33
420.311	57.17
420.523	-241.83
420.736	601.93
420.948	356.18
421.161	5.97
421.373	-186.54
421.586	296.78
421.798	147.28
422.01	-217.26
422.223	247.63
422.435	206.67
422.648	786.25
422.86	10.07
423.073	-4.27
423.285	434
423.497	257.87
423.71	-10.41
423.922	71.51
424.134	694.09
424.347	962.37
424.559	290.64
424.771	511.82
424.984	665.42
425.196	517.97
425.408	-194.73
425.621	-77.99
425.833	694.09
426.045	819.02
426.257	-116.9
426.47	147.28
426.682	407.38
426.894	464.72
427.106	110.42
427.318	116.56
427.531	413.52
427.743	626.51
427.955	227.15
428.167	853.83
428.379	347.98
428.591	477.01
428.804	255.83
429.016	12.12
429.228	741.19
429.44	667.47
429.652	13696.64
429.864	-75.95
430.076	601.93
430.288	614.22
430.5	347.98
430.712	374.61
430.924	755.53
431.136	759.63
431.348	81.75
431.56	53.08
431.772	266.07
431.984	397.14
432.196	-4.27
432.408	114.52
432.62	520.01
432.832	696.14
433.044	542.54
433.256	272.21
433.468	708.43
433.679	368.46
433.891	20.31
434.103	462.67
434.315	1021.77
434.527	735.05
434.739	358.22
434.95	218.96
435.162	550.73
435.374	368.46
435.586	313.17
435.798	255.83
436.009	558.92
436.221	493.39
436.433	343.89
436.645	268.11
436.856	462.67
437.068	991.05
437.28	214.87
437.491	642.89
437.703	921.42
437.915	685.9
438.126	214.87
438.338	722.76
438.55	499.53
438.761	601.93
438.973	300.88
439.184	208.72
439.396	558.92
439.608	696.14
439.819	118.61
440.031	395.09
440.242	896.84
440.454	882.5
440.665	304.98
440.877	511.82
441.088	1032.01
441.3	825.16
441.511	30.55
441.723	161.62
441.934	1193.8
442.146	902.98
442.357	458.57
442.569	823.11
442.78	980.81
442.991	1417.02
443.203	796.49
443.414	282.45
443.626	1191.75
443.837	749.39
444.048	292.69
444.26	104.28
444.471	888.65
444.682	884.55
444.894	208.72
445.105	200.53
445.316	1111.88
445.528	1005.38
445.739	520.01
445.95	536.4
446.161	694.09
446.373	831.3
446.584	431.95
446.795	434
447.006	1206.08
447.217	1101.64
447.429	358.22
447.64	126.8
447.851	1601.34
448.062	1081.16
448.273	190.29
448.484	386.9
448.695	1044.29
448.907	999.24
449.118	573.26
449.329	767.82
449.54	798.54
449.751	745.29
449.962	479.05
450.173	405.33
450.384	1003.33
450.595	1308.48
450.806	376.66
451.017	483.15
451.228	1247.04
451.439	1093.44
451.65	644.94
451.861	100.18
452.072	913.22
452.283	962.37
452.494	675.66
452.705	407.38
452.915	1623.87
453.126	1017.67
453.337	790.35
453.548	409.42
453.759	1478.46
453.97	1462.08
454.181	1146.69
454.391	626.51
454.602	1062.73
454.813	1505.09
455.024	622.41
455.235	563.02
455.445	1380.16
455.656	1124.16
455.867	902.98
456.078	659.28
456.288	925.51
456.499	1259.33
456.71	534.35
456.921	1150.79
457.131	1177.41
457.342	1052.49
457.553	747.34
457.763	794.44
457.974	1156.93
458.184	1216.32
458.395	532.3
458.606	511.82
458.816	1611.58
459.027	1531.71
459.237	886.6
459.448	603.98
459.659	1408.83
459.869	2101.05
460.08	534.35
460.29	851.78
460.501	1580.86
460.711	1275.71
460.922	540.49
461.132	733
461.343	2131.76
461.553	1226.56
461.764	716.62
461.974	761.67
462.184	1625.92
462.395	1607.48
462.605	923.46
462.816	622.41
463.026	1529.66
463.236	1507.13
463.447	741.19
463.657	864.07
463.867	1705.79
464.078	1255.23
464.288	933.7
464.498	993.09
464.709	1509.18
464.919	1601.34
465.129	1034.05
465.339	872.26
465.55	1486.65
465.76	1804.09
465.97	1021.77
466.18	1120.07
466.391	1728.31
466.601	1750.84
466.811	1142.6
467.021	839.5
467.231	1814.33
467.441	1879.86
467.651	1136.45
467.862	780.11
468.072	1621.82
468.282	1726.27
468.492	1105.73
468.702	1306.43
468.912	1738.55
469.122	2377.52
469.332	1576.77
469.542	1197.89
469.752	2268.98
469.962	1847.1
470.172	1134.4
470.382	1255.23
470.592	2117.43
470.802	2051.89
471.012	1478.46
471.222	1300.29
471.432	1814.33
471.642	2055.99
471.852	1650.49
472.062	1257.28
472.272	1980.22
472.482	1828.67
472.691	1494.85
472.901	1363.78
473.111	1847.1
473.321	2709.29
473.531	1460.03
473.741	1789.75
473.95	2289.46
474.16	2232.12
474.37	1838.91
474.58	1462.08
474.79	2848.55
474.999	2338.61
475.209	1634.11
475.419	1896.25
475.628	2365.23
475.838	2821.93
476.048	2146.1
476.258	1527.61
476.467	2649.9
476.677	2367.28
476.886	2293.55
477.096	2101.05
477.306	2471.73
477.515	2727.72
477.725	2174.77
477.935	2246.45
478.144	3118.89
478.354	2572.08
478.563	2127.67
478.773	2049.85
478.982	2918.18
479.192	2815.79
479.401	2297.65
479.611	2166.58
479.82	2492.21
480.03	2807.59
480.239	2217.78
480.449	2176.82
480.658	3247.91
480.868	2936.62
481.077	2567.98
481.287	2424.62
481.496	2912.04
481.705	3284.77
481.915	2893.61
482.124	2854.7
482.333	3106.6
482.543	3602.21
482.752	2891.56
482.961	2637.61
483.171	3268.39
483.38	3034.92
483.589	2797.35
483.799	2590.51
484.008	3243.81
484.217	3295.01
484.426	2977.58
484.636	2662.19
484.845	3473.18
485.054	3145.51
485.263	3413.79
485.472	2973.48
485.682	3677.98
485.891	3444.51
486.1	2752.3
486.309	3071.78
486.518	3698.46
486.727	4405.01
486.936	3030.82
487.146	3256.1
487.355	4022.04
487.564	3477.28
487.773	3233.57
487.982	3282.72
488.191	3723.04
488.4	4126.49
488.609	3444.51
488.818	3198.76
489.027	4284.18
489.236	4251.41
489.445	3559.2
489.654	3247.91
489.863	4290.32
490.072	4003.61
490.281	4052.76
490.49	3747.61
490.698	4294.42
490.907	4769.55
491.116	3661.6
491.325	3581.73
491.534	4538.13
491.743	4069.14
491.952	3895.07
492.16	3815.2
492.369	4601.62
492.578	4683.53
492.787	3837.72
492.996	3710.75
493.204	4263.7
493.413	4927.24
493.622	3600.16
493.831	3673.89
494.039	4970.25
494.248	4187.93
494.457	4034.33
494.665	3868.44
494.874	4675.34
495.083	5265.16
495.291	3993.37
495.5	3987.22
495.709	4769.55
495.917	4534.03
496.126	4411.15
496.335	4034.33
496.543	4560.66
496.752	4775.69
496.96	4609.81
497.169	4142.87
497.377	4835.08
497.586	5160.71
497.794	4476.69
498.003	4034.33
498.211	4896.52
498.42	5185.29
498.628	4556.56
498.837	4335.38
499.045	5054.22
499.254	4898.57
499.462	4392.72
499.671	4445.97
499.879	5902.08
500.087	5312.26
500.296	4364.05
500.504	4673.29
500.713	5177.09
500.921	5594.88
501.129	4667.15
501.338	4546.32
501.546	5244.68
501.754	5197.57
501.962	4546.32
502.171	4542.22
502.379	5216.01
502.587	5562.11
502.795	4873.99
503.004	4820.75
503.212	5584.64
503.42	5504.77
503.628	4996.87
503.837	5076.74
504.045	5576.45
504.253	5947.13
504.461	4779.79
504.669	4671.25
504.877	5998.33
505.085	5668.61
505.294	4759.31
505.502	5185.29
505.71	5959.42
505.918	5547.78
506.126	4822.8
506.334	4943.63
506.542	5728
506.75	5646.08
506.958	5447.43
507.166	5185.29
507.374	5299.97
507.582	6000.38
507.79	5312.26
507.998	5265.16
508.206	6035.19
508.414	6076.15
508.622	5033.74
508.83	5140.23
509.037	5857.02
509.245	5639.94
509.453	5394.18
509.661	5080.84
509.869	6049.53
510.077	5721.85
510.285	5615.36
510.492	4960.01
510.7	6596.34
510.908	5801.72
511.116	5439.23
511.324	5420.8
511.531	5934.84
511.739	6209.27
511.947	5803.77
512.155	5957.37
512.362	6225.65
512.57	5771.01
512.778	5476.1
512.985	5222.15
513.193	6067.96
513.401	6395.64
513.608	5660.41
513.816	5551.87
514.024	6336.24
514.231	6194.93
514.439	5818.11
514.646	5613.31
514.854	6598.38
515.061	6430.45
515.269	5750.53
515.477	5576.45
515.684	6172.41
515.892	6385.4
516.099	5707.52
516.307	5721.85
516.514	6782.7
516.722	6930.16
516.929	5799.68
517.136	5814.01
517.344	6805.23
517.551	6512.37
517.759	5867.26
517.966	6059.77
518.173	6512.37
518.381	6538.99
518.588	6022.91
518.796	5926.65
519.003	6803.18
519.21	6633.2
519.418	6082.3
519.625	6631.15
519.832	6872.81
520.039	6829.81
520.247	5789.44
520.454	6307.57
520.661	7010.03
520.868	6905.58
521.076	6242.04
521.283	6262.52
521.49	7274.21
521.697	6825.71
521.904	6244.09
522.112	6301.43
522.319	7171.82
522.526	7014.12
522.733	6381.3
522.94	6307.57
523.147	7040.75
523.354	6842.09
523.561	6035.19
523.768	6676.21
523.975	7190.25
524.183	7091.95
524.39	6754.03
524.597	6278.9
524.804	7098.09
525.011	6956.78
525.218	6516.47
525.425	6620.91
525.632	7595.75
525.838	6987.5
526.045	6635.25
526.252	6749.93
526.459	8754.9
526.666	9258.7
526.873	6819.57
527.08	6794.99
527.287	7575.27
527.494	7376.61
527.701	6555.38
527.907	6700.78
528.114	7587.55
528.321	7444.2
528.528	6661.87
528.735	6924.01
528.941	7294.69
529.148	7237.35
529.355	6971.11
529.562	7005.93
529.768	8226.52
529.975	7335.65
530.182	6995.69
530.388	6876.91
530.595	7765.73
530.802	7329.51
531.008	7429.86
531.215	7042.79
531.422	8654.55
531.628	8472.28
531.835	7278.31
532.042	7200.49
532.248	7716.58
532.455	7823.07
532.661	7194.34
532.868	7075.56
533.074	7868.13
533.281	8165.08
533.487	7251.69
533.694	7071.47
533.9	7892.7
534.107	7784.16
534.313	7323.37
534.52	7177.96
534.726	7958.24
534.933	8478.42
535.139	7286.5
535.345	7165.67
535.552	8433.36
535.758	8355.54
535.965	7591.65
536.171	7429.86
536.377	8445.65
536.584	8730.32
536.79	7593.7
536.996	7718.62
537.203	8240.86
537.409	8638.16
537.615	7763.68
537.821	7933.66
538.028	8744.66
538.234	8324.82
538.44	7761.63
538.646	7851.74
538.853	8152.79
539.059	8117.98
539.265	8445.65
539.471	7425.76
539.677	8513.24
539.883	8292.05
540.09	9557.7
540.296	8355.54
540.502	8543.95
540.708	8384.21
540.914	8345.3
541.12	8064.73
541.326	8756.94
541.532	8529.62
541.738	8459.99
541.944	8031.96
542.15	8781.52
542.356	8443.6
542.562	8048.35
542.768	8167.13
542.974	8830.67
543.18	9031.37
543.386	8384.21
543.592	8003.29
543.798	9619.14
544.004	9234.12
544.21	8328.92
544.415	8357.59
544.621	9098.95
544.827	9471.68
545.033	8292.05
545.239	8865.49
545.445	8847.05
545.651	9019.08
545.856	8349.4
546.062	8136.41
546.268	8916.69
546.474	9252.55
546.679	8394.45
546.885	8472.28
547.091	9055.95
547.297	9512.64
547.502	8580.82
547.708	8062.68
547.914	8863.44
548.119	9524.93
548.325	8414.93
548.531	8103.64
548.736	9836.22
548.942	8931.02
549.147	8627.92
549.353	9156.3
549.559	9672.39
549.764	9420.49
549.97	8431.32
550.175	8783.57
550.381	9584.32
550.586	9152.2
550.792	8715.98
550.997	8758.99
551.203	9469.64
551.408	9569.99
551.614	8634.07
551.819	8390.36
552.025	9952.96
552.23	9690.82
552.435	8883.92
552.641	9395.91
552.846	9283.27
553.052	10016.44
553.257	9230.02
553.462	8857.29
553.668	9289.42
553.873	9660.1
554.078	8847.05
554.283	9123.53
554.489	9926.33
554.694	9596.61
554.899	8871.63
555.105	9383.62
555.31	9705.15
555.515	10088.12
555.72	9246.41
555.925	10294.97
556.131	9969.34
556.336	9719.49
556.541	9189.07
556.746	9047.76
556.951	10208.95
557.156	10022.59
557.361	9514.69
557.567	9658.05
557.772	10309.3
557.977	10141.37
558.182	9262.79
558.387	9342.66
558.592	9637.57
558.797	10684.08
559.002	9322.18
559.207	9645.76
559.412	10231.48
559.617	10538.68
559.822	9305.8
560.027	9180.87
560.232	9766.59
560.437	10112.7
560.642	9277.13
560.847	9504.45
561.051	9854.65
561.256	9959.1
561.461	9445.06
561.666	9383.62
561.871	9772.74
562.076	10376.89
562.281	9735.87
562.485	9500.36
562.69	10266.3
562.895	10227.39
563.1	9674.43
563.305	9268.94
563.509	10495.67
563.714	10835.63
563.919	9578.18
564.123	9563.84
564.328	10186.43
564.533	10729.14
564.737	9678.53
564.942	9592.51
565.147	10548.92
565.351	10520.24
565.556	9811.65
565.761	10038.97
565.965	10649.27
566.17	10276.54
566.374	9832.13
566.579	9555.65
566.784	10563.25
566.988	10211
567.193	9574.08
567.397	10194.62
567.602	10282.68
567.806	10573.49
568.011	9955.01
568.215	10251.96
568.42	10458.81
568.624	10835.63
568.828	10065.6
569.033	10071.74
569.237	10935.98
569.442	10948.27
569.646	9846.46
569.85	10059.45
570.055	10722.99
570.259	10649.27
570.463	10735.28
570.668	9907.9
570.872	10694.32
571.076	10659.51
571.281	10272.44
571.485	10206.91
571.689	10944.17
571.893	10753.71
572.098	10383.03
572.302	10018.49
572.506	10874.54
572.71	10892.98
572.914	10120.89
573.119	10200.76
573.323	10987.18
573.527	11210.41
573.731	10239.67
573.935	9918.14
574.139	11108.01
574.343	10819.25
574.547	10342.07
574.751	10544.82
574.955	11142.83
575.159	11116.2
575.364	10430.13
575.568	10546.87
575.772	10993.33
575.976	11300.52
576.18	10254.01
576.383	10348.22
576.587	11441.83
576.791	11226.79
576.995	10129.08
577.199	10354.36
577.403	11108.01
577.607	11419.3
577.811	10317.5
578.015	10596.02
578.219	11239.08
578.422	11474.6
578.626	10800.82
578.83	11052.72
579.034	11493.03
579.238	11427.49
579.442	10571.44
579.645	11194.03
579.849	11280.04
580.053	11564.71
580.257	10784.43
580.46	10940.08
580.664	11634.34
580.868	11605.67
581.071	11161.26
581.275	10940.08
581.479	11120.3
581.682	11730.59
581.886	10849.97
582.09	11071.15
582.293	11753.12
582.497	11706.02
582.7	11032.24
582.904	10942.13
583.107	11796.13
583.311	11458.21
583.515	10925.74
583.718	11151.02
583.922	11589.28
584.125	12428.95
584.329	10985.13
584.532	11220.65
584.735	12115.61
584.939	11726.5
585.142	11097.77
585.346	10962.61
585.549	11867.81
585.753	11890.34
585.956	11239.08
586.159	11269.8
586.363	11835.04
586.566	11880.1
586.769	11216.55
586.973	10905.26
587.176	12045.98
587.379	11980.45
587.582	11695.78
587.786	11654.82
587.989	11996.83
588.192	13203.08
588.395	11585.19
588.599	12054.17
588.802	12058.27
589.005	12121.76
589.208	11603.62
589.411	11349.67
589.615	12119.71
589.818	12650.13
590.021	11857.57
590.224	11718.31
590.427	12539.54
590.63	12074.65
590.833	11165.35
591.036	11398.82
591.239	12201.63
591.442	11939.49
591.645	12054.17
591.848	11660.96
592.051	12447.38
592.254	11957.92
592.457	12023.45
592.66	11763.36
592.863	12342.94
593.066	12551.83
593.269	12078.75
593.472	11972.25
593.675	11894.43
593.878	12519.06
594.081	11966.11
594.284	11775.65
594.486	12627.6
594.689	12535.45
594.892	12113.56
595.095	12052.13
595.298	12797.59
595.5	12387.99
595.703	12193.44
595.906	12222.11
596.109	12727.96
596.311	12750.48
596.514	11857.57
596.717	12193.44
596.92	13014.67
597.122	12799.63
597.325	11810.47
597.528	11996.83
597.73	13323.91
597.933	12846.74
598.136	12390.04
598.338	11767.46
598.541	13295.24
598.743	13264.52
598.946	12162.72
599.148	12267.16
599.351	12961.42
599.554	12889.74
599.756	12152.48
599.959	12414.62
600.161	13262.47
600.363	13588.1
600.566	12684.95
600.768	11976.35
600.971	12861.07
601.173	13004.43
601.376	12486.29
601.578	12496.53
601.78	13074.06
601.983	13670.02
602.185	12357.27
602.388	12762.77
602.59	13192.84
602.792	12949.14
602.995	12643.99
603.197	12367.51
603.399	13278.86
603.601	13518.47
603.804	12250.78
604.006	12660.37
604.208	12740.24
604.41	12760.72
604.613	12822.16
604.815	12383.9
605.017	13340.3
605.219	12906.13
605.421	13434.5
605.623	12656.28
605.826	13538.95
606.028	14009.98
606.23	12539.54
606.432	12689.04
606.634	13524.61
606.836	13362.83
607.038	12607.12
607.24	12856.98
607.442	13522.57
607.644	13407.88
607.846	13045.39
608.048	12625.56
608.25	13561.48
608.452	13024.91
608.654	12986
608.856	12361.37
609.058	13295.24
609.26	13624.97
609.462	12869.26
609.664	12940.94
609.866	13788.8
610.067	13624.97
610.269	12813.97
610.471	12750.48
610.673	13465.22
610.875	13256.33
611.077	12484.25
611.278	12730
611.48	13278.86
611.682	13786.75
611.884	12867.22
612.085	12836.5
612.287	13299.34
612.489	13178.51
612.69	12687
612.892	12717.72
613.094	13710.98
613.295	13526.66
613.497	12566.17
613.699	12914.32
613.9	13729.41
614.102	13471.37
614.304	12998.29
614.505	12750.48
614.707	13506.18
614.908	13674.12
615.11	12838.55
615.311	13162.12
615.513	13663.88
615.714	13473.42
615.916	12785.3
616.117	13141.64
616.319	13522.57
616.52	13745.8
616.722	12699.28
616.923	12996.24
617.124	13938.3
617.326	13469.32
617.527	13315.72
617.729	13385.35
617.93	13436.55
618.131	13936.26
618.333	13018.77
618.534	13409.93
618.735	13637.25
618.937	13821.57
619.138	12791.44
619.339	12738.19
619.54	13907.59
619.742	13538.95
619.943	13293.19
620.144	13057.68
620.345	14112.38
620.546	13651.59
620.748	13182.6
620.949	13172.36
621.15	13778.56
621.351	13674.12
621.552	13223.56
621.753	12719.76
621.954	13547.14
622.155	14038.66
622.356	13229.71
622.558	13524.61
622.759	13938.3
622.96	13999.74
623.161	13356.68
623.362	13084.3
623.563	13999.74
623.764	13827.71
623.965	13229.71
624.166	13393.54
624.366	13414.02
624.567	13952.64
624.768	12777.11
624.969	12965.52
625.17	13383.31
625.371	13639.3
625.572	13657.73
625.773	13278.86
625.973	14198.4
626.174	13999.74
626.375	13264.52
626.576	13373.07
626.777	13776.52
626.977	14392.95
627.178	13448.84
627.379	13432.46
627.58	13678.21
627.78	13657.73
627.981	13287.05
628.182	13612.68
628.382	13880.96
628.583	13366.92
628.784	13280.91
628.984	13868.67
629.185	14085.76
629.386	14456.44
629.586	13674.12
629.787	13211.28
629.987	14196.35
630.188	14055.04
630.388	13432.46
630.589	13858.43
630.79	14577.27
630.99	13739.65
631.191	13346.44
631.391	13588.1
631.591	14073.47
631.792	14108.29
631.992	13874.82
632.193	13696.64
632.393	14302.84
632.594	13827.71
632.794	13442.7
632.994	13719.17
633.195	14036.61
633.395	14012.03
633.595	13620.87
633.796	13694.6
633.996	14313.08
634.196	14380.67
634.397	13495.94
634.597	13645.45
634.797	14085.76
634.997	14677.62
635.198	14050.94
635.398	13479.56
635.598	14218.88
635.798	14206.59
635.998	14204.54
636.199	13330.06
636.399	13981.31
636.599	13991.55
636.799	13588.1
636.999	14200.44
637.199	14366.33
637.399	14708.34
637.599	13581.96
637.799	13801.09
637.999	14243.45
638.199	14564.98
638.399	14192.25
638.599	13678.21
638.799	14538.36
638.999	14507.64
639.199	14294.65
639.399	14073.47
639.599	14728.82
639.799	14255.74
639.999	13913.73
640.199	14040.7
640.399	14466.68
640.599	14677.62
640.799	13926.02
640.998	13930.11
641.198	14585.46
641.398	14567.03
641.598	14155.39
641.798	14075.52
641.997	15609.45
642.197	14474.87
642.397	13979.26
642.597	14028.42
642.796	14544.5
642.996	14403.19
643.196	14249.6
643.395	13627.01
643.595	14290.56
643.795	14022.27
643.994	13997.7
644.194	14079.61
644.394	14823.03
644.593	14863.99
644.793	14093.95
644.992	14282.36
645.192	14882.42
645.392	14198.4
645.591	14282.36
645.791	14319.23
645.99	14872.18
646.19	14530.17
646.389	14065.28
646.589	14120.57
646.788	14521.98
646.987	14429.82
647.187	14675.57
647.386	14216.83
647.586	14640.76
647.785	14825.08
647.984	14065.28
648.184	14403.19
648.383	14364.28
648.582	14278.27
648.782	14044.8
648.981	14446.2
649.18	14478.97
649.38	14521.98
649.579	14067.33
649.778	14130.81
649.977	15029.87
650.177	14984.82
650.376	13993.6
650.575	14048.89
650.774	14820.98
650.973	14851.7
651.173	13936.26
651.372	14515.83
651.571	14761.59
651.77	15023.73
651.969	14317.18
652.168	14286.46
652.367	14616.18
652.566	15009.39
652.765	14343.8
652.964	14945.91
653.163	15347.31
653.362	14722.68
653.561	14157.44
653.76	14685.81
653.959	14714.48
654.158	15154.8
654.357	14519.93
654.556	14175.87
654.755	15087.22
654.954	14933.62
655.153	14548.6
655.352	14683.77
655.551	15126.13
655.749	14724.72
655.948	14487.16
656.147	14556.79
656.346	15103.6
656.545	14808.69
656.743	14679.67
656.942	14446.2
657.141	14974.58
657.34	14763.64
657.538	14806.64
657.737	14628.47
657.936	14923.38
658.135	14882.42
658.333	14356.09
658.532	14978.67
658.731	15709.8
658.929	15054.45
659.128	15062.64
659.326	14581.37
659.525	15519.34
659.724	15216.24
659.922	14184.06
660.121	14493.3
660.319	14810.74
660.518	14753.4
660.716	14472.82
660.915	14587.51
661.113	15363.69
661.312	14786.16
661.51	14513.78
661.709	14368.38
661.907	15019.63
662.105	15253.1
662.304	14679.67
662.502	14665.33
662.701	15375.98
662.899	14904.95
663.097	15128.17
663.296	14685.81
663.494	15169.13
663.692	15607.4
663.891	14777.97
664.089	14331.51
664.287	14993.01
664.485	15044.21
664.684	14407.29
664.882	14802.55
665.08	15122.03
665.278	14888.56
665.476	14706.29
665.675	14990.96
665.873	15148.65
666.071	15554.15
666.269	14390.91
666.467	14777.97
666.665	15156.85
666.863	14874.23
667.061	14646.9
667.259	14521.98
667.457	14945.91
667.655	15304.3
667.853	14519.93
668.051	14984.82
668.249	15031.92
668.447	15437.42
668.645	14704.24
668.843	14941.81
669.041	15353.45
669.239	14868.08
669.437	14931.57
669.635	15187.57
669.833	15064.69
670.031	15130.22
670.229	14741.11
670.426	15148.65
670.624	15285.87
670.822	15048.3
671.02	14884.47
671.218	14775.92
671.415	14933.62
671.613	14988.91
671.811	14816.88
672.009	14521.98
672.206	15343.21
672.404	15052.4
672.602	14999.15
672.799	14849.65
672.997	15375.98
673.195	15427.18
673.392	14800.5
673.59	14399.1
673.788	15171.18
673.985	14286.46
674.183	14651
674.38	14716.53
674.578	15146.61
674.775	14827.12
674.973	14358.14
675.17	14382.71
675.368	15222.38
675.565	14872.18
675.763	14712.44
675.96	14634.61
676.158	15064.69
676.355	15072.88
676.553	14632.57
676.75	14812.79
676.947	14978.67
677.145	14669.43
677.342	14554.74
677.539	14906.99
677.737	15337.07
677.934	15296.11
678.131	14892.66
678.329	14540.41
678.526	15572.58
678.723	15441.51
678.92	14716.53
679.118	14683.77
679.315	14827.12
679.512	15302.25
679.709	14610.04
679.906	14321.27
680.104	15216.24
680.301	14761.59
680.498	14165.63
680.695	14624.37
680.892	14747.25
681.089	14716.53
681.286	14612.09
681.483	14177.92
681.68	14728.82
681.877	14775.92
682.075	14497.4
682.272	14601.85
682.469	14878.32
682.665	15003.25
682.862	14362.23
683.059	14409.34
683.256	15013.49
683.453	14997.1
683.65	14519.93
683.847	14526.07
684.044	14724.72
684.241	14519.93
684.438	14399.1
684.635	13983.36
684.831	15181.42
685.028	15076.98
685.225	14001.79
685.422	14618.23
685.619	14515.83
685.815	14784.12
686.012	14343.8
686.209	14145.15
686.405	14261.88
686.602	14460.54
686.799	14120.57
686.996	14022.27
687.192	14507.64
687.389	15416.94
687.586	14085.76
687.782	14579.32
687.979	15203.95
688.175	14544.5
688.372	14423.67
688.568	14218.88
688.765	14427.77
688.962	14843.51
689.158	14450.3
689.355	13909.63
689.551	14651
689.748	14714.48
689.944	14507.64
690.14	14030.46
690.337	14640.76
690.533	14806.64
690.73	14454.39
690.926	14149.25
691.123	14495.35
691.319	14628.47
691.515	13989.5
691.712	14501.5
691.908	14534.26
692.104	14626.42
692.301	14327.42
692.497	13899.39
692.693	14679.67
692.889	14792.31
693.086	14220.92
693.282	13801.09
693.478	14433.91
693.674	14909.04
693.87	14108.29
694.067	13815.43
694.263	14429.82
694.459	14311.03
694.655	14466.68
694.851	14335.61
695.047	14472.82
695.243	14802.55
695.439	14151.29
695.635	14143.1
695.831	14589.56
696.027	14538.36
696.224	13819.52
696.42	14474.87
696.615	14857.84
696.811	14755.44
697.007	13940.35
697.203	13985.41
697.399	14839.41
697.595	14593.65
697.791	14048.89
697.987	14104.19
698.183	14425.72
698.379	14474.87
698.575	13813.38
698.77	14005.89
698.966	14421.63
699.162	14638.71
699.358	13594.25
699.554	13938.3
699.749	14745.2
699.945	14587.51
700.141	14222.97
700.337	13848.19
700.532	14165.63
700.728	14038.66
700.924	13549.19
701.119	13569.67
701.315	14114.43
701.511	14044.8
701.706	13713.03
701.902	13545.09
702.097	14362.23
702.293	14395
702.489	13715.08
702.684	13889.15
702.88	14630.52
703.075	14216.83
703.271	13835.91
703.466	13823.62
703.662	13883.01
703.857	14327.42
704.053	13817.47
704.248	13866.63
704.443	14556.79
704.639	14182.01
704.834	14044.8
705.03	13850.24
705.225	14081.66
705.42	14347.9
705.616	13758.08
705.811	13614.73
706.006	13878.91
706.202	14032.51
706.397	13846.15
706.592	13227.66
706.787	14106.24
706.983	13926.02
707.178	14114.43
707.373	13653.64
707.568	14155.39
707.763	14032.51
707.959	13416.07
708.154	13631.11
708.349	13928.06
708.544	14446.2
708.739	13708.93
708.934	13291.15
709.129	14210.68
709.324	14370.43
709.519	13631.11
709.714	13446.79
709.909	14085.76
710.104	14110.33
710.299	13342.35
710.494	13598.34
710.689	14005.89
710.884	14104.19
711.079	13581.96
711.274	13489.8
711.469	14024.32
711.664	13950.59
711.859	13559.43
712.054	13612.68
712.249	14110.33
712.443	14048.89
712.638	13360.78
712.833	13366.92
713.028	14147.2
713.223	13801.09
713.417	13973.12
713.612	13426.31
713.807	13960.83
714.002	14806.64
714.196	13635.21
714.391	13463.18
714.586	13911.68
714.78	14212.73
714.975	13420.17
715.17	13479.56
715.364	13700.74
715.559	14349.95
715.754	13018.77
715.948	13026.96
716.143	14231.16
716.337	13713.03
716.532	13698.69
716.726	13440.65
716.921	13960.83
717.115	14163.58
717.31	13035.15
717.504	14503.54
717.699	13631.11
717.893	13739.65
718.088	13233.8
718.282	13143.69
718.476	13508.23
718.671	13741.7
718.865	13231.76
719.059	13115.02
719.254	13414.02
719.448	13977.22
719.642	13555.33
719.837	12693.14
720.031	15328.88
720.225	13792.9
720.419	13303.43
720.614	13041.29
720.808	13659.78
721.002	13282.95
721.196	13010.57
721.39	13057.68
721.585	13573.77
721.779	13796.99
721.973	13106.83
722.167	12836.5
722.361	13409.93
722.555	13622.92
722.749	13127.31
722.943	13368.97
723.137	13207.18
723.331	13536.9
723.525	12953.23
723.719	12998.29
723.913	13954.69
724.107	13631.11
724.301	12910.22
724.495	13168.27
724.689	14067.33
724.883	13377.16
725.077	12867.22
725.271	12848.79
725.465	13670.02
725.659	12996.24
725.853	13225.61
726.046	12668.56
726.24	13237.9
726.434	13469.32
726.628	12996.24
726.822	13057.68
727.015	13629.06
727.209	13893.25
727.403	13151.88
727.596	12541.59
727.79	13401.74
727.984	13563.53
728.177	13029.01
728.371	12914.32
728.565	13502.09
728.758	13151.88
728.952	12600.98
729.146	12777.11
729.339	13418.12
729.533	13254.28
729.726	12957.33
729.92	12906.13
730.113	13586.05
730.307	13518.47
730.5	12973.71
730.694	12912.27
730.887	13524.61
731.081	13616.77
731.274	12773.01
731.468	12668.56
731.661	13285
731.854	13233.8
732.048	12586.65
732.241	12703.38
732.435	13024.91
732.628	13209.23
732.821	12889.74
733.014	12963.47
733.208	12971.66
733.401	13262.47
733.594	12850.83
733.788	12715.67
733.981	13231.76
734.174	13387.4
734.367	12719.76
734.56	12875.41
734.754	13516.42
734.947	13221.52
735.14	12603.03
735.333	12719.76
735.526	13452.94
735.719	13072.01
735.912	12801.68
736.105	12486.29
736.298	13373.07
736.491	13295.24
736.684	12572.31
736.877	12568.21
737.07	13454.98
737.263	13708.93
737.456	12646.04
737.649	12572.31
737.842	13371.02
738.035	13311.63
738.228	12949.14
738.421	12959.38
738.614	13475.46
738.807	13512.33
739	12527.25
739.192	12455.58
739.385	13399.69
739.578	13098.64
739.771	13108.88
739.964	12254.87
740.156	13422.22
740.349	13057.68
740.542	12971.66
740.735	12570.26
740.927	12730
741.12	12977.81
741.313	12328.6
741.505	12967.57
741.698	13233.8
741.891	13133.45
742.083	12658.32
742.276	12545.69
742.468	13266.57
742.661	13141.64
742.854	12439.19
743.046	12506.77
743.239	12979.86
743.431	13368.97
743.624	12336.79
743.816	12320.41
744.009	12816.02
744.201	12809.87
744.393	12787.35
744.586	12154.52
744.778	13059.73
744.971	13072.01
745.163	12496.53
745.355	12678.8
745.548	12807.83
745.74	13213.32
745.932	12600.98
746.125	12439.19
746.317	13407.88
746.509	13227.66
746.702	12615.32
746.894	12404.38
747.086	12953.23
747.278	13162.12
747.471	12517.01
747.663	12670.61
747.855	13170.32
748.047	13379.21
748.239	12523.16
748.431	12519.06
748.623	13172.36
748.815	13276.81
749.008	12336.79
749.2	12484.25
749.392	12834.45
749.584	13106.83
749.776	12555.93
749.968	12654.23
750.16	13317.77
750.352	12713.62
750.544	12541.59
750.736	12164.76
750.928	12756.63
751.12	12891.79
751.311	12244.63
751.503	12687
751.695	12773.01
751.887	13235.85
752.079	12054.17
752.271	12517.01
752.463	13368.97
752.654	12897.94
752.846	12119.71
753.038	12045.98
753.23	12580.5
753.421	12859.03
753.613	11992.73
753.805	12621.46
753.997	12535.45
754.188	12846.74
754.38	12164.76
754.572	12191.39
754.763	12580.5
754.955	12748.43
755.146	12414.62
755.338	12304.03
755.53	12785.3
755.721	12883.6
755.913	11939.49
756.104	12127.9
756.296	12326.55
756.487	12816.02
756.679	11966.11
756.87	11959.97
757.062	12670.61
757.253	12527.25
757.445	12050.08
757.636	12375.7
757.827	12623.51
758.019	13172.36
758.21	11902.62
758.401	12054.17
758.593	13229.71
758.784	12699.28
758.975	11591.33
759.167	11857.57
759.358	12324.51
759.549	12584.6
759.74	12080.8
759.932	11816.61
760.123	12287.64
760.314	12426.9
760.505	12050.08
760.696	11853.47
760.888	12377.75
761.079	12353.18
761.27	11554.47
761.461	11505.32
761.652	12541.59
761.843	12017.31
762.034	12152.48
762.225	12431
762.416	12459.67
762.607	12281.5
762.798	11822.75
762.989	11988.64
763.18	13334.15
763.371	12353.18
763.562	11675.3
763.753	11710.11
763.944	12109.47
764.135	12123.8
764.326	11826.85
764.517	11644.58
764.708	12127.9
764.899	11966.11
765.089	11431.59
765.28	11368.1
765.471	12005.02
765.662	12347.03
765.853	11585.19
766.043	11112.11
766.234	12144.28
766.425	11847.33
766.615	11425.45
766.806	11347.62
766.997	12039.84
767.187	11970.21
767.378	11329.19
767.569	11177.64
767.759	11749.03
767.95	11595.43
768.141	11583.14
768.331	11353.77
768.522	11941.54
768.712	12117.66
768.903	11255.47
769.093	11194.03
769.284	11794.08
769.474	11968.16
769.665	11022
769.855	10862.26
770.046	12113.56
770.236	11816.61
770.426	11505.32
770.617	11108.01
770.807	11683.49
770.998	11794.08
771.188	11312.81
771.378	11040.43
771.569	11800.23
771.759	11648.68
771.949	10772.14
772.139	10792.62
772.33	11402.92
772.52	11427.49
772.71	10845.87
772.9	10643.12
773.09	11509.41
773.281	11898.53
773.471	11081.39
773.661	10989.23
773.851	11501.22
774.041	11572.9
774.231	10782.38
774.421	11220.65
774.611	11605.67
774.802	11478.69
774.992	11101.87
775.182	10710.71
775.372	11628.2
775.562	11538.09
775.752	10888.88
775.942	10749.62
776.131	11632.29
776.321	11339.43
776.511	10397.37
776.701	10493.62
776.891	11660.96
777.081	10866.35
777.271	10538.68
777.461	10364.6
777.651	10960.56
777.84	11257.51
778.03	10798.77
778.22	10383.03
778.41	11046.57
778.599	10944.17
778.789	10438.33
778.979	10301.11
779.169	10882.74
779.358	10860.21
779.548	11030.19
779.738	10180.28
779.927	11220.65
780.117	10782.38
780.307	10229.43
780.496	10051.26
780.686	11151.02
780.875	11597.48
781.065	10407.61
781.254	10389.17
781.444	11087.53
781.633	10825.39
781.823	10270.39
782.012	10309.3
782.202	10757.81
782.391	10802.86
782.581	10157.75
782.77	10669.75
782.96	11234.99
783.149	10632.88
783.338	10266.3
783.528	9961.15
783.717	11318.95
783.906	11017.9
784.096	10520.24
784.285	10221.24
784.474	10636.98
784.663	10639.03
784.853	10057.4
785.042	10229.43
785.231	10792.62
785.42	10563.25
785.61	10536.63
785.799	10139.32
785.988	11075.24
786.177	10663.6
786.366	10079.93
786.555	10526.39
786.744	10847.92
786.933	10616.5
787.122	9776.83
787.312	10036.92
787.501	10395.32
787.69	10739.38
787.879	10211
788.068	9955.01
788.257	10362.55
788.445	10589.88
788.634	10112.7
788.823	9639.62
789.012	10749.62
789.201	10727.09
789.39	9946.81
789.579	9686.72
789.768	10602.16
789.957	10653.36
790.145	9860.8
790.334	9635.52
790.523	10372.79
790.712	10333.88
790.9	10153.66
791.089	9612.99
791.278	10593.97
791.467	10456.76
791.655	10491.57
791.844	10935.98
792.033	10348.22
792.221	10180.28
792.41	9805.5
792.599	9496.26
792.787	10331.83
792.976	10536.63
793.164	9662.15
793.353	9639.62
793.541	10311.35
793.73	10596.02
793.918	9819.84
794.107	9688.77
794.295	10428.09
794.484	10282.68
794.672	9541.32
794.861	9696.96
795.049	10340.02
795.238	10577.59
795.426	9496.26
795.614	9682.63
795.803	10196.67
795.991	10417.85
796.179	9336.52
796.368	9486.02
796.556	10460.85
796.744	10065.6
796.932	9426.63
797.121	9500.36
797.309	10223.29
797.497	10272.44
797.685	9559.75
797.874	9434.82
798.062	10217.15
798.25	10180.28
798.438	9430.73
798.626	9559.75
798.814	10186.43
799.002	10409.65
799.19	9678.53
799.378	9805.5
799.566	10124.99
799.755	10600.12
799.943	10094.27
800.131	9735.87
800.318	9903.81
800.506	10067.64
800.694	9404.1
800.882	9748.16
801.07	10544.82
801.258	10186.43
801.446	9357
801.634	9604.8
801.822	10063.55
802.01	10254.01
802.197	9561.8
802.385	9555.65
802.573	10041.02
802.761	9844.42
802.949	9475.78
803.136	9240.26
803.324	9967.29
803.512	9832.13
803.699	9758.4
803.887	9283.27
804.075	10278.58
804.262	10038.97
804.45	9367.24
804.638	9641.67
804.825	9944.77
805.013	9899.71
805.201	9590.47
805.388	9367.24
805.576	10000.06
805.763	10450.61
805.951	9529.03
806.138	9625.28
806.326	10518.2
806.513	10088.12
806.701	9416.39
806.888	9543.36
807.075	10141.37
807.263	10444.47
807.45	9514.69
807.638	9656
807.825	10358.46
808.012	10575.54
808.2	9670.34
808.387	10176.19
808.574	10348.22
808.761	10571.44
808.949	9672.39
809.136	9782.98
809.323	10131.13
809.51	10411.7
809.698	9854.65
809.885	10059.45
810.072	10467
810.259	10284.73
810.446	9705.15
810.633	9645.76
810.82	10323.64
811.008	10432.18
811.195	9907.9
811.382	9707.2
811.569	10399.41
811.756	10067.64
811.943	9774.78
812.13	9707.2
812.317	10374.84
812.504	10006.2
812.691	9920.19
812.878	9858.75
813.064	10614.45
813.251	9850.56
813.438	9361.09
813.625	9666.24
813.812	10340.02
813.999	10010.3
814.186	9830.08
814.372	9676.48
814.559	10575.54
814.746	10608.31
814.933	9580.23
815.12	10026.68
815.306	10032.83
815.493	10276.54
815.68	9551.56
815.866	9475.78
816.053	10327.74
816.24	10448.57
816.426	9682.63
816.613	9510.6
816.799	10038.97
816.986	10614.45
817.173	9731.78
817.359	9602.75
817.546	10251.96
817.732	9905.85
817.919	9332.42
818.105	9641.67
818.292	10028.73
818.478	10372.79
818.665	9756.35
818.851	9332.42
819.037	10649.27
819.224	10202.81
819.41	9488.07
819.597	9389.77
819.783	10763.95
819.969	10135.23
820.156	9592.51
820.342	9469.64
820.528	11574.95
820.714	9436.87
820.901	9643.71
821.087	9506.5
821.273	10229.43
821.459	10088.12
821.646	9342.66
821.832	9404.1
822.018	10157.75
822.204	10032.83
822.39	9537.22
822.576	9555.65
822.762	10024.64
822.948	10348.22
823.134	9637.57
823.32	9492.16
823.507	9653.95
823.693	10047.16
823.879	10110.65
824.065	9330.37
824.25	9610.95
824.436	9752.26
824.622	9058
824.808	9365.19
824.994	9969.34
825.18	9819.84
825.366	9164.49
825.552	9207.5
825.738	9842.37
825.923	10002.11
826.109	9338.57
826.295	9172.68
826.481	9758.4
826.667	9682.63
826.852	9338.57
827.038	8992.46
827.224	9901.76
827.409	9987.77
827.595	9076.43
827.781	9283.27
827.966	10272.44
828.152	10008.25
828.338	9144.01
828.523	8951.5
828.709	9844.42
828.894	9842.37
829.08	9305.8
829.266	9090.76
829.451	9645.76
829.637	9918.14
829.822	9221.83
830.008	9209.54
830.193	9957.05
830.378	9811.65
830.564	8951.5
830.749	8810.19
830.935	9445.06
831.12	9443.01
831.305	8742.61
831.491	8916.69
831.676	9121.48
831.861	9510.6
832.047	8941.26
832.232	8648.4
832.417	9610.95
832.602	9770.69
832.788	8904.4
832.973	8675.02
833.158	9420.49
833.343	9295.56
833.528	9139.91
833.714	9053.9
833.899	9465.54
834.084	10139.32
834.269	9299.66
834.454	8941.26
834.639	9500.36
834.824	9477.83
835.009	9109.19
835.194	9416.39
835.379	9729.73
835.564	9756.35
835.749	9014.99
835.934	8595.15
836.119	9696.96
836.304	9199.3
836.489	8791.76
836.674	9012.94
836.859	9178.83
837.044	9617.09
837.228	8662.74
837.413	8470.23
837.598	9264.84
837.783	9436.87
837.968	8597.2
838.152	8533.72
838.337	8175.32
838.522	9688.77
838.707	9373.38
838.891	8906.45
839.076	9121.48
839.261	8976.08
839.445	8810.19
839.63	8789.71
839.815	9678.53
839.999	8906.45
840.184	8457.94
840.368	8509.14
840.553	9303.75
840.737	9012.94
840.922	8011.48
841.106	8425.17
841.291	8718.03
841.475	9037.52
841.66	8158.94
841.844	8206.04
842.029	9510.6
842.213	8593.11
842.397	8447.7
842.582	8175.32
842.766	9152.2
842.951	8967.88
843.135	8556.24
843.319	8412.88
843.504	9080.52
843.688	9377.48
843.872	7882.46
844.056	8228.57
844.241	8998.6
844.425	8918.73
844.609	8441.56
844.793	8115.93
844.977	8990.41
845.161	8804.05
845.346	8017.63
845.53	8056.54
845.714	8836.81
845.898	9152.2
846.082	8056.54
846.266	8046.3
846.45	8795.86
846.634	8818.38
846.818	8113.88
847.002	8427.22
847.186	8853.2
847.37	8322.77
847.554	7810.78
847.738	8163.03
847.922	8822.48
848.106	8869.58
848.29	7786.21
848.473	7974.62
848.657	8830.67
848.841	8574.67
849.025	8017.63
849.209	7487.2
849.392	8464.08
849.576	8113.88
849.76	7653.09
849.944	8072.92
850.127	8847.05
850.311	8107.74
850.495	7788.25
850.678	7562.98
850.862	8586.96
851.046	8580.82
851.229	8199.9
851.413	7628.51
851.596	8634.07
851.78	8216.28
851.964	8242.9
852.147	7626.46
852.331	8810.19
852.514	8705.74
852.698	7929.56
852.881	7390.95
853.065	8459.99
853.248	8425.17
853.431	7859.93
853.615	7845.6
853.798	8978.12
853.982	8531.67
854.165	7716.58
854.348	7659.23
854.532	7921.37
854.715	8070.87
854.898	7745.25
855.081	7694.05
855.265	8806.09
855.448	8849.1
855.631	7589.6
855.814	7659.23
855.997	8328.92
856.181	8416.98
856.364	7911.13
856.547	7603.94
856.73	8507.09
856.913	8257.24
857.096	7331.56
857.279	7855.84
857.462	8044.25
857.645	8193.75
857.828	7950.04
858.011	7786.21
858.194	7909.08
858.377	8148.7
858.56	7339.75
858.743	7366.37
858.926	7837.41
859.109	7751.39
859.292	7237.35
859.475	7253.73
859.658	7925.47
859.841	7812.83
860.023	7327.46
860.206	7229.16
860.389	7692
860.572	7884.51
860.755	7427.81
860.937	7364.32
861.12	7446.24
861.303	7773.92
861.486	7341.8
861.668	7132.9
861.851	7745.25
862.034	7802.59
862.216	7491.3
862.399	6897.39
862.581	7816.93
862.764	7841.5
862.947	6936.3
863.129	7065.32
863.312	7515.87
863.494	7831.26
863.677	7716.58
863.859	6676.21
864.042	7806.69
864.224	7655.14
864.406	7190.25
864.589	6934.25
864.771	7495.39
864.954	7442.15
865.136	7007.98
865.318	6575.86
865.501	8234.71
865.683	6919.92
865.865	7042.79
866.048	6889.2
866.23	7581.41
866.412	7227.11
866.594	6725.36
866.777	6983.4
866.959	7352.04
867.141	7468.77
867.323	7362.28
867.505	7282.41
867.687	7483.11
867.869	7495.39
868.052	6749.93
868.234	6672.11
868.416	7409.38
868.598	7851.74
868.78	6993.64
868.962	6844.14
869.144	7632.61
869.326	7503.59
869.508	6819.57
869.69	6711.02
869.872	7470.82
870.054	7950.04
870.236	6563.57
870.417	6676.21
870.599	7147.24
870.781	7698.14
870.963	7100.14
871.145	6893.29
871.327	7266.02
871.508	7640.8
871.69	6815.47
871.872	6901.48
872.054	7313.13
872.235	7376.61
872.417	6809.33
872.599	6577.9
872.78	8025.82
872.962	7345.89
873.144	6551.28
873.325	6698.74
873.507	7595.75
873.689	7349.99
873.87	6438.64
874.052	6934.25
874.233	7261.93
874.415	7837.41
874.596	6860.52
874.778	6582
874.959	7130.86
875.141	7386.85
875.322	6596.34
875.503	6340.34
875.685	7272.17
875.866	6756.08
876.048	6655.73
876.229	6588.14
876.41	6987.5
876.592	7280.36
876.773	6833.9
876.954	6405.88
877.136	7444.2
877.317	7216.87
877.498	6471.41
877.679	7046.89
877.86	7161.58
878.042	7360.23
878.223	6706.93
878.404	7540.45
878.585	7460.58
878.766	9529.03
878.947	7167.72
879.128	6969.07
879.309	7493.35
879.49	7730.91
879.672	6997.74
879.853	6651.63
880.034	7302.89
880.215	7644.9
880.396	7087.85
880.576	6817.52
880.757	7296.74
880.938	8068.83
881.119	6917.87
881.3	6868.72
881.481	7331.56
881.662	8675.02
881.843	6852.33
882.023	6909.68
882.204	7849.69
882.385	7372.52
882.566	6926.06
882.747	6934.25
882.927	7302.89
883.108	7546.59
883.289	6833.9
883.469	7311.08
883.65	7534.31
883.831	7368.42
884.011	7220.97
884.192	6788.85
884.373	7638.75
884.553	7421.67
884.734	7151.34
884.914	7591.65
885.095	8642.26
885.275	7884.51
885.456	7237.35
885.636	6885.1
885.817	7632.61
885.997	7859.93
886.178	6848.24
886.358	7268.07
886.538	7696.1
886.719	9254.6
886.899	6946.54
887.08	7296.74
887.26	7939.8
887.44	7493.35
887.621	6991.59
887.801	7182.06
887.981	8048.35
888.161	8158.94
888.342	7065.32
888.522	7159.53
888.702	7675.62
888.882	8056.54
889.062	7268.07
889.242	6741.74
889.423	8101.59
889.603	7769.82
889.783	7374.56
889.963	7139.05
890.143	7692
890.323	7960.28
890.503	7186.15
890.683	7352.04
890.863	7597.79
891.043	7818.97
891.223	7413.48
891.403	7608.03
891.583	7773.92
891.763	7935.71
891.943	7274.21
892.122	7407.33
892.302	7829.21
892.482	7804.64
892.662	7251.69
892.842	7323.37
893.022	7605.99
893.201	7818.97
893.381	7288.55
893.561	6891.24
893.741	7847.65
893.92	7436
894.1	7237.35
894.28	7294.69
894.459	7896.8
894.639	7696.1
894.819	6897.39
894.998	7093.99
895.178	7890.65
895.357	7550.69
895.537	6905.58
895.716	6874.86
895.896	7421.67
896.075	7933.66
896.255	6838
896.434	6682.35
896.614	8134.36
896.793	7829.21
896.973	7458.53
897.152	6967.02
897.331	7225.06
897.511	7618.27
897.69	6600.43
897.87	6983.4
898.049	7591.65
898.228	7501.54
898.407	7044.84
898.587	7085.8
898.766	7270.12
898.945	7440.1
899.124	7577.31
899.304	7067.37
899.483	7417.57
899.662	7696.1
899.841	6794.99
900.02	6921.96
900.199	7519.97
900.378	7458.53
900.557	6729.45
900.737	6565.62
900.916	7200.49
901.095	7214.82
901.274	7177.96
901.453	6483.7
901.632	7233.25
901.811	6930.16
901.989	6534.9
902.168	6450.93
902.347	7171.82
902.526	6971.11
902.705	6457.07
902.884	6606.58
903.063	7460.58
903.242	7331.56
903.42	6360.82
903.599	6596.34
903.778	6981.35
903.957	7352.04
904.135	6688.5
904.314	6315.76
904.493	6747.89
904.672	6725.36
904.85	6418.16
905.029	6219.51
905.207	6731.5
905.386	7317.22
905.565	5936.89
905.743	6070.01
905.922	6659.82
906.1	6657.78
906.279	5861.12
906.457	5949.18
906.636	6422.26
906.814	6414.07
906.993	5988.09
907.171	5807.87
907.35	6401.78
907.528	6833.9
907.707	6119.16
907.885	5576.45
908.063	6485.75
908.242	6070.01
908.42	5568.26
908.598	5482.24
908.777	6393.59
908.955	6061.82
909.133	5926.65
909.311	5412.61
909.49	5873.4
909.668	6037.24
909.846	5320.45
910.024	5459.71
910.202	6266.61
910.38	6424.31
910.559	5488.39
910.737	5721.85
910.915	6225.65
911.093	6285.05
911.271	5895.93
911.449	5943.03
911.627	6434.55
911.805	7104.23
911.983	5850.88
912.161	5789.44
912.339	6313.72
912.517	6555.38
912.695	5871.36
912.872	5750.53
913.05	6360.82
913.228	6604.53
913.406	5918.46
913.584	5793.53
913.762	6704.88
913.939	6524.66
914.117	5983.99
914.295	5867.26
914.473	6297.33
914.65	6534.9
914.828	5930.75
915.006	5656.32
915.184	6082.3
915.361	6553.33
915.539	6084.34
915.716	6192.89
915.894	6493.94
916.072	6371.06
916.249	6176.5
916.427	6002.43
916.604	6168.31
916.782	6444.79
916.959	5609.22
917.137	5773.05
917.314	6393.59
917.492	6199.03
917.669	5936.89
917.847	5908.22
918.024	6287.09
918.201	5805.82
918.379	5887.74
918.556	5902.08
918.733	6364.92
918.911	5947.13
919.088	5818.11
919.265	5750.53
919.442	6113.02
919.62	6258.42
919.797	5752.57
919.974	5385.99
920.151	6430.45
920.328	6059.77
920.506	5641.98
920.683	6123.26
920.86	5775.1
921.037	6162.17
921.214	5783.29
921.391	5488.39
921.568	6047.48
921.745	6037.24
921.922	5566.21
922.099	5560.06
922.276	6129.4
922.453	5871.36
922.63	5437.19
922.807	6113.02
922.984	6004.47
923.161	6014.71
923.338	5701.37
923.514	5562.11
923.691	6151.93
923.868	6291.19
924.045	5379.84
924.222	5406.47
924.399	5916.41
924.575	5906.17
924.752	5476.1
924.929	5418.75
925.105	5775.1
925.282	5414.66
925.459	5502.72
925.635	5349.12
925.812	5730.05
925.989	5648.13
926.165	5416.71
926.342	4945.67
926.518	5478.15
926.695	5639.94
926.871	5080.84
927.048	5013.26
927.224	5943.03
927.401	5398.27
927.577	5361.41
927.754	4945.67
927.93	5672.7
928.107	5627.65
928.283	4902.67
928.459	5183.24
928.636	5623.55
928.812	5265.16
928.988	5017.35
929.165	4781.84
929.341	5218.05
929.517	5517.06
929.693	5385.99
929.87	4517.65
930.046	5472
930.222	5123.85
930.398	4599.57
930.574	5025.54
930.751	5025.54
930.927	5148.42
931.103	4681.49
931.279	4798.22
931.455	5037.83
931.631	5142.28
931.807	4534.03
931.983	4222.74
932.159	4718.35
932.335	4994.83
932.511	4570.9
932.687	4562.7
932.863	4849.42
933.039	5080.84
933.215	4427.54
933.391	4298.52
933.566	4814.6
933.742	4902.67
933.918	4359.95
934.094	4194.07
934.27	4878.09
934.445	4564.75
934.621	4411.15
934.797	4232.98
934.973	4757.26
935.148	4558.61
935.324	3938.07
935.5	3768.09
935.675	4624.14
935.851	4425.49
936.027	4149.01
936.202	3960.6
936.378	4470.55
936.553	3923.74
936.729	4552.46
936.904	3585.82
937.08	3907.35
937.255	3741.47
937.431	3536.67
937.606	3395.36
937.782	3675.93
937.957	3956.5
938.133	3426.08
938.308	3331.87
938.483	3604.25
938.659	3391.27
938.834	3202.85
939.009	3079.97
939.185	3585.82
939.36	3141.41
939.535	2563.89
939.71	3141.41
939.886	3591.97
940.061	3237.67
940.236	3303.2
940.411	2854.7
940.586	3325.73
940.761	3284.77
940.937	2928.42
941.112	2621.23
941.287	2866.99
941.462	2955.05
941.637	2553.65
941.812	2719.53
941.987	2905.9
942.162	2895.66
942.337	2754.35
942.512	2543.41
942.687	3252
942.862	2821.93
943.037	2283.31
943.212	2299.7
943.386	2735.92
943.561	2819.88
943.736	2705.2
943.911	3182.37
944.086	3233.57
944.26	2848.55
944.435	2498.35
944.61	2713.39
944.785	2998.06
944.959	3608.35
945.134	2531.12
945.309	2367.28
945.483	2547.5
945.658	3028.78
945.833	2135.86
946.007	2232.12
946.182	3297.06
946.357	2742.06
946.531	2459.44
946.706	2367.28
946.88	2486.06
947.055	2942.76
947.229	2531.12
947.404	2299.7
947.578	2924.33
947.752	2938.66
947.927	2275.12
948.101	2244.4
948.276	3282.72
948.45	2946.86
948.624	2963.24
948.799	2436.91
948.973	2975.53
949.147	2586.41
949.321	2563.89
949.496	2627.37
949.67	3354.4
949.844	2821.93
950.018	2619.18
950.193	2543.41
950.367	3551.01
950.541	2914.09
950.715	2762.54
950.889	2733.87
951.063	2948.9
951.237	3159.85
951.411	2490.16
951.585	2420.53
951.759	3182.37
951.933	3067.69
952.107	2578.22
952.281	2983.72
952.455	3454.75
952.629	3079.97
952.803	2658.09
952.977	2576.17
953.151	3411.75
953.325	3059.49
953.499	2852.65
953.672	2469.68
953.846	2991.91
954.02	3190.56
954.194	2711.34
954.368	2541.36
954.541	3313.44
954.715	3067.69
954.889	2928.42
955.062	2529.07
955.236	2789.16
955.41	3190.56
955.583	3032.87
955.757	2455.34
955.93	3270.44
956.104	2869.03
956.278	2608.94
956.451	2746.16
956.625	3178.28
956.798	3608.35
956.972	3172.13
957.145	2639.66
957.319	3489.57
957.492	3290.92
957.665	3075.88
957.839	2561.84
958.012	3112.74
958.185	3024.68
958.359	2817.83
958.532	3000.1
958.705	3165.99
958.879	3133.22
959.052	2918.18
959.225	2606.89
959.398	3217.19
959.572	3288.87
959.745	2924.33
959.918	2803.5
960.091	3264.29
960.264	3364.64
960.438	2731.82
960.611	2699.05
960.784	3413.79
960.957	2979.62
961.13	3448.61
961.303	2772.78
961.476	3168.04
961.649	3594.01
961.822	2664.24
961.995	3061.54
962.168	3198.76
962.341	3430.18
962.514	2838.31
962.686	2834.22
962.859	3372.83
963.032	3469.09
963.205	2979.62
963.378	2498.35
963.551	3217.19
963.723	3102.5
963.896	3110.69
964.069	3012.39
964.242	3221.28
964.414	3673.89
964.587	2887.47
964.76	2961.19
964.932	3180.32
965.105	3110.69
965.278	2686.76
965.45	2905.9
965.623	3262.24
965.795	3239.72
965.968	2844.46
966.14	2817.83
966.313	3139.37
966.485	3139.37
966.658	2805.55
966.83	2615.09
967.003	3311.39
967.175	3297.06
967.348	2658.09
967.52	2719.53
967.692	3563.29
967.865	3354.4
968.037	2649.9
968.209	3016.49
968.382	3090.21
968.554	3272.48
968.726	2680.62
968.898	2586.41
969.071	3419.94
969.243	3297.06
969.415	2764.59
969.587	2975.53
969.759	3366.69
969.932	3098.41
970.104	2684.72
970.276	2379.57
970.448	2846.51
970.62	3004.2
970.792	2948.9
970.964	2727.72
971.136	3516.19
971.308	3120.93
971.48	2373.43
971.652	2498.35
971.824	3338.02
971.996	3004.2
972.168	2623.28
972.339	2680.62
972.511	3073.83
972.683	3108.65
972.855	3168.04
973.027	2496.3
973.199	3335.97
973.37	3252
973.542	2768.68
973.714	2916.14
973.886	2862.89
974.057	3190.56
974.229	2565.93
974.401	2514.73
974.572	2869.03
974.744	2574.13
974.915	2484.02
975.087	2598.7
975.259	3383.07
975.43	2705.2
975.602	2479.92
975.773	2354.99
975.945	2654
976.116	2965.29
976.288	2271.03
976.459	2750.25
976.63	2758.44
976.802	2871.08
976.973	2379.57
977.145	2979.62
977.316	3489.57
977.487	3168.04
977.659	2629.42
977.83	2537.26
978.001	3319.59
978.172	3028.78
978.344	2348.85
978.515	2488.11
978.686	2830.12
978.857	3151.65
979.028	2264.88
979.2	2324.27
979.371	3084.07
979.542	2643.76
979.713	2453.3
979.884	1978.17
980.055	2647.85
980.226	2752.3
980.397	2301.75
980.568	2330.42
980.739	2963.24
980.91	2631.47
981.081	2594.61
981.252	2322.23
981.423	2711.34
981.594	2750.25
981.765	2217.78
981.936	2395.95
982.106	2725.68
982.277	2928.42
982.448	2064.18
982.619	2535.21
982.79	2434.86
982.96	2780.97
983.131	2414.38
983.302	1799.99
983.472	2610.99
983.643	2727.72
983.814	2289.46
983.984	2185.01
984.155	2383.66
984.326	2666.28
984.496	2230.07
984.667	2217.78
984.837	2191.16
985.008	2996.01
985.178	2561.84
985.349	2268.98
985.519	2441.01
985.69	2182.96
985.86	1990.45
986.031	2064.18
986.201	2576.17
986.371	2592.56
986.542	1941.3
986.712	1867.58
986.882	2549.55
987.053	2420.53
987.223	1974.07
987.393	2309.94
987.563	2297.65
987.734	2486.06
987.904	2678.57
988.074	1853.24
988.244	2383.66
988.414	2383.66
988.585	1947.45
988.755	2191.16
988.925	2168.63
989.095	2774.83
989.265	1900.34
989.435	2031.41
989.605	2512.69
989.775	2733.87
989.945	2477.87
990.115	1822.52
990.285	2322.23
990.455	2328.37
990.625	2101.05
990.795	1740.6
990.965	2633.52
991.134	2252.59
991.304	1820.47
991.474	1734.46
991.644	2314.03
991.814	2651.95
991.984	1646.4
992.153	1832.76
992.323	2101.05
992.493	2342.71
992.662	1675.07
992.832	2035.51
993.002	2037.56
993.171	2410.29
993.341	1404.74
993.511	1847.1
993.68	2146.1
993.85	2209.59
994.019	1558.33
994.189	1498.94
994.358	2086.71
994.528	2107.19
994.697	1431.36
994.867	1558.33
995.036	2299.7
995.206	1904.44
995.375	1734.46
995.544	1947.45
995.714	2463.54
995.883	2037.56
996.052	1883.96
996.222	1355.58
996.391	2359.09
996.56	2084.66
996.73	1617.72
996.899	1388.35
997.068	2422.58
997.237	2119.48
997.406	1427.26
997.576	1302.34
997.745	2469.68
997.914	2101.05
998.083	1251.14
998.252	1560.38
998.421	2017.08
998.59	1875.77
998.759	1361.73
998.928	1218.37
999.097	2262.83
999.266	2041.65
999.435	1849.15
999.604	1281.86
999.773	2289.46
999.942	2025.27
1000.111	1105.73
1000.28	1138.5
1000.448	1752.89
1000.617	1658.68
1000.786	1781.56
1000.955	1060.68
1001.124	2172.72
1001.292	2555.69
1001.461	1369.92
1001.63	1134.4
1001.798	1918.78
1001.967	1912.63
1002.136	1064.77
1002.304	1161.03
1002.473	1955.64
1002.642	1836.86
1002.81	1380.16
1002.979	1328.96
1003.147	2076.47
1003.316	2164.53
1003.484	1193.8
1003.653	1169.22
1003.821	1773.37
1003.99	1617.72
1004.158	1486.65
1004.327	1331.01
1004.495	1879.86
1004.663	1666.88
1004.832	1339.2
1005	991.05
1005.168	1765.18
1005.337	1537.85
1005.505	814.92
1005.673	1476.41
1005.842	1771.32
1006.01	1574.72
1006.178	931.66
1006.346	1077.06
1006.514	1533.76
1006.683	2086.71
1006.851	966.47
1007.019	1298.24
1007.187	1500.99
1007.355	1193.8
1007.523	808.78
1007.691	831.3
1007.859	1380.16
1008.027	2158.39
1008.195	984.9
1008.363	843.59
1008.531	1451.84
1008.699	1578.81
1008.867	714.57
1009.035	958.28
1009.203	1955.64
1009.37	1544
1009.538	1066.82
1009.706	1822.52
1009.874	1523.52
1010.042	1544
1010.209	841.54
1010.377	866.12
1010.545	1539.9
1010.713	1431.36
1010.88	909.13
1011.048	878.41
1011.216	1400.64
1011.383	1677.12
1011.551	921.42
1011.718	710.47
1011.886	1625.92
1012.054	1644.35
1012.221	796.49
1012.389	782.15
1012.556	1384.26
1012.724	1636.16
1012.891	966.47
1013.058	571.21
1013.226	1472.32
1013.393	1474.37
1013.561	642.89
1013.728	702.28
1013.895	1685.31
1014.063	1511.23
1014.23	599.88
1014.397	798.54
1014.565	1546.05
1014.732	1285.95
1014.899	679.75
1015.066	667.47
1015.233	1486.65
1015.401	1494.85
1015.568	780.11
1015.735	958.28
1015.902	1597.24
1016.069	1572.67
1016.236	831.3
1016.403	448.33
1016.57	1044.29
1016.737	1906.49
1016.904	749.39
1017.071	522.06
1017.238	1005.38
1017.405	1300.29
1017.572	708.43
1017.739	976.71
1017.906	1709.88
1018.073	1511.23
1018.24	405.33
1018.407	847.69
1018.573	1376.06
1018.74	1193.8
1018.907	720.71
1019.074	411.47
1019.241	1288
1019.407	1191.75
1019.574	468.81
1019.741	454.48
1019.907	1566.53
1020.074	1630.01
1020.241	278.35
1020.407	356.18
1020.574	1109.83
1020.74	1075.01
1020.907	603.98
1021.073	466.77
1021.24	1926.97
1021.406	1312.58
1021.573	436.05
1021.739	595.79
1021.906	1392.45
1022.072	1210.18
1022.239	517.97
1022.405	618.32
1022.571	1234.75
1022.738	1115.97
1022.904	532.3
1023.07	712.52
1023.237	1175.36
1023.403	1390.4
1023.569	558.92
1023.735	550.73
1023.902	1285.95
1024.068	1253.19
1024.234	255.83
1024.4	526.16
1024.566	939.85
1024.732	1052.49
1024.898	464.72
1025.065	196.43
1025.231	986.95
1025.397	927.56
1025.563	487.25
1025.729	241.49
1025.895	722.76
1026.061	862.02
1026.227	143.19
1026.392	653.13
1026.558	1072.96
1026.724	1228.61
1026.89	276.31
1027.056	540.49
1027.222	991.05
1027.388	1109.83
1027.553	329.55
1027.719	311.12
1027.885	1464.13
1028.051	1023.81
1028.216	77.65
1028.382	493.39
1028.548	970.57
1028.713	931.66
1028.879	241.49
1029.045	575.31
1029.21	1224.51
1029.376	1169.22
1029.541	335.7
1029.707	360.27
1029.873	1038.15
1030.038	1161.03
1030.204	298.83
1030.369	315.22
1030.534	974.66
1030.7	792.39
1030.865	444.24
1031.031	266.07
1031.196	939.85
1031.361	896.84
1031.527	347.98
1031.692	200.53
1031.857	581.45
1032.023	1009.48
1032.188	204.63
1032.353	317.26
1032.518	1099.59
1032.684	859.98
1032.849	87.89
1033.014	274.26
1033.179	870.22
1033.344	851.78
1033.509	421.71
1033.674	257.87
1033.839	1001.29
1034.004	800.59
1034.17	264.02
1034.335	59.22
1034.5	810.82
1034.664	788.3
1034.829	241.49
1034.994	438.09
1035.159	634.7
1035.324	1058.63
1035.489	229.2
1035.654	243.54
1035.819	1500.99
1035.984	790.35
1036.148	347.98
1036.313	339.79
1036.478	1013.57
1036.643	751.43
1036.807	159.57
1036.972	57.17
1037.137	1306.43
1037.301	773.96
1037.466	-14.51
1037.631	366.42
1037.795	902.98
1037.96	743.24
1038.124	507.73
1038.289	38.74
1038.454	722.76
1038.618	1015.62
1038.783	288.59
1038.947	294.74
1039.111	610.12
1039.276	644.94
1039.44	155.47
1039.605	921.42
1039.769	638.8
1039.933	773.96
1040.098	212.82
1040.262	515.92
1040.426	917.32
1040.591	929.61
1040.755	102.23
1040.919	188.24
1041.083	995.14
1041.248	571.21
1041.412	-94.38
1041.576	28.5
1041.74	640.84
1041.904	814.92
1042.068	96.08
1042.232	163.67
1042.397	1058.63
1042.561	745.29
1042.725	-200.87
1042.889	292.69
1043.053	833.35
1043.217	663.37
1043.381	221.01
1043.544	-77.99
1043.708	765.77
1043.872	474.96
1044.036	-182.44
1044.2	-61.61
1044.364	913.22
1044.528	962.37
1044.691	6041.34
1044.855	-37.03
1045.019	778.06
1045.183	747.34
1045.346	171.86
1045.51	-114.86
1045.674	859.98
1045.837	694.09
1046.001	40.79
1046.165	1.88
1046.328	1210.18
1046.492	653.13
1046.655	362.32
1046.819	253.78
1046.983	583.5
1047.146	470.86
1047.31	302.93
1047.473	-159.91
1047.636	630.6
1047.8	464.72
1047.963	128.85
1048.127	-100.52
1048.29	434
