345.52	-1331.69
345.736	-1331.69
345.952	-1331.69
346.168	-1276.4
346.384	-1315.31
346.6	-193.02
346.816	-274.94
347.032	-121.34
347.248	491
347.464	-336.38
347.68	-190.97
347.896	-76.29
348.112	304.64
348.328	-55.81
348.544	46.59
348.76	183.81
348.975	222.72
349.191	-342.52
349.407	-430.59
349.623	251.39
349.839	73.21
350.055	-227.84
350.27	-29.18
350.486	116.22
350.702	286.2
350.918	501.24
351.133	-104.96
351.349	208.38
351.565	622.07
351.781	-326.14
351.996	48.64
352.212	173.57
352.428	198.14
352.644	-295.42
352.859	-283.13
353.075	331.26
353.291	241.15
353.506	-150.01
353.722	-352.76
353.938	17.92
354.153	534.01
354.369	255.48
354.584	-223.74
354.8	294.4
355.016	-29.18
355.231	-399.87
355.447	-39.42
355.662	390.65
355.878	826.87
356.093	-422.39
356.309	-31.23
356.524	-2.56
356.74	568.82
356.955	-338.43
357.171	-82.43
357.386	230.91
357.602	-2.56
357.817	-43.52
358.033	-158.21
358.248	402.94
358.464	413.18
358.679	-242.17
358.895	-358.91
359.11	77.31
359.325	136.7
359.541	167.42
359.756	-84.48
359.972	-115.2
360.187	466.42
360.402	-178.69
360.618	-203.26
360.833	1648.1
361.048	187.9
361.264	-178.69
361.479	-6.66
361.694	230.91
361.909	353.79
362.125	-320
362.34	-186.88
362.555	423.42
362.77	267.77
362.986	-403.96
363.201	-178.69
363.416	318.97
363.631	140.8
363.847	-307.71
364.062	-162.3
364.277	288.25
364.492	148.99
364.707	-350.71
364.922	-391.67
365.138	378.36
365.353	527.86
365.568	-403.96
365.783	-133.63
365.998	425.47
366.213	636.41
366.428	-285.18
366.643	136.7
366.858	349.69
367.073	384.51
367.288	-72.19
367.503	-279.04
367.718	75.26
367.933	603.64
368.148	-283.13
368.363	-35.33
368.578	251.39
368.793	558.58
369.008	-53.76
369.223	-272.89
369.438	404.99
369.653	310.78
369.868	-301.56
370.083	-342.52
370.298	220.67
370.513	542.2
370.728	165.37
370.943	-170.49
371.157	87.55
371.372	843.25
371.587	-320
371.802	-274.94
372.017	255.48
372.232	581.11
372.446	122.37
372.661	-279.04
372.876	251.39
373.091	415.23
373.306	-88.57
373.52	-385.53
373.735	161.28
373.95	751.09
374.165	-86.53
374.379	-127.49
374.594	42.5
374.809	556.54
375.023	208.38
375.238	-211.45
375.453	370.17
375.667	83.45
375.882	-178.69
376.097	-233.98
376.311	120.32
376.526	433.66
376.741	-223.74
376.955	413.18
377.17	656.89
377.384	1076.72
377.599	138.75
377.813	-391.67
378.028	880.11
378.242	454.14
378.457	62.98
378.672	-272.89
378.886	79.36
379.101	300.54
379.315	-397.82
379.53	52.74
379.744	521.72
379.958	421.37
380.173	-139.77
380.387	-195.07
380.602	458.23
380.816	177.66
381.031	-10.75
381.245	-176.64
381.459	339.45
381.674	1226.22
381.888	-326.14
382.103	394.75
382.317	218.62
382.531	607.73
382.746	89.6
382.96	-160.25
383.174	282.11
383.388	886.26
383.603	314.88
383.817	-313.85
384.031	251.39
384.246	681.46
384.46	79.36
384.674	943.6
384.888	132.61
385.103	462.33
385.317	-281.08
385.531	140.8
385.745	931.31
385.959	599.54
386.174	-166.4
386.388	-143.87
386.602	312.83
386.816	273.92
387.03	9.73
387.244	-12.8
387.458	423.42
387.672	546.3
387.887	-276.99
388.101	-188.93
388.315	562.68
388.529	370.17
388.743	-104.96
388.957	-111.1
389.171	630.26
389.385	239.1
389.599	-109.05
389.813	230.91
390.027	329.21
390.241	892.4
390.455	-18.94
390.669	91.65
390.883	288.25
391.097	890.35
391.311	345.59
391.525	-47.62
391.738	736.76
391.952	695.8
392.166	249.34
392.38	-154.11
392.594	648.69
392.808	566.78
393.022	52.74
393.236	93.69
393.449	478.71
393.663	767.48
393.877	-121.34
394.091	128.51
394.305	349.69
394.518	271.87
394.732	-68.09
394.946	1.54
395.16	984.56
395.373	462.33
395.587	-53.76
395.801	38.4
396.015	552.44
396.228	562.68
396.442	-119.29
396.656	-197.12
396.869	603.64
397.083	1058.29
397.297	161.28
397.51	138.75
397.724	593.4
397.938	615.93
398.151	-199.16
398.365	-82.43
398.578	656.89
398.792	849.4
399.005	411.13
399.219	30.21
399.433	558.58
399.646	828.92
399.86	341.5
400.073	456.19
400.287	564.73
400.5	624.12
400.714	433.66
400.927	280.06
401.141	790
401.354	2141.66
401.567	816.63
401.781	-55.81
401.994	570.87
402.208	1136.11
402.421	253.44
402.635	128.51
402.848	306.68
403.061	730.61
403.275	222.72
403.488	3.58
403.701	933.36
403.915	957.94
404.128	478.71
404.341	153.09
404.555	1107.44
404.768	384.51
404.981	435.71
405.195	208.38
405.408	888.31
405.621	697.85
405.834	591.35
406.048	5.63
406.261	890.35
406.474	892.4
406.687	226.81
406.9	394.75
407.114	683.51
407.327	957.94
407.54	132.61
407.753	3.58
407.966	515.58
408.179	601.59
408.392	296.44
408.605	15.87
408.819	736.76
409.032	929.27
409.245	271.87
409.458	550.39
409.671	812.53
409.884	902.64
410.097	108.03
410.31	536.06
410.523	1056.24
410.736	669.17
410.949	380.41
411.162	265.72
411.375	929.27
411.588	738.8
411.801	529.91
412.014	312.83
412.227	591.35
412.44	781.81
412.653	386.55
412.865	638.45
413.078	1023.47
413.291	998.9
413.504	359.93
413.717	157.18
413.93	1103.34
414.143	577.02
414.356	468.47
414.568	132.61
414.781	830.96
414.994	910.83
415.207	525.82
415.42	585.21
415.632	943.6
415.845	1361.39
416.058	202.24
416.271	271.87
416.483	931.31
416.696	1177.07
416.909	351.74
417.121	273.92
417.334	796.15
417.547	1142.25
417.759	300.54
417.972	331.26
418.185	718.33
418.397	943.6
418.61	435.71
418.823	437.75
419.035	1240.56
419.248	1043.95
419.46	476.66
419.673	527.86
419.885	779.76
420.098	998.9
420.311	499.19
420.523	249.34
420.736	1172.97
420.948	1000.94
421.161	501.24
421.373	312.83
421.586	771.57
421.798	830.96
422.01	243.2
422.223	863.73
422.435	620.02
422.648	1281.52
422.86	599.54
423.073	685.56
423.285	1027.57
423.497	880.11
423.71	534.01
423.922	597.49
424.134	1347.05
424.347	1508.84
424.559	933.36
424.771	1146.35
424.984	1117.68
425.196	1101.3
425.408	386.55
425.621	425.47
425.833	1224.17
426.045	1435.11
426.257	470.52
426.47	730.61
426.682	1017.33
426.894	1002.99
427.106	605.69
427.318	841.2
427.531	1140.21
427.743	1238.51
427.955	751.09
428.167	1533.42
428.379	1134.06
428.591	1031.66
428.804	886.26
429.016	617.97
429.228	1201.65
429.44	1435.11
429.652	14333.22
429.864	650.74
430.076	1230.32
430.288	1312.24
430.5	1033.71
430.712	933.36
430.924	1367.53
431.136	1557.99
431.348	706.04
431.56	712.18
431.772	1101.3
431.984	1058.29
432.196	624.12
432.408	953.84
432.62	1232.37
432.832	1437.16
433.044	1404.39
433.256	1099.25
433.468	1492.46
433.679	986.61
433.891	773.62
434.103	1181.17
434.315	1723.88
434.527	1519.08
434.739	1140.21
434.95	1058.29
435.162	1451.5
435.374	1093.1
435.586	1140.21
435.798	957.94
436.009	1371.63
436.221	1293.8
436.433	1215.98
436.645	1005.04
436.856	1443.31
437.068	1871.33
437.28	986.61
437.491	1383.91
437.703	1717.73
437.915	1557.99
438.126	1062.38
438.338	1697.25
438.55	1349.1
438.761	1535.46
438.973	1277.42
439.184	1228.27
439.396	1508.84
439.608	1617.38
439.819	1058.29
440.031	1320.43
440.242	1703.4
440.454	1877.48
440.665	1302
440.877	1533.42
441.088	1914.34
441.3	1756.65
441.511	1072.62
441.723	1222.13
441.934	2098.66
442.146	1879.52
442.357	1615.34
442.569	1912.29
442.78	1910.24
442.991	2360.8
443.203	1861.09
443.414	1328.62
443.626	2207.2
443.837	1654.25
444.048	1250.8
444.26	1150.45
444.471	1816.04
444.682	1932.77
444.894	1316.33
445.105	1224.17
445.316	2299.36
445.528	2016.74
445.739	1588.71
445.95	1570.28
446.161	1873.38
446.373	2078.18
446.584	1531.37
446.795	1476.07
447.006	2239.97
447.217	2276.83
447.429	1437.16
447.64	1324.52
447.851	2907.6
448.062	2188.77
448.273	1367.53
448.484	1537.51
448.695	2117.09
448.907	2196.96
449.118	1760.74
449.329	1955.3
449.54	1887.72
449.751	1943.01
449.962	1549.8
450.173	1478.12
450.384	2082.27
450.595	2559.45
450.806	1566.18
451.017	1705.45
451.228	2479.58
451.439	2149.86
451.65	1750.5
451.861	1406.44
452.072	2223.58
452.283	2221.53
452.494	2035.17
452.705	1639.91
452.915	2768.34
453.126	2256.35
453.337	1994.21
453.548	1744.36
453.759	2768.34
453.97	2735.57
454.181	2512.35
454.391	1977.83
454.602	2557.4
454.813	2940.37
455.024	2147.81
455.235	1930.72
455.445	2739.67
455.656	2405.85
455.867	2338.27
456.078	1895.91
456.288	2131.42
456.499	2754.01
456.71	1969.63
456.921	2356.7
457.131	2514.39
457.342	2463.19
457.553	2088.42
457.763	1988.07
457.974	2584.02
458.184	2672.09
458.395	2160.1
458.606	1922.53
458.816	2966.99
459.027	3083.73
459.237	2483.67
459.448	2252.25
459.659	2948.56
459.869	3773.89
460.08	2067.94
460.29	2518.49
460.501	3098.06
460.711	2975.19
460.922	2149.86
461.132	2348.51
461.343	3843.53
461.553	2811.35
461.764	2426.33
461.974	2477.53
462.184	3173.84
462.395	3259.85
462.605	2641.37
462.816	2344.41
463.026	3401.16
463.236	3280.33
463.447	2561.5
463.657	2684.38
463.867	3528.14
464.078	3311.05
464.288	2766.29
464.498	2952.66
464.709	3452.36
464.919	3413.45
465.129	3116.5
465.339	2784.73
465.55	3376.59
465.76	3804.61
465.97	2889.17
466.18	3036.63
466.391	3870.15
466.601	3730.89
466.811	3188.18
467.021	2770.39
467.231	3952.07
467.441	3919.3
467.651	3108.3
467.862	2872.79
468.072	3788.23
468.282	3845.57
468.492	3372.49
468.702	3648.97
468.912	4160.96
469.122	4855.22
469.332	3917.25
469.542	3630.54
469.752	4720.06
469.962	4179.39
470.172	3565
470.382	3407.31
470.592	4564.41
470.802	4453.82
471.012	4064.71
471.222	4031.94
471.432	4459.96
471.642	4646.33
471.852	4232.64
472.062	4011.46
472.272	4689.34
472.482	4396.48
472.691	4089.28
472.901	4023.75
473.111	4582.84
473.321	5424.56
473.531	4335.04
473.741	4806.07
473.95	5201.33
474.16	5189.04
474.37	4971.96
474.58	4582.84
474.79	5621.16
474.999	5342.64
475.209	4754.87
475.419	5023.16
475.628	5680.55
475.838	6073.76
476.048	5045.68
476.258	4912.57
476.467	6098.34
476.677	5653.93
476.886	5715.37
477.096	5518.76
477.306	5891.49
477.515	6065.57
477.725	5647.79
477.935	5531.05
478.144	6614.43
478.354	6045.09
478.563	5768.62
478.773	5684.65
478.982	6505.88
479.192	6493.6
479.401	5967.27
479.611	5959.08
479.82	6356.38
480.03	6804.89
480.239	6030.76
480.449	5995.94
480.658	6923.67
480.868	6909.33
481.077	6567.32
481.287	6567.32
481.496	7001.49
481.705	7476.62
481.915	7083.41
482.124	6985.11
482.333	7382.42
482.543	7820.68
482.752	7060.88
482.961	6849.94
483.171	7767.43
483.38	7470.48
483.589	7183.76
483.799	7241.11
484.008	7771.53
484.217	7802.25
484.426	7294.35
484.636	7323.02
484.845	8113.54
485.054	7753.1
485.263	8164.74
485.472	7792.01
485.682	8670.59
485.891	8250.75
486.1	7738.76
486.309	8023.43
486.518	8967.54
486.727	9516.4
486.936	8074.63
487.146	8369.54
487.355	9178.48
487.564	8768.89
487.773	8617.34
487.982	8529.28
488.191	8805.75
488.4	9422.19
488.609	8463.74
488.818	8750.46
489.027	9571.69
489.236	9655.66
489.445	8922.49
489.654	8795.51
489.863	9866.6
490.072	9610.61
490.281	9713
490.49	9463.15
490.698	10091.88
490.907	10366.31
491.116	9500.02
491.325	9198.96
491.534	10069.35
491.743	10143.08
491.952	9713
492.16	9487.73
492.369	10485.09
492.578	10659.17
492.787	9768.3
492.996	9706.86
493.204	10327.39
493.413	10952.02
493.622	9811.31
493.831	9461.1
494.039	11138.39
494.248	10548.58
494.457	10165.6
494.665	10108.26
494.874	10880.35
495.083	11642.19
495.291	10642.78
495.5	10268
495.709	11400.53
495.917	11242.84
496.126	10730.84
496.335	10532.19
496.543	11148.63
496.752	11238.74
496.96	11332.95
497.169	10534.24
497.377	11306.32
497.586	11773.26
497.794	11205.97
498.003	10708.32
498.211	11756.88
498.42	11838.8
498.628	11179.35
498.837	11291.99
499.045	12021.06
499.254	11885.9
499.462	11470.16
499.671	11611.47
499.879	12911.93
500.087	12115.27
500.296	11562.32
500.504	11783.5
500.713	12137.8
500.921	12954.94
501.129	11842.89
501.338	11527.5
501.546	12750.14
501.754	12465.47
501.962	12178.76
502.171	12240.2
502.379	12981.56
502.587	13067.58
502.795	12154.18
503.004	11945.29
503.212	13047.1
503.42	13153.59
503.628	12473.67
503.837	12483.91
504.045	13104.44
504.253	13440.31
504.461	12291.4
504.669	12438.85
504.877	14013.74
505.085	13516.08
505.294	12498.24
505.502	13038.91
505.71	13767.98
505.918	13567.28
506.126	12670.27
506.334	12651.84
506.542	13483.31
506.75	13624.62
506.958	13645.1
507.166	13116.73
507.374	13368.63
507.582	14001.45
507.79	13284.66
507.998	13167.93
508.206	14347.56
508.414	13894.96
508.622	13350.2
508.83	13514.03
509.037	14134.57
509.245	13661.49
509.453	13511.99
509.661	13319.48
509.869	14515.49
510.077	13880.62
510.285	13909.29
510.492	13419.83
510.7	15060.25
510.908	14191.91
511.116	13765.93
511.324	13708.59
511.531	14171.43
511.739	14697.76
511.947	14452
512.155	14409
512.362	14540.07
512.57	14523.68
512.778	13944.11
512.985	13870.38
513.193	14632.22
513.401	14925.08
513.608	14357.8
513.816	14425.38
514.024	15002.91
514.231	15107.35
514.439	14320.93
514.646	14439.72
514.854	15416.6
515.061	15068.44
515.269	14597.41
515.477	14751.01
515.684	15064.35
515.892	15377.69
516.099	14574.88
516.307	14685.47
516.514	15785.23
516.722	15928.59
516.929	14824.73
517.136	14914.84
517.344	15711.5
517.551	15605.01
517.759	15123.74
517.966	15062.3
518.173	15439.12
518.381	15783.18
518.588	15050.01
518.796	14912.8
519.003	15828.24
519.21	15910.16
519.418	15328.53
519.625	15635.73
519.832	15875.34
520.039	16223.5
520.247	15133.98
520.454	15715.6
520.661	16585.99
520.868	16155.91
521.076	15662.35
521.283	15787.28
521.49	16794.88
521.697	16354.57
521.904	16008.46
522.112	15897.87
522.319	16590.08
522.526	16297.22
522.733	15885.58
522.94	15992.08
523.147	16659.71
523.354	16760.06
523.561	16121.1
523.768	16391.43
523.975	17235.19
524.183	16911.61
524.39	16770.3
524.597	16319.75
524.804	16893.18
525.011	16891.13
525.218	16340.23
525.425	16616.71
525.632	17454.33
525.838	17284.34
526.045	16338.18
526.252	17005.82
526.459	18816.22
526.666	19092.7
526.873	16585.99
527.08	16801.02
527.287	17706.23
527.494	17761.52
527.701	17128.7
527.907	16968.96
528.114	17788.14
528.321	17579.25
528.528	17120.51
528.735	17218.81
528.941	17493.24
529.148	17587.44
529.355	17446.13
529.562	17220.86
529.768	18842.85
529.975	17454.33
530.182	17605.88
530.388	17437.94
530.595	18324.71
530.802	17730.8
531.008	18076.91
531.215	17890.54
531.422	19340.5
531.628	19160.28
531.835	17693.94
532.042	17898.73
532.248	18531.56
532.455	18707.68
532.661	18089.2
532.868	18058.48
533.074	18779.36
533.281	19152.09
533.487	18136.3
533.694	18081
533.9	18959.58
534.107	18562.28
534.313	18167.02
534.52	18552.04
534.726	18674.92
534.933	19721.43
535.139	18326.76
535.345	18480.36
535.552	19537.11
535.758	19463.38
535.965	18687.2
536.171	18754.79
536.377	19651.8
536.584	20165.84
536.79	18730.21
536.996	19504.34
537.203	19803.35
537.409	19956.94
537.615	19080.41
537.821	19520.73
538.028	20438.22
538.234	19823.83
538.44	19434.71
538.646	19338.46
538.853	19647.7
539.059	19573.97
539.265	19977.42
539.471	19074.27
539.677	20047.05
539.883	20344.01
540.09	21255.36
540.296	20374.73
540.502	20352.2
540.708	20333.77
540.914	20219.08
541.12	19791.06
541.326	20786.37
541.532	20743.36
541.738	20196.56
541.944	20092.11
542.15	20841.67
542.356	20731.08
542.562	20112.59
542.768	20040.91
542.974	21050.56
543.18	21148.86
543.386	20587.72
543.592	20040.91
543.798	21789.88
544.004	21466.3
544.21	20358.35
544.415	20589.77
544.621	21648.57
544.827	22133.93
545.033	20624.58
545.239	21003.46
545.445	21423.29
545.651	21324.99
545.856	20982.98
546.062	21023.94
546.268	21623.99
546.474	21804.21
546.679	20767.94
546.885	20663.49
547.091	21607.61
547.297	22078.64
547.502	21521.59
547.708	20546.76
547.914	21570.74
548.119	22203.57
548.325	20956.35
548.531	20804.8
548.736	22361.26
548.942	21615.8
549.147	21249.21
549.353	21900.47
549.559	22453.42
549.764	22142.13
549.97	21271.74
550.175	21488.82
550.381	22285.48
550.586	22150.32
550.792	21697.72
550.997	21824.69
551.203	22457.51
551.408	22693.03
551.614	21728.44
551.819	21994.67
552.025	23315.61
552.23	22676.65
552.435	22025.39
552.641	22357.16
552.846	22539.43
553.052	23549.08
553.257	22690.98
553.462	22324.4
553.668	22535.34
553.873	22940.83
554.078	22105.26
554.283	22310.06
554.489	23477.4
554.694	23311.52
554.899	22740.13
555.105	22793.38
555.31	23114.91
555.515	23651.48
555.72	23086.24
555.925	23987.35
556.131	23800.98
556.336	23243.93
556.541	23067.81
556.746	22992.03
556.951	23692.44
557.156	23798.93
557.361	23084.19
557.567	23438.49
557.772	24054.93
557.977	23960.72
558.182	22885.54
558.387	22942.88
558.592	23526.55
558.797	24392.84
559.002	23080.1
559.207	23434.39
559.412	24081.55
559.617	24386.7
559.822	23225.5
560.027	23286.94
560.232	23884.95
560.437	24257.68
560.642	23143.58
560.847	23256.22
561.051	23684.25
561.256	24142.99
561.461	23975.06
561.666	23512.22
561.871	24315.02
562.076	24786.05
562.281	23899.28
562.485	23733.4
562.69	24263.82
562.895	24302.73
563.1	23471.26
563.305	23796.88
563.509	24562.83
563.714	24904.84
563.919	23852.18
564.123	23884.95
564.328	24439.95
564.533	25095.3
564.737	23817.36
564.942	24065.17
565.147	24921.22
565.351	24845.44
565.556	24083.6
565.761	24063.12
565.965	25111.68
566.17	24556.68
566.374	24036.5
566.579	24568.97
566.784	24714.37
566.988	25166.98
567.193	24310.93
567.397	24550.54
567.602	24986.75
567.806	24943.75
568.011	24515.72
568.215	24767.62
568.42	25111.68
568.624	25320.57
568.828	24417.42
569.033	24667.27
569.237	25461.88
569.442	25711.74
569.646	24118.42
569.85	24480.91
570.055	25394.3
570.259	25220.22
570.463	25287.81
570.668	24575.11
570.872	25492.6
571.076	25803.89
571.281	24849.54
571.485	25175.17
571.689	25838.71
571.893	25871.48
572.098	25326.72
572.302	25216.13
572.506	25756.79
572.71	26070.13
572.914	25046.15
573.119	25228.42
573.323	26229.87
573.527	26459.24
573.731	25396.35
573.935	25324.67
574.139	26213.49
574.343	25896.05
574.547	25115.78
574.751	25736.31
574.955	26258.54
575.159	26608.75
575.364	25584.76
575.568	25693.3
575.772	25984.12
575.976	26438.76
576.18	25326.72
576.383	25947.25
576.587	26614.89
576.791	26563.69
576.995	25566.33
577.199	25760.89
577.403	26209.39
577.607	26858.6
577.811	25963.64
578.015	26111.09
578.219	26698.86
578.422	26682.47
578.626	26127.47
578.83	26557.55
579.034	27087.97
579.238	26807.4
579.442	25814.13
579.645	26608.75
579.849	26496.11
580.053	27124.83
580.257	26336.37
580.46	26442.86
580.664	27034.72
580.868	27184.23
581.071	26930.28
581.275	26850.41
581.479	27081.83
581.682	27298.91
581.886	26524.78
582.09	26874.98
582.293	27980.89
582.497	27540.57
582.7	27239.52
582.904	26866.79
583.107	27638.87
583.311	27282.53
583.515	26813.54
583.718	26936.42
583.922	27755.61
584.125	28619.85
584.329	27114.59
584.532	27472.99
584.735	28378.19
584.939	28046.42
585.142	27403.36
585.346	27542.62
585.549	28197.97
585.753	28062.8
585.956	27522.14
586.159	27901.01
586.363	28503.12
586.566	28152.91
586.769	27516
586.973	27319.39
587.176	28240.98
587.379	28390.48
587.582	28222.55
587.786	28005.46
587.989	28800.07
588.192	29582.4
588.395	28320.85
588.599	28462.16
588.802	28773.45
589.005	28795.98
589.208	27888.73
589.411	28005.46
589.615	28363.86
589.818	29385.79
590.021	28533.84
590.224	28550.22
590.427	29572.16
590.63	29332.54
590.833	28071
591.036	28447.82
591.239	29291.59
591.442	28703.82
591.645	29037.64
591.848	28607.56
592.051	29301.82
592.254	29238.34
592.457	29033.54
592.66	29101.12
592.863	29258.82
593.066	29819.96
593.269	28761.16
593.472	28861.51
593.675	29639.74
593.878	29504.57
594.081	28871.75
594.284	28748.87
594.486	29537.34
594.689	29758.52
594.892	29359.17
595.095	29512.77
595.298	30043.19
595.5	29461.57
595.703	29185.09
595.906	29643.84
596.109	30200.88
596.311	30487.6
596.514	29092.93
596.717	29781.05
596.92	30440.5
597.122	30383.15
597.325	29449.28
597.528	29361.22
597.73	31089.7
597.933	30526.51
598.136	29721.66
598.338	29447.23
598.541	30420.02
598.743	30827.56
598.946	29623.36
599.148	29914.17
599.351	30630.96
599.554	30753.83
599.756	29946.94
599.959	30317.62
600.161	31022.12
600.363	31118.37
600.566	30567.47
600.768	30334
600.971	31075.37
601.173	30825.51
601.376	30147.64
601.578	30180.4
601.78	30950.44
601.983	31360.03
602.185	30049.33
602.388	31036.45
602.59	31271.97
602.792	31392.8
602.995	31007.78
603.197	30174.26
603.399	31374.37
603.601	32142.36
603.804	30526.51
604.006	30739.5
604.208	31018.02
604.41	31044.65
604.613	30895.14
604.815	30434.35
605.017	31460.38
605.219	30944.3
605.421	31626.27
605.623	30800.94
605.826	31790.11
606.028	31679.52
606.23	30719.02
606.432	30770.22
606.634	31718.43
606.836	31863.83
607.038	30585.9
607.24	30917.67
607.442	31826.97
607.644	31505.44
607.846	31296.55
608.048	30958.63
608.25	31986.71
608.452	31380.51
608.654	31163.43
608.856	30434.35
609.058	31673.37
609.26	31628.32
609.462	30880.81
609.664	31159.33
609.866	31388.71
610.067	31806.49
610.269	31188
610.471	30991.4
610.673	31786.01
610.875	31917.08
611.077	31058.98
611.278	31159.33
611.48	31589.41
611.682	31951.9
611.884	31257.64
612.085	30960.68
612.287	31798.3
612.489	31910.94
612.69	31099.94
612.892	31249.44
613.094	32132.12
613.295	31503.39
613.497	30831.66
613.699	31634.46
613.9	31831.07
614.102	32232.47
614.304	31325.22
614.505	31224.87
614.707	32046.1
614.908	31882.27
615.11	31374.37
615.311	31945.75
615.513	31831.07
615.714	31591.45
615.916	31323.17
616.117	31683.61
616.319	32177.17
616.52	32259.09
616.722	31413.28
616.923	31444
617.124	32429.07
617.326	31847.45
617.527	31976.47
617.729	32056.34
617.93	32158.74
618.131	32121.88
618.333	31085.61
618.534	31896.6
618.735	32238.61
618.937	32658.45
619.138	31675.42
619.339	31550.49
619.54	32107.54
619.742	32506.9
619.943	31878.17
620.144	31853.59
620.345	33070.09
620.546	32330.77
620.748	32197.65
620.949	32101.4
621.15	32822.28
621.351	32152.6
621.552	31734.81
621.753	31810.59
621.954	32613.39
622.155	33401.86
622.356	31978.52
622.558	32543.76
622.759	33424.39
622.96	33184.77
623.161	32347.15
623.362	32117.78
623.563	32467.98
623.764	32384.02
623.965	31968.28
624.166	32523.28
624.366	32365.59
624.567	32658.45
624.768	31534.11
624.969	31700
625.17	32117.78
625.371	32746.51
625.572	31826.97
625.773	32117.78
625.973	32355.35
626.174	32920.59
626.375	32164.89
626.576	32334.87
626.777	32623.63
626.977	32709.64
627.178	32324.63
627.379	32117.78
627.58	32764.94
627.78	32656.4
627.981	31851.55
628.182	32881.67
628.382	33305.6
628.583	32951.31
628.784	32324.63
628.984	32773.13
629.185	33184.77
629.386	33051.66
629.586	32773.13
629.787	32480.27
629.987	32977.93
630.188	33109
630.388	32582.67
630.589	32857.1
630.79	33440.77
630.99	32519.18
631.191	32766.99
631.391	32840.71
631.591	32701.45
631.792	32959.5
631.992	32824.33
632.193	32640.01
632.393	33031.18
632.594	32666.64
632.794	32418.83
632.994	32953.35
633.195	33201.16
633.395	33199.11
633.595	32506.9
633.796	33377.28
633.996	33330.18
634.196	33403.91
634.397	32717.84
634.597	32576.53
634.797	32973.83
634.997	33137.67
635.198	32961.55
635.398	32570.38
635.598	33373.19
635.798	33784.83
635.998	33426.43
636.199	32889.87
636.399	33350.66
636.599	33231.88
636.799	32656.4
636.999	33211.4
637.199	33510.4
637.399	33825.79
637.599	33160.2
637.799	33164.29
637.999	33752.06
638.199	33768.44
638.399	33989.63
638.599	32769.04
638.799	33805.31
638.999	34206.71
639.199	33195.01
639.399	33448.96
639.599	34030.58
639.799	33717.25
639.999	33217.54
640.199	33125.38
640.399	33526.78
640.599	33215.49
640.799	33696.77
640.998	33295.36
641.198	33817.6
641.398	33629.18
641.598	33559.55
641.798	33780.73
641.997	34470.9
642.197	33713.15
642.397	34079.74
642.597	33424.39
642.796	34438.13
642.996	33956.86
643.196	33842.17
643.395	33709.05
643.595	34018.3
643.795	34307.06
643.994	33709.05
644.194	33698.81
644.394	34499.57
644.593	34653.17
644.793	33852.41
644.992	33872.89
645.192	34708.46
645.392	34120.7
645.591	34790.38
645.791	34044.92
645.99	35011.56
646.19	34159.61
646.389	33881.08
646.589	33504.26
646.788	34593.78
646.987	34192.37
647.187	34597.87
647.386	34305.01
647.586	34556.91
647.785	34853.87
647.984	33825.79
648.184	34356.21
648.383	34382.84
648.582	34032.63
648.782	34092.02
648.981	34192.37
649.18	33745.92
649.38	34747.37
649.579	34786.29
649.778	34171.89
649.977	35249.13
650.177	34964.46
650.376	34221.05
650.575	34053.11
650.774	35040.23
650.973	35019.75
651.173	34100.22
651.372	34569.2
651.571	34849.77
651.77	35144.68
651.969	34130.94
652.168	34487.28
652.367	34606.06
652.566	34397.17
652.765	34597.87
652.964	34835.44
653.163	35073
653.362	35011.56
653.561	34122.74
653.76	34796.53
653.959	35208.17
654.158	35544.03
654.357	34690.03
654.556	34325.49
654.755	35290.09
654.954	35175.4
655.153	34278.39
655.352	34749.42
655.551	35298.28
655.749	35427.3
655.948	34831.34
656.147	34839.53
656.346	35152.87
656.545	35212.26
656.743	34280.44
656.942	34468.85
657.141	35064.81
657.34	34882.54
657.538	34356.21
657.737	34567.15
657.936	35699.68
658.135	35025.9
658.333	34710.51
658.532	34710.51
658.731	35425.25
658.929	35279.85
659.128	34743.28
659.326	34649.07
659.525	35974.11
659.724	35578.85
659.922	35009.51
660.121	34687.98
660.319	35671.01
660.518	35124.2
660.716	35097.58
660.915	34976.75
661.113	36049.88
661.312	35247.08
661.51	35183.59
661.709	34671.6
661.907	35425.25
662.105	35677.15
662.304	35302.37
662.502	35152.87
662.701	36033.5
662.899	35308.52
663.097	35372
663.296	34794.48
663.494	36072.41
663.692	35783.65
663.891	34812.91
664.089	34943.98
664.287	36115.42
664.485	35740.64
664.684	35161.06
664.882	35437.54
665.08	35752.93
665.278	35802.08
665.476	34984.94
665.675	35623.9
665.873	35707.87
666.071	35988.44
666.269	35226.6
666.467	35634.14
666.665	35754.97
666.863	35513.31
667.061	35306.47
667.259	35296.23
667.457	35578.85
667.655	35646.43
667.853	34960.36
668.051	35126.25
668.249	35394.53
668.447	35574.75
668.645	34774
668.843	35390.44
669.041	35959.77
669.239	35806.17
669.437	35242.98
669.635	35533.79
669.833	35271.65
670.031	35517.41
670.229	34618.35
670.426	35558.37
670.624	35107.82
670.822	35091.43
671.02	34761.71
671.218	34991.08
671.415	35017.71
671.613	35156.97
671.811	35017.71
672.009	34911.21
672.206	35527.65
672.404	35464.16
672.602	35353.57
672.799	34827.24
672.997	35552.23
673.195	35187.69
673.392	35009.51
673.59	35005.42
673.788	35783.65
673.985	34771.95
674.183	35138.54
674.38	35060.71
674.578	35353.57
674.775	35095.53
674.973	34528.24
675.17	34515.95
675.368	35478.5
675.565	35230.69
675.763	35212.26
675.96	34712.56
676.158	34976.75
676.355	34794.48
676.553	34769.9
676.75	34659.31
676.947	35617.76
677.145	34311.16
677.342	34696.17
677.539	34597.87
677.737	35034.09
677.934	34923.5
678.131	35116.01
678.329	34769.9
678.526	35544.03
678.723	35382.24
678.92	34872.3
679.118	34866.16
679.315	34821.1
679.512	35384.29
679.709	35040.23
679.906	34804.72
680.104	35681.25
680.301	35560.42
680.498	34552.82
680.695	34669.55
680.892	35032.04
681.089	34782.19
681.286	34862.06
681.483	34184.18
681.68	34927.6
681.877	35257.32
682.075	34481.14
682.272	34462.71
682.469	35044.33
682.665	35185.64
682.862	33844.22
683.059	34216.95
683.256	34739.18
683.453	34733.04
683.65	34563.06
683.847	34458.61
684.044	34907.12
684.241	34474.99
684.438	34057.21
684.635	33956.86
684.831	34915.31
685.028	34845.68
685.225	33598.46
685.422	34286.58
685.619	34552.82
685.815	34214.9
686.012	34173.94
686.209	33782.78
686.405	34436.08
686.602	34454.51
686.799	33627.13
686.996	34141.18
687.192	33969.15
687.389	34995.18
687.586	33815.55
687.782	34149.37
687.979	34872.3
688.175	34538.48
688.372	33649.66
688.568	34196.47
688.765	33756.16
688.962	34239.48
689.158	34276.34
689.355	33629.18
689.551	34194.42
689.748	34763.76
689.944	33913.85
690.14	33876.99
690.337	34132.98
690.533	33979.39
690.73	33563.65
690.926	34192.37
691.123	34141.18
691.319	34362.36
691.515	33278.98
691.712	34175.99
691.908	34118.65
692.104	34192.37
692.301	33917.95
692.497	33440.77
692.693	34073.59
692.889	34413.55
693.086	33721.34
693.282	33741.82
693.478	34024.44
693.674	34618.35
693.87	33874.94
694.067	33704.96
694.263	33569.79
694.459	33993.72
694.655	33813.5
694.851	33707.01
695.047	33928.19
695.243	34241.53
695.439	33451.01
695.635	33221.64
695.831	33680.38
696.027	33387.52
696.224	33094.66
696.42	33850.36
696.615	34132.98
696.811	34018.3
697.007	33008.65
697.203	33246.21
697.399	33451.01
697.595	33973.24
697.791	33170.44
697.987	33352.71
698.183	33803.26
698.379	33489.92
698.575	33434.63
698.77	33389.57
698.966	33469.44
699.162	33760.25
699.358	32990.22
699.554	33244.16
699.749	34171.89
699.945	33733.63
700.141	33362.95
700.337	33258.5
700.532	33317.89
700.728	33371.14
700.924	32748.56
701.119	33008.65
701.315	33061.9
701.511	33184.77
701.706	32973.83
701.902	32332.82
702.097	33532.93
702.293	33422.34
702.489	32805.9
702.684	32783.37
702.88	33225.73
703.075	32910.35
703.271	32703.5
703.466	32449.55
703.662	32949.26
703.857	33123.33
704.053	32822.28
704.248	32742.41
704.443	33690.62
704.639	33838.08
704.834	32822.28
705.03	32646.16
705.225	32656.4
705.42	33102.85
705.616	32697.36
705.811	32392.21
706.006	32910.35
706.202	32828.43
706.397	32609.29
706.592	32482.32
706.787	33145.86
706.983	32670.73
707.178	32801.8
707.373	32138.26
707.568	32816.14
707.763	32627.73
707.959	32007.19
708.154	32533.52
708.349	32377.87
708.544	33258.5
708.739	32058.39
708.934	31734.81
709.129	32703.5
709.324	32332.82
709.519	31726.62
709.714	31820.83
709.909	32902.15
710.104	32418.83
710.299	31681.56
710.494	32341.01
710.689	32543.76
710.884	32601.1
711.079	32197.65
711.274	32211.99
711.469	33178.63
711.664	32850.95
711.859	32480.27
712.054	32334.87
712.249	33008.65
712.443	32594.96
712.638	32019.48
712.833	31691.8
713.028	32779.28
713.223	32230.42
713.417	32357.39
713.612	31964.18
713.807	32685.07
714.002	33051.66
714.196	32568.34
714.391	31765.53
714.586	32078.87
714.78	32246.8
714.975	31577.12
715.17	31677.47
715.364	32252.95
715.559	32472.08
715.754	31261.73
715.948	31441.95
716.143	32570.38
716.337	31900.7
716.532	32128.02
716.726	31859.74
716.921	32023.58
717.115	32156.69
717.31	31693.85
717.504	32705.55
717.699	31984.66
717.893	32177.17
718.088	31226.92
718.282	30899.24
718.476	31818.78
718.671	32046.1
718.865	31747.1
719.059	31454.24
719.254	31829.02
719.448	32230.42
719.642	34159.61
719.837	31069.22
720.031	33426.43
720.225	31687.71
720.419	31329.31
720.614	31124.52
720.808	31816.73
721.002	31581.21
721.196	31116.33
721.39	30911.53
721.585	31333.41
721.779	31831.07
721.973	31003.69
722.167	30653.48
722.361	31374.37
722.555	31509.54
722.749	30794.79
722.943	30997.54
723.137	30921.77
723.331	31155.24
723.525	30524.46
723.719	30901.29
723.913	31450.14
724.107	31308.83
724.301	30780.46
724.495	30481.45
724.689	31151.14
724.883	30964.78
725.077	30153.78
725.271	30395.44
725.465	31001.64
725.659	30649.39
725.853	31122.47
726.046	30407.73
726.24	30911.53
726.434	31054.89
726.628	30620.72
726.822	30731.31
727.015	31568.93
727.209	31573.02
727.403	30936.1
727.596	30661.68
727.79	31433.76
727.984	31964.18
728.177	31173.67
728.371	31022.12
728.565	31415.33
728.758	31368.23
728.952	31030.31
729.146	30901.29
729.339	31534.11
729.533	31372.32
729.726	30721.07
729.92	30692.4
730.113	31497.25
730.307	31583.26
730.5	30774.31
730.694	30786.6
730.887	31026.21
731.081	31482.91
731.274	30377.01
731.468	30813.23
731.661	31046.69
731.854	30843.95
732.048	30323.76
732.241	30364.72
732.435	30653.48
732.628	30403.63
732.821	30131.25
733.014	30073.91
733.208	30516.27
733.401	30991.4
733.594	29819.96
733.788	30161.97
733.981	30911.53
734.174	31484.96
734.367	30413.87
734.56	30936.1
734.754	31196.2
734.947	31276.07
735.14	30452.78
735.333	30680.11
735.526	31515.68
735.719	30383.15
735.912	30282.8
736.105	30340.15
736.298	31032.36
736.491	30891.05
736.684	30133.3
736.877	30153.78
737.07	30592.05
737.263	31138.85
737.456	30035
737.649	30123.06
737.842	30798.89
738.035	30772.27
738.228	29916.22
738.421	29979.7
738.614	30802.99
738.807	31034.41
739	29856.82
739.192	30061.62
739.385	30964.78
739.578	30764.07
739.771	30366.77
739.964	29819.96
740.156	30602.29
740.349	30643.24
740.542	30630.96
740.735	29604.92
740.927	30374.96
741.12	30331.95
741.313	29310.02
741.505	30528.56
741.698	30567.47
741.891	30583.85
742.083	29991.99
742.276	30028.85
742.468	30622.76
742.661	30327.86
742.854	29727.8
743.046	29713.47
743.239	30045.24
743.431	30475.31
743.624	29664.32
743.816	29463.61
744.009	29971.51
744.201	30172.21
744.393	29776.95
744.586	29914.17
744.778	30053.43
744.971	30338.1
745.163	29631.55
745.355	29688.89
745.548	30417.97
745.74	30514.22
745.932	29838.39
746.125	29709.37
746.317	30317.62
746.509	30016.57
746.702	29959.22
746.894	29815.87
747.086	30112.82
747.278	30055.48
747.471	29658.17
747.663	29760.57
747.855	30303.28
748.047	30501.93
748.239	30145.59
748.431	29918.26
748.623	30811.18
748.815	30282.8
749.008	29342.78
749.2	29760.57
749.392	30075.96
749.584	30014.52
749.776	29381.7
749.968	29768.76
750.16	30581.81
750.352	29991.99
750.544	29463.61
750.736	29557.82
750.928	30596.14
751.12	30315.57
751.311	29312.06
751.503	29760.57
751.695	29668.41
751.887	29953.08
752.079	29410.37
752.271	29420.61
752.463	30403.63
752.654	29817.91
752.846	29350.98
753.038	28722.25
753.23	29430.85
753.421	29402.18
753.613	28941.38
753.805	29547.58
753.997	29162.56
754.188	30295.09
754.38	29078.6
754.572	29201.47
754.763	29512.77
754.955	29307.97
755.146	28970.05
755.338	29017.16
755.53	29760.57
755.721	29402.18
755.913	28720.2
756.104	28646.47
756.296	29344.83
756.487	29252.67
756.679	28712.01
756.87	28210.26
757.062	29262.91
757.253	29078.6
757.445	28664.91
757.636	29144.13
757.827	29357.12
758.019	30180.4
758.21	28419.15
758.401	28464.21
758.593	29459.52
758.784	29250.63
758.975	28068.95
759.167	28290.13
759.358	29234.24
759.549	29459.52
759.74	27950.17
759.932	28058.71
760.123	28529.74
760.314	28845.13
760.505	28167.25
760.696	28046.42
760.888	29248.58
761.079	29021.25
761.27	27786.33
761.461	28052.56
761.652	28494.93
761.843	28298.32
762.034	28044.37
762.225	28329.04
762.416	28712.01
762.607	28126.29
762.798	27632.73
762.989	27815
763.18	29754.43
763.371	28236.88
763.562	27989.08
763.753	27769.94
763.944	27915.35
764.135	28019.8
764.326	27833.43
764.517	27251.81
764.708	28064.85
764.899	27978.84
765.089	26967.14
765.28	27106.4
765.471	27522.14
765.662	27817.05
765.853	27096.16
766.043	26899.56
766.234	27882.58
766.425	27518.04
766.615	26963.04
766.806	27223.14
766.997	27964.5
767.187	27378.78
767.378	26774.63
767.569	26774.63
767.759	27315.3
767.95	27087.97
768.141	27296.86
768.331	27343.97
768.522	27268.19
768.712	27663.45
768.903	26702.95
769.093	26743.91
769.284	27133.03
769.474	27421.79
769.665	26287.21
769.855	26182.77
770.046	27597.91
770.236	26940.52
770.426	26471.53
770.617	26283.12
770.807	26635.37
770.998	26834.02
771.188	26287.21
771.378	26000.5
771.569	27016.29
771.759	26942.56
771.949	25521.27
772.139	26195.06
772.33	26487.92
772.52	26729.58
772.71	26059.89
772.9	26029.17
773.09	26635.37
773.281	27219.04
773.471	26129.52
773.661	25730.17
773.851	25996.4
774.041	26877.03
774.231	25851
774.421	26446.96
774.611	26655.85
774.802	26199.15
774.992	25603.19
775.182	25642.1
775.372	26424.43
775.562	26379.37
775.752	25887.86
775.942	25740.41
776.131	26354.8
776.321	26098.8
776.511	25336.96
776.701	25414.78
776.891	26547.31
777.081	26080.37
777.271	25572.47
777.461	25592.95
777.651	26037.36
777.84	26303.6
778.03	25263.23
778.22	25148.54
778.41	25873.53
778.599	26066.03
778.789	25283.71
778.979	25103.49
779.169	25787.51
779.358	25705.59
779.548	25668.73
779.738	24519.82
779.927	25609.34
780.117	25162.88
780.307	25089.15
780.496	24382.6
780.686	25603.19
780.875	25859.19
781.065	24546.44
781.254	24564.87
781.444	25273.47
781.633	25293.95
781.823	24560.78
782.012	24607.88
782.202	25486.46
782.391	25183.36
782.581	24517.77
782.77	25343.1
782.96	25650.3
783.149	24853.64
783.338	24431.76
783.528	24196.24
783.717	25357.44
783.906	25099.39
784.096	24632.46
784.285	24241.29
784.474	25304.19
784.663	24878.21
784.853	23821.46
785.042	24638.6
785.231	24521.87
785.42	24597.64
785.61	24302.73
785.799	23784.6
785.988	24573.07
786.177	24450.19
786.366	23876.76
786.555	24472.71
786.744	24683.66
786.933	24548.49
787.122	23712.92
787.312	24183.95
787.501	24097.94
787.69	24435.85
787.879	23946.39
788.068	23757.97
788.257	24001.68
788.445	23960.72
788.634	23563.42
788.823	23227.55
789.012	24327.31
789.201	24151.18
789.39	23385.24
789.579	23217.31
789.768	24347.79
789.957	24028.31
790.145	23162.01
790.334	22723.75
790.523	23520.41
790.712	24069.26
790.9	23385.24
791.089	23235.74
791.278	23930
791.467	24134.8
791.655	23884.95
791.844	24276.11
792.033	23747.73
792.221	23884.95
792.41	23100.58
792.599	22803.62
792.787	23639.19
792.976	23934.1
793.164	22863.01
793.353	23010.46
793.541	24056.98
793.73	24024.21
793.918	23223.45
794.107	22924.45
794.295	23778.45
794.484	23571.61
794.672	23186.59
794.861	22740.13
795.049	23334.04
795.238	23866.52
795.426	22850.72
795.614	22666.41
795.803	23667.86
795.991	23620.76
796.179	22463.66
796.368	22619.3
796.556	23487.64
796.744	22889.63
796.932	22860.96
797.121	22500.52
797.309	23112.86
797.497	23469.21
797.685	22924.45
797.874	22766.76
798.062	23207.07
798.25	23372.96
798.438	22500.52
798.626	22512.81
798.814	23698.58
799.002	23649.43
799.19	22854.82
799.378	22506.66
799.566	23012.51
799.755	23192.73
799.943	22795.43
800.131	22584.49
800.318	22805.67
800.506	23080.1
800.694	21802.16
800.882	22275.24
801.07	23028.9
801.258	22801.57
801.446	22625.45
801.634	22557.86
801.822	23147.68
802.01	23166.11
802.197	22932.64
802.385	22801.57
802.573	23651.48
802.761	23571.61
802.949	22944.93
803.136	22711.46
803.324	23553.18
803.512	23368.86
803.699	22863.01
803.887	22510.76
804.075	23346.33
804.262	23538.84
804.45	22418.6
804.638	22926.5
804.825	22922.4
805.013	22813.86
805.201	22828.2
805.388	22332.59
805.576	23432.35
805.763	23493.79
805.951	22443.18
806.138	22944.93
806.326	23389.34
806.513	23358.62
806.701	22824.1
806.888	23237.79
807.075	24188.05
807.263	23921.81
807.45	22670.5
807.638	22963.36
807.825	23532.7
808.012	23368.86
808.2	22723.75
808.387	23073.95
808.574	23375
808.761	23245.98
808.949	22779.04
809.136	22602.92
809.323	23583.9
809.51	23714.97
809.698	22996.13
809.885	23047.33
810.072	23213.21
810.259	23415.96
810.446	23084.19
810.633	22877.35
810.82	23676.05
811.008	23778.45
811.195	23237.79
811.382	22979.75
811.569	23479.45
811.756	22887.59
811.943	23119.01
812.13	22992.03
812.317	23508.12
812.504	23665.81
812.691	23092.38
812.878	23303.32
813.064	23981.2
813.251	23760.02
813.438	23305.37
813.625	23071.9
813.812	23432.35
813.999	23491.74
814.186	23397.53
814.372	23174.3
814.559	23653.53
814.746	23583.9
814.933	22588.58
815.12	23245.98
815.306	23215.26
815.493	23032.99
815.68	22854.82
815.866	22623.4
816.053	23641.24
816.24	23737.49
816.426	22807.72
816.613	22666.41
816.799	23825.56
816.986	24042.64
817.173	22779.04
817.359	22836.39
817.546	23327.9
817.732	22965.41
817.919	22891.68
818.105	22899.87
818.292	23340.19
818.478	23641.24
818.665	23268.51
818.851	22512.81
819.037	24476.81
819.224	23674.01
819.41	22748.32
819.597	23106.72
819.783	24093.84
819.969	23483.55
820.156	22891.68
820.342	22959.27
820.528	25103.49
820.714	23182.49
820.901	22961.31
821.087	22523.05
821.273	23381.15
821.459	22944.93
821.646	22627.49
821.832	22596.78
822.018	23245.98
822.204	23073.95
822.39	22477.99
822.576	22381.74
822.762	23215.26
822.948	23209.12
823.134	22607.02
823.32	22496.42
823.507	22633.64
823.693	22604.97
823.879	23020.7
824.065	22262.96
824.25	22705.32
824.436	22545.58
824.622	21796.02
824.808	21925.04
824.994	22441.13
825.18	22453.42
825.366	22062.26
825.552	21953.71
825.738	23004.32
825.923	22813.86
826.109	22271.15
826.295	22107.31
826.481	22736.04
826.667	22836.39
826.852	22580.39
827.038	22197.42
827.224	23164.06
827.409	22797.48
827.595	21931.19
827.781	22240.43
827.966	22985.89
828.152	22930.59
828.338	22105.26
828.523	21329.08
828.709	22297.77
828.894	22017.2
829.08	21241.02
829.266	21236.92
829.451	21998.77
829.637	21992.62
829.822	21572.79
830.008	21345.47
830.193	21673.14
830.378	22013.1
830.564	21464.25
830.749	20884.67
830.935	21519.54
831.12	21449.91
831.305	20829.38
831.491	21021.89
831.676	20960.45
831.861	21576.89
832.047	20942.02
832.232	20870.34
832.417	21841.07
832.602	21781.68
832.788	21230.78
832.973	21232.83
833.158	21544.12
833.343	21697.72
833.528	21445.82
833.714	21425.34
833.899	21486.78
834.084	22064.3
834.269	21253.31
834.454	20884.67
834.639	21210.3
834.824	21515.45
835.009	21030.08
835.194	20913.34
835.379	21648.57
835.564	21683.38
835.749	21136.57
835.934	20475.08
836.119	21501.11
836.304	21097.66
836.489	20657.35
836.674	21003.46
836.859	21193.92
837.044	21578.93
837.228	20610.25
837.413	20280.52
837.598	21167.29
837.783	21497.02
837.968	20894.91
838.152	20509.9
838.337	21079.23
838.522	21454.01
838.707	21433.53
838.891	20563.14
839.076	21075.13
839.261	21230.78
839.445	20702.4
839.63	20880.58
839.815	21486.78
839.999	20774.08
840.184	20026.57
840.368	20135.12
840.553	21202.11
840.737	20729.03
840.922	19979.47
841.106	19852.5
841.291	20579.53
841.475	20495.56
841.66	20292.81
841.844	19975.38
842.029	21253.31
842.213	20126.92
842.397	20210.89
842.582	19547.35
842.766	20352.2
842.951	20536.52
843.135	19723.48
843.319	19772.63
843.504	20655.3
843.688	20899.01
843.872	19514.58
844.056	19827.92
844.241	20440.26
844.425	20397.26
844.609	19741.91
844.793	19270.87
844.977	20444.36
845.161	19657.94
845.346	19172.57
845.53	19375.32
845.714	20045.01
845.898	20389.06
846.082	18996.45
846.266	19369.18
846.45	19379.42
846.634	19623.12
846.818	19174.62
847.002	19447
847.186	19678.42
847.37	19555.54
847.554	18963.68
847.738	19426.52
847.922	19733.71
848.106	19631.32
848.29	18787.55
848.473	18973.92
848.657	19774.67
848.841	19764.43
849.025	19008.73
849.209	18513.13
849.392	19797.2
849.576	19258.59
849.76	18177.26
849.944	18662.63
850.127	19688.66
850.311	18967.77
850.495	18541.8
850.678	18703.59
850.862	19590.36
851.046	19723.48
851.229	19004.64
851.413	18046.19
851.596	19490.01
851.78	18943.2
851.964	18480.36
852.147	18851.04
852.331	19926.22
852.514	19453.14
852.698	18722.02
852.881	18326.76
853.065	19033.31
853.248	18986.21
853.431	18531.56
853.615	18556.13
853.798	19776.72
853.982	18988.25
854.165	18429.16
854.348	18359.53
854.532	18679.01
854.715	18457.83
854.898	17997.04
855.081	17880.3
855.265	19516.63
855.448	19360.98
855.631	17620.21
855.814	17878.26
855.997	18576.61
856.181	18803.94
856.364	18078.96
856.547	17804.53
856.73	18658.53
856.913	18418.92
857.096	17730.8
857.279	17765.62
857.462	18326.76
857.645	18558.18
857.828	18160.87
858.011	18052.33
858.194	18148.59
858.377	18015.47
858.56	17476.85
858.743	17646.83
858.926	17906.93
859.109	18119.92
859.292	17759.47
859.475	17409.27
859.658	18046.19
859.841	18173.16
860.023	17151.23
860.206	17097.98
860.389	18197.74
860.572	17999.09
860.755	17413.37
860.937	17644.79
861.12	17552.63
861.303	18148.59
861.486	17315.06
861.668	17356.02
861.851	17491.19
862.034	17945.84
862.216	17136.89
862.399	16993.53
862.581	17470.71
862.764	17564.92
862.947	17005.82
863.129	16848.13
863.312	17222.91
863.494	17687.79
863.677	17167.61
863.859	16735.49
864.042	17614.07
864.224	17517.81
864.406	17120.51
864.589	16418.05
864.771	17149.18
864.954	16950.53
865.136	16581.89
865.318	16024.84
865.501	17564.92
865.683	16923.9
865.865	16577.8
866.048	16393.48
866.23	17407.22
866.412	16878.85
866.594	16131.34
866.777	16432.39
866.959	16526.6
867.141	16690.43
867.323	16440.58
867.505	16520.45
867.687	16737.54
867.869	16989.44
868.052	16440.58
868.234	16241.93
868.416	16706.82
868.598	17077.5
868.78	16180.49
868.962	16219.4
869.144	17110.27
869.326	16612.61
869.508	16348.42
869.69	16239.88
869.872	16272.65
870.054	16964.86
870.236	15838.48
870.417	15926.54
870.599	16497.92
870.781	16999.68
870.963	16418.05
871.145	16198.92
871.327	16504.07
871.508	16966.91
871.69	16172.3
871.872	16135.43
872.054	16600.32
872.235	16571.65
872.417	16246.02
872.599	15541.52
872.78	17116.41
872.962	16364.81
873.144	15660.31
873.325	15774.99
873.507	16694.53
873.689	16639.23
873.87	15668.5
874.052	15955.21
874.233	16264.46
874.415	16915.71
874.596	16000.27
874.778	15516.95
874.959	16565.51
875.141	17001.72
875.322	15973.64
875.503	15848.72
875.685	16516.36
875.866	16106.76
876.048	15611.15
876.229	15527.19
876.41	16221.45
876.592	16667.91
876.773	16084.23
876.954	15678.74
877.136	16915.71
877.317	16262.41
877.498	15836.43
877.679	15947.02
877.86	16522.5
878.042	16373
878.223	15977.74
878.404	16506.12
878.585	16760.06
878.766	18427.11
878.947	16268.55
879.128	15766.8
879.309	16383.24
879.49	16696.58
879.672	16078.09
879.853	16213.26
880.034	16434.44
880.215	16852.22
880.396	16114.95
880.576	16123.15
880.757	16659.71
880.938	17302.78
881.119	16151.82
881.3	16186.63
881.481	16465.16
881.662	17913.07
881.843	16260.36
882.023	16172.3
882.204	17325.3
882.385	16880.89
882.566	16231.69
882.747	16694.53
882.927	17050.88
883.108	17149.18
883.289	16254.22
883.469	16909.57
883.65	16954.62
883.831	17136.89
884.011	16749.82
884.192	16573.7
884.373	17341.69
884.553	17077.5
884.734	16766.21
884.914	17200.38
885.095	18316.52
885.275	17331.45
885.456	16911.61
885.636	16321.8
885.817	17024.25
885.997	17345.78
886.178	16459.01
886.358	16702.72
886.538	17345.78
886.719	18857.18
886.899	16606.47
887.08	16829.7
887.26	17407.22
887.44	16887.04
887.621	16665.86
887.801	16719.1
887.981	17906.93
888.161	17829.1
888.342	16868.61
888.522	16745.73
888.702	17894.64
888.882	17392.89
889.062	17085.69
889.242	16655.62
889.423	17796.34
889.603	17884.4
889.783	17435.89
889.963	16952.57
890.143	17878.26
890.323	18068.72
890.503	17018.11
890.683	17425.65
890.863	17814.77
891.043	17675.51
891.223	17147.13
891.403	17677.55
891.583	17532.15
891.763	17628.4
891.943	17112.31
892.122	17100.03
892.302	17720.56
892.482	17536.24
892.662	17583.35
892.842	17120.51
893.022	17442.04
893.201	17558.77
893.381	17370.36
893.561	17061.12
893.741	17614.07
893.92	17163.51
894.1	17130.75
894.28	17038.59
894.459	17782
894.639	17626.36
894.819	16667.91
894.998	16870.65
895.178	17562.87
895.357	17304.82
895.537	16598.27
895.716	16467.2
895.896	17181.95
896.075	17827.06
896.255	16723.2
896.434	16661.76
896.614	17882.35
896.793	17296.63
896.973	16760.06
897.152	16635.14
897.331	16985.34
897.511	17294.58
897.69	16162.06
897.87	16700.67
898.049	17200.38
898.228	17304.82
898.407	16686.34
898.587	16532.74
898.766	16620.8
898.945	16721.15
899.124	16700.67
899.304	16231.69
899.483	16891.13
899.662	17163.51
899.841	16078.09
900.02	16026.89
900.199	16624.9
900.378	16602.37
900.557	15994.12
900.737	15830.29
900.916	16182.54
901.095	16254.22
901.274	15740.18
901.453	15537.43
901.632	15951.12
901.811	15795.47
901.989	15252.76
902.168	15258.9
902.347	16166.15
902.526	15924.49
902.705	15447.32
902.884	15338.77
903.063	16274.7
903.242	15828.24
903.42	15111.45
903.599	15242.52
903.778	15637.78
903.957	15951.12
904.135	15236.38
904.314	14894.36
904.493	15254.81
904.672	14820.64
904.85	14636.32
905.029	14865.69
905.207	15009.05
905.386	15643.92
905.565	14441.76
905.743	14384.42
905.922	14859.55
906.1	14736.67
906.279	14224.68
906.457	14316.84
906.636	14669.09
906.814	14552.35
906.993	13913.39
907.171	13784.37
907.35	14404.9
907.528	14587.17
907.707	13886.76
907.885	13475.12
908.063	14208.3
908.242	13985.07
908.42	13606.19
908.598	13401.4
908.777	14066.99
908.955	13894.96
909.133	13968.68
909.311	13335.86
909.49	13755.69
909.668	14064.94
909.846	13395.25
910.024	13530.42
910.202	14226.73
910.38	14611.75
910.559	13317.43
910.737	13323.57
910.915	14189.86
911.093	14365.99
911.271	13589.81
911.449	14183.72
911.627	14540.07
911.805	14978.33
911.983	13868.33
912.161	13718.83
912.339	13952.3
912.517	14685.47
912.695	14026.03
912.872	13978.92
913.05	14566.69
913.228	14761.25
913.406	13751.6
913.584	13665.58
913.762	14849.31
913.939	14595.36
914.117	13923.63
914.295	13905.2
914.473	14189.86
914.65	14558.5
914.828	13747.5
915.006	13858.09
915.184	14345.51
915.361	14445.86
915.539	14294.31
915.716	14114.09
915.894	14626.08
916.072	14619.94
916.249	14452
916.427	14216.49
916.604	14617.89
916.782	14507.3
916.959	13835.56
917.137	13602.1
917.314	14017.83
917.492	14073.13
917.669	13841.71
917.847	13751.6
918.024	14400.8
918.201	13827.37
918.379	13702.45
918.556	13821.23
918.733	14447.91
918.911	14132.52
919.088	13909.29
919.265	13325.62
919.442	13925.68
919.62	14062.89
919.797	13569.33
919.974	13253.94
920.151	14243.11
920.328	14021.93
920.506	13307.19
920.683	14017.83
920.86	13436.21
921.037	13665.58
921.214	13026.62
921.391	13112.63
921.568	13878.57
921.745	13215.03
921.922	13251.89
922.099	12879.16
922.276	13886.76
922.453	13436.21
922.63	13069.62
922.807	13581.62
922.984	13493.55
923.161	13253.94
923.338	13079.86
923.514	12840.25
923.691	13657.39
923.868	13952.3
924.045	12846.4
924.222	12621.12
924.399	13532.47
924.575	13305.14
924.752	12866.88
924.929	13040.95
925.105	13112.63
925.282	13004.09
925.459	12768.57
925.635	12746.05
925.812	13221.17
925.989	12961.08
926.165	12662.08
926.342	12299.59
926.518	12807.48
926.695	12627.26
926.871	12344.64
927.048	12195.14
927.224	12885.31
927.401	12207.43
927.577	12356.93
927.754	11912.52
927.93	12694.85
928.107	12731.71
928.283	11814.22
928.459	12074.31
928.636	12528.96
928.812	12395.84
928.988	11781.45
929.165	11519.31
929.341	12062.02
929.517	12291.4
929.693	12176.71
929.87	11429.2
930.046	12305.73
930.222	11740.49
930.398	11218.26
930.574	11566.42
930.751	11677.01
930.927	11607.37
931.103	11107.67
931.279	11171.16
931.455	11345.23
931.631	11400.53
931.807	10567.01
931.983	10667.36
932.159	10833.24
932.335	11173.21
932.511	10634.59
932.687	10558.81
932.863	11079
933.039	11130.2
933.215	10378.59
933.391	10329.44
933.566	10677.6
933.742	10986.84
933.918	10229.09
934.094	9993.58
934.27	10399.07
934.445	10042.73
934.621	10210.66
934.797	9545.07
934.973	10284.39
935.148	9856.36
935.324	9370.99
935.5	9174.39
935.675	9872.75
935.851	9672.04
936.027	9307.51
936.202	9262.45
936.378	9706.86
936.553	9276.79
936.729	9573.74
936.904	8531.33
937.08	8646.01
937.255	8678.78
937.431	8451.46
937.606	8103.3
937.782	8295.81
937.957	8543.61
938.133	8015.24
938.308	7681.42
938.483	8097.16
938.659	7867.78
938.834	7800.2
939.009	7304.59
939.185	7767.43
939.36	7300.5
939.535	6546.84
939.71	7194
939.886	7630.22
940.061	7171.47
940.236	7234.96
940.411	6989.21
940.586	7390.61
940.761	7042.45
940.937	6698.39
941.112	6383.01
941.287	6931.86
941.462	6673.82
941.637	6182.31
941.812	6587.8
941.987	6645.15
942.162	6692.25
942.337	6428.06
942.512	6135.2
942.687	6876.57
942.862	6583.71
943.037	5834.15
943.212	5703.08
943.386	6301.09
943.561	6231.46
943.736	6090.15
943.911	6559.13
944.086	6798.74
944.26	6299.04
944.435	5985.7
944.61	6296.99
944.785	6663.58
944.959	7064.98
945.134	5903.78
945.309	5887.4
945.483	5985.7
945.658	6374.81
945.833	5490.09
946.007	5690.79
946.182	6596
946.357	5987.75
946.531	5772.71
946.706	5911.97
946.88	5928.36
947.055	6573.47
947.229	5834.15
947.404	5920.17
947.578	6391.2
947.752	6317.47
947.927	5834.15
948.101	6006.18
948.276	7050.64
948.45	6563.23
948.624	6333.86
948.799	6014.37
948.973	6522.27
949.147	6374.81
949.321	5991.84
949.496	6141.35
949.67	6727.07
949.844	6413.73
950.018	6337.95
950.193	6213.03
950.367	7200.15
950.541	6376.86
950.715	6221.22
950.889	6485.41
951.063	6643.1
951.237	6755.74
951.411	6094.24
951.585	6256.03
951.759	6886.81
951.933	6956.44
952.107	6481.31
952.281	6804.89
952.455	7198.1
952.629	7024.02
952.803	6614.43
952.977	6448.54
953.151	7069.08
953.325	6835.61
953.499	6641.05
953.672	6251.94
953.846	6821.27
954.02	6682.01
954.194	6464.93
954.368	6571.42
954.541	7189.91
954.715	7034.26
954.889	6804.89
955.062	6589.85
955.236	6858.14
955.41	7245.2
955.583	7021.97
955.757	6651.29
955.93	7089.56
956.104	6837.66
956.278	6684.06
956.451	6892.95
956.625	7376.27
956.798	7441.81
956.972	7267.73
957.145	6751.64
957.319	7574.92
957.492	7263.63
957.665	7194
957.839	6606.24
958.012	7214.48
958.185	7128.47
958.359	6827.42
958.532	7013.78
958.705	7314.83
958.879	7222.67
959.052	7087.51
959.225	6690.2
959.398	7073.17
959.572	7124.37
959.745	6755.74
959.918	6819.22
960.091	7269.78
960.264	7409.04
960.438	6579.61
960.611	6555.04
960.784	7450
960.957	7161.23
961.13	7292.3
961.303	6712.73
961.476	7337.36
961.649	7703.95
961.822	6604.19
961.995	6913.43
962.168	7179.67
962.341	7546.25
962.514	6849.94
962.686	6864.28
962.859	7288.21
963.032	7349.65
963.205	6919.57
963.378	6548.89
963.551	7423.37
963.723	7210.39
963.896	7075.22
964.069	7062.93
964.242	7185.81
964.414	7644.56
964.587	6938.01
964.76	7028.12
964.932	7247.25
965.105	7361.94
965.278	6884.76
965.45	6788.5
965.623	7513.49
965.795	7480.72
965.968	6710.68
966.14	6727.07
966.313	7220.63
966.485	7247.25
966.658	6854.04
966.83	6720.92
967.003	7493.01
967.175	7333.26
967.348	6552.99
967.52	6624.67
967.692	7402.9
967.865	7359.89
968.037	6567.32
968.209	6948.25
968.382	7280.02
968.554	7200.15
968.726	6383.01
968.898	6346.14
969.071	7191.95
969.243	7128.47
969.415	6604.19
969.587	6788.5
969.759	7411.09
969.932	6989.21
970.104	6639
970.276	6026.66
970.448	6823.32
970.62	6802.84
970.792	6636.95
970.964	6673.82
971.136	7411.09
971.308	6817.18
971.48	6319.52
971.652	6301.09
971.824	7003.54
971.996	6501.79
972.168	6581.66
972.339	6643.1
972.511	6712.73
972.683	6759.83
972.855	6716.83
973.027	6190.5
973.199	7112.08
973.37	6890.9
973.542	6581.66
973.714	6471.07
973.886	6309.28
974.057	6747.55
974.229	6188.45
974.401	6237.6
974.572	6346.14
974.744	6135.2
974.915	5948.84
975.087	6170.02
975.259	6991.25
975.43	6303.14
975.602	6051.24
975.773	6104.48
975.945	6403.49
976.116	6833.56
976.288	5971.36
976.459	6436.25
976.63	6485.41
976.802	6569.37
976.973	5977.51
977.145	6374.81
977.316	7122.32
977.487	7265.68
977.659	6143.39
977.83	6139.3
978.001	6827.42
978.172	6380.96
978.344	5774.76
978.515	5920.17
978.686	6444.45
978.857	6989.21
979.028	5881.25
979.2	5891.49
979.371	6426.01
979.542	6059.43
979.713	5942.69
979.884	5346.73
980.055	6233.5
980.226	6215.07
980.397	5715.37
980.568	5711.27
980.739	6305.18
980.91	5934.5
981.081	5916.07
981.252	5504.43
981.423	6028.71
981.594	5889.45
981.765	5576.11
981.936	5662.12
982.106	5936.55
982.277	6131.11
982.448	5285.3
982.619	5709.22
982.79	5666.22
982.96	5993.89
983.131	5662.12
983.302	5195.18
983.472	5862.82
983.643	5971.36
983.814	5590.44
983.984	5270.96
984.155	5785
984.326	5911.97
984.496	5473.71
984.667	5262.77
984.837	5504.43
985.008	5942.69
985.178	5588.39
985.349	5334.45
985.519	5490.09
985.69	5264.82
985.86	5238.19
986.031	5158.32
986.201	5645.74
986.371	5621.16
986.542	5135.79
986.712	4969.91
986.882	5561.77
987.053	5572.01
987.223	4933.04
987.393	5277.1
987.563	5254.58
987.734	5617.07
987.904	5666.22
988.074	5008.82
988.244	5264.82
988.414	5262.77
988.585	4791.73
988.755	5287.34
988.925	5268.91
989.095	5803.43
989.265	4890.04
989.435	5211.57
989.605	5498.28
989.775	5608.87
989.945	5336.49
990.115	4720.06
990.285	5256.62
990.455	5270.96
990.625	5160.37
990.795	4648.38
990.965	5399.98
991.134	4978.1
991.304	4638.14
991.474	4642.23
991.644	4894.13
991.814	5273.01
991.984	4201.92
992.153	4433.34
992.323	4664.76
992.493	5035.44
992.662	4361.66
992.832	4650.43
993.002	4699.58
993.171	5076.4
993.341	4167.1
993.511	4273.6
993.68	4664.76
993.85	4914.61
994.019	4273.6
994.189	4183.49
994.358	4679.1
994.528	4697.53
994.697	3892.68
994.867	4203.97
995.036	4740.54
995.206	4691.38
995.375	4212.16
995.544	4421.05
995.714	5066.16
995.883	4492.73
996.052	4552.12
996.222	3839.43
996.391	4797.88
996.56	4541.88
996.73	4040.13
996.899	3718.6
997.068	5012.92
997.237	4603.32
997.406	3870.15
997.576	3810.76
997.745	4816.31
997.914	4124.1
998.083	3476.94
998.252	3907.01
998.421	4435.39
998.59	4218.3
998.759	3847.62
998.928	3526.09
999.097	4629.95
999.266	4347.33
999.435	4052.42
999.604	3360.2
999.773	4629.95
999.942	4189.63
1000.111	3403.21
1000.28	3448.27
1000.448	4107.71
1000.617	3915.2
1000.786	3751.37
1000.955	3347.92
1001.124	4273.6
1001.292	4746.68
1001.461	3470.8
1001.63	3249.61
1001.798	4220.35
1001.967	4033.99
1002.136	3376.59
1002.304	3356.11
1002.473	4232.64
1002.642	3808.71
1002.81	3343.82
1002.979	3411.4
1003.147	4203.97
1003.316	4142.53
1003.484	3278.29
1003.653	3329.49
1003.821	3925.44
1003.99	3681.74
1004.158	3689.93
1004.327	3536.33
1004.495	3837.38
1004.663	3771.85
1004.832	3528.14
1005	2991.57
1005.168	3847.62
1005.337	3628.49
1005.505	2932.18
1005.673	3630.54
1005.842	3853.77
1006.01	3605.96
1006.178	2954.71
1006.346	3124.69
1006.514	3548.62
1006.683	3976.64
1006.851	3050.96
1007.019	3411.4
1007.187	3419.6
1007.355	3153.36
1007.523	2762.2
1007.691	2690.52
1007.859	3339.73
1008.027	4050.37
1008.195	2811.35
1008.363	2659.8
1008.531	3306.96
1008.699	3476.94
1008.867	2622.94
1009.035	2827.73
1009.203	3696.07
1009.37	3364.3
1009.538	2680.28
1009.706	3655.11
1009.874	3317.2
1010.042	3335.63
1010.209	2500.06
1010.377	2534.87
1010.545	3368.4
1010.713	3300.81
1010.88	2733.53
1011.048	2729.43
1011.216	3098.06
1011.383	3462.6
1011.551	2493.91
1011.718	2508.25
1011.886	3315.15
1012.054	3196.37
1012.221	2442.71
1012.389	2387.42
1012.556	2958.8
1012.724	3315.15
1012.891	2577.88
1013.058	2098.66
1013.226	3165.65
1013.393	3042.77
1013.561	2328.03
1013.728	2139.62
1013.895	3208.66
1014.063	3040.72
1014.23	2129.38
1014.397	2325.98
1014.565	3132.88
1014.732	2807.25
1014.899	2123.23
1015.066	2127.33
1015.233	2907.6
1015.401	2987.47
1015.568	2270.69
1015.735	2428.38
1015.902	3057.11
1016.069	2979.28
1016.236	2248.16
1016.403	1969.63
1016.57	2473.43
1016.737	3163.6
1016.904	2131.42
1017.071	1965.54
1017.238	2608.6
1017.405	2860.5
1017.572	2147.81
1017.739	2491.87
1017.906	3032.53
1018.073	2956.75
1018.24	1971.68
1018.407	2313.69
1018.573	2799.06
1018.74	2770.39
1018.907	2031.07
1019.074	1832.42
1019.241	2754.01
1019.407	2594.26
1019.574	1947.11
1019.741	1779.17
1019.907	2926.04
1020.074	3036.63
1020.241	1660.39
1020.407	1725.93
1020.574	2391.52
1020.74	2459.1
1020.907	1750.5
1021.073	1742.31
1021.24	3057.11
1021.406	2575.83
1021.573	1633.77
1021.739	1809.89
1021.906	2641.37
1022.072	2166.24
1022.239	1746.41
1022.405	1844.71
1022.571	2336.22
1022.738	2229.73
1022.904	1588.71
1023.07	1885.67
1023.237	2364.89
1023.403	2438.62
1023.569	1629.67
1023.735	1764.84
1023.902	2229.73
1024.068	2373.08
1024.234	1492.46
1024.4	1557.99
1024.566	2115.04
1024.732	2305.5
1024.898	1705.45
1025.065	1228.27
1025.231	2096.61
1025.397	2182.62
1025.563	1682.92
1025.729	1500.65
1025.895	1601
1026.061	1773.03
1026.227	1287.66
1026.392	1557.99
1026.558	2190.81
1026.724	2360.8
1026.89	1404.39
1027.056	1639.91
1027.222	1836.52
1027.388	2047.46
1027.553	1426.92
1027.719	1463.79
1027.885	2416.09
1028.051	1938.91
1028.216	1074.67
1028.382	1373.68
1028.548	2074.08
1028.713	1916.39
1028.879	1123.82
1029.045	1531.37
1029.21	2244.06
1029.376	2143.71
1029.541	1265.13
1029.707	1340.91
1029.873	2127.33
1030.038	2002.4
1030.204	1275.37
1030.369	1275.37
1030.534	1895.91
1030.7	1754.6
1030.865	1373.68
1031.031	1146.35
1031.196	1910.24
1031.361	1906.15
1031.527	1127.92
1031.692	1215.98
1031.857	1543.66
1032.023	1871.33
1032.188	1148.4
1032.353	1215.98
1032.518	1992.16
1032.684	1734.12
1032.849	959.99
1033.014	1158.64
1033.179	1674.73
1033.344	1850.85
1033.509	1379.82
1033.674	1279.47
1033.839	1848.8
1034.004	1783.27
1034.17	1111.54
1034.335	876.02
1034.5	1637.86
1034.664	1535.46
1034.829	1089.01
1034.994	1336.81
1035.159	1445.35
1035.324	1787.36
1035.489	1097.2
1035.654	980.47
1035.819	2319.84
1035.984	1713.64
1036.148	1175.02
1036.313	1060.34
1036.478	1762.79
1036.643	1469.93
1036.807	1021.42
1036.972	1017.33
1037.137	2106.85
1037.301	1474.03
1037.466	650.74
1037.631	1084.91
1037.795	1678.82
1037.96	1482.22
1038.124	1269.23
1038.289	820.72
1038.454	1605.1
1038.618	1666.53
1038.783	1076.72
1038.947	941.55
1039.111	1258.99
1039.276	1517.03
1039.44	873.97
1039.605	1676.77
1039.769	1506.79
1039.933	1474.03
1040.098	951.79
1040.262	1209.84
1040.426	1773.03
1040.591	1568.23
1040.755	777.72
1040.919	763.38
1041.083	1705.45
1041.248	1297.9
1041.412	597.49
1041.576	634.36
1041.74	1322.48
1041.904	1390.06
1042.068	796.15
1042.232	822.77
1042.397	1709.54
1042.561	1353.2
1042.725	583.16
1042.889	886.26
1043.053	1390.06
1043.217	1230.32
1043.381	812.53
1043.544	595.45
1043.708	1465.83
1043.872	1066.48
1044.036	486.9
1044.2	570.87
1044.364	1557.99
1044.528	1641.96
1044.691	3847.62
1044.855	609.78
1045.019	1316.33
1045.183	1531.37
1045.346	693.75
1045.51	534.01
1045.674	1402.35
1045.837	1355.24
1046.001	632.31
1046.165	683.51
1046.328	1775.08
1046.492	1107.44
1046.655	888.31
1046.819	777.72
1046.983	1125.87
1047.146	1043.95
1047.31	779.76
1047.473	400.89
1047.636	1136.11
1047.8	1152.49
1047.963	697.85
1048.127	495.1
1048.29	994.8
