345.52	-1341.25
345.736	-1341.25
345.952	-1341.25
346.168	-1386.3
346.384	-1337.15
346.6	-218.96
346.816	-243.54
347.032	-182.1
347.248	528.55
347.464	-313.17
347.68	-169.81
347.896	-59.22
348.112	387.24
348.328	-155.47
348.544	20.65
348.76	168.1
348.975	237.74
349.191	-347.98
349.407	-429.9
349.623	192.68
349.839	178.34
350.055	-214.87
350.27	16.55
350.486	194.73
350.702	245.93
350.918	401.57
351.133	-98.13
351.349	245.93
351.565	518.31
351.781	-423.76
351.996	24.75
352.212	317.61
352.428	184.49
352.644	-319.31
352.859	-270.16
353.075	305.32
353.291	75.95
353.506	-89.94
353.722	-307.02
353.938	0.17
354.153	522.4
354.369	280.74
354.584	-270.16
354.8	190.63
355.016	4.27
355.231	-321.36
355.447	-36.69
355.662	448.68
355.878	747.68
356.093	-403.28
356.309	-57.17
356.524	-10.07
356.74	632.99
356.955	-352.08
357.171	-100.18
357.386	223.4
357.602	10.41
357.817	-59.22
358.033	-96.08
358.248	506.02
358.464	309.41
358.679	-143.19
358.895	-384.85
359.11	80.04
359.325	256.17
359.541	116.9
359.756	-16.21
359.972	-151.38
360.187	549.03
360.402	-235.35
360.618	-135
360.833	1575.06
361.048	204.97
361.264	-169.81
361.479	2.22
361.694	227.5
361.909	336.04
362.125	-296.78
362.34	-147.28
362.555	407.72
362.77	321.7
362.986	-386.9
363.201	-178
363.416	391.33
363.631	182.44
363.847	-270.16
364.062	-186.19
364.277	200.87
364.492	114.86
364.707	-251.73
364.922	-370.51
365.138	309.41
365.353	473.25
365.568	-356.18
365.783	-73.56
365.998	571.55
366.213	755.87
366.428	-247.63
366.643	235.69
366.858	409.76
367.073	317.61
367.288	-102.23
367.503	-196.43
367.718	170.15
367.933	630.95
368.148	-288.59
368.363	49.32
368.578	280.74
368.793	600.23
369.008	-44.88
369.223	-296.78
369.438	319.65
369.653	389.28
369.868	-325.46
370.083	-321.36
370.298	336.04
370.513	577.7
370.728	202.92
370.943	-178
371.157	45.23
371.372	751.78
371.587	-319.31
371.802	-399.18
372.017	293.03
372.232	612.51
372.446	63.66
372.661	-157.52
372.876	221.35
373.091	432.29
373.306	-51.03
373.52	-300.88
373.735	170.15
373.95	696.48
374.165	-165.71
374.379	-122.71
374.594	41.13
374.809	575.65
375.023	241.83
375.238	-206.67
375.453	432.29
375.667	100.52
375.882	-137.04
376.097	-247.63
376.311	153.77
376.526	411.81
376.741	-304.98
376.955	442.53
377.17	639.14
377.384	1157.27
377.599	155.82
377.813	-345.94
378.028	862.37
378.242	444.58
378.457	-10.07
378.672	-253.78
378.886	178.34
379.101	213.16
379.315	-329.55
379.53	-65.36
379.744	579.75
379.958	432.29
380.173	-63.32
380.387	-190.29
380.602	428.2
380.816	125.1
381.031	-3.93
381.245	-116.56
381.459	368.81
381.674	3424.37
381.888	-221.01
382.103	395.43
382.317	262.31
382.531	608.42
382.746	39.08
382.96	-128.85
383.174	270.5
383.388	864.41
383.603	266.41
383.817	-255.83
384.031	317.61
384.246	673.95
384.46	135.34
384.674	1050.78
384.888	192.68
385.103	501.92
385.317	-286.54
385.531	176.3
385.745	1026.2
385.959	538.79
386.174	-190.29
386.388	-106.32
386.602	329.89
386.816	182.44
387.03	84.14
387.244	-24.4
387.458	555.17
387.672	596.13
387.887	-343.89
388.101	-116.56
388.315	598.18
388.529	415.91
388.743	6.31
388.957	-98.13
389.171	802.97
389.385	135.34
389.599	-157.52
389.813	196.78
390.027	399.52
390.241	972.96
390.455	84.14
390.669	112.81
390.883	415.91
391.097	802.97
391.311	399.52
391.525	-40.79
391.738	805.02
391.952	762.02
392.166	196.78
392.38	-173.91
392.594	676
392.808	553.12
393.022	14.51
393.236	123.05
393.449	409.76
393.663	743.58
393.877	8.36
394.091	174.25
394.305	338.09
394.518	327.85
394.732	-124.76
394.946	80.04
395.16	1038.49
395.373	491.68
395.587	14.51
395.801	-1.88
396.015	573.6
396.228	587.94
396.442	-73.56
396.656	-198.48
396.869	669.86
397.083	958.62
397.297	180.39
397.51	114.86
397.724	522.4
397.938	589.99
398.151	-122.71
398.365	-38.74
398.578	772.25
398.792	905.37
399.005	350.37
399.219	88.23
399.433	618.66
399.646	762.02
399.86	522.4
400.073	485.54
400.287	546.98
400.5	569.51
400.714	430.24
400.927	340.13
401.141	878.75
401.354	2115.72
401.567	776.35
401.781	-67.41
401.994	669.86
402.208	1126.55
402.421	243.88
402.635	123.05
402.848	350.37
403.061	784.54
403.275	211.11
403.488	30.89
403.701	882.85
403.915	919.71
404.128	491.68
404.341	247.97
404.555	1132.7
404.768	444.58
404.981	436.39
405.195	198.82
405.408	870.56
405.621	891.04
405.834	491.68
406.048	98.47
406.261	833.69
406.474	932
406.687	194.73
406.9	430.24
407.114	778.4
407.327	964.76
407.54	39.08
407.753	-98.13
407.966	503.97
408.179	645.28
408.392	194.73
408.605	57.51
408.819	835.74
409.032	913.56
409.245	219.3
409.458	561.31
409.671	725.15
409.884	932
410.097	90.28
410.31	620.71
410.523	1138.84
410.736	551.07
410.949	358.57
411.162	303.27
411.375	907.42
411.588	872.61
411.801	514.21
412.014	192.68
412.227	622.75
412.44	772.25
412.653	370.85
412.865	729.25
413.078	989.34
413.291	983.2
413.504	520.35
413.717	157.86
413.93	1110.17
414.143	673.95
414.356	596.13
414.568	164.01
414.781	852.13
414.994	940.19
415.207	579.75
415.42	614.56
415.632	835.74
415.845	1417.37
416.058	180.39
416.271	286.89
416.483	997.53
416.696	1144.99
416.909	475.3
417.121	336.04
417.334	876.7
417.547	1173.66
417.759	415.91
417.972	368.81
418.185	784.54
418.397	919.71
418.61	471.2
418.823	428.2
419.035	1253.53
419.248	940.19
419.46	491.68
419.673	567.46
419.885	739.49
420.098	991.39
420.311	534.69
420.523	213.16
420.736	1122.46
420.948	977.05
421.161	702.62
421.373	270.5
421.586	923.8
421.798	723.1
422.01	264.36
422.223	772.25
422.435	729.25
422.648	1314.97
422.86	383.14
423.073	614.56
423.285	1024.16
423.497	809.12
423.71	426.15
423.922	673.95
424.134	1214.62
424.347	1472.66
424.559	952.48
424.771	1243.29
424.984	1132.7
425.196	1212.57
425.408	364.71
425.621	432.29
425.833	1329.3
426.045	1427.6
426.257	544.93
426.47	792.73
426.682	1067.16
426.894	1046.68
427.106	628.9
427.318	845.98
427.531	1122.46
427.743	1292.44
427.955	917.66
428.167	1474.71
428.379	1144.99
428.591	1065.11
428.804	882.85
429.016	706.72
429.228	1245.34
429.44	1333.4
429.652	14141.39
429.864	575.65
430.076	1202.33
430.288	1269.91
430.5	936.09
430.712	1007.77
430.924	1382.55
431.136	1390.74
431.348	702.62
431.56	741.54
431.772	1009.82
431.984	1099.93
432.196	684.19
432.408	901.28
432.62	1161.37
432.832	1581.2
433.044	1321.11
433.256	1147.03
433.468	1349.78
433.679	1140.89
433.891	739.49
434.103	1218.71
434.315	1810.58
434.527	1384.6
434.739	1157.27
434.95	1052.83
435.162	1478.8
435.374	1140.89
435.586	1058.97
435.798	1015.96
436.009	1400.98
436.221	1345.69
436.433	1097.88
436.645	1067.16
436.856	1310.87
437.068	1818.77
437.28	962.72
437.491	1407.13
437.703	1681.55
437.915	1540.24
438.126	1054.87
438.338	1654.93
438.55	1317.01
438.761	1429.65
438.973	1144.99
439.184	1187.99
439.396	1415.32
439.608	1579.15
439.819	1118.36
440.031	1226.9
440.242	1802.38
440.454	1736.85
440.665	1286.3
440.877	1452.18
441.088	1976.46
441.3	1894.54
441.511	950.43
441.723	1286.3
441.934	2214.02
442.146	1839.25
442.357	1464.47
442.569	1761.42
442.78	1972.36
442.991	2367.62
443.203	1861.77
443.414	1378.45
443.626	2103.43
443.837	1742.99
444.048	1319.06
444.26	1130.65
444.471	1947.79
444.682	1804.43
444.894	1202.33
445.105	1288.34
445.316	2246.79
445.528	2037.9
445.739	1505.43
445.95	1515.67
446.161	1734.8
446.373	1996.94
446.584	1575.06
446.795	1489.04
447.006	2232.46
447.217	2171.02
447.429	1349.78
447.64	1294.49
447.851	2805.89
448.062	2236.55
448.273	1413.27
448.484	1407.13
448.695	2009.23
448.907	2068.62
449.118	1646.74
449.329	1931.41
449.54	1869.97
449.751	1839.25
449.962	1548.44
450.173	1552.53
450.384	2175.11
450.595	2326.66
450.806	1638.55
451.017	1618.07
451.228	2386.05
451.439	2205.83
451.65	1579.15
451.861	1362.07
452.072	1984.65
452.283	2234.5
452.494	1980.56
452.705	1706.13
452.915	2705.54
453.126	2277.51
453.337	1955.98
453.548	1788.05
453.759	2644.1
453.97	2627.71
454.181	2449.54
454.391	1886.35
454.602	2467.97
454.813	2908.29
455.024	2105.48
455.235	1751.18
455.445	2615.43
455.656	2433.16
455.867	2158.73
456.078	1849.49
456.288	2152.59
456.499	2846.85
456.71	1974.41
456.921	2390.15
457.131	2543.75
457.342	2451.59
457.553	2068.62
457.763	2101.39
457.974	2594.95
458.184	2779.26
458.395	2130.06
458.606	1968.27
458.816	2926.72
459.027	3051.64
459.237	2390.15
459.448	2230.41
459.659	2846.85
459.869	3661.94
460.08	2087.05
460.29	2590.85
460.501	3233.91
460.711	2965.63
460.922	2156.68
461.132	2449.54
461.343	3745.91
461.553	2623.62
461.764	2365.57
461.974	2361.48
462.184	3219.58
462.395	3225.72
462.605	2613.38
462.816	2328.71
463.026	3350.65
463.236	3225.72
463.447	2508.93
463.657	2617.47
463.867	3385.46
464.078	3225.72
464.288	2762.88
464.498	2973.82
464.709	3301.5
464.919	3438.71
465.129	2834.56
465.339	2840.7
465.55	3428.47
465.76	3647.6
465.97	2869.37
466.18	3106.94
466.391	3631.22
466.601	3586.16
466.811	3090.56
467.021	2795.65
467.231	3885.17
467.441	3831.92
467.651	3207.29
467.862	2891.9
468.072	3838.06
468.282	3983.47
468.492	3180.67
468.702	3577.97
468.912	3967.09
469.122	4843.62
469.332	3850.35
469.542	3397.75
469.752	4366.44
469.962	4196.46
470.172	3682.42
470.382	3539.06
470.592	4388.97
470.802	4448.36
471.012	3889.26
471.222	3809.39
471.432	4468.84
471.642	4481.13
471.852	4161.64
472.062	3793.01
472.272	4724.83
472.482	4302.95
472.691	4135.02
472.901	4071.53
473.111	4522.09
473.321	5384.28
473.531	4075.63
473.741	4499.56
473.95	5085.28
474.16	5144.67
474.37	4851.81
474.58	4313.19
474.79	5787.73
474.999	5345.37
475.209	4528.23
475.419	4798.56
475.628	5361.75
475.838	5822.55
476.048	5116
476.258	4704.35
476.467	5679.19
476.677	5527.64
476.886	5390.42
477.096	5390.42
477.306	5759.06
477.515	5830.74
477.725	5613.65
477.935	5726.29
478.144	6598.73
478.354	5761.11
478.563	5679.19
478.773	5566.55
478.982	6340.68
479.192	6488.14
479.401	5861.46
479.611	5765.2
479.82	6207.56
480.03	6606.92
480.239	6013.01
480.449	5863.51
480.658	6932.54
480.868	6998.08
481.077	6576.2
481.287	6371.4
481.496	6899.78
481.705	7352.38
481.915	7262.27
482.124	6783.04
482.333	7278.65
482.543	7688.25
482.752	7065.66
482.961	6674.5
483.171	7536.7
483.38	7280.7
483.589	7071.81
483.799	6985.79
484.008	7657.53
484.217	7530.55
484.426	7405.63
484.636	7163.97
484.845	8003.63
485.054	7684.15
485.263	7974.96
485.472	7465.02
485.682	8398.89
485.891	8233.01
486.1	7260.22
486.309	7886.9
486.518	8706.09
486.727	9283.61
486.936	7649.33
487.146	8210.48
487.355	8884.26
487.564	8470.57
487.773	8226.86
487.982	8200.24
488.191	8771.62
488.4	9248.8
488.609	8486.95
488.818	8656.93
489.027	9396.25
489.236	9238.56
489.445	8726.57
489.654	8595.5
489.863	9611.29
490.072	9289.76
490.281	9666.58
490.49	9220.13
490.698	9832.47
490.907	10348.56
491.116	9138.21
491.325	9218.08
491.534	10108.94
491.743	9787.41
491.952	9324.57
492.16	9746.45
492.369	10190.86
492.578	10358.8
492.787	9617.43
492.996	9455.64
493.204	10250.25
493.413	10876.93
493.622	9504.79
493.831	9574.42
494.039	10829.83
494.248	10283.02
494.457	9955.35
494.665	9730.07
494.874	10657.8
495.083	11597.82
495.291	10240.01
495.5	10164.24
495.709	10944.52
495.917	10756.1
496.126	10369.04
496.335	10352.65
496.543	10967.04
496.752	11116.55
496.96	11122.69
497.169	10618.89
497.377	11239.42
497.586	11671.54
497.794	11042.82
498.003	10508.3
498.211	11345.92
498.42	11679.74
498.628	11200.51
498.837	10987.52
499.045	11716.6
499.254	11749.37
499.462	11083.78
499.671	11393.02
499.879	12767.21
500.087	11982.84
500.296	11347.97
500.504	11173.89
500.713	11962.36
500.921	12560.36
501.129	11372.54
501.338	11362.3
501.546	12492.78
501.754	12136.43
501.962	11694.07
502.171	11513.85
502.379	12451.82
502.587	12691.43
502.795	12095.47
503.004	11835.38
503.212	12775.4
503.42	12816.36
503.628	12181.49
503.837	12144.63
504.045	12652.52
504.253	13293.54
504.461	12298.22
504.669	12222.45
504.877	13604.83
505.085	12998.63
505.294	12054.51
505.502	12466.16
505.71	13404.13
505.918	12945.38
506.126	12146.67
506.334	12578.79
506.542	13158.37
506.75	13375.45
506.958	13127.65
507.166	12552.17
507.374	12922.85
507.582	13758.42
507.79	12949.48
507.998	12840.93
508.206	13850.58
508.414	13563.87
508.622	13074.4
508.83	13019.11
509.037	13905.88
509.245	13221.86
509.453	13062.12
509.661	13072.36
509.869	13844.44
510.077	13537.24
510.285	13555.68
510.492	12900.33
510.7	14350.29
510.908	14006.23
511.116	13449.18
511.324	13141.99
511.531	13977.56
511.739	14278.61
511.947	13834.2
512.155	14114.77
512.362	14276.56
512.57	13993.94
512.778	13440.99
512.985	13348.83
513.193	14323.66
513.401	14741.45
513.608	13783
513.816	14120.92
514.024	14591.95
514.231	14434.25
514.439	14053.33
514.646	14098.39
514.854	14974.92
515.061	14600.14
515.269	14426.06
515.477	14309.33
515.684	14585.8
515.892	15095.75
516.099	14125.01
516.307	14032.85
516.514	15390.66
516.722	15663.04
516.929	14444.49
517.136	14462.93
517.344	15140.8
517.551	15120.32
517.759	14378.96
517.966	14682.06
518.173	15112.13
518.381	15505.34
518.588	14784.46
518.796	14708.68
519.003	15460.29
519.21	15540.16
519.418	14751.69
519.625	15290.31
519.832	15652.8
520.039	15724.47
520.247	14782.41
520.454	15036.36
520.661	15994.81
520.868	15763.39
521.076	15208.39
521.283	15189.95
521.49	16611.25
521.697	15894.46
521.904	15574.97
522.112	15366.08
522.319	16617.39
522.526	16215.99
522.733	15464.38
522.94	15521.73
523.147	16226.23
523.354	15904.7
523.561	15366.08
523.768	15769.53
523.975	16619.44
524.183	16312.24
524.39	16428.98
524.597	15562.69
524.804	16625.58
525.011	16531.37
525.218	15935.42
525.425	16103.35
525.632	17254.31
525.838	16467.89
526.045	16084.92
526.252	16185.27
526.459	18714.51
526.666	18587.54
526.873	16330.67
527.08	16525.23
527.287	17178.53
527.494	17143.72
527.701	16168.88
527.907	16160.69
528.114	17377.19
528.321	17244.07
528.528	16924.58
528.735	16875.43
528.941	17153.96
529.148	17133.48
529.355	17041.32
529.562	16756.65
529.768	18225.04
529.975	17287.07
530.182	16963.5
530.388	16867.24
530.595	17743.77
530.802	17223.59
531.008	17545.12
531.215	17057.7
531.422	18638.73
531.628	18845.58
531.835	17387.43
532.042	17614.75
532.248	18368.4
532.455	18169.75
532.661	17592.22
532.868	17471.39
533.074	18044.82
533.281	18503.57
533.487	17694.62
533.694	17577.89
533.9	18454.42
534.107	18145.17
534.313	17514.4
534.52	17807.26
534.726	18503.57
534.933	18937.74
535.139	17495.97
535.345	17786.78
535.552	19056.52
535.758	18792.33
535.965	17835.93
536.171	18022.3
536.377	18708.37
536.584	19539.84
536.79	18243.48
536.996	18491.28
537.203	19322.76
537.409	19478.4
537.615	18194.33
537.821	18552.72
538.028	19838.84
538.234	19154.82
538.44	18769.8
538.646	18857.87
538.853	19007.37
539.059	19068.81
539.265	19453.83
539.471	18616.21
539.677	19376
539.883	19572.61
540.09	20868.97
540.296	19550.08
540.502	19691.39
540.708	19734.4
540.914	19457.92
541.12	19144.58
541.326	20180.85
541.532	20090.74
541.738	19470.21
541.944	19308.42
542.15	20225.91
542.356	19785.6
542.562	19554.18
542.768	19408.77
542.974	20549.49
543.18	20705.13
543.386	19797.88
543.592	19652.48
543.798	21034.86
544.004	20559.73
544.21	19726.21
544.415	20080.5
544.621	20727.66
544.827	21180.26
545.033	19918.71
545.239	20289.4
545.445	20631.41
545.651	20574.06
545.856	19992.44
546.062	20109.18
546.268	21008.23
546.474	20932.46
546.679	20045.69
546.885	20404.08
547.091	20836.2
547.297	21331.81
547.502	20701.04
547.708	19955.58
547.914	20799.34
548.119	21466.98
548.325	20049.78
548.531	20055.93
548.736	21503.84
548.942	20873.07
549.147	20428.66
549.353	20934.51
549.559	21821.28
549.764	21641.06
549.97	20092.79
550.175	20844.4
550.381	21280.61
550.586	21036.91
550.792	21008.23
550.997	20780.91
551.203	21731.17
551.408	21788.51
551.614	21022.57
551.819	21051.24
552.025	21903.2
552.23	21741.41
552.435	20858.73
552.641	21679.97
552.846	21819.23
553.052	22669.14
553.257	21589.86
553.462	21559.14
553.668	21923.68
553.873	22290.26
554.078	21454.69
554.283	21473.12
554.489	22603.6
554.694	22480.72
554.899	21808.99
555.105	22105.95
555.31	22499.16
555.515	22673.23
555.72	22038.36
555.925	23109.45
556.131	22855.5
556.336	22380.37
556.541	22030.17
556.746	21591.91
556.951	23091.02
557.156	22716.24
557.361	22237.02
557.567	22859.6
557.772	23269.19
557.977	23304.01
558.182	22429.52
558.387	22187.86
558.592	22615.89
558.797	23240.52
559.002	22234.97
559.207	22482.77
559.412	23078.73
559.617	23267.14
559.822	22191.96
560.027	22290.26
560.232	22798.16
560.437	23109.45
560.642	22214.49
560.847	22818.64
561.051	23062.35
561.256	23318.34
561.461	22683.47
561.666	22237.02
561.871	23344.97
562.076	23572.29
562.281	22716.24
562.485	22595.41
562.69	23842.62
562.895	23535.43
563.1	22710.1
563.305	22468.44
563.509	23684.93
563.714	24031.04
563.919	22943.56
564.123	23232.33
564.328	23441.22
564.533	24282.94
564.737	23019.34
564.942	23265.1
565.147	24239.93
565.351	24330.04
565.556	23027.53
565.761	23342.92
565.965	24250.17
566.17	23727.94
566.374	23373.64
566.579	23367.49
566.784	23904.06
566.988	24033.08
567.193	22894.41
567.397	23523.14
567.602	24063.8
567.806	23783.23
568.011	23414.6
568.215	23385.93
568.42	24041.28
568.624	24143.67
568.828	23742.27
569.033	23621.44
569.237	24336.18
569.442	24479.54
569.646	23361.35
569.85	23691.07
570.055	24327.99
570.259	24893.23
570.463	24377.14
570.668	23918.4
570.872	24483.64
571.076	24817.46
571.281	24180.54
571.485	24196.92
571.689	25003.82
571.893	24915.76
572.098	24309.56
572.302	24270.65
572.506	24659.76
572.71	24764.21
572.914	24205.11
573.119	24117.05
573.323	25071.4
573.527	25319.21
573.731	24467.25
573.935	24250.17
574.139	24940.33
574.343	24952.62
574.547	24618.8
574.751	24622.9
574.955	25323.3
575.159	25300.78
575.364	24622.9
575.568	24704.82
575.772	25294.63
575.976	25296.68
576.18	24305.46
576.383	25022.25
576.587	25650.98
576.791	25626.4
576.995	24479.54
577.199	24665.91
577.403	25343.78
577.607	25675.55
577.811	24983.34
578.015	25095.98
578.219	25827.1
578.422	25784.1
578.626	25204.52
578.83	25706.27
579.034	25837.34
579.238	26079
579.442	25388.84
579.645	25808.67
579.849	26019.61
580.053	26238.75
580.257	25429.8
580.46	25530.15
580.664	26421.02
580.868	26267.42
581.071	26154.78
581.275	25911.07
581.479	25538.34
581.682	27035.41
581.886	25253.67
582.09	25786.15
582.293	26697.49
582.497	26728.21
582.7	26054.43
582.904	25749.28
583.107	26474.26
583.311	26550.04
583.515	25857.82
583.718	26027.81
583.922	26859.28
584.125	27473.67
584.329	26044.19
584.532	26097.44
584.735	27477.77
584.939	26720.02
585.142	26113.82
585.346	26392.34
585.549	26994.45
585.753	26922.77
585.956	26259.23
586.159	26541.85
586.363	27412.23
586.566	27162.38
586.769	26124.06
586.973	26429.21
587.176	27137.8
587.379	27123.47
587.582	26812.18
587.786	26640.15
587.989	27514.63
588.192	28241.66
588.395	26971.92
588.599	27338.51
588.802	27238.16
589.005	27299.59
589.208	27242.25
589.411	27178.76
589.615	27426.57
589.818	28249.85
590.021	27537.16
590.224	27514.63
590.427	28329.72
590.63	28133.12
590.833	27264.78
591.036	27283.21
591.239	28079.87
591.442	27549.45
591.645	27649.8
591.848	27100.94
592.051	28264.19
592.254	27948.8
592.457	27465.48
592.66	27629.32
592.863	28190.46
593.066	28661.49
593.269	27725.57
593.472	27799.3
593.675	28284.67
593.878	28354.3
594.081	27969.28
594.284	27369.23
594.486	28858.1
594.689	28579.57
594.892	27924.22
595.095	28165.88
595.298	28561.14
595.5	28370.68
595.703	28702.45
595.906	28221.18
596.109	28628.73
596.311	28722.93
596.514	27719.43
596.717	28563.19
596.92	29296.36
597.122	29232.88
597.325	27956.99
597.528	28286.72
597.73	29845.22
597.933	29304.56
598.136	28448.5
598.338	28073.73
598.541	29314.8
598.743	29724.39
598.946	28505.85
599.148	28763.89
599.351	29482.73
599.554	29517.54
599.756	28575.48
599.959	28745.46
600.161	29538.02
600.363	30125.79
600.566	28616.44
600.768	28786.42
600.971	29359.85
601.173	29355.75
601.376	29122.29
601.578	29050.61
601.78	29400.81
601.983	29718.25
602.185	28712.69
602.388	29435.63
602.59	29318.89
602.792	29517.54
602.995	29177.58
603.197	29161.2
603.399	30033.63
603.601	30236.38
603.804	29474.54
604.006	29368.04
604.208	29519.59
604.41	29693.67
604.613	29449.96
604.815	29120.24
605.017	30047.97
605.219	29513.45
605.421	30547.67
605.623	29277.93
605.826	30744.28
606.028	30609.11
606.23	29345.51
606.432	28944.11
606.634	30007.01
606.836	29984.48
607.038	29576.94
607.24	29382.38
607.442	30033.63
607.644	30471.9
607.846	29806.31
608.048	29636.33
608.25	30404.31
608.452	30113.5
608.654	29990.63
608.856	29054.7
609.058	29910.75
609.26	30213.85
609.462	29546.22
609.664	29660.9
609.866	30484.19
610.067	30299.87
610.269	29832.93
610.471	29626.09
610.673	30271.2
610.875	30375.64
611.077	29497.06
611.278	30301.92
611.48	30398.17
611.682	30961.36
611.884	30250.72
612.085	29576.94
612.287	30041.82
612.489	29980.39
612.69	29816.55
612.892	30050.02
613.094	30930.64
613.295	30211.81
613.497	29642.47
613.699	29974.24
613.9	30682.84
614.102	30258.91
614.304	29585.13
614.505	29691.62
614.707	30289.63
614.908	30351.07
615.11	29642.47
615.311	30000.86
615.513	30363.36
615.714	30287.58
615.916	29779.68
616.117	29832.93
616.319	30410.46
616.52	30516.95
616.722	29810.4
616.923	30160.61
617.124	31071.95
617.326	30715.61
617.527	30351.07
617.729	30482.14
617.93	31061.71
618.131	31207.12
618.333	30062.3
618.534	30496.47
618.735	30832.34
618.937	31286.99
619.138	30080.74
619.339	29761.25
619.54	30836.44
619.742	30875.35
619.943	30338.78
620.144	30742.23
620.345	31289.04
620.546	30908.12
620.748	30373.6
620.949	30504.67
621.15	30955.22
621.351	30891.73
621.552	30289.63
621.753	30121.7
621.954	30775
622.155	31127.25
622.356	30138.08
622.558	30408.41
622.759	31467.21
622.96	31332.04
623.161	30250.72
623.362	30226.14
623.563	31094.48
623.764	30873.3
623.965	30746.33
624.166	31385.29
624.366	30736.09
624.567	31155.92
624.768	30043.87
624.969	30389.98
625.17	30486.23
625.371	31098.58
625.572	30783.19
625.773	30432.99
625.973	31360.72
626.174	31477.45
626.375	30805.72
626.576	30887.64
626.777	31401.68
626.977	31461.07
627.178	30791.38
627.379	30641.88
627.58	31180.49
627.78	31280.85
627.981	30224.09
628.182	30838.48
628.382	31530.7
628.583	31217.36
628.784	30955.22
628.984	31024.85
629.185	31751.88
629.386	31852.23
629.586	31348.43
629.787	31098.58
629.987	31813.32
630.188	31862.47
630.388	31014.61
630.589	31405.77
630.79	32286.4
630.99	31129.3
631.191	31196.88
631.391	31448.78
631.591	31438.54
631.792	31950.53
631.992	31729.35
632.193	31426.25
632.393	32085.7
632.594	31538.89
632.794	30815.96
632.994	31266.51
633.195	31411.92
633.395	31669.96
633.595	30906.07
633.796	31360.72
633.996	31719.11
634.196	31807.17
634.397	31246.03
634.597	31323.85
634.797	31436.49
634.997	31944.39
635.198	31416.01
635.398	30938.83
635.598	32005.83
635.798	31551.18
635.998	31190.73
636.199	31143.63
636.399	31483.59
636.599	31610.57
636.799	31305.42
636.999	31907.52
637.199	31657.67
637.399	32655.03
637.599	31655.62
637.799	31450.83
637.999	32317.12
638.199	32714.42
638.399	31975.11
638.599	31958.72
638.799	32323.26
638.999	32450.24
639.199	31751.88
639.399	31977.15
639.599	32446.14
639.799	31995.59
639.999	31225.55
640.199	31786.69
640.399	32257.73
640.599	31850.18
640.799	32149.18
640.998	31747.78
641.198	32407.23
641.398	32341.69
641.598	31952.58
641.798	31710.92
641.997	33144.5
642.197	31979.2
642.397	31964.87
642.597	31602.38
642.796	32476.86
642.996	32247.49
643.196	32087.75
643.395	31592.14
643.595	32800.44
643.795	32274.11
643.994	31966.91
644.194	31833.8
644.394	32798.39
644.593	32476.86
644.793	32368.32
644.992	32038.59
645.192	32599.74
645.392	32081.6
645.591	32351.93
645.791	32220.86
645.99	32810.68
646.19	32308.93
646.389	32050.88
646.589	32085.7
646.788	32822.97
646.987	32493.24
647.187	33025.71
647.386	32540.35
647.586	32812.73
647.785	33033.91
647.984	32317.12
648.184	32487.1
648.383	32693.94
648.582	32714.42
648.782	32345.79
648.981	32507.58
649.18	32419.52
649.38	32829.11
649.579	32857.78
649.778	32399.04
649.977	33349.29
650.177	33195.7
650.376	32712.38
650.575	32310.97
650.774	32960.18
650.973	32882.36
651.173	32083.65
651.372	32632.5
651.571	32812.73
651.77	33175.22
651.969	32487.1
652.168	32827.06
652.367	33156.78
652.566	32931.51
652.765	32683.7
652.964	33687.21
653.163	33552.04
653.362	33310.38
653.561	32270.01
653.76	33121.97
653.959	33289.9
654.158	33556.14
654.357	33052.34
654.556	32480.96
654.755	33207.98
654.954	33332.91
655.153	33189.55
655.352	33500.84
655.551	33482.41
655.749	33541.8
655.948	32986.8
656.147	33167.02
656.346	33382.06
656.545	33392.3
656.743	32974.52
656.942	33117.87
657.141	33318.57
657.34	33433.26
657.538	32720.57
657.737	33105.59
657.936	33857.19
658.135	33429.16
658.333	33406.64
658.532	33636.01
658.731	33818.28
658.929	33474.22
659.128	33312.43
659.326	32941.75
659.525	33851.05
659.724	33697.45
659.922	32491.19
660.121	33103.54
660.319	33805.99
660.518	33425.07
660.716	33504.94
660.915	33095.35
661.113	34268.83
661.312	33560.23
661.51	33224.37
661.709	32792.25
661.907	33840.81
662.105	33875.62
662.304	32962.23
662.502	33488.56
662.701	33990.31
662.899	33408.68
663.097	33765.03
663.296	33101.49
663.494	33754.79
663.692	33943.2
663.891	33076.91
664.089	32769.72
664.287	33834.66
664.485	34053.8
664.684	33320.62
664.882	33201.84
665.08	33439.4
665.278	33971.88
665.476	33029.81
665.675	33431.21
665.873	33955.49
666.071	33953.44
666.269	33269.42
666.467	33423.02
666.665	34135.71
666.863	33451.69
667.061	33072.82
667.259	33201.84
667.457	33975.97
667.655	33650.35
667.853	32767.67
668.051	33263.28
668.249	32913.08
668.447	33779.37
668.645	32820.92
668.843	33654.44
669.041	34002.6
669.239	33443.5
669.437	33429.16
669.635	33930.92
669.833	33691.3
670.031	33511.08
670.229	33119.92
670.426	33599.15
670.624	33455.79
670.822	33771.18
671.02	33484.46
671.218	33359.53
671.415	33506.99
671.613	33656.49
671.811	33470.12
672.009	33457.84
672.206	33947.3
672.404	33613.48
672.602	33322.67
672.799	33547.95
672.997	33535.66
673.195	33978.02
673.392	33216.18
673.59	32775.86
673.788	33246.9
673.985	32646.84
674.183	32974.52
674.38	32759.48
674.578	33273.52
674.775	33105.59
674.973	32454.33
675.17	32757.43
675.368	33308.33
675.565	33173.17
675.763	33058.48
675.96	33097.39
676.158	33433.26
676.355	33320.62
676.553	33212.08
676.75	33081.01
676.947	33236.66
677.145	33294
677.342	33115.83
677.539	33359.53
677.737	33734.31
677.934	33726.12
678.131	33468.08
678.329	33330.86
678.526	33773.22
678.723	33676.97
678.92	33509.04
679.118	32632.5
679.315	32906.93
679.512	33660.59
679.709	33222.32
679.906	32851.64
680.104	33543.85
680.301	33097.39
680.498	32415.42
680.695	32679.61
680.892	33222.32
681.089	33171.12
681.286	32825.01
681.483	32235.2
681.68	33103.54
681.877	33183.41
682.075	32577.21
682.272	32886.45
682.469	33042.1
682.665	32861.88
682.862	32435.9
683.059	32687.8
683.256	32663.22
683.453	32757.43
683.65	32341.69
683.847	32546.49
684.044	32915.12
684.241	32294.59
684.438	32665.27
684.635	31428.3
684.831	33294
685.028	32736.95
685.225	32431.8
685.422	32765.62
685.619	32523.96
685.815	32851.64
686.012	32163.52
686.209	31858.37
686.405	32204.48
686.602	32552.63
686.799	32057.03
686.996	32290.49
687.192	32321.21
687.389	33021.62
687.586	31643.34
687.782	31715.01
687.979	32499.39
688.175	32218.82
688.372	31733.45
688.568	31874.76
688.765	32292.54
688.962	32691.9
689.158	31774.41
689.355	31751.88
689.551	32267.97
689.748	32677.56
689.944	31964.87
690.14	31997.63
690.337	32401.08
690.533	32573.11
690.73	31987.39
690.926	32241.34
691.123	32173.76
691.319	32304.83
691.515	32030.4
691.712	31958.72
691.908	32210.62
692.104	32302.78
692.301	31889.09
692.497	31532.75
692.693	32450.24
692.889	32095.94
693.086	31907.52
693.282	31780.55
693.478	32528.06
693.674	32630.46
693.87	31766.21
694.067	32097.98
694.263	32253.63
694.459	32173.76
694.655	31977.15
694.851	32403.13
695.047	32605.88
695.243	32485.05
695.439	31815.37
695.635	31758.02
695.831	32413.37
696.027	32071.36
696.224	31272.65
696.42	32181.95
696.615	32491.19
696.811	32069.31
697.007	31551.18
697.203	31221.45
697.399	31839.94
697.595	31348.43
697.791	31129.3
697.987	31291.09
698.183	31471.31
698.379	31063.76
698.575	30998.23
698.77	31090.38
698.966	31215.31
699.162	31225.55
699.358	30967.51
699.554	30883.54
699.749	31620.81
699.945	31442.63
700.141	31207.12
700.337	31319.76
700.532	31334.09
700.728	31022.8
700.924	30738.13
701.119	30609.11
701.315	31393.48
701.511	31149.78
701.706	31018.71
701.902	30762.71
702.097	31065.81
702.293	31434.44
702.489	31043.28
702.684	30918.35
702.88	31637.19
703.075	31479.5
703.271	30799.57
703.466	30893.78
703.662	31299.28
703.857	31506.12
704.053	31368.91
704.248	31004.37
704.443	31903.43
704.639	31672.01
704.834	31434.44
705.03	30877.4
705.225	31219.41
705.42	31379.15
705.616	31049.42
705.811	30263
706.006	31203.02
706.202	30856.92
706.397	30652.12
706.592	30385.88
706.787	30693.08
706.983	31014.61
707.178	30951.12
707.373	30621.4
707.568	31049.42
707.763	31028.95
707.959	30437.08
708.154	30762.71
708.349	31010.51
708.544	31176.4
708.739	30785.24
708.934	30439.13
709.129	31385.29
709.324	31272.65
709.519	30363.36
709.714	30314.2
709.909	31149.78
710.104	30967.51
710.299	30385.88
710.494	30549.72
710.689	30670.55
710.884	30789.33
711.079	30191.33
711.274	30502.62
711.469	31047.38
711.664	31016.66
711.859	30328.54
712.054	30602.97
712.249	30848.72
712.443	30858.96
712.638	30553.82
712.833	30543.58
713.028	30787.28
713.223	30152.41
713.417	30224.09
713.612	30291.68
713.807	31010.51
714.002	31434.44
714.196	30775
714.391	30129.89
714.586	30723.8
714.78	30631.64
714.975	29832.93
715.17	30197.47
715.364	30547.67
715.559	31020.75
715.754	29312.75
715.948	29837.03
716.143	30678.74
716.337	30252.77
716.532	30660.31
716.726	30107.36
716.921	30537.43
717.115	30643.93
717.31	29636.33
717.504	31246.03
717.699	30181.09
717.893	30432.99
718.088	29761.25
718.282	29755.11
718.476	30252.77
718.671	30643.93
718.865	29519.59
719.059	29796.07
719.254	30013.15
719.448	30609.11
719.642	32235.2
719.837	29218.54
720.031	31723.21
720.225	29679.33
720.419	29820.64
720.614	29083.37
720.808	30076.64
721.002	29546.22
721.196	29243.12
721.39	29593.32
721.585	29789.92
721.779	30027.49
721.973	29621.99
722.167	28894.96
722.361	29953.76
722.555	30314.2
722.749	29226.73
722.943	29128.43
723.137	29478.63
723.331	29566.7
723.525	29189.87
723.719	29091.57
723.913	29810.4
724.107	30043.87
724.301	29443.82
724.495	29130.48
724.689	30168.8
724.883	29736.68
725.077	29273.84
725.271	29087.47
725.465	29816.55
725.659	29224.68
725.853	29069.04
726.046	28831.47
726.24	28806.9
726.434	29153.01
726.628	28931.83
726.822	28827.38
727.015	29763.3
727.209	29959.91
727.403	29454.06
727.596	28937.97
727.79	29675.24
727.984	29603.56
728.177	28884.72
728.371	29409
728.565	29271.79
728.758	29454.06
728.952	29165.29
729.146	28833.52
729.339	29492.97
729.533	29312.75
729.726	28651.25
729.92	28704.5
730.113	29222.64
730.307	29710.05
730.5	28903.15
730.694	28591.86
730.887	29171.44
731.081	29513.45
731.274	28493.56
731.468	28999.41
731.661	29181.68
731.854	29271.79
732.048	28864.24
732.241	28364.54
732.435	29021.94
732.628	28759.8
732.821	28585.72
733.014	28327.67
733.208	28784.37
733.401	29480.68
733.594	29110
733.788	28831.47
733.981	29406.95
734.174	29619.94
734.367	28989.17
734.56	28856.05
734.754	29509.35
734.947	29302.51
735.14	28497.66
735.333	28980.98
735.526	29742.82
735.719	29552.36
735.912	28788.47
736.105	28610.29
736.298	29515.5
736.491	29286.12
736.684	28385.02
736.877	28700.4
737.07	29241.07
737.263	29810.4
737.456	28657.4
737.649	28641.01
737.842	29603.56
738.035	29693.67
738.228	28708.6
738.421	28882.67
738.614	29382.38
738.807	29634.28
739	28296.95
739.192	28550.9
739.385	29005.55
739.578	28716.79
739.771	28706.55
739.964	28223.23
740.156	29398.76
740.349	28874.48
740.542	28948.21
740.735	28481.27
740.927	28927.73
741.12	29097.71
741.313	28626.68
741.505	28827.38
741.698	28952.3
741.891	29484.78
742.083	28784.37
742.276	28530.42
742.468	29544.17
742.661	28978.93
742.854	28667.64
743.046	28147.45
743.239	28954.35
743.431	29341.42
743.624	28598.01
743.816	28333.82
744.009	28636.92
744.201	29052.66
744.393	28870.39
744.586	28487.42
744.778	29017.84
744.971	28995.31
745.163	28468.98
745.355	28358.39
745.548	28710.64
745.74	28727.03
745.932	28096.25
746.125	28301.05
746.317	28856.05
746.509	28843.76
746.702	28460.79
746.894	28387.07
747.086	28790.52
747.278	28946.16
747.471	28600.05
747.663	28215.04
747.855	28557.05
748.047	28530.42
748.239	27983.62
748.431	27766.53
748.623	28284.67
748.815	28212.99
749.008	27678.47
749.2	27856.64
749.392	28055.29
749.584	28110.59
749.776	28184.32
749.968	28229.37
750.16	28819.19
750.352	28217.08
750.544	27907.84
750.736	27666.18
750.928	28337.91
751.12	28014.34
751.311	27260.68
751.503	27973.38
751.695	27772.67
751.887	28016.38
752.079	27219.72
752.271	27313.93
752.463	28878.58
752.654	28161.79
752.846	27514.63
753.038	27094.8
753.23	27670.28
753.421	27610.89
753.613	26971.92
753.805	27496.2
753.997	27422.47
754.188	28143.36
754.38	27166.48
754.572	27066.13
754.763	27500.3
754.955	27668.23
755.146	26967.82
755.338	26861.33
755.53	27965.18
755.721	27633.41
755.913	26775.31
756.104	26859.28
756.296	27391.75
756.487	27672.32
756.679	27027.21
756.87	26711.83
757.062	27119.37
757.253	27641.6
757.445	26828.56
757.636	27184.91
757.827	27162.38
758.019	28157.69
758.21	26765.07
758.401	26570.52
758.593	27352.84
758.784	27379.46
758.975	26330.9
759.167	26021.66
759.358	26572.57
759.549	26853.14
759.74	26138.4
759.932	26138.4
760.123	26896.14
760.314	26451.74
760.505	26355.48
760.696	26494.74
760.888	27131.66
761.079	26767.12
761.27	26287.9
761.461	26167.07
761.652	26996.49
761.843	26492.69
762.034	26429.21
762.225	26914.58
762.416	26728.21
762.607	26343.19
762.798	25755.43
762.989	26076.96
763.18	27451.14
763.371	26605.33
763.562	26029.85
763.753	25673.51
763.944	26423.06
764.135	26269.47
764.326	25728.8
764.517	25700.13
764.708	26605.33
764.899	26312.47
765.089	25485.09
765.28	25288.49
765.471	25851.68
765.662	25964.32
765.853	25749.28
766.043	25280.3
766.234	26238.75
766.425	26083.1
766.615	25458.47
766.806	25663.27
766.997	25868.06
767.187	25931.55
767.378	25450.28
767.569	25323.3
767.759	25990.94
767.95	25872.16
768.141	25843.49
768.331	25372.46
768.522	25976.61
768.712	26224.41
768.903	25302.82
769.093	25321.26
769.284	25542.44
769.474	25726.75
769.665	24657.71
769.855	24624.95
770.046	25927.46
770.236	25282.34
770.426	25308.97
770.617	24889.13
770.807	25130.8
770.998	25612.07
771.188	25095.98
771.378	24854.32
771.569	25607.97
771.759	24966.96
771.949	24340.28
772.139	24483.64
772.33	24758.06
772.52	25300.78
772.71	24579.89
772.9	24233.78
773.09	24889.13
773.281	25708.32
773.471	24207.16
773.661	24610.61
773.851	25007.92
774.041	24930.09
774.231	24082.24
774.421	25030.44
774.611	25347.88
774.802	25106.22
774.992	24477.49
775.182	24039.23
775.372	25196.33
775.562	25003.82
775.752	24164.15
775.942	23852.86
776.131	24948.53
776.321	24569.65
776.511	23932.73
776.701	23639.87
776.891	24825.65
777.081	24274.74
777.271	24026.94
777.461	23824.19
777.651	24649.52
777.84	24575.8
778.03	24100.67
778.22	23842.62
778.41	24495.92
778.599	24356.66
778.789	23633.73
778.979	23713.6
779.169	24500.02
779.358	23877.44
779.548	24026.94
779.738	23250.76
779.927	23897.92
780.117	23457.6
780.307	23172.94
780.496	23000.91
780.686	23879.49
780.875	24448.82
781.065	23283.53
781.254	23211.85
781.444	23705.41
781.633	23850.81
781.823	23275.34
782.012	23437.13
782.202	23418.69
782.391	23889.73
782.581	23279.43
782.77	23390.02
782.96	24024.89
783.149	23228.23
783.338	23185.22
783.528	23009.1
783.717	23830.34
783.906	24112.95
784.096	23064.39
784.285	22769.49
784.474	23224.14
784.663	23179.08
784.853	22656.85
785.042	22800.21
785.231	23252.81
785.42	23506.76
785.61	22882.13
785.799	22099.8
785.988	23543.62
786.177	22835.02
786.366	22540.11
786.555	23170.89
786.744	22777.68
786.933	22878.03
787.122	22212.44
787.312	22126.43
787.501	22781.78
787.69	23078.73
787.879	22142.81
788.068	22343.51
788.257	22574.93
788.445	22970.19
788.634	22079.32
788.823	21995.36
789.012	23342.92
789.201	23119.69
789.39	21989.21
789.579	22058.84
789.768	22837.07
789.957	22675.28
790.145	22124.38
790.334	21604.19
790.523	22247.26
790.712	22349.65
790.9	21913.44
791.089	21608.29
791.278	22693.71
791.467	22581.07
791.655	22458.2
791.844	22908.75
792.033	22439.76
792.221	22052.7
792.41	21796.7
792.599	21311.33
792.787	22292.31
792.976	22599.51
793.164	21745.5
793.353	21743.45
793.541	22728.53
793.73	22884.17
793.918	21749.6
794.107	22048.6
794.295	22263.64
794.484	22175.58
794.672	21444.45
794.861	21387.11
795.049	22132.57
795.238	22048.6
795.426	21317.48
795.614	21397.35
795.803	21784.41
795.991	21995.36
796.179	20969.32
796.368	21159.78
796.556	22136.66
796.744	21673.82
796.932	21346.15
797.121	21346.15
797.309	21903.2
797.497	22153.05
797.685	21311.33
797.874	20997.99
798.062	21546.85
798.25	21765.98
798.438	20975.47
798.626	20991.85
798.814	21784.41
799.002	21729.12
799.19	20850.54
799.378	21221.22
799.566	21897.05
799.755	21856.09
799.943	21415.78
800.131	21231.46
800.318	21731.17
800.506	21755.74
800.694	20891.5
800.882	21327.72
801.07	22501.2
801.258	21847.9
801.446	21270.37
801.634	21204.84
801.822	21731.17
802.01	21718.88
802.197	21127.02
802.385	21438.31
802.573	21960.54
802.761	21612.38
802.949	21313.38
803.136	20883.31
803.324	21716.83
803.512	21305.19
803.699	21067.63
803.887	20701.04
804.075	21778.27
804.262	21526.37
804.45	20873.07
804.638	21225.32
804.825	21604.19
805.013	21544.8
805.201	21026.67
805.388	21227.37
805.576	21962.59
805.763	21933.92
805.951	21110.63
806.138	21180.26
806.326	22083.42
806.513	21579.62
806.701	21041
806.888	21411.68
807.075	21737.31
807.263	22165.34
807.45	21041
807.638	21149.54
807.825	22128.47
808.012	22019.93
808.2	21389.16
808.387	21880.67
808.574	22134.62
808.761	22452.05
808.949	21704.54
809.136	21401.44
809.323	22038.36
809.51	22214.49
809.698	22013.79
809.885	21473.12
810.072	21808.99
810.259	22333.27
810.446	21587.81
810.633	21344.1
810.82	21813.09
811.008	22527.83
811.195	21704.54
811.382	21608.29
811.569	22196.06
811.756	21829.47
811.943	21765.98
812.13	21538.66
812.317	21989.21
812.504	21639.01
812.691	21628.77
812.878	21978.97
813.064	22306.65
813.251	21946.2
813.438	21522.27
813.625	22009.69
813.812	22198.1
813.999	22402.9
814.186	21903.2
814.372	21464.93
814.559	22488.92
814.746	22613.84
814.933	21503.84
815.12	21608.29
815.306	21952.35
815.493	21962.59
815.68	21606.24
815.866	21448.55
816.053	22310.74
816.24	22476.63
816.426	21632.86
816.613	21374.82
816.799	22273.88
816.986	22523.73
817.173	21385.06
817.359	21047.15
817.546	21659.49
817.732	21493.6
817.919	21194.6
818.105	21477.22
818.292	21905.24
818.478	22216.54
818.665	21753.69
818.851	21555.04
819.037	22921.04
819.224	22120.28
819.41	21202.79
819.597	20936.56
819.783	22423.38
819.969	22091.61
820.156	21245.8
820.342	21284.71
820.528	23299.91
820.714	21600.1
820.901	21534.56
821.087	20854.64
821.273	21876.57
821.459	21555.04
821.646	21127.02
821.832	20977.51
822.018	21954.4
822.204	21428.07
822.39	20887.4
822.576	20727.66
822.762	21559.14
822.948	21423.97
823.134	21184.36
823.32	20811.63
823.507	21315.43
823.693	21454.69
823.879	21383.01
824.065	21004.14
824.25	21378.92
824.436	21546.85
824.622	20909.93
824.808	20655.98
824.994	21620.58
825.18	21409.64
825.366	20967.27
825.552	20850.54
825.738	21614.43
825.923	21528.42
826.109	20778.86
826.295	20504.43
826.481	20950.89
826.667	20944.75
826.852	20522.87
827.038	20336.5
827.224	21155.69
827.409	21159.78
827.595	19996.54
827.781	20420.47
827.966	21348.2
828.152	20983.66
828.338	20148.09
828.523	19701.63
828.709	20436.85
828.894	20903.79
829.08	20238.2
829.266	19888
829.451	20404.08
829.637	20658.03
829.822	20211.57
830.008	20238.2
830.193	20705.13
830.378	21165.93
830.564	20152.18
830.749	19974.01
830.935	20494.19
831.12	20100.98
831.305	19435.39
831.491	19896.19
831.676	20066.17
831.861	20553.59
832.047	20006.78
832.232	19652.48
832.417	20395.89
832.602	20533.11
832.788	19636.1
832.973	19912.57
833.158	19892.09
833.343	20162.42
833.528	19926.91
833.714	19865.47
833.899	20084.6
834.084	20737.9
834.269	19894.14
834.454	19672.96
834.639	20260.73
834.824	20123.51
835.009	19632
835.194	19775.36
835.379	20156.28
835.564	20322.16
835.749	19713.92
835.934	19011.46
836.119	19877.76
836.304	19681.15
836.489	19275.65
836.674	19562.37
836.859	19548.03
837.044	20062.07
837.228	19545.98
837.413	18890.63
837.598	19767.17
837.783	19812.22
837.968	19081.1
838.152	18734.99
838.337	18778
838.522	19890.04
838.707	19791.74
838.891	19318.66
839.076	19623.81
839.261	19740.54
839.445	19277.7
839.63	19070.86
839.815	19844.99
839.999	19414.91
840.184	19011.46
840.368	19208.07
840.553	20012.92
840.737	19584.9
840.922	18687.89
841.106	18655.12
841.291	19220.36
841.475	19550.08
841.66	18710.41
841.844	18747.28
842.029	19859.32
842.213	18997.13
842.397	18579.34
842.582	18184.09
842.766	19259.27
842.951	19812.22
843.135	18857.87
843.319	18411.41
843.504	18931.59
843.688	19672.96
843.872	18124.69
844.056	18151.32
844.241	19154.82
844.425	18943.88
844.609	18636.69
844.793	18392.98
844.977	19101.58
845.161	18638.73
845.346	17950.62
845.53	18179.99
845.714	18679.69
845.898	19097.48
846.082	18122.65
846.266	18276.24
846.45	18788.24
846.634	18661.26
846.818	18073.49
847.002	18085.78
847.186	18620.3
847.37	18186.13
847.554	17635.23
847.738	18216.85
847.922	18388.88
848.106	18534.29
848.29	17782.68
848.473	17825.69
848.657	18276.24
848.841	18167.7
849.025	17520.54
849.209	17604.51
849.392	18302.87
849.576	18200.47
849.76	17311.65
849.944	17807.26
850.127	18507.66
850.311	18012.06
850.495	17340.32
850.678	17209.25
850.862	18173.85
851.046	18063.26
851.229	17835.93
851.413	17178.53
851.596	18216.85
851.78	18175.89
851.964	17807.26
852.147	17526.69
852.331	18495.38
852.514	18425.75
852.698	17649.57
852.881	17067.94
853.065	17811.35
853.248	17794.97
853.431	17024.93
853.615	17213.35
853.798	18243.48
853.982	17776.54
854.165	17244.07
854.348	17129.38
854.532	17606.56
854.715	17440.67
854.898	16922.54
855.081	16992.17
855.265	18345.87
855.448	18057.11
855.631	16803.75
855.814	16809.9
855.997	17614.75
856.181	17598.37
856.364	17051.56
856.547	16738.22
856.73	17420.19
856.913	17471.39
857.096	16514.99
857.279	16850.86
857.462	17309.6
857.645	17444.77
857.828	16924.58
858.011	16940.97
858.194	17192.87
858.377	17074.09
858.56	16463.79
858.743	16537.52
858.926	16785.32
859.109	17090.47
859.292	16476.08
859.475	16215.99
859.658	17260.45
859.841	17313.7
860.023	16193.46
860.206	16160.69
860.389	17086.37
860.572	17045.41
860.755	16318.39
860.937	16433.07
861.12	16877.48
861.303	16926.63
861.486	16381.87
861.668	16170.93
861.851	16574.38
862.034	16893.86
862.216	16336.82
862.399	15808.44
862.581	16590.77
862.764	16533.42
862.947	15882.17
863.129	15900.6
863.312	15916.98
863.494	16562.09
863.677	16066.49
863.859	15577.02
864.042	16338.87
864.224	16234.42
864.406	15810.49
864.589	14942.15
864.771	16127.92
864.954	15921.08
865.136	15503.29
865.318	15269.83
865.501	16748.46
865.683	15816.63
865.865	15368.13
866.048	15425.47
866.23	16089.01
866.412	16215.99
866.594	15054.79
866.777	15798.2
866.959	15796.15
867.141	15792.06
867.323	15568.83
867.505	15622.08
867.687	15835.07
867.869	16013.24
868.052	15423.42
868.234	15146.95
868.416	16175.03
868.598	16154.55
868.78	15282.11
868.962	15261.63
869.144	16076.73
869.326	15808.44
869.508	15409.09
869.69	15144.9
869.872	15660.99
870.054	16353.2
870.236	14950.34
870.417	14784.46
870.599	15521.73
870.781	15947.7
870.963	15374.27
871.145	14880.71
871.327	15286.21
871.508	15591.36
871.69	15167.43
871.872	14772.17
872.054	15308.74
872.235	15550.4
872.417	15112.13
872.599	14708.68
872.78	16355.25
872.962	15439.81
873.144	14634.96
873.325	14862.28
873.507	15787.96
873.689	15697.85
873.87	14876.62
874.052	15286.21
874.233	15480.77
874.415	16154.55
874.596	14837.7
874.778	14825.42
874.959	15448
875.141	15908.79
875.322	15261.63
875.503	15015.88
875.685	15898.55
875.866	15507.39
876.048	14833.61
876.229	14956.49
876.41	15476.67
876.592	15882.17
876.773	15335.36
876.954	14958.53
877.136	15921.08
877.317	15302.59
877.498	15136.71
877.679	15284.16
877.86	15685.56
878.042	15706.04
878.223	15155.14
878.404	15847.35
878.585	15970.23
878.766	16613.29
878.947	15620.03
879.128	15548.35
879.309	15800.25
879.49	15863.74
879.672	15450.05
879.853	15450.05
880.034	15796.15
880.215	16029.62
880.396	15407.04
880.576	15259.59
880.757	15722.43
880.938	16185.27
881.119	15187.91
881.3	14878.66
881.481	15835.07
881.662	16672.68
881.843	14985.16
882.023	15079.36
882.204	16203.7
882.385	16054.2
882.566	15513.53
882.747	15583.16
882.927	15900.6
883.108	16160.69
883.289	15452.09
883.469	15945.66
883.65	16132.02
883.831	16170.93
884.011	15943.61
884.192	15552.45
884.373	16220.08
884.553	16302
884.734	15890.36
884.914	16330.67
885.095	17459.1
885.275	16494.51
885.456	15921.08
885.636	15421.38
885.817	16365.49
885.997	16791.47
886.178	15718.33
886.358	15685.56
886.538	16402.35
886.719	18317.2
886.899	15667.13
887.08	16158.64
887.26	16545.71
887.44	16394.16
887.621	15751.1
887.801	16029.62
887.981	17287.07
888.161	16832.43
888.342	15855.54
888.522	16105.4
888.702	16881.58
888.882	16775.08
889.062	16031.67
889.242	15824.83
889.423	16607.15
889.603	16660.4
889.783	16275.38
889.963	15755.19
890.143	16508.85
890.323	16928.68
890.503	16007.09
890.683	16232.37
890.863	16623.53
891.043	16338.87
891.223	16271.28
891.403	16568.24
891.583	16801.71
891.763	16865.19
891.943	16156.6
892.122	16508.85
892.302	16736.17
892.482	16562.09
892.662	16205.75
892.842	16414.64
893.022	16666.54
893.201	16646.06
893.381	16373.68
893.561	16089.01
893.741	16902.06
893.92	16111.54
894.1	16385.97
894.28	16113.59
894.459	16996.26
894.639	16777.13
894.819	16091.06
894.998	16594.86
895.178	16891.82
895.357	16633.77
895.537	16177.08
895.716	16070.58
895.896	16697.26
896.075	17252.26
896.255	16422.83
896.434	16033.72
896.614	17450.91
896.793	17069.99
896.973	16623.53
897.152	16209.84
897.331	16494.51
897.511	16703.4
897.69	15894.46
897.87	16017.33
898.049	16555.95
898.228	16482.22
898.407	16295.86
898.587	16152.5
898.766	16129.97
898.945	16486.32
899.124	16250.8
899.304	15663.04
899.483	16596.91
899.662	16570.29
899.841	15728.57
900.02	15624.12
900.199	16316.34
900.378	16277.43
900.557	15744.95
900.737	15626.17
900.916	15982.52
901.095	16324.53
901.274	15902.65
901.453	15351.74
901.632	15798.2
901.811	15861.69
901.989	15431.62
902.168	15288.26
902.347	16396.21
902.526	15904.7
902.705	15284.16
902.884	15640.51
903.063	16519.09
903.242	16197.56
903.42	15288.26
903.599	15710.14
903.778	16015.29
903.957	16402.35
904.135	15732.67
904.314	15308.74
904.493	16205.75
904.672	16050.1
904.85	15390.66
905.029	15599.55
905.207	15906.74
905.386	16238.51
905.565	15198.15
905.743	15095.75
905.922	15802.3
906.1	15736.76
906.279	15079.36
906.457	15243.2
906.636	15806.39
906.814	15755.19
906.993	15427.52
907.171	14985.16
907.35	15484.86
907.528	15980.47
907.707	15259.59
907.885	14608.33
908.063	15542.21
908.242	15179.72
908.42	14749.64
908.598	14346.19
908.777	15392.7
908.955	15062.98
909.133	14788.55
909.311	14573.52
909.49	15048.65
909.668	14931.91
909.846	14637
910.024	14464.97
910.202	15069.12
910.38	14886.86
910.559	14329.81
910.737	14303.18
910.915	14809.03
911.093	14999.49
911.271	14239.7
911.449	14501.84
911.627	14833.61
911.805	15267.78
911.983	14354.38
912.161	14227.41
912.339	14462.93
912.517	14909.38
912.695	14514.13
912.872	13981.65
913.05	14403.53
913.228	14598.09
913.406	13551.58
913.584	13731.8
913.762	14843.85
913.939	14395.34
914.117	13768.66
914.295	13627.35
914.473	13993.94
914.65	14282.7
914.828	13588.44
915.006	13303.78
915.184	13848.54
915.361	13944.79
915.539	13629.4
915.716	13778.9
915.894	14225.36
916.072	14188.5
916.249	13924.31
916.427	13662.17
916.604	13893.59
916.782	13977.56
916.959	13205.47
917.137	13072.36
917.314	13686.75
917.492	13899.73
917.669	13531.1
917.847	13451.23
918.024	13688.79
918.201	13506.52
918.379	13301.73
918.556	13094.88
918.733	13592.54
918.911	13111.27
919.088	13146.08
919.265	12812.26
919.442	13289.44
919.62	13363.17
919.797	12879.85
919.974	12679.15
920.151	13516.76
920.328	13080.55
920.506	12605.42
920.683	13258.72
920.86	12967.91
921.037	13211.62
921.214	12613.61
921.391	12384.24
921.568	13174.75
921.745	12842.98
921.922	12607.47
922.099	12324.85
922.276	12845.03
922.453	12990.44
922.63	12019.7
922.807	12507.12
922.984	12795.88
923.161	12337.13
923.338	12427.25
923.514	12359.66
923.691	12763.11
923.868	12492.78
924.045	12097.52
924.222	11995.12
924.399	12349.42
924.575	12629.99
924.752	12013.56
924.929	11943.92
925.105	12232.69
925.282	11780.09
925.459	11964.4
925.635	11939.83
925.812	12505.07
925.989	12273.65
926.165	12013.56
926.342	11436.03
926.518	11909.11
926.695	11988.98
926.871	11542.52
927.048	11603.96
927.224	12115.95
927.401	11440.12
927.577	11327.49
927.754	10901.51
927.93	11950.07
928.107	11628.54
928.283	10938.37
928.459	11290.62
928.636	11923.44
928.812	11374.59
928.988	10872.84
929.165	10752.01
929.341	11196.42
929.517	11507.71
929.693	11292.67
929.87	10356.75
930.046	11458.56
930.222	10987.52
930.398	10614.79
930.574	10911.75
930.751	10895.36
930.927	10909.7
931.103	10610.7
931.279	10483.72
931.455	10850.31
931.631	10885.12
931.807	10309.65
931.983	10266.64
932.159	10498.06
932.335	10643.46
932.511	10377.23
932.687	9971.73
932.863	10401.8
933.039	10479.63
933.215	9717.78
933.391	9764.89
933.566	10162.19
933.742	10270.73
933.918	9551.9
934.094	9308.19
934.27	9857.04
934.445	9574.42
934.621	9619.48
934.797	9234.46
934.973	9533.47
935.148	9437.21
935.324	8990.75
935.5	8650.79
935.675	9478.17
935.851	9306.14
936.027	8640.55
936.202	8822.82
936.378	9125.92
936.553	8820.77
936.729	9039.9
936.904	8073.26
937.08	8198.19
937.255	8112.17
937.431	7954.48
937.606	7585.85
937.782	7837.75
937.957	8058.93
938.133	7333.95
938.308	7127.1
938.483	7555.13
938.659	7149.63
938.834	7170.11
939.009	6727.75
939.185	7256.12
939.36	6727.75
939.535	6193.23
939.71	6758.47
939.886	7112.77
940.061	6731.84
940.236	6813.76
940.411	6168.65
940.586	6547.53
940.761	6606.92
940.937	5945.42
941.112	6015.05
941.287	6234.19
941.462	6238.28
941.637	5636.18
941.812	5707.86
941.987	6086.73
942.162	6025.29
942.337	5773.39
942.512	5611.61
942.687	6467.66
942.862	6051.92
943.037	5230.68
943.212	5306.46
943.386	5863.51
943.561	5920.85
943.736	5945.42
943.911	6293.58
944.086	6252.62
944.26	5972.05
944.435	5490.77
944.61	5777.49
944.785	6103.12
944.959	6783.04
945.134	5689.43
945.309	5498.97
945.483	5570.65
945.658	6109.26
945.833	5249.11
946.007	5275.74
946.182	6197.32
946.357	5646.42
946.531	5529.69
946.706	5511.25
946.88	5728.34
947.055	6084.69
947.229	5443.67
947.404	5369.94
947.578	6021.2
947.752	5982.29
947.927	5427.29
948.101	5455.96
948.276	6486.09
948.45	6039.63
948.624	6092.88
948.799	5644.37
948.973	5929.04
949.147	5689.43
949.321	5693.52
949.496	5845.07
949.67	6334.54
949.844	5920.85
950.018	5869.65
950.193	5791.83
950.367	6744.13
950.541	6150.22
950.715	5982.29
950.889	6094.93
951.063	6244.43
951.237	6334.54
951.411	5939.28
951.585	5804.11
951.759	6625.35
951.933	6627.4
952.107	5937.23
952.281	6271.05
952.455	6701.12
952.629	6500.42
952.803	6107.21
952.977	6158.41
953.151	6697.03
953.325	6477.9
953.499	6307.91
953.672	5924.94
953.846	6676.55
954.02	6584.39
954.194	6164.56
954.368	6053.97
954.541	6813.76
954.715	6662.21
954.889	6281.29
955.062	5892.18
955.236	6438.98
955.41	6643.78
955.583	6361.16
955.757	6127.69
955.93	6705.22
956.104	6502.47
956.278	6086.73
956.451	6217.8
956.625	6783.04
956.798	7088.19
956.972	6815.81
957.145	6096.97
957.319	7151.68
957.492	6613.06
957.665	6531.14
957.839	6187.08
958.012	6598.73
958.185	6518.86
958.359	6432.84
958.532	6547.53
958.705	6760.52
958.879	6611.01
959.052	6441.03
959.225	6019.15
959.398	6887.49
959.572	6858.82
959.745	6238.28
959.918	6326.35
960.091	6656.07
960.264	7080
960.438	6367.31
960.611	6234.19
960.784	7036.99
960.957	6629.45
961.13	6879.3
961.303	6299.72
961.476	6602.82
961.649	6920.26
961.822	6293.58
961.995	6410.31
962.168	6559.81
962.341	7063.61
962.514	6324.3
962.686	6168.65
962.859	6608.97
963.032	6912.07
963.205	6301.77
963.378	5965.9
963.551	6596.68
963.723	6512.71
963.896	6608.97
964.069	6469.7
964.242	6660.17
964.414	6901.83
964.587	6273.1
964.76	6416.46
964.932	6676.55
965.105	6565.96
965.278	6084.69
965.45	5947.47
965.623	6551.62
965.795	6715.46
965.968	6072.4
966.14	6035.53
966.313	6402.12
966.485	6381.64
966.658	5939.28
966.83	5949.52
967.003	6801.47
967.175	6525
967.348	6002.77
967.52	6043.73
967.692	6950.98
967.865	6840.39
968.037	6080.59
968.209	6496.33
968.382	6416.46
968.554	6508.62
968.726	6031.44
968.898	5982.29
969.071	6690.88
969.243	6533.19
969.415	6004.82
969.587	6297.67
969.759	6819.91
969.932	6346.83
970.104	5933.14
970.276	5339.23
970.448	6176.84
970.62	6150.22
970.792	6043.73
970.964	5972.05
971.136	6637.64
971.308	6166.6
971.48	5752.91
971.652	5859.41
971.824	6406.22
971.996	6307.91
972.168	5998.67
972.339	5916.75
972.511	6154.32
972.683	6203.47
972.855	6043.73
973.027	5765.2
973.199	6586.44
973.37	6408.26
973.542	6166.6
973.714	6033.49
973.886	5974.1
974.057	6297.67
974.229	5568.6
974.401	5744.72
974.572	5898.32
974.744	5754.96
974.915	5617.75
975.087	5728.34
975.259	6473.8
975.43	5820.5
975.602	5490.77
975.773	5671
975.945	5916.75
976.116	6074.45
976.288	5462.1
976.459	5791.83
976.63	5849.17
976.802	5900.37
976.973	5371.99
977.145	5826.64
977.316	6592.58
977.487	6123.6
977.659	5769.3
977.83	5564.5
978.001	6217.8
978.172	6021.2
978.344	5572.69
978.515	5535.83
978.686	5806.16
978.857	6285.39
979.028	5292.12
979.2	5249.11
979.371	6117.45
979.542	5632.08
979.713	5548.12
979.884	5029.98
980.055	5789.78
980.226	5886.03
980.397	5464.15
980.568	5257.31
980.739	5906.51
980.91	5601.37
981.081	5441.62
981.252	5400.66
981.423	5736.53
981.594	5537.88
981.765	5187.68
981.936	5394.52
982.106	5718.1
982.277	5879.89
982.448	5023.84
982.619	5380.18
982.79	5347.42
982.96	5611.61
983.131	5308.51
983.302	4878.43
983.472	5638.23
983.643	5404.76
983.814	5130.33
983.984	5097.56
984.155	5298.27
984.326	5472.34
984.496	5206.11
984.667	4773.99
984.837	4937.82
985.008	5605.46
985.178	5328.99
985.349	4991.07
985.519	4999.26
985.69	4978.78
985.86	4827.23
986.031	4765.79
986.201	5105.76
986.371	5380.18
986.542	4620.39
986.712	4632.68
986.882	5060.7
987.053	5171.29
987.223	4724.83
987.393	4962.4
987.563	4896.86
987.734	5070.94
987.904	5136.48
988.074	4532.33
988.244	4610.15
988.414	4798.56
988.585	4626.53
988.755	4577.38
988.925	4868.19
989.095	5324.89
989.265	4208.75
989.435	4546.66
989.605	4841.57
989.775	5046.37
989.945	4946.02
990.115	4302.95
990.285	4849.76
990.455	4939.87
990.625	4569.19
990.795	4317.29
990.965	5199.96
991.134	4429.93
991.304	4221.03
991.474	4245.61
991.644	4733.03
991.814	4980.83
991.984	3870.83
992.153	4003.95
992.323	4595.81
992.493	4866.14
992.662	3924.08
992.832	4218.99
993.002	4284.52
993.171	4786.27
993.341	3774.58
993.511	4008.05
993.68	4343.91
993.85	4612.2
994.019	3821.68
994.189	3737.71
994.358	4411.5
994.528	4278.38
994.697	3580.02
994.867	3799.15
995.036	4409.45
995.206	4073.58
995.375	3745.91
995.544	4098.16
995.714	4624.48
995.883	4341.86
996.052	3962.99
996.222	3467.38
996.391	4466.79
996.56	4094.06
996.73	3588.21
996.899	3537.01
997.068	4536.42
997.237	4274.28
997.406	3530.87
997.576	3426.42
997.745	4425.83
997.914	3876.98
998.083	3248.25
998.252	3551.35
998.421	4094.06
998.59	3721.33
998.759	3547.25
998.928	3256.44
999.097	4290.67
999.266	4192.36
999.435	3803.25
999.604	3246.2
999.773	4192.36
999.942	3962.99
1000.111	3268.73
1000.28	3131.51
1000.448	3766.39
1000.617	3786.86
1000.786	3590.26
1000.955	3172.47
1001.124	4104.3
1001.292	4511.85
1001.461	3414.13
1001.63	3174.52
1001.798	4001.9
1001.967	3952.75
1002.136	3117.18
1002.304	3147.9
1002.473	3854.45
1002.642	3842.16
1002.81	3448.95
1002.979	3108.99
1003.147	3905.65
1003.316	4020.33
1003.484	3115.13
1003.653	3268.73
1003.821	3641.46
1003.99	3537.01
1004.158	3346.55
1004.327	3291.26
1004.495	3616.88
1004.663	3520.63
1004.832	3381.37
1005	2791.55
1005.168	3537.01
1005.337	3258.49
1005.505	2869.37
1005.673	3205.24
1005.842	3575.92
1006.01	3369.08
1006.178	2728.07
1006.346	2873.47
1006.514	3233.91
1006.683	3915.89
1006.851	2873.47
1007.019	3201.15
1007.187	3162.23
1007.355	2914.43
1007.523	2642.05
1007.691	2572.42
1007.859	2969.73
1008.027	3739.76
1008.195	2564.23
1008.363	2566.28
1008.531	3151.99
1008.699	3367.03
1008.867	2447.49
1009.035	2705.54
1009.203	3604.6
1009.37	3195
1009.538	2627.71
1009.706	3364.98
1009.874	3012.73
1010.042	3111.04
1010.209	2510.98
1010.377	2422.92
1010.545	3102.84
1010.713	3076.22
1010.88	2504.84
1011.048	2492.55
1011.216	2906.24
1011.383	3340.41
1011.551	2519.17
1011.718	2361.48
1011.886	3061.88
1012.054	3014.78
1012.221	2128.01
1012.389	2291.85
1012.556	2926.72
1012.724	3244.15
1012.891	2410.63
1013.058	2066.57
1013.226	3025.02
1013.393	2973.82
1013.561	2064.52
1013.728	2078.86
1013.895	3151.99
1014.063	2814.08
1014.23	1992.84
1014.397	2250.89
1014.565	3027.07
1014.732	2703.49
1014.899	2070.67
1015.066	1996.94
1015.233	2760.83
1015.401	2744.45
1015.568	2087.05
1015.735	2310.28
1015.902	2832.51
1016.069	2869.37
1016.236	2050.19
1016.403	1781.9
1016.57	2465.93
1016.737	3041.4
1016.904	2099.34
1017.071	1788.05
1017.238	2283.66
1017.405	2607.23
1017.572	2062.48
1017.739	2269.32
1017.906	3078.27
1018.073	2732.16
1018.24	1863.82
1018.407	2154.63
1018.573	2717.83
1018.74	2545.8
1018.907	1984.65
1019.074	1642.64
1019.241	2498.69
1019.407	2463.88
1019.574	1863.82
1019.741	1734.8
1019.907	2769.02
1020.074	2889.85
1020.241	1587.35
1020.407	1626.26
1020.574	2179.21
1020.74	2353.29
1020.907	1687.7
1021.073	1646.74
1021.24	3078.27
1021.406	2447.49
1021.573	1527.96
1021.739	1833.1
1021.906	2603.14
1022.072	2293.9
1022.239	1695.89
1022.405	1677.46
1022.571	2283.66
1022.738	2152.59
1022.904	1570.96
1023.07	1781.9
1023.237	2152.59
1023.403	2373.77
1023.569	1646.74
1023.735	1605.78
1023.902	2414.73
1024.068	2310.28
1024.234	1398.93
1024.4	1517.72
1024.566	1912.97
1024.732	2183.31
1024.898	1501.33
1025.065	1231
1025.231	2121.87
1025.397	1929.36
1025.563	1607.83
1025.729	1331.35
1025.895	1618.07
1026.061	1923.21
1026.227	1169.56
1026.392	1409.17
1026.558	2119.82
1026.724	2173.07
1026.89	1370.26
1027.056	1505.43
1027.222	1947.79
1027.388	2005.13
1027.553	1319.06
1027.719	1253.53
1027.885	2304.14
1028.051	1908.88
1028.216	1114.27
1028.382	1355.93
1028.548	2060.43
1028.713	1812.62
1028.879	1147.03
1029.045	1478.8
1029.21	2117.77
1029.376	1992.84
1029.541	1243.29
1029.707	1278.1
1029.873	1970.32
1030.038	1894.54
1030.204	1151.13
1030.369	1147.03
1030.534	1759.38
1030.7	1575.06
1030.865	1321.11
1031.031	1136.79
1031.196	1745.04
1031.361	1712.27
1031.527	1144.99
1031.692	1118.36
1031.857	1403.03
1032.023	1800.34
1032.188	1054.87
1032.353	1138.84
1032.518	1943.69
1032.684	1661.07
1032.849	882.85
1033.014	1181.85
1033.179	1652.88
1033.344	1693.84
1033.509	1183.9
1033.674	1136.79
1033.839	1699.98
1034.004	1786
1034.17	1032.35
1034.335	778.4
1034.5	1558.67
1034.664	1491.09
1034.829	1046.68
1034.994	1149.08
1035.159	1368.21
1035.324	1702.03
1035.489	936.09
1035.654	843.93
1035.819	2199.69
1035.984	1521.81
1036.148	1058.97
1036.313	1020.06
1036.478	1872.01
1036.643	1411.22
1036.807	925.85
1036.972	794.78
1037.137	2093.19
1037.301	1456.28
1037.466	688.29
1037.631	1067.16
1037.795	1710.22
1037.96	1357.97
1038.124	1218.71
1038.289	682.14
1038.454	1366.17
1038.618	1628.31
1038.783	911.52
1038.947	1005.72
1039.111	1214.62
1039.276	1345.69
1039.44	776.35
1039.605	1546.39
1039.769	1296.53
1039.933	1319.06
1040.098	848.03
1040.262	1190.04
1040.426	1523.86
1040.591	1448.08
1040.755	669.86
1040.919	747.68
1041.083	1607.83
1041.248	1140.89
1041.412	538.79
1041.576	704.67
1041.74	1218.71
1041.904	1384.6
1042.068	641.18
1042.232	807.07
1042.397	1663.12
1042.561	1343.64
1042.725	278.69
1042.889	831.65
1043.053	1259.67
1043.217	1259.67
1043.381	712.86
1043.544	563.36
1043.708	1298.58
1043.872	1048.73
1044.036	358.57
1044.2	417.96
1044.364	1478.8
1044.528	1499.28
1044.691	5902.42
1044.855	436.39
1045.019	1419.41
1045.183	1431.7
1045.346	708.77
1045.51	401.57
1045.674	1298.58
1045.837	1204.38
1046.001	481.44
1046.165	596.13
1046.328	1626.26
1046.492	1120.41
1046.655	917.66
1046.819	614.56
1046.983	1104.03
1047.146	975
1047.31	741.54
1047.473	262.31
1047.636	1056.92
1047.8	970.91
1047.963	594.08
1048.127	366.76
1048.29	831.65
