345.52	-1328.45
345.736	-1328.45
345.952	-1328.45
346.168	-1264.96
346.384	-1371.46
346.6	-193.87
346.816	-234.83
347.032	-140.63
347.248	434.85
347.464	-214.35
347.68	-232.79
347.896	-1.37
348.112	344.74
348.328	-157.01
348.544	21.16
348.76	191.14
348.975	182.95
349.191	-367.95
349.407	-359.76
349.623	166.57
349.839	117.42
350.055	-247.12
350.27	12.97
350.486	127.66
350.702	189.1
350.918	422.56
351.133	-212.31
351.349	154.28
351.565	520.87
351.781	-363.86
351.996	45.74
352.212	135.85
352.428	80.55
352.644	-302.42
352.859	-267.6
353.075	213.67
353.291	35.5
353.506	-222.55
353.722	-378.19
353.938	4.78
354.153	426.66
354.369	262.82
354.584	-384.34
354.8	219.82
355.016	-138.58
355.231	-462.16
355.447	-50.52
355.662	383.65
355.878	705.18
356.093	-523.6
356.309	-111.96
356.524	-79.19
356.74	449.19
356.955	-490.83
357.171	-68.95
357.386	144.04
357.602	-60.76
357.817	-126.29
358.033	-263.51
358.248	342.69
358.464	357.03
358.679	-212.31
358.895	-490.83
359.11	62.12
359.325	74.41
359.541	436.9
359.756	10.92
359.972	-159.06
360.187	426.66
360.402	-294.22
360.618	-232.79
360.833	1548.95
361.048	98.99
361.264	-202.07
361.479	-97.62
361.694	232.1
361.909	209.58
362.125	-320.85
362.34	-165.2
362.555	324.26
362.77	180.9
362.986	-339.28
363.201	-341.33
363.416	238.25
363.631	21.16
363.847	-302.42
364.062	-251.22
364.277	139.94
364.492	-42.32
364.707	-279.89
364.922	-533.84
365.138	273.06
365.353	303.78
365.568	-443.73
365.783	-298.32
365.998	397.99
366.213	594.59
366.428	-404.82
366.643	127.66
366.858	275.11
367.073	324.26
367.288	-177.49
367.503	-288.08
367.718	58.03
367.933	520.87
368.148	-300.37
368.363	-75.09
368.578	309.93
368.793	494.24
369.008	-118.1
369.223	-406.86
369.438	340.65
369.653	268.97
369.868	-419.15
370.083	-298.32
370.298	178.86
370.513	510.63
370.728	111.27
370.943	-249.17
371.157	31.4
371.372	752.29
371.587	-406.86
371.802	-421.2
372.017	131.75
372.232	586.4
372.446	-36.18
372.661	-320.85
372.876	111.27
373.091	371.37
373.306	-159.06
373.52	-445.77
373.735	0.68
373.95	586.4
374.165	-224.59
374.379	-107.86
374.594	-25.94
374.809	457.38
375.023	82.6
375.238	-296.27
375.453	324.26
375.667	-85.33
375.882	-335.18
376.097	-302.42
376.311	-17.75
376.526	320.17
376.741	-384.34
376.955	266.92
377.17	527.01
377.384	938.65
377.599	60.07
377.813	-408.91
378.028	832.16
378.242	365.22
378.457	-97.62
378.672	-410.96
378.886	-58.71
379.101	123.56
379.315	-519.5
379.53	-249.17
379.744	463.52
379.958	232.1
380.173	-218.45
380.387	-310.61
380.602	305.83
380.816	41.64
381.031	-138.58
381.245	-214.35
381.459	211.62
381.674	3232.38
381.888	-464.21
382.103	242.34
382.317	23.21
382.531	580.26
382.746	-118.1
382.96	-320.85
383.174	176.81
383.388	660.13
383.603	43.69
383.817	-427.34
384.031	160.42
384.246	461.48
384.46	-36.18
384.674	752.29
384.888	21.16
385.103	311.97
385.317	-476.49
385.531	-25.94
385.745	711.33
385.959	348.84
386.174	-310.61
386.388	-298.32
386.602	148.14
386.816	49.83
387.03	-130.39
387.244	-130.39
387.458	367.27
387.672	504.48
387.887	-466.25
388.101	-302.42
388.315	295.59
388.529	244.39
388.743	-195.92
388.957	-290.13
389.171	549.54
389.385	74.41
389.599	-298.32
389.813	-34.13
390.027	172.71
390.241	756.38
390.455	-218.45
390.669	-77.14
390.883	90.79
391.097	606.88
391.311	193.19
391.525	-181.59
391.738	582.31
391.952	529.06
392.166	53.93
392.38	-363.86
392.594	447.14
392.808	314.02
393.022	-85.33
393.236	-146.77
393.449	234.15
393.663	449.19
393.877	-337.23
394.091	-77.14
394.305	135.85
394.518	160.42
394.732	-361.81
394.946	-118.1
395.16	801.44
395.373	156.33
395.587	-302.42
395.801	-222.55
396.015	385.7
396.228	324.26
396.442	-351.57
396.656	-413.01
396.869	397.99
397.083	819.87
397.297	-60.76
397.51	-109.91
397.724	361.13
397.938	260.77
398.151	-419.15
398.365	-359.76
398.578	465.57
398.792	662.18
399.005	141.99
399.219	-179.54
399.433	268.97
399.646	449.19
399.86	98.99
400.073	248.49
400.287	297.64
400.5	365.22
400.714	135.85
400.927	-79.19
401.141	529.06
401.354	1815.18
401.567	459.43
401.781	-372.05
401.994	352.93
402.208	803.49
402.421	17.07
402.635	-81.24
402.848	80.55
403.061	410.28
403.275	-38.23
403.488	-304.46
403.701	496.29
403.915	733.86
404.128	58.03
404.341	-109.91
404.555	795.29
404.768	72.36
404.981	250.53
405.195	-101.72
405.408	510.63
405.621	422.56
405.834	250.53
406.048	-261.46
406.261	553.63
406.474	457.38
406.687	-212.31
406.9	-17.75
407.114	445.09
407.327	592.55
407.54	-257.36
407.753	-372.05
407.966	60.07
408.179	301.73
408.392	-185.68
408.605	-314.7
408.819	385.7
409.032	457.38
409.245	12.97
409.458	271.01
409.671	365.22
409.884	561.83
410.097	-251.22
410.31	94.89
410.523	682.66
410.736	170.66
410.949	88.75
411.162	-105.81
411.375	459.43
411.588	512.67
411.801	133.8
412.014	-161.11
412.227	203.43
412.44	316.07
412.653	47.79
412.865	295.59
413.078	664.22
413.291	514.72
413.504	82.6
413.717	-296.27
413.93	746.14
414.143	94.89
414.356	141.99
414.568	-331.09
414.781	529.06
414.994	580.26
415.207	31.4
415.42	111.27
415.632	461.48
415.845	934.56
416.058	-224.59
416.271	-261.46
416.483	408.23
416.696	662.18
416.909	-103.76
417.121	-60.76
417.334	336.55
417.547	709.28
417.759	-107.86
417.972	-52.56
418.185	283.3
418.397	447.14
418.61	-44.37
418.823	-64.85
419.035	709.28
419.248	578.21
419.46	-17.75
419.673	121.51
419.885	230.06
420.098	455.33
420.311	-66.9
420.523	-234.83
420.736	561.83
420.948	318.12
421.161	-23.89
421.373	-240.98
421.586	271.01
421.798	141.99
422.01	-236.88
422.223	221.86
422.435	25.26
422.648	641.7
422.86	-77.14
423.073	41.64
423.285	451.24
423.497	287.4
423.71	-58.71
423.922	72.36
424.134	740
424.347	879.26
424.559	373.41
424.771	475.81
424.984	543.39
425.196	545.44
425.408	-202.07
425.621	-150.87
425.833	701.09
426.045	877.21
426.257	-64.85
426.47	144.04
426.682	363.17
426.894	348.84
427.106	2.73
427.318	156.33
427.531	447.14
427.743	586.4
427.955	238.25
428.167	907.93
428.379	340.65
428.591	371.37
428.804	238.25
429.016	-23.89
429.228	502.44
429.44	606.88
429.652	13769.18
429.864	-148.82
430.076	479.91
430.288	496.29
430.5	211.62
430.712	283.3
430.924	598.69
431.136	701.09
431.348	-83.28
431.56	64.17
431.772	348.84
431.984	242.34
432.196	2.73
432.408	47.79
432.62	410.28
432.832	709.28
433.044	506.53
433.256	271.01
433.468	694.94
433.679	228.01
433.891	-50.52
434.103	494.24
434.315	1026.72
434.527	584.35
434.739	332.45
434.95	131.75
435.162	631.46
435.374	242.34
435.586	217.77
435.798	152.23
436.009	410.28
436.221	504.48
436.433	279.21
436.645	213.67
436.856	494.24
437.068	918.17
437.28	131.75
437.491	500.39
437.703	778.91
437.915	717.47
438.126	150.18
438.338	656.03
438.55	537.25
438.761	600.74
438.973	309.93
439.184	185
439.396	617.12
439.608	580.26
439.819	133.8
440.031	391.84
440.242	807.58
440.454	742.05
440.665	236.2
440.877	512.67
441.088	909.98
441.3	721.57
441.511	51.88
441.723	232.1
441.934	1092.25
442.146	832.16
442.357	469.67
442.569	758.43
442.78	848.54
442.991	1413.78
443.203	772.77
443.414	258.73
443.626	1004.19
443.837	658.08
444.048	297.64
444.26	88.75
444.471	828.06
444.682	754.34
444.894	176.81
445.105	162.47
445.316	930.46
445.528	862.88
445.739	477.86
445.95	463.52
446.161	619.17
446.373	860.83
446.584	377.51
446.795	348.84
447.006	1082.01
447.217	1139.35
447.429	182.95
447.64	172.71
447.851	1639.06
448.062	996
448.273	115.37
448.484	373.41
448.695	850.59
448.907	1041.05
449.118	580.26
449.329	707.23
449.54	639.65
449.751	719.52
449.962	377.51
450.173	275.11
450.384	998.04
450.595	1163.93
450.806	342.69
451.017	531.11
451.228	1147.55
451.439	963.23
451.65	500.39
451.861	6.83
452.072	764.58
452.283	903.84
452.494	664.22
452.705	424.61
452.915	1596.05
453.126	971.42
453.337	621.22
453.548	301.73
453.759	1340.05
453.97	1362.58
454.181	1053.34
454.391	567.97
454.602	1020.57
454.813	1368.73
455.024	688.8
455.235	518.82
455.445	1315.48
455.656	1039
455.867	834.21
456.078	545.44
456.288	909.98
456.499	1227.42
456.71	500.39
456.921	1020.57
457.131	1088.15
457.342	944.8
457.553	535.2
457.763	699.04
457.974	1168.02
458.184	1079.96
458.395	490.15
458.606	357.03
458.816	1512.08
459.027	1409.69
459.237	909.98
459.448	545.44
459.659	1383.06
459.869	2257.54
460.08	391.84
460.29	830.11
460.501	1397.4
460.711	1104.54
460.922	522.91
461.132	631.46
461.343	2108.04
461.553	957.08
461.764	664.22
461.974	797.34
462.184	1428.12
462.395	1407.64
462.605	840.35
462.816	531.11
463.026	1510.04
463.236	1309.33
463.447	639.65
463.657	680.61
463.867	1487.51
464.078	1327.77
464.288	899.74
464.498	815.77
464.709	1499.8
464.919	1432.21
465.129	828.06
465.339	799.39
465.55	1424.02
465.76	1542.8
465.97	938.65
466.18	807.58
466.391	1567.38
466.601	1540.76
466.811	1016.48
467.021	719.52
467.231	1778.32
467.441	1677.97
467.651	1010.33
467.862	725.66
468.072	1573.52
468.282	1546.9
468.492	950.94
468.702	1188.5
468.912	1596.05
469.122	2417.29
469.332	1430.16
469.542	940.7
469.752	2003.6
469.962	1628.82
470.172	1108.63
470.382	996
470.592	2046.6
470.802	1901.2
471.012	1454.74
471.222	1237.66
471.432	1815.18
471.642	1972.88
471.852	1512.08
472.062	1235.61
472.272	1825.42
472.482	1737.36
472.691	1348.25
472.901	1225.37
473.111	1594
473.321	2409.09
473.531	1282.71
473.741	1727.12
473.95	2142.86
474.16	2142.86
474.37	1757.84
474.58	1419.93
474.79	2654.85
474.999	2144.91
475.209	1505.94
475.419	1587.86
475.628	2114.19
475.838	2583.17
476.048	1872.53
476.258	1471.12
476.467	2378.37
476.677	2030.22
476.886	2044.56
477.096	1882.77
477.306	2232.97
477.515	2372.23
477.725	1989.26
477.935	2034.32
478.144	2939.52
478.354	2347.65
478.563	2077.32
478.773	1858.19
478.982	2820.74
479.192	2738.82
479.401	2173.58
479.611	1925.77
479.82	2237.06
480.03	2642.56
480.239	2052.75
480.449	1993.36
480.658	3013.24
480.868	2546.31
481.077	2337.42
481.287	2298.5
481.496	2734.72
481.705	2933.37
481.915	2744.96
482.124	2491.01
482.333	2808.45
482.543	3291.77
482.752	2548.36
482.961	2339.46
483.171	3029.63
483.38	2892.41
483.589	2622.08
483.799	2515.59
484.008	2966.14
484.217	2970.24
484.426	2718.34
484.636	2392.71
484.845	3363.45
485.054	2814.59
485.263	3195.51
485.472	2613.89
485.682	3455.61
485.891	3230.33
486.1	2544.26
486.309	2790.02
486.518	3453.56
486.727	4268.65
486.936	2753.15
487.146	3062.4
487.355	3658.35
487.564	3199.61
487.773	2941.57
487.982	2929.28
488.191	3420.79
488.4	3779.18
488.609	3021.44
488.818	3095.16
489.027	3981.93
489.236	3918.45
489.445	3136.12
489.654	2886.27
489.863	3975.79
490.072	3496.57
490.281	3981.93
490.49	3373.69
490.698	4065.9
490.907	4379.24
491.116	3424.89
491.325	3248.76
491.534	4174.44
491.743	3748.47
491.952	3441.27
492.16	3586.68
492.369	4158.06
492.578	4285.03
492.787	3543.67
492.996	3408.5
493.204	3857.01
493.413	4303.47
493.622	3318.39
493.831	3238.52
494.039	4661.86
494.248	3805.81
494.457	3486.33
494.665	3363.45
494.874	4295.27
495.083	4821.6
495.291	3607.16
495.5	3617.4
495.709	4575.84
495.917	4129.39
496.126	3891.82
496.335	3539.57
496.543	4190.83
496.752	4379.24
496.96	4375.14
497.169	3635.83
497.377	4358.76
497.586	4756.07
497.794	4063.85
498.003	3551.86
498.211	4543.08
498.42	4649.57
498.628	4031.09
498.837	3854.96
499.045	4549.22
499.254	4469.35
499.462	4072.04
499.671	3990.13
499.879	5491.29
500.087	4825.7
500.296	3990.13
500.504	4051.56
500.713	4678.24
500.921	5112.41
501.129	4106.86
501.338	4108.91
501.546	4833.89
501.754	4797.03
501.962	4282.99
502.171	4231.79
502.379	4930.14
502.587	5010.01
502.795	4354.66
503.004	4487.78
503.212	5165.66
503.42	5073.5
503.628	4520.55
503.837	4512.36
504.045	5108.32
504.253	5538.39
504.461	4399.72
504.669	4319.85
504.877	5573.21
505.085	5257.82
505.294	4266.6
505.502	4790.88
505.71	5446.23
505.918	5042.78
506.126	4485.73
506.334	4668
506.542	5229.15
506.75	5225.05
506.958	5067.36
507.166	4756.07
507.374	5096.03
507.582	5585.49
507.79	4813.41
507.998	4790.88
508.206	5671.51
508.414	5509.72
508.622	4817.51
508.83	4862.56
509.037	5251.67
509.245	5126.75
509.453	4819.55
509.661	4647.52
509.869	5694.04
510.077	5241.43
510.285	5134.94
510.492	4491.88
510.7	6029.9
510.908	5395.03
511.116	5028.45
511.324	4807.27
511.531	5456.47
511.739	5718.61
511.947	5280.35
512.155	5431.9
512.362	5739.09
512.57	5339.74
512.778	4862.56
512.985	4825.7
513.193	5550.68
513.401	5915.22
513.608	5132.89
513.816	5048.93
514.024	5878.35
514.231	5753.43
514.439	5108.32
514.646	5233.24
514.854	6015.57
515.061	5874.26
515.269	5388.89
515.477	5239.39
515.684	5614.17
515.892	5892.69
516.099	5057.12
516.307	5005.92
516.514	6146.64
516.722	6308.43
516.929	5239.39
517.136	5302.87
517.344	6031.95
517.551	6034
517.759	5253.72
517.966	5413.46
518.173	5921.36
518.381	6050.38
518.588	5413.46
518.796	5272.15
519.003	6169.16
519.21	6322.76
519.418	5468.76
519.625	5976.66
519.832	6105.68
520.039	6365.77
520.247	5190.24
520.454	5714.52
520.661	6238.8
520.868	6109.77
521.076	5536.34
521.283	5771.86
521.49	6738.5
521.697	6289.99
521.904	5704.28
522.112	5788.24
522.319	6439.5
522.526	6289.99
522.733	5669.46
522.94	5466.71
523.147	6439.5
523.354	6261.32
523.561	5771.86
523.768	6029.9
523.975	6703.68
524.183	6459.98
524.39	6183.5
524.597	5763.67
524.804	6240.84
525.011	6255.18
525.218	5878.35
525.425	5911.12
525.632	6758.98
525.838	6427.21
526.045	5859.92
526.252	6181.45
526.459	8479.27
526.666	8565.29
526.873	6077.01
527.08	6081.1
527.287	7017.02
527.494	6937.15
527.701	6103.63
527.907	6138.44
528.114	6877.76
528.321	6906.43
528.528	6226.51
528.735	6421.06
528.941	6513.22
529.148	6578.76
529.355	6021.71
529.562	6238.8
529.768	7764.53
529.975	6808.13
530.182	6396.49
530.388	6138.44
530.595	6939.2
530.802	6576.71
531.008	6730.31
531.215	6414.92
531.422	7936.56
531.628	7920.18
531.835	6513.22
532.042	6632.01
532.248	7045.7
532.455	7289.4
532.661	6439.5
532.868	6652.49
533.074	7068.22
533.281	7481.91
533.487	6650.44
533.694	6394.44
533.9	7088.7
534.107	6914.63
534.313	6543.94
534.52	6400.59
534.726	7213.63
534.933	7705.14
535.139	6808.13
535.345	6650.44
535.552	7928.37
535.758	7684.66
535.965	6677.06
536.171	6740.55
536.377	7682.61
536.584	7944.75
536.79	6730.31
536.996	7129.66
537.203	7553.59
537.409	7944.75
537.615	6867.52
537.821	7162.43
538.028	8153.65
538.234	7707.19
538.44	7242.3
538.646	7045.7
538.853	7438.91
539.059	7330.36
539.265	7705.14
539.471	6660.68
539.677	7938.61
539.883	7551.54
540.09	8704.55
540.296	7539.26
540.502	7844.4
540.708	7600.69
540.914	7674.42
541.12	7320.12
541.326	7983.66
541.532	7998
541.738	7639.61
541.944	7201.34
542.15	8219.18
542.356	7770.68
542.562	7107.13
542.768	7457.34
542.974	8346.16
543.18	8241.71
543.386	7377.47
543.592	7053.89
543.798	8702.5
544.004	8282.67
544.21	7395.9
544.415	7635.51
544.621	8157.74
544.827	8938.02
545.033	7582.26
545.239	7860.79
545.445	7938.61
545.651	8270.38
545.856	7885.36
546.062	7576.12
546.268	8221.23
546.474	8264.24
546.679	7490.1
546.885	7612.98
547.091	7983.66
547.297	8727.08
547.502	7778.87
547.708	7438.91
547.914	8067.63
548.119	8602.15
548.325	7496.25
548.531	7494.2
548.736	8761.89
548.942	8284.72
549.147	7780.92
549.353	8137.26
549.559	8837.67
549.764	8516.14
549.97	7629.37
550.175	7873.07
550.381	8614.44
550.586	8176.17
550.792	8045.1
550.997	7785.01
551.203	8596.01
551.408	8620.58
551.614	7858.74
551.819	7897.65
552.025	9163.29
552.23	8870.44
552.435	7977.52
552.641	8335.92
552.846	8583.72
553.052	9151.01
553.257	8165.93
553.462	8084.02
553.668	8710.69
553.873	9062.94
554.078	8172.08
554.283	8219.18
554.489	8958.5
554.694	8757.8
554.899	8084.02
555.105	8593.96
555.31	9093.66
555.515	9040.42
555.72	8346.16
555.925	9486.87
556.131	9030.18
556.336	8897.06
556.541	8366.64
556.746	8073.78
556.951	9269.79
557.156	9101.86
557.361	8471.08
557.567	8768.04
557.772	9355.8
557.977	9243.17
558.182	8374.83
558.387	8401.45
558.592	9038.37
558.797	9638.42
559.002	8778.28
559.207	8839.72
559.412	9206.3
559.617	9544.22
559.822	8618.54
560.027	8499.75
560.232	9081.38
560.437	9312.8
560.642	8362.54
560.847	8671.78
561.051	9200.16
561.256	9599.51
561.461	8679.97
561.666	8520.23
561.871	9095.71
562.076	9607.7
562.281	8710.69
562.485	8374.83
562.69	9427.48
562.895	9341.47
563.1	8659.49
563.305	8561.19
563.509	9466.39
563.714	9837.08
563.919	8630.82
564.123	8540.71
564.328	9333.28
564.533	9818.64
564.737	8618.54
564.942	8677.93
565.147	9538.07
565.351	9626.14
565.556	8718.89
565.761	8696.36
565.965	9622.04
566.17	9024.03
566.374	8757.8
566.579	8694.31
566.784	9806.36
566.988	9607.7
567.193	8649.25
567.397	9153.06
567.602	9312.8
567.806	9454.11
568.011	9001.51
568.215	9075.23
568.42	9527.83
568.624	9720.34
568.828	8901.15
569.033	9126.43
569.237	9832.98
569.442	9814.55
569.646	8878.63
569.85	8991.27
570.055	9706.01
570.259	9632.28
570.463	9425.43
570.668	9124.38
570.872	9847.32
571.076	9769.49
571.281	9490.97
571.485	9359.9
571.689	9990.67
571.893	10058.26
572.098	9241.12
572.302	9194.01
572.506	9927.19
572.71	9919
572.914	9380.38
573.119	9173.53
573.323	10058.26
573.527	10310.16
573.731	9325.08
573.935	9108
574.139	9798.17
574.343	9591.32
574.547	9390.62
574.751	9648.66
574.955	10025.49
575.159	10066.45
575.364	9388.57
575.568	9533.98
575.772	9716.25
575.976	10123.79
576.18	9329.18
576.383	9298.46
576.587	10295.82
576.791	10068.5
576.995	9359.9
577.199	9314.84
577.403	10107.41
577.607	10193.42
577.811	9419.29
578.015	9706.01
578.219	10349.07
578.422	10367.5
578.626	9626.14
578.83	9837.08
579.034	10476.04
579.238	10476.04
579.442	9787.93
579.645	10398.22
579.849	10109.46
580.053	10297.87
580.257	9699.86
580.46	10056.21
580.664	10650.12
580.868	10480.14
581.071	10166.8
581.275	10170.9
581.479	10027.54
581.682	10773
581.886	9687.57
582.09	9757.21
582.293	10744.33
582.497	10770.95
582.7	10037.78
582.904	10076.69
583.107	10605.06
583.311	10535.43
583.515	9826.84
583.718	9986.58
583.922	10752.52
584.125	11608.57
584.329	10150.42
584.532	10246.67
584.735	11117.06
584.939	10621.45
585.142	9904.66
585.346	9865.75
585.549	10500.62
585.753	10773
585.956	9794.07
586.159	10361.36
586.363	11145.73
586.566	10910.21
586.769	10005.01
586.973	10074.64
587.176	10672.65
587.379	10983.94
587.582	10615.3
587.786	10824.2
587.989	10871.3
588.192	11883
588.395	10680.84
588.599	11016.71
588.802	11037.19
589.005	11246.08
589.208	10390.03
589.411	10277.39
589.615	10906.12
589.818	11444.73
590.021	10979.84
590.224	10652.17
590.427	11440.64
590.63	11143.68
590.833	10091.02
591.036	10285.58
591.239	11151.87
591.442	10721.8
591.645	10879.49
591.848	10549.77
592.051	11137.54
592.254	11272.7
592.457	10576.39
592.66	10523.15
592.863	11260.41
593.066	11434.49
593.269	10783.24
593.472	10664.46
593.675	11221.5
593.878	11424.25
594.081	10865.16
594.284	10619.4
594.486	11319.81
594.689	11475.45
594.892	10879.49
595.095	10971.65
595.298	11522.55
595.5	11227.65
595.703	11063.81
595.906	11072
596.109	11559.42
596.311	11506.17
596.514	10809.86
596.717	11088.39
596.92	11868.66
597.122	11940.34
597.325	10693.13
597.528	10955.27
597.73	12263.92
597.933	11850.23
598.136	11196.93
598.338	10598.92
598.541	11985.4
598.743	12089.84
598.946	11018.75
599.148	11094.53
599.351	11721.21
599.554	11794.93
599.756	11278.85
599.959	11260.41
600.161	11942.39
600.363	12333.55
600.566	11665.91
600.768	11194.88
600.971	12120.56
601.173	11917.81
601.376	11317.76
601.578	11430.4
601.78	11823.61
601.983	12370.41
602.185	11237.89
602.388	11854.33
602.59	12122.61
602.792	12073.46
602.995	11624.95
603.197	11352.57
603.399	11870.71
603.601	12161.52
603.804	11170.3
604.006	11227.65
604.208	11620.86
604.41	11317.76
604.613	11487.74
604.815	11141.63
605.017	12311.02
605.219	11987.44
605.421	12233.2
605.623	11239.94
605.826	12339.69
606.028	12708.33
606.23	11547.13
606.432	11278.85
606.634	12157.43
606.836	12229.1
607.038	11289.09
607.24	11475.45
607.442	12081.65
607.644	12108.27
607.846	11702.78
608.048	11325.95
608.25	12450.28
608.452	11864.57
608.654	11887.09
608.856	11440.64
609.058	11952.63
609.26	12325.36
609.462	11622.91
609.664	11581.95
609.866	12274.16
610.067	12251.63
610.269	11737.59
610.471	11606.52
610.673	11944.44
610.875	12259.82
611.077	11495.93
611.278	11557.37
611.48	12005.88
611.682	12521.96
611.884	11459.07
612.085	11682.3
612.287	12165.62
612.489	12147.19
612.69	11508.22
612.892	11997.68
613.094	12763.62
613.295	12102.13
613.497	11573.75
613.699	11690.49
613.9	12513.77
614.102	12448.24
614.304	11807.22
614.505	11514.36
614.707	12345.84
614.908	12358.13
615.11	11629.05
615.311	11917.81
615.513	12251.63
615.714	12210.67
615.916	11700.73
616.117	11903.48
616.319	12581.35
616.52	12427.76
616.722	11801.08
616.923	11831.8
617.124	12693.99
617.326	12194.29
617.527	12100.08
617.729	12268.02
617.93	12708.33
618.131	12620.27
618.333	11610.62
618.534	12042.74
618.735	12597.74
618.937	12693.99
619.138	11917.81
619.339	11725.3
619.54	12599.79
619.742	12399.09
619.943	11753.98
620.144	11895.29
620.345	12812.78
620.546	12349.93
620.748	11766.26
620.949	11915.76
621.15	12507.63
621.351	12302.83
621.552	11766.26
621.753	11784.69
621.954	12247.54
622.155	12853.73
622.356	11692.54
622.558	12112.37
622.759	12894.69
622.96	12798.44
623.161	12057.07
623.362	11973.11
623.563	12583.4
623.764	12595.69
623.965	11805.17
624.166	12245.49
624.366	12505.58
624.567	12710.38
624.768	11723.26
624.969	11825.65
625.17	12182
625.371	12394.99
625.572	12261.87
625.773	11891.19
625.973	12628.46
626.174	12892.65
626.375	11964.92
626.576	12286.45
626.777	12728.81
626.977	12892.65
627.178	12112.37
627.379	12446.19
627.58	12831.21
627.78	12546.54
627.981	12001.78
628.182	12089.84
628.382	12691.94
628.583	12374.51
628.784	11766.26
628.984	12413.42
629.185	12624.36
629.386	12888.55
629.586	12384.75
629.787	12128.75
629.987	12663.27
630.188	12847.59
630.388	12265.97
630.589	12270.06
630.79	13316.58
630.99	12757.48
631.191	12208.62
631.391	12493.29
631.591	12984.8
631.792	13029.86
631.992	12573.16
632.193	12438
632.393	13283.81
632.594	12653.03
632.794	12126.71
632.994	12431.85
633.195	12640.75
633.395	12820.97
633.595	12321.26
633.796	12257.78
633.996	12853.73
634.196	12968.42
634.397	11973.11
634.597	12356.08
634.797	12759.53
634.997	13013.48
635.198	12663.27
635.398	12145.14
635.598	13126.11
635.798	12833.25
635.998	12730.86
636.199	12188.14
636.399	12505.58
636.599	12585.45
636.799	12079.6
636.999	12730.86
637.199	12995.04
637.399	13468.13
637.599	12159.47
637.799	12655.08
637.999	12841.45
638.199	13191.65
638.399	12405.23
638.599	12268.02
638.799	13187.55
638.999	13201.89
639.199	12814.82
639.399	12599.79
639.599	13240.8
639.799	12886.5
639.999	12427.76
640.199	12544.49
640.399	13042.15
640.599	13187.55
640.799	12835.3
640.998	12763.62
641.198	13218.27
641.398	13158.88
641.598	12878.31
641.798	12628.46
641.997	14424.53
642.197	13079.01
642.397	13160.93
642.597	12589.55
642.796	13017.57
642.996	12933.61
643.196	13160.93
643.395	12368.37
643.595	12974.56
643.795	12505.58
643.994	12339.69
644.194	12521.96
644.394	13656.54
644.593	13414.88
644.793	12886.5
644.992	12816.87
645.192	13330.91
645.392	13017.57
645.591	13046.24
645.791	12773.86
645.99	13474.27
646.19	13013.48
646.389	12560.88
646.589	12564.97
646.788	13144.55
646.987	13341.15
647.187	13496.8
647.386	12880.36
647.586	12964.32
647.785	13769.18
647.984	12485.1
648.184	12847.59
648.383	13177.31
648.582	12966.37
648.782	12927.46
648.981	13218.27
649.18	13099.49
649.38	13316.58
649.579	13036
649.778	12714.47
649.977	13767.13
650.177	13484.51
650.376	12702.18
650.575	12712.42
650.774	13619.67
650.973	13439.45
651.173	12708.33
651.372	13044.2
651.571	13081.06
651.77	13662.68
651.969	12882.41
652.168	13054.44
652.367	13259.23
652.566	13648.35
652.765	13130.21
652.964	13638.11
653.163	13890.01
653.362	13418.97
653.561	12863.97
653.76	13050.34
653.959	13339.1
654.158	13754.84
654.357	13306.34
654.556	13007.33
654.755	13842.9
654.954	13701.59
655.153	13058.53
655.352	13130.21
655.551	13781.46
655.749	13375.97
655.948	13287.9
656.147	13347.3
656.346	13701.59
656.545	13414.88
656.743	13232.61
656.942	13226.46
657.141	13519.32
657.34	13681.11
657.538	12954.09
657.737	13171.17
657.936	13787.61
658.135	13380.06
658.333	13167.07
658.532	13504.99
658.731	13795.8
658.929	14076.37
659.128	13535.71
659.326	13103.59
659.525	14047.7
659.724	13959.64
659.922	12964.32
660.121	12993
660.319	13386.21
660.518	13296.1
660.716	13095.39
660.915	12993
661.113	14031.32
661.312	13353.44
661.51	13568.48
661.709	12956.13
661.907	13535.71
662.105	13816.28
662.304	13193.7
662.502	13218.27
662.701	14000.6
662.899	13449.69
663.097	13812.18
663.296	13183.46
663.494	13857.24
663.692	13961.69
663.891	13201.89
664.089	13136.35
664.287	13492.7
664.485	13703.64
664.684	13177.31
664.882	13234.66
665.08	13666.78
665.278	13781.46
665.476	13173.22
665.675	13732.31
665.873	14047.7
666.071	14109.14
666.269	13371.87
666.467	13619.67
666.665	14074.32
666.863	13898.2
667.061	13695.45
667.259	13484.51
667.457	13758.94
667.655	13869.53
667.853	13148.64
668.051	13574.62
668.249	13451.74
668.447	13885.91
668.645	13040.1
668.843	13468.13
669.041	13838.81
669.239	13482.46
669.437	13414.88
669.635	13595.1
669.833	13742.55
670.031	13832.66
670.229	13390.3
670.426	13396.45
670.624	13595.1
670.822	13726.17
671.02	12962.28
671.218	13461.98
671.415	13367.77
671.613	13545.95
671.811	13398.49
672.009	13242.85
672.206	13738.46
672.404	13541.85
672.602	13705.69
672.799	13644.25
672.997	13681.11
673.195	13738.46
673.392	13152.74
673.59	13193.7
673.788	13664.73
673.985	13130.21
674.183	13423.07
674.38	13111.78
674.578	13795.8
674.775	13308.38
674.973	12843.49
675.17	12892.65
675.368	13699.55
675.565	13568.48
675.763	13314.53
675.96	13062.63
676.158	13685.21
676.355	13578.72
676.553	13283.81
676.75	13181.41
676.947	13552.09
677.145	13312.48
677.342	13263.33
677.539	13101.54
677.737	13722.07
677.934	13924.82
678.131	13367.77
678.329	13111.78
678.526	14201.3
678.723	13591
678.92	13326.82
679.118	13283.81
679.315	13171.17
679.512	13808.09
679.709	13279.71
679.906	13441.5
680.104	13904.34
680.301	13672.92
680.498	13074.92
680.695	13013.48
680.892	13629.91
681.089	13533.66
681.286	13027.81
681.483	12638.7
681.68	13328.86
681.877	13568.48
682.075	13124.07
682.272	13253.09
682.469	13398.49
682.665	13580.76
682.862	12935.65
683.059	12718.57
683.256	13466.08
683.453	13552.09
683.65	13150.69
683.847	13218.27
684.044	13539.8
684.241	13246.94
684.438	13349.34
684.635	12855.78
684.831	14041.56
685.028	14070.23
685.225	12837.35
685.422	13513.18
685.619	13509.08
685.815	13169.12
686.012	13009.38
686.209	12947.94
686.405	13248.99
686.602	13500.89
686.799	12470.76
686.996	12964.32
687.192	13351.39
687.389	14186.96
687.586	12900.84
687.782	12823.01
687.979	13930.97
688.175	13531.61
688.372	12964.32
688.568	13009.38
688.765	13183.46
688.962	13427.17
689.158	12982.76
689.355	12569.07
689.551	13201.89
689.748	13300.19
689.944	13058.53
690.14	12988.9
690.337	13552.09
690.533	13353.44
690.73	12958.18
690.926	13011.43
691.123	13169.12
691.319	13236.7
691.515	12556.78
691.712	13179.36
691.908	13105.63
692.104	13330.91
692.301	12874.21
692.497	12675.56
692.693	13130.21
692.889	12857.83
693.086	12952.04
693.282	12356.08
693.478	13132.26
693.674	13578.72
693.87	12880.36
694.067	12569.07
694.263	13251.04
694.459	13001.19
694.655	13009.38
694.851	13005.28
695.047	13111.78
695.243	13095.39
695.439	12886.5
695.635	12610.03
695.831	13267.42
696.027	12921.32
696.224	12386.8
696.42	13058.53
696.615	13353.44
696.811	13648.35
697.007	12642.79
697.203	12509.68
697.399	13042.15
697.595	13054.44
697.791	12618.22
697.987	12507.63
698.183	12833.25
698.379	13027.81
698.575	12542.44
698.77	12509.68
698.966	13165.03
699.162	13267.42
699.358	12472.81
699.554	12847.59
699.749	13261.28
699.945	13203.94
700.141	12880.36
700.337	12569.07
700.532	12726.76
700.728	12882.41
700.924	12290.54
701.119	12294.64
701.315	12870.12
701.511	12773.86
701.706	12769.77
701.902	12179.95
702.097	12851.69
702.293	13091.3
702.489	12464.62
702.684	12313.07
702.88	13087.2
703.075	12857.83
703.271	12327.41
703.466	12182
703.662	13023.72
703.857	13105.63
704.053	12513.77
704.248	12427.76
704.443	13203.94
704.639	12884.45
704.834	12534.25
705.03	12349.93
705.225	12919.27
705.42	13064.68
705.616	12517.87
705.811	12233.2
706.006	12673.51
706.202	12698.09
706.397	12524.01
706.592	12073.46
706.787	12800.49
706.983	12440.04
707.178	12698.09
707.373	12464.62
707.568	12958.18
707.763	13038.05
707.959	12001.78
708.154	12294.64
708.349	12517.87
708.544	12980.71
708.739	12505.58
708.934	12036.59
709.129	12876.26
709.324	12909.03
709.519	12339.69
709.714	12249.58
709.909	12798.44
710.104	12937.7
710.299	12298.74
710.494	12390.89
710.689	12794.34
710.884	12558.83
711.079	12220.91
711.274	12599.79
711.469	13009.38
711.664	12786.15
711.859	12255.73
712.054	12401.13
712.249	12796.39
712.443	12911.08
712.638	11921.91
712.833	12212.72
713.028	12558.83
713.223	12278.26
713.417	12534.25
713.612	11897.33
713.807	12958.18
714.002	13224.42
714.196	12311.02
714.391	11919.86
714.586	12859.88
714.78	12816.87
714.975	11911.67
715.17	12237.3
715.364	12333.55
715.559	12788.2
715.754	11837.94
715.948	11975.16
716.143	13169.12
716.337	12450.28
716.532	12354.03
716.726	12212.72
716.921	12831.21
717.115	12921.32
717.31	12091.89
717.504	12947.94
717.699	12374.51
717.893	12646.89
718.088	11721.21
718.282	11846.13
718.476	12229.1
718.671	12526.06
718.865	12046.83
719.059	11850.23
719.254	12175.86
719.448	12661.23
719.642	14541.26
719.837	11627
720.031	14213.59
720.225	12552.68
720.419	11985.4
720.614	11821.56
720.808	12214.77
721.002	12130.8
721.196	11753.98
721.39	11672.06
721.585	12292.59
721.779	12614.12
721.973	11835.89
722.167	11573.75
722.361	11995.64
722.555	12487.15
722.749	11844.09
722.943	11856.37
723.137	11969.01
723.331	12145.14
723.525	11633.15
723.719	11588.09
723.913	12421.61
724.107	12532.2
724.301	11461.12
724.495	11530.75
724.689	12724.71
724.883	12268.02
725.077	11731.45
725.271	11475.45
725.465	12456.43
725.659	11874.81
725.853	12042.74
726.046	11579.9
726.24	11913.72
726.434	12323.31
726.628	11753.98
726.822	11817.46
727.015	12474.86
727.209	12673.51
727.403	11827.7
727.596	11614.71
727.79	12241.39
727.984	12474.86
728.177	11706.87
728.371	11917.81
728.565	12581.35
728.758	12038.64
728.952	11690.49
729.146	11643.39
729.339	12417.52
729.533	12186.1
729.726	11839.99
729.92	11461.12
730.113	12552.68
730.307	12343.79
730.5	11557.37
730.694	11622.91
730.887	11850.23
731.081	12241.39
731.274	11407.87
731.468	11575.8
731.661	11940.34
731.854	12030.45
732.048	11422.2
732.241	11444.73
732.435	11962.87
732.628	12110.32
732.821	11776.5
733.014	11414.01
733.208	11829.75
733.401	12204.53
733.594	11586.04
733.788	11463.16
733.981	11962.87
734.174	11997.68
734.367	11739.64
734.56	11866.61
734.754	12452.33
734.947	12165.62
735.14	11477.5
735.333	11657.72
735.526	12440.04
735.719	11751.93
735.912	11430.4
736.105	11543.03
736.298	12186.1
736.491	12106.23
736.684	11500.03
736.877	11489.79
737.07	12339.69
737.263	12354.03
737.456	11538.94
737.649	11663.86
737.842	12222.96
738.035	12063.22
738.228	11301.37
738.421	11592.19
738.614	12130.8
738.807	12229.1
739	11235.84
739.192	11295.23
739.385	11829.75
739.578	11969.01
739.771	11872.76
739.964	11309.57
740.156	11936.24
740.349	12036.59
740.542	11999.73
740.735	11383.29
740.927	11723.26
741.12	11858.42
741.313	11168.26
741.505	11702.78
741.698	12173.81
741.891	11913.72
742.083	11801.08
742.276	11147.78
742.468	12214.77
742.661	11985.4
742.854	11266.56
743.046	11393.53
743.239	12098.03
743.431	12034.55
743.624	11065.86
743.816	10895.88
744.009	11657.72
744.201	11702.78
744.393	11551.23
744.586	11112.96
744.778	12046.83
744.971	11960.82
745.163	11235.84
745.355	11469.31
745.548	11983.35
745.74	11928.05
745.932	11631.1
746.125	11555.32
746.317	12186.1
746.509	11727.35
746.702	11360.77
746.894	11231.74
747.086	11868.66
747.278	12042.74
747.471	11747.83
747.663	11448.83
747.855	11846.13
748.047	12112.37
748.239	11307.52
748.431	11223.55
748.623	12095.99
748.815	12063.22
749.008	11172.35
749.2	11258.37
749.392	11688.44
749.584	11737.59
749.776	11399.68
749.968	11489.79
750.16	11966.96
750.352	11616.76
750.544	11121.15
750.736	11196.93
750.928	11751.93
751.12	11856.37
751.311	11254.27
751.503	11510.27
751.695	11639.29
751.887	11817.46
752.079	10924.55
752.271	11180.54
752.463	12286.45
752.654	11635.19
752.846	11151.87
753.038	10844.68
753.23	11532.79
753.421	11594.23
753.613	11055.62
753.805	11538.94
753.997	11577.85
754.188	11610.62
754.38	10779.14
754.572	10985.99
754.763	11256.32
754.955	11469.31
755.146	11129.34
755.338	11108.87
755.53	11821.56
755.721	11581.95
755.913	10596.87
756.104	10813.96
756.296	11239.94
756.487	11612.67
756.679	10793.48
756.87	10725.9
757.062	11416.06
757.253	11364.86
757.445	10748.42
757.636	11151.87
757.827	11405.82
758.019	12044.79
758.21	10813.96
758.401	10717.7
758.593	11999.73
758.784	11596.28
758.975	10684.94
759.167	10641.93
759.358	11102.72
759.549	11612.67
759.74	10617.35
759.932	10707.46
760.123	11555.32
760.314	11319.81
760.505	10707.46
760.696	10797.57
760.888	11530.75
761.079	11442.68
761.27	10580.49
761.461	10582.54
761.652	11373.05
761.843	11321.85
762.034	10865.16
762.225	11411.96
762.416	11233.79
762.607	10963.46
762.798	10400.27
762.989	10775.05
763.18	12489.2
763.371	11362.81
763.562	10676.74
763.753	10447.37
763.944	11158.02
764.135	11198.98
764.326	10889.73
764.517	10506.76
764.708	11131.39
764.899	11063.81
765.089	10430.99
765.28	10283.53
765.471	10697.22
765.662	10977.8
765.853	10773
766.043	10375.69
766.234	11084.29
766.425	10904.07
766.615	10349.07
766.806	10066.45
766.997	10826.25
767.187	10721.8
767.378	10129.94
767.569	9935.38
767.759	10756.61
767.95	10543.63
768.141	10465.8
768.331	10330.64
768.522	10871.3
768.712	11139.58
768.903	10299.92
769.093	10281.49
769.284	10779.14
769.474	10828.29
769.665	10060.31
769.855	9681.43
770.046	10961.41
770.236	10715.66
770.426	10160.66
770.617	9968.15
770.807	10541.58
770.998	10873.35
771.188	10248.72
771.378	9847.32
771.569	10904.07
771.759	10557.96
771.949	9886.23
772.139	9671.19
772.33	10449.42
772.52	10592.78
772.71	9740.82
772.9	9875.99
773.09	10756.61
773.281	10781.19
773.471	9851.41
773.661	10048.02
773.851	10455.56
774.041	10443.28
774.231	9490.97
774.421	10195.47
774.611	10527.24
774.802	10338.83
774.992	9959.95
775.182	9585.18
775.372	10506.76
775.562	10408.46
775.752	9550.36
775.942	9527.83
776.131	10660.36
776.321	10342.92
776.511	9390.62
776.701	9357.85
776.891	10682.89
777.081	9916.95
777.271	9818.64
777.461	9628.18
777.651	10304.01
777.84	10410.51
778.03	9867.8
778.22	9761.3
778.41	10236.43
778.599	9962
778.789	9693.72
778.979	9622.04
779.169	10097.17
779.358	9843.22
779.548	9941.52
779.738	9482.78
779.927	10203.66
780.117	9755.16
780.307	9302.56
780.496	9208.35
780.686	9992.72
780.875	10607.11
781.065	9476.63
781.254	9298.46
781.444	10037.78
781.633	9992.72
781.823	9146.91
782.012	9183.77
782.202	9884.18
782.391	9757.21
782.581	9032.22
782.77	9568.79
782.96	10093.07
783.149	9548.31
783.338	9325.08
783.528	8938.02
783.717	10142.22
783.906	10252.81
784.096	9497.11
784.285	9302.56
784.474	9585.18
784.663	9728.53
784.853	8950.31
785.042	9407
785.231	9804.31
785.42	9730.58
785.61	9341.47
785.799	8985.12
785.988	9855.51
786.177	9615.9
786.366	9232.93
786.555	9765.4
786.744	9802.26
786.933	9683.48
787.122	8821.28
787.312	8772.13
787.501	9396.76
787.69	9769.49
787.879	8860.2
788.068	8917.54
788.257	9245.21
788.445	9656.86
788.634	9194.01
788.823	8753.7
789.012	9990.67
789.201	10013.2
789.39	9103.9
789.579	8864.29
789.768	9726.49
789.957	9490.97
790.145	8870.44
790.334	8567.34
790.523	9163.29
790.712	9493.02
790.9	9159.2
791.089	8843.81
791.278	9558.55
791.467	9490.97
791.655	9239.07
791.844	9710.1
792.033	9241.12
792.221	9253.41
792.41	8591.91
792.599	8270.38
792.787	9490.97
792.976	9417.24
793.164	8684.07
793.353	8794.66
793.541	9544.22
793.73	9650.71
793.918	9079.33
794.107	8866.34
794.295	9364
794.484	9228.83
794.672	9032.22
794.861	8800.8
795.049	9269.79
795.238	9527.83
795.426	8538.66
795.614	8565.29
795.803	9503.26
795.991	9232.93
796.179	8632.87
796.368	8395.31
796.556	9345.56
796.744	9153.06
796.932	8466.99
797.121	8421.93
797.309	9208.35
797.497	9224.73
797.685	8454.7
797.874	8573.48
798.062	9208.35
798.25	9450.01
798.438	8329.77
798.626	8448.55
798.814	9472.54
799.002	9503.26
799.19	8561.19
799.378	8634.92
799.566	9402.91
799.755	9464.35
799.943	8972.83
800.131	8501.8
800.318	8987.17
800.506	9277.98
800.694	8469.03
800.882	8745.51
801.07	9556.5
801.258	9237.02
801.446	8544.81
801.634	8788.52
801.822	9044.51
802.01	9071.14
802.197	8544.81
802.385	8741.41
802.573	9349.66
802.761	8964.64
802.949	8606.25
803.136	8301.1
803.324	9093.66
803.512	8997.41
803.699	8858.15
803.887	8210.99
804.075	9173.53
804.262	9036.32
804.45	8501.8
804.638	8770.08
804.825	9069.09
805.013	8833.57
805.201	8569.38
805.388	8346.16
805.576	9099.81
805.763	9398.81
805.951	8469.03
806.138	8671.78
806.326	9456.15
806.513	9194.01
806.701	8528.42
806.888	8639.01
807.075	9286.17
807.263	9456.15
807.45	8612.39
807.638	8630.82
807.825	9400.86
808.012	9462.3
808.2	8647.21
808.387	9118.24
808.574	9550.36
808.761	9583.13
808.949	8788.52
809.136	8809
809.323	9241.12
809.51	9392.67
809.698	9003.55
809.885	8938.02
810.072	9435.67
810.259	9380.38
810.446	8819.24
810.633	8876.58
810.82	9400.86
811.008	9832.98
811.195	9071.14
811.382	8970.79
811.569	9517.59
811.756	8952.35
811.943	8845.86
812.13	8538.66
812.317	9374.24
812.504	9312.8
812.691	8852
812.878	8868.39
813.064	9783.83
813.251	9337.37
813.438	8645.16
813.625	8897.06
813.812	9230.88
813.999	9396.76
814.186	8817.19
814.372	8657.45
814.559	9312.8
814.746	9595.42
814.933	8444.46
815.12	9146.91
815.306	9304.6
815.493	9128.48
815.68	8712.74
815.866	8798.76
816.053	9423.39
816.24	9513.5
816.426	8733.22
816.613	8598.06
816.799	9214.49
816.986	9683.48
817.173	8765.99
817.359	8591.91
817.546	9142.82
817.732	8968.74
817.919	8315.44
818.105	8729.13
818.292	9290.27
818.478	9210.4
818.665	8854.05
818.851	8460.84
819.037	10000.91
819.224	9253.41
819.41	8411.69
819.597	8481.32
819.783	9775.64
819.969	9423.39
820.156	8630.82
820.342	8415.79
820.528	10668.55
820.714	9138.72
820.901	8802.85
821.087	8591.91
821.273	9488.92
821.459	9081.38
821.646	8444.46
821.832	8399.4
822.018	9214.49
822.204	9118.24
822.39	8446.51
822.576	8495.66
822.762	9187.87
822.948	9177.63
823.134	8788.52
823.32	8428.07
823.507	8892.96
823.693	8993.31
823.879	9214.49
824.065	8288.81
824.25	8829.48
824.436	9024.03
824.622	8481.32
824.808	8434.22
824.994	9146.91
825.18	8933.92
825.366	8104.5
825.552	8462.89
825.738	9044.51
825.923	9308.7
826.109	8823.33
826.295	8192.56
826.481	8866.34
826.667	8907.3
826.852	8565.29
827.038	8155.69
827.224	9087.52
827.409	9007.65
827.595	7942.71
827.781	8516.14
827.966	9108
828.152	9114.14
828.338	8139.31
828.523	7838.26
828.709	8880.68
828.894	9005.6
829.08	8303.15
829.266	8186.41
829.451	8655.4
829.637	8995.36
829.822	8272.43
830.008	8270.38
830.193	8790.56
830.378	9077.28
830.564	8120.88
830.749	7995.95
830.935	8729.13
831.12	8544.81
831.305	7873.07
831.491	8262.19
831.676	8272.43
831.861	8780.32
832.047	8038.96
832.232	7995.95
832.417	8665.64
832.602	8905.25
832.788	8335.92
832.973	7952.95
833.158	8442.41
833.343	8495.66
833.528	8229.42
833.714	8170.03
833.899	8647.21
834.084	9232.93
834.269	8329.77
834.454	7971.38
834.639	8741.41
834.824	8774.18
835.009	7981.62
835.194	8135.21
835.379	8960.55
835.564	9034.27
835.749	8188.46
835.934	7852.59
836.119	8479.27
836.304	8641.06
836.489	7819.83
836.674	8223.28
836.859	8389.16
837.044	8835.62
837.228	7877.17
837.413	7670.33
837.598	8368.68
837.783	8575.53
837.968	7778.87
838.152	7658.04
838.337	7762.48
838.522	8923.68
838.707	8499.75
838.891	8067.63
839.076	8471.08
839.261	8090.16
839.445	7965.23
839.63	7885.36
839.815	8661.54
839.999	8057.39
840.184	7668.28
840.368	7645.75
840.553	8364.59
840.737	8026.67
840.922	7299.64
841.106	7529.02
841.291	7918.13
841.475	8237.61
841.66	7354.94
841.844	7297.6
842.029	8571.43
842.213	7852.59
842.397	7707.19
842.582	7221.82
842.766	8294.96
842.951	8331.82
843.135	7561.78
843.319	7551.54
843.504	8139.31
843.688	8620.58
843.872	7246.4
844.056	7590.45
844.241	8190.51
844.425	7901.75
844.609	7606.84
844.793	7283.26
844.977	8237.61
845.161	8067.63
845.346	7125.57
845.53	7174.72
845.714	7942.71
845.898	8397.35
846.082	7084.61
846.266	7285.31
846.45	7858.74
846.634	8077.87
846.818	7162.43
847.002	7510.58
847.186	8061.49
847.37	7494.2
847.554	7096.89
847.738	7426.62
847.922	7811.64
848.106	7729.72
848.29	7027.26
848.473	7283.26
848.657	7883.31
848.841	7639.61
849.025	6957.63
849.209	6855.23
849.392	7795.25
849.576	7524.92
849.76	6658.63
849.944	7293.5
850.127	8210.99
850.311	7557.69
850.495	6910.53
850.678	7017.02
850.862	7756.34
851.046	8024.62
851.229	7578.17
851.413	6986.3
851.596	8092.21
851.78	7537.21
851.964	7154.24
852.147	7137.85
852.331	8155.69
852.514	7940.66
852.698	7258.68
852.881	6842.95
853.065	7553.59
853.248	7455.29
853.431	7064.13
853.615	7166.53
853.798	8229.42
853.982	7713.33
854.165	7277.12
854.348	7000.64
854.532	7346.75
854.715	7350.84
854.898	6994.5
855.081	6652.49
855.265	7979.57
855.448	8077.87
855.631	6734.4
855.814	6795.84
855.997	7428.67
856.181	7545.4
856.364	6851.14
856.547	6548.04
856.73	7363.13
856.913	7729.72
857.096	6795.84
857.279	6869.57
857.462	7375.42
857.645	7443
857.828	6937.15
858.011	7201.34
858.194	7219.77
858.377	7275.07
858.56	6613.57
858.743	6685.25
858.926	7150.14
859.109	7375.42
859.292	6660.68
859.475	6629.96
859.658	7232.06
859.841	7371.32
860.023	6525.51
860.206	6445.64
860.389	7174.72
860.572	7197.24
860.755	6738.5
860.937	6720.07
861.12	7084.61
861.303	7049.79
861.486	6558.28
861.668	6363.72
861.851	6914.63
862.034	7299.64
862.216	6586.95
862.399	6265.42
862.581	7039.55
862.764	7184.96
862.947	6412.87
863.129	6220.36
863.312	6838.85
863.494	7234.11
863.677	7027.26
863.859	6083.15
864.042	7166.53
864.224	7019.07
864.406	6597.19
864.589	6140.49
864.771	6769.22
864.954	6785.6
865.136	6474.31
865.318	5988.94
865.501	7414.33
865.683	6494.79
865.865	6185.55
866.048	6232.65
866.23	7148.09
866.412	6736.45
866.594	6038.09
866.777	6437.45
866.959	6781.51
867.141	6693.44
867.323	6521.42
867.505	6599.24
867.687	6574.66
867.869	6898.24
868.052	6191.69
868.234	6187.6
868.416	6842.95
868.598	7019.07
868.78	6208.08
868.962	6208.08
869.144	7074.37
869.326	6789.7
869.508	6058.57
869.69	6122.06
869.872	6365.77
870.054	7131.71
870.236	5739.09
870.417	5941.84
870.599	6597.19
870.781	7211.58
870.963	6548.04
871.145	5898.83
871.327	6535.75
871.508	6861.38
871.69	6091.34
871.872	6148.68
872.054	6572.61
872.235	6664.77
872.417	6169.16
872.599	5947.98
872.78	7234.11
872.962	6666.82
873.144	5950.03
873.325	6246.99
873.507	6953.54
873.689	6840.9
873.87	5861.97
874.052	6203.98
874.233	6519.37
874.415	6965.82
874.596	6287.95
874.778	5900.88
874.959	6619.72
875.141	6771.27
875.322	6081.1
875.503	5855.83
875.685	6548.04
875.866	6081.1
876.048	5886.54
876.229	5962.32
876.41	6525.51
876.592	6605.38
876.773	6013.52
876.954	5632.6
877.136	6877.76
877.317	6462.02
877.498	5763.67
877.679	6185.55
877.86	6462.02
878.042	6543.94
878.223	5900.88
878.404	6758.98
878.585	6543.94
878.766	8495.66
878.947	6502.98
879.128	6199.88
879.309	6828.61
879.49	6896.19
879.672	6281.8
879.853	6134.35
880.034	6607.43
880.215	6799.94
880.396	6431.3
880.576	6132.3
880.757	6582.85
880.938	7129.66
881.119	5970.51
881.3	6197.84
881.481	6748.74
881.662	7713.33
881.843	6126.16
882.023	6060.62
882.204	7121.47
882.385	6677.06
882.566	6019.66
882.747	6244.94
882.927	6900.29
883.108	6799.94
883.289	6048.33
883.469	6564.42
883.65	6881.86
883.831	6861.38
884.011	6675.01
884.192	6505.03
884.373	6937.15
884.553	6976.06
884.734	6593.09
884.914	6779.46
885.095	8045.1
885.275	7187.01
885.456	6675.01
885.636	6134.35
885.817	6926.91
885.997	6969.92
886.178	6199.88
886.358	6445.64
886.538	6922.82
886.719	8780.32
886.899	6304.33
887.08	6552.13
887.26	7117.37
887.44	6787.65
887.621	6464.07
887.801	6541.89
887.981	7602.74
888.161	7316.03
888.342	6439.5
888.522	6339.15
888.702	7191.1
888.882	7062.08
889.062	6511.18
889.242	6093.39
889.423	7311.93
889.603	7174.72
889.783	6711.88
889.963	6576.71
890.143	7111.23
890.323	7404.09
890.503	6433.35
890.683	6468.17
890.863	7041.6
891.043	6859.33
891.223	6484.55
891.403	6806.08
891.583	7002.69
891.763	7182.91
891.943	6738.5
892.122	7002.69
892.302	7103.04
892.482	7033.41
892.662	6611.53
892.842	6550.09
893.022	6890.05
893.201	7119.42
893.381	6718.02
893.561	6447.69
893.741	7213.63
893.92	6781.51
894.1	6660.68
894.28	6574.66
894.459	7301.69
894.639	7012.93
894.819	6308.43
894.998	6470.22
895.178	7141.95
895.357	6808.13
895.537	6490.7
895.716	6201.93
895.896	6980.16
896.075	7371.32
896.255	6263.37
896.434	6126.16
896.614	7391.8
896.793	7010.88
896.973	6752.84
897.152	6378.06
897.331	6896.19
897.511	6888
897.69	5921.36
897.87	6238.8
898.049	6877.76
898.228	6736.45
898.407	6599.24
898.587	6339.15
898.766	6662.73
898.945	6806.08
899.124	6586.95
899.304	6195.79
899.483	6906.43
899.662	7152.19
899.841	6013.52
900.02	5937.74
900.199	6808.13
900.378	6734.4
900.557	6036.05
900.737	5929.55
900.916	6386.25
901.095	6589
901.274	6384.2
901.453	5794.39
901.632	6236.75
901.811	6335.05
901.989	5853.78
902.168	5853.78
902.347	6611.53
902.526	6281.8
902.705	5947.98
902.884	6103.63
903.063	6795.84
903.242	6507.08
903.42	5735
903.599	6031.95
903.778	6502.98
903.957	6740.55
904.135	5911.12
904.314	5704.28
904.493	6263.37
904.672	6099.53
904.85	5646.93
905.029	5644.88
905.207	6052.43
905.386	6580.81
905.565	5153.37
905.743	5583.45
905.922	6066.77
906.1	5982.8
906.279	5378.65
906.457	5235.29
906.636	5878.35
906.814	5880.4
906.993	5302.87
907.171	5214.81
907.35	5669.46
907.528	6113.87
907.707	5538.39
907.885	5024.35
908.063	5898.83
908.242	5532.25
908.42	5216.86
908.598	4831.84
908.777	5775.95
908.955	5571.16
909.133	5446.23
909.311	4948.58
909.49	5423.7
909.668	5315.16
909.846	5245.53
910.024	4952.67
910.202	5603.93
910.38	5902.93
910.559	5192.28
910.737	5050.97
910.915	5763.67
911.093	5681.75
911.271	5235.29
911.449	5319.26
911.627	5683.8
911.805	6646.34
911.983	5384.79
912.161	5040.73
912.339	5577.3
912.517	6054.48
912.695	5456.47
912.872	5378.65
913.05	5804.63
913.228	5931.6
913.406	5261.91
913.584	5284.44
913.762	6109.77
913.939	5952.08
914.117	5329.5
914.295	5186.14
914.473	5726.8
914.65	6077.01
914.828	5200.48
915.006	5192.28
915.184	5544.53
915.361	6017.61
915.539	5454.42
915.716	5696.08
915.894	5708.37
916.072	5990.99
916.249	5800.53
916.427	5534.29
916.604	5571.16
916.782	5958.22
916.959	5233.24
917.137	5302.87
917.314	5612.12
917.492	5640.79
917.669	5247.58
917.847	5194.33
918.024	5505.62
918.201	5382.74
918.379	5175.9
918.556	5266.01
918.733	5704.28
918.911	5378.65
919.088	5435.99
919.265	5083.74
919.442	5583.45
919.62	5741.14
919.797	5128.8
919.974	5018.21
920.151	5784.15
920.328	5511.77
920.506	5069.41
920.683	5476.95
920.86	5374.55
921.037	5401.18
921.214	5272.15
921.391	4967.01
921.568	5622.36
921.745	5360.22
921.922	5036.64
922.099	4823.65
922.276	5560.92
922.453	5546.58
922.63	5010.01
922.807	5227.1
922.984	5567.06
923.161	5485.14
923.338	5204.57
923.514	4883.04
923.691	5624.4
923.868	5507.67
924.045	4897.38
924.222	4772.45
924.399	5315.16
924.575	5390.94
924.752	4926.05
924.929	4946.53
925.105	5220.95
925.282	4977.25
925.459	4952.67
925.635	4817.51
925.812	5288.54
925.989	5083.74
926.165	4897.38
926.342	4461.16
926.518	4917.86
926.695	4866.66
926.871	4571.75
927.048	4612.71
927.224	5440.09
927.401	4872.8
927.577	4790.88
927.754	4401.77
927.93	5358.17
928.107	5180
928.283	4469.35
928.459	4711.01
928.636	5116.51
928.812	4821.6
928.988	4330.09
929.165	4303.47
929.341	4833.89
929.517	4977.25
929.693	4991.58
929.87	4153.96
930.046	4989.53
930.222	4551.27
930.398	4272.75
930.574	4649.57
930.751	4670.05
930.927	4711.01
931.103	4196.97
931.279	4457.06
931.455	4588.13
931.631	4747.87
931.807	3945.07
931.983	4043.37
932.159	4321.9
932.335	4674.15
932.511	4031.09
932.687	4102.76
932.863	4336.23
933.039	4596.32
933.215	3986.03
933.391	3836.53
933.566	4258.41
933.742	4420.2
933.918	4065.9
934.094	3584.63
934.27	4412.01
934.445	4096.62
934.621	4100.72
934.797	3699.31
934.973	4125.29
935.148	3969.65
935.324	3519.09
935.5	3394.17
935.675	4217.45
935.851	4143.72
936.027	3611.25
936.202	3480.18
936.378	4045.42
936.553	3793.52
936.729	4039.28
936.904	3197.56
937.08	3459.7
937.255	3410.55
937.431	3193.47
937.606	3150.46
937.782	3242.62
937.957	3654.26
938.133	3005.05
938.308	2732.67
938.483	3193.47
938.659	3125.88
938.834	2962.05
939.009	2497.16
939.185	3265.14
939.36	2853.5
939.535	2222.73
939.71	2867.84
939.886	3357.3
940.061	2974.33
940.236	3011.2
940.411	2570.88
940.586	3089.02
940.761	3093.12
940.937	2566.79
941.112	2341.51
941.287	2833.02
941.462	2720.39
941.637	2275.98
941.812	2482.82
941.987	2675.33
942.162	2595.46
942.337	2491.01
942.512	2343.56
942.687	2974.33
942.862	2732.67
943.037	1921.68
943.212	1845.9
943.386	2499.2
943.561	2685.57
943.736	2558.6
943.911	2804.35
944.086	2962.05
944.26	2740.86
944.435	2189.96
944.61	2386.57
944.785	2704
944.959	3199.61
945.134	2110.09
945.309	2085.51
945.483	2310.79
945.658	2749.06
945.833	1909.39
946.007	1886.86
946.182	3062.4
946.357	2427.53
946.531	2060.94
946.706	2275.98
946.88	2349.7
947.055	2706.05
947.229	2251.4
947.404	2005.64
947.578	2515.59
947.752	2542.21
947.927	2073.23
948.101	1952.4
948.276	2998.91
948.45	2787.97
948.624	2587.27
948.799	2024.08
948.973	2634.37
949.147	2445.96
949.321	2329.22
949.496	2316.94
949.67	2982.53
949.844	2658.95
950.018	2292.36
950.193	2265.74
950.367	3304.06
950.541	2699.91
950.715	2359.94
950.889	2501.25
951.063	2693.76
951.237	2888.32
951.411	2048.65
951.585	2167.43
951.759	2861.7
951.933	2869.89
952.107	2253.45
952.281	2544.26
952.455	3084.92
952.629	2771.58
952.803	2456.2
952.977	2306.7
953.151	2972.29
953.325	2699.91
953.499	2601.6
953.672	2132.62
953.846	2757.25
954.02	2722.43
954.194	2454.15
954.368	2235.02
954.541	3027.58
954.715	2857.6
954.889	2482.82
955.062	2273.93
955.236	2640.51
955.41	2873.98
955.583	2798.21
955.757	2306.7
955.93	2734.72
956.104	2658.95
956.278	2400.9
956.451	2357.89
956.625	2859.65
956.798	3195.51
956.972	2886.27
957.145	2339.46
957.319	3242.62
957.492	2947.71
957.665	2736.77
957.839	2325.13
958.012	2882.17
958.185	2814.59
958.359	2439.81
958.532	2802.3
958.705	2919.04
958.879	2790.02
959.052	2757.25
959.225	2267.78
959.398	2916.99
959.572	3027.58
959.745	2423.43
959.918	2597.51
960.091	2943.61
960.264	3242.62
960.438	2351.75
960.611	2337.42
960.784	3158.65
960.957	2665.09
961.13	3175.03
961.303	2355.85
961.476	2953.85
961.649	3353.21
961.822	2374.28
961.995	2650.75
962.168	2785.92
962.341	3199.61
962.514	2554.5
962.686	2544.26
962.859	2931.33
963.032	3175.03
963.205	2441.86
963.378	2171.53
963.551	2808.45
963.723	2744.96
963.896	2716.29
964.069	2796.16
964.242	2806.4
964.414	3373.69
964.587	2626.18
964.76	2785.92
964.932	2828.93
965.105	2996.86
965.278	2357.89
965.45	2513.54
965.623	2972.29
965.795	3095.16
965.968	2562.69
966.14	2585.22
966.313	2853.5
966.485	2998.91
966.658	2441.86
966.83	2513.54
967.003	3105.4
967.175	3072.64
967.348	2515.59
967.52	2441.86
967.692	3224.19
967.865	3066.49
968.037	2458.25
968.209	2607.75
968.382	3080.83
968.554	3015.29
968.726	2511.49
968.898	2339.46
969.071	3041.92
969.243	2968.19
969.415	2464.39
969.587	2681.47
969.759	3136.12
969.932	2630.27
970.104	2536.07
970.276	1974.92
970.448	2693.76
970.62	2611.84
970.792	2519.68
970.964	2425.48
971.136	3308.15
971.308	2857.6
971.48	2183.82
971.652	2427.53
971.824	3043.96
971.996	2822.78
972.168	2384.52
972.339	2398.85
972.511	2693.76
972.683	2667.14
972.855	2570.88
973.027	2167.43
973.199	2904.7
973.37	3003
973.542	2398.85
973.714	2601.6
973.886	2431.62
974.057	2792.06
974.229	2323.08
974.401	2347.65
974.572	2511.49
974.744	2364.04
974.915	2081.42
975.087	2171.53
975.259	3076.73
975.43	2544.26
975.602	2204.3
975.773	2171.53
975.945	2570.88
976.116	2773.63
976.288	2126.47
976.459	2495.11
976.63	2327.18
976.802	2443.91
976.973	2138.76
977.145	2441.86
977.316	3109.5
977.487	3158.65
977.659	2214.54
977.83	2132.62
978.001	2939.52
978.172	2730.63
978.344	2093.71
978.515	2167.43
978.686	2454.15
978.857	2857.6
979.028	2001.55
979.2	2011.79
979.371	2771.58
979.542	2368.13
979.713	2192.01
979.884	1671.83
980.055	2278.02
980.226	2515.59
980.397	1948.3
980.568	1897.1
980.739	2681.47
980.91	2417.29
981.081	2374.28
981.252	1938.06
981.423	2472.58
981.594	2396.81
981.765	1989.26
981.936	2212.49
982.106	2409.09
982.277	2767.49
982.448	2013.84
982.619	2474.63
982.79	2126.47
982.96	2572.93
983.131	2222.73
983.302	1786.51
983.472	2341.51
983.643	2364.04
983.814	2091.66
983.984	1821.33
984.155	2159.24
984.326	2544.26
984.496	2011.79
984.667	1841.81
984.837	1958.54
985.008	2620.03
985.178	2267.78
985.349	1954.44
985.519	2146.95
985.69	2120.33
985.86	1954.44
986.031	1931.92
986.201	2353.8
986.371	2265.74
986.542	1858.19
986.712	1610.39
986.882	2292.36
987.053	2372.23
987.223	1766.03
987.393	2316.94
987.563	2187.91
987.734	2425.48
987.904	2421.38
988.074	1866.38
988.244	2054.8
988.414	2298.5
988.585	1735.31
988.755	1989.26
988.925	2118.28
989.095	2572.93
989.265	1708.69
989.435	1895.05
989.605	2388.61
989.775	2529.92
989.945	2222.73
990.115	1594
990.285	2146.95
990.455	2173.58
990.625	1958.54
990.795	1696.4
990.965	2501.25
991.134	2022.03
991.304	1585.81
991.474	1587.86
991.644	2032.27
991.814	2337.42
991.984	1372.82
992.153	1684.11
992.323	1913.49
992.493	2255.5
992.662	1462.93
992.832	1766.03
993.002	1944.21
993.171	2202.25
993.341	1260.18
993.511	1571.47
993.68	1794.7
993.85	2101.9
994.019	1335.96
994.189	1305.24
994.358	1938.06
994.528	1815.18
994.697	1174.17
994.867	1434.26
995.036	2093.71
995.206	1751.7
995.375	1352.34
995.544	1735.31
995.714	2198.15
995.883	1862.29
996.052	1718.93
996.222	1104.54
996.391	2390.66
996.56	1950.35
996.73	1471.12
996.899	1184.41
997.068	2376.33
997.237	2097.8
997.406	1325.72
997.576	1211.03
997.745	2327.18
997.914	1854.09
998.083	1135.26
998.252	1251.99
998.421	1931.92
998.59	1581.71
998.759	1338.01
998.928	1118.87
999.097	1989.26
999.266	1944.21
999.435	1688.21
999.604	1106.59
999.773	2050.7
999.942	1630.87
1000.111	887.45
1000.28	955.04
1000.448	1614.48
1000.617	1464.98
1000.786	1489.56
1000.955	1000.09
1001.124	1909.39
1001.292	2407.05
1001.461	1147.55
1001.63	1014.43
1001.798	1925.77
1001.967	1933.97
1002.136	936.6
1002.304	1116.83
1002.473	1901.2
1002.642	1643.15
1002.81	1227.42
1002.979	1159.83
1003.147	1847.95
1003.316	1987.21
1003.484	1176.22
1003.653	1082.01
1003.821	1692.3
1003.99	1366.68
1004.158	1391.25
1004.327	1266.33
1004.495	1659.54
1004.663	1479.32
1004.832	1344.15
1005	909.98
1005.168	1528.47
1005.337	1450.64
1005.505	795.29
1005.673	1383.06
1005.842	1716.88
1006.01	1419.93
1006.178	852.64
1006.346	1012.38
1006.514	1454.74
1006.683	2034.32
1006.851	1000.09
1007.019	1278.62
1007.187	1227.42
1007.355	1122.97
1007.523	639.65
1007.691	719.52
1007.859	1266.33
1008.027	1989.26
1008.195	905.88
1008.363	748.19
1008.531	1438.36
1008.699	1501.84
1008.867	785.05
1009.035	758.43
1009.203	1860.24
1009.37	1374.87
1009.538	840.35
1009.706	1720.98
1009.874	1329.81
1010.042	1348.25
1010.209	727.71
1010.377	688.8
1010.545	1522.32
1010.713	1372.82
1010.88	826.01
1011.048	744.1
1011.216	1309.33
1011.383	1538.71
1011.551	840.35
1011.718	547.49
1011.886	1473.17
1012.054	1479.32
1012.221	555.68
1012.389	631.46
1012.556	1280.66
1012.724	1661.59
1012.891	942.75
1013.058	479.91
1013.226	1462.93
1013.393	1329.81
1013.561	506.53
1013.728	330.41
1013.895	1522.32
1014.063	1364.63
1014.23	375.46
1014.397	670.37
1014.565	1475.22
1014.732	1202.84
1014.899	471.72
1015.066	537.25
1015.233	1383.06
1015.401	1462.93
1015.568	658.08
1015.735	893.6
1015.902	1364.63
1016.069	1391.25
1016.236	541.35
1016.403	397.99
1016.57	899.74
1016.737	1731.22
1016.904	742.05
1017.071	408.23
1017.238	987.8
1017.405	1143.45
1017.572	555.68
1017.739	881.31
1017.906	1637.01
1018.073	1311.38
1018.24	422.56
1018.407	637.6
1018.573	1270.42
1018.74	1135.26
1018.907	651.94
1019.074	141.99
1019.241	1219.22
1019.407	1057.43
1019.574	451.24
1019.741	334.5
1019.907	1446.55
1020.074	1518.23
1020.241	199.34
1020.407	250.53
1020.574	1043.1
1020.74	1163.93
1020.907	428.71
1021.073	416.42
1021.24	1626.77
1021.406	1155.74
1021.573	289.45
1021.739	393.89
1021.906	1497.75
1022.072	1069.72
1022.239	447.14
1022.405	537.25
1022.571	1049.24
1022.738	1131.16
1022.904	402.08
1023.07	670.37
1023.237	1041.05
1023.403	1290.9
1023.569	465.57
1023.735	488.1
1023.902	1141.4
1024.068	1096.35
1024.234	258.73
1024.4	354.98
1024.566	877.21
1024.732	1092.25
1024.898	289.45
1025.065	187.05
1025.231	914.08
1025.397	866.97
1025.563	463.52
1025.729	289.45
1025.895	545.44
1026.061	742.05
1026.227	101.03
1026.392	375.46
1026.558	1055.39
1026.724	1061.53
1026.89	221.86
1027.056	471.72
1027.222	834.21
1027.388	934.56
1027.553	348.84
1027.719	170.66
1027.885	1385.11
1028.051	881.31
1028.216	66.22
1028.382	271.01
1028.548	1039
1028.713	826.01
1028.879	35.5
1029.045	459.43
1029.21	1127.07
1029.376	1051.29
1029.541	326.31
1029.707	314.02
1029.873	850.59
1030.038	899.74
1030.204	248.49
1030.369	279.21
1030.534	1008.28
1030.7	727.71
1030.865	311.97
1031.031	217.77
1031.196	905.88
1031.361	815.77
1031.527	248.49
1031.692	234.15
1031.857	619.17
1032.023	989.85
1032.188	193.19
1032.353	185
1032.518	1069.72
1032.684	727.71
1032.849	-64.85
1033.014	301.73
1033.179	768.67
1033.344	791.2
1033.509	422.56
1033.674	221.86
1033.839	881.31
1034.004	909.98
1034.17	291.49
1034.335	-17.75
1034.5	719.52
1034.664	647.84
1034.829	127.66
1034.994	373.41
1035.159	555.68
1035.324	957.08
1035.489	283.3
1035.654	111.27
1035.819	1454.74
1035.984	813.73
1036.148	244.39
1036.313	201.38
1036.478	936.6
1036.643	684.7
1036.807	125.61
1036.972	-42.32
1037.137	1282.71
1037.301	621.22
1037.466	-116.05
1037.631	318.12
1037.795	858.78
1037.96	625.31
1038.124	369.32
1038.289	-13.65
1038.454	617.12
1038.618	807.58
1038.783	199.34
1038.947	334.5
1039.111	567.97
1039.276	717.47
1039.44	45.74
1039.605	950.94
1039.769	623.27
1039.933	684.7
1040.098	246.44
1040.262	481.96
1040.426	809.63
1040.591	729.76
1040.755	53.93
1040.919	94.89
1041.083	1041.05
1041.248	580.26
1041.412	-68.95
1041.576	-1.37
1041.74	473.76
1041.904	678.56
1042.068	113.32
1042.232	101.03
1042.397	1020.57
1042.561	731.81
1042.725	-247.12
1042.889	225.96
1043.053	590.5
1043.217	610.98
1043.381	131.75
1043.544	-183.63
1043.708	758.43
1043.872	479.91
1044.036	-218.45
1044.2	-79.19
1044.364	948.89
1044.528	866.97
1044.691	5962.32
1044.855	-83.28
1045.019	746.14
1045.183	813.73
1045.346	172.71
1045.51	-130.39
1045.674	807.58
1045.837	641.7
1046.001	-7.51
1046.165	19.11
1046.328	1059.48
1046.492	615.07
1046.655	318.12
1046.819	113.32
1046.983	602.79
1047.146	492.2
1047.31	131.75
1047.473	-175.44
1047.636	533.15
1047.8	408.23
1047.963	178.86
1048.127	-189.78
1048.29	314.02
