345.52	-1272.13
345.736	-1272.13
345.952	-1272.13
346.168	-1319.23
346.384	-1337.66
346.6	-227.67
346.816	-250.19
347.032	-201.04
347.248	501.41
347.464	-282.96
347.68	-188.75
347.896	-61.78
348.112	333.48
348.328	-133.46
348.544	24.23
348.76	155.3
348.975	331.43
349.191	-379.22
349.407	-459.09
349.623	300.71
349.839	97.96
350.055	-276.82
350.27	30.38
350.486	118.44
350.702	278.18
350.918	349.86
351.133	-184.66
351.349	153.26
351.565	528.03
351.781	-360.78
351.996	26.28
352.212	237.22
352.428	83.63
352.644	-352.59
352.859	-287.06
353.075	237.22
353.291	132.78
353.506	-213.33
353.722	-371.02
353.938	20.14
354.153	507.55
354.369	237.22
354.584	-305.49
354.8	310.95
355.016	-94.55
355.231	-510.29
355.447	-104.79
355.662	444.07
355.878	845.47
356.093	-520.53
356.309	-72.02
356.524	-119.12
356.74	560.8
356.955	-436.56
357.171	-35.16
357.386	253.61
357.602	-102.74
357.817	-55.64
358.033	-168.27
358.248	304.81
358.464	267.94
358.679	-233.81
358.895	-536.91
359.11	3.75
359.325	153.26
359.541	413.35
359.756	-53.59
359.972	-207.19
360.187	480.93
360.402	-356.69
360.618	-201.04
360.833	1541.78
361.048	122.54
361.264	-307.54
361.479	-41.3
361.694	116.39
361.909	267.94
362.125	-411.98
362.34	-229.71
362.555	403.11
362.77	196.26
362.986	-481.61
363.201	-225.62
363.416	278.18
363.631	110.25
363.847	-346.45
364.062	-254.29
364.277	173.74
364.492	16.04
364.707	-260.43
364.922	-454.99
365.138	243.37
365.353	392.87
365.568	-467.28
365.783	-256.34
365.998	403.11
366.213	587.43
366.428	-268.63
366.643	110.25
366.858	255.65
367.073	173.74
367.288	-205.14
367.503	-321.87
367.718	61.1
367.933	454.31
368.148	-375.12
368.363	-98.64
368.578	181.93
368.793	585.38
369.008	-170.32
369.223	-328.02
369.438	323.24
369.653	253.61
369.868	-356.69
370.083	-385.36
370.298	130.73
370.513	454.31
370.728	106.15
370.943	-282.96
371.157	24.23
371.372	702.11
371.587	-426.32
371.802	-409.94
372.017	214.7
372.232	513.7
372.446	-110.93
372.661	-268.63
372.876	110.25
373.091	300.71
373.306	-178.51
373.52	-385.36
373.735	-4.44
373.95	491.17
374.165	-209.23
374.379	-194.9
374.594	-41.3
374.809	427.68
375.023	69.29
375.238	-250.19
375.453	360.1
375.667	-59.73
375.882	-250.19
376.097	-430.41
376.311	57
376.526	327.33
376.741	-438.61
376.955	175.78
377.17	472.74
377.384	964.25
377.599	57
377.813	-440.65
378.028	794.27
378.242	267.94
378.457	-176.47
378.672	-403.79
378.886	28.33
379.101	102.06
379.315	-469.33
379.53	-168.27
379.744	411.3
379.958	327.33
380.173	-274.77
380.387	-266.58
380.602	487.08
380.816	1.71
381.031	-235.86
381.245	-264.53
381.459	233.13
381.674	1078.94
381.888	-500.05
382.103	237.22
382.317	87.72
382.531	343.72
382.746	-90.45
382.96	-233.81
383.174	63.15
383.388	732.83
383.603	85.67
383.817	-389.46
384.031	102.06
384.246	530.08
384.46	-8.53
384.674	724.64
384.888	34.47
385.103	302.76
385.317	-493.9
385.531	-55.64
385.745	779.93
385.959	429.73
386.174	-280.91
386.388	-303.44
386.602	106.15
386.816	87.72
387.03	-252.24
387.244	-143.7
387.458	272.04
387.672	403.11
387.887	-545.1
388.101	-317.78
388.315	384.68
388.529	210.6
388.743	-307.54
388.957	-250.19
389.171	515.75
389.385	-90.45
389.599	-446.8
389.813	18.09
390.027	181.93
390.241	714.4
390.455	-131.41
390.669	-69.97
390.883	22.19
391.097	593.57
391.311	171.69
391.525	-242
391.738	468.64
391.952	501.41
392.166	16.04
392.38	-473.42
392.594	511.65
392.808	347.81
393.022	-213.33
393.236	-184.66
393.449	220.84
393.663	548.51
393.877	-297.3
394.091	-57.68
394.305	171.69
394.518	71.34
394.732	-330.06
394.946	-229.71
395.16	714.4
395.373	167.59
395.587	-301.39
395.801	-248.15
396.015	319.14
396.228	321.19
396.442	-373.07
396.656	-471.37
396.869	376.48
397.083	781.98
397.297	-131.41
397.51	-242
397.724	267.94
397.938	218.79
398.151	-471.37
398.365	-436.56
398.578	376.48
398.792	568.99
399.005	147.11
399.219	-315.73
399.433	276.13
399.646	386.72
399.86	32.43
400.073	159.4
400.287	208.55
400.5	286.37
400.714	69.29
400.927	-29.01
401.141	519.84
401.354	1805.97
401.567	513.7
401.781	-381.26
401.994	302.76
402.208	810.65
402.421	-96.6
402.635	-133.46
402.848	-47.44
403.061	462.5
403.275	-29.01
403.488	-299.34
403.701	640.67
403.915	497.32
404.128	69.29
404.341	-242
404.555	722.59
404.768	-45.4
404.981	65.19
405.195	-135.51
405.408	394.92
405.621	347.81
405.834	104.11
406.048	-317.78
406.261	511.65
406.474	401.06
406.687	-307.54
406.9	-69.97
407.114	317.09
407.327	507.55
407.54	-342.35
407.753	-479.57
407.966	52.91
408.179	218.79
408.392	-172.37
408.605	-422.22
408.819	347.81
409.032	468.64
409.245	-256.34
409.458	153.26
409.671	321.19
409.884	427.68
410.097	-358.74
410.31	85.67
410.523	636.58
410.736	130.73
410.949	-102.74
411.162	-158.03
411.375	470.69
411.588	278.18
411.801	-10.58
412.014	-254.29
412.227	126.63
412.44	233.13
412.653	-129.36
412.865	110.25
413.078	519.84
413.291	454.31
413.504	-63.83
413.717	-262.48
413.93	489.12
414.143	5.8
414.356	104.11
414.568	-393.55
414.781	415.4
414.994	327.33
415.207	-12.63
415.42	20.14
415.632	333.48
415.845	771.74
416.058	-377.17
416.271	-231.76
416.483	386.72
416.696	618.15
416.909	-227.67
417.121	-233.81
417.334	192.17
417.547	546.47
417.759	-213.33
417.972	-178.51
418.185	155.3
418.397	315.05
418.61	-123.22
418.823	-106.84
419.035	581.28
419.248	411.3
419.46	-76.12
419.673	22.19
419.885	155.3
420.098	450.21
420.311	-139.6
420.523	-444.75
420.736	382.63
420.948	341.67
421.161	-33.11
421.373	-270.67
421.586	61.1
421.798	-2.39
422.01	-344.4
422.223	7.85
422.435	-10.58
422.648	642.72
422.86	-184.66
423.073	-72.02
423.285	280.23
423.497	112.3
423.71	-207.19
423.922	-63.83
424.134	605.86
424.347	638.62
424.559	206.5
424.771	302.76
424.984	435.88
425.196	347.81
425.408	-385.36
425.621	-225.62
425.833	558.75
426.045	661.15
426.257	-307.54
426.47	24.23
426.682	210.6
426.894	306.85
427.106	-209.23
427.318	24.23
427.531	267.94
427.743	292.52
427.955	77.48
428.167	657.06
428.379	181.93
428.591	220.84
428.804	106.15
429.016	-141.65
429.228	448.16
429.44	542.37
429.652	13626.84
429.864	-285.01
430.076	327.33
430.288	415.4
430.5	110.25
430.712	85.67
430.924	384.68
431.136	550.56
431.348	-258.39
431.56	-84.31
431.772	116.39
431.984	143.02
432.196	-309.58
432.408	-59.73
432.62	310.95
432.832	536.23
433.044	308.9
433.256	50.86
433.468	476.84
433.679	79.53
433.891	-301.39
434.103	290.47
434.315	806.56
434.527	456.36
434.739	198.31
434.95	-151.89
435.162	431.78
435.374	9.9
435.586	24.23
435.798	-139.6
436.009	298.66
436.221	274.09
436.433	30.38
436.645	-39.25
436.856	249.51
437.068	724.64
437.28	-115.03
437.491	372.39
437.703	566.95
437.915	460.45
438.126	-115.03
438.338	417.44
438.55	302.76
438.761	413.35
438.973	22.19
439.184	-6.49
439.396	194.22
439.608	409.25
439.819	-170.32
440.031	46.76
440.242	599.71
440.454	540.32
440.665	20.14
440.877	167.59
441.088	698.02
441.3	419.49
441.511	-276.82
441.723	-108.88
441.934	894.62
442.146	568.99
442.357	52.91
442.569	581.28
442.78	566.95
442.991	1058.46
443.203	485.03
443.414	-94.55
443.626	818.85
443.837	356.01
444.048	-57.68
444.26	-250.19
444.471	634.53
444.682	554.66
444.894	-69.97
445.105	-153.94
445.316	712.35
445.528	581.28
445.739	167.59
445.95	128.68
446.161	360.1
446.373	448.16
446.584	100.01
446.795	-41.3
447.006	790.17
447.217	761.5
447.429	-135.51
447.64	-143.7
447.851	1332.89
448.062	667.3
448.273	-135.51
448.484	-16.73
448.695	642.72
448.907	628.39
449.118	130.73
449.329	511.65
449.54	380.58
449.751	497.32
449.962	7.85
450.173	-24.92
450.384	577.19
450.595	902.81
450.806	30.38
451.017	159.4
451.228	865.95
451.439	673.44
451.65	93.87
451.861	-287.06
452.072	374.44
452.283	552.61
452.494	298.66
452.705	171.69
452.915	1091.23
453.126	554.66
453.337	329.38
453.548	-47.44
453.759	1011.36
453.97	841.37
454.181	659.1
454.391	136.87
454.602	691.87
454.813	994.97
455.024	231.08
455.235	54.95
455.445	970.4
455.656	573.09
455.867	466.6
456.078	167.59
456.288	450.21
456.499	810.65
456.71	13.99
456.921	538.27
457.131	695.97
457.342	562.85
457.553	286.37
457.763	278.18
457.974	603.81
458.184	642.72
458.395	54.95
458.606	-86.36
458.816	1046.17
459.027	1085.08
459.237	331.43
459.448	79.53
459.659	792.22
459.869	1578.64
460.08	-121.17
460.29	396.96
460.501	994.97
460.711	634.53
460.922	-112.98
461.132	130.73
461.343	1560.21
461.553	374.44
461.764	97.96
461.974	265.89
462.184	933.53
462.395	982.68
462.605	276.13
462.816	71.34
463.026	927.39
463.236	794.27
463.447	188.07
463.657	261.8
463.867	921.24
464.078	671.39
464.288	366.25
464.498	364.2
464.709	882.33
464.919	790.17
465.129	437.92
465.339	214.7
465.55	804.51
465.76	1048.22
465.97	306.85
466.18	335.53
466.391	968.35
466.601	896.67
466.811	382.63
467.021	145.06
467.231	1027.74
467.441	1160.86
467.651	313
467.862	-72.02
468.072	810.65
468.282	1013.4
468.492	249.51
468.702	446.12
468.912	773.79
469.122	1681.04
469.332	818.85
469.542	339.62
469.752	1293.97
469.962	941.72
470.172	341.67
470.382	349.86
470.592	1187.48
470.802	1060.51
471.012	689.82
471.222	472.74
471.432	1011.36
471.642	1121.95
471.852	646.82
472.062	439.97
472.272	956.06
472.482	937.63
472.691	394.92
472.901	401.06
473.111	876.19
473.321	1672.85
473.531	411.3
473.741	743.07
473.95	1164.95
474.16	1228.44
474.37	868
474.58	454.31
474.79	1711.76
474.999	1279.64
475.209	593.57
475.419	669.34
475.628	1261.21
475.838	1678.99
476.048	902.81
476.258	480.93
476.467	1461.91
476.677	1173.14
476.886	1089.18
477.096	784.03
477.306	1058.46
477.515	1527.44
477.725	958.11
477.935	956.06
478.144	1775.25
478.354	1281.69
478.563	917.15
478.773	755.36
478.982	1498.77
479.192	1531.54
479.401	954.01
479.611	863.9
479.82	1119.9
480.03	1541.78
480.239	880.29
480.449	693.92
480.658	1642.13
480.868	1506.96
481.077	1035.93
481.287	1005.21
481.496	1457.81
481.705	1717.9
481.915	1388.18
482.124	1349.27
482.333	1683.09
482.543	1975.95
482.752	1379.99
482.961	954.01
483.171	1674.9
483.38	1451.67
483.589	1195.67
483.799	1035.93
484.008	1644.18
484.217	1529.49
484.426	1253.02
484.636	997.02
484.845	1769.1
485.054	1353.37
485.263	1717.9
485.472	1162.9
485.682	1787.54
485.891	1771.15
486.1	1023.64
486.309	1320.6
486.518	1969.8
486.727	2600.58
486.936	1257.11
487.146	1650.32
487.355	2203.27
487.564	1703.57
487.773	1400.47
487.982	1240.73
488.191	1732.24
488.4	2176.65
488.609	1435.28
488.818	1375.89
489.027	2301.58
489.236	2225.8
489.445	1404.57
489.654	1281.69
489.863	2322.06
490.072	1922.7
490.281	2172.55
490.49	1617.55
490.698	2401.93
490.907	2754.18
491.116	1580.69
491.325	1453.72
491.534	2387.59
491.743	2018.96
491.952	1765.01
492.16	1711.76
492.369	2336.39
492.578	2502.28
492.787	1754.77
492.996	1535.64
493.204	2096.78
493.413	2571.91
493.622	1547.92
493.831	1470.1
494.039	2707.07
494.248	1961.61
494.457	1685.14
494.665	1371.8
494.874	2387.59
495.083	2981.5
495.291	1703.57
495.5	1629.84
495.709	2377.35
495.917	2225.8
496.126	1887.89
496.335	1691.28
496.543	2236.04
496.752	2436.74
496.96	2350.73
497.169	1654.42
497.377	2307.72
497.586	2422.41
497.794	1982.09
498.003	1644.18
498.211	2301.58
498.42	2670.21
498.628	1910.41
498.837	1851.02
499.045	2457.22
499.254	2330.25
499.462	2039.44
499.671	1744.53
499.879	3333.75
500.087	2733.7
500.296	1773.2
500.504	2023.05
500.713	2520.71
500.921	2881.15
501.129	2045.58
501.338	1912.46
501.546	2590.34
501.754	2510.47
501.962	2190.99
502.171	1922.7
502.379	2670.21
502.587	2741.89
502.795	2068.11
503.004	2035.34
503.212	2846.34
503.42	2825.86
503.628	2098.83
503.837	2295.43
504.045	2727.55
504.253	3260.02
504.461	2061.96
504.669	1861.26
504.877	3217.02
505.085	2823.81
505.294	2061.96
505.502	2358.92
505.71	3153.53
505.918	2670.21
506.126	2090.63
506.334	2092.68
506.542	2862.72
506.75	2809.47
506.958	2453.13
507.166	2150.03
507.374	2598.53
507.582	3075.71
507.79	2397.83
507.998	2225.8
508.206	3153.53
508.414	3022.46
508.622	2193.03
508.83	2225.8
509.037	2969.21
509.245	2659.97
509.453	2461.32
509.661	1969.8
509.869	3120.76
510.077	2694.79
510.285	2526.85
510.492	2068.11
510.7	3444.34
510.908	2784.9
511.116	2455.17
511.324	2313.86
511.531	2811.52
511.739	3255.93
511.947	2754.18
512.155	3014.27
512.362	3171.96
512.57	2655.87
512.778	2260.62
512.985	2176.65
513.193	3104.38
513.401	3339.9
513.608	2555.52
513.816	2408.07
514.024	3180.15
514.231	3190.39
514.439	2518.66
514.646	2463.37
514.854	3356.28
515.061	3276.41
515.269	2518.66
515.477	2535.04
515.684	3149.43
515.892	3387
516.099	2176.65
516.307	2397.83
516.514	3442.29
516.722	3608.18
516.929	2512.52
517.136	2391.69
517.344	3249.79
517.551	3481.21
517.759	2373.25
517.966	2778.75
518.173	3200.63
518.381	3251.83
518.588	2643.59
518.796	2578.05
519.003	3473.01
519.21	3432.05
519.418	2698.88
519.625	3239.55
519.832	3139.19
520.039	3276.41
520.247	2381.45
520.454	2809.47
520.661	3368.57
520.868	3520.12
521.076	2649.73
521.283	2696.83
521.49	3880.56
521.697	3387
521.904	2795.14
522.112	2872.96
522.319	3708.53
522.526	3452.53
522.733	2815.62
522.94	2657.92
523.147	3554.93
523.354	3477.11
523.561	2616.96
523.768	2944.64
523.975	3616.37
524.183	3370.62
524.39	3141.24
524.597	2588.29
524.804	3307.13
525.011	3434.1
525.218	2958.97
525.425	2842.24
525.632	3821.17
525.838	3315.32
526.045	2891.39
526.252	3083.9
526.459	5187.16
526.666	5199.45
526.873	2922.11
527.08	2821.76
527.287	3722.87
527.494	3761.78
527.701	2778.75
527.907	2981.5
528.114	3708.53
528.321	3540.6
528.528	3102.33
528.735	3137.15
528.941	3602.04
529.148	3456.63
529.355	3163.77
529.562	3124.86
529.768	4562.53
529.975	3595.89
530.182	3155.58
530.388	3063.42
530.595	3944.05
530.802	3432.05
531.008	3370.62
531.215	3192.44
531.422	4607.59
531.628	4533.86
531.835	3409.53
532.042	3384.95
532.248	3819.12
532.455	3876.46
532.661	3143.29
532.868	3063.42
533.074	3853.94
533.281	4111.98
533.487	3178.11
533.694	3294.84
533.9	3731.06
534.107	3772.02
534.313	3122.81
534.52	3108.48
534.726	3972.72
534.933	4337.26
535.139	3112.57
535.345	2993.79
535.552	4464.23
535.758	4124.27
535.965	3331.7
536.171	3257.98
536.377	4028.01
536.584	4671.08
536.79	3264.12
536.996	3655.28
537.203	4206.19
537.409	4435.56
537.615	3511.93
537.821	3763.83
538.028	4521.57
538.234	4050.54
538.44	3571.32
538.646	3559.03
538.853	4136.56
539.059	3946.09
539.265	4241
539.471	3184.25
539.677	4374.12
539.883	4038.25
540.09	5197.4
540.296	4312.68
540.502	4152.94
540.708	3905.14
540.914	3880.56
541.12	3579.51
541.326	4359.78
541.532	4292.2
541.738	3802.74
541.944	3655.28
542.15	4345.45
542.356	4064.88
542.562	3561.08
542.768	3552.88
542.974	4630.12
543.18	4509.29
543.386	3780.21
543.592	3452.53
543.798	5095
544.004	4554.34
544.21	3563.12
544.415	3800.69
544.621	4537.96
544.827	5033.57
545.033	3735.15
545.239	4279.91
545.445	4114.03
545.651	4499.05
545.856	3735.15
546.062	3731.06
546.268	4451.94
546.474	4402.79
546.679	3882.61
546.885	3896.94
547.091	4509.29
547.297	4920.93
547.502	4071.02
547.708	3651.19
547.914	4318.82
548.119	4748.9
548.325	3708.53
548.531	3698.29
548.736	5064.29
548.942	4279.91
549.147	3647.09
549.353	4267.63
549.559	4877.92
549.764	4763.23
549.97	3749.49
550.175	3946.09
550.381	4638.31
550.586	4388.46
550.792	3898.99
550.997	3919.47
551.203	4691.56
551.408	4800.1
551.614	3825.26
551.819	3985.01
552.025	5148.25
552.23	4701.79
552.435	3831.41
552.641	4206.19
552.846	4386.41
553.052	5187.16
553.257	4329.06
553.462	3888.75
553.668	4509.29
553.873	4724.32
554.078	3917.42
554.283	4052.59
554.489	4761.19
554.694	4599.4
554.899	4013.68
555.105	4273.77
555.31	5052
555.515	4886.11
555.72	4091.5
555.925	5328.47
556.131	5035.61
556.336	4839.01
556.541	4077.16
556.746	3950.19
556.951	5138.01
557.156	4742.75
557.361	4279.91
557.567	4423.27
557.772	5054.05
557.977	5152.35
558.182	4134.51
558.387	4273.77
558.592	4709.99
558.797	5353.05
559.002	4468.33
559.207	4423.27
559.412	5158.49
559.617	5516.89
559.822	4247.15
560.027	4066.92
560.232	4750.95
560.437	5119.58
560.642	3919.47
560.847	4257.39
561.051	4853.34
561.256	5078.62
561.461	4316.78
561.666	4130.41
561.871	4703.84
562.076	5256.79
562.281	4513.38
562.485	4320.87
562.69	5088.86
562.895	4998.75
563.1	4255.34
563.305	4249.19
563.509	4978.27
563.714	5527.13
563.919	4273.77
564.123	4447.85
564.328	4861.54
564.533	5502.55
564.737	4580.96
564.942	4331.11
565.147	5217.88
565.351	5275.23
565.556	4527.72
565.761	4533.86
565.965	5264.99
566.17	5004.89
566.374	4372.07
566.579	4312.68
566.784	5176.92
566.988	4972.13
567.193	4234.86
567.397	4591.2
567.602	4910.69
567.806	5099.1
568.011	4623.97
568.215	4521.57
568.42	5082.72
568.624	5164.64
568.828	4421.22
569.033	4798.05
569.237	5301.85
569.442	5486.17
569.646	4355.69
569.85	4609.64
570.055	5207.64
570.259	5295.71
570.463	4912.74
570.668	4705.89
570.872	5123.68
571.076	5236.31
571.281	4812.39
571.485	4812.39
571.689	5355.1
571.893	5512.79
572.098	4644.45
572.302	4441.7
572.506	5242.46
572.71	5340.76
572.914	4591.2
573.119	4724.32
573.323	5430.87
573.527	5549.65
573.731	4734.56
573.935	4634.21
574.139	5164.64
574.343	5092.96
574.547	4609.64
574.751	4740.71
574.955	5447.26
575.159	5451.35
575.364	4748.9
575.568	4666.98
575.772	5402.2
575.976	5336.67
576.18	4623.97
576.383	4744.8
576.587	5639.76
576.791	5383.77
576.995	4578.92
577.199	4664.93
577.403	5097.05
577.607	5441.11
577.811	4722.27
578.015	5045.85
578.219	5389.91
578.422	5418.58
578.626	4972.13
578.83	5086.81
579.034	5813.84
579.238	5504.6
579.442	4890.21
579.645	5725.78
579.849	5303.9
580.053	5723.73
580.257	5029.47
580.46	4986.46
580.664	5688.92
580.868	5699.16
581.071	5121.63
581.275	4918.88
581.479	5342.81
581.682	5830.23
581.886	4972.13
582.09	5144.16
582.293	5584.47
582.497	5781.07
582.7	5240.41
582.904	4945.5
583.107	5781.07
583.311	5619.28
583.515	4988.51
583.718	5066.33
583.922	5690.96
584.125	6461
584.329	4984.41
584.532	5140.06
584.735	6100.56
584.939	5738.07
585.142	4886.11
585.346	5023.33
585.549	5676.63
585.753	5666.39
585.956	5115.48
586.159	5342.81
586.363	5940.82
586.566	5705.3
586.769	4843.1
586.973	4957.79
587.176	5916.24
587.379	5682.77
587.582	5426.78
587.786	5537.37
587.989	6026.83
588.192	6985.28
588.395	5228.12
588.599	5639.76
588.802	5932.62
589.005	5969.49
589.208	5144.16
589.411	5250.65
589.615	5731.92
589.818	6223.44
590.021	5611.09
590.224	5578.33
590.427	6444.62
590.63	5946.96
590.833	5183.07
591.036	5383.77
591.239	6045.26
591.442	5746.26
591.645	5598.81
591.848	5379.67
592.051	5987.92
592.254	6024.78
592.457	5588.57
592.66	5645.91
592.863	5967.44
593.066	6305.35
593.269	5361.24
593.472	5572.18
593.675	5756.5
593.878	5967.44
594.081	5473.88
594.284	5185.12
594.486	6202.96
594.689	6278.73
594.892	5809.75
595.095	5484.12
595.298	6286.92
595.5	5670.48
595.703	5516.89
595.906	5783.12
596.109	6184.52
596.311	6098.51
596.514	5209.69
596.717	5668.44
596.92	6614.6
597.122	6295.11
597.325	4990.56
597.528	5441.11
597.73	6622.79
597.933	6401.61
598.136	5426.78
598.338	5017.18
598.541	6592.07
598.743	6598.21
598.946	5598.81
599.148	5523.03
599.351	6489.67
599.554	6231.63
599.756	5826.13
599.959	5840.47
600.161	6528.58
600.363	6811.2
600.566	5989.97
600.768	5674.58
600.971	6299.21
601.173	6239.82
601.376	5623.38
601.578	5582.42
601.78	6235.72
601.983	6774.34
602.185	5641.81
602.388	6241.87
602.59	6250.06
602.792	6364.75
602.995	6069.84
603.197	5594.71
603.399	6520.39
603.601	6688.32
603.804	5746.26
604.006	5754.45
604.208	6155.85
604.41	6041.17
604.613	6118.99
604.815	5623.38
605.017	6760
605.219	6307.4
605.421	6610.5
605.623	5918.29
605.826	6782.53
606.028	6997.57
606.23	5838.42
606.432	5885.52
606.634	6532.68
606.836	6694.47
607.038	5762.64
607.24	6008.4
607.442	6692.42
607.644	6475.34
607.846	5996.11
608.048	5690.96
608.25	6968.9
608.452	6241.87
608.654	6098.51
608.856	5625.43
609.058	6336.07
609.26	6612.55
609.462	6010.45
609.664	6143.56
609.866	6557.25
610.067	6565.45
610.269	6225.48
610.471	5901.9
610.673	6508.1
610.875	6547.01
611.077	5693.01
611.278	5899.86
611.48	6598.21
611.682	6741.57
611.884	5807.7
612.085	5865.04
612.287	6483.53
612.489	6471.24
612.69	5752.4
612.892	6057.55
613.094	6846.02
613.295	6282.83
613.497	5654.1
613.699	5932.62
613.9	6864.45
614.102	6606.41
614.304	6010.45
614.505	5793.36
614.707	6532.68
614.908	6727.24
615.11	5865.04
615.311	6075.98
615.513	6637.13
615.714	6522.44
615.916	5803.6
616.117	6221.39
616.319	6700.61
616.52	6821.44
616.722	5967.44
616.923	6024.78
617.124	6960.7
617.326	6690.37
617.527	6008.4
617.729	6327.88
617.93	6618.69
618.131	6694.47
618.333	5951.06
618.534	6172.24
618.735	6821.44
618.937	6878.79
619.138	6030.93
619.339	5799.51
619.54	6647.37
619.742	6592.07
619.943	6190.67
620.144	5981.78
620.345	6837.83
620.546	6700.61
620.748	6155.85
620.949	6305.35
621.15	6870.59
621.351	6534.73
621.552	5793.36
621.753	5682.77
621.954	6432.33
622.155	7056.96
622.356	5955.15
622.558	6338.12
622.759	6766.15
622.96	7034.43
623.161	6200.91
623.362	5985.87
623.563	6745.67
623.764	6747.72
623.965	6268.49
624.166	6610.5
624.366	6530.63
624.567	6721.09
624.768	5918.29
624.969	6118.99
625.17	6385.23
625.371	6684.23
625.572	6295.11
625.773	6045.26
625.973	6792.77
626.174	7061.05
626.375	6180.43
626.576	6311.5
626.777	6774.34
626.977	7136.83
627.178	6379.08
627.379	6352.46
627.58	6606.41
627.78	6463.05
627.981	6039.12
628.182	6417.99
628.382	6813.25
628.583	6383.18
628.784	6065.74
628.984	6477.38
629.185	6835.78
629.386	7077.44
629.586	6426.18
629.787	6135.37
629.987	6784.58
630.188	7175.74
630.388	6221.39
630.589	6680.13
630.79	7239.23
630.99	6745.67
631.191	6190.67
631.391	6432.33
631.591	6944.32
631.792	6929.98
631.992	6573.64
632.193	6372.94
632.393	7044.67
632.594	6790.72
632.794	6471.24
632.994	6356.55
633.195	6450.76
633.395	6768.2
633.595	6202.96
633.796	6649.41
633.996	6805.06
634.196	7026.24
634.397	6207.05
634.597	6274.63
634.797	6714.95
634.997	7159.36
635.198	6764.1
635.398	6229.58
635.598	7056.96
635.798	6995.52
635.998	6852.16
636.199	6110.8
636.399	6680.13
636.599	6583.88
636.799	6231.63
636.999	6825.54
637.199	6917.7
637.399	7192.12
637.599	6256.2
637.799	6452.81
637.999	6833.73
638.199	6958.66
638.399	6489.67
638.599	6276.68
638.799	7063.1
638.999	7353.91
639.199	6846.02
639.399	6596.17
639.599	7018.05
639.799	6575.69
639.999	6250.06
640.199	6323.79
640.399	6704.71
640.599	7097.92
640.799	6598.21
640.998	6749.76
641.198	6876.74
641.398	7024.19
641.598	6504.01
641.798	6528.58
641.997	7980.59
642.197	6901.31
642.397	6684.23
642.597	6565.45
642.796	7054.91
642.996	7028.29
643.196	6870.59
643.395	6112.85
643.595	6819.39
643.795	6794.82
643.994	6569.54
644.194	6622.79
644.394	7665.21
644.593	7140.93
644.793	6368.84
644.992	6694.47
645.192	7192.12
645.392	6569.54
645.591	6821.44
645.791	6528.58
645.99	7331.39
646.19	6940.22
646.389	6542.92
646.589	6651.46
646.788	7185.98
646.987	7155.26
647.187	7149.12
647.386	6659.65
647.586	6983.23
647.785	7474.74
647.984	6512.2
648.184	6778.44
648.383	6821.44
648.582	6829.63
648.782	6606.41
648.981	6805.06
649.18	6880.83
649.38	7087.68
649.579	6563.4
649.778	6542.92
649.977	7323.19
650.177	7331.39
650.376	6549.06
650.575	6610.5
650.774	7452.22
650.973	6942.27
651.173	6448.71
651.372	6927.94
651.571	7011.9
651.77	7278.14
651.969	6843.97
652.168	6860.35
652.367	6688.32
652.566	7165.5
652.765	6688.32
652.964	7167.55
653.163	7552.57
653.362	7009.86
653.561	6639.17
653.76	6909.51
653.959	7118.4
654.158	7216.7
654.357	6923.84
654.556	6549.06
654.755	7126.59
654.954	7331.39
655.153	6981.18
655.352	6766.15
655.551	7179.84
655.749	6979.14
655.948	6768.2
656.147	6952.51
656.346	7267.9
656.545	7278.14
656.743	7007.81
656.942	6958.66
657.141	7138.88
657.34	7140.93
657.538	6614.6
657.737	6833.73
657.936	7228.99
658.135	7036.48
658.333	6628.93
658.532	7167.55
658.731	7480.89
658.929	7358.01
659.128	7196.22
659.326	6684.23
659.525	7472.7
659.724	7308.86
659.922	6669.89
660.121	6671.94
660.319	7220.8
660.518	7091.77
660.716	6981.18
660.915	6663.75
661.113	7540.28
661.312	7118.4
661.51	7114.3
661.709	6706.76
661.907	7241.28
662.105	7515.7
662.304	6880.83
662.502	6938.18
662.701	7458.36
662.899	7269.95
663.097	7482.94
663.296	6860.35
663.494	7450.17
663.692	7562.81
663.891	6717
664.089	6614.6
664.287	7568.95
664.485	7462.46
664.684	6714.95
664.882	6915.65
665.08	7147.07
665.278	7226.94
665.476	6811.2
665.675	7050.82
665.873	7450.17
666.071	7556.66
666.269	6835.78
666.467	7452.22
666.665	7515.7
666.863	7333.43
667.061	6897.22
667.259	6760
667.457	6975.04
667.655	7360.06
667.853	6528.58
668.051	7163.45
668.249	7257.66
668.447	7378.49
668.645	6723.14
668.843	7132.73
669.041	7583.29
669.239	7163.45
669.437	6778.44
669.635	7011.9
669.833	7102.01
670.031	7261.76
670.229	7038.53
670.426	7163.45
670.624	7233.08
670.822	7362.11
671.02	6782.53
671.218	7034.43
671.415	7099.97
671.613	7216.7
671.811	7056.96
672.009	6805.06
672.206	7380.54
672.404	7263.8
672.602	7161.41
672.799	6958.66
672.997	7558.71
673.195	7431.74
673.392	6917.7
673.59	6684.23
673.788	7411.26
673.985	6706.76
674.183	7032.38
674.38	6739.52
674.578	7499.32
674.775	7196.22
674.973	6792.77
675.17	6610.5
675.368	7599.67
675.565	7108.16
675.763	6884.93
675.96	6727.24
676.158	7370.3
676.355	7233.08
676.553	6723.14
676.75	6821.44
676.947	7228.99
677.145	7138.88
677.342	6942.27
677.539	6757.96
677.737	7396.92
677.934	7503.42
678.131	7083.58
678.329	6954.56
678.526	7898.67
678.723	7605.81
678.92	7079.49
679.118	6948.42
679.315	7001.66
679.512	7415.35
679.709	7007.81
679.906	6979.14
680.104	7431.74
680.301	7138.88
680.498	6489.67
680.695	6821.44
680.892	6999.62
681.089	7157.31
681.286	6852.16
681.483	6491.72
681.68	7138.88
681.877	7185.98
682.075	6696.52
682.272	6991.42
682.469	7108.16
682.665	7153.21
682.862	6630.98
683.059	6573.64
683.256	7073.34
683.453	7294.52
683.65	6782.53
683.847	7048.77
684.044	7185.98
684.241	6901.31
684.438	6983.23
684.635	6461
684.831	7706.17
685.028	7501.37
685.225	6577.73
685.422	7077.44
685.619	7255.61
685.815	7013.95
686.012	6977.09
686.209	6690.37
686.405	6856.26
686.602	7282.24
686.799	6434.38
686.996	6403.66
687.192	6938.18
687.389	7878.19
687.586	6618.69
687.782	6747.72
687.979	7626.29
688.175	7218.75
688.372	6575.69
688.568	6989.38
688.765	6997.57
688.962	7247.42
689.158	6805.06
689.355	6473.29
689.551	7249.47
689.748	6858.31
689.944	6737.48
690.14	6753.86
690.337	7202.36
690.533	7347.77
690.73	6772.29
690.926	6641.22
691.123	7130.69
691.319	7061.05
691.515	6329.93
691.712	6841.92
691.908	7016
692.104	6917.7
692.301	6827.59
692.497	6329.93
692.693	7319.1
692.889	7026.24
693.086	6737.48
693.282	6717
693.478	6921.79
693.674	7378.49
693.87	6682.18
694.067	6532.68
694.263	7310.91
694.459	7093.82
694.655	6798.91
694.851	6852.16
695.047	7063.1
695.243	7116.35
695.439	6878.79
695.635	6735.43
695.831	7056.96
696.027	6837.83
696.224	6489.67
696.42	7130.69
696.615	7429.69
696.811	7358.01
697.007	6424.14
697.203	6708.8
697.399	7030.34
697.595	6954.56
697.791	6528.58
697.987	6815.3
698.183	6882.88
698.379	6909.51
698.575	6598.21
698.77	6542.92
698.966	7063.1
699.162	7114.3
699.358	6469.19
699.554	6665.8
699.749	7312.96
699.945	7249.47
700.141	6772.29
700.337	6667.84
700.532	6624.84
700.728	6846.02
700.924	6229.58
701.119	6202.96
701.315	6805.06
701.511	6741.57
701.706	6528.58
701.902	6313.55
702.097	7022.14
702.293	6993.47
702.489	6565.45
702.684	6223.44
702.88	7167.55
703.075	6696.52
703.271	6827.59
703.466	6288.97
703.662	6645.32
703.857	6903.36
704.053	6565.45
704.248	6714.95
704.443	7267.9
704.639	7269.95
704.834	6428.23
705.03	6583.88
705.225	6850.11
705.42	7073.34
705.616	6501.96
705.811	6520.39
706.006	6770.24
706.202	6915.65
706.397	6510.15
706.592	6276.68
706.787	7237.18
706.983	6569.54
707.178	6735.43
707.373	6530.63
707.568	6897.22
707.763	6997.57
707.959	6319.69
708.154	6276.68
708.349	6686.28
708.544	6886.98
708.739	6667.84
708.934	6309.45
709.129	7118.4
709.324	7028.29
709.519	6297.16
709.714	6276.68
709.909	6993.47
710.104	7026.24
710.299	6354.51
710.494	6542.92
710.689	7044.67
710.884	6856.26
711.079	6391.37
711.274	6692.42
711.469	7073.34
711.664	6999.62
711.859	6542.92
712.054	6407.75
712.249	7081.53
712.443	6909.51
712.638	6078.03
712.833	6442.57
713.028	6843.97
713.223	6536.77
713.417	6745.67
713.612	6311.5
713.807	7054.91
714.002	7573.05
714.196	6686.28
714.391	6260.3
714.586	6741.57
714.78	6919.75
714.975	6229.58
715.17	6221.39
715.364	6940.22
715.559	6901.31
715.754	5875.28
715.948	6057.55
716.143	7247.42
716.337	6899.27
716.532	6614.6
716.726	6405.7
716.921	6821.44
717.115	7126.59
717.31	6012.49
717.504	7327.29
717.699	6499.91
717.893	6960.7
718.088	6063.69
718.282	5996.11
718.476	6532.68
718.671	6895.17
718.865	6205
719.059	6288.97
719.254	6344.27
719.448	7056.96
719.642	8775.2
719.837	5881.42
720.031	8513.06
720.225	6653.51
720.419	6168.14
720.614	6186.57
720.808	6514.25
721.002	6493.77
721.196	5967.44
721.39	6331.98
721.585	6549.06
721.779	6876.74
721.973	6268.49
722.167	5832.27
722.361	6387.27
722.555	6751.81
722.749	6205
722.943	6065.74
723.137	6368.84
723.331	6614.6
723.525	6049.36
723.719	6061.65
723.913	6669.89
724.107	7071.29
724.301	5955.15
724.495	6110.8
724.689	7138.88
724.883	6667.84
725.077	6073.93
725.271	6028.88
725.465	6567.49
725.659	6403.66
725.853	6149.71
726.046	5817.94
726.24	6260.3
726.434	6690.37
726.628	6131.28
726.822	6000.21
727.015	6686.28
727.209	7099.97
727.403	6061.65
727.596	5828.18
727.79	6573.64
727.984	6874.69
728.177	6067.79
728.371	6145.61
728.565	6508.1
728.758	6317.64
728.952	5906
729.146	6057.55
729.339	6620.74
729.533	6512.2
729.726	6075.98
729.92	5813.84
730.113	6663.75
730.307	6389.32
730.5	6196.81
730.694	6037.07
730.887	6344.27
731.081	6399.56
731.274	5733.97
731.468	6006.35
731.661	6565.45
731.854	6243.92
732.048	5881.42
732.241	5844.56
732.435	6274.63
732.628	6291.02
732.821	6129.23
733.014	5971.54
733.208	6200.91
733.401	6473.29
733.594	5996.11
733.788	5822.03
733.981	6594.12
734.174	6385.23
734.367	5881.42
734.56	6229.58
734.754	6778.44
734.947	6450.76
735.14	5899.86
735.333	6198.86
735.526	6792.77
735.719	6303.31
735.912	6020.69
736.105	5912.14
736.298	6641.22
736.491	6583.88
736.684	5949.01
736.877	5975.63
737.07	6753.86
737.263	7063.1
737.456	6012.49
737.649	5983.82
737.842	6692.42
738.035	6792.77
738.228	6186.57
738.421	6252.11
738.614	6723.14
738.807	6694.47
739	5576.28
739.192	5963.34
739.385	6555.21
739.578	6561.35
739.771	6420.04
739.964	5846.61
740.156	6747.72
740.349	6358.6
740.542	6182.48
740.735	5781.07
740.927	6047.31
741.12	6284.87
741.313	5731.92
741.505	6190.67
741.698	6426.18
741.891	6680.13
742.083	6217.29
742.276	5838.42
742.468	6622.79
742.661	6477.38
742.854	5865.04
743.046	5815.89
743.239	6379.08
743.431	6585.93
743.624	5733.97
743.816	5531.22
744.009	6260.3
744.201	6219.34
744.393	6399.56
744.586	5666.39
744.778	6413.9
744.971	6411.85
745.163	5856.85
745.355	6039.12
745.548	6286.92
745.74	6307.4
745.932	6020.69
746.125	5912.14
746.317	6905.41
746.509	6409.8
746.702	5963.34
746.894	5920.34
747.086	6567.49
747.278	6573.64
747.471	6139.47
747.663	5881.42
747.855	6483.53
748.047	6727.24
748.239	5555.8
748.431	5776.98
748.623	6725.19
748.815	6497.86
749.008	5590.61
749.2	5793.36
749.392	6227.53
749.584	6553.16
749.776	5936.72
749.968	6006.35
750.16	6549.06
750.352	6264.4
750.544	5920.34
750.736	5883.47
750.928	6331.98
751.12	6565.45
751.311	6014.54
751.503	5983.82
751.695	6164.04
751.887	6397.51
752.079	5707.35
752.271	5797.46
752.463	6993.47
752.654	6260.3
752.846	5936.72
753.038	5797.46
753.23	6217.29
753.421	6260.3
753.613	5725.78
753.805	6026.83
753.997	6284.87
754.188	6504.01
754.38	5566.04
754.572	5893.71
754.763	6108.75
754.955	6401.61
755.146	5877.33
755.338	5793.36
755.53	6596.17
755.721	6356.55
755.913	5373.53
756.104	5754.45
756.296	6061.65
756.487	6448.71
756.679	5500.5
756.87	5381.72
757.062	6227.53
757.253	6125.13
757.445	5506.65
757.636	5897.81
757.827	6209.1
758.019	6901.31
758.21	5533.27
758.401	5551.7
758.593	6667.84
758.784	6532.68
758.975	5516.89
759.167	5492.31
759.358	6227.53
759.549	6379.08
759.74	5566.04
759.932	5738.07
760.123	6133.33
760.314	5977.68
760.505	5611.09
760.696	5494.36
760.888	6262.35
761.079	6194.76
761.27	5518.93
761.461	5430.87
761.652	6368.84
761.843	6002.26
762.034	5537.37
762.225	6020.69
762.416	6082.13
762.607	5930.58
762.798	5281.37
762.989	5408.34
763.18	7169.6
763.371	6067.79
763.562	5527.13
763.753	5391.96
763.944	6014.54
764.135	5865.04
764.326	5746.26
764.517	5504.6
764.708	6082.13
764.899	6088.27
765.089	5303.9
765.28	5111.39
765.471	5693.01
765.662	6094.41
765.853	5574.23
766.043	5387.86
766.234	6051.41
766.425	6059.6
766.615	5437.02
766.806	5254.75
766.997	6041.17
767.187	5996.11
767.378	5285.47
767.569	5146.2
767.759	5768.79
767.95	5670.48
768.141	5498.45
768.331	5230.17
768.522	5893.71
768.712	5889.62
768.903	5336.67
769.093	5246.55
769.284	5926.48
769.474	5791.31
769.665	5113.44
769.855	4902.5
770.046	5975.63
770.236	5776.98
770.426	5437.02
770.617	5191.26
770.807	5674.58
770.998	5992.02
771.188	5402.2
771.378	5160.54
771.569	5961.3
771.759	5805.65
771.949	4998.75
772.139	4789.86
772.33	5580.37
772.52	5656.15
772.71	4994.65
772.9	5037.66
773.09	5852.75
773.281	6018.64
773.471	4980.32
773.661	5156.44
773.851	5652.05
774.041	5738.07
774.231	5008.99
774.421	5312.09
774.611	5770.83
774.802	5779.03
774.992	5115.48
775.182	4666.98
775.372	5871.19
775.562	5852.75
775.752	5129.82
775.942	5090.91
776.131	5871.19
776.321	5770.83
776.511	4746.85
776.701	4877.92
776.891	6028.88
777.081	5455.45
777.271	5072.48
777.461	4896.35
777.651	5480.02
777.84	5574.23
778.03	5121.63
778.22	4796
778.41	5744.21
778.599	5506.65
778.789	5164.64
778.979	4910.69
779.169	5447.26
779.358	5166.68
779.548	5453.4
779.738	4578.92
779.927	5559.89
780.117	5168.73
780.307	4722.27
780.496	4478.57
780.686	5508.69
780.875	5940.82
781.065	4933.22
781.254	4796
781.444	5461.59
781.633	5340.76
781.823	4759.14
782.012	4806.24
782.202	5256.79
782.391	5250.65
782.581	4820.58
782.77	5142.11
782.96	5631.57
783.149	5170.78
783.338	4771.43
783.528	4642.4
783.717	5439.06
783.906	5428.82
784.096	4851.3
784.285	4648.55
784.474	5418.58
784.663	5242.46
784.853	4673.12
785.042	4947.55
785.231	5351
785.42	5361.24
785.61	4998.75
785.799	4648.55
785.988	5815.89
786.177	5047.9
786.366	4662.88
786.555	5299.8
786.744	5348.95
786.933	5289.56
787.122	4447.85
787.312	4634.21
787.501	5295.71
787.69	5351
787.879	4578.92
788.068	4644.45
788.257	5043.81
788.445	5389.91
788.634	4679.27
788.823	4640.36
789.012	5729.88
789.201	5418.58
789.39	4720.23
789.579	4591.2
789.768	5447.26
789.957	5324.38
790.145	4519.53
790.334	4144.75
790.523	4787.81
790.712	4988.51
790.9	4695.65
791.089	4421.22
791.278	5367.38
791.467	5189.21
791.655	5181.02
791.844	5430.87
792.033	5140.06
792.221	5127.77
792.41	4535.91
792.599	4245.1
792.787	5140.06
792.976	5301.85
793.164	4343.4
793.353	4603.49
793.541	5135.96
793.73	5248.6
793.918	4466.28
794.107	4587.11
794.295	5119.58
794.484	4791.91
794.672	4601.44
794.861	4515.43
795.049	4939.36
795.238	5402.2
795.426	4134.51
795.614	4718.18
795.803	5332.57
795.991	5428.82
796.179	4394.6
796.368	4431.46
796.556	5248.6
796.744	4851.3
796.932	4259.43
797.121	4286.06
797.309	4777.57
797.497	5121.63
797.685	4341.35
797.874	4142.7
798.062	4943.46
798.25	5262.94
798.438	4306.54
798.626	4312.68
798.814	5267.03
799.002	5150.3
799.19	4656.74
799.378	4474.47
799.566	4894.3
799.755	5135.96
799.943	4740.71
800.131	4392.55
800.318	4918.88
800.506	5119.58
800.694	4177.51
800.882	4595.3
801.07	5439.06
801.258	4861.54
801.446	4652.64
801.634	4435.56
801.822	4806.24
802.01	5199.45
802.197	4376.17
802.385	4554.34
802.573	5240.41
802.761	4941.41
802.949	4314.73
803.136	4216.43
803.324	5221.98
803.512	4789.86
803.699	4777.57
803.887	4083.31
804.075	5023.33
804.262	4951.65
804.45	4255.34
804.638	4716.13
804.825	4652.64
805.013	4779.62
805.201	4374.12
805.388	4316.78
805.576	4884.06
805.763	5140.06
805.951	4255.34
806.138	4527.72
806.326	5283.42
806.513	4908.64
806.701	4316.78
806.888	4304.49
807.075	5092.96
807.263	5160.54
807.45	4408.94
807.638	4634.21
807.825	5355.1
808.012	5273.18
808.2	4669.03
808.387	4922.98
808.574	5076.57
808.761	5377.62
808.949	4523.62
809.136	4453.99
809.323	5017.18
809.51	4959.84
809.698	4968.03
809.885	4750.95
810.072	5138.01
810.259	5322.33
810.446	4572.77
810.633	4386.41
810.82	5090.91
811.008	5500.5
811.195	4742.75
811.382	4636.26
811.569	5181.02
811.756	4648.55
811.943	4501.09
812.13	4361.83
812.317	5049.95
812.504	4755.04
812.691	4513.38
812.878	4742.75
813.064	5480.02
813.251	5146.2
813.438	4484.71
813.625	4752.99
813.812	5160.54
813.999	5228.12
814.186	4613.73
814.372	4488.81
814.559	5191.26
814.746	5441.11
814.933	4415.08
815.12	4623.97
815.306	5103.2
815.493	4972.13
815.68	4294.25
815.866	4363.88
816.053	5221.98
816.24	5209.69
816.426	4750.95
816.613	4150.89
816.799	4959.84
816.986	5455.45
817.173	4648.55
817.359	4404.84
817.546	5107.29
817.732	4806.24
817.919	4017.77
818.105	4652.64
818.292	5111.39
818.478	5226.07
818.665	4763.23
818.851	4429.42
819.037	5611.09
819.224	5052
819.41	4204.14
819.597	4320.87
819.783	5607
819.969	5076.57
820.156	4458.09
820.342	4202.09
820.528	6344.27
820.714	4697.7
820.901	4660.84
821.087	4324.97
821.273	5168.73
821.459	4947.55
821.646	4218.47
821.832	4259.43
822.018	5002.85
822.204	5135.96
822.39	4367.98
822.576	4251.24
822.762	5111.39
822.948	5150.3
823.134	4574.82
823.32	4429.42
823.507	4779.62
823.693	5017.18
823.879	5107.29
824.065	4243.05
824.25	4851.3
824.436	5006.94
824.622	4324.97
824.808	4324.97
824.994	4890.21
825.18	4974.17
825.366	4343.4
825.552	4298.35
825.738	5002.85
825.923	5105.24
826.109	4433.51
826.295	4134.51
826.481	4773.47
826.667	4808.29
826.852	4503.14
827.038	4324.97
827.224	4908.64
827.409	5156.44
827.595	4038.25
827.781	4718.18
827.966	5283.42
828.152	5320.28
828.338	4398.7
828.523	4021.87
828.709	4886.11
828.894	4970.08
829.08	4157.04
829.266	4261.48
829.451	4728.42
829.637	4855.39
829.822	4413.03
830.008	4179.56
830.193	4798.05
830.378	5031.52
830.564	4402.79
830.749	4042.35
830.935	4882.02
831.12	4650.6
831.305	4032.11
831.491	4189.8
831.676	4408.94
831.861	4836.96
832.047	4138.6
832.232	3894.9
832.417	4875.87
832.602	4908.64
832.788	3995.25
832.973	4152.94
833.158	4679.27
833.343	4632.16
833.528	4210.28
833.714	4365.93
833.899	4535.91
834.084	5164.64
834.269	4447.85
834.454	4066.92
834.639	4779.62
834.824	4628.07
835.009	4169.32
835.194	4316.78
835.379	4855.39
835.564	5113.44
835.749	4232.81
835.934	4068.97
836.119	4658.79
836.304	4712.03
836.489	4087.4
836.674	4552.29
836.859	4476.52
837.044	4984.41
837.228	4177.51
837.413	3927.66
837.598	4671.08
837.783	4671.08
837.968	4111.98
838.152	3835.5
838.337	3925.61
838.522	5156.44
838.707	4787.81
838.891	4296.3
839.076	4634.21
839.261	4646.5
839.445	3989.1
839.63	4218.47
839.815	4996.7
839.999	4431.46
840.184	3907.18
840.368	3989.1
840.553	4863.58
840.737	4589.16
840.922	3845.74
841.106	3737.2
841.291	4263.53
841.475	4664.93
841.66	3972.72
841.844	3855.98
842.029	5078.62
842.213	4259.43
842.397	3870.32
842.582	3681.91
842.766	4755.04
842.951	4701.79
843.135	4075.12
843.319	3890.8
843.504	4796
843.688	5084.77
843.872	3477.11
844.056	3786.35
844.241	4505.19
844.425	4365.93
844.609	4152.94
844.793	3630.71
844.977	4593.25
845.161	4462.18
845.346	3571.32
845.53	3698.29
845.714	4355.69
845.898	4974.17
846.082	3706.48
846.266	3724.91
846.45	4169.32
846.634	4576.87
846.818	3704.43
847.002	3927.66
847.186	4238.95
847.37	4021.87
847.554	3559.03
847.738	4128.36
847.922	4335.21
848.106	4488.81
848.29	3565.17
848.473	3671.67
848.657	4269.67
848.841	4116.08
849.025	3743.35
849.209	3542.64
849.392	4431.46
849.576	4107.88
849.76	3358.33
849.944	3890.8
850.127	4548.2
850.311	4220.52
850.495	3419.77
850.678	3438.2
850.862	4320.87
851.046	4566.63
851.229	4101.74
851.413	3585.65
851.596	4527.72
851.78	3939.95
851.964	3792.5
852.147	3643
852.331	4591.2
852.514	4605.54
852.698	3767.92
852.881	3389.05
853.065	4107.88
853.248	3987.05
853.431	3604.08
853.615	3610.23
853.798	5017.18
853.982	4320.87
854.165	3817.07
854.348	3599.99
854.532	3917.42
854.715	4130.41
854.898	3686
855.081	3561.08
855.265	4550.25
855.448	4748.9
855.631	3407.48
855.814	3544.69
855.997	4042.35
856.181	4214.38
856.364	3489.4
856.547	3251.83
856.73	4062.83
856.913	3962.48
857.096	3270.26
857.279	3675.76
857.462	4085.36
857.645	4191.85
857.828	3610.23
858.011	3782.26
858.194	4128.36
858.377	4007.53
858.56	3317.37
858.743	3540.6
858.926	3952.24
859.109	4025.97
859.292	3466.87
859.475	3210.87
859.658	4066.92
859.841	3956.33
860.023	3272.31
860.206	3323.51
860.389	3890.8
860.572	4056.68
860.755	3542.64
860.937	3479.16
861.12	3698.29
861.303	4040.3
861.486	3378.81
861.668	3118.72
861.851	3780.21
862.034	4013.68
862.216	3661.43
862.399	3131
862.581	3929.71
862.764	4046.44
862.947	3333.75
863.129	3161.72
863.312	3776.11
863.494	4136.56
863.677	3939.95
863.859	3088
864.042	4050.54
864.224	3747.44
864.406	3479.16
864.589	3026.56
864.771	3870.32
864.954	3718.77
865.136	3307.13
865.318	2993.79
865.501	4488.81
865.683	3321.46
865.865	3200.63
866.048	3137.15
866.23	4042.35
866.412	3694.19
866.594	3165.82
866.777	3405.43
866.959	3712.63
867.141	3659.38
867.323	3522.16
867.505	3522.16
867.687	3647.09
867.869	3706.48
868.052	3284.6
868.234	3085.95
868.416	3776.11
868.598	3911.28
868.78	3247.74
868.962	2995.84
869.144	3815.02
869.326	3573.36
869.508	3133.05
869.69	3047.04
869.872	3456.63
870.054	4136.56
870.236	2946.69
870.417	2985.6
870.599	3606.13
870.781	4191.85
870.963	3286.65
871.145	3004.03
871.327	3536.5
871.508	3917.42
871.69	3069.56
871.872	3223.16
872.054	3432.05
872.235	3528.31
872.417	3208.83
872.599	2901.63
872.78	4159.08
872.962	3507.83
873.144	2817.66
873.325	3151.48
873.507	3843.7
873.689	3716.72
873.87	2958.97
874.052	3233.4
874.233	3640.95
874.415	4241
874.596	3083.9
874.778	2993.79
874.959	3780.21
875.141	3927.66
875.322	2952.83
875.503	3036.8
875.685	3700.34
875.866	3286.65
876.048	3116.67
876.229	3038.84
876.41	3544.69
876.592	3780.21
876.773	3018.36
876.954	2776.7
877.136	3954.29
877.317	3403.38
877.498	2821.76
877.679	3165.82
877.86	3583.6
878.042	3610.23
878.223	2891.39
878.404	3645.04
878.585	3753.59
878.766	5555.8
878.947	3427.96
879.128	3292.79
879.309	3706.48
879.49	4042.35
879.672	3417.72
879.853	3026.56
880.034	3567.22
880.215	3808.88
880.396	3255.93
880.576	3360.38
880.757	3692.15
880.938	4226.67
881.119	2840.19
881.3	3108.48
881.481	3618.42
881.662	4683.36
881.843	2866.81
882.023	2930.3
882.204	4126.32
882.385	3731.06
882.566	3085.95
882.747	3194.49
882.927	3800.69
883.108	3765.87
883.289	3028.6
883.469	3518.07
883.65	3688.05
883.831	3722.87
884.011	3509.88
884.192	3128.95
884.373	3860.08
884.553	3673.71
884.734	3389.05
884.914	3724.91
885.095	4943.46
885.275	4005.49
885.456	3491.45
885.636	3073.66
885.817	3808.88
885.997	4025.97
886.178	3055.23
886.358	3436.15
886.538	3853.94
886.719	5551.7
886.899	3184.25
887.08	3294.84
887.26	3933.81
887.44	3663.47
887.621	3163.77
887.801	3499.64
887.981	4165.23
888.161	4071.02
888.342	3311.22
888.522	3214.97
888.702	4132.46
888.882	3964.53
889.062	3520.12
889.242	2928.25
889.423	4191.85
889.603	3974.77
889.783	3591.8
889.963	3290.74
890.143	3935.85
890.323	4101.74
890.503	3266.17
890.683	3366.52
890.863	3886.7
891.043	3749.49
891.223	3335.8
891.403	3493.49
891.583	4015.73
891.763	4095.6
891.943	3575.41
892.122	3536.5
892.302	3894.9
892.482	3929.71
892.662	3604.08
892.842	3329.66
893.022	3759.73
893.201	3960.43
893.381	3493.49
893.561	3104.38
893.741	4028.01
893.92	3692.15
894.1	3589.75
894.28	3552.88
894.459	4040.3
894.639	3851.89
894.819	3245.69
894.998	3389.05
895.178	3905.14
895.357	3612.28
895.537	3219.07
895.716	3012.22
895.896	3446.39
896.075	4255.34
896.255	3229.31
896.434	2782.85
896.614	4374.12
896.793	3755.63
896.973	3583.6
897.152	3307.13
897.331	3614.32
897.511	3718.77
897.69	2891.39
897.87	3200.63
898.049	3706.48
898.228	3794.54
898.407	3227.26
898.587	3303.03
898.766	3468.92
898.945	3843.7
899.124	3610.23
899.304	3247.74
899.483	3784.3
899.662	4183.66
899.841	3161.72
900.02	3231.35
900.199	3872.37
900.378	3853.94
900.557	3047.04
900.737	3055.23
900.916	3384.95
901.095	3454.58
901.274	3477.11
901.453	2862.72
901.632	3319.42
901.811	3389.05
901.989	2979.45
902.168	2854.53
902.347	3692.15
902.526	3233.4
902.705	3036.8
902.884	3202.68
903.063	3827.31
903.242	3739.25
903.42	2934.4
903.599	3210.87
903.778	3704.43
903.957	3888.75
904.135	3153.53
904.314	2969.21
904.493	3526.26
904.672	3231.35
904.85	2999.93
905.029	2940.54
905.207	3321.46
905.386	3970.67
905.565	2596.48
905.743	2772.61
905.922	3354.23
906.1	3370.62
906.279	2465.41
906.457	2766.46
906.636	3305.08
906.814	3190.39
906.993	2600.58
907.171	2537.09
907.35	3141.24
907.528	3745.39
907.707	3038.84
907.885	2453.13
908.063	3331.7
908.242	2981.5
908.42	2555.52
908.598	2367.11
908.777	3276.41
908.955	2879.1
909.133	2666.11
909.311	2387.59
909.49	2893.44
909.668	3034.75
909.846	2645.63
910.024	2344.58
910.202	3001.98
910.38	3288.7
910.559	2608.77
910.737	2748.03
910.915	3225.21
911.093	3096.19
911.271	2768.51
911.449	2805.38
911.627	3085.95
911.805	3776.11
911.983	2598.53
912.161	2619.01
912.339	2977.41
912.517	3544.69
912.695	2891.39
912.872	2793.09
913.05	3264.12
913.228	3325.56
913.406	2686.59
913.584	2739.84
913.762	3460.73
913.939	3247.74
914.117	2707.07
914.295	2580.1
914.473	2903.68
914.65	3513.97
914.828	2748.03
915.006	2639.49
915.184	3032.7
915.361	3315.32
915.539	2846.34
915.716	3057.28
915.894	3094.14
916.072	3384.95
916.249	3092.09
916.427	2864.77
916.604	3049.08
916.782	3339.9
916.959	2559.62
917.137	2707.07
917.314	3241.59
917.492	3094.14
917.669	2821.76
917.847	2698.88
918.024	3194.49
918.201	2903.68
918.379	2752.13
918.556	2811.52
918.733	3362.42
918.911	2803.33
919.088	2911.87
919.265	2602.63
919.442	3176.06
919.62	3380.86
919.797	2690.69
919.974	2504.32
920.151	3315.32
920.328	3065.47
920.506	2657.92
920.683	2993.79
920.86	2842.24
921.037	3053.18
921.214	2780.8
921.391	2692.74
921.568	3180.15
921.745	3018.36
921.922	2653.83
922.099	2516.61
922.276	3128.95
922.453	3063.42
922.63	2522.76
922.807	2952.83
922.984	3202.68
923.161	2870.91
923.338	2674.31
923.514	2547.33
923.691	3253.88
923.868	3253.88
924.045	2559.62
924.222	2512.52
924.399	3071.61
924.575	3112.57
924.752	2580.1
924.929	2711.17
925.105	2913.92
925.282	2768.51
925.459	2608.77
925.635	2438.79
925.812	3061.37
925.989	2748.03
926.165	2606.72
926.342	2139.79
926.518	2784.9
926.695	2702.98
926.871	2299.53
927.048	2313.86
927.224	3184.25
927.401	2647.68
927.577	2533
927.754	2102.92
927.93	3079.8
928.107	3081.85
928.283	2150.03
928.459	2674.31
928.636	2899.58
928.812	2649.73
928.988	2109.07
929.165	2055.82
929.341	2694.79
929.517	2809.47
929.693	2895.49
929.87	1937.04
930.046	2829.95
930.222	2641.54
930.398	2158.22
930.574	2313.86
930.751	2530.95
930.927	2680.45
931.103	2307.72
931.279	2260.62
931.455	2526.85
931.631	2684.55
931.807	1986.19
931.983	1990.28
932.159	2193.03
932.335	2582.15
932.511	2078.35
932.687	2023.05
932.863	2408.07
933.039	2614.91
933.215	1889.93
933.391	1777.3
933.566	2422.41
933.742	2416.26
933.918	1969.8
934.094	1699.47
934.27	2479.75
934.445	2238.09
934.621	2059.92
934.797	1855.12
934.973	2363.01
935.148	2256.52
935.324	1666.71
935.5	1558.16
935.675	2336.39
935.851	2287.24
936.027	2010.76
936.202	1861.26
936.378	2342.53
936.553	2027.15
936.729	2449.03
936.904	1693.33
937.08	1904.27
937.255	1879.69
937.431	1640.08
937.606	1398.42
937.782	1758.86
937.957	2100.87
938.133	1617.55
938.308	1560.21
938.483	1830.54
938.659	1476.24
938.834	1644.18
939.009	1265.3
939.185	1937.04
939.36	1423
939.535	974.49
939.71	1490.58
939.886	2064.01
940.061	1552.02
940.236	1707.66
940.411	1371.8
940.586	1824.4
940.761	1711.76
940.937	1312.41
941.112	1179.29
941.287	1570.45
941.462	1601.17
941.637	974.49
941.812	1263.26
941.987	1504.92
942.162	1439.38
942.337	1246.87
942.512	1130.14
942.687	1812.11
942.862	1506.96
943.037	970.4
943.212	794.27
943.386	1302.17
943.561	1361.56
943.736	1308.31
943.911	1650.32
944.086	1740.43
944.26	1470.1
944.435	1121.95
944.61	1234.58
944.785	1504.92
944.959	2195.08
945.134	1097.37
945.309	990.88
945.483	1191.58
945.658	1717.9
945.833	820.89
946.007	810.65
946.182	1883.79
946.357	1255.06
946.531	1042.07
946.706	1072.79
946.88	1154.71
947.055	1511.06
947.229	1093.27
947.404	976.54
947.578	1513.11
947.752	1513.11
947.927	1023.64
948.101	882.33
948.276	1869.45
948.45	1511.06
948.624	1486.48
948.799	929.44
948.973	1466
949.147	1355.41
949.321	1117.85
949.496	1232.54
949.67	1871.5
949.844	1406.61
950.018	1138.33
950.193	1212.06
950.367	2160.27
950.541	1480.34
950.715	1175.19
950.889	1433.24
951.063	1502.87
951.237	1707.66
951.411	1054.36
951.585	1070.75
951.759	1767.06
951.933	1654.42
952.107	1056.41
952.281	1318.55
952.455	1961.61
952.629	1570.45
952.803	1207.96
952.977	1177.24
953.151	1754.77
953.325	1408.66
953.499	1367.7
953.672	876.19
953.846	1453.72
954.02	1369.75
954.194	1132.19
954.368	1134.23
954.541	1748.62
954.715	1646.23
954.889	1248.92
955.062	964.25
955.236	1494.68
955.41	1549.97
955.583	1418.9
955.757	1048.22
955.93	1611.41
956.104	1466
956.278	1095.32
956.451	1248.92
956.625	1545.88
956.798	2133.64
956.972	1709.71
957.145	1179.29
957.319	2012.81
957.492	1629.84
957.665	1511.06
957.839	1138.33
958.012	1732.24
958.185	1476.24
958.359	1298.07
958.532	1466
958.705	1707.66
958.879	1543.83
959.052	1449.62
959.225	980.64
959.398	1711.76
959.572	1736.34
959.745	1089.18
959.918	1298.07
960.091	1638.03
960.264	1734.29
960.438	1152.67
960.611	1156.76
960.784	1986.19
960.957	1521.3
961.13	1781.39
961.303	1117.85
961.476	1537.68
961.649	2025.1
961.822	1121.95
961.995	1437.33
962.168	1568.4
962.341	1920.65
962.514	1291.93
962.686	1199.77
962.859	1584.79
963.032	1699.47
963.205	1291.93
963.378	1033.88
963.551	1617.55
963.723	1420.95
963.896	1472.15
964.069	1521.3
964.242	1650.32
964.414	2010.76
964.587	1316.5
964.76	1359.51
964.932	1734.29
965.105	1650.32
965.278	1353.37
965.45	1083.03
965.623	1713.81
965.795	1816.21
965.968	1228.44
966.14	1232.54
966.313	1629.84
966.485	1582.74
966.658	1183.38
966.83	1187.48
967.003	1785.49
967.175	1611.41
967.348	1142.43
967.52	1308.31
967.692	2168.46
967.865	1879.69
968.037	1216.15
968.209	1486.48
968.382	1816.21
968.554	1865.36
968.726	1216.15
968.898	1095.32
969.071	1879.69
969.243	1674.9
969.415	1197.72
969.587	1365.65
969.759	2018.96
969.932	1543.83
970.104	1212.06
970.276	847.52
970.448	1515.16
970.62	1461.91
970.792	1336.98
970.964	1259.16
971.136	2035.34
971.308	1601.17
971.48	1064.6
971.652	1152.67
971.824	1885.84
971.996	1578.64
972.168	1195.67
972.339	1296.02
972.511	1470.1
972.683	1644.18
972.855	1435.28
973.027	1019.55
973.199	1896.08
973.37	1699.47
973.542	1171.1
973.714	1326.74
973.886	1326.74
974.057	1685.14
974.229	988.83
974.401	1117.85
974.572	1351.32
974.744	1222.3
974.915	974.49
975.087	994.97
975.259	1920.65
975.43	1355.41
975.602	974.49
975.773	976.54
975.945	1406.61
976.116	1539.73
976.288	962.2
976.459	1410.71
976.63	1210.01
976.802	1463.96
976.973	962.2
977.145	1379.99
977.316	2170.51
977.487	2240.14
977.659	1220.25
977.83	1091.23
978.001	1846.93
978.172	1547.92
978.344	1119.9
978.515	1148.57
978.686	1382.04
978.857	1914.51
979.028	1087.13
979.2	896.67
979.371	1836.69
979.542	1267.35
979.713	1195.67
979.884	708.26
980.055	1312.41
980.226	1463.96
980.397	1025.69
980.568	835.23
980.739	1676.95
980.91	1201.82
981.081	1216.15
981.252	1007.26
981.423	1384.09
981.594	1482.39
981.765	882.33
981.936	1150.62
982.106	1425.04
982.277	1711.76
982.448	964.25
982.619	1232.54
982.79	1109.66
982.96	1420.95
983.131	1269.4
983.302	724.64
983.472	1253.02
983.643	1451.67
983.814	1099.42
983.984	986.78
984.155	1253.02
984.326	1476.24
984.496	1076.89
984.667	1011.36
984.837	1003.16
985.008	1859.21
985.178	1425.04
985.349	935.58
985.519	1390.23
985.69	1097.37
985.86	1019.55
986.031	847.52
986.201	1322.65
986.371	1259.16
986.542	732.83
986.712	536.23
986.882	1343.13
987.053	1341.08
987.223	876.19
987.393	1232.54
987.563	1248.92
987.734	1420.95
987.904	1470.1
988.074	786.08
988.244	1076.89
988.414	1138.33
988.585	872.09
988.755	1023.64
988.925	1169.05
989.095	1654.42
989.265	655.01
989.435	1044.12
989.605	1412.76
989.775	1513.11
989.945	1244.82
990.115	609.95
990.285	1142.43
990.455	1275.54
990.625	974.49
990.795	609.95
990.965	1517.2
991.134	1056.41
991.304	781.98
991.474	728.74
991.644	1248.92
991.814	1566.35
991.984	474.79
992.153	728.74
992.323	1054.36
992.493	1304.21
992.662	564.9
992.832	1023.64
993.002	1021.6
993.171	1382.04
993.341	370.34
993.511	691.87
993.68	1042.07
993.85	1296.02
994.019	548.51
994.189	560.8
994.358	1128.09
994.528	1097.37
994.697	362.15
994.867	505.51
995.036	1379.99
995.206	904.86
995.375	485.03
995.544	882.33
995.714	1437.33
995.883	1134.23
996.052	1070.75
996.222	290.47
996.391	1463.96
996.56	1255.06
996.73	620.19
996.899	503.46
997.068	1439.38
997.237	1164.95
997.406	478.88
997.576	458.4
997.745	1527.44
997.914	1062.55
998.083	278.18
998.252	499.36
998.421	1111.71
998.59	900.76
998.759	530.08
998.928	306.85
999.097	1244.82
999.266	1126.04
999.435	824.99
999.604	200.36
999.773	1404.57
999.942	1035.93
1000.111	226.98
1000.28	319.14
1000.448	884.38
1000.617	765.6
1000.786	784.03
1000.955	372.39
1001.124	1277.59
1001.292	1603.22
1001.461	564.9
1001.63	286.37
1001.798	1216.15
1001.967	1054.36
1002.136	347.81
1002.304	341.67
1002.473	1230.49
1002.642	898.72
1002.81	499.36
1002.979	411.3
1003.147	1269.4
1003.316	1291.93
1003.484	388.77
1003.653	472.74
1003.821	1085.08
1003.99	833.18
1004.158	718.5
1004.327	589.47
1004.495	1089.18
1004.663	921.24
1004.832	573.09
1005	173.74
1005.168	980.64
1005.337	888.48
1005.505	83.63
1005.673	779.93
1005.842	1128.09
1006.01	741.02
1006.178	167.59
1006.346	464.55
1006.514	870.05
1006.683	1330.84
1006.851	335.53
1007.019	689.82
1007.187	790.17
1007.355	472.74
1007.523	59.05
1007.691	16.04
1007.859	614.05
1008.027	1451.67
1008.195	315.05
1008.363	243.37
1008.531	810.65
1008.699	982.68
1008.867	87.72
1009.035	292.52
1009.203	1230.49
1009.37	814.75
1009.538	362.15
1009.706	1179.29
1009.874	816.8
1010.042	843.42
1010.209	153.26
1010.377	224.94
1010.545	947.87
1010.713	904.86
1010.88	249.51
1011.048	192.17
1011.216	843.42
1011.383	1109.66
1011.551	274.09
1011.718	132.78
1011.886	919.2
1012.054	1074.84
1012.221	97.96
1012.389	169.64
1012.556	831.13
1012.724	1109.66
1012.891	392.87
1013.058	-31.06
1013.226	818.85
1013.393	781.98
1013.561	-57.68
1013.728	-37.2
1013.895	1070.75
1014.063	841.37
1014.23	-90.45
1014.397	181.93
1014.565	949.92
1014.732	695.97
1014.899	59.05
1015.066	38.57
1015.233	925.34
1015.401	921.24
1015.568	161.45
1015.735	458.4
1015.902	968.35
1016.069	994.97
1016.236	216.74
1016.403	-51.54
1016.57	503.46
1016.737	1279.64
1016.904	204.46
1017.071	-115.03
1017.238	540.32
1017.405	736.93
1017.572	161.45
1017.739	497.32
1017.906	1169.05
1018.073	1052.31
1018.24	-18.77
1018.407	329.38
1018.573	855.71
1018.74	781.98
1018.907	169.64
1019.074	-131.41
1019.241	784.03
1019.407	743.07
1019.574	-2.39
1019.741	7.85
1019.907	1021.6
1020.074	1187.48
1020.241	-303.44
1020.407	-82.26
1020.574	614.05
1020.74	677.54
1020.907	122.54
1021.073	11.95
1021.24	1392.28
1021.406	839.33
1021.573	9.9
1021.739	81.58
1021.906	1023.64
1022.072	573.09
1022.239	-0.34
1022.405	126.63
1022.571	769.69
1022.738	657.06
1022.904	13.99
1023.07	253.61
1023.237	681.63
1023.403	972.44
1023.569	34.47
1023.735	173.74
1023.902	790.17
1024.068	743.07
1024.234	-188.75
1024.4	1.71
1024.566	454.31
1024.732	702.11
1024.898	20.14
1025.065	-325.97
1025.231	525.99
1025.397	450.21
1025.563	34.47
1025.729	-131.41
1025.895	179.88
1026.061	446.12
1026.227	-285.01
1026.392	22.19
1026.558	679.58
1026.724	730.78
1026.89	-20.82
1027.056	216.74
1027.222	462.5
1027.388	622.24
1027.553	73.39
1027.719	-12.63
1027.885	1115.8
1028.051	581.28
1028.216	-266.58
1028.382	79.53
1028.548	679.58
1028.713	433.83
1028.879	-203.09
1029.045	179.88
1029.21	882.33
1029.376	775.84
1029.541	-6.49
1029.707	-53.59
1029.873	671.39
1030.038	640.67
1030.204	1.71
1030.369	83.63
1030.534	614.05
1030.7	386.72
1030.865	122.54
1031.031	-108.88
1031.196	585.38
1031.361	478.88
1031.527	-94.55
1031.692	-92.5
1031.857	302.76
1032.023	695.97
1032.188	-125.27
1032.353	-65.88
1032.518	792.22
1032.684	536.23
1032.849	-276.82
1033.014	-57.68
1033.179	493.22
1033.344	622.24
1033.509	140.97
1033.674	-102.74
1033.839	648.86
1034.004	659.1
1034.17	38.57
1034.335	-229.71
1034.5	470.69
1034.664	396.96
1034.829	-149.84
1034.994	112.3
1035.159	259.75
1035.324	661.15
1035.489	-14.68
1035.654	-53.59
1035.819	1195.67
1035.984	616.1
1036.148	-39.25
1036.313	-16.73
1036.478	700.06
1036.643	437.92
1036.807	-229.71
1036.972	-227.67
1037.137	966.3
1037.301	362.15
1037.466	-323.92
1037.631	13.99
1037.795	659.1
1037.96	335.53
1038.124	241.32
1038.289	-262.48
1038.454	460.45
1038.618	769.69
1038.783	-4.44
1038.947	3.75
1039.111	323.24
1039.276	482.98
1039.44	-125.27
1039.605	732.83
1039.769	282.28
1039.933	489.12
1040.098	-137.56
1040.262	308.9
1040.426	698.02
1040.591	548.51
1040.755	-217.43
1040.919	-86.36
1041.083	775.84
1041.248	341.67
1041.412	-383.31
1041.576	-264.53
1041.74	409.25
1041.904	446.12
1042.068	-94.55
1042.232	34.47
1042.397	802.46
1042.561	448.16
1042.725	-428.37
1042.889	-37.2
1043.053	485.03
1043.217	382.63
1043.381	-102.74
1043.544	-291.15
1043.708	646.82
1043.872	267.94
1044.036	-473.42
1044.2	-401.74
1044.364	693.92
1044.528	579.23
1044.691	5058.14
1044.855	-272.72
1045.019	558.75
1045.183	657.06
1045.346	-98.64
1045.51	-321.87
1045.674	589.47
1045.837	478.88
1046.001	-119.12
1046.165	-155.99
1046.328	962.2
1046.492	407.2
1046.655	116.39
1046.819	-100.69
1046.983	433.83
1047.146	290.47
1047.31	-49.49
1047.473	-422.22
1047.636	366.25
1047.8	263.85
1047.963	-106.84
1048.127	-274.77
1048.29	161.45
