345.52	-1299.95
345.736	-1299.95
345.952	-1299.95
346.168	-1365.48
346.384	-1377.77
346.6	-167.42
346.816	-282.11
347.032	-169.47
347.248	549.37
347.464	-345.59
347.68	-194.05
347.896	-73.21
348.112	416.25
348.328	-140.8
348.544	-30.21
348.76	150.01
348.975	287.23
349.191	-331.26
349.407	-488.95
349.623	143.87
349.839	152.06
350.055	-273.92
350.27	-11.78
350.486	203.26
350.702	246.27
350.918	440.83
351.133	-261.63
351.349	170.49
351.565	442.87
351.781	-495.1
351.996	31.23
352.212	186.88
352.428	94.72
352.644	-361.98
352.859	-323.07
353.075	254.46
353.291	123.39
353.506	-224.76
353.722	-341.5
353.938	-26.11
354.153	481.78
354.369	231.93
354.584	-302.59
354.8	193.02
355.016	-114.17
355.231	-454.14
355.447	-67.07
355.662	305.66
355.878	721.4
356.093	-474.62
356.309	-65.02
356.524	-97.79
356.74	504.31
356.955	-386.55
357.171	-122.37
357.386	215.55
357.602	-71.17
357.817	-159.23
358.033	-273.92
358.248	342.52
358.464	303.61
358.679	-192
358.895	-466.42
359.11	115.2
359.325	184.83
359.541	526.84
359.756	-93.69
359.972	-159.23
360.187	582.14
360.402	-384.51
360.618	-261.63
360.833	1702.37
361.048	176.64
361.264	-257.53
361.479	-118.27
361.694	207.36
361.909	197.12
362.125	-327.16
362.34	-237.05
362.555	322.04
362.77	236.03
362.986	-482.81
363.201	-339.45
363.416	297.47
363.631	-9.73
363.847	-327.16
364.062	-257.53
364.277	133.63
364.492	25.09
364.707	-288.25
364.922	-493.05
365.138	270.84
365.353	371.19
365.568	-441.85
365.783	-175.61
365.998	412.15
366.213	594.42
366.428	-361.98
366.643	66.05
366.858	240.12
367.073	320
367.288	-269.82
367.503	-333.31
367.718	18.94
367.933	504.31
368.148	-441.85
368.363	-108.03
368.578	197.12
368.793	492.02
369.008	-136.7
369.223	-384.51
369.438	377.34
369.653	240.12
369.868	-368.12
370.083	-470.52
370.298	213.5
370.513	479.74
370.728	84.48
370.943	-280.06
371.157	74.24
371.372	702.97
371.587	-364.03
371.802	-499.19
372.017	131.58
372.232	530.94
372.446	-93.69
372.661	-292.35
372.876	113.15
373.091	225.79
373.306	-142.85
373.52	-470.52
373.735	-15.87
373.95	578.04
374.165	-251.39
374.379	-271.87
374.594	-67.07
374.809	412.15
375.023	18.94
375.238	-308.73
375.453	188.93
375.667	-38.4
375.882	-345.59
376.097	-374.27
376.311	68.09
376.526	240.12
376.741	-341.5
376.955	213.5
377.17	524.79
377.384	905.71
377.599	72.19
377.813	-421.37
378.028	768.5
378.242	295.42
378.457	-212.48
378.672	-372.22
378.886	-65.02
379.101	104.96
379.315	-486.9
379.53	-198.14
379.744	320
379.958	215.55
380.173	-255.48
380.387	-337.4
380.602	342.52
380.816	-17.92
381.031	-130.56
381.245	-253.44
381.459	111.1
381.674	3228.11
381.888	-542.2
382.103	209.4
382.317	29.18
382.531	387.58
382.746	-83.45
382.96	-228.86
383.174	66.05
383.388	625.14
383.603	102.91
383.817	-437.75
384.031	111.1
384.246	416.25
384.46	-56.83
384.674	774.64
384.888	25.09
385.103	266.75
385.317	-464.38
385.531	64
385.745	682.49
385.959	453.11
386.174	-316.92
386.388	-257.53
386.602	111.1
386.816	27.14
387.03	-208.38
387.244	-237.05
387.458	170.49
387.672	377.34
387.887	-560.63
388.101	-343.55
388.315	272.89
388.529	176.64
388.743	-341.5
388.957	-302.59
389.171	561.66
389.385	-56.83
389.599	-316.92
389.813	25.09
390.027	135.68
390.241	750.07
390.455	-271.87
390.669	-136.7
390.883	119.29
391.097	563.7
391.311	135.68
391.525	-265.72
391.738	535.03
391.952	430.59
392.166	-28.16
392.38	-429.56
392.594	373.24
392.808	328.19
393.022	-128.51
393.236	-118.27
393.449	166.4
393.663	524.79
393.877	-400.89
394.091	-93.69
394.305	94.72
394.518	49.66
394.732	-384.51
394.946	-273.92
395.16	684.53
395.373	215.55
395.587	-353.79
395.801	-300.54
396.015	279.04
396.228	322.04
396.442	-316.92
396.656	-544.25
396.869	395.77
397.083	698.87
397.297	-173.57
397.51	-216.57
397.724	262.65
397.938	240.12
398.151	-484.86
398.365	-450.04
398.578	299.52
398.792	500.22
399.005	166.4
399.219	-355.83
399.433	158.21
399.646	442.87
399.86	72.19
400.073	127.49
400.287	158.21
400.5	266.75
400.714	16.9
400.927	-155.13
401.141	379.39
401.354	1692.13
401.567	379.39
401.781	-390.65
401.994	287.23
402.208	649.72
402.421	-144.89
402.635	-265.72
402.848	-40.45
403.061	395.77
403.275	-128.51
403.488	-265.72
403.701	369.15
403.915	584.18
404.128	-13.82
404.341	-296.44
404.555	676.34
404.768	-36.35
404.981	78.33
405.195	-163.33
405.408	434.68
405.621	397.82
405.834	123.39
406.048	-392.7
406.261	530.94
406.474	418.3
406.687	-273.92
406.9	-52.74
407.114	244.22
407.327	483.83
407.54	-396.79
407.753	-443.9
407.966	78.33
408.179	272.89
408.392	-284.16
408.605	-400.89
408.819	307.71
409.032	383.48
409.245	-228.86
409.458	10.75
409.671	276.99
409.884	416.25
410.097	-335.35
410.31	-46.59
410.523	571.9
410.736	211.45
410.949	-75.26
411.162	-220.67
411.375	360.95
411.588	305.66
411.801	33.28
412.014	-280.06
412.227	6.66
412.44	193.02
412.653	-95.74
412.865	86.53
413.078	465.4
413.291	375.29
413.504	-73.21
413.717	-376.31
413.93	508.41
414.143	88.57
414.356	-85.5
414.568	-425.47
414.781	379.39
414.994	432.63
415.207	-28.16
415.42	-101.89
415.632	256.51
415.845	633.33
416.058	-411.13
416.271	-343.55
416.483	254.46
416.696	623.09
416.909	-239.1
417.121	-316.92
417.334	121.34
417.547	514.55
417.759	-312.83
417.972	-273.92
418.185	199.16
418.397	403.96
418.61	-192
418.823	-239.1
419.035	520.7
419.248	289.28
419.46	-128.51
419.673	-48.64
419.885	109.05
420.098	330.23
420.311	-124.41
420.523	-402.94
420.736	406.01
420.948	225.79
421.161	-218.62
421.373	-413.18
421.586	125.44
421.798	2.56
422.01	-542.2
422.223	-9.73
422.435	-3.58
422.648	483.83
422.86	-214.52
423.073	-122.37
423.285	215.55
423.497	-60.93
423.71	-194.05
423.922	-103.93
424.134	532.98
424.347	707.06
424.559	162.3
424.771	311.8
424.984	348.67
425.196	340.47
425.408	-361.98
425.621	-226.81
425.833	428.54
426.045	686.58
426.257	-372.22
426.47	-65.02
426.682	190.97
426.894	254.46
427.106	-179.71
427.318	-73.21
427.531	260.6
427.743	356.86
427.955	-5.63
428.167	657.91
428.379	164.35
428.591	188.93
428.804	53.76
429.016	-210.43
429.228	377.34
429.44	410.11
429.652	13549.87
429.864	-271.87
430.076	262.65
430.288	340.47
430.5	6.66
430.712	-30.21
430.924	313.85
431.136	467.45
431.348	-253.44
431.56	-230.91
431.772	90.62
431.984	156.16
432.196	-286.2
432.408	-212.48
432.62	111.1
432.832	451.07
433.044	313.85
433.256	-62.98
433.468	467.45
433.679	-13.82
433.891	-257.53
434.103	225.79
434.315	700.92
434.527	477.69
434.739	66.05
434.95	-56.83
435.162	276.99
435.374	0.51
435.586	-97.79
435.798	-210.43
436.009	180.73
436.221	197.12
436.433	-99.84
436.645	-108.03
436.856	176.64
437.068	721.4
437.28	-235
437.491	168.45
437.703	543.22
437.915	272.89
438.126	-212.48
438.338	379.39
438.55	219.64
438.761	229.88
438.973	-65.02
439.184	-112.13
439.396	174.59
439.608	242.17
439.819	-163.33
440.031	49.66
440.242	467.45
440.454	475.64
440.665	-112.13
440.877	107.01
441.088	557.56
441.3	406.01
441.511	-298.49
441.723	-128.51
441.934	807.41
442.146	442.87
442.357	29.18
442.569	494.07
442.78	455.16
442.991	1024.5
443.203	535.03
443.414	-142.85
443.626	690.68
443.837	311.8
444.048	-187.9
444.26	-267.77
444.471	496.12
444.682	436.73
444.894	-138.75
445.105	-232.96
445.316	655.86
445.528	504.31
445.739	131.58
445.95	59.9
446.161	270.84
446.373	625.14
446.584	119.29
446.795	-155.13
447.006	725.49
447.217	655.86
447.429	-220.67
447.64	-235
447.851	1374.7
448.062	698.87
448.273	-308.73
448.484	-112.13
448.695	479.74
448.907	635.38
449.118	123.39
449.329	412.15
449.54	268.8
449.751	373.24
449.962	-105.98
450.173	-56.83
450.384	422.39
450.595	846.32
450.806	0.51
451.017	74.24
451.228	791.03
451.439	541.18
451.65	98.81
451.861	-370.17
452.072	315.9
452.283	381.43
452.494	156.16
452.705	-19.97
452.915	1059.31
453.126	424.44
453.337	176.64
453.548	-101.89
453.759	866.8
453.97	797.17
454.181	621.05
454.391	51.71
454.602	582.14
454.813	969.2
455.024	72.19
455.235	-13.82
455.445	834.04
455.656	418.3
455.867	303.61
456.078	84.48
456.288	340.47
456.499	782.84
456.71	-9.73
456.921	420.35
457.131	532.98
457.342	389.63
457.553	143.87
457.763	94.72
457.974	500.22
458.184	676.34
458.395	-52.74
458.606	-159.23
458.816	793.08
459.027	950.77
459.237	315.9
459.448	-24.06
459.659	700.92
459.869	1556.97
460.08	-161.28
460.29	227.84
460.501	946.67
460.711	557.56
460.922	-237.05
461.132	61.95
461.343	1466.86
461.553	381.43
461.764	-24.06
461.974	158.21
462.184	874.99
462.395	840.18
462.605	121.34
462.816	-7.68
463.026	750.07
463.236	762.36
463.447	100.86
463.657	49.66
463.867	803.32
464.078	625.14
464.288	119.29
464.498	72.19
464.709	680.44
464.919	690.68
465.129	221.69
465.339	-65.02
465.55	657.91
465.76	813.56
465.97	324.09
466.18	152.06
466.391	862.71
466.601	664.05
466.811	307.71
467.021	-73.21
467.231	950.77
467.441	993.78
467.651	117.25
467.862	-144.89
468.072	715.25
468.282	731.64
468.492	109.05
468.702	328.19
468.912	807.41
469.122	1581.54
469.332	637.43
469.542	217.6
469.752	1163.76
469.962	786.93
470.172	209.4
470.382	190.97
470.592	1147.37
470.802	1038.83
471.012	473.59
471.222	233.98
471.432	831.99
471.642	977.39
471.852	520.7
472.062	240.12
472.272	831.99
472.482	674.29
472.691	262.65
472.901	154.11
473.111	723.44
473.321	1356.27
473.531	242.17
473.741	696.82
473.95	1018.35
474.16	1028.59
474.37	657.91
474.58	236.03
474.79	1516.01
474.999	911.86
475.209	381.43
475.419	485.88
475.628	1063.41
475.838	1360.36
476.048	600.57
476.258	272.89
476.467	1178.09
476.677	885.23
476.886	889.33
477.096	666.1
477.306	983.54
477.515	1198.57
477.725	764.4
477.935	735.73
478.144	1554.92
478.354	1018.35
478.563	625.14
478.773	494.07
478.982	1315.31
479.192	1327.6
479.401	690.68
479.611	545.27
479.82	932.34
480.03	1200.62
480.239	582.14
480.449	426.49
480.658	1475.05
480.868	1171.95
481.077	844.28
481.287	776.69
481.496	1145.33
481.705	1577.45
481.915	1212.91
482.124	1059.31
482.333	1169.9
482.543	1747.43
482.752	1118.7
482.961	700.92
483.171	1507.82
483.38	1208.81
483.589	856.56
483.799	745.97
484.008	1212.91
484.217	1346.03
484.426	905.71
484.636	711.16
484.845	1442.28
485.054	1141.23
485.263	1448.43
485.472	895.47
485.682	1616.36
485.891	1335.79
486.1	721.4
486.309	827.89
486.518	1624.55
486.727	2439.64
486.936	809.46
487.146	1204.72
487.355	1823.2
487.564	1323.5
487.773	1047.02
487.982	1008.11
488.191	1511.91
488.4	1858.02
488.609	971.25
488.818	1065.46
489.027	2077.15
489.236	1841.64
489.445	1022.45
489.654	954.87
489.863	1976.8
490.072	1536.49
490.281	1780.2
490.49	1346.03
490.698	1896.93
490.907	2339.29
491.116	1241.58
491.325	1112.56
491.534	1892.84
491.743	1608.17
491.952	1313.26
492.16	1393.13
492.369	2007.52
492.578	2210.27
492.787	1503.72
492.996	1077.74
493.204	1679.85
493.413	2195.93
493.622	1008.11
493.831	995.82
494.039	2316.76
494.248	1702.37
494.457	1190.38
494.665	1090.03
494.874	2025.95
495.083	2615.77
495.291	1309.16
495.5	1315.31
495.709	2048.48
495.917	1831.4
496.126	1477.1
496.335	1198.57
496.543	1892.84
496.752	1964.51
496.96	1812.96
497.169	1219.05
497.377	2009.57
497.586	2068.96
497.794	1597.93
498.003	1069.55
498.211	1960.42
498.42	2159.07
498.628	1499.63
498.837	1327.6
499.045	1929.7
499.254	1892.84
499.462	1534.44
499.671	1237.49
499.879	2914.77
500.087	2181.6
500.296	1348.08
500.504	1524.2
500.713	1931.75
500.921	2722.26
501.129	1442.28
501.338	1458.67
501.546	2091.49
501.754	2015.71
501.962	1706.47
502.171	1444.33
502.379	2265.57
502.587	2351.58
502.795	1636.84
503.004	1499.63
503.212	2423.26
503.42	2392.54
503.628	1647.08
503.837	1778.15
504.045	2175.45
504.253	2773.46
504.461	1516.01
504.669	1444.33
504.877	2521.56
505.085	2404.83
505.294	1491.43
505.502	1999.33
505.71	2566.62
505.918	2277.85
506.126	1483.24
506.334	1528.3
506.542	2462.17
506.75	2261.47
506.958	1901.03
507.166	1749.48
507.374	2064.86
507.582	2615.77
507.79	1815.01
507.998	1700.33
508.206	2664.92
508.414	2525.66
508.622	1702.37
508.83	1765.86
509.037	2335.2
509.245	2019.81
509.453	1671.65
509.661	1647.08
509.869	2613.72
510.077	2142.69
510.285	1968.61
510.492	1464.81
510.7	2961.87
510.908	2253.28
511.116	1800.68
511.324	1767.91
511.531	2208.22
511.739	2712.02
511.947	2214.37
512.155	2302.43
512.362	2621.91
512.57	2208.22
512.778	1745.38
512.985	1530.34
513.193	2367.96
513.401	2806.23
513.608	2032.1
513.816	1894.88
514.024	2683.35
514.231	2685.4
514.439	1858.02
514.646	1829.35
514.854	2861.52
515.061	2664.92
515.269	1995.23
515.477	1831.4
515.684	2439.64
515.892	2791.89
516.099	1995.23
516.307	1798.63
516.514	3049.94
516.722	3004.88
516.929	1952.23
517.136	1868.26
517.344	2826.71
517.551	2730.45
517.759	1866.21
517.966	2007.52
518.173	2683.35
518.381	2697.69
518.588	2128.35
518.796	2023.91
519.003	2810.33
519.21	2750.93
519.418	2032.1
519.625	2398.68
519.832	2515.42
520.039	2759.13
520.247	1745.38
520.454	2271.71
520.661	2771.41
520.868	2783.7
521.076	1995.23
521.283	2197.98
521.49	3293.65
521.697	2781.65
521.904	2109.92
522.112	2302.43
522.319	3074.51
522.526	2834.9
522.733	2122.21
522.94	1976.8
523.147	2771.41
523.354	2666.97
523.561	2056.67
523.768	2435.55
523.975	3097.04
524.183	2769.37
524.39	2564.57
524.597	2048.48
524.804	2707.93
525.011	2585.05
525.218	2187.74
525.425	2210.27
525.632	3187.15
525.838	2693.59
526.045	2206.17
526.252	2576.86
526.459	4407.74
526.666	4737.46
526.873	2310.62
527.08	2302.43
527.287	3219.92
527.494	3066.32
527.701	2277.85
527.907	2247.13
528.114	2970.07
528.321	2863.57
528.528	2263.52
528.735	2404.83
528.941	2769.37
529.148	2734.55
529.355	2449.88
529.562	2296.28
529.768	3645.9
529.975	2892.24
530.182	2361.82
530.388	2310.62
530.595	3252.69
530.802	2726.36
531.008	2734.55
531.215	2337.24
531.422	3883.46
531.628	3856.84
531.835	2533.85
532.042	2523.61
532.248	3176.91
532.455	3246.54
532.661	2505.18
532.868	2322.91
533.074	3240.4
533.281	3445.2
533.487	2435.55
533.694	2509.27
533.9	2968.02
534.107	3023.31
534.313	2546.14
534.52	2378.2
534.726	3086.8
534.933	3723.72
535.139	2433.5
535.345	2378.2
535.552	3559.88
535.758	3332.56
535.965	2679.26
536.171	2548.19
536.377	3340.75
536.584	3793.35
536.79	2482.65
536.996	2832.85
537.203	3449.29
537.409	3576.27
537.615	2779.61
537.821	2933.2
538.028	3899.84
538.234	3426.76
538.44	2736.6
538.646	2963.92
538.853	3121.62
539.059	3244.49
539.265	3324.37
539.471	2568.66
539.677	3498.44
539.883	3398.09
540.09	4524.47
540.296	3322.32
540.502	3396.04
540.708	3379.66
540.914	3191.25
541.12	2664.92
541.326	3492.3
541.532	3518.92
541.738	3099.09
541.944	2847.19
542.15	3639.75
542.356	3424.72
542.562	2869.72
542.768	2830.8
542.974	3799.49
543.18	3846.6
543.386	3029.46
543.592	2638.3
543.798	4266.43
544.004	3895.75
544.21	2832.85
544.415	3051.99
544.621	3586.51
544.827	4227.52
545.033	2787.8
545.239	3383.76
545.445	3271.12
545.651	3674.57
545.856	3051.99
546.062	2810.33
546.268	3475.91
546.474	3664.33
546.679	3064.27
546.885	2877.91
547.091	3553.74
547.297	4047.3
547.502	3088.85
547.708	2742.74
547.914	3613.13
548.119	4022.72
548.325	2824.66
548.531	2906.58
548.736	4268.48
548.942	3463.63
549.147	3121.62
549.353	3394
549.559	3981.76
549.764	3940.8
549.97	2959.83
550.175	2963.92
550.381	3779.01
550.586	3471.82
550.792	3142.1
550.997	3092.94
551.203	4084.16
551.408	4039.11
551.614	2892.24
551.819	3125.71
552.025	4354.49
552.23	3869.12
552.435	3140.05
552.641	3457.48
552.846	3492.3
553.052	4317.63
553.257	3516.87
553.462	3203.54
553.668	3629.51
553.873	3811.78
554.078	3244.49
554.283	3135.95
554.489	3928.52
554.694	3770.82
554.899	3123.66
555.105	3537.35
555.31	4028.87
555.515	4006.34
555.72	3557.83
555.925	4340.16
556.131	4094.4
556.336	4022.72
556.541	3144.14
556.746	3211.73
556.951	4141.5
557.156	4022.72
557.361	3371.47
557.567	3647.94
557.772	4116.93
557.977	4231.62
558.182	3289.55
558.387	3443.15
558.592	3670.47
558.797	4372.93
559.002	3332.56
559.207	3555.79
559.412	4182.46
559.617	4420.03
559.822	3344.84
560.027	3185.1
560.232	3850.69
560.437	4204.99
560.642	3178.96
560.847	3215.82
561.051	3969.48
561.256	4174.27
561.461	3430.86
561.666	3158.48
561.871	3846.6
562.076	4217.28
562.281	3459.53
562.485	3310.03
562.69	4118.98
562.895	4180.42
563.1	3307.98
563.305	3389.9
563.509	4178.37
563.714	4606.39
563.919	3273.17
564.123	3363.28
564.328	3934.66
564.533	4405.69
564.737	3617.22
564.942	3387.85
565.147	4463.04
565.351	4256.19
565.556	3439.05
565.761	3707.34
565.965	4389.31
566.17	3914.18
566.374	3514.83
566.579	3344.84
566.784	4266.43
566.988	4121.03
567.193	3441.1
567.397	3670.47
567.602	3924.42
567.806	4221.38
568.011	3508.68
568.215	3492.3
568.42	4080.07
568.624	4092.35
568.828	3723.72
569.033	3838.41
569.237	4520.38
569.442	4188.61
569.646	3389.9
569.85	3369.42
570.055	4360.64
570.259	4417.98
570.463	4096.45
570.668	3727.82
570.872	4325.82
571.076	4262.33
571.281	3719.62
571.485	3660.23
571.689	4221.38
571.893	4417.98
572.098	3783.11
572.302	3553.74
572.506	4336.06
572.71	4415.93
572.914	3670.47
573.119	3441.1
573.323	4547
573.527	4655.54
573.731	3830.21
573.935	3649.99
574.139	4360.64
574.343	4149.7
574.547	3885.51
574.751	3944.9
574.955	4413.88
575.159	4501.95
575.364	3848.65
575.568	3494.35
575.772	4358.59
575.976	4467.13
576.18	3801.54
576.383	3766.73
576.587	4639.16
576.791	4409.79
576.995	3568.07
577.199	3649.99
577.403	4229.57
577.607	4295.1
577.811	3731.91
578.015	3946.95
578.219	4422.08
578.422	4493.76
578.626	4008.39
578.83	4166.08
579.034	4940.21
579.238	4571.58
579.442	3881.41
579.645	4426.17
579.849	4389.31
580.053	4524.47
580.257	3895.75
580.46	4086.21
580.664	4790.71
580.868	4571.58
581.071	4125.12
581.275	4092.35
581.479	4293.05
581.682	4719.03
581.886	3791.3
582.09	4225.47
582.293	4616.63
582.497	4854.2
582.7	4207.04
582.904	3867.08
583.107	4645.31
583.311	4598.2
583.515	4129.22
583.718	4135.36
583.922	4766.14
584.125	5450.16
584.329	3895.75
584.532	4188.61
584.735	4874.68
584.939	4727.22
585.142	3867.08
585.346	3875.27
585.549	4708.79
585.753	4669.88
585.956	4071.87
586.159	4446.65
586.363	4837.81
586.566	4743.61
586.769	3998.15
586.973	4026.82
587.176	4764.09
587.379	4843.96
587.582	4385.21
587.786	4422.08
587.989	4860.34
588.192	5714.34
588.395	4381.12
588.599	4755.9
588.802	4788.66
589.005	4872.63
589.208	4243.9
589.411	4125.12
589.615	4645.31
589.818	5200.3
590.021	4817.33
590.224	4510.14
590.427	5220.78
590.63	5036.47
590.833	4032.96
591.036	4266.43
591.239	4710.84
591.442	4544.95
591.645	4407.74
591.848	4094.4
592.051	4878.77
592.254	4929.97
592.457	4608.44
592.66	4463.04
592.863	4792.76
593.066	5296.56
593.269	4305.34
593.472	4301.25
593.675	4676.02
593.878	5046.71
594.081	4356.54
594.284	4223.42
594.486	5091.76
594.689	5034.42
594.892	4585.91
595.095	4334.01
595.298	4991.41
595.5	4663.74
595.703	4420.03
595.906	4501.95
596.109	5149.11
596.311	4932.02
596.514	4172.22
596.717	4563.39
596.92	5237.17
597.122	5253.55
597.325	4075.97
597.528	4237.76
597.73	5390.77
597.933	5341.61
598.136	4417.98
598.338	4215.23
598.541	5530.03
598.743	5460.4
598.946	4614.59
599.148	4532.67
599.351	5165.49
599.554	5153.2
599.756	4538.81
599.959	4364.73
600.161	5360.05
600.363	5657
600.566	4833.72
600.768	4501.95
600.971	5251.5
601.173	5190.06
601.376	4469.18
601.578	4522.43
601.78	5271.98
601.983	5771.69
602.185	4641.21
602.388	4864.44
602.59	5134.77
602.792	5122.48
602.995	4954.55
603.197	4669.88
603.399	5466.54
603.601	5601.71
603.804	4600.25
604.006	4647.35
604.208	5052.85
604.41	4868.53
604.613	4938.16
604.815	4551.1
605.017	5568.94
605.219	4936.12
605.421	5466.54
605.623	4610.49
605.826	5630.38
606.028	5710.25
606.23	4792.76
606.432	4569.53
606.634	5398.96
606.836	5378.48
607.038	4667.83
607.24	4985.27
607.442	5349.81
607.644	5390.77
607.846	4915.64
608.048	4604.35
608.25	5564.84
608.452	4936.12
608.654	4913.59
608.856	4506.04
609.058	5276.08
609.26	5489.07
609.462	4852.15
609.664	4858.29
609.866	5575.08
610.067	5372.33
610.269	4905.4
610.471	4682.17
610.673	5394.86
610.875	5464.49
611.077	4538.81
611.278	4860.34
611.48	5521.84
611.682	5779.88
611.884	4923.83
612.085	5142.96
612.287	5079.47
612.489	5145.01
612.69	4610.49
612.892	4784.57
613.094	5882.28
613.295	5231.02
613.497	4612.54
613.699	4848.05
613.9	5439.92
614.102	5439.92
614.304	4686.26
614.505	4620.73
614.707	5464.49
614.908	5519.79
615.11	4706.74
615.311	4956.6
615.513	5407.15
615.714	5343.66
615.916	4737.46
616.117	5042.61
616.319	5484.97
616.52	5648.81
616.722	4688.31
616.923	4880.82
617.124	5671.34
617.326	5636.52
617.527	4962.74
617.729	5261.74
617.93	5663.15
618.131	5530.03
618.333	4856.25
618.534	4915.64
618.735	5407.15
618.937	5878.18
619.138	4893.11
619.339	4684.22
619.54	5489.07
619.742	5343.66
619.943	4817.33
620.144	4823.48
620.345	5818.79
620.546	5497.26
620.748	4882.87
620.949	5138.87
621.15	5480.88
621.351	5196.21
621.552	4772.28
621.753	4696.5
621.954	5157.3
622.155	5919.14
622.356	4870.58
622.558	5333.42
622.759	5728.68
622.96	5675.43
623.161	5038.52
623.362	4823.48
623.563	5675.43
623.764	5579.18
623.965	4862.39
624.166	5308.85
624.366	5417.39
624.567	5706.15
624.768	4604.35
624.969	4794.81
625.17	5347.76
625.371	5310.89
625.572	5249.46
625.773	4727.22
625.973	5603.75
626.174	5896.61
626.375	4956.6
626.576	5106.1
626.777	5523.88
626.977	5884.33
627.178	5142.96
627.379	5085.62
627.58	5521.84
627.78	5386.67
627.981	4817.33
628.182	5337.52
628.382	5646.76
628.583	5194.16
628.784	4977.08
628.984	5337.52
629.185	5540.27
629.386	5704.1
629.586	5142.96
629.787	4846.01
629.987	5435.82
630.188	5667.24
630.388	5157.3
630.589	5407.15
630.79	6285.73
630.99	5456.3
631.191	5140.91
631.391	5206.45
631.591	5616.04
631.792	5839.27
631.992	5259.7
632.193	5132.72
632.393	5851.56
632.594	5482.92
632.794	5022.13
632.994	5300.66
633.195	5411.25
633.395	5349.81
633.595	4915.64
633.796	5456.3
633.996	5671.34
634.196	5851.56
634.397	4858.29
634.597	5165.49
634.797	5456.3
634.997	5964.2
635.198	5593.51
635.398	5063.09
635.598	5937.57
635.798	5769.64
635.998	5493.16
636.199	5069.23
636.399	5591.47
636.599	5382.57
636.799	5161.39
636.999	5620.14
637.199	5904.81
637.399	5947.81
637.599	5050.8
637.799	5284.27
637.999	5661.1
638.199	5910.95
638.399	5216.69
638.599	5042.61
638.799	5894.57
638.999	6111.65
639.199	5464.49
639.399	5415.34
639.599	5630.38
639.799	5613.99
639.999	5022.13
640.199	5116.34
640.399	5599.66
640.599	6015.4
640.799	5372.33
640.998	5519.79
641.198	5700.01
641.398	5810.6
641.598	5419.44
641.798	5374.38
641.997	6885.78
642.197	5550.51
642.397	5487.02
642.597	5347.76
642.796	5843.37
642.996	5786.02
643.196	5587.37
643.395	4983.22
643.595	5683.63
643.795	5441.96
643.994	5335.47
644.194	5417.39
644.394	6414.75
644.593	6113.7
644.793	5132.72
644.992	5546.41
645.192	5970.34
645.392	5579.18
645.591	5515.69
645.791	5421.49
645.99	6048.16
646.19	5728.68
646.389	5349.81
646.589	5302.7
646.788	5826.98
646.987	5941.67
647.187	5792.17
647.386	5894.57
647.586	5833.13
647.785	6263.2
647.984	5403.05
648.184	5538.22
648.383	5634.47
648.582	5556.65
648.782	5259.7
648.981	5353.9
649.18	5577.13
649.38	5706.15
649.579	5607.85
649.778	5179.82
649.977	6054.31
650.177	5851.56
650.376	5228.98
650.575	5210.54
650.774	6107.55
650.973	5861.8
651.173	5280.18
651.372	5501.36
651.571	5730.73
651.77	6087.08
651.969	5419.44
652.168	5603.75
652.367	5478.83
652.566	5943.72
652.765	5470.64
652.964	5851.56
653.163	6148.51
653.362	5783.98
653.561	5288.37
653.76	5554.6
653.959	5792.17
654.158	6044.07
654.357	5632.43
654.556	5616.04
654.755	6064.55
654.954	6033.83
655.153	5704.1
655.352	5720.49
655.551	6191.52
655.749	5886.37
655.948	5462.44
656.147	5628.33
656.346	5882.28
656.545	5933.48
656.743	5470.64
656.942	5542.32
657.141	5894.57
657.34	5917.09
657.538	5546.41
657.737	5573.03
657.936	6121.89
658.135	5743.02
658.333	5581.23
658.532	5847.46
658.731	6242.72
658.929	6138.27
659.128	6001.06
659.326	5444.01
659.525	6209.95
659.724	5896.61
659.922	5284.27
660.121	5331.37
660.319	5804.46
660.518	5712.3
660.716	5540.27
660.915	5595.56
661.113	6263.2
661.312	5568.94
661.51	5697.96
661.709	5331.37
661.907	6107.55
662.105	6076.84
662.304	5521.84
662.502	5743.02
662.701	6070.69
662.899	5982.63
663.097	6179.23
663.296	5532.08
663.494	6230.43
663.692	6390.17
663.891	5403.05
664.089	5247.41
664.287	6136.23
664.485	6267.3
664.684	5515.69
664.882	5552.56
665.08	6058.4
665.278	5824.94
665.476	5538.22
665.675	6023.59
665.873	6414.75
666.071	6263.2
666.269	5415.34
666.467	5890.47
666.665	6146.47
666.863	6123.94
667.061	5589.42
667.259	5583.27
667.457	5984.68
667.655	6089.12
667.853	5378.48
668.051	5644.71
668.249	5769.64
668.447	6347.17
668.645	5358
668.843	5816.74
669.041	6111.65
669.239	5872.04
669.437	5771.69
669.635	5765.54
669.833	5976.48
670.031	6183.33
670.229	5704.1
670.426	5773.74
670.624	5904.81
670.822	5843.37
671.02	5476.78
671.218	5652.91
671.415	5794.22
671.613	6042.02
671.811	5939.62
672.009	5611.95
672.206	6222.24
672.404	5902.76
672.602	5966.24
672.799	5898.66
672.997	6119.84
673.195	5964.2
673.392	5835.17
673.59	5439.92
673.788	6140.32
673.985	5513.64
674.183	5632.43
674.38	5265.84
674.578	5968.29
674.775	5874.09
674.973	5329.33
675.17	5247.41
675.368	6078.88
675.565	5890.47
675.763	5642.67
675.96	5403.05
676.158	6107.55
676.355	5966.24
676.553	5478.83
676.75	5464.49
676.947	5775.78
677.145	5740.97
677.342	5683.63
677.539	5667.24
677.737	6216.1
677.934	6207.91
678.131	5562.8
678.329	5392.81
678.526	6592.92
678.723	6226.34
678.92	5730.73
679.118	5884.33
679.315	5788.07
679.512	6285.73
679.709	5470.64
679.906	5607.85
680.104	6168.99
680.301	5888.42
680.498	5204.4
680.695	5421.49
680.892	5824.94
681.089	5992.87
681.286	5591.47
681.483	5327.28
681.68	5788.07
681.877	6136.23
682.075	5460.4
682.272	5599.66
682.469	5974.44
682.665	5743.02
682.862	5456.3
683.059	5366.19
683.256	5771.69
683.453	5869.99
683.65	5640.62
683.847	5605.8
684.044	5964.2
684.241	5890.47
684.438	5591.47
684.635	5366.19
684.831	6363.55
685.028	6265.25
685.225	5292.46
685.422	5878.18
685.619	6021.54
685.815	5777.83
686.012	5585.32
686.209	5364.14
686.405	5530.03
686.602	5810.6
686.799	5259.7
686.996	5233.07
687.192	5685.67
687.389	6658.46
687.586	5413.29
687.782	5370.29
687.979	6529.44
688.175	5970.34
688.372	5425.58
688.568	5501.36
688.765	5775.78
688.962	5999.01
689.158	5532.08
689.355	4944.31
689.551	5837.22
689.748	5925.29
689.944	5472.68
690.14	5452.2
690.337	6031.78
690.533	5986.72
690.73	5777.83
690.926	5484.97
691.123	5839.27
691.319	5978.53
691.515	5278.13
691.712	5497.26
691.908	5800.36
692.104	5833.13
692.301	5351.85
692.497	5110.19
692.693	5966.24
692.889	5847.46
693.086	5552.56
693.282	5286.32
693.478	5835.17
693.674	6177.19
693.87	5407.15
694.067	5226.93
694.263	5706.15
694.459	5575.08
694.655	5607.85
694.851	5439.92
695.047	5859.75
695.243	6005.16
695.439	5622.19
695.635	5298.61
695.831	5646.76
696.027	5695.91
696.224	5233.07
696.42	5849.51
696.615	6197.67
696.811	6136.23
697.007	5054.9
697.203	5478.83
697.399	5857.7
697.595	5638.57
697.791	5140.91
697.987	5595.56
698.183	5491.12
698.379	5718.44
698.575	5196.21
698.77	5343.66
698.966	5738.92
699.162	6037.92
699.358	5376.43
699.554	5394.86
699.749	6166.95
699.945	5861.8
700.141	5630.38
700.337	5308.85
700.532	5644.71
700.728	5630.38
700.924	5196.21
701.119	5067.19
701.315	5857.7
701.511	5503.4
701.706	5239.22
701.902	5087.67
702.097	5640.62
702.293	5759.4
702.489	5419.44
702.684	5204.4
702.88	5841.32
703.075	5474.73
703.271	5431.73
703.466	4968.88
703.662	5513.64
703.857	5638.57
704.053	5155.25
704.248	5233.07
704.443	5904.81
704.639	5826.98
704.834	5378.48
705.03	5267.89
705.225	5710.25
705.42	5855.65
705.616	5427.63
705.811	5280.18
706.006	5548.46
706.202	5497.26
706.397	5472.68
706.592	4889.01
706.787	5910.95
706.983	5532.08
707.178	5681.58
707.373	5339.57
707.568	5630.38
707.763	5824.94
707.959	5241.26
708.154	5206.45
708.349	5718.44
708.544	5874.09
708.739	5579.18
708.934	5061.04
709.129	5839.27
709.324	5931.43
709.519	5173.68
709.714	5038.52
709.909	5771.69
710.104	5845.41
710.299	5153.2
710.494	5413.29
710.689	5734.82
710.884	5671.34
711.079	5321.13
711.274	5351.85
711.469	5869.99
711.664	5816.74
711.859	5368.24
712.054	5368.24
712.249	5923.24
712.443	5783.98
712.638	4850.1
712.833	5106.1
713.028	5679.53
713.223	5437.87
713.417	5640.62
713.612	5194.16
713.807	6138.27
714.002	6554.01
714.196	5450.16
714.391	5050.8
714.586	5640.62
714.78	5812.65
714.975	5075.38
715.17	5067.19
715.364	5411.25
715.559	5939.62
715.754	4694.46
715.948	4983.22
716.143	6091.17
716.337	5450.16
716.532	5501.36
716.726	5108.15
716.921	5804.46
717.115	5956.01
717.31	4997.56
717.504	6246.82
717.699	5425.58
717.893	5716.39
718.088	5022.13
718.282	5003.7
718.476	5271.98
718.671	5669.29
718.865	5198.26
719.059	5159.35
719.254	5482.92
719.448	5853.61
719.642	7633.29
719.837	4794.81
720.031	7375.25
720.225	5788.07
720.419	5046.71
720.614	4954.55
720.808	5333.42
721.002	5312.94
721.196	4835.77
721.39	4766.14
721.585	5521.84
721.779	5849.51
721.973	5018.04
722.167	4702.65
722.361	5501.36
722.555	5743.02
722.749	5005.75
722.943	5153.2
723.137	5171.63
723.331	5421.49
723.525	5024.18
723.719	5114.29
723.913	5626.28
724.107	5781.93
724.301	4708.79
724.495	5034.42
724.689	5962.15
724.883	5466.54
725.077	4850.1
725.271	4993.46
725.465	5484.97
725.659	5255.6
725.853	5003.7
726.046	4667.83
726.24	5128.63
726.434	5458.35
726.628	5099.95
726.822	4940.21
727.015	5540.27
727.209	5781.93
727.403	4923.83
727.596	4698.55
727.79	5482.92
727.984	5624.23
728.177	4886.97
728.371	5106.1
728.565	5583.27
728.758	5079.47
728.952	4858.29
729.146	4905.4
729.339	5398.96
729.533	5263.79
729.726	5130.67
729.92	4817.33
730.113	5439.92
730.307	5386.67
730.5	4882.87
730.694	4891.06
730.887	5222.83
731.081	5427.63
731.274	4790.71
731.468	4882.87
731.661	5196.21
731.854	5226.93
732.048	4911.54
732.241	4882.87
732.435	5034.42
732.628	5327.28
732.821	5005.75
733.014	4714.94
733.208	5198.26
733.401	5331.37
733.594	5155.25
733.788	4768.18
733.981	5439.92
734.174	5398.96
734.367	4909.49
734.56	5284.27
734.754	5687.72
734.947	5376.43
735.14	4821.43
735.333	4874.68
735.526	5566.89
735.719	5157.3
735.912	4819.38
736.105	4856.25
736.298	5380.53
736.491	5468.59
736.684	4751.8
736.877	4876.73
737.07	5546.41
737.263	5874.09
737.456	4835.77
737.649	4729.27
737.842	5548.46
738.035	5378.48
738.228	5065.14
738.421	5065.14
738.614	5624.23
738.807	5476.78
739	4581.82
739.192	4899.25
739.385	5493.16
739.578	5312.94
739.771	5378.48
739.964	4843.96
740.156	5704.1
740.349	5429.68
740.542	5253.55
740.735	4583.87
740.927	4966.84
741.12	5183.92
741.313	4596.15
741.505	5085.62
741.698	5327.28
741.891	5482.92
742.083	5169.59
742.276	4846.01
742.468	5534.12
742.661	5265.84
742.854	4768.18
743.046	4821.43
743.239	5403.05
743.431	5374.38
743.624	4733.37
743.816	4592.06
744.009	5028.28
744.201	5304.75
744.393	5032.37
744.586	4512.19
744.778	5484.97
744.971	5439.92
745.163	4759.99
745.355	5102
745.548	5222.83
745.74	5325.23
745.932	4794.81
746.125	4794.81
746.317	5507.5
746.509	5444.01
746.702	4899.25
746.894	4809.14
747.086	5415.34
747.278	5663.15
747.471	5046.71
747.663	4977.08
747.855	5527.98
748.047	5607.85
748.239	4803
748.431	4897.21
748.623	5685.67
748.815	5382.57
749.008	4606.39
749.2	4688.31
749.392	5259.7
749.584	5591.47
749.776	4913.59
749.968	4981.17
750.16	5581.23
750.352	5185.97
750.544	4903.35
750.736	4688.31
750.928	5237.17
751.12	5335.47
751.311	4764.09
751.503	4829.62
751.695	5284.27
751.887	5411.25
752.079	4524.47
752.271	4835.77
752.463	5980.58
752.654	5271.98
752.846	4721.08
753.038	4405.69
753.23	5032.37
753.421	5280.18
753.613	4641.21
753.805	5071.28
753.997	5153.2
754.188	5390.77
754.38	4473.28
754.572	4731.32
754.763	5102
754.955	5243.31
755.146	4919.73
755.338	4786.61
755.53	5521.84
755.721	5118.39
755.913	4262.33
756.104	4614.59
756.296	5054.9
756.487	5439.92
756.679	4532.67
756.87	4641.21
757.062	4991.41
757.253	5263.79
757.445	4643.26
757.636	4778.42
757.827	5265.84
758.019	5869.99
758.21	4311.49
758.401	4575.67
758.593	5462.44
758.784	5472.68
758.975	4350.4
759.167	4465.08
759.358	5140.91
759.549	5431.73
759.74	4579.77
759.932	4667.83
760.123	5079.47
760.314	5173.68
760.505	4704.7
760.696	4628.92
760.888	5331.37
761.079	5018.04
761.27	4360.64
761.461	4215.23
761.652	5235.12
761.843	4893.11
762.034	4643.26
762.225	5034.42
762.416	4983.22
762.607	4866.49
762.798	4309.44
762.989	4573.63
763.18	6093.22
763.371	5124.53
763.562	4309.44
763.753	4305.34
763.944	5013.94
764.135	4981.17
764.326	4665.78
764.517	4590.01
764.708	5188.02
764.899	5018.04
765.089	4252.1
765.28	4270.53
765.471	4661.69
765.662	4981.17
765.853	4379.07
766.043	4303.29
766.234	5132.72
766.425	4983.22
766.615	4563.39
766.806	4157.89
766.997	5081.52
767.187	5040.56
767.378	4354.49
767.569	4180.42
767.759	4929.97
767.95	4571.58
768.141	4581.82
768.331	4288.96
768.522	4813.24
768.712	4870.58
768.903	4213.18
769.093	4280.77
769.284	4839.86
769.474	4962.74
769.665	4108.74
769.855	4053.44
770.046	5015.99
770.236	4782.52
770.426	4635.07
770.617	4299.2
770.807	4747.7
770.998	4716.98
771.188	4653.5
771.378	4250.05
771.569	4825.53
771.759	4776.38
771.949	3879.36
772.139	4014.53
772.33	4798.9
772.52	4790.71
772.71	4127.17
772.9	4043.2
773.09	4778.42
773.281	5106.1
773.471	4135.36
773.661	4213.18
773.851	4704.7
774.041	4723.13
774.231	3955.14
774.421	4499.9
774.611	4956.6
774.802	4741.56
774.992	4094.4
775.182	3791.3
775.372	4805.05
775.562	4981.17
775.752	4227.52
775.942	4164.03
776.131	4999.6
776.321	4831.67
776.511	3916.23
776.701	4092.35
776.891	4886.97
777.081	4417.98
777.271	4358.59
777.461	3994.05
777.651	4659.64
777.84	4716.98
778.03	4182.46
778.22	3981.76
778.41	4487.61
778.599	4491.71
778.789	4272.57
778.979	4098.5
779.169	4573.63
779.358	4374.97
779.548	4504
779.738	3738.05
779.927	4667.83
780.117	4108.74
780.307	3813.83
780.496	3547.59
780.686	4604.35
780.875	5204.4
781.065	3869.12
781.254	4051.39
781.444	4583.87
781.633	4573.63
781.823	3752.39
782.012	3934.66
782.202	4495.8
782.391	4434.36
782.581	3865.03
782.77	4331.97
782.96	4829.62
783.149	4405.69
783.338	3873.22
783.528	3690.95
783.717	4643.26
783.906	4819.38
784.096	4018.63
784.285	3674.57
784.474	4284.86
784.663	4280.77
784.853	3723.72
785.042	4000.19
785.231	4444.6
785.42	4553.15
785.61	4098.5
785.799	3723.72
785.988	4823.48
786.177	4260.29
786.366	3813.83
786.555	4325.82
786.744	4549.05
786.933	4481.47
787.122	3531.21
787.312	3779.01
787.501	4153.79
787.69	4594.11
787.879	3772.87
788.068	3666.38
788.257	4041.15
788.445	4276.67
788.634	3805.64
788.823	3486.15
789.012	4776.38
789.201	4565.43
789.39	3799.49
789.579	3674.57
789.768	4506.04
789.957	4334.01
790.145	3813.83
790.334	3346.89
790.523	4014.53
790.712	4084.16
790.9	3811.78
791.089	3623.37
791.278	4342.21
791.467	4254.14
791.655	4311.49
791.844	4401.6
792.033	4301.25
792.221	4106.69
792.41	3695.05
792.599	3305.93
792.787	4336.06
792.976	4370.88
793.164	3422.67
793.353	3678.66
793.541	4528.57
793.73	4297.15
793.918	3719.62
794.107	3713.48
794.295	4270.53
794.484	4260.29
794.672	3731.91
794.861	3596.75
795.049	4153.79
795.238	4575.67
795.426	3482.06
795.614	3619.27
795.803	4465.08
795.991	4542.91
796.179	3555.79
796.368	3578.31
796.556	4434.36
796.744	4137.41
796.932	3604.94
797.121	3504.59
797.309	4207.04
797.497	4372.93
797.685	3584.46
797.874	3310.03
798.062	4112.83
798.25	4483.52
798.438	3365.32
798.626	3516.87
798.814	4334.01
799.002	4350.4
799.19	3629.51
799.378	3760.58
799.566	4080.07
799.755	4456.89
799.943	3791.3
800.131	3525.07
800.318	4110.79
800.506	4215.23
800.694	3277.26
800.882	3867.08
801.07	4706.74
801.258	4237.76
801.446	3723.72
801.634	3830.21
801.822	4256.19
802.01	4360.64
802.197	3711.43
802.385	3871.17
802.573	4469.18
802.761	4096.45
802.949	3637.7
803.136	3402.19
803.324	4317.63
803.512	4190.66
803.699	3744.2
803.887	3371.47
804.075	4198.85
804.262	4194.75
804.45	3441.1
804.638	3838.41
804.825	3994.05
805.013	4012.48
805.201	3596.75
805.388	3498.44
805.576	4137.41
805.763	4348.35
805.951	3602.89
806.138	3776.97
806.326	4641.21
806.513	4288.96
806.701	3690.95
806.888	3633.61
807.075	4497.85
807.263	4446.65
807.45	3477.96
807.638	3801.54
807.825	4622.78
808.012	4497.85
808.2	3709.38
808.387	4139.46
808.574	4307.39
808.761	4456.89
808.949	3590.6
809.136	3684.81
809.323	4239.81
809.51	4348.35
809.698	4073.92
809.885	3992
810.072	4389.31
810.259	4436.41
810.446	3736.01
810.633	3654.09
810.82	4282.81
811.008	4645.31
811.195	4037.06
811.382	3756.49
811.569	4463.04
811.756	4073.92
811.943	3801.54
812.13	3637.7
812.317	4344.25
812.504	4223.42
812.691	3828.17
812.878	3807.69
813.064	4747.7
813.251	4268.48
813.438	3613.13
813.625	4004.29
813.812	4262.33
813.999	4325.82
814.186	3934.66
814.372	3727.82
814.559	4395.45
814.746	4792.76
814.933	3527.11
815.12	4022.72
815.306	4315.58
815.493	4084.16
815.68	3621.32
815.866	3719.62
816.053	4428.22
816.24	4536.76
816.426	3744.2
816.613	3369.42
816.799	4374.97
816.986	4489.66
817.173	3635.66
817.359	3654.09
817.546	4325.82
817.732	4020.67
817.919	3394
818.105	3854.79
818.292	4303.29
818.478	4215.23
818.665	3903.94
818.851	3570.12
819.037	4964.79
819.224	4192.7
819.41	3477.96
819.597	3379.66
819.783	5003.7
819.969	4262.33
820.156	3576.27
820.342	3416.52
820.528	5583.27
820.714	3985.86
820.901	4063.68
821.087	3604.94
821.273	4594.11
821.459	4096.45
821.646	3363.28
821.832	3373.52
822.018	4362.69
822.204	4186.56
822.39	3592.65
822.576	3391.95
822.762	4131.26
822.948	4342.21
823.134	3754.44
823.32	3576.27
823.507	3848.65
823.693	4260.29
823.879	4346.3
824.065	3355.08
824.25	3928.52
824.436	4145.6
824.622	3492.3
824.808	3586.51
824.994	4045.25
825.18	4200.9
825.366	3330.51
825.552	3379.66
825.738	4176.32
825.923	4264.38
826.109	3729.86
826.295	3428.81
826.481	4178.37
826.667	3920.32
826.852	3938.76
827.038	3205.58
827.224	4237.76
827.409	4184.51
827.595	3215.82
827.781	3834.31
827.966	4270.53
828.152	4301.25
828.338	3420.62
828.523	3301.84
828.709	4161.98
828.894	4293.05
829.08	3346.89
829.266	3361.23
829.451	4114.88
829.637	4153.79
829.822	3527.11
830.008	3516.87
830.193	4280.77
830.378	4448.7
830.564	3609.03
830.749	3293.65
830.935	4069.83
831.12	3928.52
831.305	3328.46
831.491	3527.11
831.676	3672.52
831.861	3989.96
832.047	3396.04
832.232	3168.72
832.417	3989.96
832.602	4237.76
832.788	3510.73
832.973	3224.01
833.158	3916.23
833.343	3903.94
833.528	3766.73
833.714	3592.65
833.899	3705.29
834.084	4467.13
834.269	3580.36
834.454	3451.34
834.639	3989.96
834.824	3875.27
835.009	3498.44
835.194	3609.03
835.379	3981.76
835.564	4630.97
835.749	3598.79
835.934	3228.11
836.119	3949
836.304	4012.48
836.489	3215.82
836.674	3711.43
836.859	3731.91
837.044	4096.45
837.228	3293.65
837.413	3193.3
837.598	3940.8
837.783	3926.47
837.968	3162.58
838.152	3166.67
838.337	3246.54
838.522	4389.31
838.707	4051.39
838.891	3629.51
839.076	3942.85
839.261	3817.93
839.445	3430.86
839.63	3533.26
839.815	4538.81
839.999	3785.16
840.184	3301.84
840.368	3318.22
840.553	4151.74
840.737	3766.73
840.922	3033.55
841.106	3008.98
841.291	3514.83
841.475	3934.66
841.66	3205.58
841.844	3166.67
842.029	4417.98
842.213	3418.57
842.397	3312.08
842.582	2847.19
842.766	3791.3
842.951	3989.96
843.135	3256.78
843.319	3285.45
843.504	3973.57
843.688	4346.3
843.872	2947.54
844.056	3039.7
844.241	3731.91
844.425	3609.03
844.609	3437
844.793	3011.03
844.977	3836.36
845.161	3779.01
845.346	2974.16
845.53	3152.34
845.714	3666.38
845.898	4188.61
846.082	2875.86
846.266	2933.2
846.45	3580.36
846.634	3797.45
846.818	3041.75
847.002	3256.78
847.186	3887.56
847.37	3314.13
847.554	2882
847.738	3330.51
847.922	3695.05
848.106	3740.1
848.29	3039.7
848.473	2925.01
848.657	3860.93
848.841	3455.44
849.025	3154.38
849.209	2884.05
849.392	3828.17
849.576	3416.52
849.76	2744.79
849.944	3201.49
850.127	3912.13
850.311	3359.18
850.495	2849.24
850.678	2851.28
850.862	3496.39
851.046	3850.69
851.229	3545.55
851.413	2894.29
851.596	3801.54
851.78	3539.4
851.964	3062.23
852.147	3080.66
852.331	4139.46
852.514	4086.21
852.698	3086.8
852.881	2781.65
853.065	3465.68
853.248	3469.77
853.431	2965.97
853.615	3140.05
853.798	4307.39
853.982	3688.9
854.165	3228.11
854.348	2963.92
854.532	3262.93
854.715	3467.72
854.898	2992.59
855.081	2988.5
855.265	3842.5
855.448	4131.26
855.631	2734.55
855.814	2814.42
855.997	3480.01
856.181	3588.55
856.364	3037.65
856.547	2685.4
856.73	3613.13
856.913	3486.15
857.096	2662.87
857.279	3142.1
857.462	3424.72
857.645	3469.77
857.828	3027.41
858.011	3105.23
858.194	3340.75
858.377	3391.95
858.56	2703.83
858.743	2810.33
858.926	3338.7
859.109	3226.06
859.292	2892.24
859.475	2552.28
859.658	3342.8
859.841	3385.8
860.023	2605.53
860.206	2531.8
860.389	3273.17
860.572	3451.34
860.755	2826.71
860.937	2890.2
861.12	3107.28
861.303	3506.63
861.486	2836.95
861.668	2544.09
861.851	3068.37
862.034	3465.68
862.216	3043.79
862.399	2675.16
862.581	3490.25
862.764	3383.76
862.947	2826.71
863.129	2529.75
863.312	3041.75
863.494	3398.09
863.677	3146.19
863.859	2365.92
864.042	3389.9
864.224	3242.45
864.406	2879.96
864.589	2335.2
864.771	3060.18
864.954	2974.16
865.136	2576.86
865.318	2410.97
865.501	3854.79
865.683	2820.56
865.865	2652.63
866.048	2482.65
866.23	3539.4
866.412	3060.18
866.594	2372.06
866.777	2826.71
866.959	3045.84
867.141	3062.23
867.323	3060.18
867.505	2839
867.687	3011.03
867.869	3312.08
868.052	2603.48
868.234	2761.17
868.416	3297.74
868.598	3310.03
868.78	2652.63
868.962	2490.84
869.144	3389.9
869.326	3117.52
869.508	2595.29
869.69	2474.46
869.872	2896.34
870.054	3647.94
870.236	2390.49
870.417	2445.79
870.599	3008.98
870.781	3490.25
870.963	2761.17
871.145	2535.9
871.327	2810.33
871.508	3301.84
871.69	2623.96
871.872	2621.91
872.054	2984.4
872.235	3068.37
872.417	2720.21
872.599	2335.2
872.78	3828.17
872.962	3156.43
873.144	2265.57
873.325	2583
873.507	3293.65
873.689	3250.64
873.87	2439.64
874.052	2724.31
874.233	2980.31
874.415	3563.98
874.596	2599.38
874.778	2435.55
874.959	3082.7
875.141	3224.01
875.322	2417.12
875.503	2361.82
875.685	3123.66
875.866	2648.54
876.048	2433.5
876.229	2421.21
876.41	2974.16
876.592	3170.77
876.773	2531.8
876.954	2171.36
877.136	3242.45
877.317	3023.31
877.498	2312.67
877.679	2662.87
877.86	3066.32
878.042	3035.6
878.223	2456.03
878.404	3289.55
878.585	3385.8
878.766	4911.54
878.947	2795.99
879.128	2709.97
879.309	3066.32
879.49	3389.9
879.672	2752.98
879.853	2580.95
880.034	2925.01
880.215	3301.84
880.396	2701.78
880.576	2386.4
880.757	2900.44
880.938	3586.51
881.119	2441.69
881.3	2427.35
881.481	3082.7
881.662	4227.52
881.843	2279.9
882.023	2505.18
882.204	3557.83
882.385	3062.23
882.566	2466.27
882.747	2609.62
882.927	3037.65
883.108	3027.41
883.289	2445.79
883.469	2898.39
883.65	3129.81
883.831	3181.01
884.011	2847.19
884.192	2634.2
884.373	3439.05
884.553	3152.34
884.734	2869.72
884.914	3203.54
885.095	4383.17
885.275	3514.83
885.456	2914.77
885.636	2585.05
885.817	3068.37
885.997	3422.67
886.178	2640.34
886.358	2687.45
886.538	3135.95
886.719	5114.29
886.899	2572.76
887.08	2779.61
887.26	3301.84
887.44	2925.01
887.621	2589.14
887.801	2726.36
887.981	3631.56
888.161	3490.25
888.342	2750.93
888.522	2605.53
888.702	3449.29
888.882	3492.3
889.062	2902.48
889.242	2400.73
889.423	3451.34
889.603	3310.03
889.783	2908.63
889.963	2587.1
890.143	3254.73
890.323	3553.74
890.503	2697.69
890.683	2761.17
890.863	3201.49
891.043	3045.84
891.223	2617.82
891.403	2873.81
891.583	3350.99
891.763	3445.2
891.943	2781.65
892.122	2996.69
892.302	3209.68
892.482	3211.73
892.662	3023.31
892.842	2785.75
893.022	3189.2
893.201	3213.77
893.381	2787.8
893.561	2634.2
893.741	3312.08
893.92	3084.75
894.1	2933.2
894.28	2687.45
894.459	3690.95
894.639	3107.28
894.819	2509.27
894.998	2738.65
895.178	3428.81
895.357	3117.52
895.537	2423.26
895.716	2480.6
895.896	3174.86
896.075	3475.91
896.255	2554.33
896.434	2353.63
896.614	3541.45
896.793	3295.69
896.973	2863.57
897.152	2703.83
897.331	3035.6
897.511	3213.77
897.69	2451.93
897.87	2863.57
898.049	3123.66
898.228	3011.03
898.407	2869.72
898.587	2759.13
898.766	3015.12
898.945	3334.61
899.124	3066.32
899.304	2632.15
899.483	3281.36
899.662	3670.47
899.841	2671.06
900.02	2503.13
900.199	3289.55
900.378	3164.62
900.557	2562.52
900.737	2511.32
900.916	2955.73
901.095	3070.42
901.274	2761.17
901.453	2298.33
901.632	2828.76
901.811	2701.78
901.989	2365.92
902.168	2302.43
902.347	2990.55
902.526	2830.8
902.705	2322.91
902.884	2613.72
903.063	3455.44
903.242	3070.42
903.42	2386.4
903.599	2554.33
903.778	2963.92
903.957	3447.24
904.135	2671.06
904.314	2327
904.493	2908.63
904.672	2683.35
904.85	2501.08
905.029	2247.13
905.207	2777.56
905.386	3424.72
905.565	2064.86
905.743	2281.95
905.922	2722.26
906.1	2777.56
906.279	2136.54
906.457	2220.51
906.636	2832.85
906.814	2679.26
906.993	2187.74
907.171	2046.43
907.35	2869.72
907.528	3273.17
907.707	2509.27
907.885	2042.34
908.063	2918.87
908.242	2531.8
908.42	2105.82
908.598	1712.61
908.777	2998.74
908.955	2466.27
909.133	2456.03
909.311	1841.64
909.49	2533.85
909.668	2511.32
909.846	2097.63
910.024	1831.4
910.202	2546.14
910.38	2773.46
910.559	2109.92
910.737	2163.17
910.915	2709.97
911.093	2662.87
911.271	2370.01
911.449	2370.01
911.627	2910.68
911.805	3375.56
911.983	2269.66
912.161	2101.73
912.339	2564.57
912.517	3105.23
912.695	2449.88
912.872	2300.38
913.05	2777.56
913.228	2879.96
913.406	2367.96
913.584	2077.15
913.762	3064.27
913.939	2709.97
914.117	2240.99
914.295	2220.51
914.473	2658.78
914.65	2851.28
914.828	2140.64
915.006	2191.84
915.184	2531.8
915.361	2941.4
915.539	2372.06
915.716	2372.06
915.894	2777.56
916.072	2800.09
916.249	2724.31
916.427	2431.45
916.604	2673.11
916.782	2810.33
916.959	2216.41
917.137	2077.15
917.314	2689.49
917.492	2650.58
917.669	2410.97
917.847	2181.6
918.024	2613.72
918.201	2404.83
918.379	2251.23
918.556	2343.39
918.733	2611.67
918.911	2445.79
919.088	2435.55
919.265	2148.83
919.442	2681.3
919.62	2664.92
919.797	2138.59
919.974	1999.33
920.151	2775.51
920.328	2511.32
920.506	2013.67
920.683	2503.13
920.86	2339.29
921.037	2603.48
921.214	2202.08
921.391	2007.52
921.568	2804.18
921.745	2507.23
921.922	2062.82
922.099	2109.92
922.276	2726.36
922.453	2535.9
922.63	1982.95
922.807	2617.82
922.984	2496.99
923.161	2482.65
923.338	2259.42
923.514	1827.3
923.691	2585.05
923.868	2652.63
924.045	1962.47
924.222	1845.73
924.399	2478.55
924.575	2585.05
924.752	2220.51
924.929	2120.16
925.105	2431.45
925.282	2107.87
925.459	2138.59
925.635	2128.35
925.812	2548.19
925.989	2320.86
926.165	2228.7
926.342	1710.57
926.518	2331.1
926.695	2363.87
926.871	1911.27
927.048	1851.88
927.224	2677.21
927.401	2249.18
927.577	2122.21
927.754	1698.28
927.93	2626.01
928.107	2507.23
928.283	1831.4
928.459	2122.21
928.636	2591.19
928.812	2390.49
928.988	1937.89
929.165	1685.99
929.341	2224.61
929.517	2353.63
929.693	2496.99
929.87	1563.11
930.046	2464.22
930.222	2150.88
930.398	1761.77
930.574	1937.89
930.751	2109.92
930.927	2224.61
931.103	1835.49
931.279	1835.49
931.455	2087.39
931.631	2281.95
931.807	1632.74
931.983	1569.26
932.159	1894.88
932.335	2167.26
932.511	1681.89
932.687	1659.37
932.863	2122.21
933.039	2220.51
933.215	1540.58
933.391	1483.24
933.566	1907.17
933.742	2138.59
933.918	1493.48
934.094	1288.68
934.27	1964.51
934.445	1903.07
934.621	1761.77
934.797	1485.29
934.973	1968.61
935.148	1786.34
935.324	1401.32
935.5	1239.53
935.675	2107.87
935.851	1941.99
936.027	1642.98
936.202	1649.13
936.378	2011.62
936.553	1692.13
936.729	2177.5
936.904	1337.84
937.08	1573.35
937.255	1653.22
937.431	1483.24
937.606	1182.19
937.782	1497.58
937.957	1888.74
938.133	1384.94
938.308	1165.81
938.483	1595.88
938.659	1397.23
938.834	1458.67
939.009	909.81
939.185	1563.11
939.36	1300.97
939.535	737.78
939.71	1110.51
939.886	1763.81
940.061	1438.19
940.236	1505.77
940.411	1122.8
940.586	1571.3
940.761	1536.49
940.937	1167.85
941.112	893.43
941.287	1268.2
941.462	1346.03
941.637	821.75
941.812	1167.85
941.987	1284.59
942.162	1124.85
942.337	1083.89
942.512	805.36
942.687	1690.09
942.862	1395.18
943.037	696.82
943.212	528.89
943.386	1145.33
943.561	1155.57
943.736	1061.36
943.911	1569.26
944.086	1548.78
944.26	1217.01
944.435	711.16
944.61	1128.94
944.785	1321.45
944.959	1860.07
945.134	788.98
945.309	811.51
945.483	918
945.658	1518.06
945.833	698.87
946.007	639.48
946.182	1591.78
946.357	1143.28
946.531	664.05
946.706	639.48
946.88	954.87
947.055	1292.78
947.229	872.95
947.404	698.87
947.578	1280.49
947.752	1286.64
947.927	709.11
948.101	569.85
948.276	1649.13
948.45	1352.17
948.624	1243.63
948.799	844.28
948.973	1255.92
949.147	999.92
949.321	842.23
949.496	811.51
949.67	1579.5
949.844	1227.25
950.018	877.04
950.193	831.99
950.367	1870.31
950.541	1249.77
950.715	920.05
950.889	999.92
951.063	1186.29
951.237	1532.39
951.411	715.25
951.585	698.87
951.759	1499.63
951.933	1337.84
952.107	786.93
952.281	1198.57
952.455	1661.41
952.629	1483.24
952.803	975.35
952.977	825.84
953.151	1389.03
953.325	1217.01
953.499	1098.22
953.672	719.35
953.846	1085.94
954.02	1196.53
954.194	885.23
954.368	879.09
954.541	1669.61
954.715	1317.36
954.889	1036.78
955.062	786.93
955.236	1178.09
955.41	1315.31
955.583	1178.09
955.757	707.06
955.93	1362.41
956.104	1151.47
956.278	885.23
956.451	938.48
956.625	1421.8
956.798	1675.75
956.972	1421.8
957.145	723.44
957.319	1579.5
957.492	1454.57
957.665	1225.2
957.839	870.9
958.012	1354.22
958.185	1206.77
958.359	1067.5
958.532	1368.56
958.705	1288.68
958.879	1300.97
959.052	1106.42
959.225	811.51
959.398	1368.56
959.572	1491.43
959.745	891.38
959.918	1006.06
960.091	1450.47
960.264	1511.91
960.438	920.05
960.611	842.23
960.784	1667.56
960.957	1174
961.13	1575.4
961.303	891.38
961.476	1348.08
961.649	1821.16
961.822	946.67
961.995	1098.22
962.168	1364.46
962.341	1610.22
962.514	946.67
962.686	868.85
962.859	1360.36
963.032	1458.67
963.205	899.57
963.378	649.72
963.551	1280.49
963.723	1139.18
963.896	1067.5
964.069	1149.42
964.242	1278.44
964.414	1956.32
964.587	1001.97
964.76	1184.24
964.932	1403.37
965.105	1364.46
965.278	938.48
965.45	885.23
965.623	1386.99
965.795	1507.82
965.968	975.35
966.14	930.29
966.313	1384.94
966.485	1384.94
966.658	823.8
966.83	784.88
967.003	1427.95
967.175	1458.67
967.348	940.53
967.52	999.92
967.692	1778.15
967.865	1495.53
968.037	975.35
968.209	1198.57
968.382	1507.82
968.554	1456.62
968.726	993.78
968.898	913.91
969.071	1610.22
969.243	1475.05
969.415	944.63
969.587	1085.94
969.759	1679.85
969.932	1323.5
970.104	1098.22
970.276	590.33
970.448	1229.29
970.62	1307.12
970.792	1182.19
970.964	1135.09
971.136	1755.62
971.308	1303.02
971.48	885.23
971.652	952.82
971.824	1663.46
971.996	1290.73
972.168	926.19
972.339	1061.36
972.511	1364.46
972.683	1276.4
972.855	1225.2
973.027	844.28
973.199	1511.91
973.37	1473
973.542	1159.66
973.714	1198.57
973.886	1077.74
974.057	1391.08
974.229	891.38
974.401	881.14
974.572	1149.42
974.744	977.39
974.915	786.93
975.087	977.39
975.259	1673.7
975.43	1243.63
975.602	799.22
975.773	819.7
975.945	1157.61
976.116	1411.56
976.288	766.45
976.459	1116.65
976.63	1116.65
976.802	1159.66
976.973	711.16
977.145	1155.57
977.316	1931.75
977.487	2023.91
977.659	1145.33
977.83	928.24
978.001	1544.68
978.172	1317.36
978.344	743.92
978.515	911.86
978.686	1110.51
978.857	1702.37
979.028	807.41
979.2	752.12
979.371	1694.18
979.542	1120.75
979.713	956.91
979.884	510.46
980.055	1145.33
980.226	1288.68
980.397	893.43
980.568	797.17
980.739	1427.95
980.91	1174
981.081	1024.5
981.252	686.58
981.423	1253.87
981.594	1135.09
981.765	709.11
981.936	944.63
982.106	1182.19
982.277	1468.91
982.448	668.15
982.619	1020.4
982.79	1034.74
982.96	1243.63
983.131	944.63
983.302	535.03
983.472	1040.88
983.643	1214.96
983.814	930.29
983.984	754.16
984.155	1065.46
984.326	1192.43
984.496	967.15
984.667	707.06
984.837	799.22
985.008	1524.2
985.178	1221.1
985.349	729.59
985.519	1090.03
985.69	811.51
985.86	625.14
986.031	721.4
986.201	1180.14
986.371	1071.6
986.542	410.11
986.712	406.01
986.882	1249.77
987.053	1083.89
987.223	582.14
987.393	1098.22
987.563	885.23
987.734	1151.47
987.904	1102.32
988.074	657.91
988.244	930.29
988.414	1018.35
988.585	532.98
988.755	778.74
988.925	999.92
989.095	1405.42
989.265	471.54
989.435	848.37
989.605	1135.09
989.775	1421.8
989.945	1133.04
990.115	389.63
990.285	1047.02
990.455	1040.88
990.625	811.51
990.795	520.7
990.965	1477.1
991.134	934.39
991.304	477.69
991.474	479.74
991.644	915.95
991.814	1464.81
991.984	328.19
992.153	625.14
992.323	807.41
992.493	1182.19
992.662	352.76
992.832	778.74
993.002	854.51
993.171	1239.53
993.341	354.81
993.511	602.61
993.68	885.23
993.85	1153.52
994.019	397.82
994.189	295.42
994.358	881.14
994.528	838.13
994.697	139.77
994.867	500.22
995.036	1147.37
995.206	674.29
995.375	389.63
995.544	852.47
995.714	1341.93
995.883	958.96
996.052	672.25
996.222	139.77
996.391	1221.1
996.56	1126.89
996.73	340.47
996.899	238.08
997.068	1196.53
997.237	995.82
997.406	297.47
997.576	221.69
997.745	1368.56
997.914	772.6
998.083	82.43
998.252	399.87
998.421	983.54
998.59	762.36
998.759	344.57
998.928	170.49
999.097	1122.8
999.266	1032.69
999.435	729.59
999.604	43.52
999.773	1118.7
999.942	852.47
1000.111	84.48
1000.28	94.72
1000.448	727.54
1000.617	664.05
1000.786	657.91
1000.955	172.54
1001.124	1090.03
1001.292	1552.87
1001.461	320
1001.63	270.84
1001.798	977.39
1001.967	977.39
1002.136	135.68
1002.304	152.06
1002.473	1104.37
1002.642	754.16
1002.81	344.57
1002.979	170.49
1003.147	1049.07
1003.316	1122.8
1003.484	238.08
1003.653	299.52
1003.821	737.78
1003.99	713.21
1004.158	510.46
1004.327	453.11
1004.495	866.8
1004.663	838.13
1004.832	561.66
1005	2.56
1005.168	1008.11
1005.337	805.36
1005.505	4.61
1005.673	584.18
1005.842	1061.36
1006.01	729.59
1006.178	100.86
1006.346	238.08
1006.514	623.09
1006.683	1212.91
1006.851	203.26
1007.019	438.78
1007.187	692.73
1007.355	250.36
1007.523	-30.21
1007.691	-67.07
1007.859	489.98
1008.027	1329.64
1008.195	168.45
1008.363	31.23
1008.531	684.53
1008.699	756.21
1008.867	41.47
1009.035	186.88
1009.203	1245.68
1009.37	717.3
1009.538	221.69
1009.706	1065.46
1009.874	637.43
1010.042	700.92
1010.209	20.99
1010.377	-1.54
1010.545	821.75
1010.713	670.2
1010.88	25.09
1011.048	225.79
1011.216	676.34
1011.383	928.24
1011.551	45.57
1011.718	2.56
1011.886	791.03
1012.054	860.66
1012.221	37.38
1012.389	27.14
1012.556	584.18
1012.724	1040.88
1012.891	360.95
1013.058	-220.67
1013.226	864.75
1013.393	831.99
1013.561	-146.94
1013.728	-120.32
1013.895	979.44
1014.063	741.88
1014.23	-177.66
1014.397	135.68
1014.565	936.43
1014.732	535.03
1014.899	-110.08
1015.066	-89.6
1015.233	745.97
1015.401	791.03
1015.568	82.43
1015.735	248.32
1015.902	874.99
1016.069	977.39
1016.236	150.01
1016.403	-142.85
1016.57	463.35
1016.737	1186.29
1016.904	66.05
1017.071	-1.54
1017.238	354.81
1017.405	569.85
1017.572	104.96
1017.739	489.98
1017.906	993.78
1018.073	874.99
1018.24	-105.98
1018.407	131.58
1018.573	737.78
1018.74	625.14
1018.907	111.1
1019.074	-243.2
1019.241	649.72
1019.407	532.98
1019.574	-67.07
1019.741	-105.98
1019.907	1038.83
1020.074	1001.97
1020.241	-335.35
1020.407	-288.25
1020.574	479.74
1020.74	508.41
1020.907	-52.74
1021.073	-134.65
1021.24	1247.72
1021.406	655.86
1021.573	-212.48
1021.739	-99.84
1021.906	881.14
1022.072	637.43
1022.239	39.42
1022.405	84.48
1022.571	616.95
1022.738	608.76
1022.904	-7.68
1023.07	176.64
1023.237	549.37
1023.403	846.32
1023.569	-11.78
1023.735	29.18
1023.902	684.53
1024.068	641.53
1024.234	-241.15
1024.4	-46.59
1024.566	455.16
1024.732	657.91
1024.898	-28.16
1025.065	-323.07
1025.231	430.59
1025.397	487.93
1025.563	92.67
1025.729	-171.52
1025.895	156.16
1026.061	270.84
1026.227	-300.54
1026.392	43.52
1026.558	705.01
1026.724	782.84
1026.89	-108.03
1027.056	88.57
1027.222	385.53
1027.388	532.98
1027.553	-17.92
1027.719	-118.27
1027.885	954.87
1028.051	537.08
1028.216	-404.99
1028.382	20.99
1028.548	608.76
1028.713	526.84
1028.879	-259.58
1029.045	115.2
1029.21	725.49
1029.376	614.9
1029.541	-46.59
1029.707	-93.69
1029.873	641.53
1030.038	649.72
1030.204	-114.17
1030.369	-15.87
1030.534	498.17
1030.7	426.49
1030.865	14.85
1031.031	-237.05
1031.196	473.59
1031.361	422.39
1031.527	-175.61
1031.692	-173.57
1031.857	168.45
1032.023	608.76
1032.188	-167.42
1032.353	-171.52
1032.518	686.58
1032.684	379.39
1032.849	-259.58
1033.014	-81.41
1033.179	344.57
1033.344	524.79
1033.509	-3.58
1033.674	-196.09
1033.839	592.37
1034.004	537.08
1034.17	-146.94
1034.335	-284.16
1034.5	438.78
1034.664	320
1034.829	-249.34
1034.994	-73.21
1035.159	145.92
1035.324	561.66
1035.489	-122.37
1035.654	-95.74
1035.819	1020.4
1035.984	549.37
1036.148	27.14
1036.313	23.04
1036.478	524.79
1036.643	317.95
1036.807	-155.13
1036.972	-404.99
1037.137	918
1037.301	406.01
1037.466	-417.27
1037.631	-38.4
1037.795	729.59
1037.96	406.01
1038.124	90.62
1038.289	-259.58
1038.454	451.07
1038.618	641.53
1038.783	92.67
1038.947	-48.64
1039.111	256.51
1039.276	326.14
1039.44	-237.05
1039.605	635.38
1039.769	268.8
1039.933	350.71
1040.098	-9.73
1040.262	221.69
1040.426	623.09
1040.591	551.42
1040.755	-222.72
1040.919	-120.32
1041.083	723.44
1041.248	338.43
1041.412	-378.36
1041.576	-269.82
1041.74	287.23
1041.904	379.39
1042.068	-243.2
1042.232	-69.12
1042.397	768.5
1042.561	365.05
1042.725	-376.31
1042.889	-89.6
1043.053	424.44
1043.217	352.76
1043.381	-177.66
1043.544	-384.51
1043.708	586.23
1043.872	254.46
1044.036	-499.19
1044.2	-353.79
1044.364	668.15
1044.528	561.66
1044.691	5779.88
1044.855	-237.05
1045.019	492.02
1045.183	502.26
1045.346	-54.78
1045.51	-407.03
1045.674	500.22
1045.837	430.59
1046.001	-208.38
1046.165	-105.98
1046.328	983.54
1046.492	283.13
1046.655	172.54
1046.819	-77.31
1046.983	379.39
1047.146	233.98
1047.31	41.47
1047.473	-443.9
1047.636	377.34
1047.8	295.42
1047.963	-40.45
1048.127	-345.59
1048.29	166.4
