345.52	-1291.59
345.736	-1291.59
345.952	-1291.59
346.168	-1287.49
346.384	-1353.02
346.6	-175.44
346.816	-341.33
347.032	-124.24
347.248	473.76
347.464	-298.32
347.68	-195.92
347.896	-32.08
348.112	383.65
348.328	-165.2
348.544	33.45
348.76	213.67
348.975	228.01
349.191	-318.8
349.407	-337.23
349.623	232.1
349.839	174.76
350.055	-240.98
350.27	-71
350.486	162.47
350.702	326.31
350.918	443.04
351.133	-32.08
351.349	135.85
351.565	570.02
351.781	-353.62
351.996	-40.28
352.212	203.43
352.428	131.75
352.644	-261.46
352.859	-206.16
353.075	346.79
353.291	228.01
353.506	-189.78
353.722	-374.1
353.938	-50.52
354.153	533.15
354.369	318.12
354.584	-306.51
354.8	250.53
355.016	-124.24
355.231	-410.96
355.447	-40.28
355.662	402.08
355.878	774.81
356.093	-443.73
356.309	-85.33
356.524	35.5
356.74	563.87
356.955	-386.38
357.171	-79.19
357.386	248.49
357.602	-44.37
357.817	27.31
358.033	-214.35
358.248	348.84
358.464	365.22
358.679	-109.91
358.895	-445.77
359.11	178.86
359.325	250.53
359.541	432.8
359.756	90.79
359.972	-134.48
360.187	582.31
360.402	-228.69
360.618	-247.12
360.833	1628.82
361.048	277.16
361.264	-126.29
361.479	15.02
361.694	236.2
361.909	221.86
362.125	-324.94
362.34	-109.91
362.555	414.37
362.77	285.35
362.986	-404.82
363.201	-195.92
363.416	275.11
363.631	154.28
363.847	-165.2
364.062	-238.93
364.277	289.45
364.492	43.69
364.707	-218.45
364.922	-398.67
365.138	365.22
365.353	479.91
365.568	-439.63
365.783	-222.55
365.998	453.28
366.213	694.94
366.428	-224.59
366.643	211.62
366.858	414.37
367.073	432.8
367.288	-79.19
367.503	-273.75
367.718	158.38
367.933	686.75
368.148	-257.36
368.363	-71
368.578	240.29
368.793	602.79
369.008	39.59
369.223	-222.55
369.438	445.09
369.653	275.11
369.868	-374.1
370.083	-296.27
370.298	207.53
370.513	547.49
370.728	187.05
370.943	-187.73
371.157	158.38
371.372	778.91
371.587	-351.57
371.802	-359.76
372.017	223.91
372.232	639.65
372.446	84.65
372.661	-275.79
372.876	256.68
373.091	350.89
373.306	-105.81
373.52	-343.38
373.735	107.18
373.95	719.52
374.165	-116.05
374.379	-124.24
374.594	113.32
374.809	498.34
375.023	164.52
375.238	-185.68
375.453	397.99
375.667	23.21
375.882	-193.87
376.097	-212.31
376.311	62.12
376.526	475.81
376.741	-263.51
376.955	295.59
377.17	572.07
377.384	1145.5
377.599	185
377.813	-310.61
378.028	1008.28
378.242	494.24
378.457	-83.28
378.672	-322.9
378.886	109.22
379.101	211.62
379.315	-316.75
379.53	-97.62
379.744	473.76
379.958	393.89
380.173	-197.97
380.387	-128.34
380.602	426.66
380.816	117.42
381.031	-46.42
381.245	-87.38
381.459	397.99
381.674	1174.17
381.888	-288.08
382.103	350.89
382.317	248.49
382.531	506.53
382.746	96.94
382.96	-116.05
383.174	293.54
383.388	850.59
383.603	279.21
383.817	-275.79
384.031	289.45
384.246	604.83
384.46	182.95
384.674	854.69
384.888	158.38
385.103	438.95
385.317	-238.93
385.531	195.24
385.745	912.03
385.959	514.72
386.174	-214.35
386.388	-140.63
386.602	264.87
386.816	248.49
387.03	15.02
387.244	66.22
387.458	354.98
387.672	623.27
387.887	-279.89
388.101	-150.87
388.315	549.54
388.529	281.25
388.743	-50.52
388.957	-34.13
389.171	780.96
389.385	197.29
389.599	-85.33
389.813	158.38
390.027	289.45
390.241	981.66
390.455	-27.99
390.669	84.65
390.883	252.58
391.097	815.77
391.311	328.36
391.525	29.35
391.738	598.69
391.952	576.16
392.166	225.96
392.38	-200.02
392.594	723.62
392.808	549.54
393.022	127.66
393.236	66.22
393.449	395.94
393.663	805.53
393.877	-87.38
394.091	90.79
394.305	311.97
394.518	330.41
394.732	-138.58
394.946	-1.37
395.16	1067.67
395.373	473.76
395.587	-136.53
395.801	0.68
396.015	623.27
396.228	627.36
396.442	-126.29
396.656	-277.84
396.869	559.78
397.083	967.32
397.297	166.57
397.51	123.56
397.724	594.59
397.938	596.64
398.151	-245.07
398.365	-132.44
398.578	621.22
398.792	877.21
399.005	338.6
399.219	-52.56
399.433	610.98
399.646	789.15
399.86	371.36
400.073	418.47
400.287	606.88
400.5	561.83
400.714	350.89
400.927	150.18
401.141	754.34
401.354	2007.69
401.567	817.82
401.781	-83.28
401.994	553.63
402.208	969.37
402.421	234.15
402.635	37.55
402.848	248.49
403.061	627.36
403.275	293.54
403.488	62.12
403.701	871.07
403.915	881.31
404.128	406.18
404.341	141.99
404.555	1000.09
404.768	367.27
404.981	522.91
405.195	248.49
405.408	721.57
405.621	684.7
405.834	430.76
406.048	68.27
406.261	862.88
406.474	828.06
406.687	111.27
406.9	318.12
407.114	692.9
407.327	891.55
407.54	12.97
407.753	-13.65
407.966	432.8
408.179	635.55
408.392	225.96
408.605	51.88
408.819	719.52
409.032	887.45
409.245	244.39
409.458	535.2
409.671	676.51
409.884	881.31
410.097	92.84
410.31	539.3
410.523	1000.09
410.736	617.12
410.949	262.82
411.162	281.25
411.375	918.17
411.588	815.77
411.801	578.21
412.014	182.95
412.227	561.83
412.44	664.22
412.653	225.96
412.865	567.97
413.078	989.85
413.291	819.87
413.504	506.53
413.717	195.24
413.93	901.79
414.143	623.27
414.356	486.05
414.568	72.36
414.781	934.56
414.994	936.6
415.207	516.77
415.42	469.67
415.632	840.35
415.845	1335.96
416.058	125.61
416.271	156.33
416.483	776.86
416.696	1088.15
416.909	361.13
417.121	299.69
417.334	705.18
417.547	1088.15
417.759	314.02
417.972	348.84
418.185	696.99
418.397	924.32
418.61	338.6
418.823	320.17
419.035	1108.63
419.248	903.84
419.46	422.56
419.673	565.92
419.885	737.95
420.098	952.99
420.311	277.16
420.523	133.8
420.736	1061.53
420.948	940.7
421.161	418.47
421.373	207.53
421.586	760.48
421.798	666.27
422.01	182.95
422.223	780.96
422.435	692.9
422.648	1241.75
422.86	438.95
423.073	500.39
423.285	959.13
423.497	678.56
423.71	475.81
423.922	502.43
424.134	1190.55
424.347	1313.43
424.559	840.35
424.771	934.56
424.984	981.66
425.196	1131.16
425.408	371.36
425.621	445.09
425.833	1200.79
426.045	1446.55
426.257	461.48
426.47	705.18
426.682	1055.39
426.894	977.56
427.106	477.86
427.318	686.75
427.531	977.56
427.743	1059.48
427.955	811.68
428.167	1352.34
428.379	946.84
428.591	993.95
428.804	752.29
429.016	498.34
429.228	1186.46
429.44	1208.98
429.652	14340.56
429.864	475.81
430.076	1211.03
430.288	1110.68
430.5	928.41
430.712	838.3
430.924	1176.22
431.136	1323.67
431.348	561.83
431.56	740
431.772	985.76
431.984	920.22
432.196	524.96
432.408	752.29
432.62	1077.91
432.832	1338.01
433.044	1145.5
433.256	979.61
433.468	1417.88
433.679	852.64
433.891	619.17
434.103	1235.61
434.315	1745.55
434.527	1301.14
434.739	1039
434.95	912.03
435.162	1182.36
435.374	948.89
435.586	1032.86
435.798	871.07
436.009	1176.22
436.221	1235.61
436.433	1026.71
436.645	899.74
436.856	1245.85
437.068	1766.03
437.28	936.6
437.491	1256.09
437.703	1594
437.915	1477.27
438.126	938.65
438.338	1464.98
438.55	1249.94
438.761	1366.68
438.973	1182.36
439.184	1075.87
439.396	1305.24
439.608	1450.64
439.819	862.88
440.031	1180.31
440.242	1563.28
440.454	1628.82
440.665	1176.22
440.877	1309.33
441.088	1702.54
441.3	1600.15
441.511	907.93
441.723	932.51
441.934	1907.34
442.146	1647.25
442.357	1436.31
442.569	1704.59
442.78	1718.93
442.991	2194.06
443.203	1684.11
443.414	1186.46
443.626	1948.3
443.837	1522.32
444.048	1034.91
444.26	871.07
444.471	1712.78
444.682	1653.39
444.894	1075.87
445.105	1036.95
445.316	1979.02
445.528	1854.09
445.739	1352.34
445.95	1346.2
446.161	1587.86
446.373	1909.39
446.584	1395.35
446.795	1335.96
447.006	2075.27
447.217	2108.04
447.429	1178.26
447.64	1170.07
447.851	2574.98
448.062	1942.16
448.273	1190.55
448.484	1262.23
448.695	1907.34
448.907	1940.11
449.118	1430.16
449.329	1804.94
449.54	1741.46
449.751	1688.21
449.962	1360.53
450.173	1327.77
450.384	1845.9
450.595	2237.06
450.806	1374.87
451.017	1495.7
451.228	2161.29
451.439	2022.03
451.65	1518.23
451.861	1051.29
452.072	1858.19
452.283	1950.35
452.494	1716.88
452.705	1626.77
452.915	2574.98
453.126	1989.26
453.337	1686.16
453.548	1407.64
453.759	2507.4
453.97	2431.62
454.181	2071.18
454.391	1675.92
454.602	2040.46
454.813	2636.42
455.024	1655.44
455.235	1604.24
455.445	2355.85
455.656	2230.92
455.867	1938.06
456.078	1809.04
456.288	2024.08
456.499	2411.14
456.71	1804.94
456.921	2077.32
457.131	2245.26
457.342	2149
457.553	1938.06
457.763	1858.19
457.974	2343.56
458.184	2493.06
458.395	1774.22
458.606	1602.19
458.816	2833.02
459.027	2673.28
459.237	2149
459.448	1911.44
459.659	2693.76
459.869	3443.32
460.08	1856.14
460.29	2243.21
460.501	3035.77
460.711	2597.51
460.922	1755.79
461.132	2013.84
461.343	3484.28
461.553	2468.48
461.764	2130.57
461.974	2157.19
462.184	2716.29
462.395	3037.82
462.605	2282.12
462.816	2132.62
463.026	3003
463.236	2941.57
463.447	2329.22
463.657	2300.55
463.867	3134.07
464.078	2898.56
464.288	2452.1
464.498	2599.55
464.709	3029.63
464.919	3150.46
465.129	2732.67
465.339	2306.7
465.55	3007.1
465.76	3271.29
465.97	2699.91
466.18	2712.19
466.391	3490.42
466.601	3207.8
466.811	2800.26
467.021	2556.55
467.231	3508.85
467.441	3500.66
467.651	2771.58
467.862	2704
468.072	3293.82
468.282	3508.85
468.492	2882.17
468.702	3127.93
468.912	3727.99
469.122	4418.15
469.332	3523.19
469.542	2947.71
469.752	4149.87
469.962	3691.12
470.172	3232.38
470.382	3295.86
470.592	4287.08
470.802	4076.14
471.012	3750.51
471.222	3447.41
471.432	3918.45
471.642	4272.75
471.852	3916.4
472.062	3527.28
472.272	4188.78
472.482	4045.42
472.691	3783.28
472.901	3531.38
473.111	4149.87
473.321	5001.82
473.531	3736.18
473.741	4223.59
473.95	4688.48
474.16	4590.18
474.37	4395.62
474.58	3934.83
474.79	5421.66
474.999	4760.16
475.209	4227.69
475.419	4272.75
475.628	4930.14
475.838	5251.67
476.048	4668
476.258	4213.35
476.467	5499.48
476.677	5030.49
476.886	5046.88
477.096	4837.98
477.306	5241.43
477.515	5487.19
477.725	5040.73
477.935	5202.52
478.144	6040.14
478.354	5470.81
478.563	5198.43
478.773	5057.12
478.982	5970.51
479.192	5909.07
479.401	5196.38
479.611	5349.98
479.82	5669.46
480.03	6007.37
480.239	5384.79
480.449	5266.01
480.658	6488.65
480.868	6107.73
481.077	5812.82
481.287	5800.53
481.496	6343.24
481.705	6625.86
481.915	6320.71
482.124	6115.92
482.333	6675.01
482.543	7049.79
482.752	6437.45
482.961	6089.29
483.171	6789.7
483.38	6777.41
483.589	6478.41
483.799	6355.53
484.008	7006.78
484.217	6853.19
484.426	6543.94
484.636	6492.74
484.845	7219.77
485.054	6797.89
485.263	7346.75
485.472	6689.35
485.682	7649.85
485.891	7537.21
486.1	6644.29
486.309	6928.96
486.518	7737.91
486.727	8563.24
486.936	7178.81
487.146	7326.27
487.355	8151.6
487.564	7737.91
487.773	7529.02
487.982	7461.43
488.191	7850.55
488.4	8337.96
488.609	7512.63
488.818	7828.02
489.027	8995.36
489.236	8571.43
489.445	7840.31
489.654	7713.33
489.863	8823.33
490.072	8596.01
490.281	8661.54
490.49	8219.18
490.698	8849.96
490.907	9361.95
491.116	8290.86
491.325	8405.55
491.534	9122.34
491.743	8739.37
491.952	8487.47
492.16	8698.41
492.369	9468.44
492.578	9331.23
492.787	8874.53
492.996	9009.7
493.204	9124.38
493.413	9585.18
493.622	8544.81
493.831	8512.04
494.039	9777.69
494.248	9042.46
494.457	8931.87
494.665	8843.81
494.874	9898.52
495.083	10373.64
495.291	9269.79
495.5	9194.01
495.709	10033.68
495.917	9964.05
496.126	9687.57
496.335	9529.88
496.543	9808.4
496.752	10013.2
496.96	10045.97
497.169	9345.56
497.377	10103.31
497.586	10439.18
497.794	9785.88
498.003	9390.62
498.211	10412.56
498.42	10682.89
498.628	10002.96
498.837	9779.73
499.045	10623.5
499.254	10592.78
499.462	10201.61
499.671	10021.39
499.879	11704.82
500.087	11016.71
500.296	10230.29
500.504	10379.79
500.713	10555.91
500.921	11612.67
501.129	10406.41
501.338	10404.36
501.546	11112.96
501.754	11082.24
501.962	10492.43
502.171	10439.18
502.379	11315.71
502.587	11284.99
502.795	11004.42
503.004	10795.53
503.212	11600.38
503.42	11647.48
503.628	10936.84
503.837	11379.2
504.045	11717.11
504.253	12294.64
504.461	11129.34
504.669	11072
504.877	12163.57
505.085	11874.81
505.294	11153.92
505.502	11774.45
505.71	12274.16
505.918	11661.82
506.126	11309.57
506.334	11477.5
506.542	12149.23
506.75	12040.69
506.958	11786.74
507.166	11672.06
507.374	11833.85
507.582	12661.23
507.79	11756.02
507.998	11532.79
508.206	12732.9
508.414	12595.69
508.622	11661.82
508.83	11866.61
509.037	12696.04
509.245	12245.49
509.453	11825.65
509.661	12210.67
509.869	13013.48
510.077	12442.09
510.285	12339.69
510.492	11891.19
510.7	13400.54
510.908	12450.28
511.116	12159.47
511.324	12173.81
511.531	12614.12
511.739	13306.34
511.947	12704.23
512.155	12679.66
512.362	13074.92
512.57	12659.18
512.778	12259.82
512.985	12231.15
513.193	12972.52
513.401	13439.45
513.608	12906.98
513.816	12491.24
514.024	13232.61
514.231	13412.83
514.439	12577.26
514.646	12792.3
514.854	13554.14
515.061	13502.94
515.269	12851.69
515.477	12980.71
515.684	13470.17
515.892	13681.11
516.099	12790.25
516.307	12884.45
516.514	14219.73
516.722	14125.52
516.929	13244.9
517.136	13046.24
517.344	14002.64
517.551	13742.55
517.759	13107.68
517.966	13220.32
518.173	13742.55
518.381	13922.77
518.588	13509.08
518.796	13388.25
519.003	14379.47
519.21	14248.4
519.418	13771.22
519.625	14123.48
519.832	14428.62
520.039	14399.95
520.247	13451.74
520.454	14172.63
520.661	14473.68
520.868	14531.02
521.076	13871.57
521.283	14146
521.49	14963.14
521.697	14432.72
521.904	14012.88
522.112	13906.39
522.319	14920.13
522.526	14780.87
522.733	14029.27
522.94	14242.26
523.147	14913.99
523.354	14942.66
523.561	14381.52
523.768	14584.27
523.975	15428.03
524.183	15227.33
524.39	14690.76
524.597	14385.62
524.804	15063.49
525.011	14987.72
525.218	14428.62
525.425	14535.12
525.632	15569.34
525.838	15227.33
526.045	14793.16
526.252	14842.31
526.459	16824.75
526.666	17097.13
526.873	15022.53
527.08	14776.78
527.287	15919.54
527.494	15829.43
527.701	14993.86
527.907	14764.49
528.114	15686.08
528.321	15911.35
528.528	15321.54
528.735	15294.91
528.941	15878.58
529.148	15657.4
529.355	15540.67
529.562	15108.55
529.768	16654.76
529.975	15790.52
530.182	15528.38
530.388	15157.7
530.595	16302.51
530.802	15960.5
531.008	15860.15
531.215	15880.63
531.422	17359.27
531.628	17160.61
531.835	15878.58
532.042	16110
532.248	16720.3
532.455	16476.59
532.661	15993.27
532.868	15878.58
533.074	16845.23
533.281	17035.69
533.487	16193.97
533.694	15989.17
533.9	16968.1
534.107	16523.69
534.313	16196.02
534.52	16136.63
534.726	16886.18
534.933	17789.34
535.139	16239.03
535.345	16261.55
535.552	17338.79
535.758	17181.09
535.965	16769.45
536.171	16523.69
536.377	17557.92
536.584	17779.1
536.79	16689.58
536.996	17230.24
537.203	17760.67
537.409	17605.02
537.615	16818.6
537.821	17185.19
538.028	18299.28
538.234	17756.57
538.44	17254.82
538.646	17017.25
538.853	17459.62
539.059	17500.58
539.265	17953.18
539.471	17101.22
539.677	18137.49
539.883	17963.42
540.09	18864.52
540.296	18147.73
540.502	18131.35
540.708	17842.59
540.914	18008.47
541.12	17846.68
541.326	18416.02
541.532	18510.22
541.738	17938.84
541.944	17887.64
542.15	18563.47
542.356	18293.14
542.562	17557.92
542.768	17944.98
542.974	18852.23
543.18	18876.81
543.386	18098.58
543.592	17969.56
543.798	19528.06
544.004	18946.44
544.21	18160.02
544.415	18262.42
544.621	19141
544.827	19833.21
545.033	18305.43
545.239	18688.4
545.445	19120.52
545.651	19063.18
545.856	18725.26
546.062	18565.52
546.268	18803.08
546.474	18958.73
546.679	18565.52
546.885	18489.74
547.091	19161.48
547.297	19562.88
547.502	18932.11
547.708	18407.83
547.914	19059.08
548.119	19548.54
548.325	18287
548.531	18258.32
548.736	19888.51
548.942	19188.1
549.147	18586
549.353	19339.65
549.559	20091.26
549.764	19493.25
549.97	19046.79
550.175	19077.51
550.381	19995
550.586	19493.25
550.792	18889.1
550.997	19196.29
551.203	20271.48
551.408	20283.77
551.614	19241.35
551.819	19597.7
552.025	20861.29
552.23	20263.29
552.435	19710.33
552.641	20298.1
552.846	20115.83
553.052	20738.41
553.257	19962.23
553.462	19704.19
553.668	20060.54
553.873	20382.07
554.078	19884.41
554.283	19540.35
554.489	20562.29
554.694	20519.28
554.899	19796.35
555.105	20148.6
555.31	20689.26
555.515	20912.49
555.72	20021.63
555.925	21029.23
556.131	21039.47
556.336	20636.02
556.541	20107.64
556.746	20167.03
556.951	21496.16
557.156	20752.75
557.361	20552.05
557.567	21012.84
557.772	21172.58
557.977	21520.74
558.182	20609.39
558.387	20525.43
558.592	21158.25
558.797	21514.59
559.002	20644.21
559.207	20445.55
559.412	21485.92
559.617	21807.45
559.822	20693.36
560.027	20687.21
560.232	21645.66
560.437	21420.39
560.642	20816.24
560.847	20887.92
561.051	21317.99
561.256	21651.81
561.461	20892.01
561.666	20736.37
561.871	21395.81
562.076	22016.35
562.281	20908.4
562.485	20851.05
562.69	21719.39
562.895	21619.04
563.1	21021.03
563.305	21033.32
563.509	21959
563.714	22491.48
563.919	21211.49
564.123	21193.06
564.328	21422.44
564.533	22274.39
564.737	21113.19
564.942	21072.23
565.147	22149.46
565.351	22196.57
565.556	20973.93
565.761	21416.29
565.965	22268.25
566.17	21750.11
566.374	21297.51
566.579	21363.04
566.784	21913.95
566.988	22268.25
567.193	21514.59
567.397	21963.1
567.602	22139.22
567.806	22169.94
568.011	21746.01
568.215	21743.97
568.42	22110.55
568.624	22301.01
568.828	21549.41
569.033	21750.11
569.237	22507.86
569.442	22753.62
569.646	21594.47
569.85	22210.9
570.055	22784.33
570.259	22890.83
570.463	22552.91
570.668	22186.33
570.872	22524.24
571.076	22948.17
571.281	22200.66
571.485	22088.03
571.689	22671.7
571.893	22950.22
572.098	22487.38
572.302	22241.62
572.506	22903.12
572.71	22925.64
572.914	22604.11
573.119	22458.71
573.323	23159.11
573.527	23423.3
573.731	22720.85
573.935	22817.1
574.139	23155.02
574.343	23026
574.547	22638.93
574.751	22880.59
574.955	23447.88
575.159	23554.37
575.364	22804.81
575.568	22798.67
575.772	23570.75
575.976	23523.65
576.18	22800.72
576.383	23310.66
576.587	23976.25
576.791	23554.37
576.995	22915.4
577.199	22755.66
577.403	23316.81
577.607	23832.89
577.811	23351.62
578.015	23058.76
578.219	23857.47
578.422	23906.62
578.626	23556.42
578.83	23562.56
579.034	24295.74
579.238	24101.18
579.442	23400.77
579.645	23918.91
579.849	23871.81
580.053	24226.1
580.257	23243.08
580.46	23841.09
580.664	24467.77
580.868	24373.56
581.071	24049.98
581.275	23763.26
581.479	23904.57
581.682	24430.9
581.886	23523.65
582.09	24174.91
582.293	24762.67
582.497	24803.63
582.7	24305.98
582.904	24328.5
583.107	24564.02
583.311	24516.92
583.515	24125.75
583.718	23904.57
583.922	24926.51
584.125	25766.18
584.329	23896.38
584.532	24174.91
584.735	25088.3
584.939	24572.21
585.142	24140.09
585.346	24248.63
585.549	25033
585.753	25168.17
585.956	24250.68
586.159	24840.5
586.363	25450.79
586.566	25166.12
586.769	24514.87
586.973	24510.77
587.176	25297.19
587.379	25553.19
587.582	24754.48
587.786	25147.69
587.989	25553.19
588.192	26437.91
588.395	24703.28
588.599	25432.36
588.802	25743.65
589.005	25757.99
589.208	25157.93
589.411	24951.09
589.615	25635.11
589.818	26159.39
590.021	25702.69
590.224	25506.09
590.427	26478.87
590.63	25950.49
590.833	25049.39
591.036	25401.64
591.239	26011.93
591.442	25768.23
591.645	25688.35
591.848	25379.11
592.051	26325.27
592.254	26118.43
592.457	25782.56
592.66	25452.84
592.863	26165.53
593.066	26360.09
593.269	25817.38
593.472	25559.33
593.675	26202.39
593.878	25942.3
594.081	25766.18
594.284	25848.1
594.486	26323.22
594.689	26501.4
594.892	26085.66
595.095	26011.93
595.298	26781.97
595.5	26857.74
595.703	26546.45
595.906	26521.88
596.109	26753.3
596.311	27021.58
596.514	25968.93
596.717	26478.87
596.92	27476.23
597.122	27279.63
597.325	25942.3
597.528	25960.73
597.73	27607.3
597.933	27238.67
598.136	26566.93
598.338	26396.95
598.541	27545.86
598.743	27894.02
598.946	26781.97
599.148	26878.22
599.351	27554.05
599.554	27650.31
599.756	26349.85
599.959	26421.53
600.161	27138.32
600.363	28023.04
600.566	27238.67
600.768	27306.25
600.971	27535.62
601.173	27711.75
601.376	26796.31
601.578	26951.95
601.78	27162.89
601.983	28147.97
602.185	26910.99
602.388	27490.57
602.59	27611.4
602.792	27859.2
602.995	27392.26
603.197	27142.41
603.399	28154.11
603.601	28373.24
603.804	27218.19
604.006	27353.35
604.208	27351.31
604.41	27433.22
604.613	27701.51
604.815	27316.49
605.017	28418.3
605.219	27762.95
605.421	28018.94
605.623	27638.02
605.826	28291.32
606.028	28604.66
606.23	27472.14
606.432	27396.36
606.634	28131.58
606.836	28373.24
607.038	27330.83
607.24	27812.1
607.442	28365.05
607.644	28219.64
607.846	28080.38
608.048	27388.17
608.25	28379.39
608.452	28086.53
608.654	27961.6
608.856	26951.95
609.058	27861.25
609.26	28555.51
609.462	27519.24
609.664	27877.63
609.866	28098.81
610.067	28160.25
610.269	27539.72
610.471	27654.4
610.673	28172.54
610.875	28655.86
611.077	27709.7
611.278	27764.99
611.48	28502.26
611.682	28786.93
611.884	28281.08
612.085	27728.13
612.287	28193.02
612.489	28455.16
612.69	27834.63
612.892	28037.37
613.094	28948.72
613.295	28489.98
613.497	27500.81
613.699	28252.41
613.9	28741.88
614.102	28967.15
614.304	28152.06
614.505	27738.37
614.707	28700.92
614.908	28668.15
615.11	27707.65
615.311	28287.23
615.513	28573.94
615.714	28563.7
615.916	27916.54
616.117	28117.25
616.319	28694.77
616.52	28993.78
616.722	28049.66
616.923	27863.3
617.124	28989.68
617.326	28592.37
617.527	28422.39
617.729	28780.79
617.93	28838.13
618.131	29163.76
618.333	28125.44
618.534	28131.58
618.735	28743.92
618.937	28965.1
619.138	28209.4
619.339	28174.59
619.54	29151.47
619.742	28801.27
619.943	28483.83
620.144	28453.11
620.345	29354.22
620.546	28981.49
620.748	28903.67
620.949	28786.93
621.15	29243.63
621.351	29329.64
621.552	28438.78
621.753	28668.15
621.954	29116.65
622.155	29673.7
622.356	28739.83
622.558	29055.22
622.759	29663.46
622.96	29233.39
623.161	28272.89
623.362	27984.13
623.563	29053.17
623.764	28739.83
623.965	28301.56
624.166	29061.36
624.366	29008.11
624.567	29178.09
624.768	27898.11
624.969	28059.9
625.17	28696.82
625.371	28795.12
625.572	28340.47
625.773	28121.34
625.973	29092.08
626.174	29249.77
626.375	29169.9
626.576	28829.94
626.777	29368.55
626.977	29610.21
627.178	29042.93
627.379	28743.92
627.58	29257.96
627.78	29270.25
627.981	28682.48
628.182	29012.21
628.382	29511.91
628.583	28786.93
628.784	28518.65
628.984	28772.6
629.185	29251.82
629.386	29356.27
629.586	29008.11
629.787	28842.23
629.987	29456.62
630.188	29458.67
630.388	29147.37
630.589	29341.93
630.79	30525.66
630.99	29636.84
631.191	29061.36
631.391	29622.5
631.591	29530.34
631.792	29511.91
631.992	29565.16
632.193	29008.11
632.393	29876.45
632.594	29616.36
632.794	28948.72
632.994	29327.6
633.195	29415.66
633.395	29862.11
633.595	28874.99
633.796	29669.61
633.996	30075.1
634.196	30255.32
634.397	29020.4
634.597	29366.51
634.797	29366.51
634.997	29903.07
635.198	29790.44
635.398	29239.53
635.598	30163.17
635.798	29948.13
635.998	29794.53
636.199	29100.27
636.399	29724.9
636.599	29321.45
636.799	29139.18
636.999	29528.3
637.199	29751.52
637.399	30617.82
637.599	29380.84
637.799	29473
637.999	30232.8
638.199	30410.97
638.399	29743.33
638.599	29227.24
638.799	30517.46
638.999	30482.65
639.199	29884.64
639.399	29706.47
639.599	30066.91
639.799	29475.05
639.999	29423.85
640.199	29573.35
640.399	30284
640.599	29882.59
640.799	30118.11
640.998	30134.49
641.198	30386.39
641.398	29997.28
641.598	30071.01
641.798	29989.09
641.997	31629.51
642.197	29901.03
642.397	30030.05
642.597	29911.27
642.796	30646.49
642.996	30419.16
643.196	29984.99
643.395	29999.33
643.595	30927.06
643.795	30462.17
643.994	30255.32
644.194	30542.04
644.394	31111.38
644.593	31013.07
644.793	30386.39
644.992	30609.62
645.192	31097.04
645.392	30556.38
645.591	30896.34
645.791	30329.05
645.99	31191.25
646.19	30783.7
646.389	30359.77
646.589	30335.2
646.788	30925.01
646.987	30902.48
647.187	31115.47
647.386	30703.83
647.586	30939.35
647.785	31006.93
647.984	29997.28
648.184	30519.51
648.383	30462.17
648.582	30337.24
648.782	29898.98
648.981	30527.7
649.18	30245.09
649.38	30707.93
649.579	30349.53
649.778	30464.22
649.977	31584.46
650.177	31078.61
650.376	30660.82
650.575	30490.84
650.774	31412.43
650.973	30755.03
651.173	30394.59
651.372	31064.27
651.571	30927.06
651.77	31410.38
651.969	30775.51
652.168	30925.01
652.367	30986.45
652.566	30914.77
652.765	31187.15
652.964	31215.82
653.163	31615.18
653.362	31271.12
653.561	30425.31
653.76	30961.87
653.959	31224.01
654.158	31742.15
654.357	30738.65
654.556	30410.97
654.755	31330.51
654.954	31414.48
655.153	30662.87
655.352	31060.18
655.551	31152.34
655.749	31381.71
655.948	30832.85
656.147	30947.54
656.346	31424.72
656.545	31127.76
656.743	30640.34
656.942	30918.87
657.141	31318.22
657.34	31383.76
657.538	30486.75
657.737	31158.48
657.936	31412.43
658.135	31183.05
658.333	30847.19
658.532	31019.22
658.731	31785.16
658.929	31410.38
659.128	31338.7
659.326	31043.79
659.525	31668.42
659.724	31482.06
659.922	30640.34
660.121	30568.66
660.319	31451.34
660.518	31514.83
660.716	31518.92
660.915	31260.88
661.113	32483.51
661.312	31484.11
661.51	31502.54
661.709	31342.8
661.907	31596.74
662.105	31826.12
662.304	31230.16
662.502	31688.9
662.701	32035.01
662.899	31862.98
663.097	31860.93
663.296	31353.04
663.494	32030.91
663.692	32078.02
663.891	30976.21
664.089	31629.51
664.287	31969.47
664.485	32157.89
664.684	31611.08
664.882	31488.2
665.08	31365.32
665.278	31660.23
665.476	31170.77
665.675	31727.81
665.873	32114.88
666.071	32045.25
666.269	31158.48
666.467	31584.46
666.665	31922.37
666.863	31656.14
667.061	31508.68
667.259	31547.59
667.457	31613.13
667.655	32067.78
667.853	31039.7
668.051	31582.41
668.249	31174.86
668.447	32049.35
668.645	30564.57
668.843	31404.24
669.041	31938.76
669.239	31602.89
669.437	31443.15
669.635	31752.39
669.833	31815.88
670.031	31953.09
670.229	31361.23
670.426	31731.91
670.624	32045.25
670.822	31459.53
671.02	31207.63
671.218	31768.77
671.415	31242.45
671.613	31430.86
671.811	31373.52
672.009	31246.54
672.206	32186.56
672.404	31236.3
672.602	31498.44
672.799	31101.14
672.997	32100.54
673.195	31633.61
673.392	31049.94
673.59	30750.93
673.788	31975.62
673.985	31486.15
674.183	31629.51
674.38	31570.12
674.578	32063.68
674.775	31269.07
674.973	31017.17
675.17	30843.09
675.368	31394
675.565	31367.37
675.763	30953.68
675.96	30654.68
676.158	31561.93
676.355	31428.81
676.553	30914.77
676.75	30839
676.947	31191.25
677.145	31117.52
677.342	30912.72
677.539	31197.39
677.737	31140.05
677.934	31500.49
678.131	30959.83
678.329	30847.19
678.526	31719.62
678.723	31561.93
678.92	31387.85
679.118	30968.02
679.315	31006.93
679.512	31922.37
679.709	31467.72
679.906	30990.55
680.104	31680.71
680.301	31467.72
680.498	30810.32
680.695	31148.24
680.892	30957.78
681.089	31277.26
681.286	31035.6
681.483	30292.19
681.68	30775.51
681.877	31011.03
682.075	30757.08
682.272	31039.7
682.469	31305.93
682.665	31131.86
682.862	30863.57
683.059	30390.49
683.256	30935.25
683.453	30898.39
683.65	30267.61
683.847	30492.89
684.044	30787.8
684.241	30712.02
684.438	30789.84
684.635	30015.71
684.831	31553.74
685.028	31277.26
685.225	30279.9
685.422	31029.46
685.619	30871.76
685.815	30417.11
686.012	30613.72
686.209	30413.02
686.405	30765.27
686.602	30906.58
686.799	30081.25
686.996	30103.78
687.192	30331.1
687.389	31488.2
687.586	30064.86
687.782	30363.87
687.979	31238.35
688.175	30820.56
688.372	30349.53
688.568	30374.11
688.765	30550.23
688.962	30652.63
689.158	30040.29
689.355	29685.99
689.551	30329.05
689.748	30372.06
689.944	30111.97
690.14	30413.02
690.337	30478.55
690.533	30568.66
690.73	30087.39
690.926	30525.66
691.123	30052.58
691.319	30124.25
691.515	29821.16
691.712	30453.98
691.908	30259.42
692.104	30472.41
692.301	30337.24
692.497	29653.22
692.693	30392.54
692.889	30327
693.086	30249.18
693.282	29671.65
693.478	30535.9
693.674	30699.73
693.87	30343.39
694.067	30073.06
694.263	30511.32
694.459	30318.81
694.655	30572.76
694.851	30171.36
695.047	30470.36
695.243	30509.27
695.439	30025.95
695.635	29911.27
695.831	30062.82
696.027	30023.9
696.224	29729
696.42	30093.54
696.615	30644.44
696.811	30531.8
697.007	29696.23
697.203	29511.91
697.399	30191.84
697.595	30128.35
697.791	29618.41
697.987	29876.45
698.183	29812.96
698.379	29505.77
698.575	29419.75
698.77	29266.16
698.966	29710.57
699.162	29939.94
699.358	29204.72
699.554	29460.71
699.749	30265.56
699.945	30193.89
700.141	29616.36
700.337	29786.34
700.532	29544.68
700.728	29890.79
700.924	29384.94
701.119	28827.89
701.315	29432.04
701.511	29432.04
701.706	29505.77
701.902	29030.64
702.097	29755.62
702.293	29677.8
702.489	29024.5
702.684	28922.1
702.88	30054.62
703.075	29530.34
703.271	29395.18
703.466	28782.84
703.662	29421.8
703.857	29694.18
704.053	29350.12
704.248	29171.95
704.443	29741.28
704.639	29505.77
704.834	28946.67
705.03	29022.45
705.225	29669.61
705.42	29851.88
705.616	29137.13
705.811	29483.24
706.006	29243.63
706.202	29575.4
706.397	29249.77
706.592	29118.7
706.787	29683.94
706.983	29249.77
707.178	29794.53
707.373	29321.45
707.568	29423.85
707.763	29182.19
707.959	28854.51
708.154	28854.51
708.349	28840.18
708.544	29653.22
708.739	29143.28
708.934	28641.53
709.129	29028.59
709.324	29382.89
709.519	28631.29
709.714	28444.92
709.909	29581.54
710.104	29174
710.299	28184.83
710.494	28729.59
710.689	29059.31
710.884	28608.76
711.079	28229.88
711.274	28565.75
711.469	29145.33
711.664	29108.46
711.859	28412.15
712.054	28698.87
712.249	29098.22
712.443	29253.87
712.638	28403.96
712.833	28774.64
713.028	29200.62
713.223	28582.13
713.417	28924.15
713.612	28145.92
713.807	29077.74
714.002	29800.68
714.196	28864.75
714.391	27949.31
714.586	29026.54
714.78	29255.92
714.975	28363
715.17	28213.5
715.364	28979.44
715.559	29282.54
715.754	27867.39
715.948	27732.23
716.143	28936.43
716.337	28829.94
716.532	28457.21
716.726	28680.44
716.921	28766.45
717.115	29237.48
717.31	28217.6
717.504	29849.83
717.699	29190.38
717.893	28762.36
718.088	28369.15
718.282	28397.82
718.476	28686.58
718.671	28979.44
718.865	28547.32
719.059	28492.02
719.254	28408.06
719.448	29198.57
719.642	30638.3
719.837	27664.64
720.031	30443.74
720.225	28418.3
720.419	28252.41
720.614	27709.7
720.808	28469.5
721.002	28119.29
721.196	27826.43
721.39	27967.74
721.585	28236.03
721.779	28330.23
721.973	27658.5
722.167	27578.63
722.361	27826.43
722.555	28266.75
722.749	27482.38
722.943	27472.14
723.137	27642.12
723.331	28002.56
723.525	27683.08
723.719	27875.59
723.913	28377.34
724.107	28489.98
724.301	27640.07
724.495	27717.89
724.689	28641.53
724.883	27881.73
725.077	27373.83
725.271	27171.08
725.465	28145.92
725.659	27529.48
725.853	27351.31
726.046	27296.01
726.24	27451.66
726.434	27863.3
726.628	27181.32
726.822	27341.07
727.015	28059.9
727.209	28043.52
727.403	27500.81
727.596	27234.57
727.79	28086.53
727.984	28623.09
728.177	27990.27
728.371	28072.19
728.565	28158.2
728.758	27906.3
728.952	27562.25
729.146	27525.38
729.339	28721.4
729.533	28102.91
729.726	27511.05
729.92	27451.66
730.113	27943.17
730.307	28111.1
730.5	27654.4
730.694	27611.4
730.887	27535.62
731.081	28260.6
731.274	27369.74
731.468	27509
731.661	27865.35
731.854	27769.09
732.048	27230.48
732.241	27445.51
732.435	27509
732.628	27396.36
732.821	27044.11
733.014	27171.08
733.208	27506.95
733.401	28393.72
733.594	27496.71
733.788	27273.48
733.981	27830.53
734.174	27990.27
734.367	27314.44
734.56	27375.88
734.754	27848.96
734.947	28000.51
735.14	27099.41
735.333	27158.8
735.526	27822.34
735.719	27373.83
735.912	26861.84
736.105	27062.54
736.298	27795.71
736.491	27193.61
736.684	26913.04
736.877	26759.44
737.07	27599.11
737.263	28027.13
737.456	26745.11
737.649	26566.93
737.842	27238.67
738.035	27545.86
738.228	26714.39
738.421	27031.82
738.614	27586.82
738.807	27711.75
739	26337.56
739.192	26620.18
739.385	27185.42
739.578	27244.81
739.771	27105.55
739.964	26579.22
740.156	27711.75
740.349	26970.38
740.542	26921.23
740.735	26655
740.927	26833.17
741.12	27404.55
741.313	26708.24
741.505	27130.12
741.698	27461.9
741.891	27678.98
742.083	27070.73
742.276	27007.25
742.468	27771.14
742.661	27320.59
742.854	26560.79
743.046	26597.65
743.239	26929.42
743.431	27175.18
743.624	26231.07
743.816	25942.3
744.009	26769.68
744.201	26745.11
744.393	26392.86
744.586	25823.52
744.778	26743.06
744.971	26548.5
745.163	25934.11
745.355	26433.82
745.548	26743.06
745.74	26904.85
745.932	26673.43
746.125	26632.47
746.317	27117.84
746.509	27044.11
746.702	26794.26
746.894	26562.84
747.086	27046.16
747.278	27359.5
747.471	26695.96
747.663	26323.22
747.855	27175.18
748.047	27379.98
748.239	26747.15
748.431	26611.99
748.623	27820.29
748.815	27158.8
749.008	26521.88
749.2	26816.79
749.392	26945.81
749.584	27410.7
749.776	26730.77
749.968	26403.1
750.16	27320.59
750.352	26669.33
750.544	26401.05
750.736	26171.68
750.928	26913.04
751.12	26767.63
751.311	26063.13
751.503	26026.27
751.695	26124.57
751.887	26890.51
752.079	25979.17
752.271	25946.4
752.463	27091.21
752.654	26495.25
752.846	26050.85
753.038	26048.8
753.23	26470.68
753.421	26591.51
753.613	25817.38
753.805	26423.58
753.997	26542.36
754.188	26650.9
754.38	25860.38
754.572	25837.86
754.763	26579.22
754.955	26134.81
755.146	25975.07
755.338	25866.53
755.53	26454.29
755.721	26110.24
755.913	25506.09
756.104	25827.62
756.296	26153.24
756.487	26802.45
756.679	25467.17
756.87	25882.91
757.062	26587.41
757.253	26413.34
757.445	25737.51
757.636	25858.34
757.827	26216.73
758.019	27054.35
758.21	25364.78
758.401	25520.42
758.593	26566.93
758.784	26075.42
758.975	25215.27
759.167	25477.41
759.358	25706.79
759.549	26120.48
759.74	25354.54
759.932	25080.11
760.123	25426.21
760.314	25639.2
760.505	24969.52
760.696	24621.36
760.888	25438.5
761.079	25637.16
761.27	24789.3
761.461	24996.14
761.652	25588
761.843	25205.03
762.034	24977.71
762.225	25381.16
762.416	25487.65
762.607	25250.09
762.798	24314.17
762.989	25104.68
763.18	26317.08
763.371	25190.7
763.562	24584.5
763.753	24785.2
763.944	25215.27
764.135	25172.27
764.326	24942.89
764.517	24521.01
764.708	25266.47
764.899	24926.51
765.089	24238.39
765.28	24676.66
765.471	24963.37
765.662	25211.18
765.853	24721.71
766.043	24375.61
766.234	24895.79
766.425	25137.45
766.615	24688.95
766.806	24318.26
766.997	24756.53
767.187	25018.67
767.378	24101.18
767.569	23812.42
767.759	24150.33
767.95	24629.55
768.141	24553.78
768.331	24453.43
768.522	24736.05
768.712	24746.29
768.903	24074.56
769.093	24004.92
769.284	24353.08
769.474	24598.84
769.665	23566.66
769.855	23337.29
770.046	24426.81
770.236	23966.01
770.426	23535.94
770.617	23198.02
770.807	23843.13
770.998	24312.12
771.188	23583.04
771.378	23271.75
771.569	24181.05
771.759	24340.79
771.949	23112.01
772.139	23439.68
772.33	23630.15
772.52	23902.53
772.71	23007.56
772.9	22853.97
773.09	23722.3
773.281	24111.42
773.471	22944.08
773.661	23042.38
773.851	23777.6
774.041	24006.97
774.231	23015.76
774.421	23490.88
774.611	23841.09
774.802	23744.83
774.992	22853.97
775.182	22968.65
775.372	23779.65
775.562	23529.8
775.752	22993.23
775.942	22882.64
776.131	23763.26
776.321	23183.69
776.511	22618.45
776.701	22538.58
776.891	23750.98
777.081	23128.39
777.271	22790.48
777.461	23042.38
777.651	23767.36
777.84	23810.37
778.03	23079.24
778.22	22985.04
778.41	23486.79
778.599	23083.34
778.789	22604.11
778.979	22649.17
779.169	23306.57
779.358	23073.1
779.548	23122.25
779.738	22198.62
779.927	23054.67
780.117	22763.86
780.307	22167.9
780.496	21977.44
780.686	22847.82
780.875	23472.45
781.065	22215
781.254	22057.31
781.444	22694.22
781.633	22550.87
781.823	22255.96
782.012	22661.46
782.202	23003.47
782.391	22888.78
782.581	22272.34
782.77	22536.53
782.96	23040.33
783.149	22147.42
783.338	22012.25
783.528	21533.03
783.717	22692.18
783.906	22874.45
784.096	22024.54
784.285	21631.33
784.474	22122.84
784.663	22403.41
784.853	21965.15
785.042	21913.95
785.231	22217.05
785.42	22358.36
785.61	21829.98
785.799	21582.18
785.988	22458.71
786.177	21889.37
786.366	21451.11
786.555	21987.68
786.744	21805.41
786.933	22051.16
787.122	21160.3
787.312	21051.75
787.501	21637.47
787.69	22350.17
787.879	21350.76
788.068	21285.22
788.257	21381.48
788.445	21639.52
788.634	20978.03
788.823	21031.27
789.012	22069.59
789.201	21956.96
789.39	21053.8
789.579	21029.23
789.768	21688.67
789.957	21449.06
790.145	21242.21
790.334	20603.25
790.523	20896.11
790.712	21344.61
790.9	21033.32
791.089	20754.8
791.278	21631.33
791.467	21662.05
791.655	21766.49
791.844	21754.21
792.033	21463.4
792.221	21127.53
792.41	20717.93
792.599	20357.49
792.787	21666.14
792.976	21158.25
793.164	20732.27
793.353	20633.97
793.541	21412.2
793.73	21211.49
793.918	20689.26
794.107	20492.66
794.295	21168.49
794.484	20937.07
794.672	20236.66
794.861	20322.68
795.049	21127.53
795.238	21336.42
795.426	20064.63
795.614	20152.7
795.803	20947.31
795.991	21193.06
796.179	20124.02
796.368	20271.48
796.556	20896.11
796.744	20687.21
796.932	20248.95
797.121	20093.3
797.309	20658.54
797.497	21023.08
797.685	20154.74
797.874	20173.17
798.062	20414.84
798.25	20836.72
798.438	20134.26
798.626	20015.48
798.814	21164.39
799.002	21453.16
799.19	20337.01
799.378	20289.91
799.566	20668.78
799.755	20928.88
799.943	20154.74
800.131	19904.89
800.318	20996.46
800.506	20801.9
800.694	19896.7
800.882	20175.22
801.07	20971.88
801.258	20703.6
801.446	20427.12
801.634	20396.4
801.822	20707.69
802.01	20709.74
802.197	20031.86
802.385	20195.7
802.573	20963.69
802.761	20687.21
802.949	20142.46
803.136	19485.06
803.324	20879.72
803.512	20457.84
803.699	20334.96
803.887	19915.13
804.075	20711.79
804.262	20515.19
804.45	20156.79
804.638	20486.51
804.825	20568.43
805.013	20586.86
805.201	20310.39
805.388	19882.36
805.576	20599.15
805.763	21082.47
805.951	20433.27
806.138	20130.17
806.326	21313.89
806.513	21086.57
806.701	20232.57
806.888	20621.68
807.075	21227.88
807.263	21473.63
807.45	20306.29
807.638	20314.48
807.825	21117.29
808.012	21059.95
808.2	20418.93
808.387	21037.42
808.574	21090.66
808.761	21432.68
808.949	20146.55
809.136	20289.91
809.323	20527.47
809.51	20937.07
809.698	20652.4
809.885	20623.73
810.072	21240.17
810.259	21217.64
810.446	20427.12
810.633	20425.07
810.82	21004.65
811.008	21465.44
811.195	20937.07
811.382	20324.72
811.569	21338.47
811.756	20984.17
811.943	20707.69
812.13	20433.27
812.317	21143.91
812.504	20928.88
812.691	20439.41
812.878	20806
813.064	21530.98
813.251	20650.35
813.438	20451.7
813.625	20586.86
813.812	21098.86
813.999	20715.89
814.186	20334.96
814.372	20494.71
814.559	21074.28
814.746	20914.54
814.933	20199.8
815.12	20500.85
815.306	20638.06
815.493	20547.95
815.68	20509.04
815.866	20314.48
816.053	21156.2
816.24	21215.59
816.426	20261.24
816.613	20283.77
816.799	21047.66
816.986	21524.83
817.173	20463.99
817.359	20070.78
817.546	20857.2
817.732	20762.99
817.919	20339.06
818.105	20314.48
818.292	20740.46
818.478	21217.64
818.665	20902.25
818.851	20246.9
819.037	21404
819.224	20947.31
819.41	20130.17
819.597	20203.89
819.783	21561.7
819.969	21139.82
820.156	20492.66
820.342	20390.26
820.528	22499.67
820.714	20699.5
820.901	20660.59
821.087	20095.35
821.273	21043.56
821.459	20435.31
821.646	20042.1
821.832	19990.91
822.018	20627.82
822.204	20619.63
822.39	20113.78
822.576	19974.52
822.762	20623.73
822.948	20713.84
823.134	20117.88
823.32	19675.52
823.507	20093.3
823.693	20705.65
823.879	20697.45
824.065	19843.45
824.25	20523.38
824.436	20363.64
824.622	19669.37
824.808	19818.88
824.994	20275.57
825.18	20068.73
825.366	19208.58
825.552	19501.44
825.738	20267.38
825.923	20531.57
826.109	20126.07
826.295	19773.82
826.481	20337.01
826.667	20107.64
826.852	20158.84
827.038	19263.88
827.224	20767.09
827.409	20470.13
827.595	19669.37
827.781	19921.27
827.966	20701.55
828.152	20697.45
828.338	19634.56
828.523	19171.72
828.709	20173.17
828.894	20025.72
829.08	19659.13
829.266	19157.38
829.451	20044.15
829.637	19806.59
829.822	19421.57
830.008	19128.71
830.193	19919.23
830.378	19904.89
830.564	19372.42
830.749	18676.11
830.935	19521.92
831.12	19403.14
831.305	18723.21
831.491	18839.95
831.676	19147.14
831.861	19612.03
832.047	18524.56
832.232	18678.16
832.417	19257.73
832.602	19308.93
832.788	18385.3
832.973	18606.48
833.158	18905.48
833.343	19196.29
833.528	19024.26
833.714	18708.88
833.899	19026.31
834.084	19822.97
834.269	19001.74
834.454	18655.63
834.639	19196.29
834.824	19464.58
835.009	18819.47
835.194	18928.01
835.379	19702.14
835.564	19655.04
835.749	18936.2
835.934	18266.52
836.119	18964.87
836.304	19138.95
836.489	18346.39
836.674	18497.94
836.859	18719.12
837.044	19558.78
837.228	18405.78
837.413	18164.12
837.598	18928.01
837.783	18913.67
837.968	18338.19
838.152	18342.29
838.337	18223.51
838.522	19304.84
838.707	19042.7
838.891	18553.23
839.076	18798.99
839.261	18966.92
839.445	18389.39
839.63	18829.71
839.815	19270.02
839.999	18418.07
840.184	17953.18
840.368	18176.41
840.553	18616.72
840.737	18579.86
840.922	17934.74
841.106	17627.55
841.291	18239.89
841.475	18612.62
841.66	17963.42
841.844	17940.89
842.029	19222.92
842.213	18430.35
842.397	17818.01
842.582	17652.13
842.766	18467.22
842.951	18600.33
843.135	17541.53
843.319	17920.41
843.504	18231.7
843.688	19071.37
843.872	17156.52
844.056	17883.55
844.241	18162.07
844.425	18211.22
844.609	17799.58
844.793	17076.65
844.977	18094.49
845.161	18069.91
845.346	17211.81
845.53	17398.18
845.714	18078.1
845.898	18207.12
846.082	16986.54
846.266	17160.61
846.45	17578.4
846.634	17977.75
846.818	17265.06
847.002	17519.01
847.186	17762.72
847.37	17486.24
847.554	17025.45
847.738	17316.26
847.922	17594.78
848.106	18028.95
848.29	16761.26
848.473	17162.66
848.657	17838.49
848.841	17609.12
849.025	17086.89
849.209	16615.85
849.392	17861.02
849.576	17557.92
849.76	16697.77
849.944	17611.17
850.127	17961.37
850.311	17379.75
850.495	16861.61
850.678	16572.85
850.862	17639.84
851.046	17795.48
851.229	17131.94
851.413	16185.78
851.596	17453.47
851.78	17054.12
851.964	16972.2
852.147	16689.58
852.331	17625.5
852.514	17525.15
852.698	16622
852.881	16439.73
853.065	16890.28
853.248	16968.1
853.431	16513.45
853.615	16339.38
853.798	17883.55
853.982	17045.93
854.165	16476.59
854.348	16079.29
854.532	16464.3
854.715	16656.81
854.898	16464.3
855.081	16239.03
855.265	17453.47
855.448	17377.7
855.631	16130.48
855.814	16261.55
855.997	16726.44
856.181	16884.14
856.364	16251.31
856.547	16075.19
856.73	16636.33
856.913	16800.17
857.096	15737.27
857.279	16337.33
857.462	16525.74
857.645	16671.15
857.828	15819.19
858.011	16161.2
858.194	16304.56
858.377	16320.95
858.56	15647.16
858.743	15819.19
858.926	15919.54
859.109	15894.97
859.292	15493.57
859.475	15280.58
859.658	16222.64
859.841	16261.55
860.023	15485.37
860.206	15432.13
860.389	16253.36
860.572	16023.99
860.755	15524.29
860.937	15497.66
861.12	15706.55
861.303	16232.88
861.486	15399.36
861.668	15299.01
861.851	15722.94
862.034	16046.52
862.216	15225.28
862.399	15020.49
862.581	15905.21
862.764	15968.69
862.947	15122.88
863.129	14903.75
863.312	15223.23
863.494	15604.16
863.677	15485.37
863.859	14832.07
864.042	15741.37
864.224	15417.79
864.406	14961.09
864.589	14571.98
864.771	15362.5
864.954	15284.67
865.136	14666.19
865.318	14223.83
865.501	15675.84
865.683	14752.2
865.865	14621.13
866.048	14510.54
866.23	15280.58
866.412	15026.63
866.594	14240.21
866.777	14799.3
866.959	14766.54
867.141	14903.75
867.323	14803.4
867.505	14741.96
867.687	15055.3
867.869	14928.33
868.052	14395.85
868.234	14256.59
868.416	14881.22
868.598	15460.8
868.78	14213.59
868.962	14229.97
869.144	15202.75
869.326	14920.13
869.508	14393.81
869.69	14500.3
869.872	15051.2
870.054	15532.48
870.236	13912.53
870.417	14103
870.599	14674.38
870.781	15413.7
870.963	14463.44
871.145	14340.56
871.327	14752.2
871.508	15165.89
871.69	14418.38
871.872	14350.8
872.054	14940.61
872.235	14819.78
872.417	14619.08
872.599	14002.64
872.78	15462.85
872.962	14834.12
873.144	14049.75
873.325	14293.46
873.507	15034.82
873.689	14842.31
873.87	13953.49
874.052	14299.6
874.233	14690.76
874.415	15237.57
874.596	14455.25
874.778	13971.93
874.959	14619.08
875.141	15139.27
875.322	14307.79
875.503	14154.19
875.685	14555.6
875.866	14289.36
876.048	14240.21
876.229	14125.52
876.41	14850.5
876.592	15100.36
876.773	14426.57
876.954	14361.04
877.136	15325.63
877.317	14932.42
877.498	14299.6
877.679	14819.78
877.86	14803.4
878.042	14760.39
878.223	14191.06
878.404	15040.97
878.585	14645.71
878.766	15423.94
878.947	14707.15
879.128	14531.02
879.309	14750.15
879.49	14944.71
879.672	14598.6
879.853	14434.77
880.034	14844.36
880.215	15086.02
880.396	14537.16
880.576	14551.5
880.757	14920.13
880.938	15466.94
881.119	14168.53
881.3	14571.98
881.481	14825.93
881.662	15954.36
881.843	14260.69
882.023	14332.37
882.204	15471.04
882.385	14957
882.566	14590.41
882.747	14752.2
882.927	15223.23
883.108	15112.64
883.289	14866.89
883.469	14760.39
883.65	15071.68
883.831	15063.49
884.011	15012.29
884.192	14674.38
884.373	15397.31
884.553	15585.72
884.734	14813.64
884.914	15456.7
885.095	16597.42
885.275	15763.9
885.456	15059.4
885.636	14768.59
885.817	15393.22
885.997	15448.51
886.178	14739.91
886.358	14764.49
886.538	15415.74
886.719	17086.89
886.899	14813.64
887.08	15098.31
887.26	15436.22
887.44	15163.84
887.621	14961.09
887.801	14885.32
887.981	16075.19
888.161	15862.2
888.342	15102.4
888.522	15315.39
888.702	15856.06
888.882	16138.68
889.062	15280.58
889.242	14991.81
889.423	16126.39
889.603	15976.89
889.783	15501.76
889.963	15274.43
890.143	15997.37
890.323	16167.35
890.503	15186.37
890.683	15577.53
890.863	15841.72
891.043	15866.3
891.223	15509.95
891.403	15679.93
891.583	16023.99
891.763	15964.6
891.943	15272.39
892.122	15272.39
892.302	15612.35
892.482	15880.63
892.662	15352.26
892.842	15366.59
893.022	15751.61
893.201	15827.39
893.381	15083.97
893.561	15143.36
893.741	15841.72
893.92	15485.37
894.1	15176.13
894.28	15280.58
894.459	16009.65
894.639	15438.27
894.819	15104.45
894.998	14973.38
895.178	15583.68
895.357	15264.19
895.537	14801.35
895.716	14657.99
895.896	15323.58
896.075	15727.03
896.255	14918.09
896.434	14420.43
896.614	15966.65
896.793	15514.05
896.973	15172.04
897.152	14789.06
897.331	15321.54
897.511	15501.76
897.69	14381.52
897.87	15120.84
898.049	15307.2
898.228	15172.04
898.407	14696.91
898.587	14881.22
898.766	14803.4
898.945	15210.95
899.124	14686.67
899.304	14684.62
899.483	14928.33
899.662	15614.4
899.841	14330.32
900.02	14123.48
900.199	14932.42
900.378	14942.66
900.557	14113.24
900.737	14168.53
900.916	14598.6
901.095	14731.72
901.274	14203.35
901.453	13828.57
901.632	14047.7
901.811	14186.96
901.989	13691.35
902.168	13392.35
902.347	14541.26
902.526	14053.84
902.705	13863.38
902.884	13693.4
903.063	14502.35
903.242	14383.57
903.42	13220.32
903.599	13611.48
903.778	14031.32
903.957	14498.25
904.135	13451.74
904.314	13050.34
904.493	13617.63
904.672	13621.72
904.85	12980.71
905.029	13322.72
905.207	13621.72
905.386	14205.39
905.565	12720.62
905.743	12737
905.922	13421.02
906.1	13431.26
906.279	12511.72
906.457	12536.3
906.636	13189.6
906.814	13169.12
906.993	12427.76
907.171	12587.5
907.35	13228.51
907.528	13326.82
907.707	12564.97
907.885	12233.2
908.063	13119.97
908.242	12681.71
908.42	12202.48
908.598	11950.58
908.777	12888.55
908.955	12681.71
909.133	12335.6
909.311	11979.25
909.49	12573.16
909.668	12474.86
909.846	12556.78
910.024	12149.23
910.202	12526.06
910.38	13017.57
910.559	12216.82
910.737	12374.51
910.915	12878.31
911.093	12980.71
911.271	12462.57
911.449	12552.68
911.627	12960.23
911.805	13791.7
911.983	12546.54
912.161	12257.78
912.339	12853.73
912.517	13283.81
912.695	12710.38
912.872	12407.28
913.05	13230.56
913.228	12894.69
913.406	12489.2
913.584	12345.84
913.762	13210.08
913.939	12927.46
914.117	12413.42
914.295	12337.65
914.473	12808.68
914.65	13214.18
914.828	12247.54
915.006	12052.98
915.184	12728.81
915.361	12904.93
915.539	12530.16
915.716	12702.18
915.894	13109.73
916.072	13398.49
916.249	12716.52
916.427	12618.22
916.604	12954.08
916.782	13062.63
916.959	12532.2
917.137	12642.79
917.314	12794.34
917.492	12526.06
917.669	12356.08
917.847	12235.25
918.024	12679.66
918.201	12327.41
918.379	12136.95
918.556	12233.2
918.733	12923.37
918.911	12247.54
919.088	12431.85
919.265	11831.8
919.442	12382.7
919.62	12429.8
919.797	11995.64
919.974	11831.8
920.151	12378.61
920.328	12327.41
920.506	12061.17
920.683	12683.75
920.86	12110.32
921.037	12569.07
921.214	11713.02
921.391	11766.26
921.568	12481
921.745	12155.38
921.922	11790.84
922.099	11616.76
922.276	12225.01
922.453	12153.33
922.63	11770.36
922.807	12126.71
922.984	12409.33
923.161	12067.31
923.338	11893.24
923.514	11497.98
923.691	12349.93
923.868	12476.91
924.045	11444.73
924.222	11373.05
924.399	12085.75
924.575	11700.73
924.752	11532.79
924.929	11512.31
925.105	11807.22
925.282	11514.36
925.459	11274.75
925.635	11330.05
925.812	11602.43
925.989	11430.4
926.165	11180.54
926.342	11018.75
926.518	11450.88
926.695	11340.29
926.871	10721.8
927.048	10682.89
927.224	11661.82
927.401	11293.18
927.577	11112.96
927.754	10447.37
927.93	11446.78
928.107	11573.75
928.283	10686.98
928.459	10965.51
928.636	11307.52
928.812	11123.2
928.988	10580.49
929.165	10359.31
929.341	10824.2
929.517	11096.58
929.693	10910.21
929.87	10152.46
930.046	10988.03
930.222	10754.57
930.398	10113.55
930.574	10304.01
930.751	10818.05
930.927	10658.31
931.103	10254.86
931.279	10267.15
931.455	10590.73
931.631	10568.2
931.807	9710.1
931.983	9726.49
932.159	10043.92
932.335	9964.05
932.511	9722.39
932.687	9544.22
932.863	9808.4
933.039	9998.87
933.215	9263.65
933.391	8940.07
933.566	9368.09
933.742	9450.01
933.918	9054.75
934.094	8774.18
934.27	9447.96
934.445	9265.69
934.621	9191.97
934.797	8809
934.973	9226.78
935.148	8964.64
935.324	8360.49
935.5	8239.66
935.675	9062.94
935.851	8821.28
936.027	8469.03
936.202	8194.61
936.378	8710.69
936.553	8327.72
936.729	8796.71
936.904	7699
937.08	7887.41
937.255	7752.24
937.431	7545.4
937.606	7137.85
937.782	7402.04
937.957	7787.06
938.133	7162.43
938.308	6924.86
938.483	7213.63
938.659	6988.35
938.834	6795.84
939.009	6318.67
939.185	7031.36
939.36	6490.7
939.535	5778
939.71	6421.06
939.886	6849.09
940.061	6629.96
940.236	6455.88
940.411	6165.07
940.586	6517.32
940.761	6365.77
940.937	5884.5
941.112	5675.6
941.287	5960.27
941.462	6052.43
941.637	5374.55
941.812	5710.42
941.987	5808.72
942.162	6001.23
942.337	5489.24
942.512	5640.79
942.687	6203.98
942.862	5685.84
943.037	5159.52
943.212	4917.86
943.386	5509.72
943.561	5737.04
943.736	5487.19
943.911	6160.97
944.086	6101.58
944.26	5778
944.435	5380.7
944.61	5753.43
944.785	5882.45
944.959	6320.71
945.134	5214.81
945.309	5010.01
945.483	5354.07
945.658	5845.59
945.833	4979.29
946.007	5124.7
946.182	5923.41
946.357	5321.31
946.531	5130.84
946.706	5005.92
946.88	5292.63
947.055	5788.24
947.229	5276.25
947.404	5143.13
947.578	5753.43
947.752	5804.63
947.927	5229.15
948.101	5225.05
948.276	6496.84
948.45	5966.42
948.624	5864.02
948.799	5505.62
948.973	5888.59
949.147	5794.39
949.321	5671.51
949.496	5741.14
949.67	6316.62
949.844	5960.27
950.018	5610.07
950.193	5681.75
950.367	6625.86
950.541	5939.79
950.715	5519.96
950.889	5935.7
951.063	6019.66
951.237	6144.59
951.411	5528.15
951.585	5640.79
951.759	6212.17
951.933	6193.74
952.107	5700.18
952.281	5894.74
952.455	6613.57
952.629	6228.56
952.803	5814.87
952.977	5921.36
953.151	6285.9
953.325	6279.75
953.499	6105.68
953.672	5503.57
953.846	6167.12
954.02	6244.94
954.194	5935.7
954.368	5821.01
954.541	6718.02
954.715	6353.48
954.889	6054.48
955.062	5864.02
955.236	6210.12
955.41	6310.47
955.583	6324.81
955.757	5947.98
955.93	6525.51
956.104	6275.66
956.278	5931.6
956.451	6179.4
956.625	6593.09
956.798	6806.08
956.972	6488.65
957.145	5984.85
957.319	6779.46
957.492	6511.18
957.665	6468.17
957.839	5995.09
958.012	6648.39
958.185	6527.56
958.359	5997.14
958.532	6310.47
958.705	6384.2
958.879	6228.56
959.052	6130.25
959.225	5907.02
959.398	6521.42
959.572	6685.25
959.745	6140.49
959.918	6402.63
960.091	6548.04
960.264	6853.19
960.438	6187.6
960.611	6009.42
960.784	6945.34
960.957	6384.2
961.13	6742.6
961.303	6036.05
961.476	6341.19
961.649	6771.27
961.822	6056.53
961.995	6158.92
962.168	6462.02
962.341	6789.7
962.514	6027.85
962.686	6171.21
962.859	6384.2
963.032	6765.12
963.205	6285.9
963.378	5753.43
963.551	6427.21
963.723	6355.53
963.896	6160.97
964.069	6220.36
964.242	6505.03
964.414	7248.44
964.587	6238.8
964.76	6214.22
964.932	6668.87
965.105	6443.59
965.278	6181.45
965.45	6031.95
965.623	6773.32
965.795	6738.5
965.968	6148.68
966.14	5904.98
966.313	6640.2
966.485	6392.39
966.658	5993.04
966.83	5937.74
967.003	6513.22
967.175	6480.46
967.348	5872.21
967.52	5927.5
967.692	6644.29
967.865	6605.38
968.037	5952.08
968.209	6349.39
968.382	6273.61
968.554	6316.62
968.726	6031.95
968.898	5816.91
969.071	6732.36
969.243	6320.71
969.415	5851.73
969.587	5943.89
969.759	6552.13
969.932	6093.39
970.104	5870.16
970.276	5567.06
970.448	5954.13
970.62	6238.8
970.792	6079.05
970.964	6052.43
971.136	6593.09
971.308	6124.11
971.48	5530.2
971.652	5702.23
971.824	6603.33
971.996	6046.29
972.168	5661.27
972.339	5917.26
972.511	6216.27
972.683	6453.83
972.855	6040.14
973.027	5593.69
973.199	6429.26
973.37	6345.29
973.542	5761.62
973.714	5876.3
973.886	5866.07
974.057	6195.79
974.229	5554.77
974.401	5653.08
974.572	5880.4
974.744	5778
974.915	5444.18
975.087	5479
975.259	6310.47
975.43	5724.76
975.602	5440.09
975.773	5349.98
975.945	5689.94
976.116	5950.03
976.288	5413.46
976.459	5761.62
976.63	5622.36
976.802	5720.66
976.973	5270.11
977.145	5671.51
977.316	6232.65
977.487	6492.74
977.659	5593.69
977.83	5356.12
978.001	5990.99
978.172	5769.81
978.344	5331.55
978.515	5395.03
978.686	5651.03
978.857	6034
979.028	5237.34
979.2	5225.05
979.371	6277.71
979.542	5515.86
979.713	5401.18
979.884	4872.8
980.055	5618.26
980.226	5679.7
980.397	5012.06
980.568	4938.34
980.739	5933.65
980.91	5474.9
981.081	5526.1
981.252	5196.38
981.423	5505.62
981.594	5556.82
981.765	5014.11
981.936	5216.86
982.106	5401.18
982.277	5720.66
982.448	4829.79
982.619	5130.84
982.79	4903.52
982.96	5325.4
983.131	4805.22
983.302	4504.17
983.472	5202.52
983.643	5311.07
983.814	4811.36
983.984	4663.91
984.155	5161.56
984.326	5116.51
984.496	4756.07
984.667	4528.74
984.837	4770.4
985.008	5345.88
985.178	4956.77
985.349	4532.84
985.519	4723.3
985.69	4678.24
985.86	4487.78
986.031	4596.32
986.201	5007.97
986.371	5048.93
986.542	4465.25
986.712	4457.06
986.882	4985.44
987.053	4751.97
987.223	4457.06
987.393	4866.66
987.563	4799.07
987.734	5061.21
987.904	5104.22
988.074	4405.86
988.244	4672.1
988.414	4825.7
988.585	4409.96
988.755	4549.22
988.925	4762.21
989.095	5184.09
989.265	4268.65
989.435	4360.81
989.605	4964.96
989.775	5163.61
989.945	4842.08
990.115	4180.59
990.285	4625
990.455	4852.32
990.625	4555.37
990.795	4199.02
990.965	5046.88
991.134	4516.45
991.304	4176.49
991.474	3920.49
991.644	4625
991.814	4899.42
991.984	3770.99
992.153	4078.19
992.323	4379.24
992.493	4647.52
992.662	3861.1
992.832	4045.42
993.002	4336.23
993.171	4473.45
993.341	3734.13
993.511	4002.41
993.68	4346.47
993.85	4450.92
994.019	3609.2
994.189	3658.35
994.358	4303.46
994.528	4272.75
994.697	3527.28
994.867	3590.77
995.036	4455.01
995.206	4059.76
995.375	3447.41
995.544	3979.89
995.714	4672.1
995.883	4162.16
996.052	3986.03
996.222	3279.48
996.391	4498.02
996.56	4131.44
996.73	3574.39
996.899	3373.69
997.068	4280.94
997.237	4244.07
997.406	3529.33
997.576	3369.59
997.745	4438.63
997.914	3926.64
998.083	3254.9
998.252	3269.24
998.421	3934.83
998.59	3695.22
998.759	3222.14
998.928	3021.44
999.097	3981.93
999.266	4004.46
999.435	3699.31
999.604	2966.14
999.773	4024.94
999.942	3598.96
1000.111	2919.04
1000.28	2970.24
1000.448	3603.06
1000.617	3566.2
1000.786	3349.11
1000.955	3062.4
1001.124	4012.65
1001.292	4315.75
1001.461	3011.2
1001.63	2945.66
1001.798	3834.48
1001.967	3701.36
1002.136	2970.24
1002.304	2919.04
1002.473	3877.49
1002.642	3644.02
1002.81	3031.68
1002.979	3046.01
1003.147	3766.9
1003.316	3807.86
1003.484	3048.06
1003.653	2912.89
1003.821	3476.09
1003.99	3283.58
1004.158	3115.64
1004.327	3070.59
1004.495	3525.24
1004.663	3447.41
1004.832	3019.39
1005	2648.71
1005.168	3412.6
1005.337	3299.96
1005.505	2554.5
1005.673	3166.84
1005.842	3523.19
1006.01	3170.94
1006.178	2701.95
1006.346	2652.8
1006.514	3197.56
1006.683	3660.4
1006.851	2652.8
1007.019	2857.6
1007.187	3105.4
1007.355	2790.02
1007.523	2429.57
1007.691	2445.96
1007.859	2902.65
1008.027	3727.99
1008.195	2572.93
1008.363	2359.94
1008.531	3021.44
1008.699	3107.45
1008.867	2271.88
1009.035	2445.96
1009.203	3308.15
1009.37	3203.71
1009.538	2431.62
1009.706	3312.25
1009.874	2927.23
1010.042	3050.11
1010.209	2157.19
1010.377	2198.15
1010.545	2943.61
1010.713	2869.89
1010.88	2196.11
1011.048	2364.04
1011.216	2787.97
1011.383	3195.51
1011.551	2312.84
1011.718	2183.82
1011.886	2865.79
1012.054	2980.48
1012.221	1981.07
1012.389	2140.81
1012.556	2796.16
1012.724	3203.71
1012.891	2517.64
1013.058	1839.76
1013.226	2777.73
1013.393	2767.49
1013.561	1917.58
1013.728	1956.49
1013.895	2931.33
1014.063	2671.23
1014.23	1948.3
1014.397	2075.27
1014.565	2921.09
1014.732	2583.17
1014.899	1792.66
1015.066	1901.2
1015.233	2775.68
1015.401	2701.95
1015.568	2022.03
1015.735	2222.73
1015.902	2794.11
1016.069	2802.3
1016.236	1950.35
1016.403	1661.59
1016.57	2230.92
1016.737	2992.76
1016.904	1806.99
1017.071	1663.63
1017.238	2144.91
1017.405	2421.38
1017.572	1893.01
1017.739	2126.47
1017.906	2894.46
1018.073	2812.54
1018.24	1653.39
1018.407	1847.95
1018.573	2427.53
1018.74	2425.48
1018.907	1870.48
1019.074	1495.7
1019.241	2505.35
1019.407	2288.26
1019.574	1647.25
1019.741	1493.65
1019.907	2583.17
1020.074	2640.51
1020.241	1514.13
1020.407	1399.45
1020.574	2136.71
1020.74	2149
1020.907	1561.23
1021.073	1516.18
1021.24	2714.24
1021.406	2282.12
1021.573	1473.17
1021.739	1583.76
1021.906	2491.01
1022.072	2128.52
1022.239	1538.71
1022.405	1616.53
1022.571	2114.19
1022.738	2060.94
1022.904	1503.89
1023.07	1675.92
1023.237	2263.69
1023.403	2327.18
1023.569	1471.12
1023.735	1555.09
1023.902	2132.62
1024.068	2142.86
1024.234	1196.7
1024.4	1360.53
1024.566	1800.85
1024.732	2001.55
1024.898	1452.69
1025.065	1118.87
1025.231	2009.74
1025.397	1845.9
1025.563	1491.6
1025.729	1129.11
1025.895	1534.61
1026.061	1657.49
1026.227	1090.2
1026.392	1319.57
1026.558	1960.59
1026.724	2110.09
1026.89	1178.26
1027.056	1403.54
1027.222	1751.7
1027.388	1804.94
1027.553	1194.65
1027.719	1260.18
1027.885	2232.97
1028.051	1833.61
1028.216	932.51
1028.382	1198.74
1028.548	1776.27
1028.713	1741.46
1028.879	961.18
1029.045	1391.25
1029.21	2222.73
1029.376	1874.57
1029.541	1213.08
1029.707	1110.68
1029.873	1905.29
1030.038	1956.49
1030.204	1118.87
1030.369	1094.3
1030.534	1733.26
1030.7	1522.32
1030.865	1125.02
1031.031	936.6
1031.196	1594
1031.361	1665.68
1031.527	1022.62
1031.692	934.56
1031.857	1356.44
1032.023	1733.26
1032.188	920.22
1032.353	1036.95
1032.518	1823.37
1032.684	1526.42
1032.849	709.28
1033.014	1161.88
1033.179	1600.15
1033.344	1708.69
1033.509	1129.11
1033.674	979.61
1033.839	1690.26
1034.004	1616.53
1034.17	1020.57
1034.335	854.69
1034.5	1366.68
1034.664	1403.54
1034.829	830.11
1034.994	1104.54
1035.159	1215.13
1035.324	1651.35
1035.489	926.36
1035.654	799.39
1035.819	2224.78
1035.984	1555.09
1036.148	1010.33
1036.313	889.5
1036.478	1731.22
1036.643	1354.39
1036.807	897.69
1036.972	789.15
1037.137	2058.89
1037.301	1340.05
1037.466	649.89
1037.631	977.56
1037.795	1563.28
1037.96	1415.83
1038.124	1231.51
1038.289	619.17
1038.454	1358.49
1038.618	1550.99
1038.783	789.15
1038.947	805.53
1039.111	1211.03
1039.276	1383.06
1039.44	670.37
1039.605	1467.03
1039.769	1284.76
1039.933	1270.42
1040.098	791.2
1040.262	1108.63
1040.426	1401.49
1040.591	1342.1
1040.755	670.37
1040.919	772.77
1041.083	1550.99
1041.248	1153.69
1041.412	432.8
1041.576	635.55
1041.74	1206.94
1041.904	1237.66
1042.068	621.22
1042.232	742.05
1042.397	1688.21
1042.561	1247.9
1042.725	373.41
1042.889	649.89
1043.053	1313.43
1043.217	1082.01
1043.381	742.05
1043.544	416.42
1043.708	1247.9
1043.872	1051.29
1044.036	316.07
1044.2	496.29
1044.364	1411.73
1044.528	1442.45
1044.691	5677.65
1044.855	529.06
1045.019	1329.81
1045.183	1321.62
1045.346	694.94
1045.51	424.61
1045.674	1258.14
1045.837	1290.9
1046.001	565.92
1046.165	535.2
1046.328	1733.26
1046.492	1118.87
1046.655	836.25
1046.819	690.85
1046.983	1092.25
1047.146	1014.43
1047.31	666.27
1047.473	236.2
1047.636	998.04
1047.8	848.54
1047.963	578.21
1048.127	436.9
1048.29	873.12
