345.52	-1305.75
345.736	-1305.75
345.952	-1305.75
346.168	-1295.51
346.384	-1334.42
346.6	-167.08
346.816	-269.48
347.032	-167.08
347.248	496.46
347.464	-281.77
347.68	-249
347.896	-60.59
348.112	371.54
348.328	-85.16
348.544	-46.25
348.76	150.36
348.975	308.05
349.191	-396.45
349.407	-324.77
349.623	258.9
349.839	129.88
350.055	-146.6
350.27	43.86
350.486	207.7
350.702	365.39
350.918	441.17
351.133	-154.79
351.349	152.4
351.565	410.45
351.781	-298.15
351.996	54.1
352.212	183.12
352.428	197.46
352.644	-265.38
352.859	-271.53
353.075	295.76
353.291	160.59
353.506	-199.85
353.722	-345.25
353.938	4.95
354.153	514.89
354.369	297.81
354.584	-310.44
354.8	240.47
355.016	-13.48
355.231	-316.58
355.447	-46.25
355.662	392.02
355.878	779.08
356.093	-517.28
356.309	-23.72
356.524	-23.72
356.74	506.7
356.955	-433.32
357.171	-79.02
357.386	248.66
357.602	-56.49
357.817	-130.22
358.033	-193.7
358.248	408.4
358.464	373.58
358.679	-199.85
358.895	-412.84
359.11	193.36
359.325	258.9
359.541	574.28
359.756	-25.77
359.972	-42.15
360.187	602.96
360.402	-347.3
360.618	-265.38
360.833	1719.1
361.048	254.8
361.264	-193.7
361.479	68.44
361.694	217.94
361.909	222.03
362.125	-310.44
362.34	-48.3
362.555	387.92
362.77	273.23
362.986	-416.93
363.201	-261.29
363.416	295.76
363.631	129.88
363.847	-236.71
364.062	-230.57
364.277	230.23
364.492	58.2
364.707	-195.75
364.922	-414.88
365.138	394.06
365.353	459.6
365.568	-351.4
365.783	-160.94
365.998	559.95
366.213	658.25
366.428	-339.11
366.643	232.27
366.858	324.43
367.073	424.78
367.288	-109.74
367.503	-271.53
367.718	174.93
367.933	580.43
368.148	-296.1
368.363	-21.67
368.578	332.62
368.793	584.52
369.008	-101.55
369.223	-359.59
369.438	373.58
369.653	387.92
369.868	-427.17
370.083	-322.73
370.298	242.51
370.513	609.1
370.728	168.79
370.943	-246.95
371.157	90.96
371.372	797.51
371.587	-310.44
371.802	-292.01
372.017	226.13
372.232	578.38
372.446	15.19
372.661	-224.42
372.876	279.38
373.091	447.31
373.306	-93.35
373.52	-394.4
373.735	205.65
373.95	678.73
374.165	-222.38
374.379	-105.64
374.594	74.58
374.809	510.8
375.023	138.07
375.238	-199.85
375.453	422.73
375.667	37.72
375.882	-261.29
376.097	-251.05
376.311	99.16
376.526	316.24
376.741	-294.05
376.955	308.05
377.17	516.94
377.384	1092.42
377.599	62.29
377.813	-433.32
378.028	934.73
378.242	420.69
378.457	-167.08
378.672	-308.39
378.886	217.94
379.101	219.99
379.315	-437.41
379.53	-46.25
379.744	459.6
379.958	394.06
380.173	-162.98
380.387	-222.38
380.602	478.03
380.816	103.25
381.031	-138.41
381.245	-146.6
381.459	365.39
381.674	3386.15
381.888	-416.93
382.103	277.33
382.317	162.64
382.531	461.65
382.746	11.09
382.96	-162.98
383.174	174.93
383.388	797.51
383.603	340.82
383.817	-320.68
384.031	160.59
384.246	537.42
384.46	-1.19
384.674	852.81
384.888	148.31
385.103	424.78
385.317	-320.68
385.531	162.64
385.745	957.25
385.959	498.51
386.174	-138.41
386.388	-224.42
386.602	285.52
386.816	179.03
387.03	45.91
387.244	-13.48
387.458	394.06
387.672	512.85
387.887	-353.45
388.101	-212.14
388.315	469.84
388.529	320.34
388.743	-179.37
388.957	-105.64
389.171	629.58
389.385	179.03
389.599	-214.18
389.813	66.39
390.027	254.8
390.241	959.3
390.455	-62.63
390.669	113.49
390.883	213.84
391.097	688.97
391.311	328.53
391.525	-105.64
391.738	605
391.952	594.76
392.166	189.27
392.38	-226.47
392.594	539.47
392.808	443.21
393.022	72.53
393.236	-40.11
393.449	414.54
393.663	695.11
393.877	-128.17
394.091	54.1
394.305	146.26
394.518	189.27
394.732	-203.94
394.946	-48.3
395.16	938.82
395.373	447.31
395.587	-220.33
395.801	0.85
396.015	574.28
396.228	428.88
396.442	-185.51
396.656	-261.29
396.869	547.66
397.083	928.58
397.297	54.1
397.51	50
397.724	484.17
397.938	424.78
398.151	-289.96
398.365	-142.5
398.578	574.28
398.792	766.79
399.005	299.86
399.219	-128.17
399.433	449.36
399.646	602.96
399.86	342.86
400.073	400.21
400.287	525.13
400.5	430.93
400.714	246.61
400.927	152.4
401.141	836.42
401.354	2093.88
401.567	676.68
401.781	-113.83
401.994	549.71
402.208	904.01
402.421	90.96
402.635	64.34
402.848	279.38
403.061	596.81
403.275	111.44
403.488	-74.92
403.701	731.98
403.915	856.9
404.128	318.29
404.341	15.19
404.555	895.82
404.768	197.46
404.981	377.68
405.195	58.2
405.408	697.16
405.621	666.44
405.834	389.97
406.048	-5.29
406.261	770.89
406.474	783.18
406.687	64.34
406.9	340.82
407.114	656.2
407.327	854.86
407.54	-38.06
407.753	-124.07
407.966	314.19
408.179	564.04
408.392	50
408.605	-113.83
408.819	688.97
409.032	688.97
409.245	150.36
409.458	410.45
409.671	611.15
409.884	744.27
410.097	-64.68
410.31	326.48
410.523	975.69
410.736	451.41
410.949	211.79
411.162	142.16
411.375	797.51
411.588	678.73
411.801	410.45
412.014	99.16
412.227	467.79
412.44	600.91
412.653	189.27
412.865	467.79
413.078	803.66
413.291	764.75
413.504	355.15
413.717	52.05
413.93	854.86
414.143	430.93
414.356	275.28
414.568	-36.01
414.781	801.61
414.994	783.18
415.207	332.62
415.42	340.82
415.632	723.79
415.845	1196.87
416.058	-60.59
416.271	60.24
416.483	748.36
416.696	914.25
416.909	107.35
417.121	140.12
417.334	553.8
417.547	881.48
417.759	201.55
417.972	254.8
418.185	562
418.397	836.42
418.61	303.95
418.823	203.6
419.035	973.64
419.248	740.17
419.46	303.95
419.673	412.5
419.885	598.86
420.098	731.98
420.311	310.1
420.523	-40.11
420.736	975.69
420.948	789.32
421.161	316.24
421.373	150.36
421.586	564.04
421.798	480.08
422.01	-33.96
422.223	480.08
422.435	482.13
422.648	979.78
422.86	256.85
423.073	301.9
423.285	805.71
423.497	457.55
423.71	246.61
423.922	287.57
424.134	1061.7
424.347	1200.96
424.559	660.3
424.771	809.8
424.984	885.58
425.196	861
425.408	138.07
425.621	211.79
425.833	1041.22
426.045	1229.63
426.257	181.07
426.47	506.7
426.682	781.13
426.894	750.41
427.106	408.4
427.318	514.89
427.531	822.09
427.743	934.73
427.955	664.4
428.167	1198.92
428.379	674.64
428.591	717.64
428.804	609.1
429.016	367.44
429.228	957.25
429.44	1104.71
429.652	14211.71
429.864	346.96
430.076	957.25
430.288	891.72
430.5	713.55
430.712	725.83
430.924	1004.36
431.136	1110.85
431.348	377.68
431.56	496.46
431.772	740.17
431.984	834.38
432.196	367.44
432.408	594.76
432.62	918.34
432.832	1119.04
433.044	985.93
433.256	709.45
433.468	1217.35
433.679	744.27
433.891	291.66
434.103	895.82
434.315	1510.21
434.527	1119.04
434.739	807.75
434.95	701.26
435.162	1006.41
435.374	693.07
435.586	871.24
435.798	598.86
436.009	910.15
436.221	1065.8
436.433	750.41
436.645	693.07
436.856	987.97
437.068	1432.38
437.28	570.19
437.491	987.97
437.703	1270.59
437.915	1211.2
438.126	693.07
438.338	1250.11
438.55	994.12
438.761	1131.33
438.973	832.33
439.184	772.94
439.396	1094.47
439.608	1137.48
439.819	635.72
440.031	930.63
440.242	1381.18
440.454	1366.85
440.665	811.85
440.877	985.93
441.088	1522.49
441.3	1274.69
441.511	701.26
441.723	711.5
441.934	1635.13
442.146	1405.76
442.357	920.39
442.569	1409.86
442.78	1547.07
442.991	1880.89
443.203	1454.91
443.414	791.37
443.626	1786.68
443.837	1272.64
444.048	856.9
444.26	545.61
444.471	1442.62
444.682	1456.96
444.894	820.04
445.105	648.01
445.316	1770.3
445.528	1514.3
445.739	1215.3
445.95	1030.98
446.161	1450.82
446.373	1416
446.584	996.17
446.795	852.81
447.006	1772.35
447.217	1702.72
447.429	820.04
447.64	826.18
447.851	2284.34
448.062	1688.38
448.273	777.03
448.484	1006.41
448.695	1557.31
448.907	1536.83
449.118	1129.28
449.329	1342.27
449.54	1291.07
449.751	1401.66
449.962	1117
450.173	899.91
450.384	1557.31
450.595	1997.62
450.806	1030.98
451.017	1112.9
451.228	1839.93
451.439	1602.36
451.65	1282.88
451.861	738.12
452.072	1463.1
452.283	1553.21
452.494	1356.61
452.705	1172.29
452.915	2245.43
453.126	1733.43
453.337	1397.57
453.548	1145.67
453.759	2077.49
453.97	1964.86
454.181	1809.21
454.391	1225.54
454.602	1858.36
454.813	2097.97
455.024	1413.95
455.235	1323.84
455.445	2130.74
455.656	1729.34
455.867	1620.8
456.078	1387.33
456.288	1575.74
456.499	2136.88
456.71	1348.42
456.921	1782.59
457.131	1897.27
457.342	1721.15
457.553	1545.02
457.763	1514.3
457.974	1794.87
458.184	1999.67
458.395	1389.38
458.606	1252.16
458.816	2353.97
459.027	2304.82
459.237	1798.97
459.448	1504.06
459.659	2243.38
459.869	2990.89
460.08	1258.31
460.29	1798.97
460.501	2358.07
460.711	2290.48
460.922	1360.7
461.132	1686.33
461.343	3001.13
461.553	2063.16
461.764	1489.73
461.974	1749.82
462.184	2276.15
462.395	2544.43
462.605	1870.65
462.816	1628.99
463.026	2386.74
463.236	2482.99
463.447	1672
463.657	1776.44
463.867	2517.81
464.078	2302.77
464.288	1876.79
464.498	1897.27
464.709	2536.24
464.919	2667.31
465.129	2102.07
465.339	1846.07
465.55	2646.83
465.76	2779.95
465.97	2106.17
466.18	2003.77
466.391	2794.28
466.601	2759.47
466.811	2210.61
467.021	1868.6
467.231	2935.59
467.441	2939.69
467.651	2292.53
467.862	2005.81
468.072	2800.43
468.282	2784.04
468.492	2179.89
468.702	2562.86
468.912	3009.32
469.122	3654.43
469.332	2814.76
469.542	2382.64
469.752	3406.63
469.962	3097.38
470.172	2454.32
470.382	2454.32
470.592	3451.68
470.802	3289.89
471.012	2886.44
471.222	2685.74
471.432	3236.64
471.642	3306.27
471.852	3105.57
472.062	2728.75
472.272	3435.3
472.482	3375.91
472.691	2863.91
472.901	2710.32
473.111	3285.8
473.321	4014.87
473.531	2999.08
473.741	3289.89
473.95	3773.21
474.16	3793.69
474.37	3328.8
474.58	3068.71
474.79	4375.31
474.999	3754.78
475.209	3277.6
475.419	3412.77
475.628	4021.02
475.838	4422.42
476.048	3617.57
476.258	3328.8
476.467	4442.9
476.677	4023.06
476.886	4066.07
477.096	3912.47
477.306	4260.63
477.515	4442.9
477.725	3941.15
477.935	4121.37
478.144	4856.59
478.354	4414.23
478.563	4074.26
478.773	3894.04
478.982	4774.67
479.192	4705.04
479.401	4334.36
479.611	4227.86
479.82	4432.66
480.03	4924.17
480.239	4272.92
480.449	4141.85
480.658	5112.58
480.868	5102.34
481.077	4786.96
481.287	4537.1
481.496	4987.66
481.705	5393.16
481.915	5149.45
482.124	5145.35
482.333	5362.44
482.543	5735.17
482.752	5165.83
482.961	4774.67
483.171	5516.03
483.38	5456.64
483.589	5100.3
483.799	4846.35
484.008	5468.93
484.217	5442.31
484.426	5284.61
484.636	5182.21
484.845	5866.24
485.054	5409.54
485.263	5935.87
485.472	5522.18
485.682	6126.33
485.891	5960.44
486.1	5198.6
486.309	5610.24
486.518	6226.68
486.727	6961.9
486.936	5407.49
487.146	5976.83
487.355	6707.95
487.564	6222.58
487.773	5915.39
487.982	5907.2
488.191	6490.87
488.4	6722.29
488.609	5905.15
488.818	6132.47
489.027	6890.22
489.236	7226.09
489.445	6179.58
489.654	6046.46
489.863	7097.07
490.072	6787.82
490.281	7156.46
490.49	6646.51
490.698	7244.52
490.907	7934.68
491.116	6654.7
491.325	6503.15
491.534	7471.84
491.743	7265
491.952	6875.88
492.16	7009
492.369	7377.64
492.578	7824.09
492.787	7052.01
492.996	6875.88
493.204	7420.64
493.413	7830.24
493.622	6908.65
493.831	6851.31
494.039	8051.42
494.248	7408.36
494.457	7119.59
494.665	6953.71
494.874	7963.36
495.083	8438.48
495.291	7432.93
495.5	7224.04
495.709	8139.48
495.917	8221.4
496.126	7766.75
496.335	7477.99
496.543	8018.65
496.752	8250.07
496.96	8159.96
497.169	7439.08
497.377	8000.22
497.586	8563.41
497.794	7926.49
498.003	7660.26
498.211	8454.87
498.42	8848.08
498.628	7889.63
498.837	7922.4
499.045	8620.75
499.254	8356.57
499.462	8119
499.671	7955.16
499.879	9622.21
500.087	8899.28
500.296	8080.09
500.504	8377.05
500.713	8800.98
500.921	9337.54
501.129	8094.43
501.338	8067.8
501.546	9073.35
501.754	8917.71
501.962	8606.42
502.171	8413.91
502.379	9261.77
502.587	9235.14
502.795	8559.31
503.004	8526.55
503.212	9415.37
503.42	9415.37
503.628	8743.63
503.837	8575.7
504.045	9278.15
504.253	9902.78
504.461	8676.05
504.669	8657.62
504.877	9859.77
505.085	9884.35
505.294	8839.89
505.502	9372.36
505.71	9994.94
505.918	9515.72
506.126	8843.98
506.334	9024.2
506.542	9814.72
506.75	9618.11
506.958	9503.43
507.166	9138.89
507.374	9511.62
507.582	10068.67
507.79	9351.88
507.998	9417.41
508.206	10347.19
508.414	10040
508.622	9374.41
508.83	9409.22
509.037	10099.39
509.245	9812.67
509.453	9431.75
509.661	9280.2
509.869	10179.26
510.077	9808.58
510.285	9888.45
510.492	9175.75
510.7	10597.04
510.908	10007.23
511.116	9710.27
511.324	9530.05
511.531	10152.63
511.739	10597.04
511.947	10005.18
512.155	10486.45
512.362	10551.99
512.57	9917.12
512.778	9769.66
512.985	9802.43
513.193	10615.48
513.401	10672.82
513.608	10136.25
513.816	9996.99
514.024	10736.31
514.231	10683.06
514.439	10126.01
514.646	10255.03
514.854	11182.76
515.061	10865.33
515.269	10308.28
515.477	10228.41
515.684	10627.76
515.892	10902.19
516.099	10181.31
516.307	10295.99
516.514	11467.43
516.722	11657.89
516.929	10365.62
517.136	10097.34
517.344	11160.24
517.551	11248.3
517.759	10521.27
517.966	10910.38
518.173	11260.59
518.381	11410.09
518.588	10859.18
518.796	10627.76
519.003	11604.64
519.21	11342.5
519.418	10807.98
519.625	11186.86
519.832	11315.88
520.039	11688.61
520.247	10617.52
520.454	11006.64
520.661	11829.92
520.868	11764.39
521.076	11143.85
521.283	11330.22
521.49	12090.01
521.697	11596.45
521.904	11141.8
522.112	11053.74
522.319	12026.53
522.526	11692.71
522.733	11231.91
522.94	11045.55
523.147	11948.7
523.354	12143.26
523.561	11360.94
523.768	11731.62
523.975	12425.88
524.183	11944.61
524.39	11772.58
524.597	11358.89
524.804	12098.2
525.011	12040.86
525.218	11475.62
525.425	11690.66
525.632	12833.43
525.838	12229.27
526.045	11764.39
526.252	11893.41
526.459	14103.17
526.666	14123.65
526.873	11692.71
527.08	11713.19
527.287	12860.05
527.494	12819.09
527.701	12116.64
527.907	11748
528.114	12806.8
528.321	12610.2
528.528	12114.59
528.735	11997.85
528.941	12675.73
529.148	12374.68
529.355	12124.83
529.562	12032.67
529.768	13693.57
529.975	12526.23
530.182	12143.26
530.388	12128.92
530.595	13206.16
530.802	12745.36
531.008	12993.17
531.215	12704.4
531.422	14107.26
531.628	14154.37
531.835	12685.97
532.042	13007.5
532.248	13390.47
532.455	13599.37
532.661	12743.31
532.868	12671.64
533.074	13716.1
533.281	14039.68
533.487	12864.15
533.694	12935.82
533.9	13738.63
534.107	13193.87
534.313	12927.63
534.52	12933.78
534.726	13798.02
534.933	14109.31
535.139	12919.44
535.345	12999.31
535.552	14068.35
535.758	14072.45
535.965	13611.65
536.171	13494.92
536.377	14119.55
536.584	14420.6
536.79	13367.95
536.996	13859.46
537.203	14146.17
537.409	14348.92
537.615	13552.26
537.821	13968
538.028	14934.64
538.234	13963.9
538.44	13933.18
538.646	13881.99
538.853	14078.59
539.059	14027.39
539.265	14510.71
539.471	13378.19
539.677	14664.31
539.883	14330.49
540.09	15463.02
540.296	14676.6
540.502	14477.94
540.708	14451.32
540.914	14463.61
541.12	13963.9
541.326	14891.63
541.532	14957.17
541.738	14545.53
541.944	14275.2
542.15	14875.25
542.356	14725.75
542.562	14074.49
542.768	14228.09
542.974	15215.21
543.18	15493.74
543.386	14592.63
543.592	14250.62
543.798	15929.95
544.004	15469.16
544.21	14656.12
544.415	14799.48
544.621	15305.32
544.827	16224.86
545.033	14553.72
545.239	14889.59
545.445	15088.24
545.651	15348.33
545.856	14715.51
546.062	14582.39
546.268	15243.88
546.474	15309.42
546.679	14713.46
546.885	14668.41
547.091	15387.24
547.297	15884.9
547.502	15086.19
547.708	14635.64
547.914	15532.65
548.119	15839.84
548.325	14987.89
548.531	14776.95
548.736	16093.79
548.942	15293.04
549.147	14774.9
549.353	15411.82
549.559	16224.86
549.764	16067.17
549.97	14840.43
550.175	15139.44
550.381	16231.01
550.586	15653.48
550.792	15241.84
550.997	15299.18
551.203	16398.94
551.408	16243.29
551.614	15360.62
551.819	15676.01
552.025	16712.28
552.23	16163.42
552.435	15381.1
552.641	16306.78
552.846	16175.71
553.052	16720.47
553.257	15950.43
553.462	15725.16
553.668	16265.82
553.873	16546.39
554.078	15635.05
554.283	15782.5
554.489	16659.03
554.694	16347.74
554.899	15714.92
555.105	16136.8
555.31	16702.04
555.515	16822.87
555.72	16093.79
555.925	17291.85
556.131	16945.75
556.336	16806.48
556.541	16144.99
556.746	16142.94
556.951	17185.36
557.156	16933.46
557.361	16527.96
557.567	16564.82
557.772	17218.13
557.977	17359.44
558.182	16319.07
558.387	16398.94
558.592	16872.02
558.797	17609.29
559.002	16693.85
559.207	16593.5
559.412	17246.8
559.617	17728.07
559.822	16417.37
560.027	16466.52
560.232	17336.91
560.437	17275.47
560.642	16347.74
560.847	16831.06
561.051	17109.58
561.256	17492.55
561.461	16765.53
561.666	16564.82
561.871	17216.08
562.076	17898.05
562.281	16626.26
562.485	16550.49
562.69	17785.41
562.895	17521.23
563.1	16646.74
563.305	16552.54
563.509	17750.6
563.714	18154.05
563.919	16872.02
564.123	17050.19
564.328	17398.35
564.533	17906.24
564.737	17134.16
564.942	16982.61
565.147	18049.6
565.351	17826.37
565.556	17205.84
565.761	17058.39
565.965	17869.38
566.17	17199.69
566.374	16980.56
566.579	16990.8
566.784	17885.76
566.988	17912.39
567.193	17056.34
567.397	17359.44
567.602	17812.04
567.806	17742.41
568.011	17396.3
568.215	17531.47
568.42	18031.17
568.624	17918.53
568.828	17451.6
569.033	17721.93
569.237	18504.25
569.442	18436.67
569.646	17134.16
569.85	17693.26
570.055	18274.88
570.259	18238.02
570.463	18141.76
570.668	17920.58
570.872	18434.62
571.076	18475.58
571.281	17855.04
571.485	17887.81
571.689	18434.62
571.893	18637.37
572.098	18106.95
572.302	17777.22
572.506	18694.71
572.71	18885.17
572.914	17775.17
573.119	17853
573.323	19046.96
573.527	19165.74
573.731	17961.54
573.935	18113.09
574.139	18797.11
574.343	18571.83
574.547	18205.25
574.751	18168.38
574.955	18919.99
575.159	18760.25
575.364	18137.66
575.568	18168.38
575.772	18790.97
575.976	18924.08
576.18	18010.69
576.383	18455.1
576.587	19098.16
576.791	18977.33
576.995	18084.42
577.199	18420.28
577.403	18819.64
577.607	18793.01
577.811	18268.73
578.015	18743.86
578.219	19264.05
578.422	19307.05
578.626	18788.92
578.83	18917.94
579.034	19667.5
579.238	19427.88
579.442	18795.06
579.645	19477.04
579.849	19393.07
580.053	19898.92
580.257	18635.32
580.46	19122.74
580.664	19692.07
580.868	19614.25
581.071	19272.24
581.275	19024.44
581.479	19403.31
581.682	19769.9
581.886	18872.89
582.09	19468.84
582.293	19857.96
582.497	19837.48
582.7	19698.22
582.904	19083.83
583.107	19755.56
583.311	19788.33
583.515	19280.43
583.718	19391.02
583.922	19952.16
584.125	20937.24
584.329	19092.02
584.532	19208.75
584.735	20576.8
584.939	19776.04
585.142	19427.88
585.346	19112.5
585.549	20240.93
585.753	20271.65
585.956	19542.57
586.159	20046.37
586.363	20341.28
586.566	20398.62
586.769	19249.71
586.973	19370.54
587.176	20263.46
587.379	20531.74
587.582	20116
587.786	20138.53
587.989	20492.83
588.192	21479.95
588.395	19857.96
588.599	20396.57
588.802	20533.79
589.005	20566.56
589.208	19796.52
589.411	19745.32
589.615	20529.69
589.818	21119.51
590.021	20396.57
590.224	20034.08
590.427	20883.99
590.63	21189.14
590.833	19919.4
591.036	20494.88
591.239	21070.36
591.442	20689.43
591.645	20730.39
591.848	20466.21
592.051	21131.79
592.254	21205.52
592.457	20716.06
592.66	20630.04
592.863	21172.75
593.066	21438.99
593.269	20617.75
593.472	20640.28
593.675	21174.8
593.878	21148.18
594.081	20466.21
594.284	20650.52
594.486	21412.37
594.689	21258.77
594.892	20781.59
595.095	20847.13
595.298	21395.98
595.5	21066.26
595.703	20967.96
595.906	21088.79
596.109	21361.17
596.311	21287.44
596.514	20879.89
596.717	20869.65
596.92	22159.88
597.122	22184.45
597.325	21076.5
597.528	21002.77
597.73	22360.58
597.933	21891.59
598.136	20888.09
598.338	20687.39
598.541	22336
598.743	22329.86
598.946	21516.81
599.148	21447.18
599.351	22125.06
599.554	21893.64
599.756	21377.55
599.959	21463.57
600.161	22280.71
600.363	22735.35
600.566	21793.29
600.768	21502.48
600.971	22305.28
601.173	22559.23
601.376	21522.96
601.578	21766.67
601.78	22030.85
601.983	22807.03
602.185	21688.84
602.388	22245.89
602.59	22499.84
602.792	22491.65
602.995	22108.68
603.197	21629.45
603.399	22641.15
603.601	22964.73
603.804	21651.98
604.006	21654.03
604.208	21977.61
604.41	21996.04
604.613	22317.57
604.815	21654.03
605.017	22522.37
605.219	22270.47
605.421	22635
605.623	21805.58
605.826	22796.79
606.028	22839.8
606.23	21744.14
606.432	21676.55
606.634	22671.87
606.836	22546.94
607.038	21699.08
607.24	21846.54
607.442	22635
607.644	22659.58
607.846	22202.88
608.048	21740.04
608.25	22723.07
608.452	22360.58
608.654	21942.79
608.856	21651.98
609.058	22483.45
609.26	22936.06
609.462	22514.17
609.664	22366.72
609.866	22905.34
610.067	22696.44
610.269	22252.03
610.471	22295.04
610.673	22798.84
610.875	22802.94
611.077	22043.14
611.278	22286.85
611.48	22602.24
611.682	23110.13
611.884	22338.05
612.085	22391.3
612.287	22686.2
612.489	22825.47
612.69	22041.09
612.892	22495.74
613.094	23650.8
613.295	22809.08
613.497	22161.92
613.699	22524.41
613.9	23454.19
614.102	23083.51
614.304	22123.01
614.505	22049.28
614.707	23097.84
614.908	23038.45
615.11	22383.1
615.311	22352.38
615.513	23210.48
615.714	23089.65
615.916	22460.93
616.117	22878.71
616.319	23126.52
616.52	23267.83
616.722	22684.16
616.923	22594.04
617.124	23347.7
617.326	23423.47
617.527	22798.84
617.729	22858.23
617.93	23589.36
618.131	23378.42
618.333	22655.48
618.534	22847.99
618.735	23327.22
618.937	23265.78
619.138	22350.34
619.339	22356.48
619.54	23472.62
619.742	23081.46
619.943	22768.12
620.144	22489.6
620.345	23839.21
620.546	23337.46
620.748	22893.05
620.949	22915.58
621.15	23402.99
621.351	23273.97
621.552	22852.09
621.753	22563.33
621.954	23460.34
622.155	24005.1
622.356	22694.4
622.558	22923.77
622.759	23749.1
622.96	23745
623.161	22929.91
623.362	22616.57
623.563	23712.24
623.764	23359.98
623.965	22780.41
624.166	23151.09
624.366	23056.89
624.567	23736.81
624.768	22946.3
624.969	22884.86
625.17	23439.86
625.371	23628.27
625.572	23253.49
625.773	22686.2
625.973	23742.96
626.174	23476.72
626.375	22845.94
626.576	22954.49
626.777	23683.56
626.977	23923.18
627.178	23140.85
627.379	23073.27
627.58	23372.27
627.78	23255.54
627.981	22839.8
628.182	23474.67
628.382	23724.52
628.583	23325.17
628.784	23196.15
628.984	23493.1
629.185	23937.51
629.386	23812.59
629.586	23480.82
629.787	23134.71
629.987	23902.7
630.188	23998.95
630.388	23251.44
630.589	23581.17
630.79	24297.95
630.99	23923.18
631.191	23302.64
631.391	23417.33
631.591	23986.66
631.792	24257
631.992	23790.06
632.193	23767.53
632.393	23927.27
632.594	23874.03
632.794	23024.12
632.994	23597.55
633.195	23716.33
633.395	23898.6
633.595	22751.74
633.796	23495.15
633.996	24107.49
634.196	24115.69
634.397	23126.52
634.597	23532.01
634.797	23710.19
634.997	24148.45
635.198	23847.4
635.398	23093.75
635.598	24230.37
635.798	24134.12
635.998	24025.57
636.199	23523.82
636.399	23980.52
636.599	24142.31
636.799	23775.72
636.999	24660.45
637.199	24365.54
637.399	24584.67
637.599	23456.24
637.799	24179.17
637.999	24541.66
638.199	24500.7
638.399	24220.13
638.599	23843.31
638.799	24867.29
638.999	24895.96
639.199	24443.36
639.399	24093.16
639.599	24914.39
639.799	24390.11
639.999	24084.97
640.199	23949.8
640.399	24383.97
640.599	23914.98
640.799	24269.28
640.998	24189.41
641.198	24195.56
641.398	24191.46
641.598	24156.64
641.798	24285.67
641.997	25412.05
642.197	24390.11
642.397	24340.96
642.597	23892.46
642.796	24537.57
642.996	24416.74
643.196	24453.6
643.395	23581.17
643.595	24336.87
643.795	24365.54
643.994	24052.2
644.194	24044.01
644.394	24953.3
644.593	25063.89
644.793	24244.71
644.992	24406.5
645.192	24906.2
645.392	24582.62
645.591	24682.97
645.791	24285.67
645.99	25170.39
646.19	24654.3
646.389	24424.93
646.589	24386.02
646.788	24861.15
646.987	24973.78
647.187	24996.31
647.386	24584.67
647.586	24986.07
647.785	25252.31
647.984	24467.94
648.184	24783.32
648.383	25020.89
648.582	24820.19
648.782	24302.05
648.981	24547.81
649.18	24431.07
649.38	24785.37
649.579	24637.92
649.778	24338.91
649.977	25330.13
650.177	25264.6
650.376	24631.77
650.575	24533.47
650.774	25301.46
650.973	24869.34
651.173	24347.11
651.372	24711.64
651.571	24969.69
651.77	24881.63
651.969	24654.3
652.168	24744.41
652.367	25299.41
652.566	25379.28
652.765	24787.42
652.964	25323.99
653.163	25266.64
653.362	25436.63
653.561	24981.98
653.76	24986.07
653.959	25313.75
654.158	25647.57
654.357	24838.62
654.556	24971.74
654.755	25532.88
654.954	25481.68
655.153	24431.07
655.352	25139.67
655.551	25838.03
655.749	25364.95
655.948	24967.64
656.147	25072.09
656.346	25231.83
656.545	25414.1
656.743	24811.99
656.942	25053.66
657.141	25227.73
657.34	25328.08
657.538	24740.32
657.737	24996.31
657.936	26114.5
658.135	25553.36
658.333	24930.78
658.532	25264.6
658.731	26057.16
658.929	25866.7
659.128	25405.91
659.326	25117.14
659.525	25985.48
659.724	25833.93
659.922	24875.48
660.121	24672.73
660.319	25358.8
660.518	25227.73
660.716	25141.72
660.915	24779.23
661.113	25821.64
661.312	25098.71
661.51	25166.29
661.709	24861.15
661.907	25536.98
662.105	25651.66
662.304	25092.57
662.502	25475.54
662.701	26098.12
662.899	25358.8
663.097	25776.59
663.296	25305.56
663.494	26022.34
663.692	26272.2
663.891	25178.58
664.089	24799.71
664.287	26069.45
664.485	25950.67
664.684	25149.91
664.882	25270.74
665.08	25766.35
665.278	25696.72
665.476	25297.36
665.675	25733.58
665.873	26069.45
666.071	26313.16
666.269	25156.05
666.467	25518.54
666.665	25940.43
666.863	25373.14
667.061	25522.64
667.259	25235.92
667.457	25676.24
667.655	25934.28
667.853	25154.01
668.051	25672.14
668.249	25215.44
668.447	25897.42
668.645	25074.13
668.843	25692.62
669.041	25729.48
669.239	25371.09
669.437	25375.19
669.635	25899.47
669.833	25586.13
670.031	25596.37
670.229	25227.73
670.426	25567.7
670.624	25627.09
670.822	25436.63
671.02	25332.18
671.218	25348.56
671.415	25328.08
671.613	25541.07
671.811	24918.49
672.009	25371.09
672.206	25854.41
672.404	25682.38
672.602	25543.12
672.799	25410
672.997	25932.23
673.195	25485.78
673.392	25233.88
673.59	24922.59
673.788	25700.81
673.985	24789.47
674.183	25264.6
674.38	25147.86
674.578	25610.7
674.775	25446.87
674.973	24777.18
675.17	24738.27
675.368	25680.33
675.565	25338.32
675.763	24697.31
675.96	25012.7
676.158	25512.4
676.355	25500.11
676.553	24967.64
676.75	25055.7
676.947	25160.15
677.145	25295.32
677.342	24986.07
677.539	25090.52
677.737	25274.84
677.934	25424.34
678.131	25016.79
678.329	25111
678.526	25938.38
678.723	25555.41
678.92	25149.91
679.118	24869.34
679.315	25131.48
679.512	25807.31
679.709	24957.4
679.906	24887.77
680.104	25545.17
680.301	25604.56
680.498	24664.54
680.695	24787.42
680.892	25170.39
681.089	25336.27
681.286	25088.47
681.483	24146.4
681.68	24754.65
681.877	25205.2
682.075	24601.05
682.272	24711.64
682.469	25010.65
682.665	25061.85
682.862	24001
683.059	24330.72
683.256	25057.75
683.453	25295.32
683.65	24441.31
683.847	24668.64
684.044	24617.44
684.241	24459.74
684.438	24664.54
684.635	24142.31
684.831	25512.4
685.028	25444.82
685.225	24121.83
685.422	24678.88
685.619	24998.36
685.815	24791.52
686.012	24699.36
686.209	24017.38
686.405	24564.19
686.602	24797.66
686.799	24009.19
686.996	24512.99
687.192	24711.64
687.389	25405.91
687.586	24203.75
687.782	24379.87
687.979	25289.17
688.175	24926.68
688.372	24134.12
688.568	24402.4
688.765	24525.28
688.962	24959.45
689.158	24457.7
689.355	24146.4
689.551	24603.1
689.748	24359.39
689.944	24445.41
690.14	24633.82
690.337	24652.25
690.533	25055.7
690.73	24412.64
690.926	24394.21
691.123	24547.81
691.319	24826.33
691.515	23845.35
691.712	24533.47
691.908	24738.27
692.104	24459.74
692.301	24185.32
692.497	23855.59
692.693	24693.21
692.889	24367.59
693.086	23966.18
693.282	23544.3
693.478	24717.79
693.674	25180.63
693.87	24314.34
694.067	24283.62
694.263	24377.83
694.459	24461.79
694.655	24363.49
694.851	24289.76
695.047	24463.84
695.243	24670.68
695.439	24238.56
695.635	23923.18
695.831	24453.6
696.027	24142.31
696.224	23876.07
696.42	24596.96
696.615	24893.91
696.811	24789.47
697.007	23710.19
697.203	23736.81
697.399	24377.83
697.595	24439.26
697.791	24013.29
697.987	24326.63
698.183	24467.94
698.379	24416.74
698.575	23878.12
698.77	24087.01
698.966	24639.97
699.162	24424.93
699.358	23468.53
699.554	23960.04
699.749	24330.72
699.945	24482.27
700.141	23626.22
700.337	23896.55
700.532	23644.65
700.728	23945.7
700.924	23220.72
701.119	23163.38
701.315	23857.64
701.511	23835.11
701.706	23974.38
701.902	23366.13
702.097	24220.13
702.293	24259.04
702.489	23542.25
702.684	23476.72
702.88	24230.37
703.075	23679.47
703.271	23261.68
703.466	23261.68
703.662	23499.25
703.857	23945.7
704.053	23532.01
704.248	23339.51
704.443	24412.64
704.639	23937.51
704.834	23810.54
705.03	23618.03
705.225	24023.53
705.42	24248.8
705.616	23618.03
705.811	23226.87
706.006	23783.91
706.202	24007.14
706.397	23286.26
706.592	23159.28
706.787	23757.29
706.983	23214.58
707.178	23925.22
707.373	23171.57
707.568	23806.44
707.763	23511.53
707.959	23116.28
708.154	23263.73
708.349	23663.08
708.544	23919.08
708.739	23124.47
708.934	22938.1
709.129	23728.62
709.324	23527.92
709.519	23335.41
709.714	22997.49
709.909	23820.78
710.104	23990.76
710.299	23382.51
710.494	23241.2
710.689	23486.96
710.884	23515.63
711.079	23431.66
711.274	23396.85
711.469	24048.1
711.664	23970.28
711.859	23251.44
712.054	23581.17
712.249	23673.32
712.443	23917.03
712.638	22847.99
712.833	22807.03
713.028	23527.92
713.223	22823.42
713.417	23020.02
713.612	22768.12
713.807	23849.45
714.002	23960.04
714.196	23073.27
714.391	22536.7
714.586	23804.39
714.78	23736.81
714.975	23003.64
715.17	22934.01
715.364	23486.96
715.559	23380.46
715.754	22393.34
715.948	22622.72
716.143	23806.44
716.337	23151.09
716.532	23517.68
716.726	22899.19
716.921	23314.93
717.115	23472.62
717.31	22839.8
717.504	24091.11
717.699	23333.36
717.893	23120.37
718.088	22616.57
718.282	22292.99
718.476	22819.32
718.671	23185.91
718.865	22608.38
719.059	22419.97
719.254	22862.33
719.448	23460.34
719.642	25418.19
719.837	22256.13
720.031	24881.63
720.225	22790.65
720.419	22407.68
720.614	22145.54
720.808	22862.33
721.002	22350.34
721.196	22153.73
721.39	22112.77
721.585	22782.46
721.779	23177.72
721.973	22110.72
722.167	21740.04
722.361	22624.76
722.555	23060.98
722.749	22037
722.943	22520.32
723.137	22473.21
723.331	22632.96
723.525	22372.86
723.719	22184.45
723.913	22649.34
724.107	23230.96
724.301	21912.07
724.495	22352.38
724.689	23101.94
724.883	22465.02
725.077	22260.23
725.271	22315.52
725.465	22761.98
725.659	22329.86
725.853	22006.28
726.046	21844.49
726.24	22254.08
726.434	22555.13
726.628	21615.12
726.822	21864.97
727.015	22649.34
727.209	22813.18
727.403	22000.13
727.596	21764.62
727.79	22319.62
727.984	22702.59
728.177	21969.41
728.371	21928.45
728.565	22493.69
728.758	22354.43
728.952	21735.95
729.146	22008.33
729.339	22657.53
729.533	22329.86
729.726	22192.64
729.92	21721.61
730.113	22829.56
730.307	22327.81
730.5	22194.69
730.694	22215.17
730.887	22422.02
731.081	22786.55
731.274	21688.84
731.468	21924.36
731.661	22292.99
731.854	22254.08
732.048	21760.52
732.241	21758.47
732.435	22387.2
732.628	21957.13
732.821	22024.71
733.014	21582.35
733.208	22342.14
733.401	22557.18
733.594	21998.09
733.788	21637.64
733.981	22448.64
734.174	22553.09
734.367	21613.07
734.56	22249.99
734.754	22395.39
734.947	21930.5
735.14	21383.7
735.333	22252.03
735.526	22804.99
735.719	22151.68
735.912	21479.95
736.105	21791.24
736.298	22348.29
736.491	22362.62
736.684	21783.05
736.877	21699.08
737.07	22778.36
737.263	23056.89
737.456	21907.98
737.649	21617.16
737.842	22612.48
738.035	22305.28
738.228	21824.01
738.421	21901.83
738.614	22731.26
738.807	22379.01
739	21334.54
739.192	21533.2
739.385	22051.33
739.578	21651.98
739.771	21895.69
739.964	21635.6
740.156	22452.73
740.349	22133.25
740.542	21967.37
740.735	21230.1
740.927	21684.75
741.12	22184.45
741.313	21520.91
741.505	21930.5
741.698	22432.26
741.891	22323.71
742.083	21441.04
742.276	21592.59
742.468	22475.26
742.661	21969.41
742.854	21715.47
743.046	21312.02
743.239	21889.54
743.431	22030.85
743.624	21010.96
743.816	21178.9
744.009	21778.95
744.201	21873.16
744.393	21516.81
744.586	21187.09
744.778	21828.1
744.971	21807.62
745.163	21152.27
745.355	21789.19
745.548	21862.92
745.74	22120.96
745.932	21426.7
746.125	21561.87
746.317	22383.1
746.509	21860.87
746.702	21291.54
746.894	21510.67
747.086	22057.48
747.278	21971.46
747.471	21330.45
747.663	21578.25
747.855	21967.37
748.047	22303.23
748.239	21404.17
748.431	21451.28
748.623	22354.43
748.815	22039.05
749.008	21101.08
749.2	21334.54
749.392	21664.27
749.584	22034.95
749.776	21600.78
749.968	21361.17
750.16	22135.3
750.352	21492.24
750.544	21117.46
750.736	21195.28
750.928	21697.03
751.12	21670.41
751.311	20773.4
751.503	21606.92
751.695	21535.24
751.887	21381.65
752.079	21090.84
752.271	20976.15
752.463	22311.42
752.654	21617.16
752.846	20959.77
753.038	20777.5
753.23	21320.21
753.421	21541.39
753.613	21035.54
753.805	21500.43
753.997	21479.95
754.188	21746.19
754.38	20658.71
754.572	21228.05
754.763	21375.5
754.955	21238.29
755.146	20804.12
755.338	20785.69
755.53	21584.4
755.721	21455.37
755.913	20722.2
756.104	20787.74
756.296	21201.43
756.487	21666.31
756.679	20632.09
756.87	20496.92
757.062	21062.16
757.253	21068.31
757.445	20415.01
757.636	20593.18
757.827	20922.9
758.019	21819.91
758.21	20290.08
758.401	20437.53
758.593	21277.2
758.784	21248.53
758.975	19954.21
759.167	20068.9
759.358	21094.93
759.549	21178.9
759.74	20314.66
759.932	20378.14
760.123	20845.08
760.314	20900.37
760.505	20531.74
760.696	20185.63
760.888	20974.1
761.079	20564.51
761.27	19982.88
761.461	19782.18
761.652	20707.87
761.843	20345.37
762.034	20273.7
762.225	20503.07
762.416	20613.66
762.607	20116
762.798	20165.15
762.989	19964.45
763.18	21576.2
763.371	20273.7
763.562	19839.53
763.753	19612.2
763.944	20490.78
764.135	20273.7
764.326	20075.04
764.517	19837.48
764.708	20466.21
764.899	20357.66
765.089	19509.8
765.28	19599.91
765.471	20097.57
765.662	20226.59
765.853	19591.72
766.043	19094.07
766.234	20152.87
766.425	19943.97
766.615	19649.07
766.806	19294.77
766.997	19956.26
767.187	19659.31
767.378	19438.12
767.569	19126.83
767.759	19694.12
767.95	19720.74
768.141	19753.51
768.331	19434.03
768.522	19943.97
768.712	20103.71
768.903	19419.69
769.093	19178.03
769.284	19706.41
769.474	19980.84
769.665	19100.21
769.855	18774.58
770.046	19943.97
770.236	19542.57
770.426	19296.81
770.617	19104.31
770.807	19651.11
770.998	20097.57
771.188	19296.81
771.378	19124.79
771.569	19849.77
771.759	19374.64
771.949	18592.31
772.139	18627.13
772.33	19298.86
772.52	19352.11
772.71	18332.22
772.9	18541.11
773.09	19362.35
773.281	19454.51
773.471	18559.55
773.661	18797.11
773.851	18995.76
774.041	19077.68
774.231	18555.45
774.421	18731.58
774.611	19237.42
774.802	19157.55
774.992	18483.77
775.182	18506.3
775.372	19079.73
775.562	19221.04
775.752	18721.34
775.942	18410.04
776.131	19280.43
776.321	19100.21
776.511	18158.14
776.701	17996.35
776.891	18963
777.081	18784.82
777.271	18180.67
777.461	17949.25
777.651	18590.27
777.84	18338.37
778.03	18215.49
778.22	17619.53
778.41	18600.51
778.599	18858.55
778.789	17885.76
778.979	17695.3
779.169	18547.26
779.358	18420.28
779.548	18074.18
779.738	17414.73
779.927	18799.16
780.117	18291.26
780.307	17713.74
780.496	17701.45
780.686	18707
780.875	18971.19
781.065	17879.62
781.254	17826.37
781.444	18631.23
781.633	18084.42
781.823	17623.62
782.012	17750.6
782.202	18231.87
782.391	18123.33
782.581	17582.67
782.77	17850.95
782.96	18516.54
783.149	17859.14
783.338	17766.98
783.528	17273.42
783.717	18291.26
783.906	18530.87
784.096	17662.54
784.285	17570.38
784.474	18072.13
784.663	18059.84
784.853	17553.99
785.042	17670.73
785.231	18047.55
785.42	17926.72
785.61	17979.97
785.799	17195.6
785.988	18328.13
786.177	17791.56
786.366	17760.84
786.555	18004.55
786.744	18154.05
786.933	18252.35
787.122	17195.6
787.312	17308.24
787.501	17822.28
787.69	17959.49
787.879	17203.79
788.068	16769.62
788.257	17332.81
788.445	17494.6
788.634	17078.86
788.823	16939.6
789.012	17984.07
789.201	17695.3
789.39	16931.41
789.579	16740.95
789.768	17529.42
789.957	17390.16
790.145	17123.92
790.334	16458.33
790.523	17087.06
790.712	17195.6
790.9	16765.53
791.089	16376.41
791.278	17332.81
791.467	17246.8
791.655	17433.16
791.844	17597
792.033	17494.6
792.221	17097.3
792.41	16831.06
792.599	16421.47
792.787	16933.46
792.976	17283.66
793.164	16355.93
793.353	16110.18
793.541	17283.66
793.73	17285.71
793.918	16413.27
794.107	16267.87
794.295	16984.66
794.484	16865.88
794.672	16333.4
794.861	16183.9
795.049	16788.05
795.238	17121.87
795.426	16194.14
795.614	16237.15
795.803	16931.41
795.991	17072.72
796.179	16304.73
796.368	16175.71
796.556	17082.96
796.744	16632.41
796.932	16046.69
797.121	16153.18
797.309	16532.06
797.497	16919.12
797.685	16140.9
797.874	16009.83
798.062	16544.34
798.25	17082.96
798.438	16163.42
798.626	16214.62
798.814	16767.57
799.002	16966.23
799.19	16173.66
799.378	16171.61
799.566	16605.78
799.755	17228.37
799.943	16413.27
800.131	16247.39
800.318	16644.7
800.506	16998.99
800.694	16013.92
800.882	16329.31
801.07	17115.73
801.258	16757.33
801.446	16194.14
801.634	16159.33
801.822	16515.67
802.01	16939.6
802.197	16247.39
802.385	16331.36
802.573	16796.25
802.761	16597.59
802.949	16112.22
803.136	15977.06
803.324	16697.94
803.512	16454.23
803.699	16144.99
803.887	15780.45
804.075	17035.86
804.262	16941.65
804.45	16132.7
804.638	16515.67
804.825	16579.16
805.013	16484.95
805.201	16218.72
805.388	16077.41
805.576	16783.96
805.763	17007.19
805.951	16216.67
806.138	16339.55
806.326	17185.36
806.513	16579.16
806.701	16407.13
806.888	16144.99
807.075	17146.45
807.263	17121.87
807.45	16101.98
807.638	16431.71
807.825	17453.64
808.012	17109.58
808.2	16433.75
808.387	16790.1
808.574	16613.98
808.761	17537.61
808.949	16101.98
809.136	16331.36
809.323	16855.64
809.51	17072.72
809.698	16673.37
809.885	16534.11
810.072	17158.74
810.259	17234.51
810.446	16521.82
810.633	16360.03
810.82	17238.61
811.008	17576.52
811.195	16751.19
811.382	16523.87
811.569	17232.46
811.756	16929.36
811.943	16317.02
812.13	16577.11
812.317	17189.46
812.504	17070.67
812.691	16843.35
812.878	16562.78
813.064	17199.69
813.251	17189.46
813.438	16421.47
813.625	16583.26
813.812	17009.23
813.999	16874.07
814.186	16736.85
814.372	16380.51
814.559	17224.27
814.746	17154.64
814.933	16163.42
815.12	16872.02
815.306	17011.28
815.493	16706.13
815.68	16501.34
815.866	16083.55
816.053	17082.96
816.24	17271.37
816.426	16398.94
816.613	16222.81
816.799	17101.39
816.986	17254.99
817.173	16087.65
817.359	16280.16
817.546	16767.57
817.732	16634.46
817.919	16228.96
818.105	16446.04
818.292	16781.91
818.478	17146.45
818.665	16597.59
818.851	16448.09
819.037	17660.49
819.224	16978.51
819.41	16085.6
819.597	16063.07
819.783	17371.72
819.969	16960.08
820.156	16390.75
820.342	15948.39
820.528	18324.03
820.714	16749.14
820.901	16663.13
821.087	16388.7
821.273	17113.68
821.459	16898.64
821.646	16196.19
821.832	16476.76
822.018	17138.26
822.204	16691.8
822.39	16028.26
822.576	16093.79
822.762	16826.96
822.948	16835.16
823.134	16400.99
823.32	16175.71
823.507	16323.16
823.693	16732.76
823.879	16747.09
824.065	15604.33
824.25	16472.67
824.436	16468.57
824.622	15927.91
824.808	15909.47
824.994	16339.55
825.18	16376.41
825.366	15524.46
825.552	16200.29
825.738	16667.22
825.923	16468.57
826.109	16106.08
826.295	15614.57
826.481	16325.21
826.667	16325.21
826.852	16034.4
827.038	15538.79
827.224	16398.94
827.409	16437.85
827.595	15716.97
827.781	16003.68
827.966	16542.3
828.152	16480.86
828.338	15774.31
828.523	15118.96
828.709	16233.05
828.894	15989.35
829.08	15729.25
829.266	15368.81
829.451	15958.63
829.637	16108.13
829.822	15684.2
830.008	15530.6
830.193	16192.09
830.378	16593.5
830.564	15682.15
830.749	15463.02
830.935	15884.9
831.12	15798.88
831.305	14971.5
831.491	15315.56
831.676	15532.65
831.861	16056.93
832.047	15198.83
832.232	15241.84
832.417	16099.94
832.602	15983.2
832.788	15266.41
832.973	14967.41
833.158	15673.96
833.343	15407.72
833.528	15127.15
833.714	15284.84
833.899	15508.07
834.084	16118.37
834.269	15125.1
834.454	15075.95
834.639	15284.84
834.824	15575.66
835.009	15051.38
835.194	15243.88
835.379	15923.81
835.564	16116.32
835.749	15069.81
835.934	14860.91
836.119	15538.79
836.304	15473.26
836.489	14752.37
836.674	15303.28
836.859	15207.02
837.044	15850.08
837.228	14834.29
837.413	14752.37
837.598	15546.98
837.783	15344.24
837.968	14834.29
838.152	14324.35
838.337	14465.66
838.522	15510.12
838.707	15098.48
838.891	14914.16
839.076	15276.65
839.261	15067.76
839.445	14865.01
839.63	14715.51
839.815	15301.23
839.999	14852.72
840.184	14424.7
840.368	14328.44
840.553	15395.43
840.737	14905.97
840.922	13818.5
841.106	14060.16
841.291	14805.62
841.475	15518.31
841.66	14502.52
841.844	14250.62
842.029	15389.29
842.213	14744.18
842.397	14109.31
842.582	13910.66
842.766	15092.34
842.951	14908.02
843.135	14602.87
843.319	14504.57
843.504	15096.43
843.688	15374.95
843.872	14004.86
844.056	14058.11
844.241	14772.85
844.425	14760.56
844.609	14355.07
844.793	13984.38
844.977	15028.85
845.161	14428.79
845.346	13974.14
845.53	13906.56
845.714	14744.18
845.898	15196.78
846.082	13757.06
846.266	14189.18
846.45	14375.55
846.634	14733.94
846.818	13589.13
847.002	14002.82
847.186	14664.31
847.37	13746.82
847.554	13746.82
847.738	13990.53
847.922	14252.67
848.106	14539.38
848.29	13398.66
848.473	13636.23
848.657	14357.11
848.841	14385.79
849.025	13818.5
849.209	13484.68
849.392	14365.31
849.576	14027.39
849.76	13269.64
849.944	13935.23
850.127	14652.02
850.311	14000.77
850.495	13341.32
850.678	13273.74
850.862	14334.59
851.046	14275.2
851.229	13914.75
851.413	12941.97
851.596	14348.92
851.78	14017.15
851.964	13767.3
852.147	13566.6
852.331	14658.17
852.514	14287.48
852.698	13607.56
852.881	12997.26
853.065	13761.16
853.248	14086.78
853.431	13372.04
853.615	13208.2
853.798	14670.45
853.982	14058.11
854.165	13202.06
854.348	13048.46
854.532	13341.32
854.715	13365.9
854.898	12984.98
855.081	12886.67
855.265	14240.38
855.448	13888.13
855.631	12819.09
855.814	12917.39
855.997	13277.83
856.181	13533.83
856.364	13056.65
856.547	12698.26
856.73	13349.51
856.913	13290.12
857.096	12554.9
857.279	12903.06
857.462	13095.57
857.645	13417.1
857.828	12905.1
858.011	13011.6
858.194	13005.45
858.377	13236.88
858.56	12419.74
858.743	12810.9
858.926	13050.51
859.109	13085.33
859.292	12399.26
859.475	12489.37
859.658	13261.45
859.841	13230.73
860.023	12505.75
860.206	12317.34
860.389	13097.61
860.572	13021.84
860.755	12452.5
860.937	12546.71
861.12	12858
861.303	13140.62
861.486	12339.87
861.668	12491.41
861.851	12739.22
862.034	12808.85
862.216	12546.71
862.399	11995.81
862.581	12790.42
862.764	12757.65
862.947	11993.76
863.129	11817.63
863.312	12069.53
863.494	12696.21
863.677	12249.75
863.859	11549.35
864.042	12569.24
864.224	12282.52
864.406	11915.94
864.589	11438.76
864.771	12389.02
864.954	12081.82
865.136	11809.44
865.318	11412.14
865.501	12874.38
865.683	11897.5
865.865	11614.88
866.048	11674.28
866.23	12524.18
866.412	12386.97
866.594	11541.16
866.777	12032.67
866.959	12259.99
867.141	12085.92
867.323	12092.06
867.505	11600.55
867.687	12163.74
867.869	12229.27
868.052	11549.35
868.234	11330.22
868.416	12354.2
868.598	12161.69
868.78	11526.82
868.962	11487.91
869.144	12270.23
869.326	12122.78
869.508	11250.35
869.69	11360.94
869.872	11879.07
870.054	12665.49
870.236	11221.67
870.417	11504.29
870.599	12065.44
870.781	12698.26
870.963	11682.47
871.145	11473.57
871.327	11956.89
871.508	12104.35
871.69	11449
871.872	11571.88
872.054	11950.75
872.235	11817.63
872.417	11403.94
872.599	10945.2
872.78	12626.58
872.962	12073.63
873.144	10977.97
873.325	11631.27
873.507	12597.91
873.689	12253.85
873.87	11264.68
874.052	11752.1
874.233	11973.28
874.415	12690.07
874.596	11623.08
874.778	11492.01
874.959	12116.64
875.141	12214.94
875.322	11647.65
875.503	11342.5
875.685	12122.78
875.866	11569.83
876.048	11252.39
876.229	11346.6
876.41	11901.6
876.592	12141.21
876.773	11639.46
876.954	11440.81
877.136	12321.43
877.317	11866.78
877.498	11283.11
877.679	11741.86
877.86	11899.55
878.042	12053.15
878.223	11362.98
878.404	12237.47
878.585	12253.85
878.766	12616.34
878.947	11657.89
879.128	11934.37
879.309	12081.82
879.49	12464.79
879.672	11631.27
879.853	11879.07
880.034	12071.58
880.215	12329.63
880.396	11807.39
880.576	11725.47
880.757	12270.23
880.938	12880.53
881.119	11731.62
881.3	11836.06
881.481	12245.66
881.662	13318.79
881.843	11530.92
882.023	11614.88
882.204	12903.06
882.385	12513.94
882.566	11922.08
882.747	11836.06
882.927	12348.06
883.108	12784.27
883.289	11817.63
883.469	12075.68
883.65	12276.38
883.831	12120.73
884.011	12241.56
884.192	11803.3
884.373	12757.65
884.553	12618.39
884.734	12186.27
884.914	12290.71
885.095	13910.66
885.275	12866.19
885.456	12421.78
885.636	11725.47
885.817	12704.4
885.997	12702.36
886.178	11940.51
886.358	12006.05
886.538	12599.96
886.719	14226.04
886.899	11866.78
887.08	12270.23
887.26	12896.91
887.44	12278.43
887.621	11917.98
887.801	12010.14
887.981	13079.18
888.161	12823.19
888.342	12178.08
888.522	12100.25
888.702	12739.22
888.882	12731.03
889.062	12126.88
889.242	11764.39
889.423	12771.99
889.603	13009.55
889.783	12440.22
889.963	12153.5
890.143	12909.2
890.323	12771.99
890.503	12106.4
890.683	12188.32
890.863	12427.93
891.043	12563.09
891.223	12288.67
891.403	12645.01
891.583	12827.28
891.763	12995.22
891.943	12460.7
892.122	12542.61
892.302	12837.52
892.482	12987.02
892.662	12413.59
892.842	12286.62
893.022	12702.36
893.201	12677.78
893.381	12208.8
893.561	12116.64
893.741	12915.34
893.92	12128.92
894.1	12425.88
894.28	12335.77
894.459	12989.07
894.639	12374.68
894.819	12116.64
894.998	12288.67
895.178	12737.17
895.357	12571.29
895.537	12122.78
895.716	11807.39
895.896	12372.63
896.075	12825.23
896.255	11831.97
896.434	11600.55
896.614	13087.37
896.793	12524.18
896.973	12042.91
897.152	11768.48
897.331	12303
897.511	12384.92
897.69	11358.89
897.87	11776.67
898.049	11983.52
898.228	12169.88
898.407	11748
898.587	11715.23
898.766	11967.13
898.945	12317.34
899.124	11858.59
899.304	11856.54
899.483	12386.97
899.662	12554.9
899.841	11612.84
900.02	11426.47
900.199	12325.53
900.378	12135.07
900.557	11567.78
900.737	11188.91
900.916	11741.86
901.095	11834.02
901.274	11657.89
901.453	11016.88
901.632	11500.2
901.811	11346.6
901.989	10881.71
902.168	10773.17
902.347	11551.4
902.526	11410.09
902.705	10922.67
902.884	11121.32
903.063	11944.61
903.242	11752.1
903.42	10703.54
903.599	10994.35
903.778	11428.52
903.957	11633.32
904.135	10891.95
904.314	10255.03
904.493	10828.46
904.672	10846.9
904.85	10347.19
905.029	10504.89
905.207	10992.3
905.386	11686.56
905.565	10115.77
905.743	10429.11
905.922	10922.67
906.1	10859.18
906.279	10003.13
906.457	10181.31
906.636	10523.32
906.814	10615.48
906.993	9992.89
907.171	9810.62
907.35	10343.1
907.528	10842.8
907.707	10166.97
907.885	9853.63
908.063	10590.9
908.242	10185.4
908.42	9822.91
908.598	9243.34
908.777	10339
908.955	10246.84
909.133	9970.37
909.311	9661.12
909.49	10052.28
909.668	9986.75
909.846	9755.33
910.024	9310.92
910.202	10103.48
910.38	10404.53
910.559	9421.51
910.737	9853.63
910.915	10287.8
911.093	10416.82
911.271	9923.26
911.449	10183.35
911.627	10578.61
911.805	11170.47
911.983	10119.87
912.161	9720.51
912.339	10447.54
912.517	10836.66
912.695	10121.91
912.872	10146.49
913.05	10597.04
913.228	10754.74
913.406	10197.69
913.584	9902.78
913.762	10898.1
913.939	10451.64
914.117	9824.96
914.295	10074.81
914.473	10502.84
914.65	10736.31
914.828	10011.32
915.006	9888.45
915.184	10318.52
915.361	10306.23
915.539	10072.76
915.716	10117.82
915.894	10515.12
916.072	10672.82
916.249	10396.34
916.427	10246.84
916.604	10216.12
916.782	10547.89
916.959	9710.27
917.137	9802.43
917.314	10441.4
917.492	10203.83
917.669	9972.41
917.847	9751.23
918.024	10191.55
918.201	10212.03
918.379	9767.62
918.556	9853.63
918.733	10408.63
918.911	9974.46
919.088	10154.68
919.265	9706.18
919.442	10275.51
919.62	10324.66
919.797	9562.82
919.974	9286.34
920.151	10398.39
920.328	9931.45
920.506	9683.65
920.683	10058.43
920.86	9781.95
921.037	10019.52
921.214	9738.94
921.391	9388.74
921.568	10054.33
921.745	9870.01
921.922	9587.4
922.099	9319.11
922.276	9943.74
922.453	9833.15
922.63	9249.48
922.807	9573.06
922.984	9845.44
923.161	9497.28
923.338	9335.49
923.514	9147.08
923.691	9855.68
923.868	9927.36
924.045	9200.33
924.222	9140.94
924.399	9605.83
924.575	9507.52
924.752	8973
924.929	9136.84
925.105	9181.9
925.282	9042.64
925.459	9085.64
925.635	9214.66
925.812	9642.69
925.989	9319.11
926.165	9079.5
926.342	8667.86
926.518	9059.02
926.695	9138.89
926.871	8688.34
927.048	8665.81
927.224	9657.03
927.401	9061.07
927.577	8708.82
927.754	8428.24
927.93	9231.05
928.107	9061.07
928.283	8336.09
928.459	8491.73
928.636	9036.49
928.812	8815.31
928.988	8211.16
929.165	8112.86
929.341	8569.55
929.517	9003.72
929.693	8938.19
929.87	8139.48
930.046	8843.98
930.222	8381.14
930.398	7994.08
930.574	8182.49
930.751	8608.47
930.927	8508.12
931.103	8186.58
931.279	8315.61
931.455	8456.92
931.631	8630.99
931.807	7719.65
931.983	7682.78
932.159	7926.49
932.335	8266.46
932.511	7656.16
932.687	7887.58
932.863	8143.58
933.039	8211.16
933.215	7445.22
933.391	7240.42
933.566	7877.34
933.742	7733.98
933.918	7410.4
934.094	7160.55
934.27	7647.97
934.445	7434.98
934.621	7473.89
934.797	6908.65
934.973	7557.86
935.148	7236.33
935.324	6691.57
935.5	6580.98
935.675	7156.46
935.851	7076.59
936.027	6589.17
936.202	6607.6
936.378	6951.66
936.553	6812.4
936.729	6847.21
936.904	6083.32
937.08	6157.05
937.255	6109.94
937.431	5915.39
937.606	5780.22
937.782	5933.82
937.957	6146.81
938.133	5649.15
938.308	5524.23
938.483	5808.89
938.659	5526.27
938.834	5593.86
939.009	5122.82
939.185	5982.97
939.36	5337.86
939.535	4567.82
939.71	5257.99
939.886	5753.6
940.061	5440.26
940.236	5401.35
940.411	5028.62
940.586	5296.9
940.761	5260.04
940.937	4844.3
941.112	4674.32
941.287	5118.73
941.462	5030.66
941.637	4348.69
941.812	4506.38
941.987	4858.64
942.162	4578.06
942.337	4578.06
942.512	4526.86
942.687	5272.32
942.862	4926.22
943.037	4238.1
943.212	4006.68
943.386	4637.45
943.561	4596.5
943.736	4670.22
943.911	4922.12
944.086	4887.31
944.26	4707.09
944.435	4242.2
944.61	4434.71
944.785	4590.35
944.959	5192.45
945.134	4250.39
945.309	4125.46
945.483	4285.2
945.658	4768.52
945.833	3920.67
946.007	4061.98
946.182	4909.83
946.357	4483.86
946.531	4107.03
946.706	4281.11
946.88	4453.14
947.055	4772.62
947.229	4182.81
947.404	4166.42
947.578	4621.07
947.752	4705.04
947.927	4006.68
948.101	4201.24
948.276	5251.85
948.45	4975.37
948.624	4727.57
948.799	4391.7
948.973	4723.47
949.147	4688.65
949.321	4264.72
949.496	4451.09
949.67	5061.38
949.844	4750.09
950.018	4358.93
950.193	4469.52
950.367	5534.46
950.541	4879.11
950.715	4545.3
950.889	4842.25
951.063	4879.11
951.237	5163.78
951.411	4248.34
951.585	4406.03
951.759	5157.64
951.933	4979.47
952.107	4635.41
952.281	4864.78
952.455	5507.84
952.629	5090.06
952.803	4606.74
952.977	4504.34
953.151	5411.59
953.325	5053.19
953.499	4862.73
953.672	4627.21
953.846	4977.42
954.02	4823.82
954.194	4635.41
954.368	4346.64
954.541	5266.18
954.715	5161.73
954.889	4756.24
955.062	4715.28
955.236	4926.22
955.41	4913.93
955.583	5128.97
955.757	4551.44
955.93	5186.31
956.104	4864.78
956.278	4696.85
956.451	4768.52
956.625	5038.86
956.798	5567.23
956.972	5233.41
957.145	4641.55
957.319	5468.93
957.492	5364.48
957.665	5131.02
957.839	4598.54
958.012	5317.38
958.185	5135.11
958.359	4840.2
958.532	4987.66
958.705	5204.74
958.879	5194.5
959.052	5012.23
959.225	4733.71
959.398	5317.38
959.572	5323.52
959.745	4606.74
959.918	4647.69
960.091	5257.99
960.264	5387.01
960.438	4594.45
960.611	4674.32
960.784	5403.39
960.957	5014.28
961.13	5344
961.303	4752.14
961.476	5210.89
961.649	5538.56
961.822	4666.13
961.995	5055.24
962.168	5020.42
962.341	5348.1
962.514	4969.23
962.686	4674.32
962.859	5214.98
963.032	5204.74
963.205	4840.2
963.378	4528.91
963.551	5198.6
963.723	4993.8
963.896	4883.21
964.069	5096.2
964.242	5143.3
964.414	5671.68
964.587	4895.5
964.76	4944.65
964.932	5157.64
965.105	5122.82
965.278	4909.83
965.45	4739.85
965.623	5360.39
965.795	5276.42
965.968	4858.64
966.14	4639.5
966.313	5116.68
966.485	5266.18
966.658	4731.66
966.83	4614.93
967.003	5372.68
967.175	5192.45
967.348	4756.24
967.52	4723.47
967.692	5653.25
967.865	5354.24
968.037	4860.68
968.209	5047.05
968.382	5284.61
968.554	5296.9
968.726	4680.46
968.898	4477.71
969.071	5458.69
969.243	5065.48
969.415	4717.33
969.587	4940.55
969.759	5227.27
969.932	5110.54
970.104	4641.55
970.276	4156.18
970.448	4913.93
970.62	4793.1
970.792	4629.26
970.964	4635.41
971.136	5409.54
971.308	4883.21
971.48	4297.49
971.652	4561.68
971.824	5423.87
971.996	4731.66
972.168	4483.86
972.339	4508.43
972.511	4832.01
972.683	4813.58
972.855	4813.58
973.027	4209.43
973.199	4838.16
973.37	4920.07
973.542	4512.53
973.714	4412.18
973.886	4494.1
974.057	4856.59
974.229	4248.34
974.401	4414.23
974.572	4633.36
974.744	4469.52
974.915	4129.56
975.087	4295.44
975.259	5075.72
975.43	4508.43
975.602	4352.79
975.773	4152.09
975.945	4444.95
976.116	4866.83
976.288	4027.16
976.459	4641.55
976.63	4520.72
976.802	4592.4
976.973	4156.18
977.145	4606.74
977.316	5307.14
977.487	5442.31
977.659	4383.51
977.83	4299.54
978.001	4846.35
978.172	4743.95
978.344	4096.79
978.515	4234
978.686	4518.67
978.857	4965.13
979.028	4027.16
979.2	4049.69
979.371	4926.22
979.542	4483.86
979.713	4133.65
979.884	3666.72
980.055	4354.83
980.226	4453.14
980.397	4107.03
980.568	3828.51
980.739	4674.32
980.91	4281.11
981.081	4150.04
981.252	3891.99
981.423	4424.47
981.594	4469.52
981.765	3805.98
981.936	4193.05
982.106	4342.55
982.277	4584.21
982.448	3853.08
982.619	4150.04
982.79	4016.92
982.96	4449.04
983.131	4092.69
983.302	3568.41
983.472	4215.57
983.643	4234
983.814	4064.02
983.984	3707.68
984.155	4180.76
984.326	4348.69
984.496	3912.47
984.667	3779.36
984.837	3691.29
985.008	4533.01
985.178	4098.84
985.349	3636
985.519	4096.79
985.69	3947.29
985.86	3506.98
986.031	3609.37
986.201	4135.7
986.371	4039.45
986.542	3461.92
986.712	3404.58
986.882	4053.78
987.053	4100.89
987.223	3482.4
987.393	3912.47
987.563	3820.32
987.734	3926.81
987.904	4080.41
988.074	3496.74
988.244	3752.73
988.414	3808.03
988.585	3414.82
988.755	3611.42
988.925	3816.22
989.095	4363.03
989.265	3316.51
989.435	3560.22
989.605	3937.05
989.775	4092.69
989.945	3781.4
990.115	2937.64
990.285	3781.4
990.455	3697.44
990.625	3615.52
990.795	3232.55
990.965	4121.37
991.134	3613.47
991.304	3142.44
991.474	3103.53
991.644	3670.81
991.814	4016.92
991.984	2849.58
992.153	3035.94
992.323	3527.46
992.493	3676.96
992.662	2988.84
992.832	3257.12
993.002	3476.26
993.171	3767.07
993.341	2927.4
993.511	3124.01
993.68	3353.38
993.85	3601.18
994.019	2906.92
994.189	2788.14
994.358	3437.34
994.528	3437.34
994.697	2673.45
994.867	2863.91
995.036	3687.2
995.206	3189.54
995.375	2800.43
995.544	3144.49
995.714	3728.16
995.883	3410.72
996.052	3222.31
996.222	2503.47
996.391	3633.95
996.56	3308.32
996.73	2779.95
996.899	2585.39
997.068	3654.43
997.237	3423.01
997.406	2659.12
997.576	2503.47
997.745	3617.57
997.914	3150.63
998.083	2349.87
998.252	2683.69
998.421	3203.88
998.59	2863.91
998.759	2544.43
998.928	2396.98
999.097	3433.25
999.266	3099.43
999.435	2798.38
999.604	2282.29
999.773	3269.41
999.942	2982.7
1000.111	2212.66
1000.28	2251.57
1000.448	2759.47
1000.617	2788.14
1000.786	2933.54
1000.955	2249.52
1001.124	3300.13
1001.292	3648.29
1001.461	2423.6
1001.63	2319.15
1001.798	3236.64
1001.967	3109.67
1002.136	2167.6
1002.304	2270
1002.473	3201.83
1002.642	2904.87
1002.81	2423.6
1002.979	2413.36
1003.147	3117.86
1003.316	3134.25
1003.484	2270
1003.653	2267.95
1003.821	2947.88
1003.99	2724.65
1004.158	2618.16
1004.327	2511.66
1004.495	2966.31
1004.663	2771.76
1004.832	2530.09
1005	2081.59
1005.168	2775.85
1005.337	2614.06
1005.505	1944.38
1005.673	2589.49
1005.842	2913.06
1006.01	2554.67
1006.178	2147.12
1006.346	2104.12
1006.514	2712.36
1006.683	3124.01
1006.851	1946.42
1007.019	2489.14
1007.187	2569.01
1007.355	2102.07
1007.523	1850.17
1007.691	1923.9
1007.859	2388.78
1008.027	3140.39
1008.195	1989.43
1008.363	1782.59
1008.531	2409.26
1008.699	2612.01
1008.867	1577.79
1009.035	1841.98
1009.203	2990.89
1009.37	2478.9
1009.538	1932.09
1009.706	2736.94
1009.874	2396.98
1010.042	2370.35
1010.209	1684.28
1010.377	1768.25
1010.545	2495.28
1010.713	2429.74
1010.88	1889.08
1011.048	1708.86
1011.216	2294.58
1011.383	2749.23
1011.551	1733.43
1011.718	1463.1
1011.886	2439.98
1012.054	2624.3
1012.221	1588.03
1012.389	1528.64
1012.556	2263.86
1012.724	2591.53
1012.891	1979.19
1013.058	1317.7
1013.226	2347.83
1013.393	2292.53
1013.561	1520.45
1013.728	1342.27
1013.895	2575.15
1014.063	2364.21
1014.23	1303.36
1014.397	1463.1
1014.565	2300.72
1014.732	1989.43
1014.899	1438.53
1015.066	1366.85
1015.233	2302.77
1015.401	2132.79
1015.568	1614.65
1015.735	1823.55
1015.902	2272.05
1016.069	2290.48
1016.236	1499.97
1016.403	1209.15
1016.57	1774.39
1016.737	2571.05
1016.904	1454.91
1017.071	1336.13
1017.238	1749.82
1017.405	2003.77
1017.572	1411.9
1017.739	1672
1017.906	2442.03
1018.073	2208.56
1018.24	1276.74
1018.407	1542.97
1018.573	2087.73
1018.74	2014.01
1018.907	1397.57
1019.074	1014.6
1019.241	2018.1
1019.407	1835.83
1019.574	1186.63
1019.741	1143.62
1019.907	2153.27
1020.074	2325.3
1020.241	926.54
1020.407	1063.75
1020.574	1815.35
1020.74	1776.44
1020.907	1209.15
1021.073	1143.62
1021.24	2480.94
1021.406	2050.87
1021.573	1041.22
1021.739	1176.39
1021.906	2093.88
1022.072	1831.74
1022.239	1237.83
1022.405	1209.15
1022.571	1815.35
1022.738	1731.39
1022.904	1162.05
1023.07	1248.07
1023.237	1751.87
1023.403	2026.29
1023.569	1155.91
1023.735	1131.33
1023.902	1768.25
1024.068	1788.73
1024.234	850.76
1024.4	1102.66
1024.566	1557.31
1024.732	1633.08
1024.898	1053.51
1025.065	785.23
1025.231	1583.93
1025.397	1467.2
1025.563	1110.85
1025.729	836.42
1025.895	1108.8
1026.061	1416
1026.227	734.03
1026.392	1094.47
1026.558	1598.27
1026.724	1708.86
1026.89	918.34
1027.056	1020.74
1027.222	1342.27
1027.388	1534.78
1027.553	1028.93
1027.719	887.62
1027.885	1962.81
1028.051	1585.98
1028.216	703.31
1028.382	944.97
1028.548	1596.22
1028.713	1323.84
1028.879	678.73
1029.045	1190.72
1029.21	1870.65
1029.376	1610.56
1029.541	850.76
1029.707	897.86
1029.873	1465.15
1030.038	1571.65
1030.204	848.71
1030.369	774.99
1030.534	1397.57
1030.7	1260.35
1030.865	942.92
1031.031	691.02
1031.196	1377.09
1031.361	1440.58
1031.527	746.31
1031.692	744.27
1031.857	1041.22
1032.023	1452.86
1032.188	691.02
1032.353	783.18
1032.518	1583.93
1032.684	1323.84
1032.849	531.28
1033.014	793.42
1033.179	1209.15
1033.344	1495.87
1033.509	836.42
1033.674	656.2
1033.839	1407.81
1034.004	1432.38
1034.17	795.47
1034.335	482.13
1034.5	1174.34
1034.664	1104.71
1034.829	613.2
1034.994	910.15
1035.159	1076.04
1035.324	1452.86
1035.489	725.83
1035.654	570.19
1035.819	1809.21
1035.984	1405.76
1036.148	738.12
1036.313	781.13
1036.478	1504.06
1036.643	1076.04
1036.807	637.77
1036.972	471.89
1037.137	1635.13
1037.301	1186.63
1037.466	303.95
1037.631	752.46
1037.795	1354.56
1037.96	1092.42
1038.124	891.72
1038.289	508.75
1038.454	1022.79
1038.618	1428.29
1038.783	625.48
1038.947	643.92
1039.111	971.59
1039.276	1098.56
1039.44	471.89
1039.605	1299.27
1039.769	1127.24
1039.933	983.88
1040.098	619.34
1040.262	840.52
1040.426	1299.27
1040.591	1065.8
1040.755	496.46
1040.919	607.05
1041.083	1346.37
1041.248	977.73
1041.412	244.56
1041.576	439.12
1041.74	990.02
1041.904	1082.18
1042.068	463.69
1042.232	547.66
1042.397	1536.83
1042.561	1053.51
1042.725	224.08
1042.889	545.61
1043.053	1057.61
1043.217	916.3
1043.381	500.56
1043.544	275.28
1043.708	1147.72
1043.872	848.71
1044.036	101.2
1044.2	275.28
1044.364	1229.63
1044.528	1184.58
1044.691	8372.95
1044.855	299.86
1045.019	1209.15
1045.183	1145.67
1045.346	543.57
1045.51	312.14
1045.674	1143.62
1045.837	1053.51
1046.001	363.34
1046.165	447.31
1046.328	1573.69
1046.492	889.67
1046.655	686.92
1046.819	490.32
1046.983	901.96
1047.146	901.96
1047.31	463.69
1047.473	117.59
1047.636	850.76
1047.8	760.65
1047.963	369.49
1048.127	228.18
1048.29	668.49
