345.52	-1225.03
345.736	-1225.03
345.952	-1225.03
346.168	-1347.9
346.384	-1282.37
346.6	-215.38
346.816	-207.19
347.032	-242
347.248	480.93
347.464	-229.71
347.68	-237.91
347.896	-59.73
348.112	392.87
348.328	-92.5
348.544	18.09
348.76	212.65
348.975	179.88
349.191	-315.73
349.407	-438.61
349.623	282.28
349.839	216.74
350.055	-258.39
350.27	-14.68
350.486	169.64
350.702	335.53
350.918	347.81
351.133	-112.98
351.349	243.37
351.565	530.08
351.781	-375.12
351.996	-0.34
352.212	243.37
352.428	114.34
352.644	-239.95
352.859	-196.95
353.075	298.66
353.291	190.12
353.506	-108.88
353.722	-385.36
353.938	73.39
354.153	450.21
354.369	263.85
354.584	-264.53
354.8	351.91
355.016	-67.92
355.231	-340.3
355.447	-47.44
355.662	462.5
355.878	814.75
356.093	-422.22
356.309	-41.3
356.524	-78.16
356.74	523.94
356.955	-348.5
357.171	-26.96
357.386	210.6
357.602	-41.3
357.817	11.95
358.033	-145.75
358.248	341.67
358.464	394.92
358.679	-194.9
358.895	-387.41
359.11	87.72
359.325	249.51
359.541	491.17
359.756	26.28
359.972	-61.78
360.187	575.14
360.402	-309.58
360.618	-311.63
360.833	1738.38
361.048	212.65
361.264	-205.14
361.479	3.75
361.694	243.37
361.909	323.24
362.125	-301.39
362.34	-90.45
362.555	392.87
362.77	169.64
362.986	-272.72
363.201	-117.08
363.416	313
363.631	194.22
363.847	-233.81
364.062	-188.75
364.277	253.61
364.492	108.2
364.707	-196.95
364.922	-348.5
365.138	298.66
365.353	450.21
365.568	-373.07
365.783	-94.55
365.998	515.75
366.213	693.92
366.428	-217.43
366.643	229.03
366.858	435.88
367.073	384.68
367.288	-92.5
367.503	-278.87
367.718	147.11
367.933	568.99
368.148	-274.77
368.363	16.04
368.578	370.34
368.793	724.64
369.008	-168.27
369.223	-299.34
369.438	358.05
369.653	298.66
369.868	-315.73
370.083	-282.96
370.298	235.18
370.513	597.67
370.728	261.8
370.943	-227.67
371.157	50.86
371.372	730.78
371.587	-248.15
371.802	-368.98
372.017	239.27
372.232	523.94
372.446	-35.16
372.661	-194.9
372.876	196.26
373.091	392.87
373.306	-125.27
373.52	-309.58
373.735	110.25
373.95	636.58
374.165	-92.5
374.379	-133.46
374.594	138.92
374.809	581.28
375.023	196.26
375.238	-155.99
375.453	480.93
375.667	83.63
375.882	-172.37
376.097	-258.39
376.311	100.01
376.526	433.83
376.741	-260.43
376.955	325.29
377.17	689.82
377.384	1126.04
377.599	163.5
377.813	-295.25
378.028	954.01
378.242	507.55
378.457	-16.73
378.672	-299.34
378.886	102.06
379.101	179.88
379.315	-348.5
379.53	24.23
379.744	511.65
379.958	489.12
380.173	-53.59
380.387	-172.37
380.602	482.98
380.816	136.87
381.031	-16.73
381.245	-69.97
381.459	388.77
381.674	1138.33
381.888	-301.39
382.103	384.68
382.317	167.59
382.531	468.64
382.746	104.11
382.96	-100.69
383.174	192.17
383.388	921.24
383.603	237.22
383.817	-162.13
384.031	235.18
384.246	573.09
384.46	95.91
384.674	986.78
384.888	198.31
385.103	503.46
385.317	-315.73
385.531	188.07
385.745	992.92
385.959	612
386.174	-137.56
386.388	-125.27
386.602	290.47
386.816	269.99
387.03	-74.07
387.244	-10.58
387.458	429.73
387.672	575.14
387.887	-250.19
388.101	-76.12
388.315	511.65
388.529	267.94
388.743	7.85
388.957	-49.49
389.171	738.98
389.385	106.15
389.599	-160.08
389.813	155.3
390.027	333.48
390.241	1052.31
390.455	-2.39
390.669	50.86
390.883	306.85
391.097	800.41
391.311	296.61
391.525	-78.16
391.738	765.6
391.952	685.73
392.166	216.74
392.38	-139.6
392.594	626.34
392.808	517.79
393.022	155.3
393.236	120.49
393.449	444.07
393.663	808.61
393.877	-74.07
394.091	122.54
394.305	411.3
394.518	286.37
394.732	-82.26
394.946	73.39
395.16	1058.46
395.373	351.91
395.587	-104.79
395.801	7.85
396.015	632.48
396.228	554.66
396.442	-90.45
396.656	-211.28
396.869	628.39
397.083	1046.17
397.297	159.4
397.51	46.76
397.724	523.94
397.938	532.13
398.151	-291.15
398.365	-153.94
398.578	695.97
398.792	868
399.005	298.66
399.219	-35.16
399.433	489.12
399.646	628.39
399.86	349.86
400.073	556.71
400.287	593.57
400.5	659.1
400.714	345.77
400.927	278.18
401.141	851.61
401.354	2131.59
401.567	818.85
401.781	-119.12
401.994	644.77
402.208	1066.65
402.421	198.31
402.635	9.9
402.848	239.27
403.061	728.74
403.275	282.28
403.488	-26.96
403.701	878.24
403.915	896.67
404.128	349.86
404.341	112.3
404.555	1095.32
404.768	337.57
404.981	552.61
405.195	169.64
405.408	902.81
405.621	798.37
405.834	501.41
406.048	34.47
406.261	884.38
406.474	747.17
406.687	138.92
406.9	360.1
407.114	726.69
407.327	933.53
407.54	-14.68
407.753	-55.64
407.966	452.26
408.179	689.82
408.392	183.98
408.605	-108.88
408.819	720.54
409.032	892.57
409.245	243.37
409.458	605.86
409.671	745.12
409.884	876.19
410.097	24.23
410.31	437.92
410.523	1089.18
410.736	636.58
410.949	417.44
411.162	202.41
411.375	818.85
411.588	763.55
411.801	521.89
412.014	200.36
412.227	530.08
412.44	695.97
412.653	204.46
412.865	624.29
413.078	933.53
413.291	900.76
413.504	511.65
413.717	122.54
413.93	1011.36
414.143	550.56
414.356	472.74
414.568	120.49
414.781	978.59
414.994	906.91
415.207	540.32
415.42	511.65
415.632	886.43
415.845	1265.3
416.058	165.54
416.271	261.8
416.483	1003.16
416.696	1105.56
416.909	382.63
417.121	323.24
417.334	720.54
417.547	1072.79
417.759	343.72
417.972	284.33
418.185	663.2
418.397	935.58
418.61	351.91
418.823	267.94
419.035	1146.52
419.248	939.68
419.46	474.79
419.673	614.05
419.885	775.84
420.098	870.05
420.311	464.55
420.523	143.02
420.736	1080.99
420.948	876.19
421.161	337.57
421.373	343.72
421.586	685.73
421.798	700.06
422.01	110.25
422.223	714.4
422.435	628.39
422.648	1130.14
422.86	454.31
423.073	628.39
423.285	855.71
423.497	747.17
423.71	388.77
423.922	544.42
424.134	1369.75
424.347	1457.81
424.559	902.81
424.771	999.07
424.984	1070.75
425.196	1078.94
425.408	390.82
425.621	403.11
425.833	1212.06
426.045	1384.09
426.257	415.4
426.47	714.4
426.682	892.57
426.894	1009.31
427.106	562.85
427.318	722.59
427.531	937.63
427.743	1093.27
427.955	736.93
428.167	1363.61
428.379	917.15
428.591	960.16
428.804	794.27
429.016	544.42
429.228	1228.44
429.44	1261.21
429.652	14329.3
429.864	468.64
430.076	1193.62
430.288	1199.77
430.5	976.54
430.712	915.1
430.924	1191.58
431.136	1341.08
431.348	601.76
431.56	722.59
431.772	1042.07
431.984	980.64
432.196	517.79
432.408	732.83
432.62	1191.58
432.832	1463.96
433.044	1060.51
433.256	935.58
433.468	1402.52
433.679	1013.4
433.891	655.01
434.103	1150.62
434.315	1650.32
434.527	1423
434.739	1144.47
434.95	874.14
435.162	1375.89
435.374	906.91
435.586	990.88
435.798	896.67
436.009	1152.67
436.221	1285.78
436.433	1119.9
436.645	954.01
436.856	1197.72
437.068	1683.09
437.28	927.39
437.491	1304.21
437.703	1646.23
437.915	1367.7
438.126	992.92
438.338	1515.16
438.55	1375.89
438.761	1392.28
438.973	1058.46
439.184	960.16
439.396	1293.97
439.608	1418.9
439.819	925.34
440.031	1130.14
440.242	1699.47
440.454	1650.32
440.665	1177.24
440.877	1359.51
441.088	1730.19
441.3	1535.64
441.511	845.47
441.723	1146.52
441.934	1922.7
442.146	1697.42
442.357	1216.15
442.569	1709.71
442.78	1730.19
442.991	2268.81
443.203	1670.8
443.414	1253.02
443.626	2029.2
443.837	1459.86
444.048	1119.9
444.26	966.3
444.471	1826.45
444.682	1762.96
444.894	1072.79
445.105	1083.03
445.316	1873.55
445.528	1797.78
445.739	1425.04
445.95	1410.71
446.161	1635.99
446.373	1640.08
446.584	1334.93
446.795	1363.61
447.006	2047.63
447.217	1908.37
447.429	1158.81
447.64	1064.6
447.851	2643.59
448.062	2090.63
448.273	1205.91
448.484	1296.02
448.695	1924.75
448.907	1810.06
449.118	1392.28
449.329	1748.62
449.54	1765.01
449.751	1719.95
449.962	1367.7
450.173	1244.82
450.384	1830.54
450.595	2242.18
450.806	1517.2
451.017	1466
451.228	2238.09
451.439	2014.86
451.65	1578.64
451.861	1218.2
452.072	1879.69
452.283	1965.71
452.494	1789.58
452.705	1515.16
452.915	2485.89
453.126	2141.83
453.337	1650.32
453.548	1509.01
453.759	2369.16
453.97	2387.59
454.181	2135.69
454.391	1672.85
454.602	2186.89
454.813	2483.84
455.024	1765.01
455.235	1752.72
455.445	2397.83
455.656	2297.48
455.867	2092.68
456.078	1889.93
456.288	2045.58
456.499	2510.47
456.71	1771.15
456.921	2270.86
457.131	2408.07
457.342	2311.82
457.553	1799.82
457.763	1951.37
457.974	2401.93
458.184	2403.97
458.395	1867.41
458.606	1658.51
458.816	2752.13
459.027	2918.01
459.237	2096.78
459.448	1910.41
459.659	2547.33
459.869	3399.29
460.08	1978
460.29	2483.84
460.501	2903.68
460.711	2623.11
460.922	1865.36
461.132	2059.92
461.343	3495.54
461.553	2426.5
461.764	2197.13
461.974	2182.79
462.184	2772.61
462.395	3061.37
462.605	2446.98
462.816	1998.48
463.026	2942.59
463.236	2991.74
463.447	2322.06
463.657	2293.38
463.867	3165.82
464.078	2791.04
464.288	2451.08
464.498	2623.11
464.709	2946.69
464.919	3024.51
465.129	2608.77
465.339	2403.97
465.55	3178.11
465.76	3503.73
465.97	2442.89
466.18	2711.17
466.391	3462.77
466.601	3151.48
466.811	2948.73
467.021	2670.21
467.231	3413.62
467.441	3612.28
467.651	3018.36
467.862	2621.06
468.072	3395.19
468.282	3454.58
468.492	2778.75
468.702	3106.43
468.912	3628.66
469.122	4417.13
469.332	3485.3
469.542	3231.35
469.752	4255.34
469.962	3731.06
470.172	3128.95
470.382	3174.01
470.592	4111.98
470.802	4095.6
471.012	3765.87
471.222	3516.02
471.432	4091.5
471.642	4281.96
471.852	3849.84
472.062	3503.73
472.272	4087.4
472.482	4058.73
472.691	3620.47
472.901	3602.04
473.111	4124.27
473.321	4761.19
473.531	3819.12
473.741	4228.71
473.95	4623.97
474.16	4531.81
474.37	4288.11
474.58	4001.39
474.79	5330.52
474.999	4662.88
475.209	4157.04
475.419	4392.55
475.628	4933.22
475.838	5439.06
476.048	4595.3
476.258	4197.99
476.467	5398.1
476.677	5004.89
476.886	4953.7
477.096	4828.77
477.306	5295.71
477.515	5566.04
477.725	5162.59
477.935	4949.6
478.144	6088.27
478.354	5353.05
478.563	5183.07
478.773	4980.32
478.982	5987.92
479.192	5834.32
479.401	5387.86
479.611	5359.19
479.82	5570.13
480.03	6000.21
480.239	5525.08
480.449	5326.43
480.658	6389.32
480.868	6026.83
481.077	5918.29
481.287	5750.35
481.496	6374.99
481.705	6694.47
481.915	6409.8
482.124	6213.2
482.333	6790.72
482.543	6997.57
482.752	6426.18
482.961	6192.72
483.171	6839.87
483.38	6719.04
483.589	6430.28
483.799	6217.29
484.008	6800.96
484.217	6798.91
484.426	6563.4
484.636	6350.41
484.845	7343.67
485.054	7063.1
485.263	7251.52
485.472	6788.68
485.682	7552.57
485.891	7306.81
486.1	6725.19
486.309	6876.74
486.518	7900.72
486.727	8637.99
486.936	6999.62
487.146	7439.93
487.355	8130.09
487.564	7677.49
487.773	7491.13
487.982	7618.1
488.191	7874.1
488.4	8482.35
488.609	7546.42
488.818	7687.73
489.027	8607.27
489.236	8521.26
489.445	7929.39
489.654	7775.8
489.863	8654.37
490.072	8373.8
490.281	8570.41
490.49	8433.19
490.698	9061.92
490.907	9358.88
491.116	8414.76
491.325	8023.6
491.534	8986.15
491.743	8635.94
491.952	8412.71
492.16	8736.29
492.369	9367.07
492.578	9330.2
492.787	8726.05
492.996	8984.1
493.204	9426.46
493.413	9754.13
493.622	8674.85
493.831	8584.74
494.039	9799.19
494.248	9223.71
494.457	9131.55
494.665	9043.49
494.874	9725.46
495.083	10505.74
495.291	9176.61
495.5	9066.02
495.709	9977.36
495.917	9936.4
496.126	9768.47
496.335	9459.23
496.543	9952.79
496.752	10343.95
496.96	9975.31
497.169	9467.42
497.377	10206.73
497.586	10335.76
497.794	9952.79
498.003	9543.19
498.211	10497.55
498.42	10821.13
498.628	10120.72
498.837	9987.6
499.045	10415.63
499.254	10690.06
499.462	10104.34
499.671	9940.5
499.879	11566.59
500.087	11105.79
500.296	10077.71
500.504	10362.38
500.713	10855.94
500.921	11533.82
501.129	10368.52
501.338	10364.43
501.546	11480.57
501.754	10853.89
501.962	10513.93
502.171	10589.71
502.379	11464.19
502.587	11486.72
502.795	10628.62
503.004	10761.73
503.212	11773.43
503.42	11888.12
503.628	11193.86
503.837	11191.81
504.045	11802.1
504.253	12344.81
504.461	11073.03
504.669	11101.7
504.877	12393.97
505.085	12142.07
505.294	11064.83
505.502	11513.34
505.71	12541.42
505.918	11947.51
506.126	11156.99
506.334	11353.6
506.542	12445.16
506.75	12033.52
506.958	11798.01
507.166	11564.54
507.374	12097.01
507.582	12479.98
507.79	11871.73
507.998	11769.34
508.206	12746.22
508.414	12449.26
508.622	11630.07
508.83	12047.86
509.037	12703.21
509.245	12174.83
509.453	11890.17
509.661	11881.97
509.869	13002.21
510.077	12557.8
510.285	12248.56
510.492	11877.88
510.7	13331.94
510.908	12660.2
511.116	12166.64
511.324	12152.31
511.531	12668.39
511.739	13077.99
511.947	12799.46
512.155	12621.29
512.362	13061.6
512.57	12664.3
512.778	12314.09
512.985	12156.4
513.193	13073.89
513.401	13522.4
513.608	12641.77
513.816	12672.49
514.024	13217.25
514.231	13452.77
514.439	12791.27
514.646	12996.07
514.854	13714.91
515.061	13383.13
515.269	13135.33
515.477	13071.84
515.684	13376.99
515.892	14011.86
516.099	12781.03
516.307	12742.12
516.514	14054.87
516.722	14179.79
516.929	12998.12
517.136	13149.67
517.344	13925.85
517.551	13946.33
517.759	12955.11
517.966	13467.1
518.173	13831.64
518.381	14110.16
518.588	13491.68
518.796	13385.18
519.003	14099.92
519.21	14241.23
519.418	13686.23
519.625	14042.58
519.832	14089.68
520.039	14575.05
520.247	13508.06
520.454	13997.53
520.661	14446.03
520.868	14591.44
521.076	13946.33
521.283	14003.67
521.49	15125.96
521.697	14804.42
521.904	13837.78
522.112	14251.47
522.319	14822.86
522.526	14521.81
522.733	14187.99
522.94	14376.4
523.147	14878.15
523.354	14808.52
523.561	14085.59
523.768	14546.38
523.975	15244.74
524.183	14976.45
524.39	14781.9
524.597	14413.26
524.804	15146.44
525.011	15025.61
525.218	14677.45
525.425	14593.48
525.632	15680.96
525.838	15406.53
526.045	15025.61
526.252	14915.02
526.459	17300.9
526.666	17284.51
526.873	15119.81
527.08	15001.03
527.287	15912.38
527.494	15744.44
527.701	15009.22
527.907	14816.71
528.114	15848.89
528.321	15807.93
528.528	15111.62
528.735	15289.79
528.941	15695.29
529.148	15414.72
529.355	15453.63
529.562	15439.3
529.768	16733.61
529.975	15900.09
530.182	15343.04
530.388	15531.45
530.595	16227.76
530.802	15789.5
531.008	16043.45
531.215	15871.42
531.422	17352.1
531.628	17393.06
531.835	15889.85
532.042	15984.05
532.248	16532.91
532.455	16496.05
532.661	15785.4
532.868	15861.18
533.074	17026.47
533.281	17288.61
533.487	16063.93
533.694	16174.52
533.9	16842.15
534.107	16510.38
534.313	16199.09
534.52	16238
534.726	17030.57
534.933	17685.92
535.139	16588.21
535.345	16387.5
535.552	17532.32
535.758	17374.63
535.965	16833.96
536.171	16555.44
536.377	17243.56
536.584	18179.48
536.79	16598.45
536.996	17059.24
537.203	17929.63
537.409	17884.57
537.615	17032.61
537.821	17028.52
538.028	18163.09
538.234	17513.89
538.44	17272.23
538.646	16956.84
538.853	17802.65
539.059	17524.13
539.265	17868.19
539.471	17145.25
539.677	18169.24
539.883	17802.65
540.09	19203.46
540.296	18091.41
540.502	18083.22
540.708	18075.03
540.914	18154.9
541.12	17509.79
541.326	17978.78
541.532	18304.4
541.738	17751.45
541.944	17819.03
542.15	18691.47
542.356	18615.69
542.562	17823.13
542.768	17649.05
542.974	18812.3
543.18	18697.61
543.386	18093.46
543.592	18091.41
543.798	19246.47
544.004	19084.68
544.21	18242.96
544.415	18513.3
544.621	19328.39
544.827	19494.27
545.033	18556.3
545.239	19113.35
545.445	18939.27
545.651	19430.79
545.856	18353.55
546.062	18539.92
546.268	19076.49
546.474	19269
546.679	18314.64
546.885	18697.61
547.091	19215.75
547.297	19766.65
547.502	18797.96
547.708	18883.98
547.914	19031.43
548.119	19705.21
548.325	18517.39
548.531	18318.74
548.736	19770.75
548.942	19473.79
549.147	18750.86
549.353	19101.06
549.559	19840.38
549.764	19922.3
549.97	18607.5
550.175	18853.26
550.381	19891.58
550.586	19375.49
550.792	19314.05
550.997	19092.87
551.203	20086.14
551.408	20055.42
551.614	19090.82
551.819	19408.26
552.025	20651.38
552.23	20223.35
552.435	19451.27
552.641	20487.54
552.846	20143.48
553.052	21079.4
553.257	20172.15
553.462	19830.14
553.668	20260.21
553.873	20594.03
554.078	19758.46
554.283	19844.48
554.489	20651.38
554.694	20329.84
554.899	19836.28
555.105	20098.42
555.31	20639.09
555.515	20970.86
555.72	20053.37
555.925	21228.9
556.131	21149.03
556.336	20698.48
556.541	20155.77
556.746	20174.2
556.951	21138.79
557.156	21269.86
557.361	20327.8
557.567	20811.12
557.772	21345.64
557.977	21411.17
558.182	20376.95
558.387	20409.72
558.592	20727.15
558.797	21402.98
559.002	20667.76
559.207	20850.03
559.412	21716.32
559.617	22166.87
559.822	20882.8
560.027	20788.59
560.232	21304.68
560.437	21413.22
560.642	20714.86
560.847	20753.77
561.051	21640.54
561.256	21726.56
561.461	21255.53
561.666	21097.83
561.871	21429.6
562.076	21839.2
562.281	21077.35
562.485	20825.45
562.69	21888.35
562.895	21839.2
563.1	21251.43
563.305	20958.57
563.509	21900.64
563.714	22392.15
563.919	21394.79
564.123	21005.67
564.328	21505.38
564.533	22050.14
564.737	20974.95
564.942	21077.35
565.147	21998.94
565.351	22345.05
565.556	21224.81
565.761	21265.77
565.965	22285.65
566.17	21990.75
566.374	21273.96
566.579	21337.45
566.784	21949.79
566.988	22383.96
567.193	21771.61
567.397	22023.51
567.602	22132.06
567.806	22422.87
568.011	21945.69
568.215	22320.47
568.42	22152.54
568.624	22433.11
568.828	21937.5
569.033	21611.87
569.237	23014.73
569.442	22719.82
569.646	21624.16
569.85	22078.81
570.055	22752.59
570.259	22953.29
570.463	22680.91
570.668	21933.4
570.872	22429.01
571.076	22764.88
571.281	22019.42
571.485	22005.08
571.689	22689.1
571.893	23070.03
572.098	22547.79
572.302	22166.87
572.506	23035.21
572.71	23074.12
572.914	22332.76
573.119	22406.48
573.323	23448.9
573.527	23483.72
573.731	22842.7
573.935	22908.24
574.139	23278.92
574.343	23039.31
574.547	22553.94
574.751	22949.2
574.955	23522.63
575.159	23713.09
575.364	22654.29
575.568	22871.37
575.772	23573.83
575.976	23571.78
576.18	22865.23
576.383	23328.07
576.587	24153.4
576.791	24014.14
576.995	22887.76
577.199	23166.28
577.403	23649.6
577.607	23723.33
577.811	23254.34
578.015	23299.4
578.219	23889.21
578.422	24005.95
578.626	23305.54
578.83	23768.38
579.034	24513.84
579.238	24098.11
579.442	23321.93
579.645	23956.8
579.849	23985.47
580.053	24384.82
580.257	23315.78
580.46	23758.14
580.664	24372.53
580.868	24376.63
581.071	24180.03
581.275	23708.99
581.479	24087.87
581.682	24593.72
581.886	23780.67
582.09	23833.92
582.293	24767.79
582.497	24735.03
582.7	24356.15
582.904	24155.45
583.107	24886.57
583.311	24743.22
583.515	24280.38
583.718	24098.11
583.922	24706.35
584.125	25466.15
584.329	24214.84
584.532	24194.36
584.735	25101.61
584.939	25019.69
585.142	24116.54
585.346	23815.49
585.549	24974.64
585.753	24900.91
585.956	24235.32
586.159	24757.55
586.363	25371.94
586.566	25349.42
586.769	24263.99
586.973	24454.45
587.176	25529.64
587.379	25621.8
587.582	24943.92
587.786	24757.55
587.989	25629.99
588.192	26699.03
588.395	24911.15
588.599	25048.36
588.802	25550.12
589.005	25541.92
589.208	25132.33
589.411	25091.37
589.615	25464.1
589.818	26275.1
590.021	25773.35
590.224	25103.66
590.427	26150.17
590.63	26184.99
590.833	25058.6
591.036	25445.67
591.239	25974.05
591.442	25924.9
591.645	25593.12
591.848	25359.66
592.051	25871.65
592.254	26055.97
592.457	25834.78
592.66	25568.55
592.863	26062.11
593.066	26576.15
593.269	25627.94
593.472	25810.21
593.675	26477.85
593.878	26801.43
594.081	26019.1
594.284	25724.19
594.486	26701.08
594.689	26500.37
594.892	25924.9
595.095	25990.43
595.298	26889.49
595.5	26590.48
595.703	26410.26
595.906	26361.11
596.109	27053.33
596.311	26946.83
596.514	25498.92
596.717	26266.91
596.92	27397.38
597.122	27112.72
597.325	25980.19
597.528	26252.57
597.73	27639.04
597.933	27243.79
598.136	26537.24
598.338	26191.13
598.541	27520.26
598.743	27620.61
598.946	26653.97
599.148	27096.33
599.351	27518.21
599.554	27274.51
599.756	26914.06
599.959	26973.46
600.161	27381
600.363	27993.34
600.566	27440.39
600.768	26854.67
600.971	27585.8
601.173	27604.23
601.376	27075.85
601.578	26961.17
601.78	27522.31
601.983	28380.41
602.185	26869.01
602.388	27413.77
602.59	27933.95
602.792	28202.24
602.995	27270.41
603.197	27053.33
603.399	28296.44
603.601	28433.66
603.804	27354.38
604.006	27321.61
604.208	27559.17
604.41	27383.05
604.613	27729.16
604.815	27305.23
605.017	28187.9
605.219	27606.28
605.421	27745.54
605.623	27469.06
605.826	28710.13
606.028	28464.38
606.23	27571.46
606.432	27421.96
606.634	28335.35
606.836	28364.03
607.038	27258.12
607.24	27692.29
607.442	28595.45
607.644	28372.22
607.846	27958.53
608.048	27591.94
608.25	28259.58
608.452	28011.78
608.654	27819.27
608.856	26963.22
609.058	28298.49
609.26	28597.49
609.462	27940.1
609.664	27794.69
609.866	28226.81
610.067	28388.6
610.269	27720.96
610.471	27637
610.673	28267.77
610.875	28648.69
611.077	27524.36
611.278	27727.11
611.48	28431.61
611.682	29013.23
611.884	28144.89
612.085	27895.04
612.287	28404.99
612.489	28716.28
612.69	27579.65
612.892	28146.94
613.094	28933.36
613.295	28075.26
613.497	27673.86
613.699	28128.51
613.9	28818.67
614.102	28833.01
614.304	28091.65
614.505	27778.31
614.707	28339.45
614.908	28906.74
615.11	28048.64
615.311	28144.89
615.513	28622.07
615.714	28742.9
615.916	28007.68
616.117	28493.05
616.319	28546.3
616.52	28761.33
616.722	27987.2
616.923	28036.35
617.124	28992.75
617.326	28607.73
617.527	28404.99
617.729	28605.69
617.93	28990.7
618.131	29095.15
618.333	28105.98
618.534	28378.36
618.735	29218.03
618.937	29078.77
619.138	28140.8
619.339	27938.05
619.54	29076.72
619.742	28818.67
619.943	28374.27
620.144	28507.38
620.345	29324.52
620.546	28921.07
620.748	28929.27
620.949	28962.03
621.15	29428.97
621.351	29199.6
621.552	28548.34
621.753	28708.08
621.954	29236.46
622.155	29996.26
622.356	28556.53
622.558	28761.33
622.759	29654.25
622.96	29218.03
623.161	28290.3
623.362	28019.97
623.563	29002.99
623.764	29179.12
623.965	28065.02
624.166	28923.12
624.366	28654.84
624.567	29181.17
624.768	28235
624.969	28339.45
625.17	28634.36
625.371	29019.38
625.572	28523.77
625.773	28284.16
625.973	29179.12
626.174	29150.45
626.375	28585.21
626.576	28720.37
626.777	29334.76
626.977	29287.66
627.178	28964.08
627.379	28898.55
627.58	29482.22
627.78	29146.35
627.981	28783.86
628.182	28931.31
628.382	29345
628.583	28957.94
628.784	28728.56
628.984	28867.83
629.185	29488.36
629.386	29457.64
629.586	29338.86
629.787	28652.79
629.987	29543.66
630.188	29646.05
630.388	28865.78
630.589	28984.56
630.79	29945.06
630.99	29316.33
631.191	28959.98
631.391	29375.72
631.591	29576.42
631.792	29525.22
631.992	29213.93
632.193	29490.41
632.393	29707.49
632.594	29543.66
632.794	28763.38
632.994	29281.52
633.195	29285.61
633.395	29476.07
633.595	29205.74
633.796	29289.71
633.996	29760.74
634.196	29955.3
634.397	29037.81
634.597	29213.93
634.797	29560.04
634.997	29924.58
635.198	29711.59
635.398	29222.12
635.598	30233.82
635.798	29875.43
635.998	29592.81
636.199	29349.1
636.399	29486.31
636.599	29244.65
636.799	29281.52
636.999	29314.28
637.199	30018.78
637.399	30078.18
637.599	29433.07
637.799	29635.81
637.999	30182.62
638.199	30338.27
638.399	29777.12
638.599	29549.8
638.799	30291.16
638.999	30762.2
639.199	30110.94
639.399	29633.77
639.599	30199.01
639.799	29986.02
639.999	29258.99
640.199	29697.25
640.399	30115.04
640.599	29951.2
640.799	29807.84
640.998	30379.23
641.198	30346.46
641.398	30430.43
641.598	29930.72
641.798	30129.37
641.997	31466.7
642.197	30371.04
642.397	30330.08
642.597	29822.18
642.796	30674.13
642.996	30479.58
643.196	30106.85
643.395	30104.8
643.595	30788.82
643.795	30577.88
643.994	30385.37
644.194	30360.8
644.394	30985.43
644.593	31136.98
644.793	30373.08
644.992	30717.14
645.192	31204.56
645.392	30541.02
645.591	30969.04
645.791	30676.18
645.99	31354.06
646.19	30756.05
646.389	30000.35
646.589	30317.79
646.788	30803.16
646.987	31032.53
647.187	30944.47
647.386	30745.81
647.586	30762.2
647.785	31055.06
647.984	29891.81
648.184	30270.68
648.383	30553.3
648.582	30409.95
648.782	30074.08
648.981	30520.54
649.18	30346.46
649.38	30829.78
649.579	30676.18
649.778	30291.16
649.977	31169.74
650.177	31202.51
650.376	31089.87
650.575	30489.82
650.774	31237.33
650.973	31235.28
651.173	30203.1
651.372	30819.54
651.571	31116.5
651.77	31005.91
651.969	30538.97
652.168	30735.57
652.367	30844.12
652.566	31222.99
652.765	31003.86
652.964	31378.64
653.163	31440.07
653.362	31452.36
653.561	30629.08
653.76	31012.05
653.959	31098.06
654.158	31612.1
654.357	30629.08
654.556	30682.33
654.755	31722.69
654.954	31147.22
655.153	30407.9
655.352	30977.23
655.551	31628.49
655.749	31552.71
655.948	30602.46
656.147	31196.37
656.346	31284.43
656.545	31401.16
656.743	30475.48
656.942	30905.56
657.141	31089.87
657.34	31249.61
657.538	30379.23
657.737	30876.88
657.936	31452.36
658.135	31059.15
658.333	30547.16
658.532	30997.71
658.731	31665.35
658.929	31481.03
659.128	31313.1
659.326	31024.34
659.525	31956.16
659.724	31634.63
659.922	30782.68
660.121	30698.71
660.319	31644.87
660.518	31491.27
660.716	31382.73
660.915	31364.3
661.113	32265.41
661.312	31558.86
661.51	31222.99
661.709	31075.54
661.907	31732.93
662.105	31829.19
662.304	31675.59
662.502	31921.35
662.701	31880.39
662.899	31968.45
663.097	31923.4
663.296	31362.25
663.494	32152.77
663.692	32181.44
663.891	31399.12
664.089	31321.29
664.287	31861.96
664.485	32023.75
664.684	31530.19
664.882	31405.26
665.08	31589.58
665.278	32019.65
665.476	31401.16
665.675	31761.61
665.873	31927.49
666.071	32105.66
666.269	31075.54
666.467	32044.23
666.665	31999.17
666.863	31671.5
667.061	31259.85
667.259	31616.2
667.457	31560.91
667.655	31853.76
667.853	31309
668.051	31315.15
668.249	31157.46
668.447	31786.18
668.645	30717.14
668.843	31642.82
669.041	31775.94
669.239	31327.44
669.437	31444.17
669.635	31724.74
669.833	31616.2
670.031	32011.46
670.229	31618.25
670.426	31851.72
670.624	31626.44
670.822	31491.27
671.02	31335.63
671.218	31567.05
671.415	31352.01
671.613	31478.99
671.811	31325.39
672.009	31626.44
672.206	32003.27
672.404	31431.88
672.602	31343.82
672.799	31274.19
672.997	32060.61
673.195	31935.68
673.392	31388.88
673.59	30764.25
673.788	31655.11
673.985	31022.29
674.183	31487.18
674.38	31435.98
674.578	32054.47
674.775	31485.13
674.973	30813.4
675.17	30782.68
675.368	31446.22
675.565	31370.44
675.763	31284.43
675.96	30842.07
676.158	31319.24
676.355	31120.59
676.553	30942.42
676.75	30713.05
676.947	31573.19
677.145	31495.37
677.342	31177.93
677.539	30788.82
677.737	31487.18
677.934	31478.99
678.131	30862.55
678.329	30948.56
678.526	31911.11
678.723	31558.86
678.92	30895.32
679.118	30842.07
679.315	31341.77
679.512	31706.31
679.709	31268.05
679.906	31036.63
680.104	31964.35
680.301	31610.06
680.498	30893.27
680.695	30954.71
680.892	31122.64
681.089	31634.63
681.286	30911.7
681.483	30377.18
681.68	30905.56
681.877	31108.3
682.075	30901.46
682.272	30952.66
682.469	31388.88
682.665	30942.42
682.862	30311.64
683.059	30702.81
683.256	31143.12
683.453	30721.24
683.65	30280.92
683.847	30608.6
684.044	30588.12
684.241	30411.99
684.438	30780.63
684.635	30334.17
684.831	31732.93
685.028	31218.89
685.225	30252.25
685.422	30440.67
685.619	31118.54
685.815	30385.37
686.012	30612.7
686.209	30403.8
686.405	30563.54
686.602	30872.79
686.799	30164.19
686.996	30291.16
687.192	30420.19
687.389	31583.43
687.586	30151.9
687.782	30524.63
687.979	31497.42
688.175	30594.26
688.372	30108.9
688.568	30549.21
688.765	30389.47
688.962	31007.95
689.158	29863.14
689.355	30067.94
689.551	30530.78
689.748	30694.61
689.944	30170.33
690.14	30201.05
690.337	30457.05
690.533	30684.37
690.73	30244.06
690.926	30022.88
691.123	30375.13
691.319	30450.91
691.515	29865.19
691.712	30166.24
691.908	30498.01
692.104	30414.04
692.301	30358.75
692.497	29760.74
692.693	30465.24
692.889	30446.81
693.086	30074.08
693.282	29861.09
693.478	30452.95
693.674	30510.3
693.87	29986.02
694.067	29732.07
694.263	30405.85
694.459	30278.88
694.655	30477.53
694.851	30246.11
695.047	30502.11
695.243	30610.65
695.439	29834.47
695.635	29838.56
695.831	30385.37
696.027	30164.19
696.224	29678.82
696.42	30428.38
696.615	30921.94
696.811	30864.6
697.007	29488.36
697.203	29644.01
697.399	30276.83
697.595	30291.16
697.791	29717.73
697.987	29601
698.183	30045.41
698.379	29228.27
698.575	29371.63
698.77	29457.64
698.966	29990.11
699.162	30035.17
699.358	29351.15
699.554	29523.18
699.749	30282.97
699.945	30262.49
700.141	29727.97
700.337	29459.69
700.532	29750.5
700.728	29615.33
700.924	29265.13
701.119	29488.36
701.315	29813.99
701.511	29373.67
701.706	29551.85
701.902	28775.67
702.097	29945.06
702.293	29449.45
702.489	29113.58
702.684	29054.19
702.88	29852.9
703.075	29322.48
703.271	29103.34
703.466	29287.66
703.662	29209.84
703.857	29664.49
704.053	29480.17
704.248	29261.04
704.443	29887.71
704.639	29560.04
704.834	29144.3
705.03	29002.99
705.225	29261.04
705.42	29316.33
705.616	29064.43
705.811	29258.99
706.006	29601
706.202	29762.79
706.397	29619.43
706.592	28943.6
706.787	29467.88
706.983	28916.98
707.178	29766.88
707.373	29390.06
707.568	29375.72
707.763	29390.06
707.959	28880.11
708.154	29060.34
708.349	29015.28
708.544	29809.89
708.739	29269.23
708.934	28708.08
709.129	29113.58
709.324	29451.5
709.519	28820.72
709.714	28116.22
709.909	29345
710.104	29080.81
710.299	28060.93
710.494	28474.62
710.689	28845.3
710.884	28943.6
711.079	28470.52
711.274	28884.21
711.469	29449.45
711.664	29179.12
711.859	28673.27
712.054	28718.32
712.249	29121.77
712.443	29066.48
712.638	28495.1
712.833	28431.61
713.028	29172.97
713.223	28749.04
713.417	28577.01
713.612	28607.73
713.807	29621.48
714.002	29813.99
714.196	28740.85
714.391	28163.32
714.586	29123.82
714.78	29308.14
714.975	28321.02
715.17	28273.92
715.364	29136.11
715.559	29228.27
715.754	27933.95
715.948	28065.02
716.143	29250.8
716.337	28357.88
716.532	29170.93
716.726	28617.97
716.921	29289.71
717.115	29095.15
717.31	28155.13
717.504	29742.31
717.699	28974.32
717.893	28833.01
718.088	28167.42
718.282	28316.92
718.476	28841.2
718.671	29050.1
718.865	28402.94
719.059	28482.81
719.254	28671.22
719.448	29033.71
719.642	30674.13
719.837	27641.09
720.031	30248.16
720.225	28638.45
720.419	28540.15
720.614	27784.45
720.808	28538.1
721.002	28196.09
721.196	27653.38
721.39	27694.34
721.585	28419.32
721.779	28548.34
721.973	28042.49
722.167	27467.02
722.361	28056.83
722.555	28153.09
722.749	27782.4
722.943	27854.08
723.137	27542.79
723.331	27712.77
723.525	27815.17
723.719	27872.51
723.913	28161.28
724.107	28663.03
724.301	27907.33
724.495	27460.87
724.689	28632.31
724.883	28085.5
725.077	27432.2
725.271	27276.55
725.465	27841.79
725.659	27284.75
725.853	27491.59
726.046	27231.5
726.24	27383.05
726.434	27718.92
726.628	26922.26
726.822	27432.2
727.015	28022.02
727.209	28656.89
727.403	27520.26
727.596	27082
727.79	28058.88
727.984	28118.27
728.177	27876.61
728.371	27733.25
728.565	28136.7
728.758	27833.6
728.952	27579.65
729.146	27467.02
729.339	28544.25
729.533	27890.95
729.726	27831.55
729.92	27690.24
730.113	28380.41
730.307	28284.16
730.5	27432.2
730.694	27440.39
730.887	27876.61
731.081	28196.09
731.274	27264.27
731.468	27303.18
731.661	27970.82
731.854	27657.48
732.048	27327.75
732.241	27125
732.435	27483.4
732.628	27436.3
732.821	27174.16
733.014	27061.52
733.208	27536.65
733.401	27645.19
733.594	27227.4
733.788	27184.4
733.981	27974.91
734.174	28081.41
734.367	27116.81
734.56	27194.64
734.754	28165.37
734.947	28126.46
735.14	27288.84
735.333	27215.12
735.526	27831.55
735.719	27610.37
735.912	27088.14
736.105	27020.56
736.298	27503.88
736.491	27290.89
736.684	26688.79
736.877	26932.5
737.07	27641.09
737.263	28062.97
737.456	26793.23
737.649	26397.98
737.842	27217.16
738.035	27567.37
738.228	26905.87
738.421	27094.29
738.614	27464.97
738.807	27845.89
739	26531.09
739.192	26764.56
739.385	27358.47
739.578	27264.27
739.771	27174.16
739.964	26582.29
740.156	27563.27
740.349	27407.62
740.542	27098.38
740.735	26527
740.927	26758.42
741.12	27290.89
741.313	26778.9
741.505	27151.63
741.698	27378.95
741.891	27405.58
742.083	27149.58
742.276	26768.66
742.468	27575.56
742.661	27387.14
742.854	26776.85
743.046	26744.08
743.239	27061.52
743.431	27503.88
743.624	26369.3
743.816	26090.78
744.009	26600.72
744.201	26807.57
744.393	26191.13
744.586	25904.42
744.778	26819.86
744.971	26662.16
745.163	26086.68
745.355	26408.22
745.548	26725.65
745.74	26668.31
745.932	26580.25
746.125	26389.78
746.317	27647.24
746.509	27088.14
746.702	26672.4
746.894	26688.79
747.086	26989.84
747.278	27288.84
747.471	26836.24
747.663	26467.61
747.855	27374.86
748.047	27473.16
748.239	26993.93
748.431	26641.68
748.623	27493.64
748.815	26977.55
749.008	26778.9
749.2	26856.72
749.392	26785.04
749.584	27231.5
749.776	26502.42
749.968	26791.19
750.16	27065.61
750.352	26887.44
750.544	26264.86
750.736	26361.11
750.928	26676.5
751.12	26746.13
751.311	26012.96
751.503	26135.84
751.695	26254.62
751.887	26576.15
752.079	25799.97
752.271	26082.59
752.463	27188.49
752.654	26647.83
752.846	26080.54
753.038	26135.84
753.23	26430.74
753.421	26686.74
753.613	26144.03
753.805	26610.96
753.997	26688.79
754.188	26588.44
754.38	25806.11
754.572	25967.9
754.763	26359.06
754.955	26064.16
755.146	26094.88
755.338	25695.52
755.53	26506.52
755.721	26283.29
755.913	25355.56
756.104	25654.56
756.296	26160.41
756.487	26737.94
756.679	25908.51
756.87	25642.28
757.062	26404.12
757.253	26596.63
757.445	25931.04
757.636	25998.62
757.827	26096.92
758.019	27122.96
758.21	25503.01
758.401	25926.94
758.593	26594.58
758.784	26408.22
758.975	25158.95
759.167	25361.7
759.358	25820.45
759.549	26060.06
759.74	25128.24
759.932	24933.68
760.123	25285.93
760.314	25472.29
760.505	24894.77
760.696	24943.92
760.888	25789.73
761.079	25656.61
761.27	24798.51
761.461	24806.7
761.652	25761.06
761.843	25460.01
762.034	25089.32
762.225	25433.38
762.416	25406.76
762.607	25189.67
762.798	24573.24
762.989	24624.43
763.18	26297.63
763.371	25195.82
763.562	24812.85
763.753	24513.84
763.944	25003.31
764.135	24945.97
764.326	24907.05
764.517	24771.89
764.708	25148.71
764.899	25271.59
765.089	24190.27
765.28	24491.32
765.471	24837.42
765.662	25339.18
765.853	24913.2
766.043	24511.8
766.234	25396.52
766.425	25206.06
766.615	24442.17
766.806	24280.38
766.997	24862
767.187	24544.56
767.378	24382.77
767.569	23797.06
767.759	24519.99
767.95	24694.07
768.141	24423.73
768.331	24368.44
768.522	24843.57
768.712	24898.86
768.903	24231.22
769.093	24044.86
769.284	24487.22
769.474	24409.4
769.665	23436.61
769.855	23463.24
770.046	24372.53
770.236	24110.39
770.426	23610.69
770.617	23336.26
770.807	23622.98
770.998	24120.63
771.188	23477.57
771.378	23373.13
771.569	24192.31
771.759	23762.24
771.949	23076.17
772.139	23477.57
772.33	23801.15
772.52	23731.52
772.71	22869.33
772.9	22666.58
773.09	23868.73
773.281	23913.79
773.471	22818.13
773.661	23035.21
773.851	23825.73
774.041	23600.45
774.231	23137.61
774.421	23412.04
774.611	23606.59
774.802	23643.46
774.992	22990.16
775.182	22674.77
775.372	23373.13
775.562	23379.27
775.752	22934.86
775.942	22736.21
776.131	23346.5
776.321	23166.28
776.511	22461.78
776.701	22775.12
776.891	23395.65
777.081	23377.22
777.271	23039.31
777.461	23061.83
777.651	23328.07
777.84	23665.99
778.03	23168.33
778.22	23035.21
778.41	23352.65
778.599	23125.32
778.789	22844.75
778.979	22564.18
779.169	23061.83
779.358	22672.72
779.548	23010.64
779.738	22334.81
779.927	22887.76
780.117	22476.12
780.307	22283.61
780.496	22187.35
780.686	23199.05
780.875	23385.41
781.065	22306.13
781.254	22293.85
781.444	22777.17
781.633	22857.04
781.823	22033.75
782.012	22396.24
782.202	22527.31
782.391	22736.21
782.581	22408.53
782.77	22314.33
782.96	23014.73
783.149	22304.09
783.338	21761.37
783.528	21658.98
783.717	22738.26
783.906	22717.78
784.096	21765.47
784.285	21812.57
784.474	22318.42
784.663	22060.38
784.853	21775.71
785.042	22015.32
785.231	22336.85
785.42	22166.87
785.61	22060.38
785.799	21730.66
785.988	22533.46
786.177	21544.29
786.366	21294.44
786.555	21618.02
786.744	21810.53
786.933	22062.43
787.122	21052.78
787.312	21194.09
787.501	22162.78
787.69	22130.01
787.879	21249.38
788.068	21065.07
788.257	21452.13
788.445	21364.07
788.634	21386.6
788.823	20979.05
789.012	21974.36
789.201	21788
789.39	21015.91
789.579	20661.62
789.768	21658.98
789.957	21523.81
790.145	21065.07
790.334	20721.01
790.523	21415.27
790.712	21388.64
790.9	21218.66
791.089	21085.54
791.278	21853.53
791.467	21638.5
791.655	21452.13
791.844	21439.84
792.033	21335.4
792.221	21093.74
792.41	20979.05
792.599	20213.11
792.787	21425.51
792.976	21560.67
793.164	20698.48
793.353	20716.91
793.541	21620.06
793.73	21319.01
793.918	20450.67
794.107	20446.58
794.295	20991.34
794.484	20995.43
794.672	20553.07
794.861	20417.91
795.049	20852.08
795.238	21388.64
795.426	20071.8
795.614	20379
795.803	20847.98
795.991	21040.49
796.179	20116.86
796.368	20225.4
796.556	21321.06
796.744	20606.32
796.932	20147.58
797.121	20114.81
797.309	20784.49
797.497	20505.97
797.685	20370.8
797.874	20182.39
798.062	20798.83
798.25	20841.84
798.438	20211.06
798.626	20129.14
798.814	21022.06
799.002	21032.3
799.19	20667.76
799.378	20231.54
799.566	20743.53
799.755	21120.36
799.943	20438.39
800.131	20245.88
800.318	20649.33
800.506	20995.43
800.694	19692.93
800.882	20088.18
801.07	21251.43
801.258	21011.82
801.446	20100.47
801.634	19926.39
801.822	20612.46
802.01	20794.73
802.197	20319.6
802.385	20231.54
802.573	21101.93
802.761	20516.21
802.949	20065.66
803.136	19918.2
803.324	20854.12
803.512	20581.74
803.699	20442.48
803.887	20114.81
804.075	20594.03
804.262	20802.93
804.45	20385.14
804.638	20202.87
804.825	20843.88
805.013	20696.43
805.201	20350.32
805.388	20145.53
805.576	20634.99
805.763	21134.7
805.951	20172.15
806.138	20282.74
806.326	21060.97
806.513	20770.16
806.701	20163.96
806.888	20452.72
807.075	21417.32
807.263	21052.78
807.45	20262.26
807.638	20569.46
807.825	21423.46
808.012	21501.28
808.2	20419.96
808.387	20979.05
808.574	21251.43
808.761	20942.19
808.949	20327.8
809.136	20579.7
809.323	21003.63
809.51	21208.42
809.698	20622.7
809.885	20632.94
810.072	21507.43
810.259	21149.03
810.446	20495.73
810.633	20444.53
810.82	21445.99
811.008	21341.54
811.195	20680.05
811.382	20702.57
811.569	21214.57
811.756	20866.41
811.943	20571.5
812.13	20604.27
812.317	21097.83
812.504	20802.93
812.691	20587.89
812.878	20813.17
813.064	21273.96
813.251	20934
813.438	20362.61
813.625	20653.42
813.812	20845.93
813.999	21015.91
814.186	20309.36
814.372	20286.84
814.559	20936.04
814.746	21187.94
814.933	19760.51
815.12	20839.79
815.306	21134.7
815.493	20602.22
815.68	19905.91
815.866	19907.96
816.053	20927.85
816.24	21097.83
816.426	20262.26
816.613	20182.39
816.799	21020.01
816.986	21499.23
817.173	20067.7
817.359	20008.31
817.546	20921.71
817.732	20661.62
817.919	20331.89
818.105	20589.94
818.292	20888.94
818.478	21204.33
818.665	20817.26
818.851	20372.85
819.037	21429.6
819.224	21146.98
819.41	19883.39
819.597	20381.04
819.783	21390.69
819.969	21124.46
820.156	20096.38
820.342	20209.01
820.528	22273.37
820.714	20680.05
820.901	20280.69
821.087	20202.87
821.273	20430.19
821.459	20634.99
821.646	19709.31
821.832	20354.42
822.018	20669.81
822.204	20383.09
822.39	19852.67
822.576	19998.07
822.762	20567.41
822.948	20348.28
823.134	19854.72
823.32	19813.76
823.507	20059.51
823.693	20616.56
823.879	20649.33
824.065	19889.53
824.25	20559.22
824.436	20385.14
824.622	19897.72
824.808	19821.95
824.994	20190.58
825.18	20317.56
825.366	19285.38
825.552	19719.55
825.738	20274.55
825.923	20794.73
826.109	19965.31
826.295	19508.61
826.481	20348.28
826.667	20368.76
826.852	20004.22
827.038	19398.02
827.224	20821.36
827.409	20632.94
827.595	19541.38
827.781	19910.01
827.966	20678
828.152	20475.25
828.338	20063.61
828.523	19244.42
828.709	20077.94
828.894	20313.46
829.08	19430.79
829.266	19336.58
829.451	19989.88
829.637	20141.43
829.822	19617.15
830.008	19451.27
830.193	19625.34
830.378	20129.14
830.564	19420.55
830.749	18959.75
830.935	19707.26
831.12	19471.75
831.305	18881.93
831.491	19182.98
831.676	18957.71
831.861	19424.64
832.047	18763.15
832.232	18521.49
832.417	19467.65
832.602	19369.35
832.788	18621.84
832.973	18584.98
833.158	18920.84
833.343	19156.36
833.528	18992.52
833.714	18761.1
833.899	19103.11
834.084	19619.2
834.269	18961.8
834.454	18490.77
834.639	19242.37
834.824	19113.35
835.009	18707.85
835.194	19129.73
835.379	19629.44
835.564	19651.97
835.749	18791.82
835.934	18179.48
836.119	18881.93
836.304	19113.35
836.489	18331.03
836.674	18830.73
836.859	18664.85
837.044	19637.63
837.228	18439.57
837.413	18081.17
837.598	19125.64
837.783	19002.76
837.968	18308.5
838.152	18292.12
838.337	18361.75
838.522	19481.99
838.707	19080.58
838.891	18511.25
839.076	18896.27
839.261	19000.71
839.445	18433.43
839.63	18636.17
839.815	19066.25
839.999	18611.6
840.184	18136.47
840.368	18032.02
840.553	18896.27
840.737	18869.64
840.922	17687.96
841.106	17681.82
841.291	17958.3
841.475	18537.87
841.66	17986.97
841.844	17530.27
842.029	19103.11
842.213	18308.5
842.397	18027.93
842.582	17528.22
842.766	18517.39
842.951	18701.71
843.135	17888.67
843.319	18027.93
843.504	18214.29
843.688	18873.74
843.872	17825.18
844.056	17716.64
844.241	18365.84
844.425	18304.4
844.609	17868.19
844.793	17470.88
844.977	18345.36
845.161	17984.92
845.346	17182.12
845.53	17454.5
845.714	18167.19
845.898	18417.04
846.082	17104.29
846.266	17165.73
846.45	17530.27
846.634	17939.86
846.818	16967.08
847.002	17079.72
847.186	17517.98
847.37	17440.16
847.554	16965.03
847.738	17231.27
847.922	17753.5
848.106	17853.85
848.29	17042.85
848.473	17034.66
848.657	17673.63
848.841	17692.06
849.025	17053.09
849.209	16668.08
849.392	17636.77
849.576	17341.86
849.76	16461.23
849.944	17227.17
850.127	17958.3
850.311	17434.02
850.495	16846.25
850.678	16733.61
850.862	17524.13
851.046	17816.99
851.229	17440.16
851.413	16721.32
851.596	17745.31
851.78	17278.37
851.964	16623.02
852.147	16641.45
852.331	17831.32
852.514	17534.37
852.698	16872.87
852.881	16434.61
853.065	17046.95
853.248	16928.17
853.431	16674.22
853.615	16391.6
853.798	17712.54
853.982	17198.5
854.165	16242.1
854.348	16176.56
854.532	16739.76
854.715	16915.88
854.898	16135.6
855.081	16293.3
855.265	17407.39
855.448	17294.75
855.631	15941.05
855.814	16260.53
855.997	16915.88
856.181	16836.01
856.364	16393.65
856.547	15865.27
856.73	16924.07
856.913	16756.14
857.096	15932.86
857.279	16090.55
857.462	16528.81
857.645	17083.81
857.828	15945.14
858.011	16295.35
858.194	16387.5
858.377	16371.12
858.56	15678.91
858.743	15744.44
858.926	16070.07
859.109	15879.61
859.292	15355.33
859.475	15431.1
859.658	16377.26
859.841	16285.11
860.023	15431.1
860.206	15232.45
860.389	15922.62
860.572	16242.1
860.755	15443.39
860.937	15742.39
861.12	15820.22
861.303	15871.42
861.486	15480.25
861.668	15039.94
861.851	15551.93
862.034	16008.63
862.216	15601.08
862.399	14597.58
862.581	16106.93
862.764	15515.07
862.947	14806.47
863.129	14831.05
863.312	15162.82
863.494	15791.55
863.677	15549.89
863.859	14685.64
864.042	15738.3
864.224	15214.02
864.406	15117.76
864.589	14474.7
864.771	15226.31
864.954	15214.02
865.136	14824.9
865.318	14376.4
865.501	15822.27
865.683	14732.75
865.865	14253.52
866.048	14638.54
866.23	15254.98
866.412	14982.6
866.594	14413.26
866.777	14728.65
866.959	15037.89
867.141	14978.5
867.323	14906.82
867.505	14585.29
867.687	14704.07
867.869	15146.44
868.052	14519.76
868.234	14499.28
868.416	15101.38
868.598	15420.86
868.78	14704.07
868.962	14110.16
869.144	15150.53
869.326	14626.25
869.508	14230.99
869.69	14337.49
869.872	15111.62
870.054	15173.06
870.236	14218.71
870.417	14054.87
870.599	14749.13
870.781	15439.3
870.963	14554.57
871.145	14536.14
871.327	14765.51
871.508	15082.95
871.69	14257.62
871.872	14403.02
872.054	14642.64
872.235	14734.79
872.417	14351.82
872.599	13944.28
872.78	15506.88
872.962	14763.47
873.144	13864.41
873.325	14024.15
873.507	14880.2
873.689	14765.51
873.87	14007.76
874.052	14450.13
874.233	14495.18
874.415	15166.92
874.596	14257.62
874.778	13878.74
874.959	14771.66
875.141	15072.71
875.322	14458.32
875.503	14353.87
875.685	14863.82
875.866	14271.95
876.048	13899.22
876.229	14187.99
876.41	14536.14
876.592	14933.45
876.773	14446.03
876.954	14138.83
877.136	15246.79
877.317	15185.35
877.498	14261.71
877.679	14575.05
877.86	14851.53
878.042	14906.82
878.223	14274
878.404	15041.99
878.585	15005.13
878.766	15027.65
878.947	14839.24
879.128	14616.01
879.309	14888.39
879.49	15400.38
879.672	14677.45
879.853	14433.74
880.034	14839.24
880.215	15195.59
880.396	14632.4
880.576	14319.06
880.757	14945.73
880.938	15142.34
881.119	14382.54
881.3	14454.22
881.481	14796.23
881.662	16084.41
881.843	14439.89
882.023	14319.06
882.204	15285.7
882.385	14853.58
882.566	14333.39
882.747	14642.64
882.927	15060.42
883.108	15427.01
883.289	14538.19
883.469	14878.15
883.65	15011.27
883.831	15351.23
884.011	14872.01
884.192	14767.56
884.373	15685.05
884.553	15197.63
884.734	15039.94
884.914	15703.48
885.095	16678.32
885.275	15728.06
885.456	15095.24
885.636	14560.72
885.817	15652.28
885.997	15721.91
886.178	14650.83
886.358	14808.52
886.538	15295.94
886.719	17028.52
886.899	14833.1
887.08	14962.12
887.26	15431.1
887.44	15226.31
887.621	14861.77
887.801	15175.11
887.981	16313.78
888.161	15873.46
888.342	14880.2
888.522	15166.92
888.702	16188.85
888.882	16065.97
889.062	15388.1
889.242	14656.97
889.423	16201.14
889.603	15879.61
889.783	15478.21
889.963	15584.7
890.143	16037.3
890.323	16215.48
890.503	15365.57
890.683	15351.23
890.863	15992.25
891.043	15676.86
891.223	15437.25
891.403	15443.39
891.583	15615.42
891.763	15693.24
891.943	15312.32
892.122	15658.43
892.302	15773.11
892.482	15775.16
892.662	15244.74
892.842	15193.54
893.022	15672.76
893.201	15553.98
893.381	15478.21
893.561	15017.41
893.741	15627.71
893.92	15390.14
894.1	15146.44
894.28	15486.4
894.459	16018.87
894.639	15586.75
894.819	14972.36
894.998	15009.22
895.178	15629.76
895.357	15252.93
895.537	14892.49
895.716	14761.42
895.896	15465.92
896.075	15812.03
896.255	14978.5
896.434	14462.41
896.614	16074.17
896.793	15451.58
896.973	15134.15
897.152	14833.1
897.331	15295.94
897.511	15642.04
897.69	14726.6
897.87	14812.62
898.049	15312.32
898.228	15287.75
898.407	14812.62
898.587	14855.62
898.766	14654.92
898.945	15132.1
899.124	14888.39
899.304	14505.42
899.483	14972.36
899.662	15345.09
899.841	14704.07
900.02	14155.22
900.199	14829
900.378	14765.51
900.557	14374.35
900.737	14018
900.916	14439.89
901.095	14689.74
901.274	13999.57
901.453	13512.16
901.632	13968.85
901.811	14085.59
901.989	13856.22
902.168	13669.85
902.347	14667.21
902.526	13944.28
902.705	13647.32
902.884	13854.17
903.063	14718.41
903.242	14167.51
903.42	13157.86
903.599	13618.65
903.778	14095.83
903.957	14155.22
904.135	13475.29
904.314	13225.44
904.493	13800.92
904.672	13344.22
904.85	13338.08
905.029	13245.92
905.207	13401.57
905.386	14091.73
905.565	12633.58
905.743	12824.04
905.922	13381.09
906.1	13284.83
906.279	12627.43
906.457	12551.66
906.636	13077.99
906.814	12969.44
906.993	12355.05
907.171	12570.09
907.35	13032.93
907.528	13424.09
907.707	12854.76
907.885	12113.39
908.063	13047.27
908.242	12621.29
908.42	12281.33
908.598	11879.93
908.777	12819.94
908.955	12539.37
909.133	12494.32
909.311	12097.01
909.49	12727.78
909.668	12725.74
909.846	11986.42
910.024	12088.82
910.202	12821.99
910.38	12991.97
910.559	12281.33
910.737	12426.73
910.915	12922.34
911.093	12920.29
911.271	12561.9
911.449	12944.87
911.627	13030.88
911.805	13716.95
911.983	12484.08
912.161	12443.12
912.339	12842.47
912.517	13256.16
912.695	12811.75
912.872	12731.88
913.05	13131.23
913.228	12930.53
913.406	12369.39
913.584	12396.01
913.762	13200.87
913.939	13071.84
914.117	12187.12
914.295	12371.44
914.473	12623.34
914.65	13090.27
914.828	12137.97
915.006	12101.11
915.184	12846.57
915.361	12924.39
915.539	12656.11
915.716	12479.98
915.894	12924.39
916.072	13166.05
916.249	12942.82
916.427	12594.67
916.604	13082.08
916.782	13250.02
916.959	12295.66
917.137	12393.97
917.314	12977.64
917.492	12914.15
917.669	12527.08
917.847	12230.13
918.024	12824.04
918.201	12598.76
918.379	12080.63
918.556	12420.59
918.733	12586.47
918.911	12414.45
919.088	12334.57
919.265	12068.34
919.442	12574.19
919.62	12645.87
919.797	12174.83
919.974	11847.16
920.151	12830.18
920.328	12506.6
920.506	12078.58
920.683	12668.39
920.86	12170.74
921.037	12330.48
921.214	11881.97
921.391	11886.07
921.568	12203.5
921.745	12297.71
921.922	11795.96
922.099	11701.75
922.276	12219.89
922.453	12285.42
922.63	11656.7
922.807	12033.52
922.984	12148.21
923.161	11886.07
923.338	12029.43
923.514	11425.28
923.691	12541.42
923.868	12172.78
924.045	11671.03
924.222	11662.84
924.399	11912.69
924.575	11914.74
924.752	11232.77
924.929	11322.88
925.105	11660.79
925.282	11423.23
925.459	11482.62
925.635	11576.83
925.812	11783.67
925.989	11335.17
926.165	11271.68
926.342	10880.52
926.518	11374.08
926.695	11402.75
926.871	10851.85
927.048	10835.46
927.224	11775.48
927.401	11146.75
927.577	10933.76
927.754	10409.48
927.93	11439.61
928.107	11410.94
928.283	10608.14
928.459	10941.96
928.636	11392.51
928.812	11070.98
928.988	10501.64
929.165	10470.92
929.341	10878.47
929.517	11064.83
929.693	10974.72
929.87	10014.23
930.046	11156.99
930.222	10468.87
930.398	9973.27
930.574	10563.08
930.751	10804.74
930.927	10558.99
931.103	10262.03
931.279	10141.2
931.455	10612.23
931.631	10708.49
931.807	9844.24
931.983	9815.57
932.159	9928.21
932.335	10126.86
932.511	9649.69
932.687	9602.58
932.863	9829.91
933.039	10008.08
933.215	9272.86
933.391	9055.78
933.566	9569.82
933.742	9674.26
933.918	9031.2
934.094	8963.62
934.27	9399.84
934.445	9334.3
934.621	9309.72
934.797	8695.33
934.973	9147.94
935.148	8914.47
935.324	8603.18
935.5	8087.09
935.675	8943.14
935.851	8726.05
936.027	8363.56
936.202	8089.14
936.378	8674.85
936.553	8240.68
936.729	8543.78
936.904	7728.69
937.08	7972.4
937.255	7786.04
937.431	7577.14
937.606	7056.96
937.782	7329.34
937.957	7657.01
938.133	7003.71
938.308	6897.22
938.483	7300.67
938.659	6727.24
938.834	6923.84
939.009	6340.17
939.185	6831.68
939.36	6712.9
939.535	5914.19
939.71	6571.59
939.886	6893.12
940.061	6530.63
940.236	6612.55
940.411	6248.01
940.586	6432.33
940.761	6413.9
940.937	6043.21
941.112	5764.69
941.287	6090.32
941.462	6051.41
941.637	5537.37
941.812	5709.4
941.987	6008.4
942.162	5920.34
942.337	5572.18
942.512	5340.76
942.687	6256.2
942.862	5897.81
943.037	5095
943.212	5144.16
943.386	5693.01
943.561	5772.88
943.736	5518.93
943.911	6071.89
944.086	6092.37
944.26	5760.59
944.435	5346.91
944.61	5607
944.785	5906
944.959	6389.32
945.134	5344.86
945.309	5318.23
945.483	5426.78
945.658	5705.3
945.833	4871.78
946.007	4953.7
946.182	6110.8
946.357	5676.63
946.531	5043.81
946.706	5150.3
946.88	5377.62
947.055	5776.98
947.229	5312.09
947.404	5072.48
947.578	5709.4
947.752	5795.41
947.927	5232.22
948.101	5279.32
948.276	6286.92
948.45	5860.95
948.624	5885.52
948.799	5318.23
948.973	5955.15
949.147	5660.24
949.321	5711.44
949.496	5727.83
949.67	6356.55
949.844	5942.86
950.018	5492.31
950.193	5656.15
950.367	6923.84
950.541	6041.17
950.715	5709.4
950.889	5910.1
951.063	6080.08
951.237	6172.24
951.411	5504.6
951.585	5615.19
951.759	6213.2
951.933	6299.21
952.107	5586.52
952.281	5987.92
952.455	6624.84
952.629	6227.53
952.803	5688.92
952.977	5676.63
953.151	6354.51
953.325	6123.09
953.499	5883.47
953.672	5719.64
953.846	6151.76
954.02	6405.7
954.194	5723.73
954.368	5781.07
954.541	6669.89
954.715	6370.89
954.889	6094.41
955.062	5760.59
955.236	6256.2
955.41	6358.6
955.583	6219.34
955.757	5889.62
955.93	6538.82
956.104	6184.52
956.278	6223.44
956.451	5979.73
956.625	6700.61
956.798	6794.82
956.972	6538.82
957.145	6000.21
957.319	6776.39
957.492	6344.27
957.665	6450.76
957.839	6200.91
958.012	6622.79
958.185	6383.18
958.359	6141.52
958.532	6374.99
958.705	6469.19
958.879	6381.13
959.052	6350.41
959.225	6018.64
959.398	6749.76
959.572	6645.32
959.745	6162
959.918	6104.65
960.091	6612.55
960.264	6819.39
960.438	6135.37
960.611	6028.88
960.784	6987.33
960.957	6434.38
961.13	6829.63
961.303	6118.99
961.476	6508.1
961.649	6975.04
961.822	5998.16
961.995	6274.63
962.168	6491.72
962.341	6544.97
962.514	6178.38
962.686	6030.93
962.859	6280.78
963.032	6635.08
963.205	6258.25
963.378	5922.38
963.551	6612.55
963.723	6315.59
963.896	6284.87
964.069	6149.71
964.242	6534.73
964.414	7036.48
964.587	6221.39
964.76	6241.87
964.932	6587.97
965.105	6542.92
965.278	6108.75
965.45	6116.94
965.623	6659.65
965.795	6764.1
965.968	6186.57
966.14	5862.99
966.313	6458.95
966.485	6520.39
966.658	5959.25
966.83	6012.49
967.003	6647.37
967.175	6508.1
967.348	6082.13
967.52	5873.23
967.692	6813.25
967.865	6700.61
968.037	6071.89
968.209	6217.29
968.382	6266.44
968.554	6385.23
968.726	5897.81
968.898	5860.95
969.071	6563.4
969.243	6200.91
969.415	5881.42
969.587	5955.15
969.759	6577.73
969.932	6227.53
970.104	5930.58
970.276	5537.37
970.448	6170.19
970.62	6114.89
970.792	5760.59
970.964	5781.07
971.136	6571.59
971.308	6258.25
971.48	5553.75
971.652	5744.21
971.824	6442.57
971.996	5877.33
972.168	5760.59
972.339	5858.9
972.511	6041.17
972.683	6159.95
972.855	6094.41
973.027	5590.61
973.199	6504.01
973.37	6456.9
973.542	5774.93
973.714	5987.92
973.886	5977.68
974.057	6055.5
974.229	5475.93
974.401	5697.11
974.572	5805.65
974.744	5750.35
974.915	5561.94
975.087	5693.01
975.259	6565.45
975.43	5797.46
975.602	5391.96
975.773	5416.54
975.945	5607
976.116	5885.52
976.288	5348.95
976.459	5762.64
976.63	5545.56
976.802	5789.27
976.973	5221.98
977.145	5635.67
977.316	6262.35
977.487	6456.9
977.659	5520.98
977.83	5342.81
978.001	5983.82
978.172	5924.43
978.344	5310.04
978.515	5283.42
978.686	5555.8
978.857	6039.12
979.028	5242.46
979.2	5086.81
979.371	5916.24
979.542	5486.17
979.713	5305.95
979.884	4871.78
980.055	5537.37
980.226	5719.64
980.397	5185.12
980.568	4994.65
980.739	5760.59
980.91	5447.26
981.081	5570.13
981.252	5152.35
981.423	5473.88
981.594	5537.37
981.765	4916.83
981.936	5154.4
982.106	5318.23
982.277	5715.54
982.448	4855.39
982.619	5205.6
982.79	5054.05
982.96	5424.73
983.131	5127.77
983.302	4554.34
983.472	5414.49
983.643	5174.88
983.814	4965.98
983.984	4791.91
984.155	5090.91
984.326	5135.96
984.496	4793.95
984.667	4572.77
984.837	4615.78
985.008	5408.34
985.178	5035.61
985.349	4744.8
985.519	4908.64
985.69	4716.13
985.86	4519.53
986.031	4554.34
986.201	4947.55
986.371	4945.5
986.542	4322.92
986.712	4365.93
986.882	5162.59
987.053	4873.82
987.223	4292.2
987.393	4892.26
987.563	4712.03
987.734	5105.24
987.904	5086.81
988.074	4382.31
988.244	4763.23
988.414	4664.93
988.585	4347.5
988.755	4480.61
988.925	4824.67
989.095	5168.73
989.265	4382.31
989.435	4576.87
989.605	4904.54
989.775	4937.31
989.945	4931.17
990.115	4079.21
990.285	4628.07
990.455	4796
990.625	4513.38
990.795	4251.24
990.965	4933.22
991.134	4431.46
991.304	4161.13
991.474	4017.77
991.644	4681.32
991.814	4865.63
991.984	3858.03
992.153	4046.44
992.323	4312.68
992.493	4560.49
992.662	3882.61
992.832	4220.52
993.002	4230.76
993.171	4703.84
993.341	3763.83
993.511	3841.65
993.68	4298.35
993.85	4503.14
994.019	3802.74
994.189	3612.28
994.358	4281.96
994.528	4204.14
994.697	3489.4
994.867	3591.8
995.036	4316.78
995.206	4060.78
995.375	3751.54
995.544	3942
995.714	4503.14
995.883	4255.34
996.052	4097.64
996.222	3401.33
996.391	4478.57
996.56	4179.56
996.73	3567.22
996.899	3305.08
997.068	4277.87
997.237	4210.28
997.406	3446.39
997.576	3341.94
997.745	4441.7
997.914	3921.52
998.083	3151.48
998.252	3489.4
998.421	4085.36
998.59	3681.91
998.759	3282.55
998.928	2983.55
999.097	4118.12
999.266	3978.86
999.435	3567.22
999.604	2860.67
999.773	4107.88
999.942	3743.35
1000.111	3096.19
1000.28	3120.76
1000.448	3702.39
1000.617	3563.12
1000.786	3475.06
1000.955	3016.32
1001.124	4087.4
1001.292	4355.69
1001.461	3124.86
1001.63	3010.17
1001.798	3778.16
1001.967	3739.25
1002.136	3022.46
1002.304	3143.29
1002.473	3819.12
1002.642	3450.49
1002.81	3124.86
1002.979	3104.38
1003.147	3833.46
1003.316	3890.8
1003.484	2893.44
1003.653	2866.81
1003.821	3460.73
1003.99	3260.02
1004.158	3262.07
1004.327	3133.05
1004.495	3516.02
1004.663	3454.58
1004.832	3055.23
1005	2643.59
1005.168	3436.15
1005.337	3182.2
1005.505	2496.13
1005.673	3182.2
1005.842	3581.56
1006.01	3153.53
1006.178	2655.87
1006.346	2825.86
1006.514	3229.31
1006.683	3636.85
1006.851	2645.63
1007.019	3073.66
1007.187	3083.9
1007.355	2778.75
1007.523	2240.14
1007.691	2449.03
1007.859	2993.79
1008.027	3839.6
1008.195	2451.08
1008.363	2307.72
1008.531	2973.31
1008.699	3174.01
1008.867	2309.77
1009.035	2440.84
1009.203	3309.18
1009.37	3075.71
1009.538	2512.52
1009.706	3237.5
1009.874	3008.12
1010.042	2899.58
1010.209	2260.62
1010.377	2201.23
1010.545	3141.24
1010.713	2803.33
1010.88	2377.35
1011.048	2285.19
1011.216	2743.94
1011.383	3167.87
1011.551	2274.95
1011.718	1924.75
1011.886	2932.35
1012.054	2825.86
1012.221	2113.16
1012.389	2125.45
1012.556	2741.89
1012.724	3067.52
1012.891	2332.3
1013.058	1855.12
1013.226	2868.86
1013.393	2768.51
1013.561	1951.37
1013.728	1769.1
1013.895	3010.17
1014.063	2772.61
1014.23	1820.3
1014.397	2025.1
1014.565	2743.94
1014.732	2614.91
1014.899	1844.88
1015.066	1894.03
1015.233	2776.7
1015.401	2707.07
1015.568	2053.77
1015.735	2274.95
1015.902	2754.18
1016.069	2733.7
1016.236	1791.63
1016.403	1738.38
1016.57	2250.38
1016.737	2969.21
1016.904	1808.02
1017.071	1746.58
1017.238	2076.3
1017.405	2309.77
1017.572	1853.07
1017.739	2180.75
1017.906	2870.91
1018.073	2662.02
1018.24	1621.65
1018.407	1924.75
1018.573	2518.66
1018.74	2299.53
1018.907	1873.55
1019.074	1470.1
1019.241	2475.65
1019.407	2356.87
1019.574	1498.77
1019.741	1609.36
1019.907	2670.21
1020.074	2788.99
1020.241	1343.13
1020.407	1509.01
1020.574	2113.16
1020.74	2217.61
1020.907	1605.27
1021.073	1482.39
1021.24	2842.24
1021.406	2256.52
1021.573	1406.61
1021.739	1580.69
1021.906	2633.35
1022.072	2053.77
1022.239	1607.31
1022.405	1562.26
1022.571	2236.04
1022.738	2049.68
1022.904	1509.01
1023.07	1670.8
1023.237	2059.92
1023.403	2236.04
1023.569	1433.24
1023.735	1549.97
1023.902	2154.12
1024.068	2240.14
1024.234	1240.73
1024.4	1375.89
1024.566	1918.61
1024.732	1963.66
1024.898	1269.4
1025.065	1091.23
1025.231	1994.38
1025.397	1801.87
1025.563	1461.91
1025.729	1244.82
1025.895	1476.24
1026.061	1760.91
1026.227	884.38
1026.392	1414.81
1026.558	1973.9
1026.724	2076.3
1026.89	1308.31
1027.056	1453.72
1027.222	1705.62
1027.388	1879.69
1027.553	1216.15
1027.719	1324.69
1027.885	2287.24
1028.051	1785.49
1028.216	904.86
1028.382	1212.06
1028.548	1875.6
1028.713	1758.86
1028.879	896.67
1029.045	1355.41
1029.21	2111.11
1029.376	1900.17
1029.541	1128.09
1029.707	1040.03
1029.873	1918.61
1030.038	1894.03
1030.204	1097.37
1030.369	1115.8
1030.534	1762.96
1030.7	1558.16
1030.865	1220.25
1031.031	886.43
1031.196	1824.4
1031.361	1746.58
1031.527	896.67
1031.692	1005.21
1031.857	1312.41
1032.023	1730.19
1032.188	974.49
1032.353	1042.07
1032.518	1808.02
1032.684	1619.6
1032.849	868
1033.014	1029.79
1033.179	1609.36
1033.344	1654.42
1033.509	1083.03
1033.674	1015.45
1033.839	1738.38
1034.004	1814.16
1034.17	954.01
1034.335	784.03
1034.5	1437.33
1034.664	1441.43
1034.829	769.69
1034.994	1093.27
1035.159	1427.09
1035.324	1621.65
1035.489	1054.36
1035.654	859.81
1035.819	2258.57
1035.984	1388.18
1036.148	1099.42
1036.313	939.68
1036.478	1707.66
1036.643	1425.04
1036.807	954.01
1036.972	786.08
1037.137	2094.73
1037.301	1330.84
1037.466	573.09
1037.631	966.3
1037.795	1552.02
1037.96	1324.69
1038.124	1162.9
1038.289	814.75
1038.454	1410.71
1038.618	1644.18
1038.783	919.2
1038.947	954.01
1039.111	1261.21
1039.276	1392.28
1039.44	777.89
1039.605	1560.21
1039.769	1326.74
1039.933	1400.47
1040.098	781.98
1040.262	1132.19
1040.426	1492.63
1040.591	1447.57
1040.755	712.35
1040.919	722.59
1041.083	1506.96
1041.248	1113.75
1041.412	454.31
1041.576	589.47
1041.74	1181.34
1041.904	1246.87
1042.068	587.43
1042.232	810.65
1042.397	1689.23
1042.561	1375.89
1042.725	409.25
1042.889	640.67
1043.053	1287.83
1043.217	1134.23
1043.381	698.02
1043.544	564.9
1043.708	1410.71
1043.872	1037.98
1044.036	368.29
1044.2	513.7
1044.364	1506.96
1044.528	1449.62
1044.691	5672.53
1044.855	548.51
1045.019	1220.25
1045.183	1230.49
1045.346	695.97
1045.51	427.68
1045.674	1398.42
1045.837	1191.58
1046.001	634.53
1046.165	542.37
1046.328	1644.18
1046.492	1040.03
1046.655	863.9
1046.819	575.14
1046.983	1105.56
1047.146	1111.71
1047.31	614.05
1047.473	345.77
1047.636	1076.89
1047.8	868
1047.963	609.95
1048.127	454.31
1048.29	917.15
