345.52	-1312.24
345.736	-1312.24
345.952	-1312.24
346.168	-1304.04
346.384	-1349.1
346.6	-271.87
346.816	-278.01
347.032	-210.43
347.248	596.47
347.464	-437.75
347.68	-144.89
347.896	-99.84
348.112	350.71
348.328	-54.78
348.544	107.01
348.76	219.64
348.975	223.74
349.191	-366.07
349.407	-376.31
349.623	203.26
349.839	133.63
350.055	-177.66
350.27	-42.5
350.486	156.16
350.702	215.55
350.918	371.19
351.133	-93.69
351.349	143.87
351.565	479.74
351.781	-396.79
351.996	-9.73
352.212	137.73
352.428	127.49
352.644	-339.45
352.859	-312.83
353.075	250.36
353.291	113.15
353.506	-142.85
353.722	-386.55
353.938	-56.83
354.153	453.11
354.369	258.56
354.584	-302.59
354.8	184.83
355.016	-62.98
355.231	-372.22
355.447	-79.36
355.662	385.53
355.878	868.85
356.093	-507.38
356.309	-95.74
356.524	-79.36
356.74	506.36
356.955	-323.07
357.171	-112.13
357.386	190.97
357.602	-105.98
357.817	-130.56
358.033	-224.76
358.248	354.81
358.464	342.52
358.679	-189.95
358.895	-441.85
359.11	76.29
359.325	215.55
359.541	416.25
359.756	-103.93
359.972	-136.7
360.187	436.73
360.402	-345.59
360.618	-202.24
360.833	1647.08
361.048	197.12
361.264	-189.95
361.479	-32.26
361.694	236.03
361.909	238.08
362.125	-294.4
362.34	-126.46
362.555	328.19
362.77	276.99
362.986	-382.46
363.201	-206.33
363.416	244.22
363.631	70.14
363.847	-284.16
364.062	-216.57
364.277	168.45
364.492	29.18
364.707	-200.19
364.922	-458.23
365.138	350.71
365.353	416.25
365.568	-445.95
365.783	-189.95
365.998	432.63
366.213	604.66
366.428	-273.92
366.643	227.84
366.858	293.37
367.073	391.67
367.288	-173.57
367.503	-251.39
367.718	100.86
367.933	475.64
368.148	-300.54
368.363	-62.98
368.578	336.38
368.793	586.23
369.008	-189.95
369.223	-370.17
369.438	252.41
369.653	295.42
369.868	-484.86
370.083	-378.36
370.298	211.45
370.513	471.54
370.728	72.19
370.943	-218.62
371.157	61.95
371.372	768.5
371.587	-431.61
371.802	-361.98
372.017	152.06
372.232	555.51
372.446	-22.02
372.661	-237.05
372.876	115.2
373.091	379.39
373.306	-67.07
373.52	-376.31
373.735	-15.87
373.95	559.61
374.165	-235
374.379	-220.67
374.594	64
374.809	444.92
375.023	133.63
375.238	-304.64
375.453	344.57
375.667	-89.6
375.882	-247.29
376.097	-337.4
376.311	45.57
376.526	381.43
376.741	-300.54
376.955	293.37
377.17	504.31
377.384	1036.78
377.599	-17.92
377.813	-419.32
378.028	840.18
378.242	363
378.457	-187.9
378.672	-372.22
378.886	47.62
379.101	164.35
379.315	-460.28
379.53	-120.32
379.744	449.02
379.958	342.52
380.173	-192
380.387	-230.91
380.602	403.96
380.816	90.62
381.031	-71.17
381.245	-237.05
381.459	266.75
381.674	1194.48
381.888	-376.31
382.103	219.64
382.317	23.04
382.531	424.44
382.746	-34.3
382.96	-155.13
383.174	166.4
383.388	795.12
383.603	223.74
383.817	-378.36
384.031	225.79
384.246	483.83
384.46	55.81
384.674	723.44
384.888	59.9
385.103	363
385.317	-425.47
385.531	53.76
385.745	848.37
385.959	408.06
386.174	-294.4
386.388	-255.48
386.602	197.12
386.816	162.3
387.03	-112.13
387.244	-173.57
387.458	375.29
387.672	420.35
387.887	-411.13
388.101	-325.12
388.315	307.71
388.529	248.32
388.743	-294.4
388.957	-230.91
389.171	514.55
389.385	66.05
389.599	-302.59
389.813	125.44
390.027	289.28
390.241	842.23
390.455	-169.47
390.669	-103.93
390.883	109.05
391.097	711.16
391.311	174.59
391.525	-228.86
391.738	522.74
391.952	506.36
392.166	31.23
392.38	-232.96
392.594	487.93
392.808	403.96
393.022	-62.98
393.236	-146.94
393.449	389.63
393.663	641.53
393.877	-310.78
394.091	-50.69
394.305	168.45
394.518	111.1
394.732	-216.57
394.946	-103.93
395.16	819.7
395.373	276.99
395.587	-202.24
395.801	-232.96
396.015	442.87
396.228	346.62
396.442	-261.63
396.656	-349.69
396.869	549.37
397.083	762.36
397.297	-103.93
397.51	-146.94
397.724	408.06
397.938	283.13
398.151	-300.54
398.365	-361.98
398.578	469.5
398.792	598.52
399.005	215.55
399.219	-214.52
399.433	336.38
399.646	471.54
399.86	178.69
400.073	233.98
400.287	317.95
400.5	381.43
400.714	205.31
400.927	41.47
401.141	524.79
401.354	1919.46
401.567	639.48
401.781	-316.92
401.994	506.36
402.208	743.92
402.421	-65.02
402.635	-138.75
402.848	92.67
403.061	426.49
403.275	31.23
403.488	-224.76
403.701	645.62
403.915	707.06
404.128	184.83
404.341	-144.89
404.555	817.65
404.768	113.15
404.981	213.5
405.195	-65.02
405.408	602.61
405.621	563.7
405.834	205.31
406.048	-128.51
406.261	608.76
406.474	590.33
406.687	-71.17
406.9	82.43
407.114	471.54
407.327	688.63
407.54	-224.76
407.753	-220.67
407.966	193.02
408.179	291.32
408.392	-56.83
408.605	-251.39
408.819	496.12
409.032	549.37
409.245	-54.78
409.458	207.36
409.671	416.25
409.884	608.76
410.097	-196.09
410.31	158.21
410.523	666.1
410.736	276.99
410.949	-13.82
411.162	-7.68
411.375	588.28
411.588	428.54
411.801	199.16
412.014	-151.04
412.227	186.88
412.44	365.05
412.653	109.05
412.865	334.33
413.078	715.25
413.291	561.66
413.504	170.49
413.717	-75.26
413.93	666.1
414.143	166.4
414.356	150.01
414.568	-327.16
414.781	565.75
414.994	584.18
415.207	47.62
415.42	131.58
415.632	582.14
415.845	1032.69
416.058	-243.2
416.271	-134.65
416.483	496.12
416.696	762.36
416.909	-103.93
417.121	-65.02
417.334	408.06
417.547	719.35
417.759	-50.69
417.972	-56.83
418.185	309.76
418.397	506.36
418.61	98.81
418.823	-22.02
419.035	754.16
419.248	575.99
419.46	51.71
419.673	150.01
419.885	356.86
420.098	487.93
420.311	33.28
420.523	-228.86
420.736	573.94
420.948	500.22
421.161	182.78
421.373	-42.5
421.586	223.74
421.798	293.37
422.01	-224.76
422.223	334.33
422.435	264.7
422.648	764.4
422.86	90.62
423.073	51.71
423.285	434.68
423.497	281.08
423.71	-26.11
423.922	107.01
424.134	827.89
424.347	948.72
424.559	383.48
424.771	504.31
424.984	670.2
425.196	547.32
425.408	-105.98
425.621	-73.21
425.833	645.62
426.045	895.47
426.257	-112.13
426.47	180.73
426.682	420.35
426.894	457.21
427.106	70.14
427.318	221.69
427.531	489.98
427.743	633.33
427.955	215.55
428.167	891.38
428.379	420.35
428.591	401.91
428.804	258.56
429.016	64
429.228	666.1
429.44	750.07
429.652	13848.88
429.864	41.47
430.076	606.71
430.288	569.85
430.5	293.37
430.712	377.34
430.924	690.68
431.136	653.81
431.348	-46.59
431.56	104.96
431.772	512.5
431.984	420.35
432.196	37.38
432.408	131.58
432.62	453.11
432.832	788.98
433.044	596.47
433.256	387.58
433.468	754.16
433.679	338.43
433.891	-62.98
434.103	563.7
434.315	1055.22
434.527	725.49
434.739	416.25
434.95	238.08
435.162	563.7
435.374	301.56
435.586	412.15
435.798	186.88
436.009	600.57
436.221	543.22
436.433	348.67
436.645	264.7
436.856	602.61
437.068	1012.21
437.28	182.78
437.491	600.57
437.703	819.7
437.915	731.64
438.126	281.08
438.338	776.69
438.55	621.05
438.761	688.63
438.973	438.78
439.184	252.41
439.396	664.05
439.608	750.07
439.819	113.15
440.031	406.01
440.242	842.23
440.454	922.1
440.665	422.39
440.877	520.7
441.088	1034.74
441.3	784.88
441.511	39.42
441.723	332.28
441.934	1143.28
442.146	950.77
442.357	606.71
442.569	969.2
442.78	901.62
442.991	1366.51
443.203	911.86
443.414	258.56
443.626	1262.06
443.837	758.26
444.048	340.47
444.26	127.49
444.471	983.54
444.682	840.18
444.894	260.6
445.105	262.65
445.316	1180.14
445.528	1004.02
445.739	614.9
445.95	485.88
446.161	758.26
446.373	991.73
446.584	416.25
446.795	408.06
447.006	1057.26
447.217	1108.46
447.429	270.84
447.64	197.12
447.851	1774.05
448.062	1094.13
448.273	131.58
448.484	397.82
448.695	997.87
448.907	1010.16
449.118	584.18
449.329	979.44
449.54	774.64
449.751	868.85
449.962	428.54
450.173	465.4
450.384	1057.26
450.595	1266.16
450.806	399.87
451.017	610.81
451.228	1212.91
451.439	1126.89
451.65	674.29
451.861	111.1
452.072	899.57
452.283	958.96
452.494	784.88
452.705	442.87
452.915	1583.59
453.126	1053.17
453.337	682.49
453.548	426.49
453.759	1440.23
453.97	1436.14
454.181	1145.33
454.391	621.05
454.602	1073.65
454.813	1530.34
455.024	723.44
455.235	567.8
455.445	1331.69
455.656	1143.28
455.867	946.67
456.078	610.81
456.288	963.06
456.499	1290.73
456.71	571.9
456.921	1022.45
457.131	1137.13
457.342	1106.42
457.553	784.88
457.763	696.82
457.974	1079.79
458.184	1386.99
458.395	592.37
458.606	528.89
458.816	1475.05
459.027	1526.25
459.237	901.62
459.448	698.87
459.659	1423.85
459.869	2202.08
460.08	489.98
460.29	977.39
460.501	1575.4
460.711	1284.59
460.922	557.56
461.132	727.54
461.343	2187.74
461.553	1092.08
461.764	719.35
461.974	758.26
462.184	1573.35
462.395	1636.84
462.605	911.86
462.816	672.25
463.026	1606.12
463.236	1462.76
463.447	762.36
463.657	895.47
463.867	1747.43
464.078	1444.33
464.288	940.53
464.498	1034.74
464.709	1532.39
464.919	1544.68
465.129	1012.21
465.339	838.13
465.55	1581.54
465.76	1755.62
465.97	1081.84
466.18	969.2
466.391	1716.71
466.601	1694.18
466.811	1176.05
467.021	883.19
467.231	1855.97
467.441	1845.73
467.651	1171.95
467.862	901.62
468.072	1563.11
468.282	1634.79
468.492	1042.93
468.702	1309.16
468.912	1726.95
469.122	2451.93
469.332	1597.93
469.542	1165.81
469.752	2245.09
469.962	1759.72
470.172	1223.15
470.382	1352.17
470.592	2159.07
470.802	1952.23
471.012	1544.68
471.222	1501.67
471.432	1907.17
471.642	2111.97
471.852	1683.94
472.062	1276.4
472.272	1944.03
472.482	1870.31
472.691	1575.4
472.901	1384.94
473.111	1890.79
473.321	2603.48
473.531	1450.47
473.741	1765.86
473.95	2404.83
474.16	2171.36
474.37	1864.16
474.58	1489.39
474.79	2777.56
474.999	2374.11
475.209	1743.33
475.419	1757.67
475.628	2472.41
475.838	2832.85
476.048	2075.1
476.258	1772
476.467	2671.06
476.677	2257.37
476.886	2306.52
477.096	2220.51
477.306	2400.73
477.515	2660.82
477.725	2304.48
477.935	2302.43
478.144	3213.77
478.354	2509.27
478.563	2226.65
478.773	2032.1
478.982	2890.2
479.192	2826.71
479.401	2255.33
479.611	2161.12
479.82	2562.52
480.03	2818.52
480.239	2357.72
480.449	2169.31
480.658	3107.28
480.868	2939.35
481.077	2583
481.287	2501.08
481.496	2814.42
481.705	3441.1
481.915	2982.35
482.124	2869.72
482.333	3166.67
482.543	3602.89
482.752	3004.88
482.961	2607.58
483.171	3398.09
483.38	2939.35
483.589	2783.7
483.799	2634.2
484.008	3109.33
484.217	3293.65
484.426	3002.83
484.636	2677.21
484.845	3707.34
485.054	3166.67
485.263	3596.75
485.472	2970.07
485.682	3705.29
485.891	3373.52
486.1	2681.3
486.309	2933.2
486.518	3721.67
486.727	4395.45
486.936	3021.27
487.146	3498.44
487.355	3828.17
487.564	3656.14
487.773	3336.65
487.982	3228.11
488.191	3590.6
488.4	4153.79
488.609	3256.78
488.818	3367.37
489.027	4358.59
489.236	4229.57
489.445	3385.8
489.654	3457.48
489.863	4307.39
490.072	4143.55
490.281	4184.51
490.49	3799.49
490.698	4526.52
490.907	4594.11
491.116	3711.43
491.325	3510.73
491.534	4587.96
491.743	4114.88
491.952	3856.84
492.16	3918.28
492.369	4606.39
492.578	4637.11
492.787	4045.25
492.996	3725.77
493.204	4215.23
493.413	4796.85
493.622	3676.62
493.831	3529.16
494.039	4936.12
494.248	4248
494.457	4110.79
494.665	3811.78
494.874	4706.74
495.083	5327.28
495.291	4143.55
495.5	4080.07
495.709	4874.68
495.917	4727.22
496.126	4327.87
496.335	4114.88
496.543	4667.83
496.752	4774.33
496.96	4655.54
497.169	4182.46
497.377	4807.09
497.586	4991.41
497.794	4334.01
498.003	4037.06
498.211	4843.96
498.42	5005.75
498.628	4446.65
498.837	4301.25
499.045	5061.04
499.254	4729.27
499.462	4540.86
499.671	4436.41
499.879	5999.01
500.087	5165.49
500.296	4397.5
500.504	4665.78
500.713	5095.86
500.921	5573.03
501.129	4520.38
501.338	4497.85
501.546	5231.02
501.754	5167.54
501.962	4899.25
502.171	4585.91
502.379	5351.85
502.587	5626.28
502.795	4913.59
503.004	4891.06
503.212	5644.71
503.42	5497.26
503.628	4843.96
503.837	4962.74
504.045	5519.79
504.253	5986.72
504.461	4823.48
504.669	4604.35
504.877	5956.01
505.085	5661.1
505.294	4831.67
505.502	5388.72
505.71	6001.06
505.918	5618.09
506.126	4854.2
506.334	4942.26
506.542	5882.28
506.75	5585.32
506.958	5444.01
507.166	5300.66
507.374	5534.12
507.582	6023.59
507.79	5308.85
507.998	5149.11
508.206	6150.56
508.414	5976.48
508.622	5218.74
508.83	5198.26
509.037	5910.95
509.245	5527.98
509.453	5274.03
509.661	5116.34
509.869	6166.95
510.077	5759.4
510.285	5681.58
510.492	4972.98
510.7	6353.31
510.908	5798.31
511.116	5421.49
511.324	5419.44
511.531	5810.6
511.739	6265.25
511.947	5740.97
512.155	5951.91
512.362	6379.93
512.57	5800.36
512.778	5409.2
512.985	5429.68
513.193	6195.62
513.401	6384.03
513.608	5747.11
513.816	5538.22
514.024	6271.39
514.231	6308.26
514.439	5814.7
514.646	5611.95
514.854	6652.31
515.061	6318.5
515.269	5831.08
515.477	5716.39
515.684	6230.43
515.892	6511
516.099	5540.27
516.307	5611.95
516.514	6777.24
516.722	7049.62
516.929	5786.02
517.136	5904.81
517.344	6547.87
517.551	6521.24
517.759	5677.48
517.966	6064.55
518.173	6566.3
518.381	6676.89
518.588	6039.97
518.796	5974.44
519.003	6822.3
519.21	6717.85
519.418	6044.07
519.625	6554.01
519.832	6664.6
520.039	6713.75
520.247	5851.56
520.454	6263.2
520.661	6801.82
520.868	6842.78
521.076	6044.07
521.283	6259.1
521.49	7432.59
521.697	6896.02
521.904	6134.18
522.112	6447.52
522.319	7117.2
522.526	6986.13
522.733	6281.63
522.94	6424.99
523.147	6902.17
523.354	7037.33
523.561	6312.35
523.768	6762.9
523.975	7424.4
524.183	6859.16
524.39	6818.2
524.597	6212
524.804	6930.84
525.011	6834.58
525.218	6447.52
525.425	6420.89
525.632	7518.61
525.838	7102.87
526.045	6558.11
526.252	6562.2
526.459	8843.64
526.666	9027.96
526.873	6627.74
527.08	6863.26
527.287	7625.1
527.494	7477.65
527.701	6660.51
527.907	6465.95
528.114	7563.66
528.321	7397.78
528.528	6779.29
528.735	6676.89
528.941	7256.47
529.148	7166.35
529.355	6982.04
529.562	6871.45
529.768	8159.62
529.975	7244.18
530.182	6982.04
530.388	6764.95
530.595	7858.57
530.802	7414.16
531.008	7580.04
531.215	7117.2
531.422	8489.34
531.628	8581.5
531.835	7203.22
532.042	7250.32
532.248	7721.35
532.455	7678.35
532.661	7104.92
532.868	7139.73
533.074	7930.25
533.281	8210.82
533.487	7256.47
533.694	7184.79
533.9	7625.1
534.107	7772.55
534.313	7371.15
534.52	6928.79
534.726	8094.08
534.933	8491.39
535.139	7287.18
535.345	7199.12
535.552	8491.39
535.758	8212.87
535.965	7627.15
536.171	7571.85
536.377	8259.97
536.584	8599.93
536.79	7741.83
536.996	7833.99
537.203	8366.46
537.409	8460.67
537.615	7621
537.821	7790.99
538.028	8995.19
538.234	8180.1
538.44	7625.1
538.646	7868.81
538.853	8327.55
539.059	8171.91
539.265	8337.79
539.471	7541.13
539.677	8649.08
539.883	8472.96
540.09	9580.91
540.296	8667.52
540.502	8577.41
540.708	8350.08
540.914	8540.54
541.12	8026.5
541.326	8640.89
541.532	8632.7
541.738	8288.64
541.944	8116.61
542.15	9005.43
542.356	8571.26
542.562	7932.29
542.768	8079.75
542.974	9122.16
543.18	9062.77
543.386	8259.97
543.592	7985.54
543.798	9521.52
544.004	9271.67
544.21	8176
544.415	8497.53
544.621	9240.95
544.827	9652.59
545.033	8276.35
545.239	8647.04
545.445	9058.68
545.651	9165.17
545.856	8479.1
546.062	8294.79
546.268	8890.74
546.474	9034.1
546.679	8313.22
546.885	8255.87
547.091	8905.08
547.297	9568.62
547.502	8540.54
547.708	8141.19
547.914	9013.62
548.119	9322.87
548.325	8171.91
548.531	8309.12
548.736	9886.06
548.942	9099.64
549.147	8462.72
549.353	8896.89
549.559	9718.12
549.764	9394.54
549.97	8446.34
550.175	8757.63
550.381	9775.47
550.586	9165.17
550.792	8771.96
550.997	8599.93
551.203	9595.25
551.408	9699.69
551.614	8542.59
551.819	8556.93
552.025	10035.56
552.23	9607.53
552.435	8771.96
552.641	9236.85
552.846	9167.22
553.052	10051.94
553.257	9238.9
553.462	8943.99
553.668	9474.42
553.873	9761.13
554.078	9027.96
554.283	8980.85
554.489	9904.49
554.694	9677.16
554.899	8870.26
555.105	9412.98
555.31	10119.53
555.515	9957.74
555.72	9206.13
555.925	10242.4
556.131	10312.03
556.336	9832.81
556.541	9064.82
556.746	9130.36
556.951	9972.07
557.156	9857.39
557.361	9474.42
557.567	9226.61
557.772	10049.89
557.977	10189.16
558.182	9275.76
558.387	9488.75
558.592	9816.43
558.797	10531.17
559.002	9372.02
559.207	9591.15
559.412	10379.62
559.617	10586.46
559.822	9345.39
560.027	9345.39
560.232	9978.22
560.437	10092.9
560.642	9050.49
560.847	9177.46
561.051	9789.8
561.256	10140.01
561.461	9464.18
561.666	9419.12
561.871	10094.95
562.076	10598.75
562.281	9595.25
562.485	9286
562.69	10180.96
562.895	10297.7
563.1	9628.01
563.305	9349.49
563.509	10465.63
563.714	10533.22
563.919	9521.52
564.123	9863.53
564.328	10056.04
564.533	10785.12
564.737	9666.92
564.942	9701.74
565.147	10484.06
565.351	10619.23
565.556	9615.73
565.761	9863.53
565.965	10594.65
566.17	10426.72
566.374	9959.78
566.579	9613.68
566.784	10692.96
566.988	10312.03
567.193	9623.92
567.397	10033.51
567.602	10195.3
567.806	10387.81
568.011	9982.31
568.215	10215.78
568.42	10318.18
568.624	10647.9
568.828	10127.72
569.033	10213.73
569.237	10787.16
569.442	10785.12
569.646	9959.78
569.85	10051.94
570.055	10690.91
570.259	10834.27
570.463	10613.09
570.668	10088.81
570.872	10664.29
571.076	10727.77
571.281	10033.51
571.485	10223.97
571.689	10731.87
571.893	10858.84
572.098	10406.24
572.302	10066.28
572.506	10762.59
572.71	11086.17
572.914	10320.23
573.119	10248.55
573.323	11235.67
573.527	11188.57
573.731	10387.81
573.935	10099.05
574.139	10852.7
574.343	10815.83
574.547	10465.63
574.751	10363.23
574.955	11151.7
575.159	11229.52
575.364	10352.99
575.568	10213.73
575.772	11098.45
575.976	11082.07
576.18	10320.23
576.383	10531.17
576.587	11256.15
576.791	11100.5
576.995	10461.54
577.199	10289.51
577.403	11092.31
577.607	11243.86
577.811	10385.76
578.015	10709.34
578.219	11202.9
578.422	11272.53
578.626	10846.55
578.83	11088.21
579.034	11735.37
579.238	11516.24
579.442	10766.68
579.645	11448.66
579.849	11290.96
580.053	11688.27
580.257	10920.28
580.46	10842.46
580.664	11506
580.868	11436.37
581.071	11166.04
581.275	11012.44
581.479	11155.8
581.682	11780.43
581.886	10565.98
582.09	11037.02
582.293	11659.6
582.497	11876.68
582.7	11184.47
582.904	11372.88
583.107	11780.43
583.311	11499.86
583.515	11176.28
583.718	11260.24
583.922	11778.38
584.125	12650.81
584.329	11147.61
584.532	11108.69
584.735	12101.96
584.939	11745.61
585.142	10815.83
585.346	11084.12
585.549	12052.81
585.753	11897.16
585.956	11102.55
586.159	11467.09
586.363	12200.26
586.566	12165.45
586.769	11172.18
586.973	10946.9
587.176	11923.79
587.379	12142.92
587.582	11565.39
587.786	11684.17
587.989	12104.01
588.192	13306.16
588.395	11575.63
588.599	11931.98
588.802	12011.85
589.005	12101.96
589.208	11444.56
589.411	11680.08
589.615	12001.61
589.818	12685.63
590.021	12087.62
590.224	11817.29
590.427	12323.14
590.63	12204.36
590.833	11157.85
591.036	11401.55
591.239	12097.86
591.442	11897.16
591.645	11747.66
591.848	11589.97
592.051	12400.96
592.254	12353.86
592.457	11972.94
592.66	11950.41
592.863	12323.14
593.066	12675.39
593.269	11850.06
593.472	11805
593.675	12310.85
593.878	12396.87
594.081	11837.77
594.284	11704.65
594.486	12652.86
594.689	12673.34
594.892	11948.36
595.095	12061
595.298	12738.88
595.5	12329.28
595.703	12132.68
595.906	11929.93
596.109	12806.46
596.311	12708.16
596.514	11546.96
596.717	12089.67
596.92	12992.83
597.122	12974.39
597.325	12071.24
597.528	12097.86
597.73	13230.39
597.933	12908.86
598.136	12208.45
598.338	11901.26
598.541	13234.49
598.743	13289.78
598.946	12388.67
599.148	12142.92
599.351	13187.38
599.554	13005.11
599.756	12126.53
599.959	12372.29
600.161	13062.46
600.363	13232.44
600.566	12775.74
600.768	12368.2
600.971	13003.07
601.173	12894.52
601.376	12263.75
601.578	12448.07
601.78	12978.49
601.983	13898.03
602.185	12312.9
602.388	12951.87
602.59	13244.73
602.792	13123.9
602.995	12904.76
603.197	12558.66
603.399	13383.99
603.601	13537.59
603.804	12509.51
604.006	12667.2
604.208	12804.41
604.41	12536.13
604.613	12798.27
604.815	12151.11
605.017	13383.99
605.219	13130.04
605.421	13496.63
605.623	12654.91
605.826	13353.27
606.028	13871.4
606.23	12515.65
606.432	12747.07
606.634	13277.49
606.836	13605.17
607.038	12593.47
607.24	12771.65
607.442	13584.69
607.644	13381.94
607.846	12902.72
608.048	12740.93
608.25	13652.27
608.452	13197.62
608.654	12970.3
608.856	12314.95
609.058	13246.77
609.26	13547.83
609.462	12986.68
609.664	12906.81
609.866	13801.77
610.067	13599.02
610.269	12915
610.471	12910.91
610.673	13459.76
610.875	13322.55
611.077	12646.72
611.278	12872
611.48	13383.99
611.682	13373.75
611.884	12988.73
612.085	12861.76
612.287	13392.18
612.489	13257.01
612.69	12755.26
612.892	12937.53
613.094	14004.52
613.295	13435.19
613.497	12683.58
613.699	12820.8
613.9	13605.17
614.102	13472.05
614.304	13097.27
614.505	12560.7
614.707	13527.35
614.908	13592.88
615.11	13035.83
615.311	12994.87
615.513	13578.54
615.714	13326.64
615.916	12767.55
616.117	12996.92
616.319	13580.59
616.52	13726
616.722	12882.24
616.923	12849.47
617.124	13898.03
617.326	13566.26
617.527	13150.52
617.729	13302.07
617.93	13588.78
618.131	13760.81
618.333	12955.96
618.534	13056.31
618.735	13852.97
618.937	13891.88
619.138	12785.98
619.339	12974.39
619.54	13871.4
619.742	13646.13
619.943	13252.92
620.144	13234.49
620.345	14008.62
620.546	13584.69
620.748	13218.1
620.949	13185.33
621.15	13715.76
621.351	13746.48
621.552	13191.48
621.753	12962.11
621.954	13498.67
622.155	14297.38
622.356	12896.57
622.558	13601.07
622.759	13889.84
622.96	14307.62
623.161	13308.21
623.362	13033.79
623.563	13963.56
623.764	13838.64
623.965	13113.66
624.166	13400.37
624.366	13457.71
624.567	13953.32
624.768	12792.12
624.969	13320.5
625.17	13486.39
625.371	14061.87
625.572	13633.84
625.773	13240.63
625.973	13836.59
626.174	14262.57
626.375	13410.61
626.576	13715.76
626.777	13996.33
626.977	14111.02
627.178	13750.57
627.379	13246.77
627.58	13793.58
627.78	13822.25
627.981	13181.24
628.182	13492.53
628.382	13844.78
628.583	13400.37
628.784	13293.88
628.984	13658.42
629.185	14102.82
629.386	14158.12
629.586	13537.59
629.787	13230.39
629.987	14235.94
630.188	14111.02
630.388	13498.67
630.589	13824.3
630.79	14725.41
630.99	14008.62
631.191	13412.66
631.391	13697.33
631.591	14059.82
631.792	14262.57
631.992	14180.65
632.193	13812.01
632.393	14364.96
632.594	13961.51
632.794	13412.66
632.994	13508.91
633.195	13820.21
633.395	13900.08
633.595	13596.98
633.796	13816.11
633.996	14219.56
634.196	14399.78
634.397	13685.04
634.597	13635.89
634.797	14065.96
634.997	14436.64
635.198	14104.87
635.398	13539.63
635.598	14262.57
635.798	14190.89
635.998	13977.9
636.199	13472.05
636.399	13934.89
636.599	14018.86
636.799	13666.61
636.999	14113.06
637.199	14391.59
637.399	14973.21
637.599	13838.64
637.799	13797.68
637.999	14346.53
638.199	14143.78
638.399	13857.07
638.599	13553.97
638.799	14713.12
638.999	14893.34
639.199	14151.98
639.399	13904.17
639.599	14508.32
639.799	14227.75
639.999	13859.12
640.199	13816.11
640.399	14352.68
640.599	14270.76
640.799	14010.67
640.998	14295.33
641.198	14508.32
641.398	14324.01
641.598	14305.57
641.798	13910.32
641.997	15477.01
642.197	14162.22
642.397	14248.23
642.597	13930.8
642.796	14440.74
642.996	14534.95
643.196	14387.49
643.395	13682.99
643.595	14160.17
643.795	14215.46
643.994	14027.05
644.194	13938.99
644.394	14954.78
644.593	14856.48
644.793	14127.4
644.992	14090.54
645.192	14827.81
645.392	14252.33
645.591	14455.08
645.791	14235.94
645.99	14954.78
646.19	14350.63
646.389	13965.61
646.589	13869.36
646.788	14602.53
646.987	14733.6
647.187	14836
647.386	14342.44
647.586	14637.34
647.785	14838.05
647.984	14084.39
648.184	14416.16
648.383	14639.39
648.582	14590.24
648.782	14113.06
648.981	14371.11
649.18	14502.18
649.38	14586.15
649.579	14194.98
649.778	14356.77
649.977	14977.31
650.177	14989.6
650.376	14074.15
650.575	14358.82
650.774	15184.15
650.973	14842.14
651.173	13805.87
651.372	14551.33
651.571	14790.94
651.77	15098.14
651.969	14500.13
652.168	14670.11
652.367	14780.7
652.566	14911.77
652.765	14561.57
652.964	15116.57
653.163	15276.31
653.362	14870.81
653.561	14309.67
653.76	14385.44
653.959	14766.37
654.158	15034.65
654.357	14623.01
654.556	14410.02
654.755	15235.35
654.954	14866.72
655.153	14430.5
655.352	14833.95
655.551	14967.07
655.749	14907.68
655.948	14536.99
656.147	14645.54
656.346	14801.18
656.545	15026.46
656.743	14446.88
656.942	14778.65
657.141	14670.11
657.34	14836
657.538	14293.29
657.737	14670.11
657.936	15329.56
658.135	14686.5
658.333	14330.15
658.532	14672.16
658.731	15384.85
658.929	15345.94
659.128	15010.07
659.326	14450.98
659.525	15382.81
659.724	15245.59
659.922	14377.25
660.121	14580
660.319	15034.65
660.518	14876.96
660.716	14520.61
660.915	14356.77
661.113	15294.74
661.312	14821.66
661.51	14883.1
661.709	14293.29
661.907	15026.46
662.105	15304.98
662.304	14694.69
662.502	14833.95
662.701	15352.09
662.899	14784.8
663.097	15149.34
663.296	14770.46
663.494	15266.07
663.692	15272.21
663.891	14676.26
664.089	14377.25
664.287	15112.47
664.485	15073.56
664.684	14483.75
664.882	14981.4
665.08	15046.94
665.278	15071.51
665.476	14522.66
665.675	15022.36
665.873	15384.85
666.071	15573.27
666.269	14518.56
666.467	14876.96
666.665	15184.15
666.863	14944.54
667.061	14881.05
667.259	14792.99
667.457	15210.78
667.655	15311.13
667.853	14610.72
668.051	14885.15
668.249	14940.44
668.447	15122.71
668.645	14522.66
668.843	15235.35
669.041	15423.76
669.239	14860.57
669.437	14901.53
669.635	14891.29
669.833	14975.26
670.031	15046.94
670.229	14698.78
670.426	14952.73
670.624	15124.76
670.822	15315.22
671.02	14557.47
671.218	14940.44
671.415	14854.43
671.613	14973.21
671.811	14989.6
672.009	14584.1
672.206	15190.3
672.404	14999.84
672.602	14948.64
672.799	15024.41
672.997	15548.69
673.195	14985.5
673.392	14692.64
673.59	14547.23
673.788	15178.01
673.985	14373.16
674.183	14659.87
674.38	14704.93
674.578	15128.86
674.775	14956.83
674.973	14227.75
675.17	14575.91
675.368	15276.31
675.565	15102.23
675.763	14686.5
675.96	14614.82
676.158	15159.58
676.355	15106.33
676.553	14623.01
676.75	14801.18
676.947	14807.33
677.145	14870.81
677.342	15005.98
677.539	14891.29
677.737	15335.7
677.934	15409.43
678.131	14756.13
678.329	14371.11
678.526	15644.95
678.723	15153.43
678.92	14596.39
679.118	14735.65
679.315	14694.69
679.512	15147.29
679.709	14584.1
679.906	14719.26
680.104	15106.33
680.301	14749.98
680.498	14268.71
680.695	14328.1
680.892	14772.51
681.089	14727.46
681.286	14563.62
681.483	14244.13
681.68	14743.84
681.877	15405.33
682.075	14649.63
682.272	14580
682.469	14784.8
682.665	14965.02
682.862	14283.05
683.059	14289.19
683.256	14647.58
683.453	14999.84
683.65	14625.06
683.847	14731.55
684.044	14788.89
684.241	14469.41
684.438	14536.99
684.635	13953.32
684.831	15296.79
685.028	15098.14
685.225	14117.16
685.422	14516.51
685.619	14952.73
685.815	14680.35
686.012	14379.3
686.209	14262.57
686.405	14410.02
686.602	14373.16
686.799	14047.53
686.996	14227.75
687.192	14508.32
687.389	15159.58
687.586	14076.2
687.782	14264.61
687.979	15292.69
688.175	14766.37
688.372	14010.67
688.568	14481.7
688.765	14526.75
688.962	14801.18
689.158	14108.97
689.355	13818.16
689.551	14672.16
689.748	14598.43
689.944	14209.32
690.14	14203.18
690.337	14651.68
690.533	14655.78
690.73	14668.06
690.926	14469.41
691.123	14555.43
691.319	14641.44
691.515	14156.07
691.712	14270.76
691.908	14461.22
692.104	14590.24
692.301	14321.96
692.497	13816.11
692.693	14661.92
692.889	14295.33
693.086	14432.55
693.282	13838.64
693.478	14575.91
693.674	15112.47
693.87	14192.94
694.067	14352.68
694.263	14584.1
694.459	14266.66
694.655	14256.42
694.851	14422.31
695.047	14612.77
695.243	14659.87
695.439	14291.24
695.635	14121.26
695.831	14688.54
696.027	14350.63
696.224	13953.32
696.42	14637.34
696.615	14508.32
696.811	14790.94
697.007	14133.54
697.203	14291.24
697.399	14520.61
697.595	14766.37
697.791	14006.57
697.987	14524.71
698.183	14340.39
698.379	14418.21
698.575	13748.53
698.77	14076.2
698.966	14592.29
699.162	14743.84
699.358	13941.04
699.554	13852.97
699.749	14805.28
699.945	14442.79
700.141	14090.54
700.337	14033.19
700.532	14010.67
700.728	13721.9
700.924	13650.22
701.119	13427
701.315	14291.24
701.511	14039.34
701.706	13769.01
701.902	13480.24
702.097	14186.79
702.293	14225.7
702.489	13965.61
702.684	13789.49
702.88	14694.69
703.075	14090.54
703.271	14000.43
703.466	13863.21
703.662	14002.47
703.857	14123.3
704.053	13793.58
704.248	14090.54
704.443	14522.66
704.639	14524.71
704.834	13824.3
705.03	13711.66
705.225	14246.18
705.42	14358.82
705.616	13816.11
705.811	13498.67
706.006	14018.86
706.202	13963.56
706.397	13762.86
706.592	13480.24
706.787	14317.86
706.983	14037.29
707.178	14129.45
707.373	13803.82
707.568	14156.07
707.763	14156.07
707.959	13431.09
708.154	13846.83
708.349	13906.22
708.544	14319.91
708.739	14016.81
708.934	13422.9
709.129	14053.67
709.324	14389.54
709.519	13449.52
709.714	13568.3
709.909	14031.15
710.104	14469.41
710.299	13670.7
710.494	13494.58
710.689	13924.65
710.884	14016.81
711.079	13627.7
711.274	13799.73
711.469	14149.93
711.664	14115.11
711.859	13627.7
712.054	13398.32
712.249	14076.2
712.443	13859.12
712.638	13326.64
712.833	13355.32
713.028	13869.36
713.223	13764.91
713.417	13777.2
713.612	13553.97
713.807	14338.34
714.002	14862.62
714.196	13625.65
714.391	13363.51
714.586	14049.58
714.78	14160.17
714.975	13539.63
715.17	13697.33
715.364	13895.98
715.559	14184.74
715.754	12876.09
715.948	13097.27
716.143	14338.34
716.337	13502.77
716.532	13840.68
716.726	13359.41
716.921	14229.8
717.115	14082.35
717.31	13103.42
717.504	14362.92
717.699	13910.32
717.893	14049.58
718.088	13064.5
718.282	13246.77
718.476	13470
718.671	13832.49
718.865	13400.37
719.059	13257.01
719.254	13279.54
719.448	14149.93
719.642	15767.82
719.837	12912.95
720.031	15489.3
720.225	13797.68
720.419	12955.96
720.614	12839.23
720.808	13517.11
721.002	13652.27
721.196	13218.1
721.39	12988.73
721.585	13898.03
721.779	13924.65
721.973	13087.03
722.167	12953.91
722.361	13285.69
722.555	13740.33
722.749	12931.39
722.943	13228.34
723.137	13224.25
723.331	13412.66
723.525	12929.34
723.719	13091.13
723.913	13726
724.107	13705.52
724.301	12806.46
724.495	12986.68
724.689	13824.3
724.883	13500.72
725.077	12853.56
725.271	12892.48
725.465	13525.3
725.659	13230.39
725.853	13089.08
726.046	12616
726.24	13031.74
726.434	13703.47
726.628	13224.25
726.822	12984.63
727.015	13642.03
727.209	13885.74
727.403	12902.72
727.596	12693.82
727.79	13599.02
727.984	13484.34
728.177	12937.53
728.371	13031.74
728.565	13609.26
728.758	13175.09
728.952	12654.91
729.146	12785.98
729.339	13594.93
729.533	13226.29
729.726	12771.65
729.92	12921.15
730.113	13453.62
730.307	13412.66
730.5	13025.59
730.694	13171
730.887	13322.55
731.081	13594.93
731.274	12736.83
731.468	12939.58
731.661	13287.73
731.854	13058.36
732.048	12740.93
732.241	12765.5
732.435	13308.21
732.628	13103.42
732.821	12980.54
733.014	12626.24
733.208	13123.9
733.401	13373.75
733.594	12845.37
733.788	12575.04
733.981	13310.26
734.174	13498.67
734.367	12912.95
734.56	12937.53
734.754	13453.62
734.947	13158.71
735.14	12667.2
735.333	12769.6
735.526	13498.67
735.719	12955.96
735.912	12769.6
736.105	12771.65
736.298	13240.63
736.491	13211.96
736.684	12366.15
736.877	12747.07
737.07	13521.2
737.263	13695.28
737.456	12474.69
737.649	12472.64
737.842	13211.96
738.035	13476.15
738.228	12773.69
738.421	13017.4
738.614	13541.68
738.807	13379.89
739	12532.03
739.192	12605.76
739.385	13089.08
739.578	13060.41
739.771	13023.55
739.964	12421.44
740.156	13404.47
740.349	13148.47
740.542	13164.86
740.735	12572.99
740.927	12777.79
741.12	13152.57
741.313	12376.39
741.505	12935.48
741.698	13330.74
741.891	13187.38
742.083	12839.23
742.276	12982.59
742.468	13160.76
742.661	13152.57
742.854	12593.47
743.046	12630.34
743.239	13066.55
743.431	13275.45
743.624	12454.21
743.816	12347.72
744.009	13025.59
744.201	12878.14
744.393	12859.71
744.586	12644.67
744.778	13097.27
744.971	13150.52
745.163	12599.62
745.355	12732.73
745.548	13142.33
745.74	13259.06
745.932	12564.8
746.125	12536.13
746.317	13490.48
746.509	13189.43
746.702	12499.27
746.894	12757.31
747.086	13242.68
747.278	13156.66
747.471	12620.1
747.663	12560.7
747.855	13052.22
748.047	13472.05
748.239	12566.85
748.431	12450.11
748.623	13427
748.815	13035.83
749.008	12247.37
749.2	12575.04
749.392	12966.2
749.584	13058.36
749.776	12620.1
749.968	12738.88
750.16	13486.39
750.352	12960.06
750.544	12380.48
750.736	12243.27
750.928	12974.39
751.12	12949.82
751.311	12407.11
751.503	12638.53
751.695	12822.84
751.887	13039.93
752.079	12036.42
752.271	12495.17
752.463	13689.14
752.654	12808.51
752.846	12349.76
753.038	12048.71
753.23	12517.7
753.421	12753.21
753.613	12353.86
753.805	12753.21
753.997	12998.97
754.188	13214.01
754.38	12130.63
754.572	12323.14
754.763	12456.26
754.955	12734.78
755.146	12122.44
755.338	12091.72
755.53	13216.05
755.721	12622.14
755.913	11702.61
756.104	12099.91
756.296	12398.91
756.487	12941.63
756.679	12071.24
756.87	12075.34
757.062	12515.65
757.253	12464.45
757.445	12112.2
757.636	12075.34
757.827	12720.45
758.019	13390.13
758.21	12040.52
758.401	12200.26
758.593	12998.97
758.784	12745.02
758.975	11782.48
759.167	11952.46
759.358	12577.09
759.549	12980.54
759.74	11948.36
759.932	11972.94
760.123	12458.31
760.314	12304.71
760.505	12015.94
760.696	11743.56
760.888	12587.33
761.079	12409.15
761.27	11800.91
761.461	11514.19
761.652	12529.98
761.843	12126.53
762.034	11964.75
762.225	12558.66
762.416	12142.92
762.607	12235.08
762.798	11667.79
762.989	11819.34
763.18	13551.92
763.371	12591.42
763.562	11712.85
763.753	11534.67
763.944	12228.93
764.135	12056.9
764.326	11675.98
764.517	11503.95
764.708	12108.1
764.899	12130.63
765.089	11503.95
765.28	11276.63
765.471	11860.3
765.662	12124.49
765.853	11796.81
766.043	11280.72
766.234	12179.78
766.425	11942.22
766.615	11559.25
766.806	11182.42
766.997	11899.21
767.187	11884.87
767.378	11262.29
767.569	11102.55
767.759	11782.48
767.95	11753.8
768.141	11499.86
768.331	11331.92
768.522	11931.98
768.712	11927.88
768.903	11376.98
769.093	11313.49
769.284	11841.87
769.474	11831.63
769.665	10864.99
769.855	11043.16
770.046	12061
770.236	11905.35
770.426	11368.79
770.617	11202.9
770.807	11794.76
770.998	11737.42
771.188	11489.62
771.378	11004.25
771.569	11809.1
771.759	11405.65
771.949	10817.88
772.139	10774.88
772.33	11555.15
772.52	11485.52
772.71	10787.16
772.9	10922.33
773.09	11807.05
773.281	11823.44
773.471	10940.76
773.661	11032.92
773.851	11436.37
774.041	11641.17
774.231	10711.39
774.421	11219.28
774.611	11854.16
774.802	11407.7
774.992	10877.27
775.182	10543.46
775.372	11243.86
775.562	11626.83
775.752	11039.06
775.942	11008.34
776.131	11794.76
776.321	11514.19
776.511	10510.69
776.701	10408.29
776.891	11458.9
777.081	10991.96
777.271	10707.29
777.461	10568.03
777.651	11284.82
777.84	11088.21
778.03	10828.12
778.22	10586.46
778.41	11207
778.599	11102.55
778.789	10664.29
778.979	10541.41
779.169	10824.03
779.358	10639.71
779.548	10789.21
779.738	10289.51
779.927	10889.56
780.117	10864.99
780.307	10430.82
780.496	10340.71
780.686	11190.61
780.875	11479.38
781.065	10514.78
781.254	10391.91
781.444	11086.17
781.633	10703.2
781.823	10228.07
782.012	10377.57
782.202	10801.5
782.391	10787.16
782.581	10404.19
782.77	10697.05
782.96	11350.35
783.149	10627.42
783.338	10332.51
783.528	10111.33
783.717	11018.58
783.906	11094.36
784.096	10408.29
784.285	10041.7
784.474	10746.2
784.663	10684.76
784.853	10256.74
785.042	10385.76
785.231	10946.9
785.42	10938.71
785.61	10471.78
785.799	10117.48
785.988	11221.33
786.177	10674.53
786.366	10068.33
786.555	10588.51
786.744	10811.74
786.933	10449.25
787.122	9982.31
787.312	9857.39
787.501	10359.14
787.69	10805.6
787.879	10064.23
788.068	9771.37
788.257	10307.94
788.445	10482.02
788.634	9779.56
788.823	9871.72
789.012	10830.17
789.201	10627.42
789.39	9881.96
789.579	9914.73
789.768	10455.39
789.957	10662.24
790.145	9931.11
790.334	9595.25
790.523	9904.49
790.712	10248.55
790.9	10025.32
791.089	9486.7
791.278	10449.25
791.467	10535.26
791.655	10432.86
791.844	10813.79
792.033	10269.03
792.221	10428.77
792.41	9654.64
792.599	9437.55
792.787	10285.41
792.976	10537.31
793.164	9341.3
793.353	9648.49
793.541	10492.26
793.73	10445.15
793.918	9689.45
794.107	9505.13
794.295	10287.46
794.484	10223.97
794.672	9544.05
794.861	9480.56
795.049	10056.04
795.238	10512.74
795.426	9527.66
795.614	9763.18
795.803	10269.03
795.991	10537.31
796.179	9445.74
796.368	9519.47
796.556	10269.03
796.744	9884.01
796.932	9441.65
797.121	9408.88
797.309	10045.8
797.497	10344.8
797.685	9593.2
797.874	9378.16
798.062	9978.22
798.25	10121.57
798.438	9472.37
798.626	9519.47
798.814	10357.09
799.002	10334.56
799.19	9611.63
799.378	9527.66
799.566	10230.12
799.755	10525.02
799.943	9935.21
800.131	9668.97
800.318	9984.36
800.506	10205.54
800.694	9415.02
800.882	9896.3
801.07	10377.57
801.258	10109.29
801.446	9447.79
801.634	9597.29
801.822	9912.68
802.01	10140.01
802.197	9527.66
802.385	9566.57
802.573	10447.2
802.761	9851.24
802.949	9615.73
803.136	8976.76
803.324	10049.89
803.512	9890.15
803.699	9636.2
803.887	9142.64
804.075	9978.22
804.262	10056.04
804.45	9365.87
804.638	9775.47
804.825	9871.72
805.013	9959.78
805.201	9519.47
805.388	9451.89
805.576	10121.57
805.763	10572.13
805.951	9492.85
806.138	9769.32
806.326	10459.49
806.513	10074.47
806.701	9427.31
806.888	9687.4
807.075	10242.4
807.263	10412.39
807.45	9392.5
807.638	9585.01
807.825	10539.36
808.012	10475.87
808.2	9877.87
808.387	10193.25
808.574	10275.17
808.761	10641.76
808.949	9642.35
809.136	9777.51
809.323	10092.9
809.51	10365.28
809.698	10000.74
809.885	9984.36
810.072	10408.29
810.259	10518.88
810.446	9791.85
810.633	9640.3
810.82	10492.26
811.008	10441.06
811.195	9922.92
811.382	9906.54
811.569	10482.02
811.756	10023.27
811.943	9857.39
812.13	9759.08
812.317	10107.24
812.504	10133.86
812.691	9974.12
812.878	9845.1
813.064	10572.13
813.251	9984.36
813.438	9558.38
813.625	9822.57
813.812	10250.6
813.999	10180.96
814.186	9976.17
814.372	9853.29
814.559	10461.54
814.746	10637.66
814.933	9681.26
815.12	9857.39
815.306	10021.22
815.493	10082.66
815.68	9585.01
815.866	9761.13
816.053	10242.4
816.24	10606.94
816.426	9288.05
816.613	9374.06
816.799	10133.86
816.986	10639.71
817.173	9875.82
817.359	9509.23
817.546	10072.42
817.732	10043.75
817.919	9658.73
818.105	9884.01
818.292	10074.47
818.478	10279.27
818.665	9894.25
818.851	9587.05
819.037	10744.16
819.224	10144.1
819.41	9367.92
819.597	9527.66
819.783	10961.24
819.969	10031.46
820.156	9431.41
820.342	9355.63
820.528	11405.65
820.714	9621.87
820.901	9681.26
821.087	9525.61
821.273	10547.55
821.459	9990.5
821.646	9398.64
821.832	9191.8
822.018	10363.23
822.204	10150.25
822.39	9482.61
822.576	9271.67
822.762	10121.57
822.948	10156.39
823.134	9720.17
823.32	9492.85
823.507	9619.82
823.693	10019.18
823.879	10148.2
824.065	9281.91
824.25	9791.85
824.436	10017.13
824.622	9150.84
824.808	9161.08
824.994	9865.58
825.18	9644.4
825.366	9054.58
825.552	9238.9
825.738	9873.77
825.923	10201.44
826.109	9429.36
826.295	9083.25
826.481	9849.19
826.667	9634.16
826.852	9406.83
827.038	9040.25
827.224	9986.41
827.409	9963.88
827.595	8905.08
827.781	9380.21
827.966	9984.36
828.152	10094.95
828.338	9197.94
828.523	8970.62
828.709	9728.36
828.894	9904.49
829.08	9193.84
829.266	9167.22
829.451	9800.04
829.637	9908.58
829.822	9290.1
830.008	9097.59
830.193	9703.79
830.378	10113.38
830.564	9056.63
830.749	8954.23
830.935	9576.81
831.12	9449.84
831.305	8704.38
831.491	9089.4
831.676	9286
831.861	9498.99
832.047	8905.08
832.232	8966.52
832.417	9576.81
832.602	9836.91
832.788	8741.24
832.973	8817.02
833.158	9419.12
833.343	9386.35
833.528	9171.32
833.714	9079.16
833.899	9447.79
834.084	10019.18
834.269	9103.73
834.454	9132.4
834.639	9312.63
834.824	9695.6
835.009	9013.62
835.194	9232.76
835.379	9763.18
835.564	10066.28
835.749	9247.09
835.934	8548.73
836.119	9503.09
836.304	9355.63
836.489	8700.28
836.674	8995.19
836.859	9107.83
837.044	9523.57
837.228	8759.67
837.413	8532.35
837.598	9202.04
837.783	9415.02
837.968	8673.66
838.152	8472.96
838.337	8538.49
838.522	9738.6
838.707	9247.09
838.891	8962.42
839.076	9320.82
839.261	9398.64
839.445	8972.66
839.63	8995.19
839.815	9658.73
839.999	8880.5
840.184	8219.01
840.368	8585.6
840.553	9204.08
840.737	9019.77
840.922	8307.07
841.106	8268.16
841.291	8943.99
841.475	9136.5
841.66	8618.36
841.844	8413.57
842.029	9666.92
842.213	8745.34
842.397	8518.01
842.582	7977.35
842.766	8956.28
842.951	8882.55
843.135	8327.55
843.319	8388.99
843.504	9189.75
843.688	9392.5
843.872	8122.76
844.056	8030.6
844.241	8847.74
844.425	8825.21
844.609	8556.93
844.793	8247.68
844.977	9103.73
845.161	8665.47
845.346	8010.12
845.53	8018.31
845.714	8671.61
845.898	9073.01
846.082	7788.94
846.266	8030.6
846.45	8546.69
846.634	8847.74
846.818	8106.37
847.002	8712.57
847.186	8731
847.37	8405.38
847.554	7995.78
847.738	8223.11
847.922	8696.19
848.106	8610.17
848.29	7952.77
848.473	8069.51
848.657	8612.22
848.841	8468.86
849.025	7881.1
849.209	7567.76
849.392	8397.18
849.576	8395.14
849.76	7625.1
849.944	8251.78
850.127	8907.13
850.311	8165.76
850.495	7723.4
850.678	7438.73
850.862	8585.6
851.046	8511.87
851.229	8339.84
851.413	7655.82
851.596	8792.44
851.78	8352.13
851.964	8001.93
852.147	7840.14
852.331	8919.42
852.514	8663.42
852.698	7790.99
852.881	7383.44
853.065	8524.16
853.248	8292.74
853.431	7938.44
853.615	7877
853.798	8997.24
853.982	8556.93
854.165	8057.22
854.348	7680.39
854.532	8067.46
854.715	8104.32
854.898	7618.96
855.081	7813.51
855.265	8792.44
855.448	8882.55
855.631	7592.33
855.814	7618.96
855.997	8128.9
856.181	8544.64
856.364	7868.81
856.547	7451.02
856.73	8384.9
856.913	8126.85
857.096	7541.13
857.279	7858.57
857.462	8046.98
857.645	8388.99
857.828	7735.69
858.011	7807.37
858.194	7895.43
858.377	7879.05
858.56	7360.91
858.743	7588.24
858.926	7766.41
859.109	7784.84
859.292	7207.31
859.475	7045.52
859.658	8038.79
859.841	8032.65
860.023	7166.35
860.206	7033.24
860.389	7815.56
860.572	7899.53
860.755	7383.44
860.937	7571.85
861.12	7784.84
861.303	7993.73
861.486	7371.15
861.668	7086.48
861.851	7582.09
862.034	8014.21
862.216	7557.52
862.399	6969.75
862.581	7848.33
862.764	7917.96
862.947	7160.21
863.129	6881.69
863.312	7383.44
863.494	7993.73
863.677	7668.11
863.859	6678.94
864.042	7897.48
864.224	7514.51
864.406	7319.95
864.589	6801.82
864.771	7600.52
864.954	7539.08
865.136	7059.86
865.318	6789.53
865.501	8001.93
865.683	7098.77
865.865	6779.29
866.048	6853.02
866.23	7616.91
866.412	7416.21
866.594	6785.43
866.777	7109.01
866.959	7260.56
867.141	7205.27
867.323	7319.95
867.505	7199.12
867.687	7520.65
867.869	7465.36
868.052	6762.9
868.234	6910.36
868.416	7512.46
868.598	7569.8
868.78	6887.83
868.962	6846.87
869.144	7539.08
869.326	7254.42
869.508	6971.8
869.69	6822.3
869.872	7068.05
870.054	7868.81
870.236	6529.44
870.417	6570.4
870.599	7172.5
870.781	7735.69
870.963	7057.81
871.145	6779.29
871.327	7274.9
871.508	7596.43
871.69	6920.6
871.872	7010.71
872.054	7307.66
872.235	7432.59
872.417	6855.06
872.599	6590.88
872.78	8067.46
872.962	7131.54
873.144	6502.81
873.325	6814.1
873.507	7508.37
873.689	7395.73
873.87	6537.63
874.052	6873.5
874.233	7115.16
874.415	7895.43
874.596	6699.42
874.778	6605.21
874.959	7348.62
875.141	7516.56
875.322	6617.5
875.503	6578.59
875.685	7260.56
875.866	6734.23
876.048	6656.41
876.229	6568.35
876.41	6963.61
876.592	7268.75
876.773	6713.75
876.954	6482.33
877.136	7481.74
877.317	7322
877.498	6617.5
877.679	6801.82
877.86	6965.65
878.042	7354.77
878.223	6633.88
878.404	7481.74
878.585	7512.46
878.766	9369.97
878.947	7164.31
879.128	6932.89
879.309	7403.92
879.49	7672.2
879.672	7047.57
879.853	6791.58
880.034	7422.35
880.215	7567.76
880.396	6945.17
880.576	6810.01
880.757	7342.48
880.938	7877
881.119	6826.39
881.3	6779.29
881.481	7434.64
881.662	8388.99
881.843	6742.43
882.023	6625.69
882.204	7874.95
882.385	7553.42
882.566	6683.03
882.747	6941.08
882.927	7532.94
883.108	7451.02
883.289	6744.47
883.469	7195.03
883.65	7522.7
883.831	7373.2
884.011	7121.3
884.192	6992.28
884.373	7567.76
884.553	7354.77
884.734	7080.34
884.914	7537.04
885.095	8857.98
885.275	7907.72
885.456	7324.05
885.636	6670.75
885.817	7520.65
885.997	7954.82
886.178	7170.45
886.358	7154.07
886.538	7700.87
886.719	9468.27
886.899	7166.35
887.08	7455.12
887.26	7911.82
887.44	7235.99
887.621	7039.38
887.801	7041.43
887.981	8135.04
888.161	8055.17
888.342	7229.84
888.522	7170.45
888.702	7739.79
888.882	7940.49
889.062	7461.26
889.242	6863.26
889.423	7911.82
889.603	7772.55
889.783	7414.16
889.963	7078.29
890.143	7924.1
890.323	8040.84
890.503	7045.52
890.683	7162.26
890.863	7731.59
891.043	7707.02
891.223	7342.48
891.403	7596.43
891.583	7991.69
891.763	7903.62
891.943	7274.9
892.122	7539.08
892.302	7676.3
892.482	7788.94
892.662	7559.56
892.842	7281.04
893.022	7805.32
893.201	7747.98
893.381	7317.9
893.561	7166.35
893.741	7852.42
893.92	7379.34
894.1	7131.54
894.28	7160.21
894.459	7885.19
894.639	7676.3
894.819	7166.35
894.998	7158.16
895.178	7793.03
895.357	7516.56
895.537	6934.93
895.716	6758.81
895.896	7561.61
896.075	7905.67
896.255	7020.95
896.434	6750.62
896.614	8104.32
896.793	7692.68
896.973	7235.99
897.152	6898.07
897.331	7358.86
897.511	7477.65
897.69	6615.45
897.87	7127.44
898.049	7678.35
898.228	7500.17
898.407	7010.71
898.587	6953.37
898.766	7147.92
898.945	7545.23
899.124	7389.58
899.304	7117.2
899.483	7702.92
899.662	7838.09
899.841	6853.02
900.02	6840.73
900.199	7471.5
900.378	7391.63
900.557	6650.27
900.737	6715.8
900.916	7203.22
901.095	7178.64
901.274	7061.91
901.453	6584.73
901.632	6971.8
901.811	6887.83
901.989	6597.02
902.168	6445.47
902.347	7160.21
902.526	7096.72
902.705	6420.89
902.884	6676.89
903.063	7424.4
903.242	7137.68
903.42	6449.57
903.599	6584.73
903.778	6992.28
903.957	7268.75
904.135	6592.92
904.314	6336.93
904.493	6832.54
904.672	6701.47
904.85	6314.4
905.029	6130.08
905.207	6791.58
905.386	7123.35
905.565	5943.72
905.743	6156.71
905.922	6683.03
906.1	6805.91
906.279	5849.51
906.457	6132.13
906.636	6431.13
906.814	6506.91
906.993	5855.65
907.171	5747.11
907.35	6216.1
907.528	6775.19
907.707	6119.84
907.885	5519.79
908.063	6420.89
908.242	6252.96
908.42	5759.4
908.598	5450.16
908.777	6486.43
908.955	6078.88
909.133	5953.96
909.311	5546.41
909.49	5947.81
909.668	5962.15
909.846	5640.62
910.024	5452.2
910.202	6052.26
910.38	6437.28
910.559	5501.36
910.737	5720.49
910.915	6105.51
911.093	6298.02
911.271	5835.17
911.449	5865.89
911.627	6531.48
911.805	6977.94
911.983	5771.69
912.161	5646.76
912.339	6080.93
912.517	6865.3
912.695	6119.84
912.872	5861.8
913.05	6431.13
913.228	6584.73
913.406	6076.84
913.584	5822.89
913.762	6713.75
913.939	6328.74
914.117	5855.65
914.295	5790.12
914.473	6281.63
914.65	6818.2
914.828	5857.7
915.006	5796.26
915.184	6228.38
915.361	6418.85
915.539	6212
915.716	6179.23
915.894	6324.64
916.072	6758.81
916.249	6437.28
916.427	5923.24
916.604	6095.27
916.782	6472.09
916.959	5773.74
917.137	5906.85
917.314	6166.95
917.492	6314.4
917.669	5863.85
917.847	6005.16
918.024	6334.88
918.201	5999.01
918.379	5796.26
918.556	5886.37
918.733	6363.55
918.911	5937.57
919.088	6107.55
919.265	5499.31
919.442	6185.38
919.62	6310.3
919.797	5570.99
919.974	5536.17
920.151	6349.22
920.328	6001.06
920.506	5618.09
920.683	6308.26
920.86	5902.76
921.037	6240.67
921.214	5822.89
921.391	5671.34
921.568	6179.23
921.745	5935.53
921.922	5663.15
922.099	5513.64
922.276	6236.58
922.453	5943.72
922.63	5548.46
922.807	5902.76
922.984	6025.64
923.161	5831.08
923.338	5671.34
923.514	5370.29
923.691	6220.19
923.868	6197.67
924.045	5689.77
924.222	5472.68
924.399	5839.27
924.575	5849.51
924.752	5534.12
924.929	5489.07
925.105	5568.94
925.282	5679.53
925.459	5337.52
925.635	5343.66
925.812	5601.71
925.989	5441.96
926.165	5419.44
926.342	4856.25
926.518	5716.39
926.695	5579.18
926.871	5155.25
927.048	5169.59
927.224	5913
927.401	5351.85
927.577	5257.65
927.754	4860.34
927.93	5794.22
928.107	5566.89
928.283	4987.32
928.459	5292.46
928.636	5646.76
928.812	5331.37
928.988	4782.52
929.165	4700.6
929.341	5231.02
929.517	5390.77
929.693	5417.39
929.87	4639.16
930.046	5491.12
930.222	5192.11
930.398	4682.17
930.574	4925.88
930.751	4987.32
930.927	4952.5
931.103	4633.02
931.279	4700.6
931.455	5130.67
931.631	5333.42
931.807	4370.88
931.983	4743.61
932.159	4608.44
932.335	5104.05
932.511	4430.27
932.687	4417.98
932.863	4860.34
933.039	5011.89
933.215	4364.73
933.391	4194.75
933.566	4880.82
933.742	4766.14
933.918	4387.26
934.094	4024.77
934.27	4874.68
934.445	4700.6
934.621	4395.45
934.797	4248
934.973	4749.75
935.148	4581.82
935.324	3883.46
935.5	3760.58
935.675	4620.73
935.851	4417.98
936.027	4110.79
936.202	3998.15
936.378	4487.61
936.553	4088.26
936.729	4579.77
936.904	3760.58
937.08	3998.15
937.255	3879.36
937.431	3582.41
937.606	3414.48
937.782	3680.71
937.957	3955.14
938.133	3496.39
938.308	3281.36
938.483	3668.42
938.659	3248.59
938.834	3377.61
939.009	3008.98
939.185	3523.02
939.36	3142.1
939.535	2517.47
939.71	3039.7
939.886	3543.5
940.061	3244.49
940.236	3365.32
940.411	2890.2
940.586	3209.68
940.761	3371.47
940.937	2898.39
941.112	2623.96
941.287	3076.56
941.462	3056.08
941.637	2486.75
941.812	2681.3
941.987	3058.13
942.162	2785.75
942.337	2558.42
942.512	2509.27
942.687	3394
942.862	2963.92
943.037	2263.52
943.212	2226.65
943.386	2828.76
943.561	2886.1
943.736	2857.43
943.911	3201.49
944.086	3260.88
944.26	2763.22
944.435	2486.75
944.61	2877.91
944.785	3146.19
944.959	3461.58
945.134	2392.54
945.309	2398.68
945.483	2324.96
945.658	2992.59
945.833	2187.74
946.007	2193.89
946.182	3258.83
946.357	2869.72
946.531	2271.71
946.706	2527.71
946.88	2560.47
947.055	2871.76
947.229	2380.25
947.404	2259.42
947.578	2843.09
947.752	2855.38
947.927	2220.51
948.101	2318.81
948.276	3328.46
948.45	3023.31
948.624	2806.23
948.799	2464.22
948.973	2955.73
949.147	2759.13
949.321	2509.27
949.496	2554.33
949.67	3310.03
949.844	2791.89
950.018	2638.3
950.193	2677.21
950.367	3594.7
950.541	2843.09
950.715	2599.38
950.889	2867.67
951.063	3138
951.237	3131.86
951.411	2445.79
951.585	2630.1
951.759	3107.28
951.933	3142.1
952.107	2613.72
952.281	3039.7
952.455	3498.44
952.629	3176.91
952.803	2691.54
952.977	2726.36
953.151	3271.12
953.325	3051.99
953.499	2830.8
953.672	2441.69
953.846	2939.35
954.02	2875.86
954.194	2767.32
954.368	2611.67
954.541	3289.55
954.715	3097.04
954.889	2771.41
955.062	2603.48
955.236	2902.48
955.41	3086.8
955.583	2951.63
955.757	2449.88
955.93	3191.25
956.104	3056.08
956.278	2587.1
956.451	2724.31
956.625	3410.38
956.798	3488.2
956.972	3127.76
957.145	2660.82
957.319	3680.71
957.492	3226.06
957.665	3076.56
957.839	2730.45
958.012	3172.82
958.185	3051.99
958.359	2871.76
958.532	3140.05
958.705	3109.33
958.879	3074.51
959.052	2898.39
959.225	2435.55
959.398	3377.61
959.572	3115.47
959.745	2750.93
959.918	2877.91
960.091	3242.45
960.264	3387.85
960.438	2783.7
960.611	2748.89
960.784	3549.64
960.957	3031.51
961.13	3381.71
961.303	2658.78
961.476	3191.25
961.649	3611.08
961.822	2929.11
961.995	2933.2
962.168	3189.2
962.341	3643.85
962.514	2865.62
962.686	2820.56
962.859	3299.79
963.032	3492.3
963.205	2945.49
963.378	2689.49
963.551	3338.7
963.723	3094.99
963.896	3142.1
964.069	3049.94
964.242	3162.58
964.414	3850.69
964.587	2884.05
964.76	3092.94
964.932	3242.45
965.105	3215.82
965.278	2804.18
965.45	2738.65
965.623	3305.93
965.795	3357.13
965.968	2882
966.14	2779.61
966.313	3094.99
966.485	3176.91
966.658	2709.97
966.83	2755.03
967.003	3451.34
967.175	3228.11
967.348	2615.77
967.52	2810.33
967.692	3707.34
967.865	3369.42
968.037	2808.28
968.209	3172.82
968.382	3201.49
968.554	3217.87
968.726	2693.59
968.898	2636.25
969.071	3396.04
969.243	3289.55
969.415	2736.6
969.587	2906.58
969.759	3496.39
969.932	3090.9
970.104	2752.98
970.276	2363.87
970.448	2963.92
970.62	2890.2
970.792	2853.33
970.964	2779.61
971.136	3463.63
971.308	3160.53
971.48	2470.36
971.652	2623.96
971.824	3418.57
971.996	2902.48
972.168	2628.06
972.339	2759.13
972.511	3088.85
972.683	3115.47
972.855	2996.69
973.027	2679.26
973.199	3262.93
973.37	3260.88
973.542	2648.54
973.714	2939.35
973.886	2763.22
974.057	3160.53
974.229	2470.36
974.401	2478.55
974.572	2865.62
974.744	2734.55
974.915	2439.64
975.087	2496.99
975.259	3406.28
975.43	2802.13
975.602	2511.32
975.773	2404.83
975.945	2628.06
976.116	2976.21
976.288	2339.29
976.459	2775.51
976.63	2685.4
976.802	2927.06
976.973	2320.86
977.145	2812.37
977.316	3576.27
977.487	3193.3
977.659	2755.03
977.83	2505.18
978.001	3269.07
978.172	3146.19
978.344	2249.18
978.515	2406.88
978.686	2730.45
978.857	3160.53
979.028	2384.35
979.2	2288.09
979.371	3109.33
979.542	2865.62
979.713	2456.03
979.884	1999.33
980.055	2726.36
980.226	2943.44
980.397	2363.87
980.568	2163.17
980.739	2939.35
980.91	2499.03
981.081	2578.9
981.252	2363.87
981.423	2634.2
981.594	2767.32
981.765	2240.99
981.936	2554.33
982.106	2533.85
982.277	2806.23
982.448	2140.64
982.619	2529.75
982.79	2488.79
982.96	2798.04
983.131	2546.14
983.302	2007.52
983.472	2677.21
983.643	2738.65
983.814	2441.69
983.984	2046.43
984.155	2480.6
984.326	2922.96
984.496	2353.63
984.667	2157.02
984.837	2214.37
985.008	2912.72
985.178	2578.9
985.349	2236.89
985.519	2423.26
985.69	2312.67
985.86	2054.62
986.031	2054.62
986.201	2570.71
986.371	2513.37
986.542	2011.62
986.712	1966.56
986.882	2398.68
987.053	2380.25
987.223	2028
987.393	2353.63
987.563	2394.59
987.734	2527.71
987.904	2628.06
988.074	1966.56
988.244	2318.81
988.414	2402.78
988.585	1839.59
988.755	2206.17
988.925	2415.07
989.095	2818.52
989.265	1790.44
989.435	2111.97
989.605	2664.92
989.775	2636.25
989.945	2453.98
990.115	1835.49
990.285	2243.04
990.455	2310.62
990.625	2206.17
990.795	1761.77
990.965	2634.2
991.134	2263.52
991.304	1731.05
991.474	1677.8
991.644	2267.61
991.814	2720.21
991.984	1595.88
992.153	1874.4
992.323	2185.69
992.493	2343.39
992.662	1636.84
992.832	1974.75
993.002	2099.68
993.171	2327
993.341	1616.36
993.511	1731.05
993.68	2126.3
993.85	2361.82
994.019	1645.03
994.189	1583.59
994.358	2138.59
994.528	2142.69
994.697	1399.27
994.867	1663.46
995.036	2284
995.206	2005.47
995.375	1606.12
995.544	2013.67
995.714	2347.48
995.883	2023.91
996.052	2021.86
996.222	1319.4
996.391	2382.3
996.56	2259.42
996.73	1528.3
996.899	1333.74
997.068	2439.64
997.237	2128.35
997.406	1278.44
997.576	1450.47
997.745	2566.62
997.914	1966.56
998.083	1210.86
998.252	1530.34
998.421	2167.26
998.59	1800.68
998.759	1442.28
998.928	1186.29
999.097	2181.6
999.266	2099.68
999.435	1817.06
999.604	1178.09
999.773	2163.17
999.942	1919.46
1000.111	1120.75
1000.28	1071.6
1000.448	1737.19
1000.617	1706.47
1000.786	1741.29
1000.955	1063.41
1001.124	2071.01
1001.292	2367.96
1001.461	1266.16
1001.63	1163.76
1001.798	1993.19
1001.967	1911.27
1002.136	1206.77
1002.304	1157.61
1002.473	2157.02
1002.642	1743.33
1002.81	1321.45
1002.979	1143.28
1003.147	2044.38
1003.316	2028
1003.484	1274.35
1003.653	1227.25
1003.821	1737.19
1003.99	1575.4
1004.158	1526.25
1004.327	1415.66
1004.495	1753.57
1004.663	1661.41
1004.832	1397.23
1005	1014.26
1005.168	1737.19
1005.337	1552.87
1005.505	825.84
1005.673	1460.71
1005.842	1935.84
1006.01	1587.69
1006.178	1059.31
1006.346	1139.18
1006.514	1542.63
1006.683	2075.1
1006.851	1135.09
1007.019	1309.16
1007.187	1593.83
1007.355	1200.62
1007.523	829.94
1007.691	885.23
1007.859	1450.47
1008.027	2163.17
1008.195	1053.17
1008.363	905.71
1008.531	1516.01
1008.699	1618.41
1008.867	872.95
1009.035	999.92
1009.203	1892.84
1009.37	1444.33
1009.538	963.06
1009.706	1976.8
1009.874	1540.58
1010.042	1489.39
1010.209	883.19
1010.377	817.65
1010.545	1554.92
1010.713	1575.4
1010.88	877.04
1011.048	926.19
1011.216	1487.34
1011.383	1657.32
1011.551	856.56
1011.718	729.59
1011.886	1532.39
1012.054	1651.17
1012.221	776.69
1012.389	752.12
1012.556	1423.85
1012.724	1868.26
1012.891	1073.65
1013.058	653.81
1013.226	1526.25
1013.393	1483.24
1013.561	666.1
1013.728	498.17
1013.895	1685.99
1014.063	1356.27
1014.23	436.73
1014.397	788.98
1014.565	1583.59
1014.732	1370.6
1014.899	729.59
1015.066	786.93
1015.233	1456.62
1015.401	1481.19
1015.568	745.97
1015.735	1108.46
1015.902	1509.86
1016.069	1534.44
1016.236	799.22
1016.403	516.6
1016.57	1024.5
1016.737	1817.06
1016.904	702.97
1017.071	594.42
1017.238	1071.6
1017.405	1264.11
1017.572	784.88
1017.739	963.06
1017.906	1845.73
1018.073	1434.09
1018.24	522.74
1018.407	858.61
1018.573	1331.69
1018.74	1409.51
1018.907	776.69
1019.074	381.43
1019.241	1350.12
1019.407	1278.44
1019.574	449.02
1019.741	438.78
1019.907	1661.41
1020.074	1597.93
1020.241	219.64
1020.407	363
1020.574	1030.64
1020.74	1182.19
1020.907	526.84
1021.073	485.88
1021.24	1901.03
1021.406	1286.64
1021.573	485.88
1021.739	598.52
1021.906	1438.19
1022.072	1176.05
1022.239	526.84
1022.405	637.43
1022.571	1253.87
1022.738	1159.66
1022.904	598.52
1023.07	854.51
1023.237	1186.29
1023.403	1384.94
1023.569	514.55
1023.735	596.47
1023.902	1282.54
1024.068	1266.16
1024.234	356.86
1024.4	477.69
1024.566	977.39
1024.732	1210.86
1024.898	524.79
1025.065	162.3
1025.231	1120.75
1025.397	903.67
1025.563	551.42
1025.729	276.99
1025.895	619
1026.061	893.43
1026.227	117.25
1026.392	500.22
1026.558	1155.57
1026.724	1171.95
1026.89	434.68
1027.056	621.05
1027.222	893.43
1027.388	1044.98
1027.553	426.49
1027.719	281.08
1027.885	1544.68
1028.051	1001.97
1028.216	141.82
1028.382	408.06
1028.548	1178.09
1028.713	1030.64
1028.879	186.88
1029.045	629.24
1029.21	1165.81
1029.376	1169.9
1029.541	406.01
1029.707	426.49
1029.873	1145.33
1030.038	1210.86
1030.204	453.11
1030.369	358.91
1030.534	995.82
1030.7	780.79
1030.865	444.92
1031.031	182.78
1031.196	1028.59
1031.361	817.65
1031.527	360.95
1031.692	369.15
1031.857	735.73
1032.023	1030.64
1032.188	233.98
1032.353	383.48
1032.518	1047.02
1032.684	809.46
1032.849	41.47
1033.014	399.87
1033.179	852.47
1033.344	905.71
1033.509	379.39
1033.674	317.95
1033.839	920.05
1034.004	911.86
1034.17	276.99
1034.335	147.97
1034.5	750.07
1034.664	647.67
1034.829	133.63
1034.994	385.53
1035.159	563.7
1035.324	944.63
1035.489	279.04
1035.654	231.93
1035.819	1432.04
1035.984	950.77
1036.148	358.91
1036.313	285.18
1036.478	971.25
1036.643	715.25
1036.807	246.27
1036.972	133.63
1037.137	1403.37
1037.301	666.1
1037.466	-62.98
1037.631	369.15
1037.795	928.24
1037.96	684.53
1038.124	547.32
1038.289	61.95
1038.454	813.56
1038.618	956.91
1038.783	383.48
1038.947	395.77
1039.111	524.79
1039.276	752.12
1039.44	57.86
1039.605	973.3
1039.769	709.11
1039.933	676.34
1040.098	244.22
1040.262	553.46
1040.426	911.86
1040.591	815.6
1040.755	109.05
1040.919	236.03
1041.083	1016.3
1041.248	680.44
1041.412	-40.45
1041.576	61.95
1041.74	686.58
1041.904	657.91
1042.068	41.47
1042.232	256.51
1042.397	1108.46
1042.561	721.4
1042.725	-177.66
1042.889	244.22
1043.053	686.58
1043.217	631.29
1043.381	238.08
1043.544	-48.64
1043.708	897.52
1043.872	571.9
1044.036	-179.71
1044.2	-75.26
1044.364	920.05
1044.528	975.35
1044.691	6042.02
1044.855	43.52
1045.019	846.32
1045.183	745.97
1045.346	246.27
1045.51	-87.55
1045.674	803.32
1045.837	651.77
1046.001	-3.58
1046.165	64
1046.328	1272.3
1046.492	670.2
1046.655	373.24
1046.819	172.54
1046.983	694.77
1047.146	539.13
1047.31	334.33
1047.473	-187.9
1047.636	555.51
1047.8	518.65
1047.963	166.4
1048.127	-73.21
1048.29	428.54
