345.52	-1253.87
345.736	-1253.87
345.952	-1253.87
346.168	-1268.2
346.384	-1303.02
346.6	-121.34
346.816	-262.65
347.032	-215.55
347.248	450.04
347.464	-301.56
347.68	-242.17
347.896	-57.86
348.112	370.17
348.328	-90.62
348.544	30.21
348.76	208.38
348.975	232.96
349.191	-320
349.407	-342.52
349.623	290.3
349.839	185.85
350.055	-107.01
350.27	-78.33
350.486	204.28
350.702	304.64
350.918	415.23
351.133	-33.28
351.349	220.67
351.565	601.59
351.781	-303.61
351.996	79.36
352.212	224.76
352.428	171.52
352.644	-258.56
352.859	-227.84
353.075	374.27
353.291	230.91
353.506	-152.06
353.722	-348.67
353.938	-18.94
354.153	564.73
354.369	364.03
354.584	-254.46
354.8	321.02
355.016	-55.81
355.231	-358.91
355.447	-86.53
355.662	419.32
355.878	861.68
356.093	-436.73
356.309	17.92
356.524	32.26
356.74	566.78
356.955	-295.42
357.171	46.59
357.386	228.86
357.602	-14.85
357.817	-64
358.033	-45.57
358.248	411.13
358.464	458.23
358.679	-150.01
358.895	-436.73
359.11	192
359.325	245.24
359.541	103.93
359.756	69.12
359.972	-82.43
360.187	521.72
360.402	-184.83
360.618	-64
360.833	1631.72
361.048	198.14
361.264	-172.54
361.479	42.5
361.694	312.83
361.909	323.07
362.125	-225.79
362.34	-127.49
362.555	419.32
362.77	290.3
362.986	-342.52
363.201	-225.79
363.416	286.2
363.631	155.13
363.847	-250.36
364.062	-143.87
364.277	189.95
364.492	159.23
364.707	-111.1
364.922	-307.71
365.138	304.64
365.353	470.52
365.568	-412.15
365.783	-70.14
365.998	536.06
366.213	671.22
366.428	-227.84
366.643	187.9
366.858	437.75
367.073	368.12
367.288	-109.05
367.503	-186.88
367.718	183.81
367.933	570.87
368.148	-211.45
368.363	28.16
368.578	343.55
368.793	640.5
369.008	-53.76
369.223	-289.28
369.438	425.47
369.653	378.36
369.868	-328.19
370.083	-295.42
370.298	329.21
370.513	710.13
370.728	214.52
370.943	-197.12
371.157	124.41
371.372	781.81
371.587	-317.95
371.802	-373.24
372.017	245.24
372.232	685.56
372.446	75.26
372.661	-190.97
372.876	331.26
373.091	382.46
373.306	-49.66
373.52	-424.44
373.735	179.71
373.95	734.71
374.165	-98.81
374.379	-98.81
374.594	114.17
374.809	566.78
375.023	206.33
375.238	-193.02
375.453	409.08
375.667	7.68
375.882	-119.29
376.097	-344.57
376.311	151.04
376.526	402.94
376.741	-270.84
376.955	417.27
377.17	601.59
377.384	1113.58
377.599	181.76
377.813	-279.04
378.028	976.37
378.242	482.81
378.457	9.73
378.672	-258.56
378.886	222.72
379.101	290.3
379.315	-369.15
379.53	-43.52
379.744	579.06
379.958	511.48
380.173	-107.01
380.387	-178.69
380.602	513.53
380.816	183.81
381.031	11.78
381.245	-66.05
381.459	359.93
381.674	1244.65
381.888	-256.51
382.103	372.22
382.317	286.2
382.531	503.29
382.746	77.31
382.96	-57.86
383.174	275.96
383.388	947.7
383.603	298.49
383.817	-238.08
384.031	343.55
384.246	622.07
384.46	181.76
384.674	998.9
384.888	224.76
385.103	523.77
385.317	-227.84
385.531	218.62
385.745	959.99
385.959	634.36
386.174	-76.29
386.388	-90.62
386.602	325.12
386.816	298.49
387.03	38.4
387.244	32.26
387.458	521.72
387.672	566.78
387.887	-262.65
388.101	-98.81
388.315	515.58
388.529	423.42
388.743	-41.47
388.957	-25.09
389.171	818.68
389.385	220.67
389.599	-150.01
389.813	321.02
390.027	409.08
390.241	896.5
390.455	69.12
390.669	73.21
390.883	306.68
391.097	880.11
391.311	345.59
391.525	-53.76
391.738	755.19
391.952	728.56
392.166	253.44
392.38	-170.49
392.594	658.93
392.808	593.4
393.022	124.41
393.236	30.21
393.449	589.3
393.663	816.63
393.877	1.54
394.091	163.33
394.305	372.22
394.518	376.31
394.732	-57.86
394.946	169.47
395.16	1152.49
395.373	474.62
395.587	-43.52
395.801	40.45
396.015	642.55
396.228	562.68
396.442	-49.66
396.656	-217.6
396.869	726.52
397.083	1011.18
397.297	245.24
397.51	97.79
397.724	679.41
397.938	507.38
398.151	-180.73
398.365	-53.76
398.578	759.28
398.792	878.07
399.005	450.04
399.219	50.69
399.433	503.29
399.646	802.29
399.86	384.51
400.073	480.76
400.287	581.11
400.5	622.07
400.714	441.85
400.927	239.1
401.141	847.35
401.354	2203.1
401.567	822.77
401.781	-55.81
401.994	644.6
402.208	1093.1
402.421	255.48
402.635	235
402.848	376.31
403.061	763.38
403.275	335.35
403.488	134.65
403.701	867.83
403.915	925.17
404.128	462.33
404.341	198.14
404.555	1156.59
404.768	402.94
404.981	478.71
405.195	333.31
405.408	861.68
405.621	820.72
405.834	566.78
406.048	75.26
406.261	957.94
406.474	923.12
406.687	187.9
406.9	417.27
407.114	658.93
407.327	890.35
407.54	155.13
407.753	15.87
407.966	452.09
408.179	697.85
408.392	298.49
408.605	116.22
408.819	787.96
409.032	888.31
409.245	327.16
409.458	593.4
409.671	810.48
409.884	896.5
410.097	159.23
410.31	513.53
410.523	1105.39
410.736	663.03
410.949	384.51
411.162	468.47
411.375	1000.94
411.588	867.83
411.801	577.02
412.014	253.44
412.227	601.59
412.44	826.87
412.653	298.49
412.865	744.95
413.078	1093.1
413.291	957.94
413.504	589.3
413.717	243.2
413.93	1154.54
414.143	695.8
414.356	529.91
414.568	179.71
414.781	910.83
414.994	916.98
415.207	593.4
415.42	581.11
415.632	892.4
415.845	1426.92
416.058	290.3
416.271	280.06
416.483	1046
416.696	1209.84
416.909	470.52
417.121	429.56
417.334	841.2
417.547	1179.12
417.759	386.55
417.972	478.71
418.185	810.48
418.397	986.61
418.61	597.49
418.823	380.41
419.035	1244.65
419.248	1002.99
419.46	466.42
419.673	798.2
419.885	781.81
420.098	1050.1
420.311	495.1
420.523	253.44
420.736	1197.55
420.948	972.27
421.161	488.95
421.373	341.5
421.586	892.4
421.798	749.04
422.01	323.07
422.223	867.83
422.435	671.22
422.648	1365.48
422.86	488.95
423.073	599.54
423.285	1011.18
423.497	867.83
423.71	564.73
423.922	585.21
424.134	1435.11
424.347	1498.6
424.559	1035.76
424.771	1179.12
424.984	1082.86
425.196	1138.16
425.408	452.09
425.621	538.1
425.833	1330.67
426.045	1476.07
426.257	495.1
426.47	855.54
426.682	1037.81
426.894	1168.88
427.106	724.47
427.318	814.58
427.531	1156.59
427.743	1175.02
427.955	790
428.167	1560.04
428.379	1093.1
428.591	1050.1
428.804	1035.76
429.016	673.27
429.228	1261.04
429.44	1455.59
429.652	14263.59
429.864	583.16
430.076	1263.08
430.288	1439.21
430.5	1031.66
430.712	1072.62
430.924	1302
431.136	1512.94
431.348	769.52
431.56	796.15
431.772	1101.3
431.984	1205.74
432.196	767.48
432.408	914.93
432.62	1195.5
432.832	1531.37
433.044	1347.05
433.256	1093.1
433.468	1500.65
433.679	1074.67
433.891	714.23
434.103	1318.38
434.315	1885.67
434.527	1500.65
434.739	1166.83
434.95	1103.34
435.162	1453.55
435.374	1084.91
435.586	1244.65
435.798	1107.44
436.009	1494.51
436.221	1480.17
436.433	1121.77
436.645	1115.63
436.856	1471.98
437.068	1891.81
437.28	1070.58
437.491	1441.26
437.703	1783.27
437.915	1658.34
438.126	1093.1
438.338	1687.01
438.55	1605.1
438.761	1418.73
438.973	1236.46
439.184	1146.35
439.396	1525.22
439.608	1621.48
439.819	1172.97
440.031	1334.76
440.242	1881.57
440.454	1869.28
440.665	1426.92
440.877	1543.66
441.088	1887.72
441.3	1842.66
441.511	1027.57
441.723	1179.12
441.934	1975.78
442.146	1883.62
442.357	1461.74
442.569	1859.04
442.78	1936.87
442.991	2403.8
443.203	1883.62
443.414	1254.89
443.626	2250.21
443.837	1740.26
444.048	1142.25
444.26	1304.04
444.471	1936.87
444.682	1889.76
444.894	1248.75
445.105	1342.96
445.316	2166.24
445.528	1990.11
445.739	1654.25
445.95	1576.42
446.161	1791.46
446.373	2067.94
446.584	1512.94
446.795	1392.11
447.006	2139.62
447.217	2227.68
447.429	1345
447.64	1377.77
447.851	2860.5
448.062	2078.18
448.273	1269.23
448.484	1537.51
448.695	2080.22
448.907	2139.62
449.118	1742.31
449.329	1977.83
449.54	1947.11
449.751	1963.49
449.962	1678.82
450.173	1674.73
450.384	2121.18
450.595	2448.86
450.806	1662.44
451.017	1762.79
451.228	2508.25
451.439	2395.61
451.65	1758.69
451.861	1394.15
452.072	2098.66
452.283	2221.53
452.494	1971.68
452.705	1664.49
452.915	2821.59
453.126	2260.45
453.337	2098.66
453.548	1775.08
453.759	2711
453.97	2768.34
454.181	2518.49
454.391	1934.82
454.602	2446.81
454.813	2905.56
455.024	2092.51
455.235	2088.42
455.445	2674.14
455.656	2526.68
455.867	2137.57
456.078	2010.59
456.288	2258.4
456.499	2737.62
456.71	2108.9
456.921	2325.98
457.131	2713.05
457.342	2432.47
457.553	2176.48
457.763	2043.36
457.974	2674.14
458.184	2764.25
458.395	2147.81
458.606	2008.55
458.816	3050.96
459.027	3192.27
459.237	2500.06
459.448	2254.3
459.659	3059.15
459.869	3849.67
460.08	2192.86
460.29	2606.55
460.501	3356.11
460.711	3048.91
460.922	2170.33
461.132	2438.62
461.343	3714.5
461.553	2864.6
461.764	2407.9
461.974	2526.68
462.184	3188.18
462.395	3266
462.605	2739.67
462.816	2424.28
463.026	3405.26
463.236	3272.14
463.447	2633.18
463.657	2567.64
463.867	3472.84
464.078	3014.1
464.288	2899.41
464.498	2909.65
464.709	3505.61
464.919	3431.88
465.129	2973.14
465.339	2719.19
465.55	3487.18
465.76	3595.72
465.97	2954.71
466.18	2979.28
466.391	3855.81
466.601	3620.3
466.811	3227.09
467.021	2944.47
467.231	3937.73
467.441	3952.07
467.651	3179.98
467.862	2907.6
468.072	3898.82
468.282	3933.64
468.492	3175.89
468.702	3624.39
468.912	4054.47
469.122	4955.57
469.332	3859.91
469.542	3407.31
469.752	4707.77
469.962	4138.43
470.172	3567.05
470.382	3669.45
470.592	4634.04
470.802	4570.55
471.012	4050.37
471.222	3890.63
471.432	4529.59
471.642	4750.78
471.852	4373.95
472.062	4021.7
472.272	4558.27
472.482	4709.82
472.691	4302.27
472.901	4023.75
473.111	4734.39
473.321	5543.34
473.531	4531.64
473.741	4697.53
473.95	5375.41
474.16	5098.93
474.37	4693.43
474.58	4558.27
474.79	5885.35
474.999	5434.8
475.209	4738.49
475.419	5008.82
475.628	5545.39
475.838	5916.07
476.048	5258.67
476.258	4847.03
476.467	5942.69
476.677	5510.57
476.886	5582.25
477.096	5561.77
477.306	5760.42
477.515	6061.48
477.725	5750.18
477.935	5684.65
478.144	6784.41
478.354	5981.6
478.563	5840.29
478.773	5918.12
478.982	6512.03
479.192	6393.25
479.401	5907.88
479.611	6061.48
479.82	6219.17
480.03	6817.18
480.239	6176.16
480.449	5954.98
480.658	7103.89
480.868	6999.45
481.077	6643.1
481.287	6546.84
481.496	7132.56
481.705	7398.8
481.915	7069.08
482.124	6811.03
482.333	7333.26
482.543	7929.22
482.752	7335.31
482.961	6831.51
483.171	7937.41
483.38	7589.26
483.589	7318.93
483.799	7200.15
484.008	7777.67
484.217	7753.1
484.426	7525.77
484.636	7476.62
484.845	8293.76
485.054	7916.94
485.263	8095.11
485.472	7531.92
485.682	8480.13
485.891	8445.31
486.1	7441.81
486.309	8029.57
486.518	8859
486.727	9526.64
486.936	7953.8
487.146	8441.22
487.355	9043.32
487.564	8725.88
487.773	8529.28
487.982	8396.16
488.191	8889.72
488.4	9481.58
488.609	8805.75
488.818	8772.99
489.027	9596.27
489.236	9598.32
489.445	8940.92
489.654	8762.75
489.863	9985.38
490.072	9526.64
490.281	9682.28
490.49	9319.79
490.698	10036.58
490.907	10530.14
491.116	9444.72
491.325	9330.03
491.534	10145.13
491.743	9821.55
491.952	9616.75
492.16	9667.95
492.369	10450.27
492.578	10595.68
492.787	9811.31
492.996	9715.05
493.204	10306.91
493.413	11017.56
493.622	10194.28
493.831	10100.07
494.039	11044.18
494.248	10446.18
494.457	10233.19
494.665	10239.33
494.874	11124.05
495.083	11658.57
495.291	10513.76
495.5	10544.48
495.709	11304.28
495.917	11091.29
496.126	10898.78
496.335	10556.77
496.543	11437.39
496.752	11492.69
496.96	11214.16
497.169	10845.53
497.377	11369.81
497.586	11709.77
497.794	11228.5
498.003	10773.85
498.211	11869.51
498.42	11986.25
498.628	11547.98
498.837	11337.04
499.045	12004.68
499.254	11754.83
499.462	11466.07
499.671	11558.22
499.879	13104.44
500.087	12358.98
500.296	11636.05
500.504	11822.41
500.713	12459.33
500.921	12784.96
501.129	11552.08
501.338	11605.33
501.546	12551.49
501.754	12512.58
501.962	11914.57
502.171	11957.58
502.379	12725.57
502.587	12758.33
502.795	12401.99
503.004	12133.7
503.212	13391.16
503.42	13174.07
503.628	12553.54
503.837	12688.7
504.045	13061.43
504.253	13860.14
504.461	12647.74
504.669	12268.87
504.877	13581.62
505.085	13702.45
505.294	12635.46
505.502	12965.18
505.71	13923.63
505.918	13460.79
506.126	12752.19
506.334	12690.75
506.542	13810.99
506.75	13698.35
506.958	13428.02
507.166	13079.86
507.374	13587.76
507.582	14021.93
507.79	13616.43
507.998	13303.09
508.206	14196.01
508.414	14038.31
508.622	13428.02
508.83	13350.2
509.037	14126.38
509.245	13761.84
509.453	13571.38
509.661	13311.28
509.869	14239.01
510.077	14001.45
510.285	14013.74
510.492	13434.16
510.7	15033.63
510.908	14099.75
511.116	13864.24
511.324	13602.1
511.531	14224.68
511.739	14693.66
511.947	14298.41
512.155	14429.48
512.362	14728.48
512.57	14185.77
512.778	14064.94
512.985	13755.69
513.193	14826.78
513.401	14964
513.608	14454.05
513.816	14040.36
514.024	15015.19
514.231	15093.02
514.439	14701.86
514.646	14550.31
514.854	15559.95
515.061	15312.15
515.269	14525.73
515.477	14673.18
515.684	15271.19
515.892	15674.64
516.099	14480.68
516.307	14703.9
516.514	15781.14
516.722	15850.77
516.929	14796.06
517.136	14472.48
517.344	15676.69
517.551	15645.97
517.759	14974.24
517.966	15219.99
518.173	15367.45
518.381	16114.95
518.588	15121.69
518.796	14769.44
519.003	16162.06
519.21	15987.98
519.418	15461.65
519.625	15928.59
519.832	16141.58
520.039	16303.37
520.247	15310.1
520.454	15721.74
520.661	16663.81
520.868	16280.84
521.076	15723.79
521.283	15754.51
521.49	16696.58
521.697	16416.01
521.904	15889.68
522.112	15869.2
522.319	16712.96
522.526	16391.43
522.733	16186.63
522.94	15918.35
523.147	16940.29
523.354	16774.4
523.561	16102.67
523.768	16649.47
523.975	17186.04
524.183	16741.63
524.39	16725.25
524.597	16211.21
524.804	16604.42
525.011	17138.94
525.218	16633.09
525.425	16751.87
525.632	17353.98
525.838	17050.88
526.045	16512.26
526.252	16889.09
526.459	19102.94
526.666	18859.23
526.873	16770.3
527.08	16807.17
527.287	18005.23
527.494	17802.48
527.701	16782.59
527.907	16819.46
528.114	17935.6
528.321	17667.31
528.528	16960.77
528.735	17093.88
528.941	17761.52
529.148	17480.95
529.355	17220.86
529.562	17290.49
529.768	18631.91
529.975	17695.99
530.182	17556.72
530.388	17419.51
530.595	18476.26
530.802	17829.1
531.008	17954.03
531.215	17720.56
531.422	19381.46
531.628	19305.69
531.835	17837.3
532.042	18029.8
532.248	18650.34
532.455	18656.48
532.661	18005.23
532.868	17915.12
533.074	18926.82
533.281	19221.72
533.487	18115.82
533.694	18101.48
533.9	18941.15
534.107	18822.37
534.313	18316.52
534.52	18316.52
534.726	19002.59
534.933	19666.13
535.139	18494.69
535.345	18320.62
535.552	19670.23
535.758	19481.81
535.965	18906.34
536.171	18801.89
536.377	19592.41
536.584	19961.04
536.79	18965.73
536.996	19178.72
537.203	20047.05
537.409	20245.71
537.615	19143.9
537.821	19340.5
538.028	20329.67
538.234	20094.16
538.44	19219.67
538.646	19379.42
538.853	19860.69
539.059	19621.08
539.265	20088.01
539.471	19229.91
539.677	20079.82
539.883	20364.49
540.09	21138.62
540.296	20419.78
540.502	20479.18
540.708	20339.91
540.914	20135.12
541.12	19709.14
541.326	20538.57
541.532	20839.62
541.738	20413.64
541.944	20317.39
542.15	21034.18
542.356	20626.63
542.562	20174.03
542.768	20135.12
542.974	21144.77
543.18	21314.75
543.386	20458.7
543.592	20282.57
543.798	21755.06
544.004	21314.75
544.21	20518.09
544.415	20595.91
544.621	21619.89
544.827	21615.8
545.033	20741.32
545.239	20997.31
545.445	21478.58
545.651	21830.83
545.856	20884.67
546.062	20864.19
546.268	21341.37
546.474	22064.3
546.679	20939.97
546.885	21279.93
547.091	21859.51
547.297	22273.2
547.502	21216.44
547.708	20661.44
547.914	21429.43
548.119	21994.67
548.325	20845.76
548.531	20829.38
548.736	22596.78
548.942	21679.29
549.147	21087.42
549.353	21609.65
549.559	22494.38
549.764	22305.96
549.97	21382.33
550.175	21132.48
550.381	22373.55
550.586	21863.6
550.792	21806.26
550.997	21691.57
551.203	22561.96
551.408	23004.32
551.614	21499.06
551.819	21904.56
552.025	22963.36
552.23	23018.66
552.435	22029.49
552.641	22609.06
552.846	22551.72
553.052	23473.31
553.257	22521
553.462	22271.15
553.668	22621.35
553.873	22715.56
554.078	22084.78
554.283	22432.94
554.489	23049.38
554.694	22967.46
554.899	22531.24
555.105	22961.31
555.31	23628.95
555.515	23559.32
555.72	22850.72
555.925	23506.07
556.131	23696.53
556.336	23112.86
556.541	23131.3
556.746	22848.68
556.951	24020.11
557.156	23717.01
557.361	22877.35
557.567	23354.52
557.772	23878.8
557.977	23876.76
558.182	22965.41
558.387	23039.14
558.592	23514.27
558.797	24171.66
559.002	23237.79
559.207	23155.87
559.412	24202.38
559.617	24708.23
559.822	23268.51
560.027	23430.3
560.232	23944.34
560.437	24376.46
560.642	23114.91
560.847	23366.81
561.051	24069.26
561.256	24216.72
561.461	23733.4
561.666	23604.38
561.871	24241.29
562.076	24976.51
562.281	24188.05
562.485	23676.05
562.69	24630.41
562.895	24425.61
563.1	23862.42
563.305	23409.82
563.509	24493.19
563.714	24771.72
563.919	23841.94
564.123	23872.66
564.328	24603.78
564.533	25162.88
564.737	23831.7
564.942	23897.24
565.147	24771.72
565.351	24972.42
565.556	24005.78
565.761	24087.7
565.965	25091.2
566.17	24685.7
566.374	24259.73
566.579	24157.33
566.784	24747.14
566.988	24812.68
567.193	24294.54
567.397	24374.41
567.602	25097.35
567.806	24796.29
568.011	24763.53
568.215	24929.41
568.42	25404.54
568.624	25459.84
568.828	24304.78
569.033	24941.7
569.237	25504.89
569.442	25140.35
569.646	24280.21
569.85	24820.87
570.055	25199.74
570.259	25277.57
570.463	25316.48
570.668	25089.15
570.872	25179.26
571.076	25459.84
571.281	25171.07
571.485	25244.8
571.689	25719.93
571.893	25875.57
572.098	25461.88
572.302	24937.6
572.506	25779.32
572.71	25820.28
572.914	25214.08
573.119	25130.11
573.323	26514.54
573.527	26231.92
573.731	25474.17
573.935	25400.44
574.139	26244.21
574.343	25973.88
574.547	25173.12
574.751	25502.84
574.955	26500.2
575.159	26659.95
575.364	25744.5
575.568	25721.98
575.772	26209.39
575.976	26553.45
576.18	25502.84
576.383	25861.24
576.587	26756.2
576.791	26500.2
576.995	25486.46
577.199	25582.71
577.403	26317.93
577.607	26762.34
577.811	25889.91
578.015	26197.1
578.219	26889.32
578.422	27137.12
578.626	26317.93
578.83	26397.81
579.034	26969.19
579.238	26713.19
579.442	26104.95
579.645	26872.93
579.849	26950.76
580.053	26741.86
580.257	26518.64
580.46	26360.94
580.664	27360.35
580.868	27501.66
581.071	27042.92
581.275	26649.71
581.479	27401.31
581.682	27737.18
581.886	26371.18
582.09	26877.03
582.293	27325.54
582.497	27741.27
582.7	27315.3
582.904	26963.04
583.107	27755.61
583.311	27485.28
583.515	26784.87
583.718	27176.03
583.922	28298.32
584.125	29000.77
584.329	26772.58
584.532	27343.97
584.735	28462.16
584.939	27980.89
585.142	27141.22
585.346	27073.63
585.549	28085.33
585.753	28161.11
585.956	27538.52
586.159	27520.09
586.363	28685.39
586.566	28212.31
586.769	27323.49
586.973	27606.11
587.176	28779.59
587.379	28468.3
587.582	28288.08
587.786	28257.36
587.989	28464.21
588.192	29711.42
588.395	28355.66
588.599	28621.9
588.802	28982.34
589.005	28597.32
589.208	28255.31
589.411	28073.04
589.615	28552.27
589.818	28884.04
590.021	28669
590.224	28507.21
590.427	29410.37
590.63	29242.43
590.833	28204.11
591.036	28236.88
591.239	29154.37
591.442	29105.22
591.645	29121.6
591.848	28605.52
592.051	29299.78
592.254	29281.35
592.457	28998.73
592.66	28943.43
592.863	29402.18
593.066	29619.26
593.269	29021.25
593.472	28927.05
593.675	29824.06
593.878	29723.71
594.081	29101.12
594.284	28718.15
594.486	29797.43
594.689	29787.19
594.892	28765.26
595.095	29174.85
595.298	30039.09
595.5	29568.06
595.703	29602.88
595.906	29486.14
596.109	30149.68
596.311	30436.4
596.514	29346.88
596.717	29809.72
596.92	30669.87
597.122	30350.38
597.325	29549.63
597.528	29594.68
597.73	31085.61
597.933	30483.5
598.136	29742.14
598.338	29504.57
598.541	30245.94
598.743	30770.22
598.946	29848.63
599.148	29764.67
599.351	30422.06
599.554	30751.79
599.756	30073.91
599.959	30372.91
600.161	30843.95
600.363	31740.96
600.566	30743.59
600.768	30495.79
600.971	31163.43
601.173	30735.4
601.376	30067.77
601.578	30176.31
601.78	31226.92
601.983	31472.67
602.185	30303.28
602.388	31042.6
602.59	31405.09
602.792	31472.67
602.995	31036.45
603.197	30794.79
603.399	31478.82
603.601	32015.38
603.804	30854.19
604.006	30786.6
604.208	30977.06
604.41	30645.29
604.613	31190.05
604.815	30288.95
605.017	31681.56
605.219	31462.43
605.421	31493.15
605.623	30637.1
605.826	31685.66
606.028	31835.16
606.23	30884.9
606.432	30608.43
606.634	31491.1
606.836	31859.74
607.038	30874.66
607.24	31015.97
607.442	31915.03
607.644	31810.59
607.846	31511.58
608.048	31007.78
608.25	31734.81
608.452	31284.26
608.654	31171.62
608.856	30788.65
609.058	31364.13
609.26	31738.91
609.462	30919.72
609.664	31034.41
609.866	31493.15
610.067	31542.3
610.269	31394.85
610.471	31011.88
610.673	31652.89
610.875	31829.02
611.077	31038.5
611.278	31423.52
611.48	31605.79
611.682	32140.31
611.884	31708.19
612.085	31276.07
612.287	32068.63
612.489	31921.18
612.69	31306.79
612.892	31468.58
613.094	32162.84
613.295	31743
613.497	30590
613.699	31616.03
613.9	32283.67
614.102	32549.9
614.304	31503.39
614.505	31112.23
614.707	32119.83
614.908	31710.24
615.11	31427.62
615.311	32009.24
615.513	31738.91
615.714	32230.42
615.916	31220.77
616.117	31626.27
616.319	32631.82
616.52	32447.5
616.722	31722.52
616.923	31429.66
617.124	32429.07
617.326	32025.62
617.527	32072.73
617.729	32064.53
617.93	32414.74
618.131	32289.81
618.333	31611.93
618.534	32005.14
618.735	32314.39
618.937	32607.25
619.138	31730.72
619.339	31425.57
619.54	32347.15
619.742	32470.03
619.943	31951.9
620.144	31958.04
620.345	32654.35
620.546	32726.03
620.748	31685.66
620.949	32160.79
621.15	32961.55
621.351	32539.66
621.552	31847.45
621.753	32220.18
621.954	32736.27
622.155	33264.64
622.356	32252.95
622.558	32711.69
622.759	32986.12
622.96	33219.59
623.161	32148.5
623.362	31982.62
623.563	33074.18
623.764	32199.7
623.965	31831.07
624.166	32508.94
624.366	32463.89
624.567	33170.44
624.768	31802.39
624.969	31527.97
625.17	32273.43
625.371	32498.7
625.572	32228.37
625.773	31962.14
625.973	32670.73
626.174	32814.09
626.375	32173.08
626.576	32472.08
626.777	32781.32
626.977	33025.03
627.178	32633.87
627.379	31953.94
627.58	32615.44
627.78	32701.45
627.981	32015.38
628.182	32539.66
628.382	32932.87
628.583	32930.83
628.784	32445.46
628.984	32680.97
629.185	32908.3
629.386	33025.03
629.586	32480.27
629.787	32306.2
629.987	33422.34
630.188	33162.25
630.388	32828.43
630.589	32877.58
630.79	33594.37
630.99	33145.86
631.191	32416.79
631.391	32793.61
631.591	32875.53
631.792	33082.38
631.992	32941.07
632.193	32959.5
632.393	33438.72
632.594	32814.09
632.794	32197.65
632.994	32977.93
633.195	33051.66
633.395	33178.63
633.595	32758.8
633.796	33084.42
633.996	33293.32
634.196	33483.78
634.397	32523.28
634.597	32877.58
634.797	32990.22
634.997	33817.6
635.198	32920.59
635.398	32769.04
635.598	33575.94
635.798	33551.36
635.998	32975.88
636.199	32685.07
636.399	33147.91
636.599	33092.62
636.799	32922.63
636.999	33072.14
637.199	33547.26
637.399	33895.42
637.599	32844.81
637.799	33319.94
637.999	33899.51
638.199	33956.86
638.399	33731.58
638.599	33147.91
638.799	33872.89
638.999	34221.05
639.199	33598.46
639.399	33745.92
639.599	34153.46
639.799	33696.77
639.999	32871.43
640.199	33620.99
640.399	33809.4
640.599	33633.28
640.799	33518.59
640.998	33625.09
641.198	33512.45
641.398	33762.3
641.598	33362.95
641.798	33690.62
641.997	34831.34
642.197	33842.17
642.397	33537.02
642.597	33502.21
642.796	33854.46
642.996	34139.13
643.196	33602.56
643.395	33797.12
643.595	34325.49
643.795	34188.28
643.994	33807.36
644.194	33649.66
644.394	34614.26
644.593	34798.57
644.793	34237.43
644.992	34436.08
645.192	34849.77
645.392	34413.55
645.591	34651.12
645.791	33893.37
645.99	34749.42
646.19	34223.09
646.389	34046.97
646.589	33948.67
646.788	34640.88
646.987	34597.87
647.187	34860.01
647.386	34319.35
647.586	34518
647.785	35054.57
647.984	33807.36
648.184	34139.13
648.383	34212.85
648.582	34042.87
648.782	33786.88
648.981	34604.02
649.18	34204.66
649.38	34669.55
649.579	34290.68
649.778	34522.1
649.977	35314.66
650.177	35140.58
650.376	33641.47
650.575	34278.39
650.774	35042.28
650.973	34890.73
651.173	34092.02
651.372	34552.82
651.571	34624.5
651.77	35390.44
651.969	34149.37
652.168	34366.45
652.367	34620.4
652.566	34550.77
652.765	34118.65
652.964	35079.14
653.163	35398.63
653.362	34980.84
653.561	34444.27
653.76	34829.29
653.959	34843.63
654.158	35761.12
654.357	34579.44
654.556	34468.85
654.755	35378.15
654.954	35103.72
655.153	34448.37
655.352	34968.55
655.551	35163.11
655.749	35191.78
655.948	34814.96
656.147	35107.82
656.346	35404.77
656.545	35259.37
656.743	34702.32
656.942	34898.92
657.141	34880.49
657.34	35273.7
657.538	34673.65
657.737	34436.08
657.936	35437.54
658.135	34872.3
658.333	34649.07
658.532	35085.29
658.731	35302.37
658.929	35152.87
659.128	35191.78
659.326	34710.51
659.525	36142.04
659.724	35533.79
659.922	34710.51
660.121	34862.06
660.319	35216.36
660.518	35025.9
660.716	35285.99
660.915	35324.9
661.113	35877.85
661.312	35107.82
661.51	34888.68
661.709	34845.68
661.907	35034.09
662.105	35834.85
662.304	35113.96
662.502	35224.55
662.701	35881.95
662.899	35797.98
663.097	35947.48
663.296	34941.93
663.494	36043.74
663.692	35857.37
663.891	34841.58
664.089	35136.49
664.287	35744.73
664.485	35785.69
664.684	35087.34
664.882	35503.07
665.08	35683.3
665.278	35738.59
665.476	35140.58
665.675	35122.15
665.873	35492.83
666.071	35658.72
666.269	34964.46
666.467	35437.54
666.665	35945.44
666.863	35267.56
667.061	35093.48
667.259	34997.23
667.457	36090.84
667.655	35646.43
667.853	35097.58
668.051	35152.87
668.249	35111.91
668.447	35787.74
668.645	34956.27
668.843	35511.27
669.041	35703.78
669.239	35509.22
669.437	35152.87
669.635	35779.55
669.833	35677.15
670.031	35279.85
670.229	35228.65
670.426	35574.75
670.624	35345.38
670.822	35316.71
671.02	34657.26
671.218	34991.08
671.415	35443.68
671.613	34991.08
671.811	35138.54
672.009	34974.7
672.206	35372
672.404	35222.5
672.602	35380.2
672.799	35077.1
672.997	35671.01
673.195	35374.05
673.392	34724.85
673.59	34755.57
673.788	35533.79
673.985	34722.8
674.183	35326.95
674.38	35009.51
674.578	35967.96
674.775	35265.51
674.973	34726.89
675.17	34665.46
675.368	35496.93
675.565	35320.81
675.763	34980.84
675.96	34470.9
676.158	35068.9
676.355	34851.82
676.553	34986.99
676.75	34862.06
676.947	35232.74
677.145	34935.79
677.342	34788.33
677.539	34718.7
677.737	35177.45
677.934	35501.03
678.131	35116.01
678.329	34739.18
678.526	35974.11
678.723	35656.67
678.92	35077.1
679.118	35015.66
679.315	35259.37
679.512	35423.2
679.709	34886.64
679.906	35120.1
680.104	35763.17
680.301	35224.55
680.498	34288.63
680.695	34409.46
680.892	35050.47
681.089	35331.04
681.286	34837.48
681.483	34173.94
681.68	35140.58
681.877	35290.09
682.075	34802.67
682.272	34257.91
682.469	35042.28
682.665	34704.37
682.862	34292.72
683.059	34386.93
683.256	34577.39
683.453	34835.44
683.65	34395.12
683.847	34608.11
684.044	34651.12
684.241	34411.51
684.438	34270.2
684.635	33809.4
684.831	35130.34
685.028	34530.29
685.225	34067.45
685.422	34198.52
685.619	34219
685.815	34288.63
686.012	34126.84
686.209	33725.44
686.405	34429.94
686.602	34759.66
686.799	34030.58
686.996	33891.32
687.192	34124.79
687.389	35040.23
687.586	33729.53
687.782	33944.57
687.979	34927.6
688.175	34495.47
688.372	33631.23
688.568	34026.49
688.765	33948.67
688.962	34591.73
689.158	34315.25
689.355	33883.13
689.551	34030.58
689.748	34458.61
689.944	33887.23
690.14	33692.67
690.337	34323.44
690.533	34421.75
690.73	33629.18
690.926	33977.34
691.123	34108.41
691.319	34173.94
691.515	33729.53
691.712	33774.59
691.908	34196.47
692.104	34298.87
692.301	33784.83
692.497	33469.44
692.693	34444.27
692.889	34458.61
693.086	33655.81
693.282	33534.98
693.478	34122.74
693.674	34409.46
693.87	33141.77
694.067	33453.06
694.263	33831.93
694.459	33604.61
694.655	33911.8
694.851	33704.96
695.047	34092.02
695.243	34243.57
695.439	33551.36
695.635	33078.28
695.831	33672.19
696.027	33553.41
696.224	33086.47
696.42	34014.2
696.615	34251.77
696.811	33862.65
697.007	32908.3
697.203	32979.98
697.399	33504.26
697.595	33676.29
697.791	33047.56
697.987	33491.97
698.183	33707.01
698.379	33379.33
698.575	33305.6
698.77	33102.85
698.966	33766.4
699.162	34026.49
699.358	33197.06
699.554	33184.77
699.749	33913.85
699.945	33858.56
700.141	33559.55
700.337	33326.08
700.532	33338.37
700.728	33471.49
700.924	32900.11
701.119	33082.38
701.315	33139.72
701.511	32766.99
701.706	32848.91
701.902	32615.44
702.097	33295.36
702.293	33170.44
702.489	32621.58
702.684	32707.6
702.88	33664
703.075	32889.87
703.271	32582.67
703.466	32814.09
703.662	32879.63
703.857	33403.91
704.053	33168.39
704.248	32861.19
704.443	33608.7
704.639	33653.76
704.834	32783.37
705.03	32474.13
705.225	32963.59
705.42	33244.16
705.616	32828.43
705.811	32549.9
706.006	32830.48
706.202	33160.2
706.397	32859.15
706.592	32408.59
706.787	32857.1
706.983	32766.99
707.178	32824.33
707.373	32705.55
707.568	32715.79
707.763	32549.9
707.959	32042.01
708.154	32373.78
708.349	32599.05
708.544	32922.63
708.739	32087.06
708.934	31890.46
709.129	32914.44
709.324	32508.94
709.519	31740.96
709.714	31999
709.909	32971.78
710.104	32377.87
710.299	31314.98
710.494	32115.73
710.689	32869.39
710.884	32336.91
711.079	31947.8
711.274	31990.81
711.469	33188.87
711.664	32949.26
711.859	32424.98
712.054	32091.16
712.249	32857.1
712.443	32760.84
712.638	32384.02
712.833	31745.05
713.028	32535.57
713.223	32113.69
713.417	32459.79
713.612	32154.65
713.807	32674.83
714.002	32816.14
714.196	32177.17
714.391	31728.67
714.586	32410.64
714.78	32676.88
714.975	31753.24
715.17	31687.71
715.364	31790.11
715.559	32685.07
715.754	31042.6
715.948	31632.41
716.143	32412.69
716.337	31990.81
716.532	32375.83
716.726	31921.18
716.921	32566.29
717.115	32435.22
717.31	31183.91
717.504	32359.44
717.699	32166.93
717.893	32123.93
718.088	31079.46
718.282	31364.13
718.476	31845.4
718.671	32259.09
718.865	31284.26
719.059	31554.59
719.254	31896.6
719.448	32314.39
719.642	34018.3
719.837	30999.59
720.031	33485.83
720.225	31859.74
720.419	31427.62
720.614	31317.03
720.808	32097.3
721.002	31415.33
721.196	31132.71
721.39	30956.58
721.585	31321.12
721.779	31908.89
721.973	31216.68
722.167	30780.46
722.361	31484.96
722.555	31364.13
722.749	30864.43
722.943	31028.26
723.137	30870.57
723.331	31149.09
723.525	30676.01
723.719	30759.98
723.913	31261.73
724.107	31482.91
724.301	30460.98
724.495	30622.76
724.689	31468.58
724.883	30749.74
725.077	30555.18
725.271	30497.84
725.465	30897.19
725.659	30805.03
725.853	30641.2
726.046	30358.58
726.24	30424.11
726.434	31116.33
726.628	30778.41
726.822	30659.63
727.015	31628.32
727.209	31710.24
727.403	30682.16
727.596	30532.65
727.79	31247.4
727.984	31706.14
728.177	31083.56
728.371	31265.83
728.565	31755.29
728.758	31304.74
728.952	30673.96
729.146	30714.92
729.339	31749.15
729.533	30995.5
729.726	30766.12
729.92	30450.74
730.113	31452.19
730.307	31247.4
730.5	30485.55
730.694	30565.42
730.887	30936.1
731.081	31386.66
731.274	30409.78
731.468	30897.19
731.661	31120.42
731.854	30735.4
732.048	30397.49
732.241	30323.76
732.435	31138.85
732.628	30497.84
732.821	30174.26
733.014	30420.02
733.208	30538.8
733.401	31128.61
733.594	30301.23
733.788	30352.43
733.981	31331.36
734.174	31521.82
734.367	30430.26
734.56	30743.59
734.754	31362.08
734.947	31298.59
735.14	30510.13
735.333	30379.06
735.526	31544.35
735.719	30561.33
735.912	30344.24
736.105	30510.13
736.298	30864.43
736.491	30843.95
736.684	30084.15
736.877	30116.92
737.07	31099.94
737.263	31286.31
737.456	30600.24
737.649	30170.16
737.842	31067.17
738.035	30889
738.228	30024.76
738.421	30010.42
738.614	30594.09
738.807	30929.96
739	30209.08
739.192	30362.67
739.385	30714.92
739.578	30731.31
739.771	30264.37
739.964	29735.99
740.156	31308.83
740.349	30721.07
740.542	30061.62
740.735	29658.17
740.927	30315.57
741.12	30409.78
741.313	29938.74
741.505	30010.42
741.698	30477.36
741.891	30530.61
742.083	29916.22
742.276	30112.82
742.468	30526.51
742.661	30467.12
742.854	29991.99
743.046	29531.2
743.239	30397.49
743.431	30737.45
743.624	29432.89
743.816	29418.56
744.009	29967.41
744.201	29922.36
744.393	29846.58
744.586	29381.7
744.778	30495.79
744.971	30514.22
745.163	29871.16
745.355	29996.09
745.548	30250.03
745.74	30067.77
745.932	29932.6
746.125	29680.7
746.317	30370.86
746.509	29985.85
746.702	29600.83
746.894	29600.83
747.086	30067.77
747.278	30268.47
747.471	29750.33
747.663	29768.76
747.855	30247.99
748.047	30407.73
748.239	29705.27
748.431	29717.56
748.623	31089.7
748.815	30141.49
749.008	29584.44
749.2	29758.52
749.392	30401.58
749.584	30311.47
749.776	29944.89
749.968	29865.02
750.16	30585.9
750.352	30037.05
750.544	29846.58
750.736	29260.87
750.928	29989.94
751.12	29719.61
751.311	29463.61
751.503	29819.96
751.695	29850.68
751.887	29817.91
752.079	29238.34
752.271	29137.99
752.463	30303.28
752.654	29320.26
752.846	29197.38
753.038	28789.83
753.23	29617.21
753.421	29580.35
753.613	28626
753.805	29328.45
753.997	29445.18
754.188	29897.78
754.38	29215.81
754.572	29125.7
754.763	29625.4
754.955	29647.93
755.146	29152.32
755.338	28726.35
755.53	29832.25
755.721	29858.87
755.913	28775.5
756.104	28445.77
756.296	29189.19
756.487	29553.73
756.679	28697.67
756.87	28744.78
757.062	28795.98
757.253	29410.37
757.445	28664.91
757.636	29037.64
757.827	29178.95
758.019	30045.24
758.21	28675.15
758.401	28421.2
758.593	29559.87
758.784	29230.15
758.975	28279.89
759.167	28517.45
759.358	28986.44
759.549	29256.77
759.74	28314.7
759.932	28349.52
760.123	28580.94
760.314	28705.87
760.505	27788.38
760.696	28339.28
760.888	29066.31
761.079	28640.33
761.27	27806.81
761.461	27755.61
761.652	28720.2
761.843	28476.49
762.034	28128.34
762.225	28263.5
762.416	28585.04
762.607	28345.42
762.798	27585.63
762.989	27991.12
763.18	29125.7
763.371	28150.87
763.562	27542.62
763.753	27780.18
763.944	28109.91
764.135	27958.36
764.326	27728.98
764.517	27427.93
764.708	28091.48
764.899	27919.45
765.089	26864.74
765.28	27231.33
765.471	27726.94
765.662	27577.44
765.853	27397.21
766.043	26623.08
766.234	27864.15
766.425	27823.19
766.615	27329.63
766.806	27032.68
766.997	28314.7
767.187	27106.4
767.378	27108.45
767.569	26578.03
767.759	27458.65
767.95	27487.32
768.141	26895.46
768.331	26944.61
768.522	27429.98
768.712	27716.7
768.903	26819.69
769.093	26991.72
769.284	27122.79
769.474	27239.52
769.665	26393.71
769.855	26086.51
770.046	27413.6
770.236	26682.47
770.426	26504.3
770.617	25797.75
770.807	26510.44
770.998	26881.13
771.188	26512.49
771.378	26076.27
771.569	27004
771.759	26766.44
771.949	25762.93
772.139	26283.12
772.33	26225.78
772.52	26930.28
772.71	26205.3
772.9	25928.82
773.09	26858.6
773.281	27262.05
773.471	25975.92
773.661	25687.16
773.851	26350.7
774.041	26635.37
774.231	25793.65
774.421	26324.08
774.611	26627.18
774.802	26115.19
774.992	25664.63
775.182	25525.37
775.372	26242.16
775.562	26168.43
775.752	25807.99
775.942	25631.86
776.131	26340.46
776.321	26041.46
776.511	25334.91
776.701	25232.51
776.891	26248.3
777.081	25746.55
777.271	25515.13
777.461	25896.05
777.651	26301.55
777.84	26131.57
778.03	25302.14
778.22	25173.12
778.41	25982.07
778.599	25721.98
778.789	25300.09
778.979	25363.58
779.169	26127.47
779.358	25658.49
779.548	25582.71
779.738	24968.32
779.927	25453.69
780.117	25177.22
780.307	24970.37
780.496	24530.06
780.686	25756.79
780.875	25975.92
781.065	24935.56
781.254	24722.57
781.444	25246.85
781.633	25410.68
781.823	24714.37
782.012	24933.51
782.202	24847.49
782.391	25279.61
782.581	24290.45
782.77	25291.9
782.96	25652.34
783.149	24992.9
783.338	24431.76
783.528	24413.32
783.717	25252.99
783.906	25531.51
784.096	24650.89
784.285	24523.91
784.474	24962.18
784.663	24798.34
784.853	24089.74
785.042	24349.84
785.231	25013.38
785.42	24673.42
785.61	24478.86
785.799	24104.08
785.988	25242.75
786.177	24284.3
786.366	23975.06
786.555	24525.96
786.744	24491.15
786.933	24450.19
787.122	23637.14
787.312	23936.15
787.501	24284.3
787.69	24872.07
787.879	23960.72
788.068	23698.58
788.257	23901.33
788.445	24179.86
788.634	23422.11
788.823	23098.53
789.012	24366.22
789.201	23940.24
789.39	23336.09
789.579	23332
789.768	24020.11
789.957	23973.01
790.145	23415.96
790.334	23053.47
790.523	23422.11
790.712	23934.1
790.9	23313.56
791.089	23125.15
791.278	23985.3
791.467	23565.46
791.655	23784.6
791.844	24214.67
792.033	23923.86
792.221	23428.25
792.41	23407.77
792.599	22910.11
792.787	23860.37
792.976	23774.36
793.164	23035.04
793.353	22795.43
793.541	23835.8
793.73	23934.1
793.918	23358.62
794.107	22811.81
794.295	23684.25
794.484	23626.9
794.672	23030.94
794.861	22959.27
795.049	23667.86
795.238	23952.53
795.426	22494.38
795.614	22809.76
795.803	23669.91
795.991	23805.08
796.179	22320.3
796.368	22209.71
796.556	23469.21
796.744	23065.76
796.932	22910.11
797.121	22592.68
797.309	23102.62
797.497	23864.47
797.685	22590.63
797.874	22893.73
798.062	23366.81
798.25	23364.76
798.438	22826.15
798.626	22914.21
798.814	23704.73
799.002	23444.63
799.19	22510.76
799.378	22777
799.566	23207.07
799.755	23344.28
799.943	22543.53
800.131	22473.9
800.318	22963.36
800.506	23063.71
800.694	21912.75
800.882	22332.59
801.07	23309.47
801.258	23356.57
801.446	22887.59
801.634	22621.35
801.822	23288.99
802.01	23858.32
802.197	22666.41
802.385	23174.3
802.573	23807.12
802.761	23303.32
802.949	22783.14
803.136	22357.16
803.324	23544.98
803.512	23473.31
803.699	22949.03
803.887	22643.88
804.075	23532.7
804.262	23303.32
804.45	22547.62
804.638	23096.48
804.825	22885.54
805.013	22946.98
805.201	22693.03
805.388	22525.1
805.576	22959.27
805.763	23362.72
805.951	22813.86
806.138	22965.41
806.326	23778.45
806.513	23415.96
806.701	22631.59
806.888	22979.75
807.075	24032.4
807.263	23587.99
807.45	22869.16
807.638	22561.96
807.825	24018.07
808.012	23610.52
808.2	22572.2
808.387	23088.29
808.574	23725.21
808.761	23479.45
808.949	22736.04
809.136	22815.91
809.323	23340.19
809.51	23352.48
809.698	23260.32
809.885	23061.66
810.072	23532.7
810.259	23452.83
810.446	22848.68
810.633	22623.4
810.82	23526.55
811.008	23903.38
811.195	23555.22
811.382	23200.93
811.569	23811.22
811.756	23088.29
811.943	23112.86
812.13	22549.67
812.317	23288.99
812.504	23624.86
812.691	23032.99
812.878	23317.66
813.064	24179.86
813.251	23469.21
813.438	23237.79
813.625	23200.93
813.812	23510.17
813.999	23659.67
814.186	22885.54
814.372	23010.46
814.559	23487.64
814.746	23501.98
814.933	22357.16
815.12	23207.07
815.306	22973.6
815.493	23151.77
815.68	22660.26
815.866	22549.67
816.053	23354.52
816.24	23678.1
816.426	22928.55
816.613	22727.85
816.799	23516.31
816.986	23819.41
817.173	22869.16
817.359	22787.24
817.546	23280.8
817.732	22936.74
817.919	22455.47
818.105	22985.89
818.292	23516.31
818.478	23755.93
818.665	23313.56
818.851	22834.34
819.037	24237.2
819.224	23379.1
819.41	22711.46
819.597	23100.58
819.783	24151.18
819.969	23604.38
820.156	22922.4
820.342	22926.5
820.528	25103.49
820.714	23039.14
820.901	22817.96
821.087	22570.15
821.273	23186.59
821.459	23274.65
821.646	22494.38
821.832	22674.6
822.018	23399.58
822.204	22969.51
822.39	22561.96
822.576	22195.37
822.762	23291.04
822.948	23131.3
823.134	22559.91
823.32	22185.13
823.507	22566.06
823.693	22805.67
823.879	22480.04
824.065	22181.04
824.25	22791.33
824.436	22815.91
824.622	21994.67
824.808	22312.11
824.994	22576.3
825.18	22238.38
825.366	21736.63
825.552	21972.14
825.738	22723.75
825.923	23055.52
826.109	22461.61
826.295	22066.35
826.481	22803.62
826.667	23059.62
826.852	22381.74
827.038	22293.68
827.224	23420.06
827.409	23321.76
827.595	22027.44
827.781	22197.42
827.966	22828.2
828.152	22918.31
828.338	21935.28
828.523	21294.27
828.709	22086.83
828.894	22062.26
829.08	21482.68
829.266	21372.09
829.451	21902.51
829.637	22273.2
829.822	21759.16
830.008	21322.94
830.193	22092.97
830.378	22189.23
830.564	21476.54
830.749	21169.34
830.935	21646.52
831.12	21322.94
831.305	20724.93
831.491	20892.87
831.676	21073.09
831.861	21560.5
832.047	21306.55
832.232	20806.85
832.417	21740.72
832.602	21630.13
832.788	21091.52
832.973	21155.01
833.158	21810.36
833.343	21632.18
833.528	21546.17
833.714	21206.2
833.899	21527.74
834.084	22131.89
834.269	21161.15
834.454	21109.95
834.639	21750.96
834.824	21439.67
835.009	21191.87
835.194	21216.44
835.379	21834.93
835.564	21877.94
835.749	21161.15
835.934	20503.75
836.119	21327.03
836.304	21136.57
836.489	20700.36
836.674	20866.24
836.859	20880.58
837.044	21474.49
837.228	20649.16
837.413	20407.5
837.598	21411
837.783	21294.27
837.968	20765.89
838.152	20475.08
838.337	20845.76
838.522	21748.92
838.707	21281.98
838.891	20825.28
839.076	20956.35
839.261	21372.09
839.445	20700.36
839.63	20661.44
839.815	21236.92
839.999	20931.78
840.184	20473.03
840.368	20165.84
840.553	20993.22
840.737	20884.67
840.922	19915.98
841.106	20008.14
841.291	20485.32
841.475	20878.53
841.66	20114.64
841.844	19903.7
842.029	21304.51
842.213	20380.87
842.397	19973.33
842.582	19471.57
842.766	20460.74
842.951	20415.69
843.135	20032.72
843.319	19639.51
843.504	20305.1
843.688	21050.56
843.872	19475.67
844.056	19856.59
844.241	20522.18
844.425	20194.51
844.609	19549.4
844.793	19557.59
844.977	20190.41
845.161	19954.9
845.346	19258.59
845.53	19186.91
845.714	20155.6
845.898	20354.25
846.082	19078.36
846.266	19231.96
846.45	19635.41
846.634	19932.37
846.818	18982.11
847.002	19303.64
847.186	19879.12
847.37	19274.97
847.554	19025.12
847.738	19657.94
847.922	20020.43
848.106	19809.49
848.29	18875.62
848.473	19436.76
848.657	19547.35
848.841	19692.76
849.025	19111.13
849.209	18930.91
849.392	19743.95
849.576	19553.49
849.76	18283.75
849.944	18980.06
850.127	19539.16
850.311	18982.11
850.495	18445.54
850.678	18447.59
850.862	19530.97
851.046	19477.72
851.229	18867.42
851.413	18384.1
851.596	19559.64
851.78	19102.94
851.964	18504.93
852.147	18363.62
852.331	19422.42
852.514	19592.41
852.698	18683.11
852.881	18197.74
853.065	19051.74
853.248	19027.17
853.431	18480.36
853.615	18609.38
853.798	19770.58
853.982	19051.74
854.165	18533.61
854.348	18085.1
854.532	18459.88
854.715	18431.21
854.898	18017.52
855.081	18060.52
855.265	19072.22
855.448	19223.77
855.631	17685.75
855.814	17951.98
855.997	18576.61
856.181	18662.63
856.364	18382.06
856.547	18013.42
856.73	18719.97
856.913	18633.96
857.096	18015.47
857.279	18015.47
857.462	18486.5
857.645	18431.21
857.828	17798.38
858.011	17986.8
858.194	18257.13
858.377	18185.45
858.56	17439.99
858.743	17722.61
858.926	18124.01
859.109	18265.32
859.292	17583.35
859.475	17319.16
859.658	18271.47
859.841	18222.31
860.023	17409.27
860.206	17298.68
860.389	17958.13
860.572	17939.69
860.755	17589.49
860.937	17442.04
861.12	17677.55
861.303	18038
861.486	17589.49
861.668	17071.36
861.851	17677.55
862.034	17833.2
862.216	17347.83
862.399	16940.29
862.581	17478.9
862.764	17745.14
862.947	16854.27
863.129	16622.85
863.312	17106.17
863.494	17695.99
863.677	17403.13
863.859	16446.73
864.042	17792.24
864.224	17218.81
864.406	17065.21
864.589	16409.86
864.771	17108.22
864.954	17075.45
865.136	16315.66
865.318	16418.05
865.501	17753.33
865.683	16594.18
865.865	16585.99
866.048	16403.72
866.23	17224.95
866.412	17085.69
866.594	16219.4
866.777	16497.92
866.959	16549.12
867.141	16895.23
867.323	16356.61
867.505	16467.2
867.687	16866.56
867.869	17032.44
868.052	16368.9
868.234	16139.53
868.416	17147.13
868.598	17249.53
868.78	16243.98
868.962	16233.74
869.144	16928
869.326	16841.98
869.508	16076.04
869.69	16088.33
869.872	16418.05
870.054	16989.44
870.236	15797.52
870.417	15652.11
870.599	16663.81
870.781	17267.96
870.963	16194.82
871.145	16110.86
871.327	16567.56
871.508	16813.31
871.69	16155.91
871.872	16020.75
872.054	16604.42
872.235	16485.64
872.417	15891.73
872.599	15818
872.78	17216.76
872.962	16450.82
873.144	15672.59
873.325	15922.45
873.507	16862.46
873.689	16522.5
873.87	15703.31
874.052	16289.03
874.233	16426.25
874.415	17046.78
874.596	16043.28
874.778	15582.48
874.959	16354.57
875.141	16909.57
875.322	16217.35
875.503	15883.53
875.685	16633.09
875.866	16119.05
876.048	15850.77
876.229	15633.68
876.41	16239.88
876.592	16624.9
876.773	16028.94
876.954	15766.8
877.136	16901.37
877.317	16526.6
877.498	15783.18
877.679	16219.4
877.86	16610.56
878.042	16334.09
878.223	16045.32
878.404	16588.03
878.585	16645.38
878.766	18537.7
878.947	16338.18
879.128	16153.87
879.309	16643.33
879.49	16764.16
879.672	16235.78
879.853	16092.43
880.034	16426.25
880.215	16801.02
880.396	16522.5
880.576	16262.41
880.757	16686.34
880.938	17315.06
881.119	16014.6
881.3	16252.17
881.481	16467.2
881.662	17841.39
881.843	16084.23
882.023	16416.01
882.204	17181.95
882.385	17108.22
882.566	16428.29
882.747	16473.35
882.927	17059.07
883.108	17097.98
883.289	16354.57
883.469	16880.89
883.65	16952.57
883.831	17149.18
884.011	16696.58
884.192	16409.86
884.373	17382.65
884.553	17057.02
884.734	16741.63
884.914	17167.61
885.095	18607.33
885.275	17505.52
885.456	16852.22
885.636	16377.09
885.817	17077.5
885.997	17566.96
886.178	16463.11
886.358	16917.76
886.538	17439.99
886.719	18898.14
886.899	16510.21
887.08	17067.26
887.26	17419.51
887.44	16917.76
887.621	16661.76
887.801	16864.51
887.981	17925.36
888.161	17923.31
888.342	16860.41
888.522	16932.09
888.702	17868.02
888.882	17982.7
889.062	17075.45
889.242	16878.85
889.423	18027.76
889.603	17765.62
889.783	17353.98
889.963	17407.22
890.143	17943.79
890.323	17915.12
890.503	17411.32
890.683	17214.71
890.863	17616.12
891.043	17841.39
891.223	17509.62
891.403	17462.52
891.583	17829.1
891.763	17669.36
891.943	17421.56
892.122	17083.64
892.302	17659.12
892.482	17714.42
892.662	17304.82
892.842	17140.99
893.022	17310.97
893.201	17636.59
893.381	16956.67
893.561	17005.82
893.741	17700.08
893.92	17280.25
894.1	17044.73
894.28	16917.76
894.459	17689.84
894.639	17511.67
894.819	16815.36
894.998	17014.01
895.178	17573.11
895.357	17050.88
895.537	16655.62
895.716	16542.98
895.896	17204.47
896.075	17505.52
896.255	16764.16
896.434	16407.81
896.614	17624.31
896.793	17323.26
896.973	16778.5
897.152	16600.32
897.331	16981.24
897.511	17136.89
897.69	16069.9
897.87	16639.23
898.049	17231.1
898.228	16987.39
898.407	16594.18
898.587	16717.06
898.766	16684.29
898.945	16913.66
899.124	16641.28
899.304	16235.78
899.483	16753.92
899.662	17042.68
899.841	16225.54
900.02	16051.47
900.199	16481.54
900.378	16567.56
900.557	15781.14
900.737	15856.91
900.916	16373
901.095	16475.4
901.274	15998.22
901.453	15475.99
901.632	15852.81
901.811	15981.84
901.989	15402.26
902.168	15531.28
902.347	16057.61
902.526	15861.01
902.705	15488.28
902.884	15568.15
903.063	16440.58
903.242	16092.43
903.42	14994.72
903.599	15256.86
903.778	15797.52
903.957	16098.57
904.135	15238.42
904.314	14976.28
904.493	15428.88
904.672	15070.49
904.85	14773.53
905.029	14777.63
905.207	14896.41
905.386	15713.55
905.565	14187.82
905.743	14165.29
905.922	14773.53
906.1	14914.84
906.279	13991.21
906.457	14118.18
906.636	14667.04
906.814	14449.96
906.993	13940.01
907.171	13845.8
907.35	14435.62
907.528	14759.2
907.707	14136.62
907.885	13538.61
908.063	14198.06
908.242	14054.7
908.42	13557.04
908.598	13278.52
908.777	14282.02
908.955	13778.22
909.133	13724.97
909.311	13323.57
909.49	13952.3
909.668	13925.68
909.846	13514.03
910.024	13636.91
910.202	14196.01
910.38	14538.02
910.559	13520.18
910.737	13403.44
910.915	14073.13
911.093	14302.5
911.271	13733.17
911.449	13798.7
911.627	14435.62
911.805	15136.03
911.983	13962.54
912.161	13980.97
912.339	14286.12
912.517	14771.49
912.695	14169.38
912.872	14255.4
913.05	14458.15
913.228	14695.71
913.406	13954.35
913.584	14116.14
913.762	14650.66
913.939	14540.07
914.117	14122.28
914.295	13909.29
914.473	14253.35
914.65	14769.44
914.828	13921.58
915.006	13610.29
915.184	14425.38
915.361	14552.35
915.539	14167.34
915.716	14241.06
915.894	14517.54
916.072	14607.65
916.249	14519.59
916.427	14386.47
916.604	14640.42
916.782	14480.68
916.959	13647.15
917.137	13792.56
917.314	14132.52
917.492	13983.02
917.669	13632.82
917.847	13577.52
918.024	13882.67
918.201	13964.59
918.379	13686.06
918.556	13751.6
918.733	14253.35
918.911	14003.5
919.088	13942.06
919.265	13407.54
919.442	13817.13
919.62	14224.68
919.797	13575.47
919.974	13419.83
920.151	14175.53
920.328	13925.68
920.506	13452.59
920.683	13935.92
920.86	13546.8
921.037	13745.45
921.214	13083.96
921.391	12946.75
921.568	13694.26
921.745	13374.77
921.922	13221.17
922.099	13190.45
922.276	13788.46
922.453	13542.71
922.63	12868.92
922.807	13636.91
922.984	13554.99
923.161	13102.39
923.338	13290.81
923.514	13339.96
923.691	13645.1
923.868	13720.88
924.045	12766.53
924.222	12920.12
924.399	13202.74
924.575	13362.48
924.752	13030.71
924.929	12991.8
925.105	13192.5
925.282	13245.75
925.459	13030.71
925.635	12715.33
925.812	13372.72
925.989	12903.74
926.165	12617.02
926.342	12324.16
926.518	12950.84
926.695	12827.96
926.871	12324.16
927.048	12256.58
927.224	12952.89
927.401	12567.87
927.577	12156.23
927.754	12016.97
927.93	13010.23
928.107	12737.85
928.283	12088.65
928.459	12250.44
928.636	12502.34
928.812	12346.69
928.988	11992.39
929.165	11681.1
929.341	12283.2
929.517	12266.82
929.693	12166.47
929.87	11234.64
930.046	12215.62
930.222	11937.1
930.398	11386.19
930.574	11543.89
930.751	11672.91
930.927	11457.87
931.103	11091.29
931.279	11066.71
931.455	11378
931.631	11521.36
931.807	10870.11
931.983	10929.5
932.159	10800.48
932.335	11386.19
932.511	10837.34
932.687	10626.4
932.863	10984.79
933.039	11062.62
933.215	10358.11
933.391	10239.33
933.566	10841.43
933.742	10685.79
933.918	10270.05
934.094	10067.3
934.27	10489.18
934.445	10497.38
934.621	10306.91
934.797	9815.4
934.973	10259.81
935.148	10089.83
935.324	9545.07
935.5	9203.06
935.675	9842.03
935.851	9846.12
936.027	9334.13
936.202	9358.71
936.378	9737.58
936.553	9311.6
936.729	9571.69
936.904	8695.16
937.08	8785.27
937.255	8691.07
937.431	8238.47
937.606	7988.61
937.782	8258.95
937.957	8490.37
938.133	7921.03
938.308	7740.81
938.483	7931.27
938.659	7697.8
938.834	7945.61
939.009	7398.8
939.185	8013.19
939.36	7251.35
939.535	6905.24
939.71	7331.22
939.886	7726.47
940.061	7406.99
940.236	7308.69
940.411	6761.88
940.586	7298.45
940.761	7044.5
940.937	6925.72
941.112	6383.01
941.287	6743.45
941.462	6768.02
941.637	6364.57
941.812	6509.98
941.987	6573.47
942.162	6585.76
942.337	6507.93
942.512	6116.77
942.687	6946.2
942.862	6505.88
943.037	5782.95
943.212	5850.53
943.386	6247.84
943.561	6567.32
943.736	6294.94
943.911	6702.49
944.086	6694.3
944.26	6393.25
944.435	5983.65
944.61	6385.05
944.785	6266.27
944.959	7140.76
945.134	5954.98
945.309	5914.02
945.483	5967.27
945.658	6563.23
945.833	5569.96
946.007	5553.58
946.182	6628.76
946.357	6149.54
946.531	5789.1
946.706	5997.99
946.88	6069.67
947.055	6436.25
947.229	5723.56
947.404	5801.38
947.578	6290.85
947.752	6546.84
947.927	5971.36
948.101	5846.44
948.276	6938.01
948.45	6579.61
948.624	6450.59
948.799	6108.58
948.973	6481.31
949.147	6294.94
949.321	6067.62
949.496	6258.08
949.67	6901.14
949.844	6315.42
950.018	6321.57
950.193	6266.27
950.367	7083.41
950.541	6512.03
950.715	6247.84
950.889	6448.54
951.063	6612.38
951.237	6931.86
951.411	6305.18
951.585	6393.25
951.759	7015.83
951.933	6929.81
952.107	6530.46
952.281	6849.94
952.455	7255.44
952.629	6890.9
952.803	6700.44
952.977	6608.28
953.151	7040.4
953.325	6819.22
953.499	6784.41
953.672	6348.19
953.846	6673.82
954.02	6940.05
954.194	6489.5
954.368	6774.17
954.541	7202.19
954.715	7136.66
954.889	6610.33
955.062	6452.64
955.236	6909.33
955.41	7241.11
955.583	7112.08
955.757	6622.62
955.93	7011.73
956.104	6851.99
956.278	6606.24
956.451	6739.35
956.625	7363.98
956.798	7622.03
956.972	7292.3
957.145	6757.78
957.319	7521.68
957.492	7292.3
957.665	7060.88
957.839	6620.57
958.012	7357.84
958.185	7150.99
958.359	6839.7
958.532	7161.23
958.705	7333.26
958.879	7169.43
959.052	7062.93
959.225	6794.65
959.398	7208.34
959.572	7247.25
959.745	6942.1
959.918	7052.69
960.091	7273.87
960.264	7482.77
960.438	6739.35
960.611	6682.01
960.784	7419.28
960.957	7169.43
961.13	7499.15
961.303	6897.05
961.476	7237.01
961.649	7636.36
961.822	6782.36
961.995	6985.11
962.168	7257.49
962.341	7568.78
962.514	6874.52
962.686	6874.52
962.859	7462.29
963.032	7595.4
963.205	6978.97
963.378	6618.52
963.551	7234.96
963.723	7232.91
963.896	7075.22
964.069	7081.36
964.242	7333.26
964.414	7665.04
964.587	7038.36
964.76	6974.87
964.932	7357.84
965.105	7431.57
965.278	6919.57
965.45	6823.32
965.623	7384.46
965.795	7372.18
965.968	6964.63
966.14	6772.12
966.313	7247.25
966.485	7259.54
966.658	6864.28
966.83	6765.98
967.003	7589.26
967.175	7232.91
967.348	6897.05
967.52	6776.22
967.692	7515.53
967.865	7277.97
968.037	6643.1
968.209	7024.02
968.382	7169.43
968.554	7138.71
968.726	6620.57
968.898	6538.65
969.071	7447.95
969.243	7077.27
969.415	6585.76
969.587	6778.26
969.759	7392.66
969.932	6983.06
970.104	6608.28
970.276	6276.51
970.448	6899.09
970.62	6940.05
970.792	6831.51
970.964	6614.43
971.136	7323.02
971.308	6962.58
971.48	6299.04
971.652	6460.83
971.824	7087.51
971.996	6849.94
972.168	6327.71
972.339	6538.65
972.511	6872.47
972.683	6751.64
972.855	6765.98
973.027	6274.46
973.199	7173.52
973.37	6925.72
973.542	6221.22
973.714	6530.46
973.886	6479.26
974.057	6714.78
974.229	6288.8
974.401	6288.8
974.572	6514.08
974.744	6292.9
974.915	6331.81
975.087	6190.5
975.259	7087.51
975.43	6268.32
975.602	6143.39
975.773	5946.79
975.945	6407.58
976.116	6831.51
976.288	6055.33
976.459	6442.4
976.63	6286.75
976.802	6604.19
976.973	5971.36
977.145	6278.56
977.316	7114.13
977.487	7374.22
977.659	6180.26
977.83	5922.21
978.001	6794.65
978.172	6686.11
978.344	5952.93
978.515	6036.9
978.686	6405.53
978.857	6831.51
979.028	6073.76
979.2	5828.01
979.371	6505.88
979.542	6192.55
979.713	6153.63
979.884	5445.04
980.055	6294.94
980.226	6256.03
980.397	5791.14
980.568	5717.42
980.739	6354.34
980.91	6016.42
981.081	5954.98
981.252	5729.7
981.423	6051.24
981.594	6067.62
981.765	5418.41
981.936	5825.96
982.106	5922.21
982.277	6397.34
982.448	5387.69
982.619	5909.93
982.79	5741.99
982.96	5852.58
983.131	5744.04
983.302	5195.18
983.472	5926.31
983.643	5977.51
983.814	5598.63
983.984	5578.15
984.155	5842.34
984.326	5864.87
984.496	5457.32
984.667	5279.15
984.837	5393.84
985.008	6129.06
985.178	5643.69
985.349	5156.27
985.519	5424.56
985.69	5219.76
985.86	5131.7
986.031	5041.59
986.201	5744.04
986.371	5627.31
986.542	4931
986.712	5107.12
986.882	5442.99
987.053	5567.92
987.223	4947.38
987.393	5246.38
987.563	5277.1
987.734	5547.44
987.904	5639.59
988.074	4947.38
988.244	5176.75
988.414	5467.56
988.585	4931
988.755	5109.17
988.925	5309.87
989.095	5893.54
989.265	4752.82
989.435	5211.57
989.605	5674.41
989.775	5647.79
989.945	5283.25
990.115	4591.03
990.285	5139.89
990.455	5529
990.625	4980.15
990.795	4693.43
990.965	5594.54
991.134	5127.6
991.304	4599.23
991.474	4619.71
991.644	5164.47
991.814	5393.84
991.984	4285.89
992.153	4562.36
992.323	4890.04
992.493	5082.55
992.662	4330.94
992.832	4597.18
993.002	4797.88
993.171	4918.71
993.341	4185.54
993.511	4449.72
993.68	4672.95
993.85	5014.96
994.019	4199.87
994.189	4249.02
994.358	4873.65
994.528	4812.21
994.697	3997.12
994.867	4195.78
995.036	4955.57
995.206	4554.17
995.375	4099.52
995.544	4494.78
995.714	4922.8
995.883	4675
996.052	4619.71
996.222	3728.84
996.391	4920.76
996.56	4545.98
996.73	3997.12
996.899	3794.37
997.068	4914.61
997.237	4652.47
997.406	4056.51
997.576	3796.42
997.745	4818.36
997.914	4367.81
998.083	3775.94
998.252	3780.04
998.421	4550.07
998.59	4251.07
998.759	3878.34
998.928	3603.91
999.097	4537.79
999.266	4367.81
999.435	4054.47
999.604	3651.02
999.773	4568.51
999.942	4267.45
1000.111	3329.49
1000.28	3534.28
1000.448	4103.62
1000.617	3931.59
1000.786	3880.39
1000.955	3392.97
1001.124	4322.75
1001.292	4685.24
1001.461	3485.13
1001.63	3222.99
1001.798	4249.02
1001.967	3986.88
1002.136	3294.67
1002.304	3362.25
1002.473	4244.93
1002.642	3704.26
1002.81	3466.7
1002.979	3337.68
1003.147	4148.67
1003.316	4175.3
1003.484	3431.88
1003.653	3534.28
1003.821	3923.4
1003.99	3634.63
1004.158	3624.39
1004.327	3304.91
1004.495	3909.06
1004.663	3749.32
1004.832	3413.45
1005	3104.21
1005.168	3800.52
1005.337	3825.09
1005.505	2964.95
1005.673	3653.06
1005.842	3988.93
1006.01	3577.29
1006.178	2893.27
1006.346	3278.29
1006.514	3679.69
1006.683	4023.75
1006.851	3022.29
1007.019	3268.05
1007.187	3384.78
1007.355	3030.48
1007.523	2713.05
1007.691	2708.95
1007.859	3257.81
1008.027	4062.66
1008.195	2860.5
1008.363	2633.18
1008.531	3309.01
1008.699	3407.31
1008.867	2647.51
1009.035	2850.26
1009.203	3902.92
1009.37	3452.36
1009.538	2778.58
1009.706	3724.74
1009.874	3407.31
1010.042	3243.47
1010.209	2622.94
1010.377	2670.04
1010.545	3378.64
1010.713	3313.1
1010.88	2682.33
1011.048	2688.47
1011.216	2991.57
1011.383	3462.6
1011.551	2622.94
1011.718	2590.17
1011.886	3280.33
1012.054	3413.45
1012.221	2502.11
1012.389	2371.04
1012.556	3132.88
1012.724	3552.71
1012.891	2657.75
1013.058	2162.14
1013.226	3216.85
1013.393	3032.53
1013.561	2270.69
1013.728	2242.01
1013.895	3253.71
1014.063	3077.59
1014.23	2104.8
1014.397	2442.71
1014.565	3114.45
1014.732	2756.05
1014.899	2254.3
1015.066	2055.65
1015.233	3122.64
1015.401	2989.52
1015.568	2309.6
1015.735	2590.17
1015.902	3046.87
1016.069	3063.25
1016.236	2186.72
1016.403	1979.87
1016.57	2502.11
1016.737	3259.85
1016.904	2108.9
1017.071	1811.94
1017.238	2545.11
1017.405	2727.38
1017.572	2127.33
1017.739	2311.64
1017.906	3182.03
1018.073	3005.91
1018.24	1924.58
1018.407	2207.2
1018.573	2821.59
1018.74	2665.94
1018.907	2029.03
1019.074	1818.08
1019.241	2745.81
1019.407	2561.5
1019.574	1975.78
1019.741	1922.53
1019.907	2989.52
1020.074	3040.72
1020.241	1672.68
1020.407	1828.32
1020.574	2334.17
1020.74	2442.71
1020.907	1846.76
1021.073	1791.46
1021.24	3038.67
1021.406	2481.63
1021.573	1699.3
1021.739	1760.74
1021.906	2678.23
1022.072	2295.26
1022.239	1736.17
1022.405	1867.24
1022.571	2436.57
1022.738	2262.49
1022.904	1746.41
1023.07	1646.05
1023.237	2328.03
1023.403	2545.11
1023.569	1547.75
1023.735	1631.72
1023.902	2412
1024.068	2340.32
1024.234	1498.6
1024.4	1650.15
1024.566	2067.94
1024.732	2199.01
1024.898	1697.25
1025.065	1377.77
1025.231	2268.64
1025.397	1998.31
1025.563	1709.54
1025.729	1404.39
1025.895	1795.56
1026.061	1916.39
1026.227	1308.14
1026.392	1662.44
1026.558	2178.53
1026.724	2278.88
1026.89	1527.27
1027.056	1543.66
1027.222	2047.46
1027.388	2174.43
1027.553	1533.42
1027.719	1373.68
1027.885	2475.48
1028.051	1996.26
1028.216	1002.99
1028.382	1418.73
1028.548	2231.77
1028.713	1895.91
1028.879	1209.84
1029.045	1557.99
1029.21	2266.59
1029.376	2086.37
1029.541	1291.76
1029.707	1306.09
1029.873	2082.27
1030.038	2024.93
1030.204	1371.63
1030.369	1361.39
1030.534	1861.09
1030.7	1721.83
1030.865	1449.45
1031.031	1129.97
1031.196	1895.91
1031.361	1818.08
1031.527	1172.97
1031.692	1168.88
1031.857	1711.59
1032.023	2055.65
1032.188	1138.16
1032.353	1265.13
1032.518	2057.7
1032.684	1811.94
1032.849	867.83
1033.014	1134.06
1033.179	1758.69
1033.344	1926.63
1033.509	1383.91
1033.674	1146.35
1033.839	1873.38
1034.004	1889.76
1034.17	1172.97
1034.335	939.51
1034.5	1658.34
1034.664	1547.75
1034.829	1086.96
1034.994	1271.28
1035.159	1451.5
1035.324	1805.8
1035.489	1181.17
1035.654	1072.62
1035.819	2358.75
1035.984	1736.17
1036.148	1281.52
1036.313	1138.16
1036.478	1967.59
1036.643	1609.19
1036.807	1089.01
1036.972	1002.99
1037.137	2248.16
1037.301	1537.51
1037.466	722.42
1037.631	1230.32
1037.795	1820.13
1037.96	1433.07
1038.124	1279.47
1038.289	914.93
1038.454	1525.22
1038.618	1779.17
1038.783	1064.43
1038.947	1091.06
1039.111	1402.35
1039.276	1500.65
1039.44	949.75
1039.605	1736.17
1039.769	1502.7
1039.933	1557.99
1040.098	935.41
1040.262	1314.28
1040.426	1639.91
1040.591	1646.05
1040.755	785.91
1040.919	906.74
1041.083	1768.93
1041.248	1445.35
1041.412	607.73
1041.576	736.76
1041.74	1453.55
1041.904	1361.39
1042.068	785.91
1042.232	959.99
1042.397	1791.46
1042.561	1400.3
1042.725	458.23
1042.889	910.83
1043.053	1474.03
1043.217	1402.35
1043.381	853.49
1043.544	589.3
1043.708	1474.03
1043.872	1201.65
1044.036	400.89
1044.2	435.71
1044.364	1668.58
1044.528	1572.33
1044.691	4027.84
1044.855	632.31
1045.019	1433.07
1045.183	1471.98
1045.346	851.44
1045.51	458.23
1045.674	1435.11
1045.837	1396.2
1046.001	577.02
1046.165	740.85
1046.328	1682.92
1046.492	1138.16
1046.655	1052.14
1046.819	769.52
1046.983	1082.86
1047.146	1146.35
1047.31	833.01
1047.473	392.7
1047.636	1211.89
1047.8	992.75
1047.963	761.33
1048.127	474.62
1048.29	951.79
