345.52	-1300.97
345.736	-1300.97
345.952	-1300.97
346.168	-1362.41
346.384	-1300.97
346.6	-256.51
346.816	-285.18
347.032	-139.77
347.248	505.34
347.464	-309.76
347.68	-203.26
347.896	7.68
348.112	329.21
348.328	-111.1
348.544	48.64
348.76	194.05
348.975	220.67
349.191	-285.18
349.407	-358.91
349.623	218.62
349.839	192
350.055	-223.74
350.27	105.98
350.486	243.2
350.702	296.44
350.918	474.62
351.133	-158.21
351.349	284.16
351.565	638.45
351.781	-403.96
351.996	42.5
352.212	216.57
352.428	128.51
352.644	-328.19
352.859	-256.51
353.075	390.65
353.291	124.41
353.506	-135.68
353.722	-395.77
353.938	116.22
354.153	536.06
354.369	325.12
354.584	-301.56
354.8	255.48
355.016	-20.99
355.231	-340.47
355.447	15.87
355.662	443.9
355.878	861.68
356.093	-393.72
356.309	-4.61
356.524	-33.28
356.74	595.45
356.955	-338.43
357.171	-61.95
357.386	251.39
357.602	-53.76
357.817	-20.99
358.033	-143.87
358.248	372.22
358.464	411.13
358.679	-180.73
358.895	-315.9
359.11	114.17
359.325	200.19
359.541	478.71
359.756	28.16
359.972	-53.76
360.187	636.41
360.402	-340.47
360.618	-227.84
360.833	1668.58
361.048	185.85
361.264	-107.01
361.479	95.74
361.694	314.88
361.909	372.22
362.125	-227.84
362.34	-115.2
362.555	372.22
362.77	343.55
362.986	-311.8
363.201	-182.78
363.416	288.25
363.631	173.57
363.847	-236.03
364.062	-174.59
364.277	212.48
364.492	67.07
364.707	-180.73
364.922	-371.19
365.138	376.31
365.353	468.47
365.568	-410.11
365.783	-152.06
365.998	579.06
366.213	656.89
366.428	-285.18
366.643	169.47
366.858	359.93
367.073	331.26
367.288	-37.38
367.503	-199.16
367.718	216.57
367.933	583.16
368.148	-229.88
368.363	30.21
368.578	308.73
368.793	706.04
369.008	-55.81
369.223	-221.69
369.438	421.37
369.653	411.13
369.868	-299.52
370.083	-266.75
370.298	337.4
370.513	611.83
370.728	214.52
370.943	-150.01
371.157	32.26
371.372	783.86
371.587	-338.43
371.802	-283.13
372.017	230.91
372.232	749.04
372.446	54.78
372.661	-272.89
372.876	222.72
373.091	462.33
373.306	-25.09
373.52	-381.43
373.735	202.24
373.95	634.36
374.165	-139.77
374.379	-129.53
374.594	56.83
374.809	601.59
375.023	120.32
375.238	-223.74
375.453	470.52
375.667	93.69
375.882	-227.84
376.097	-225.79
376.311	99.84
376.526	466.42
376.741	-305.66
376.955	347.64
377.17	689.65
377.384	1150.45
377.599	159.23
377.813	-420.35
378.028	959.99
378.242	456.19
378.457	-16.9
378.672	-264.7
378.886	202.24
379.101	198.14
379.315	-340.47
379.53	-31.23
379.744	624.12
379.958	419.32
380.173	-51.71
380.387	-162.3
380.602	544.25
380.816	151.04
381.031	-43.52
381.245	-137.73
381.459	435.71
381.674	1261.04
381.888	-293.37
382.103	417.27
382.317	288.25
382.531	601.59
382.746	-25.09
382.96	-78.33
383.174	273.92
383.388	888.31
383.603	335.35
383.817	-293.37
384.031	230.91
384.246	681.46
384.46	216.57
384.674	861.68
384.888	255.48
385.103	585.21
385.317	-258.56
385.531	200.19
385.745	1025.52
385.959	597.49
386.174	-160.25
386.388	-90.62
386.602	308.73
386.816	288.25
387.03	-20.99
387.244	30.21
387.458	427.51
387.672	620.02
387.887	-268.8
388.101	-111.1
388.315	632.31
388.529	419.32
388.743	1.54
388.957	-121.34
389.171	785.91
389.385	181.76
389.599	-137.73
389.813	265.72
390.027	404.99
390.241	1060.34
390.455	38.4
390.669	83.45
390.883	298.49
391.097	882.16
391.311	390.65
391.525	-84.48
391.738	708.09
391.952	636.41
392.166	173.57
392.38	-143.87
392.594	691.7
392.808	615.93
393.022	132.61
393.236	165.37
393.449	464.38
393.663	777.72
393.877	-74.24
394.091	214.52
394.305	464.38
394.518	370.17
394.732	-25.09
394.946	52.74
395.16	1031.66
395.373	531.96
395.587	-92.67
395.801	7.68
396.015	732.66
396.228	595.45
396.442	-0.51
396.656	-244.22
396.869	773.62
397.083	1099.25
397.297	275.96
397.51	120.32
397.724	632.31
397.938	554.49
398.151	-143.87
398.365	-61.95
398.578	699.89
398.792	923.12
399.005	402.94
399.219	83.45
399.433	574.97
399.646	675.32
399.86	486.9
400.073	550.39
400.287	620.02
400.5	595.45
400.714	452.09
400.927	222.72
401.141	853.49
401.354	2078.18
401.567	1021.42
401.781	-6.66
401.994	640.5
402.208	1150.45
402.421	347.64
402.635	91.65
402.848	392.7
403.061	849.4
403.275	314.88
403.488	126.46
403.701	931.31
403.915	994.8
404.128	452.09
404.341	189.95
404.555	1142.25
404.768	435.71
404.981	585.21
405.195	251.39
405.408	859.63
405.621	787.96
405.834	648.69
406.048	69.12
406.261	873.97
406.474	933.36
406.687	185.85
406.9	404.99
407.114	751.09
407.327	976.37
407.54	151.04
407.753	5.63
407.966	429.56
408.179	583.16
408.392	167.42
408.605	103.93
408.819	828.92
409.032	863.73
409.245	288.25
409.458	589.3
409.671	757.24
409.884	945.65
410.097	157.18
410.31	681.46
410.523	1185.26
410.736	728.56
410.949	392.7
411.162	263.68
411.375	970.23
411.588	830.96
411.801	589.3
412.014	284.16
412.227	656.89
412.44	757.24
412.653	415.23
412.865	658.93
413.078	1172.97
413.291	1007.09
413.504	634.36
413.717	288.25
413.93	1193.45
414.143	693.75
414.356	683.51
414.568	269.82
414.781	1050.1
414.994	984.56
415.207	669.17
415.42	509.43
415.632	810.48
415.845	1527.27
416.058	208.38
416.271	345.59
416.483	974.32
416.696	1203.69
416.909	396.79
417.121	372.22
417.334	921.07
417.547	1189.36
417.759	402.94
417.972	515.58
418.185	800.24
418.397	1048.05
418.61	493.05
418.823	441.85
419.035	1369.58
419.248	1007.09
419.46	589.3
419.673	755.19
419.885	919.03
420.098	1086.96
420.311	503.29
420.523	296.44
420.736	1144.3
420.948	955.89
421.161	550.39
421.373	400.89
421.586	783.86
421.798	798.2
422.01	370.17
422.223	853.49
422.435	816.63
422.648	1295.85
422.86	525.82
423.073	511.48
423.285	976.37
423.497	781.81
423.71	566.78
423.922	708.09
424.134	1390.06
424.347	1641.96
424.559	1086.96
424.771	1091.06
424.984	1297.9
425.196	1181.17
425.408	548.34
425.621	601.59
425.833	1310.19
426.045	1498.6
426.257	591.35
426.47	865.78
426.682	1076.72
426.894	1185.26
427.106	687.61
427.318	978.42
427.531	1121.77
427.743	1242.61
427.955	980.47
428.167	1627.62
428.379	1232.37
428.591	994.8
428.804	886.26
429.016	804.34
429.228	1410.54
429.44	1314.28
429.652	14349.61
429.864	607.73
430.076	1277.42
430.288	1295.85
430.5	1000.94
430.712	1033.71
430.924	1476.07
431.136	1484.27
431.348	767.48
431.56	759.28
431.772	1136.11
431.984	1140.21
432.196	896.5
432.408	896.5
432.62	1381.87
432.832	1519.08
433.044	1398.25
433.256	1000.94
433.468	1592.81
433.679	1111.54
433.891	792.05
434.103	1275.37
434.315	1930.72
434.527	1662.44
434.739	1236.46
434.95	1127.92
435.162	1582.57
435.374	1172.97
435.586	1099.25
435.798	1154.54
436.009	1480.17
436.221	1412.59
436.433	1250.8
436.645	1132.01
436.856	1416.68
437.068	1940.96
437.28	1019.38
437.491	1574.38
437.703	1785.32
437.915	1697.25
438.126	1086.96
438.338	1787.36
438.55	1564.14
438.761	1592.81
438.973	1218.03
439.184	1279.47
439.396	1463.79
439.608	1635.82
439.819	1129.97
440.031	1398.25
440.242	1908.19
440.454	1893.86
440.665	1379.82
440.877	1590.76
441.088	2053.6
441.3	1926.63
441.511	1058.29
441.723	1263.08
441.934	2213.34
442.146	1963.49
442.357	1648.1
442.569	2067.94
442.78	2069.98
442.991	2495.96
443.203	1838.56
443.414	1402.35
443.626	2313.69
443.837	1859.04
444.048	1412.59
444.26	1230.32
444.471	2063.84
444.682	1830.37
444.894	1435.11
445.105	1367.53
445.316	2321.88
445.528	2006.5
445.739	1727.97
445.95	1678.82
446.161	1859.04
446.373	2129.38
446.584	1547.75
446.795	1560.04
447.006	2303.45
447.217	2358.75
447.429	1566.18
447.64	1414.63
447.851	2833.88
448.062	2280.93
448.273	1353.2
448.484	1539.56
448.695	2166.24
448.907	2082.27
449.118	1730.02
449.329	2069.98
449.54	1998.31
449.751	1994.21
449.962	1662.44
450.173	1508.84
450.384	2233.82
450.595	2528.73
450.806	1625.58
451.017	1750.5
451.228	2518.49
451.439	2418.14
451.65	1897.96
451.861	1461.74
452.072	2151.9
452.283	2432.47
452.494	2072.03
452.705	1883.62
452.915	2817.49
453.126	2364.89
453.337	2078.18
453.548	1889.76
453.759	2813.4
453.97	2721.24
454.181	2516.44
454.391	2002.4
454.602	2491.87
454.813	3014.1
455.024	1996.26
455.235	1951.2
455.445	2741.72
455.656	2723.29
455.867	2278.88
456.078	2180.57
456.288	2432.47
456.499	2913.75
456.71	2205.15
456.921	2452.95
457.131	2729.43
457.342	2711
457.553	2219.49
457.763	2301.4
457.974	2682.33
458.184	2739.67
458.395	2096.61
458.606	2012.64
458.816	3229.13
459.027	3235.28
459.237	2641.37
459.448	2325.98
459.659	3028.43
459.869	3845.57
460.08	2297.31
460.29	2667.99
460.501	3448.27
460.711	3055.06
460.922	2272.73
461.132	2586.07
461.343	4081.09
461.553	2948.56
461.764	2530.78
461.974	2782.68
462.184	3376.59
462.395	3378.64
462.605	2733.53
462.816	2356.7
463.026	3376.59
463.236	3435.98
463.447	2667.99
463.657	2917.84
463.867	3597.77
464.078	3392.97
464.288	2887.12
464.498	3016.15
464.709	3481.03
464.919	3616.2
465.129	3124.69
465.339	2944.47
465.55	3558.86
465.76	3704.26
465.97	3229.13
466.18	3198.42
466.391	4017.6
466.601	3859.91
466.811	3311.05
467.021	3073.49
467.231	3970.5
467.441	4056.51
467.651	3343.82
467.862	3057.11
468.072	3937.73
468.282	4146.62
468.492	3413.45
468.702	3827.14
468.912	4224.45
469.122	4879.8
469.332	4175.3
469.542	3517.9
469.752	4767.16
469.962	4347.33
470.172	3954.12
470.382	3927.49
470.592	4863.41
470.802	4693.43
471.012	4345.28
471.222	3993.03
471.432	4742.58
471.642	4836.79
471.852	4427.2
472.062	4179.39
472.272	4967.86
472.482	4709.82
472.691	4359.61
472.901	4242.88
473.111	4867.51
473.321	5666.22
473.531	4586.94
473.741	5086.64
473.95	5373.36
474.16	5373.36
474.37	5070.26
474.58	4646.33
474.79	6010.28
474.999	5483.95
475.209	4908.47
475.419	5307.82
475.628	5793.19
475.838	6241.7
476.048	5338.54
476.258	5135.79
476.467	6378.91
476.677	5836.2
476.886	5928.36
477.096	5576.11
477.306	6063.52
477.515	6210.98
477.725	5940.65
477.935	5907.88
478.144	6768.02
478.354	6292.9
478.563	6227.36
478.773	5922.21
478.982	6802.84
479.192	6690.2
479.401	6155.68
479.611	6223.27
479.82	6630.81
480.03	6813.08
480.239	6274.46
480.449	6313.38
480.658	7378.32
480.868	7282.06
481.077	6911.38
481.287	6854.04
481.496	7513.49
481.705	7730.57
481.915	7386.51
482.124	7333.26
482.333	7699.85
482.543	8162.69
482.752	7523.73
482.961	7226.77
483.171	7826.82
483.38	7527.82
483.589	7558.54
483.799	7546.25
484.008	8113.54
484.217	8220.03
484.426	7912.84
484.636	7656.84
484.845	8433.02
485.054	8066.44
485.263	8480.13
485.472	8007.05
485.682	8873.34
485.891	8562.05
486.1	8068.48
486.309	8332.67
486.518	9129.33
486.727	9766.25
486.936	8459.65
487.146	8697.21
487.355	9674.09
487.564	8983.93
487.773	8859
487.982	8844.67
488.191	9295.22
488.4	9799.02
488.609	9012.6
488.818	9020.79
489.027	10138.98
489.236	10034.53
489.445	9373.04
489.654	9168.24
489.863	10165.6
490.072	9827.69
490.281	10239.33
490.49	9672.04
490.698	10337.63
490.907	10755.42
491.116	9766.25
491.325	9614.7
491.534	10599.77
491.743	10302.82
491.952	10020.2
492.16	10519.9
492.369	10952.02
492.578	11099.48
492.787	10585.44
492.996	10470.75
493.204	10726.75
493.413	11279.7
493.622	10218.85
493.831	10208.61
494.039	11601.23
494.248	10820.95
494.457	10548.58
494.665	10524
494.874	11251.03
495.083	12256.58
495.291	10775.9
495.5	10906.97
495.709	11969.87
495.917	11668.81
496.126	11265.36
496.335	11355.47
496.543	11752.78
496.752	11836.75
496.96	11683.15
497.169	11216.21
497.377	11711.82
497.586	11889.99
497.794	11730.25
498.003	11261.27
498.211	12176.71
498.42	12285.25
498.628	11619.66
498.837	11814.22
499.045	12285.25
499.254	12289.35
499.462	11943.24
499.671	11871.56
499.879	13419.83
500.087	12655.93
500.296	12027.21
500.504	12264.77
500.713	12750.14
500.921	13335.86
501.129	12404.03
501.338	12297.54
501.546	13043
501.754	12942.65
501.962	12621.12
502.171	12510.53
502.379	13335.86
502.587	13452.59
502.795	12780.86
503.004	12629.31
503.212	13659.44
503.42	13673.78
503.628	12909.88
503.837	13333.81
504.045	13542.71
504.253	14255.4
504.461	13131.06
504.669	12774.72
504.877	14228.77
505.085	14071.08
505.294	13112.63
505.502	13614.38
505.71	14724.38
505.918	13788.46
506.126	13362.48
506.334	13280.57
506.542	14122.28
506.75	13868.33
506.958	13788.46
507.166	13530.42
507.374	14048.55
507.582	14482.72
507.79	13911.34
507.998	13524.27
508.206	14935.32
508.414	14587.17
508.622	14046.51
508.83	13952.3
509.037	14437.67
509.245	14064.94
509.453	14259.49
509.661	14091.56
509.869	14775.58
510.077	14574.88
510.285	14658.85
510.492	13815.09
510.7	15533.33
510.908	14773.53
511.116	14413.09
511.324	14226.73
511.531	14691.62
511.739	15291.67
511.947	14615.84
512.155	15027.48
512.362	15295.77
512.57	14853.41
512.778	14533.92
512.985	14320.93
513.193	15131.93
513.401	15555.86
513.608	14751.01
513.816	14988.57
514.024	15633.68
514.231	15598.87
514.439	15066.39
514.646	15021.34
514.854	15940.88
515.061	15633.68
515.269	15136.03
515.477	15019.29
515.684	15813.9
515.892	15799.57
516.099	15164.7
516.307	15109.4
516.514	16264.46
516.722	16172.3
516.929	15183.13
517.136	15418.64
517.344	16069.9
517.551	16274.7
517.759	15291.67
517.966	15596.82
518.173	15963.4
518.381	16426.25
518.588	15766.8
518.796	15811.85
519.003	16780.54
519.21	16639.23
519.418	15924.49
519.625	16362.76
519.832	16770.3
520.039	16835.84
520.247	16082.19
520.454	16254.22
520.661	17280.25
520.868	16860.41
521.076	16164.11
521.283	16108.81
521.49	17198.33
521.697	17014.01
521.904	16647.43
522.112	16356.61
522.319	17474.81
522.526	17157.37
522.733	16739.58
522.94	16680.19
523.147	17421.56
523.354	17284.34
523.561	17071.36
523.768	16964.86
523.975	17818.86
524.183	17782
524.39	17319.16
524.597	16977.15
524.804	17261.82
525.011	17349.88
525.218	17030.4
525.425	17118.46
525.632	18341.1
525.838	17771.76
526.045	17218.81
526.252	17300.73
526.459	19469.53
526.666	19819.73
526.873	17716.47
527.08	17446.13
527.287	18490.6
527.494	18222.31
527.701	17378.55
527.907	17526
528.114	18509.03
528.321	18306.28
528.528	17773.81
528.735	18064.62
528.941	18267.37
529.148	18040.04
529.355	18138.35
529.562	18025.71
529.768	19363.03
529.975	18384.1
530.182	18226.41
530.388	17794.29
530.595	19080.41
530.802	18713.83
531.008	18769.12
531.215	18396.39
531.422	19786.96
531.628	20122.83
531.835	18523.37
532.042	18990.3
532.248	19326.17
532.455	19338.46
532.661	18916.58
532.868	18685.15
533.074	19815.63
533.281	19793.11
533.487	18937.06
533.694	19133.66
533.9	19655.89
534.107	19547.35
534.313	19236.06
534.52	18713.83
534.726	19733.71
534.933	20204.75
535.139	18885.86
535.345	18973.92
535.552	20331.72
535.758	20462.79
535.965	19588.31
536.171	19535.06
536.377	20468.94
536.584	20899.01
536.79	19670.23
536.996	19981.52
537.203	20425.93
537.409	20722.88
537.615	19784.91
537.821	20028.62
538.028	21318.84
538.234	20399.3
538.44	20040.91
538.646	19997.9
538.853	20536.52
539.059	20366.54
539.265	20645.06
539.471	19977.42
539.677	20948.16
539.883	20849.86
540.09	22140.08
540.296	21138.62
540.502	21517.5
540.708	21161.15
540.914	21077.18
541.12	20559.05
541.326	21667
541.532	21390.52
541.738	21198.01
541.944	21109.95
542.15	21441.72
542.356	21589.17
542.562	21071.04
542.768	21058.75
542.974	21767.35
543.18	21929.14
543.386	21343.42
543.592	20987.07
543.798	22463.66
544.004	22219.95
544.21	21376.19
544.415	21619.89
544.621	22346.92
544.827	22731.94
545.033	21433.53
545.239	22047.92
545.445	22285.48
545.651	22342.83
545.856	21763.25
546.062	21810.36
546.268	22135.98
546.474	22385.83
546.679	21667
546.885	21771.44
547.091	22580.39
547.297	22750.37
547.502	22043.82
547.708	21730.48
547.914	22316.2
548.119	22918.31
548.325	21658.81
548.531	21564.6
548.736	23137.44
548.942	22404.27
549.147	21800.12
549.353	22267.05
549.559	23121.06
549.764	22983.84
549.97	22070.45
550.175	22105.26
550.381	23139.49
550.586	22611.11
550.792	22357.16
550.997	22262.96
551.203	23250.08
551.408	23624.86
551.614	22422.7
551.819	22496.42
552.025	23981.2
552.23	23680.15
552.435	22949.03
552.641	23547.03
552.846	23413.91
553.052	24276.11
553.257	23243.93
553.462	23127.2
553.668	23635.1
553.873	23674.01
554.078	23176.35
554.283	23458.97
554.489	24186
554.694	24108.18
554.899	23166.11
555.105	23835.8
555.31	24370.32
555.515	24444.04
555.72	23669.91
555.925	24661.13
556.131	24372.36
556.336	24358.03
556.541	23739.54
556.746	23628.95
556.951	24575.11
557.156	24347.79
557.361	23860.37
557.567	24032.4
557.772	24681.61
557.977	24587.4
558.182	23649.43
558.387	23815.32
558.592	24390.8
558.797	25435.26
559.002	24001.68
559.207	24302.73
559.412	25179.26
559.617	25308.29
559.822	24145.04
560.027	24392.84
560.232	24628.36
560.437	25412.73
560.642	23891.09
560.847	24077.46
561.051	24657.03
561.256	24683.66
561.461	24634.5
561.666	24358.03
561.871	24829.06
562.076	25674.87
562.281	24657.03
562.485	24347.79
562.69	25240.7
562.895	25146.5
563.1	24695.94
563.305	24464.52
563.509	25812.09
563.714	25818.23
563.919	25078.91
564.123	24784.01
564.328	25355.39
564.533	25707.64
564.737	24962.18
564.942	24753.29
565.147	25965.68
565.351	25623.67
565.556	25412.73
565.761	25076.87
565.965	26016.88
566.17	25474.17
566.374	25021.57
566.579	25093.25
566.784	25988.21
566.988	26266.74
567.193	25046.15
567.397	25271.42
567.602	26084.47
567.806	26154.1
568.011	25584.76
568.215	26035.31
568.42	26088.56
568.624	26018.93
568.828	25287.81
569.033	25664.63
569.237	26442.86
569.442	26541.16
569.646	25191.55
569.85	25822.33
570.055	26276.98
570.259	26360.94
570.463	26356.85
570.668	26125.43
570.872	26379.37
571.076	26807.4
571.281	26367.09
571.485	26035.31
571.689	27245.66
571.893	26623.08
572.098	26311.79
572.302	26193.01
572.506	26618.99
572.71	26582.12
572.914	25971.83
573.119	25969.78
573.323	27202.66
573.527	27339.87
573.731	26401.9
573.935	26582.12
574.139	27192.42
574.343	26539.12
574.547	26563.69
574.751	26838.12
574.955	27620.44
575.159	27620.44
575.364	26510.44
575.568	26782.82
575.772	27325.54
575.976	27423.84
576.18	26352.75
576.383	26797.16
576.587	27921.49
576.791	27448.41
576.995	26549.35
577.199	26567.79
577.403	27219.04
577.607	27681.88
577.811	27073.63
578.015	27599.96
578.219	27618.39
578.422	27817.05
578.626	27188.32
578.83	27372.64
579.034	27667.55
579.238	28025.94
579.442	27427.93
579.645	27620.44
579.849	27565.15
580.053	27604.06
580.257	27280.48
580.46	27653.21
580.664	28036.18
580.868	27763.8
581.071	27573.34
581.275	27554.91
581.479	27880.53
581.682	28507.21
581.886	27759.7
582.09	27991.12
582.293	28396.62
582.497	28712.01
582.7	28312.66
582.904	27860.05
583.107	28832.84
583.311	28435.53
583.515	28073.04
583.718	28077.14
583.922	29045.83
584.125	29404.22
584.329	27950.17
584.532	28218.45
584.735	29375.55
584.939	28996.68
585.142	28390.48
585.346	28286.03
585.549	28931.14
585.753	28507.21
585.956	28582.99
586.159	28654.67
586.363	29430.85
586.566	29520.96
586.769	28335.18
586.973	28044.37
587.176	29377.6
587.379	29545.53
587.582	29074.5
587.786	29021.25
587.989	29379.65
588.192	30579.76
588.395	28920.9
588.599	29383.74
588.802	29803.58
589.005	29897.78
589.208	29752.38
589.411	29293.63
589.615	29758.52
589.818	30628.91
590.021	29711.42
590.224	29516.86
590.427	30919.72
590.63	30223.41
590.833	29791.29
591.036	29224
591.239	30178.36
591.442	30088.24
591.645	29721.66
591.848	29842.49
592.051	30321.71
592.254	30198.84
592.457	30141.49
592.66	29715.51
592.863	30417.97
593.066	31095.85
593.269	30473.26
593.472	30356.53
593.675	30835.75
593.878	30796.84
594.081	29973.56
594.284	29695.03
594.486	30950.44
594.689	31257.64
594.892	30454.83
595.095	30487.6
595.298	31110.18
595.5	30907.43
595.703	30403.63
595.906	30876.71
596.109	31331.36
596.311	31495.2
596.514	30256.18
596.717	30741.55
596.92	31589.41
597.122	31798.3
597.325	30663.72
597.528	30428.21
597.73	32199.7
597.933	31444
598.136	30940.2
598.338	30313.52
598.541	31188
598.743	31923.22
598.946	30817.32
599.148	30917.67
599.351	31669.28
599.554	31591.45
599.756	30768.17
599.959	31570.97
600.161	31644.7
600.363	32257.04
600.566	31570.97
600.768	31036.45
600.971	31812.63
601.173	31769.63
601.376	31241.25
601.578	31364.13
601.78	32291.86
601.983	32664.59
602.185	31325.22
602.388	31816.73
602.59	32164.89
602.792	32261.14
602.995	31880.22
603.197	31835.16
603.399	32183.32
603.601	32988.17
603.804	31824.92
604.006	31943.7
604.208	32101.4
604.41	31931.42
604.613	32119.83
604.815	32236.56
605.017	33102.85
605.219	32611.34
605.421	32658.45
605.623	32175.13
605.826	33307.65
606.028	33250.31
606.23	31999
606.432	31595.55
606.634	32711.69
606.836	32506.9
607.038	31683.61
607.24	31974.42
607.442	33121.29
607.644	32637.97
607.846	32197.65
608.048	32220.18
608.25	33424.39
608.452	33084.42
608.654	32287.76
608.856	31843.35
609.058	32431.12
609.26	32881.67
609.462	31884.31
609.664	32211.99
609.866	32478.22
610.067	32848.91
610.269	32082.97
610.471	31761.44
610.673	33147.91
610.875	32920.59
611.077	32007.19
611.278	32273.43
611.48	32857.1
611.682	32898.06
611.884	32730.12
612.085	32394.26
612.287	33188.87
612.489	32654.35
612.69	32341.01
612.892	32330.77
613.094	33352.71
613.295	32982.02
613.497	32146.45
613.699	32721.93
613.9	33451.01
614.102	33356.8
614.304	32588.81
614.505	32177.17
614.707	33299.46
614.908	33289.22
615.11	32650.25
615.311	32902.15
615.513	33289.22
615.714	33516.54
615.916	32846.86
616.117	32840.71
616.319	33520.64
616.52	33199.11
616.722	32625.68
616.923	32756.75
617.124	33502.21
617.326	33080.33
617.527	32777.23
617.729	33408
617.93	33199.11
618.131	33491.97
618.333	32699.41
618.534	32803.85
618.735	33262.6
618.937	33440.77
619.138	32447.5
619.339	32402.45
619.54	33561.6
619.742	33410.05
619.943	33102.85
620.144	32906.25
620.345	34036.73
620.546	33403.91
620.748	33324.04
620.949	33053.7
621.15	33768.44
621.351	33479.68
621.552	33260.55
621.753	33410.05
621.954	33653.76
622.155	34409.46
622.356	33397.76
622.558	33717.25
622.759	33973.24
622.96	34135.03
623.161	33053.7
623.362	33098.76
623.563	33842.17
623.764	33655.81
623.965	33072.14
624.166	33213.45
624.366	33469.44
624.567	33827.84
624.768	32883.72
624.969	32803.85
625.17	33451.01
625.371	33602.56
625.572	33188.87
625.773	33010.7
625.973	33860.6
626.174	33840.12
626.375	33502.21
626.576	33448.96
626.777	34143.22
626.977	34229.24
627.178	33510.4
627.379	33467.39
627.58	33614.85
627.78	33825.79
627.981	32947.21
628.182	33846.27
628.382	34345.97
628.583	33895.42
628.784	33190.92
628.984	33768.44
629.185	34157.56
629.386	34331.64
629.586	33569.79
629.787	33735.68
629.987	34724.85
630.188	34776.05
630.388	34132.98
630.589	33971.19
630.79	34941.93
630.99	34116.6
631.191	33872.89
631.391	33946.62
631.591	34290.68
631.792	34114.55
631.992	33866.75
632.193	33872.89
632.393	34528.24
632.594	34065.4
632.794	33592.32
632.994	34173.94
633.195	34817
633.395	34456.56
633.595	33788.92
633.796	34302.96
633.996	34749.42
634.196	34964.46
634.397	34130.94
634.597	34221.05
634.797	34712.56
634.997	35099.62
635.198	35109.86
635.398	33960.95
635.598	35003.37
635.798	34860.01
635.998	34143.22
636.199	33772.54
636.399	34419.7
636.599	34178.04
636.799	33823.74
636.999	34341.88
637.199	34960.36
637.399	35302.37
637.599	34356.21
637.799	34384.88
637.999	35099.62
638.199	35077.1
638.399	34522.1
638.599	34544.62
638.799	35216.36
638.999	35439.59
639.199	34532.34
639.399	34298.87
639.599	35011.56
639.799	34788.33
639.999	34493.43
640.199	34628.59
640.399	35029.99
640.599	34655.22
640.799	34933.74
640.998	34849.77
641.198	34776.05
641.398	34890.73
641.598	34507.76
641.798	34784.24
641.997	36439
642.197	34974.7
642.397	35075.05
642.597	34751.47
642.796	35621.86
642.996	35089.38
643.196	35582.95
643.395	34483.19
643.595	35533.79
643.795	35068.9
643.994	35277.8
644.194	34993.13
644.394	36033.5
644.593	35949.53
644.793	35376.1
644.992	35566.56
645.192	36248.53
645.392	35429.35
645.591	35748.83
645.791	35460.07
645.99	35992.54
646.19	35214.31
646.389	34982.89
646.589	35066.86
646.788	35836.89
646.987	35904.48
647.187	36117.46
647.386	35572.71
647.586	36047.83
647.785	36180.95
647.984	35150.82
648.184	36008.92
648.383	35611.62
648.582	35455.97
648.782	35329
648.981	35861.47
649.18	35484.64
649.38	36209.62
649.579	35554.27
649.778	35724.25
649.977	36445.14
650.177	36385.75
650.376	35224.55
650.575	35267.56
650.774	36262.87
650.973	36260.82
651.173	35369.96
651.372	35447.78
651.571	35707.87
651.77	36422.61
651.969	35560.42
652.168	35718.11
652.367	35988.44
652.566	36031.45
652.765	35873.76
652.964	36488.15
653.163	36651.98
653.362	36533.2
653.561	35673.06
653.76	35918.81
653.959	36314.07
654.158	36750.29
654.357	36303.83
654.556	35845.09
654.755	36793.29
654.954	36287.45
655.153	35945.44
655.352	36232.15
655.551	36631.51
655.749	36510.67
655.948	36445.14
656.147	36258.77
656.346	36301.78
656.545	36582.35
656.743	35867.61
656.942	35834.85
657.141	36631.51
657.34	35992.54
657.538	35863.52
657.737	36060.12
657.936	36950.99
658.135	36230.1
658.333	35820.51
658.532	36482
658.731	36942.8
658.929	36580.31
659.128	36336.6
659.326	35488.74
659.525	36873.17
659.724	36494.29
659.922	35785.69
660.121	35533.79
660.319	36426.71
660.518	36287.45
660.716	36043.74
660.915	35771.36
661.113	37338.05
661.312	36785.1
661.51	37014.48
661.709	36170.71
661.907	36867.02
662.105	37086.15
662.304	36621.27
662.502	35972.06
662.701	36959.18
662.899	36555.73
663.097	37020.62
663.296	36504.53
663.494	37458.88
663.692	37419.97
663.891	36592.59
664.089	36215.77
664.287	36838.35
664.485	36809.68
664.684	36742.1
664.882	36781.01
665.08	36803.53
665.278	37125.07
665.476	36346.84
665.675	36570.07
665.873	37131.21
666.071	37372.87
666.269	36092.89
666.467	36846.54
666.665	37448.64
666.863	36793.29
667.061	36508.63
667.259	36395.99
667.457	36871.12
667.655	37096.39
667.853	36690.9
668.051	36320.21
668.249	36430.8
668.447	36840.4
668.645	36633.55
668.843	36981.71
669.041	37307.33
669.239	36330.45
669.437	36412.37
669.635	36621.27
669.833	36883.41
670.031	36475.86
670.229	36156.38
670.426	36375.51
670.624	36287.45
670.822	36371.41
671.02	36516.82
671.218	36434.9
671.415	36363.22
671.613	36254.68
671.811	36264.92
672.009	36226.01
672.206	36975.56
672.404	36805.58
672.602	36500.44
672.799	36377.56
672.997	36903.88
673.195	36539.35
673.392	36441.04
673.59	36053.98
673.788	36584.4
673.985	36238.3
674.183	36627.41
674.38	36281.3
674.578	36721.62
674.775	36639.7
674.973	35908.57
675.17	36332.5
675.368	36518.87
675.565	37077.96
675.763	36328.41
675.96	36293.59
676.158	36541.39
676.355	36439
676.553	36041.69
676.75	35898.33
676.947	36242.39
677.145	36162.52
677.342	35978.2
677.539	36035.55
677.737	36703.18
677.934	36746.19
678.131	36023.26
678.329	35914.72
678.526	36887.5
678.723	36766.67
678.92	36641.74
679.118	36162.52
679.315	36096.99
679.512	36383.7
679.709	36178.9
679.906	35974.11
680.104	36948.94
680.301	36027.35
680.498	35781.6
680.695	36006.87
680.892	36285.4
681.089	36121.56
681.286	35902.43
681.483	35402.72
681.68	36355.03
681.877	36615.12
682.075	35726.3
682.272	35898.33
682.469	36549.59
682.665	36051.93
682.862	35572.71
683.059	35410.92
683.256	36053.98
683.453	36117.46
683.65	35754.97
683.847	35632.1
684.044	35875.8
684.241	36023.26
684.438	35822.56
684.635	35079.14
684.831	36475.86
685.028	36549.59
685.225	35310.57
685.422	35613.66
685.619	35736.54
685.815	35415.01
686.012	35511.27
686.209	34921.45
686.405	35511.27
686.602	35902.43
686.799	35032.04
686.996	35415.01
687.192	35111.91
687.389	35724.25
687.586	35105.77
687.782	35122.15
687.979	36658.13
688.175	35740.64
688.372	35118.06
688.568	34935.79
688.765	35433.44
688.962	35576.8
689.158	34847.72
689.355	34487.28
689.551	35128.3
689.748	35009.51
689.944	35161.06
690.14	34667.5
690.337	35197.93
690.533	35494.88
690.73	34659.31
690.926	35066.86
691.123	34837.48
691.319	35054.57
691.515	34599.92
691.712	35048.43
691.908	35419.11
692.104	35349.48
692.301	34698.22
692.497	34669.55
692.693	35607.52
692.889	35599.33
693.086	34995.18
693.282	35009.51
693.478	35019.75
693.674	35816.41
693.87	34569.2
694.067	34948.07
694.263	35109.86
694.459	35263.46
694.655	34948.07
694.851	35238.89
695.047	35525.6
695.243	35445.73
695.439	34687.98
695.635	34890.73
695.831	34970.6
696.027	34569.2
696.224	34438.13
696.42	35091.43
696.615	35179.5
696.811	35062.76
697.007	34204.66
697.203	34036.73
697.399	34757.61
697.595	34663.41
697.791	34415.6
697.987	34954.22
698.183	34792.43
698.379	34685.93
698.575	34546.67
698.77	34378.74
698.966	34765.81
699.162	35050.47
699.358	34565.1
699.554	34436.08
699.749	34792.43
699.945	35050.47
700.141	34290.68
700.337	34225.14
700.532	34196.47
700.728	34266.1
700.924	33932.28
701.119	33477.63
701.315	34300.92
701.511	33876.99
701.706	34388.98
701.902	33563.65
702.097	34812.91
702.293	34300.92
702.489	33981.43
702.684	34118.65
702.88	34626.54
703.075	34149.37
703.271	33518.59
703.466	33983.48
703.662	33491.97
703.857	34483.19
704.053	34315.25
704.248	34186.23
704.443	34817
704.639	34411.51
704.834	33987.58
705.03	34018.3
705.225	34018.3
705.42	34223.09
705.616	33801.21
705.811	33410.05
706.006	34520.05
706.202	34175.99
706.397	34296.82
706.592	33713.15
706.787	34737.13
706.983	33907.71
707.178	34444.27
707.373	33532.93
707.568	33799.16
707.763	33971.19
707.959	33436.67
708.154	33723.39
708.349	33848.32
708.544	34059.26
708.739	33645.57
708.934	33125.38
709.129	33625.09
709.324	33735.68
709.519	33465.35
709.714	33317.89
709.909	34372.6
710.104	33854.46
710.299	33137.67
710.494	33534.98
710.689	33516.54
710.884	34116.6
711.079	33321.99
711.274	33422.34
711.469	33647.61
711.664	34253.81
711.859	33231.88
712.054	33725.44
712.249	34141.18
712.443	33887.23
712.638	33225.73
712.833	32738.32
713.028	33934.33
713.223	33696.77
713.417	33119.24
713.612	33057.8
713.807	33913.85
714.002	34155.51
714.196	33328.13
714.391	32764.94
714.586	33649.66
714.78	33518.59
714.975	32824.33
715.17	32939.02
715.364	33389.57
715.559	33940.47
715.754	32275.48
715.948	32924.68
716.143	33977.34
716.337	33446.91
716.532	33743.87
716.726	32977.93
716.921	33631.23
717.115	33862.65
717.31	32386.07
717.504	33412.1
717.699	32998.41
717.893	32953.35
718.088	32551.95
718.282	32580.62
718.476	33109
718.671	33434.63
718.865	32693.26
719.059	32437.27
719.254	33008.65
719.448	33309.7
719.642	35363.81
719.837	31923.22
720.031	34675.69
720.225	33225.73
720.419	32789.52
720.614	32441.36
720.808	32891.91
721.002	32818.19
721.196	32955.4
721.39	33045.51
721.585	33000.46
721.779	33020.94
721.973	32545.81
722.167	31751.2
722.361	32668.69
722.555	32855.05
722.749	31722.52
722.943	32050.2
723.137	31947.8
723.331	31849.5
723.525	31747.1
723.719	31796.25
723.913	32193.56
724.107	32601.1
724.301	31351.84
724.495	31745.05
724.689	32664.59
724.883	32459.79
725.077	31591.45
725.271	31669.28
725.465	31982.62
725.659	31894.55
725.853	32232.47
726.046	31710.24
726.24	31855.64
726.434	32447.5
726.628	32021.53
726.822	31648.8
727.015	32848.91
727.209	33082.38
727.403	32085.01
727.596	31532.06
727.79	32392.21
727.984	32711.69
728.177	32082.97
728.371	32044.06
728.565	32283.67
728.758	32556.05
728.952	32078.87
729.146	31747.1
729.339	32441.36
729.533	32087.06
729.726	31683.61
729.92	31570.97
730.113	32134.17
730.307	32410.64
730.5	31837.21
730.694	31640.61
730.887	32011.29
731.081	32281.62
731.274	31675.42
731.468	31822.87
731.661	32087.06
731.854	32191.51
732.048	31478.82
732.241	31472.67
732.435	32021.53
732.628	32488.46
732.821	31761.44
733.014	31423.52
733.208	31947.8
733.401	32484.37
733.594	31921.18
733.788	31783.96
733.981	32242.71
734.174	32412.69
734.367	31626.27
734.56	31652.89
734.754	32349.2
734.947	31994.9
735.14	31282.21
735.333	31851.55
735.526	32246.8
735.719	31726.62
735.912	31153.19
736.105	31323.17
736.298	32248.85
736.491	31896.6
736.684	31282.21
736.877	31525.92
737.07	32168.98
737.263	32373.78
737.456	31613.98
737.649	30903.34
737.842	32072.73
738.035	31681.56
738.228	31032.36
738.421	31462.43
738.614	32156.69
738.807	31573.02
739	30497.84
739.192	30725.16
739.385	31659.04
739.578	31583.26
739.771	31329.31
739.964	30854.19
740.156	31917.08
740.349	31351.84
740.542	31642.65
740.735	30876.71
740.927	31185.96
741.12	31380.51
741.313	30942.25
741.505	31501.34
741.698	31820.83
741.891	31523.87
742.083	30962.73
742.276	30706.73
742.468	31829.02
742.661	31366.18
742.854	30966.82
743.046	30655.53
743.239	31239.2
743.431	31468.58
743.624	30661.68
743.816	30553.13
744.009	31052.84
744.201	31208.48
744.393	30784.55
744.586	30442.54
744.778	31226.92
744.971	31378.47
745.163	30723.12
745.355	30741.55
745.548	31216.68
745.74	31302.69
745.932	31009.83
746.125	30983.21
746.317	31747.1
746.509	31157.28
746.702	30565.42
746.894	30780.46
747.086	31323.17
747.278	31378.47
747.471	31181.86
747.663	30800.94
747.855	31513.63
748.047	31712.28
748.239	30913.58
748.431	31052.84
748.623	31857.69
748.815	31417.38
749.008	30731.31
749.2	30882.86
749.392	31087.65
749.584	31468.58
749.776	31132.71
749.968	31009.83
750.16	31773.72
750.352	31091.75
750.544	30680.11
750.736	30516.27
750.928	31579.17
751.12	31032.36
751.311	30299.19
751.503	31050.79
751.695	30968.87
751.887	31034.41
752.079	30549.04
752.271	30030.9
752.463	31224.87
752.654	30522.41
752.846	30131.25
753.038	29977.65
753.23	30354.48
753.421	30729.26
753.613	29776.95
753.805	30356.53
753.997	29871.16
754.188	30723.12
754.38	30000.18
754.572	30043.19
754.763	30571.57
754.955	30673.96
755.146	30270.51
755.338	30118.96
755.53	30497.84
755.721	30006.33
755.913	29447.23
756.104	29484.09
756.296	30432.3
756.487	30444.59
756.679	29408.32
756.87	29486.14
757.062	30032.95
757.253	29881.4
757.445	29230.15
757.636	29527.1
757.827	29951.03
758.019	30686.25
758.21	28978.25
758.401	29713.47
758.593	30348.34
758.784	30573.61
758.975	29043.78
759.167	29267.01
759.358	29883.45
759.549	30143.54
759.74	29086.79
759.932	29226.05
760.123	29807.67
760.314	29772.86
760.505	28961.86
760.696	29316.16
760.888	29615.16
761.079	29637.69
761.27	29021.25
761.461	29072.45
761.652	29852.73
761.843	30153.78
762.034	29461.57
762.225	29652.03
762.416	29465.66
762.607	29369.41
762.798	28675.15
762.989	28474.45
763.18	30143.54
763.371	28947.53
763.562	28777.54
763.753	28363.86
763.944	29158.47
764.135	29105.22
764.326	28828.74
764.517	28652.62
764.708	28949.57
764.899	28720.2
765.089	27905.11
765.28	28025.94
765.471	28767.31
765.662	28656.71
765.853	28234.83
766.043	27880.53
766.234	29017.16
766.425	28881.99
766.615	28324.94
766.806	27919.45
766.997	28705.87
767.187	28378.19
767.378	27464.8
767.569	27376.73
767.759	28224.59
767.95	28240.98
768.141	27933.78
768.331	27774.04
768.522	28453.97
768.712	28494.93
768.903	27407.45
769.093	27337.82
769.284	28261.46
769.474	28353.62
769.665	27360.35
769.855	27335.77
770.046	28513.36
770.236	28118.1
770.426	27862.1
770.617	27538.52
770.807	27817.05
770.998	28066.9
771.188	27534.43
771.378	27143.27
771.569	27827.29
771.759	27659.35
771.949	26895.46
772.139	26889.32
772.33	27591.77
772.52	27800.66
772.71	26885.22
772.9	26575.98
773.09	27604.06
773.281	27679.83
773.471	26782.82
773.661	26819.69
773.851	27202.66
774.041	27546.72
774.231	26606.7
774.421	27171.94
774.611	27305.06
774.802	27716.7
774.992	26856.55
775.182	26383.47
775.372	27315.3
775.562	27538.52
775.752	26852.45
775.942	26788.97
776.131	27724.89
776.321	27429.98
776.511	26661.99
776.701	26399.85
776.891	27114.59
777.081	26858.6
777.271	26465.39
777.461	26496.11
777.651	26860.65
777.84	26848.36
778.03	26297.45
778.22	26147.95
778.41	26754.15
778.599	26592.36
778.789	26123.38
778.979	25738.36
779.169	26295.41
779.358	26156.14
779.548	26500.2
779.738	25457.79
779.927	26369.13
780.117	26184.82
780.307	25666.68
780.496	25261.18
780.686	26713.19
780.875	27130.98
781.065	26012.79
781.254	25549.95
781.444	26313.84
781.633	26281.07
781.823	25353.34
782.012	25746.55
782.202	26201.2
782.391	26442.86
782.581	25476.22
782.77	26303.6
782.96	26520.68
783.149	26201.2
783.338	25873.53
783.528	25169.02
783.717	26295.41
783.906	26520.68
784.096	25660.54
784.285	24886.4
784.474	25578.62
784.663	25646.2
784.853	25142.4
785.042	25527.42
785.231	25648.25
785.42	25730.17
785.61	25498.75
785.799	25162.88
785.988	25734.26
786.177	25347.2
786.366	25126.02
786.555	25873.53
786.744	25685.11
786.933	25736.31
787.122	24816.77
787.312	24908.93
787.501	25296
787.69	25855.09
787.879	24704.14
788.068	24810.63
788.257	24732.81
788.445	25040
788.634	24456.33
788.823	24319.12
789.012	25695.35
789.201	25586.81
789.39	24321.16
789.579	24446.09
789.768	25015.43
789.957	24804.49
790.145	24435.85
790.334	24177.81
790.523	24673.42
790.712	24706.18
790.9	24376.46
791.089	23930
791.278	25035.91
791.467	24880.26
791.655	24900.74
791.844	25128.06
792.033	24558.73
792.221	24460.43
792.41	23979.15
792.599	23307.42
792.787	24679.56
792.976	24761.48
793.164	23694.49
793.353	24167.57
793.541	24452.23
793.73	24591.5
793.918	23891.09
794.107	23856.28
794.295	24468.62
794.484	24378.51
794.672	23987.35
794.861	23825.56
795.049	24192.14
795.238	24413.32
795.426	23356.57
795.614	23725.21
795.803	24528.01
795.991	24272.01
796.179	23225.5
796.368	23696.53
796.556	24466.57
796.744	23882.9
796.932	23837.84
797.121	23436.44
797.309	24190.09
797.497	24212.62
797.685	23573.66
797.874	23661.72
798.062	23944.34
798.25	24255.63
798.438	23178.4
798.626	23350.43
798.814	24065.17
799.002	24210.57
799.19	23483.55
799.378	23221.41
799.566	24177.81
799.755	24112.27
799.943	23469.21
800.131	23381.15
800.318	23870.61
800.506	23950.48
800.694	23069.86
800.882	23497.88
801.07	24499.34
801.258	23825.56
801.446	23807.12
801.634	23395.48
801.822	24114.32
802.01	24192.14
802.197	23745.69
802.385	23770.26
802.573	24542.35
802.761	23837.84
802.949	23631
803.136	23532.7
803.324	24517.77
803.512	23973.01
803.699	23815.32
803.887	23495.83
804.075	24302.73
804.262	24018.07
804.45	23848.08
804.638	23921.81
804.825	23901.33
805.013	23884.95
805.201	23540.89
805.388	23356.57
805.576	24335.5
805.763	24331.4
805.951	23479.45
806.138	23895.19
806.326	24515.72
806.513	24237.2
806.701	23633.05
806.888	23944.34
807.075	24734.85
807.263	24804.49
807.45	23688.34
807.638	23817.36
807.825	24519.82
808.012	24466.57
808.2	23776.41
808.387	24042.64
808.574	24409.23
808.761	24480.91
808.949	23479.45
809.136	24040.59
809.323	24366.22
809.51	24425.61
809.698	24018.07
809.885	23702.68
810.072	24337.55
810.259	24798.34
810.446	23915.67
810.633	23852.18
810.82	24734.85
811.008	25054.34
811.195	24460.43
811.382	24091.79
811.569	24560.78
811.756	24218.77
811.943	24054.93
812.13	23850.13
812.317	24593.54
812.504	24349.84
812.691	23932.05
812.878	24274.06
813.064	25220.22
813.251	24290.45
813.438	24130.7
813.625	24411.28
813.812	24816.77
813.999	24616.07
814.186	24108.18
814.372	24132.75
814.559	24841.35
814.746	24644.74
814.933	23817.36
815.12	24159.38
815.306	24056.98
815.493	23962.77
815.68	23823.51
815.866	23561.37
816.053	24259.73
816.24	24525.96
816.426	23766.17
816.613	23491.74
816.799	24620.17
816.986	24839.3
817.173	23979.15
817.359	23669.91
817.546	24200.33
817.732	23579.8
817.919	23327.9
818.105	23819.41
818.292	23956.63
818.478	24267.92
818.665	24243.34
818.851	23346.33
819.037	24718.47
819.224	24147.09
819.41	23293.08
819.597	23731.35
819.783	24755.33
819.969	24472.71
820.156	23538.84
820.342	23565.46
820.528	25951.35
820.714	23936.15
820.901	23706.77
821.087	23110.82
821.273	24274.06
821.459	23708.82
821.646	23338.14
821.832	23207.07
822.018	24065.17
822.204	23690.39
822.39	23563.42
822.576	23198.88
822.762	23880.85
822.948	24001.68
823.134	23174.3
823.32	23030.94
823.507	23071.9
823.693	23639.19
823.879	23635.1
824.065	22895.78
824.25	23559.32
824.436	23604.38
824.622	23057.57
824.808	22893.73
824.994	23489.69
825.18	23155.87
825.366	22602.92
825.552	22926.5
825.738	23313.56
825.923	23690.39
826.109	22953.12
826.295	23106.72
826.481	23479.45
826.667	23454.87
826.852	23524.51
827.038	23051.42
827.224	23778.45
827.409	23839.89
827.595	22426.79
827.781	22953.12
827.966	23696.53
828.152	23596.18
828.338	22729.89
828.523	21855.41
828.709	22940.83
828.894	23061.66
829.08	22412.46
829.266	22183.09
829.451	23129.25
829.637	22822.05
829.822	22205.61
830.008	22078.64
830.193	22820
830.378	22760.61
830.564	22295.72
830.749	21585.08
830.935	22404.27
831.12	22369.45
831.305	21560.5
831.491	21769.4
831.676	22021.3
831.861	22299.82
832.047	21683.38
832.232	21324.99
832.417	22557.86
832.602	22394.03
832.788	21642.42
832.973	21578.93
833.158	22484.14
833.343	22156.46
833.528	21705.91
833.714	21882.03
833.899	21920.95
834.084	22779.04
834.269	22289.58
834.454	21435.58
834.639	22199.47
834.824	22195.37
835.009	21712.05
835.194	22287.53
835.379	22449.32
835.564	22465.71
835.749	21724.34
835.934	21015.74
836.119	21986.48
836.304	21896.37
836.489	20927.68
836.674	21707.96
836.859	22127.79
837.044	22320.3
837.228	21488.82
837.413	21165.25
837.598	22441.13
837.783	22162.61
837.968	21216.44
838.152	21253.31
838.337	21492.92
838.522	22215.85
838.707	22187.18
838.891	21255.36
839.076	21726.39
839.261	21701.81
839.445	21613.75
839.63	21566.65
839.815	22045.87
839.999	21411
840.184	20763.84
840.368	21030.08
840.553	21648.57
840.737	21836.98
840.922	20694.21
841.106	20358.35
841.291	21241.02
841.475	21517.5
841.66	20784.32
841.844	20532.42
842.029	21941.43
842.213	21058.75
842.397	20919.49
842.582	20280.52
842.766	21427.39
842.951	21259.45
843.135	20606.15
843.319	20733.12
843.504	21034.18
843.688	21279.93
843.872	20108.49
844.056	20411.59
844.241	21175.48
844.425	20792.51
844.609	20255.95
844.793	20012.24
844.977	20864.19
845.161	20380.87
845.346	19946.7
845.53	19942.61
845.714	20966.59
845.898	21089.47
846.082	19621.08
846.266	20051.15
846.45	20311.24
846.634	20534.47
846.818	19692.76
847.002	20024.53
847.186	20571.33
847.37	20151.5
847.554	19672.28
847.738	20088.01
847.922	20573.38
848.106	20565.19
848.29	19303.64
848.473	19487.96
848.657	20104.4
848.841	20217.04
849.025	19682.52
849.209	19457.24
849.392	20311.24
849.576	20171.98
849.76	19150.04
849.944	19807.44
850.127	20268.23
850.311	19680.47
850.495	19141.85
850.678	18961.63
850.862	19950.8
851.046	19924.18
851.229	19717.33
851.413	18724.07
851.596	20110.54
851.78	19795.15
851.964	19440.86
852.147	19455.19
852.331	20176.08
852.514	20036.81
852.698	19303.64
852.881	18879.71
853.065	19686.61
853.248	19672.28
853.431	19188.96
853.615	19315.93
853.798	20481.22
853.982	19807.44
854.165	19141.85
854.348	18748.64
854.532	19156.19
854.715	19238.11
854.898	18642.15
855.081	18670.82
855.265	19862.74
855.448	20006.09
855.631	18377.96
855.814	18615.52
855.997	19025.12
856.181	19270.87
856.364	18898.14
856.547	18576.61
856.73	19408.09
856.913	19315.93
857.096	18357.48
857.279	18941.15
857.462	19000.54
857.645	19379.42
857.828	18455.78
858.011	18683.11
858.194	18777.31
858.377	18613.48
858.56	18306.28
858.743	18115.82
858.926	18828.51
859.109	18713.83
859.292	18599.14
859.475	18021.61
859.658	18953.44
859.841	19197.15
860.023	18121.96
860.206	18019.57
860.389	18826.46
860.572	18889.95
860.755	18081
860.937	18283.75
861.12	18779.36
861.303	18805.99
861.486	18244.84
861.668	17798.38
861.851	18121.96
862.034	18482.41
862.216	18033.9
862.399	17630.45
862.581	18078.96
862.764	18500.84
862.947	17706.23
863.129	17480.95
863.312	17786.1
863.494	18257.13
863.677	18111.72
863.859	17472.76
864.042	18214.12
864.224	18056.43
864.406	17569.01
864.589	16774.4
864.771	17652.98
864.954	17591.54
865.136	16981.24
865.318	16745.73
865.501	17958.13
865.683	17091.84
865.865	17177.85
866.048	17136.89
866.23	17712.37
866.412	17442.04
866.594	16776.45
866.777	16962.81
866.959	17175.8
867.141	17569.01
867.323	17030.4
867.505	17030.4
867.687	17173.75
867.869	17560.82
868.052	16968.96
868.234	16831.74
868.416	17528.05
868.598	17485.05
868.78	16755.97
868.962	16823.55
869.144	17583.35
869.326	17353.98
869.508	16710.91
869.69	16495.88
869.872	16977.15
870.054	17853.68
870.236	16225.54
870.417	16387.33
870.599	17181.95
870.781	17331.45
870.963	16778.5
871.145	16815.36
871.327	17007.87
871.508	17558.77
871.69	16848.13
871.872	16571.65
872.054	17097.98
872.235	17267.96
872.417	16645.38
872.599	16137.48
872.78	17673.46
872.962	17087.74
873.144	16151.82
873.325	16465.16
873.507	17298.68
873.689	16968.96
873.87	16063.75
874.052	16618.75
874.233	16571.65
874.415	17362.17
874.596	16495.88
874.778	16182.54
874.959	16858.37
875.141	17331.45
875.322	16575.75
875.503	16346.37
875.685	17358.07
875.866	16377.09
876.048	16663.81
876.229	16325.89
876.41	16991.48
876.592	16950.53
876.773	16717.06
876.954	16473.35
877.136	17341.69
877.317	17071.36
877.498	16268.55
877.679	16774.4
877.86	17040.64
878.042	17161.47
878.223	16798.98
878.404	17155.32
878.585	17472.76
878.766	18992.35
878.947	17175.8
879.128	16493.83
879.309	17157.37
879.49	17372.41
879.672	16864.51
879.853	16545.03
880.034	17022.2
880.215	17323.26
880.396	16618.75
880.576	16569.6
880.757	17333.5
880.938	17767.66
881.119	16639.23
881.3	16600.32
881.481	16880.89
881.662	18443.49
881.843	16866.56
882.023	16676.1
882.204	17695.99
882.385	17243.38
882.566	17177.85
882.747	17235.19
882.927	17695.99
883.108	17767.66
883.289	16856.32
883.469	17691.89
883.65	17659.12
883.831	17550.58
884.011	17272.06
884.192	17112.31
884.373	17992.94
884.553	17693.94
884.734	17403.13
884.914	17841.39
885.095	19023.07
885.275	17878.26
885.456	17261.82
885.636	16934.14
885.817	17804.53
885.997	17931.5
886.178	16942.33
886.358	17321.21
886.538	17810.67
886.719	19428.57
886.899	17022.2
887.08	17280.25
887.26	18056.43
887.44	17648.88
887.621	17122.55
887.801	17503.48
887.981	18492.65
888.161	18250.99
888.342	17509.62
888.522	17470.71
888.702	18326.76
888.882	18529.51
889.062	17667.31
889.242	17499.38
889.423	18535.65
889.603	18242.79
889.783	17921.26
889.963	17618.16
890.143	18615.52
890.323	18572.52
890.503	17921.26
890.683	18062.57
890.863	18187.5
891.043	18316.52
891.223	17970.41
891.403	18146.54
891.583	18281.71
891.763	18302.18
891.943	17736.95
892.122	17579.25
892.302	18154.73
892.482	18185.45
892.662	17937.65
892.842	17687.79
893.022	18302.18
893.201	18173.16
893.381	17646.83
893.561	17272.06
893.741	18351.34
893.92	17601.78
894.1	17257.72
894.28	17579.25
894.459	18316.52
894.639	17829.1
894.819	17558.77
894.998	17439.99
895.178	18054.38
895.357	17743.09
895.537	17165.56
895.716	17155.32
895.896	17738.99
896.075	18265.32
896.255	17401.08
896.434	17091.84
896.614	18513.13
896.793	18113.77
896.973	17532.15
897.152	17466.61
897.331	17558.77
897.511	17691.89
897.69	16950.53
897.87	17124.6
898.049	17888.5
898.228	17827.06
898.407	17413.37
898.587	17425.65
898.766	17364.22
898.945	17597.68
899.124	17261.82
899.304	17081.6
899.483	17444.09
899.662	17683.7
899.841	16618.75
900.02	16209.16
900.199	17227
900.378	17024.25
900.557	16397.57
900.737	16674.05
900.916	17122.55
901.095	17073.4
901.274	16841.98
901.453	15959.31
901.632	16526.6
901.811	16635.14
901.989	16086.28
902.168	16049.42
902.347	16975.1
902.526	16678.15
902.705	16092.43
902.884	16129.29
903.063	16725.25
903.242	16692.48
903.42	15711.5
903.599	15985.93
903.778	16254.22
903.957	16379.14
904.135	15752.46
904.314	15166.74
904.493	15783.18
904.672	15680.78
904.85	15252.76
905.029	15117.59
905.207	15539.47
905.386	16405.77
905.565	14685.47
905.743	14714.14
905.922	15230.23
906.1	15146.26
906.279	14595.36
906.457	14474.53
906.636	15162.65
906.814	14992.67
906.993	14439.72
907.171	14208.3
907.35	14828.83
907.528	15265.05
907.707	14710.05
907.885	14167.34
908.063	14959.9
908.242	14456.1
908.42	14351.65
908.598	13757.74
908.777	14617.89
908.955	14017.83
909.133	14198.06
909.311	13600.05
909.49	14196.01
909.668	14382.37
909.846	13958.44
910.024	13944.11
910.202	14447.91
910.38	14849.31
910.559	14060.84
910.737	14112.04
910.915	14501.15
911.093	14808.35
911.271	14255.4
911.449	14568.74
911.627	14787.87
911.805	15592.72
911.983	14691.62
912.161	14468.39
912.339	14775.58
912.517	15301.91
912.695	14839.07
912.872	14599.46
913.05	14964
913.228	15047.96
913.406	14470.44
913.584	14503.2
913.762	15289.62
913.939	14820.64
914.117	14468.39
914.295	14325.03
914.473	14683.42
914.65	15043.87
914.828	14386.47
915.006	14214.44
915.184	14896.41
915.361	15047.96
915.539	14779.68
915.716	14976.28
915.894	14875.93
916.072	15330.58
916.249	15142.17
916.427	14685.47
916.604	15025.43
916.782	14841.12
916.959	14124.33
917.137	14288.17
917.314	14927.13
917.492	14675.23
917.669	14161.19
917.847	14271.78
918.024	14673.18
918.201	14173.48
918.379	14216.49
918.556	14267.69
918.733	14951.71
918.911	14294.31
919.088	14538.02
919.265	14032.17
919.442	14355.75
919.62	14509.35
919.797	14157.1
919.974	13954.35
920.151	14906.65
920.328	14587.17
920.506	13851.95
920.683	14419.24
920.86	14435.62
921.037	14314.79
921.214	13636.91
921.391	13468.98
921.568	13987.11
921.745	13735.21
921.922	13636.91
922.099	13387.06
922.276	13843.76
922.453	14003.5
922.63	13694.26
922.807	13813.04
922.984	13708.59
923.161	13874.48
923.338	13647.15
923.514	13251.89
923.691	14138.66
923.868	13997.35
924.045	13348.15
924.222	13210.93
924.399	13849.9
924.575	13868.33
924.752	13313.33
924.929	13432.12
925.105	13507.89
925.282	13370.68
925.459	13143.35
925.635	13026.62
925.812	13608.24
925.989	13276.47
926.165	13100.34
926.342	12461.38
926.518	12924.22
926.695	13169.98
926.871	12727.61
927.048	12727.61
927.224	13518.13
927.401	12725.57
927.577	12817.72
927.754	12371.27
927.93	13149.5
928.107	13200.69
928.283	12440.9
928.459	12320.07
928.636	12901.69
928.812	12635.46
928.988	12213.57
929.165	12150.09
929.341	12457.28
929.517	12690.75
929.693	12657.98
929.87	11857.23
930.046	12676.41
930.222	12211.53
930.398	11693.39
930.574	12027.21
930.751	11992.39
930.927	12129.61
931.103	11566.42
931.279	11674.96
931.455	11951.43
931.631	12100.94
931.807	11277.65
931.983	11289.94
932.159	11537.74
932.335	11871.56
932.511	11328.85
932.687	11111.77
932.863	11470.16
933.039	11421.01
933.215	10765.66
933.391	10923.35
933.566	11175.25
933.742	11210.07
933.918	10517.86
934.094	10200.42
934.27	10855.77
934.445	10749.28
934.621	10661.21
934.797	10149.22
934.973	10759.52
935.148	10470.75
935.324	9815.4
935.5	9575.79
935.675	10587.49
935.851	10331.49
936.027	9561.45
936.202	9579.89
936.378	10138.98
936.553	9858.41
936.729	9940.33
936.904	8904.06
937.08	9155.96
937.255	9162.1
937.431	8643.96
937.606	8588.67
937.782	8689.02
937.957	8799.61
938.133	8371.58
938.308	8027.53
938.483	8295.81
938.659	8021.38
938.834	7818.63
939.009	7462.29
939.185	7988.61
939.36	7337.36
939.535	6796.7
939.71	7179.67
939.886	7742.86
940.061	7325.07
940.236	7282.06
940.411	7019.92
940.586	7443.85
940.761	7333.26
940.937	6888.85
941.112	6524.32
941.287	7046.55
941.462	6970.77
941.637	6368.67
941.812	6692.25
941.987	6694.3
942.162	6860.18
942.337	6704.54
942.512	6436.25
942.687	6991.25
942.862	6847.9
943.037	5971.36
943.212	5877.16
943.386	6485.41
943.561	6606.24
943.736	6620.57
943.911	6876.57
944.086	6860.18
944.26	6677.91
944.435	6358.43
944.61	6540.7
944.785	6522.27
944.959	7200.15
945.134	6299.04
945.309	6223.27
945.483	6174.11
945.658	6745.5
945.833	5821.86
946.007	5866.92
946.182	6753.69
946.357	6397.34
946.531	5811.62
946.706	6059.43
946.88	6229.41
947.055	6761.88
947.229	6245.79
947.404	6170.02
947.578	6557.08
947.752	6741.4
947.927	6129.06
948.101	5989.8
948.276	7060.88
948.45	6925.72
948.624	6567.32
948.799	6098.34
948.973	6579.61
949.147	6385.05
949.321	6419.87
949.496	6342.05
949.67	7189.91
949.844	6802.84
950.018	6446.49
950.193	6464.93
950.367	7517.58
950.541	6866.33
950.715	6694.3
950.889	6974.87
951.063	6800.79
951.237	7112.08
951.411	6348.19
951.585	6477.21
951.759	7187.86
951.933	7284.11
952.107	6657.43
952.281	7079.32
952.455	7546.25
952.629	7294.35
952.803	6907.29
952.977	6753.69
953.151	7296.4
953.325	7269.78
953.499	7030.16
953.672	6577.56
953.846	7030.16
954.02	7081.36
954.194	6749.59
954.368	6651.29
954.541	7316.88
954.715	7290.26
954.889	6927.77
955.062	6837.66
955.236	7136.66
955.41	7015.83
955.583	7392.66
955.757	6808.98
955.93	7173.52
956.104	7218.58
956.278	6958.49
956.451	6919.57
956.625	7554.44
956.798	7957.89
956.972	7628.17
957.145	6933.91
957.319	7691.66
957.492	7519.63
957.665	7353.74
957.839	7046.55
958.012	7425.42
958.185	7333.26
958.359	7062.93
958.532	7345.55
958.705	7574.92
958.879	7329.17
959.052	7150.99
959.225	6802.84
959.398	7550.35
959.572	7570.83
959.745	7034.26
959.918	7130.52
960.091	7497.1
960.264	7908.74
960.438	7021.97
960.611	6813.08
960.784	7744.91
960.957	7505.29
961.13	7662.99
961.303	7032.21
961.476	7341.46
961.649	7855.5
961.822	6931.86
961.995	7177.62
962.168	7282.06
962.341	7853.45
962.514	7271.83
962.686	7234.96
962.859	7832.97
963.032	7902.6
963.205	7159.19
963.378	6960.53
963.551	7277.97
963.723	7280.02
963.896	7286.16
964.069	7325.07
964.242	7718.28
964.414	8136.07
964.587	7237.01
964.76	7345.55
964.932	7761.29
965.105	7417.23
965.278	7030.16
965.45	7120.28
965.623	7505.29
965.795	7775.63
965.968	7120.28
966.14	6958.49
966.313	7400.85
966.485	7406.99
966.658	7044.5
966.83	7073.17
967.003	7738.76
967.175	7462.29
967.348	6813.08
967.52	6993.3
967.692	7746.95
967.865	7513.49
968.037	6946.2
968.209	7062.93
968.382	7361.94
968.554	7269.78
968.726	6708.63
968.898	6833.56
969.071	7423.37
969.243	7445.9
969.415	6841.75
969.587	6862.23
969.759	7511.44
969.932	7171.47
970.104	6868.38
970.276	6395.29
970.448	7028.12
970.62	7239.06
970.792	6933.91
970.964	6845.85
971.136	7566.73
971.308	7202.19
971.48	6618.52
971.652	6512.03
971.824	7480.72
971.996	7026.07
972.168	6704.54
972.339	6811.03
972.511	7148.95
972.683	7032.21
972.855	6851.99
973.027	6440.35
973.199	7269.78
973.37	7146.9
973.542	6706.59
973.714	6677.91
973.886	6628.76
974.057	6921.62
974.229	6366.62
974.401	6428.06
974.572	6442.4
974.744	6682.01
974.915	6417.82
975.087	6296.99
975.259	7032.21
975.43	6454.69
975.602	6346.14
975.773	6387.1
975.945	6639
976.116	6964.63
976.288	6284.7
976.459	6569.37
976.63	6528.41
976.802	6620.57
976.973	6157.73
977.145	6505.88
977.316	7187.86
977.487	7310.74
977.659	6309.28
977.83	6231.46
978.001	6763.93
978.172	6679.96
978.344	6129.06
978.515	6319.52
978.686	6509.98
978.857	6946.2
979.028	6002.08
979.2	5940.65
979.371	6819.22
979.542	6272.42
979.713	6219.17
979.884	5615.02
980.055	6305.18
980.226	6473.12
980.397	6088.1
980.568	5965.22
980.739	6696.35
980.91	6219.17
981.081	6112.67
981.252	5895.59
981.423	6114.72
981.594	6198.69
981.765	5612.97
981.936	5928.36
982.106	6030.76
982.277	6456.73
982.448	5604.78
982.619	6004.13
982.79	5873.06
982.96	6237.6
983.131	6075.81
983.302	5316.01
983.472	6059.43
983.643	6096.29
983.814	5668.27
983.984	5453.23
984.155	5873.06
984.326	5938.6
984.496	5809.58
984.667	5629.35
984.837	5615.02
985.008	6276.51
985.178	5918.12
985.349	5465.52
985.519	5664.17
985.69	5678.51
985.86	5291.44
986.031	5207.47
986.201	5828.01
986.371	5897.64
986.542	5201.33
986.712	5100.98
986.882	5811.62
987.053	5731.75
987.223	5260.72
987.393	5703.08
987.563	5477.8
987.734	5516.72
987.904	5709.22
988.074	5109.17
988.244	5424.56
988.414	5604.78
988.585	5014.96
988.755	5217.71
988.925	5383.6
989.095	5862.82
989.265	4820.41
989.435	5326.25
989.605	5557.68
989.775	5803.43
989.945	5385.65
990.115	4818.36
990.285	5381.55
990.455	5385.65
990.625	5236.14
990.795	4910.52
990.965	5725.61
991.134	5100.98
991.304	4806.07
991.474	4691.38
991.644	5217.71
991.814	5709.22
991.984	4382.14
992.153	4720.06
992.323	4982.2
992.493	5322.16
992.662	4613.56
992.832	4894.13
993.002	5019.06
993.171	5344.69
993.341	4302.27
993.511	4670.9
993.68	4971.96
993.85	5082.55
994.019	4326.85
994.189	4283.84
994.358	4949.43
994.528	4892.09
994.697	4105.67
994.867	4289.98
995.036	5008.82
995.206	4646.33
995.375	4179.39
995.544	4752.82
995.714	4994.48
995.883	4574.65
996.052	4478.4
996.222	3882.44
996.391	4953.52
996.56	4588.99
996.73	4242.88
996.899	4001.22
997.068	4998.58
997.237	4761.02
997.406	3913.16
997.576	3923.4
997.745	4867.51
997.914	4566.46
998.083	3880.39
998.252	4101.57
998.421	4591.03
998.59	4294.08
998.759	3933.64
998.928	3663.3
999.097	4588.99
999.266	4564.41
999.435	4076.99
999.604	3524.04
999.773	4529.59
999.942	4394.43
1000.111	3468.75
1000.28	3556.81
1000.448	3947.97
1000.617	4126.15
1000.786	4058.56
1000.955	3591.63
1001.124	4404.67
1001.292	4797.88
1001.461	3610.06
1001.63	3532.23
1001.798	4361.66
1001.967	4281.79
1002.136	3382.73
1002.304	3476.94
1002.473	4283.84
1002.642	3958.21
1002.81	3745.22
1002.979	3593.67
1003.147	4386.24
1003.316	4296.13
1003.484	3489.23
1003.653	3513.8
1003.821	4052.42
1003.99	3823.05
1004.158	3847.62
1004.327	3558.86
1004.495	3935.68
1004.663	3837.38
1004.832	3575.24
1005	3132.88
1005.168	3943.88
1005.337	3800.52
1005.505	3046.87
1005.673	3777.99
1005.842	4019.65
1006.01	3761.61
1006.178	3157.46
1006.346	3132.88
1006.514	3720.65
1006.683	4283.84
1006.851	3075.54
1007.019	3581.39
1007.187	3515.85
1007.355	3155.41
1007.523	2872.79
1007.691	2799.06
1007.859	3286.48
1008.027	4103.62
1008.195	3057.11
1008.363	2737.62
1008.531	3519.95
1008.699	3579.34
1008.867	2751.96
1009.035	2745.81
1009.203	3913.16
1009.37	3440.08
1009.538	2940.37
1009.706	3849.67
1009.874	3403.21
1010.042	3392.97
1010.209	2649.56
1010.377	2663.9
1010.545	3425.74
1010.713	3239.37
1010.88	2602.46
1011.048	2893.27
1011.216	3405.26
1011.383	3524.04
1011.551	2778.58
1011.718	2608.6
1011.886	3411.4
1012.054	3388.88
1012.221	2532.83
1012.389	2590.17
1012.556	3257.81
1012.724	3491.27
1012.891	2764.25
1013.058	2346.46
1013.226	3038.67
1013.393	3270.09
1013.561	2416.09
1013.728	2203.1
1013.895	3313.1
1014.063	3065.3
1014.23	2190.81
1014.397	2420.19
1014.565	3143.12
1014.732	2899.41
1014.899	2180.57
1015.066	2145.76
1015.233	3122.64
1015.401	3124.69
1015.568	2461.15
1015.735	2569.69
1015.902	3036.63
1016.069	3093.97
1016.236	2272.73
1016.403	2029.03
1016.57	2631.13
1016.737	3300.81
1016.904	2213.34
1017.071	2127.33
1017.238	2590.17
1017.405	2633.18
1017.572	2305.5
1017.739	2590.17
1017.906	3323.34
1018.073	3134.93
1018.24	1910.24
1018.407	2287.07
1018.573	2745.81
1018.74	2819.54
1018.907	2106.85
1019.074	1820.13
1019.241	2811.35
1019.407	2641.37
1019.574	1951.2
1019.741	1840.61
1019.907	2899.41
1020.074	2944.47
1020.241	1721.83
1020.407	1854.95
1020.574	2344.41
1020.74	2495.96
1020.907	1910.24
1021.073	1857
1021.24	3020.24
1021.406	2686.42
1021.573	1697.25
1021.739	1912.29
1021.906	2696.66
1022.072	2487.77
1022.239	1779.17
1022.405	1877.48
1022.571	2401.76
1022.738	2340.32
1022.904	1750.5
1023.07	1893.86
1023.237	2360.8
1023.403	2688.47
1023.569	1719.78
1023.735	1803.75
1023.902	2475.48
1024.068	2405.85
1024.234	1418.73
1024.4	1783.27
1024.566	2235.87
1024.732	2246.11
1024.898	1533.42
1025.065	1504.75
1025.231	2299.36
1025.397	2137.57
1025.563	1773.03
1025.729	1435.11
1025.895	1693.16
1026.061	2053.6
1026.227	1267.18
1026.392	1682.92
1026.558	2299.36
1026.724	2409.95
1026.89	1426.92
1027.056	1646.05
1027.222	1924.58
1027.388	2237.92
1027.553	1545.7
1027.719	1598.95
1027.885	2502.11
1028.051	2108.9
1028.216	1170.93
1028.382	1465.83
1028.548	2110.94
1028.713	2123.23
1028.879	1283.56
1029.045	1619.43
1029.21	2254.3
1029.376	2123.23
1029.541	1474.03
1029.707	1416.68
1029.873	2219.49
1030.038	2020.83
1030.204	1394.15
1030.369	1328.62
1030.534	1926.63
1030.7	1789.41
1030.865	1431.02
1031.031	1213.93
1031.196	1943.01
1031.361	1865.19
1031.527	1218.03
1031.692	1336.81
1031.857	1547.75
1032.023	2026.98
1032.188	1152.49
1032.353	1207.79
1032.518	2100.7
1032.684	1766.89
1032.849	970.23
1033.014	1328.62
1033.179	1791.46
1033.344	1979.87
1033.509	1314.28
1033.674	1150.45
1033.839	1789.41
1034.004	1895.91
1034.17	1213.93
1034.335	919.03
1034.5	1705.45
1034.664	1666.53
1034.829	1052.14
1034.994	1357.29
1035.159	1463.79
1035.324	1936.87
1035.489	1234.41
1035.654	1027.57
1035.819	2379.23
1035.984	1783.27
1036.148	1240.56
1036.313	1242.61
1036.478	1895.91
1036.643	1617.38
1036.807	994.8
1036.972	970.23
1037.137	2250.21
1037.301	1615.34
1037.466	861.68
1037.631	1209.84
1037.795	1789.41
1037.96	1562.09
1038.124	1287.66
1038.289	919.03
1038.454	1594.86
1038.618	1854.95
1038.783	1142.25
1038.947	1129.97
1039.111	1445.35
1039.276	1474.03
1039.44	841.2
1039.605	1721.83
1039.769	1422.83
1039.933	1453.55
1040.098	1027.57
1040.262	1342.96
1040.426	1682.92
1040.591	1631.72
1040.755	968.18
1040.919	980.47
1041.083	1748.45
1041.248	1338.86
1041.412	650.74
1041.576	706.04
1041.74	1363.44
1041.904	1320.43
1042.068	734.71
1042.232	968.18
1042.397	1861.09
1042.561	1324.52
1042.725	480.76
1042.889	873.97
1043.053	1517.03
1043.217	1234.41
1043.381	749.04
1043.544	617.97
1043.708	1517.03
1043.872	1164.78
1044.036	466.42
1044.2	581.11
1044.364	1533.42
1044.528	1496.55
1044.691	3890.63
1044.855	624.12
1045.019	1486.31
1045.183	1521.13
1045.346	894.45
1045.51	640.5
1045.674	1521.13
1045.837	1320.43
1046.001	718.33
1046.165	689.65
1046.328	1828.32
1046.492	1136.11
1046.655	986.61
1046.819	734.71
1046.983	1261.04
1047.146	1189.36
1047.31	906.74
1047.473	386.55
1047.636	1185.26
1047.8	1082.86
1047.963	767.48
1048.127	556.54
1048.29	970.23
