345.52	-1281
345.736	-1281
345.952	-1281
346.168	-1289.2
346.384	-1313.77
346.6	-201.72
346.816	-263.16
347.032	-222.2
347.248	496.63
347.464	-273.4
347.68	-265.21
347.896	-93.18
348.112	345.08
348.328	-21.5
348.544	5.12
348.76	232.44
348.975	261.12
349.191	-373.75
349.407	-388.09
349.623	189.44
349.839	119.81
350.055	-271.36
350.27	76.8
350.486	232.44
350.702	193.53
350.918	404.47
351.133	-207.87
351.349	185.34
351.565	478.2
351.781	-418.81
351.996	21.5
352.212	171.01
352.428	95.23
352.644	-336.89
352.859	-314.36
353.075	383.99
353.291	166.91
353.506	-80.89
353.722	-429.05
353.938	11.26
354.153	396.28
354.369	218.11
354.584	-295.93
354.8	214.01
355.016	-37.89
355.231	-480.25
355.447	-93.18
355.662	515.06
355.878	820.21
356.093	-480.25
356.309	-87.04
356.524	-74.75
356.74	508.92
356.955	-404.47
357.171	-173.05
357.386	273.4
357.602	-17.41
357.817	-72.7
358.033	-195.58
358.248	347.13
358.464	322.56
358.679	-281.6
358.895	-449.53
359.11	60.42
359.325	207.87
359.541	490.49
359.756	-68.61
359.972	-177.15
360.187	547.83
360.402	-281.6
360.618	-195.58
360.833	1590.25
361.048	189.44
361.264	-150.53
361.479	-64.51
361.694	199.68
361.909	218.11
362.125	-254.97
362.34	-177.15
362.555	306.17
362.77	230.4
362.986	-412.67
363.201	-271.36
363.416	279.55
363.631	70.65
363.847	-349.18
364.062	-244.73
364.277	240.64
364.492	58.37
364.707	-173.05
364.922	-447.48
365.138	308.22
365.353	373.75
365.568	-484.34
365.783	-281.6
365.998	322.56
366.213	482.3
366.428	-308.22
366.643	142.33
366.858	334.84
367.073	322.56
367.288	-199.68
367.503	-304.12
367.718	68.61
367.933	517.11
368.148	-279.55
368.363	-64.51
368.578	306.17
368.793	584.7
369.008	-119.81
369.223	-377.85
369.438	408.57
369.653	285.69
369.868	-390.14
370.083	-386.04
370.298	269.31
370.513	513.02
370.728	93.18
370.943	-273.4
371.157	44.03
371.372	717.81
371.587	-390.14
371.802	-451.58
372.017	203.77
372.232	556.02
372.446	-17.41
372.661	-347.13
372.876	134.14
373.091	336.89
373.306	-132.09
373.52	-453.63
373.735	107.52
373.95	592.89
374.165	-214.01
374.379	-132.09
374.594	23.55
374.809	472.06
375.023	134.14
375.238	-281.6
375.453	306.17
375.667	-111.61
375.882	-271.36
376.097	-369.66
376.311	142.33
376.526	338.94
376.741	-355.32
376.955	201.72
377.17	447.48
377.384	1012.72
377.599	17.41
377.813	-359.42
378.028	863.22
378.242	222.2
378.457	-195.58
378.672	-461.82
378.886	37.89
379.101	68.61
379.315	-547.83
379.53	-119.81
379.744	449.53
379.958	306.17
380.173	-318.46
380.387	-304.12
380.602	353.27
380.816	66.56
381.031	-173.05
381.245	-297.98
381.459	267.26
381.674	1151.98
381.888	-365.56
382.103	306.17
382.317	52.22
382.531	429.05
382.746	-64.51
382.96	-232.44
383.174	115.71
383.388	656.37
383.603	105.47
383.817	-461.82
384.031	113.66
384.246	445.43
384.46	82.94
384.674	805.88
384.888	9.22
385.103	422.91
385.317	-386.04
385.531	72.7
385.745	762.87
385.959	420.86
386.174	-338.94
386.388	-201.72
386.602	109.57
386.816	80.89
387.03	-121.85
387.244	-142.33
387.458	191.49
387.672	422.91
387.887	-457.72
388.101	-242.68
388.315	351.23
388.529	189.44
388.743	-252.92
388.957	-230.4
389.171	580.6
389.385	3.07
389.599	-336.89
389.813	-56.32
390.027	193.53
390.241	848.88
390.455	-177.15
390.669	9.22
390.883	144.38
391.097	584.7
391.311	267.26
391.525	-156.67
391.738	551.93
391.952	541.69
392.166	48.13
392.38	-431.1
392.594	457.72
392.808	412.67
393.022	-31.74
393.236	-209.92
393.449	218.11
393.663	558.07
393.877	-363.51
394.091	-19.46
394.305	207.87
394.518	72.7
394.732	-287.74
394.946	-177.15
395.16	832.5
395.373	252.92
395.587	-218.11
395.801	-263.16
396.015	412.67
396.228	367.61
396.442	-363.51
396.656	-467.96
396.869	457.72
397.083	728.05
397.297	-9.22
397.51	-166.91
397.724	343.03
397.938	193.53
398.151	-336.89
398.365	-383.99
398.578	367.61
398.792	551.93
399.005	121.85
399.219	-193.53
399.433	334.84
399.646	474.1
399.86	171.01
400.073	234.49
400.287	338.94
400.5	375.8
400.714	199.68
400.927	-76.8
401.141	576.5
401.354	1790.95
401.567	560.12
401.781	-324.6
401.994	459.77
402.208	814.07
402.421	-37.89
402.635	-183.29
402.848	52.22
403.061	437.24
403.275	-31.74
403.488	-248.83
403.701	547.83
403.915	658.42
404.128	193.53
404.341	-128
404.555	695.29
404.768	68.61
404.981	183.29
405.195	-105.47
405.408	472.06
405.621	437.24
405.834	263.16
406.048	-324.6
406.261	529.4
406.474	506.87
406.687	-222.2
406.9	50.18
407.114	402.43
407.327	611.32
407.54	-283.64
407.753	-392.19
407.966	156.67
408.179	281.6
408.392	-201.72
408.605	-390.14
408.819	394.23
409.032	433.15
409.245	-134.14
409.458	224.25
409.671	408.57
409.884	539.64
410.097	-132.09
410.31	179.2
410.523	795.64
410.736	240.64
410.949	35.84
411.162	-76.8
411.375	633.85
411.588	336.89
411.801	87.04
412.014	-168.96
412.227	181.25
412.44	367.61
412.653	-58.37
412.865	297.98
413.078	547.83
413.291	539.64
413.504	64.51
413.717	-273.4
413.93	685.05
414.143	148.48
414.356	154.62
414.568	-275.45
414.781	523.26
414.994	510.97
415.207	107.52
415.42	130.05
415.632	543.74
415.845	904.18
416.058	-250.88
416.271	-254.97
416.483	422.91
416.696	687.09
416.909	-209.92
417.121	-193.53
417.334	351.23
417.547	574.46
417.759	-203.77
417.972	-121.85
418.185	285.69
418.397	502.78
418.61	27.65
418.823	-44.03
419.035	744.44
419.248	498.68
419.46	-91.13
419.673	140.29
419.885	289.79
420.098	470.01
420.311	-60.42
420.523	-381.95
420.736	523.26
420.948	412.67
421.161	-78.85
421.373	-275.45
421.586	199.68
421.798	109.57
422.01	-259.07
422.223	267.26
422.435	95.23
422.648	678.9
422.86	-66.56
423.073	-15.36
423.285	371.71
423.497	214.01
423.71	-48.13
423.922	-46.08
424.134	676.85
424.347	891.89
424.559	340.99
424.771	594.93
424.984	560.12
425.196	562.17
425.408	-246.78
425.621	-103.42
425.833	619.51
426.045	756.72
426.257	-160.77
426.47	177.15
426.682	277.5
426.894	414.71
427.106	-29.7
427.318	162.81
427.531	398.33
427.743	492.54
427.955	187.39
428.167	822.26
428.379	340.99
428.591	259.07
428.804	207.87
429.016	3.07
429.228	472.06
429.44	664.57
429.652	13896.49
429.864	-29.7
430.076	451.58
430.288	553.98
430.5	171.01
430.712	203.77
430.924	648.18
431.136	650.23
431.348	-107.52
431.56	23.55
431.772	295.93
431.984	285.69
432.196	-62.46
432.408	46.08
432.62	418.81
432.832	670.71
433.044	496.63
433.256	312.32
433.468	635.89
433.679	263.16
433.891	-130.05
434.103	371.71
434.315	1008.62
434.527	633.85
434.739	351.23
434.95	162.81
435.162	592.89
435.374	234.49
435.586	211.96
435.798	68.61
436.009	461.82
436.221	502.78
436.433	261.12
436.645	113.66
436.856	496.63
437.068	979.95
437.28	76.8
437.491	490.49
437.703	816.12
437.915	695.29
438.126	39.94
438.338	607.22
438.55	586.74
438.761	633.85
438.973	234.49
439.184	306.17
439.396	533.5
439.608	633.85
439.819	54.27
440.031	383.99
440.242	867.31
440.454	756.72
440.665	271.36
440.877	545.78
441.088	959.47
441.3	644.09
441.511	-58.37
441.723	238.59
441.934	1088.5
442.146	818.16
442.357	289.79
442.569	723.96
442.78	887.79
442.991	1354.73
443.203	678.9
443.414	238.59
443.626	1125.36
443.837	596.98
444.048	189.44
444.26	44.03
444.471	818.16
444.682	730.1
444.894	52.22
445.105	142.33
445.316	1004.53
445.528	953.33
445.739	383.99
445.95	343.03
446.161	762.87
446.373	869.36
446.584	338.94
446.795	207.87
447.006	1088.5
447.217	938.99
447.429	189.44
447.64	76.8
447.851	1655.78
448.062	908.27
448.273	68.61
448.484	330.75
448.695	861.17
448.907	895.99
449.118	408.57
449.329	781.3
449.54	625.65
449.751	670.71
449.962	316.41
450.173	314.36
450.384	945.14
450.595	1256.43
450.806	386.04
451.017	437.24
451.228	1104.88
451.439	984.05
451.65	431.1
451.861	-29.7
452.072	709.62
452.283	900.08
452.494	691.19
452.705	406.52
452.915	1489.9
453.126	873.46
453.337	601.08
453.548	195.58
453.759	1338.35
453.97	1248.24
454.181	957.43
454.391	369.66
454.602	992.24
454.813	1420.27
455.024	586.74
455.235	394.23
455.445	1176.56
455.656	863.22
455.867	738.29
456.078	576.5
456.288	816.12
456.499	1084.4
456.71	515.06
456.921	902.13
457.131	992.24
457.342	945.14
457.553	570.36
457.763	652.28
457.974	920.56
458.184	1137.65
458.395	461.82
458.606	230.4
458.816	1410.03
459.027	1407.98
459.237	693.24
459.448	560.12
459.659	1158.13
459.869	2051.04
460.08	427
460.29	738.29
460.501	1457.13
460.711	1174.51
460.922	363.51
461.132	588.79
461.343	1885.16
461.553	979.95
461.764	556.02
461.974	648.18
462.184	1442.79
462.395	1448.94
462.605	689.14
462.816	470.01
463.026	1430.51
463.236	1313.77
463.447	596.98
463.657	660.47
463.867	1328.11
464.078	1141.74
464.288	721.91
464.498	865.27
464.709	1352.68
464.919	1332.2
465.129	834.55
465.339	701.43
465.55	1197.04
465.76	1493.99
465.97	889.84
466.18	785.4
466.391	1651.69
466.601	1420.27
466.811	951.28
467.021	670.71
467.231	1563.62
467.441	1602.54
467.651	949.23
467.862	547.83
468.072	1346.54
468.282	1463.27
468.492	826.36
468.702	1092.59
468.912	1580.01
469.122	2272.22
469.332	1342.44
469.542	871.41
469.752	1956.83
469.962	1518.57
470.172	826.36
470.382	1012.72
470.592	1924.07
470.802	1620.97
471.012	1436.65
471.222	1100.78
471.432	1706.98
471.642	1731.56
471.852	1281
472.062	1006.58
472.272	1719.27
472.482	1608.68
472.691	1147.89
472.901	977.91
473.111	1645.54
473.321	2313.18
473.531	1211.37
473.741	1500.14
473.95	2024.42
474.16	1954.79
474.37	1473.51
474.58	1217.52
474.79	2450.39
474.999	1975.27
475.209	1434.6
475.419	1414.12
475.628	2071.52
475.838	2397.15
476.048	1676.26
476.258	1313.77
476.467	2350.04
476.677	1913.83
476.886	1836
477.096	1696.74
477.306	2032.61
477.515	2401.24
477.725	1879.01
477.935	1895.4
478.144	2702.29
478.354	2204.64
478.563	1799.14
478.773	1577.96
478.982	2661.34
479.192	2560.98
479.401	1928.16
479.611	1713.13
479.82	2128.86
480.03	2481.11
480.239	1805.28
480.449	1790.95
480.658	2593.75
480.868	2427.87
481.077	2239.45
481.287	2108.38
481.496	2550.75
481.705	2915.28
481.915	2507.74
482.124	2386.91
482.333	2673.62
482.543	3062.74
482.752	2491.35
482.961	2147.3
483.171	2855.89
483.38	2671.58
483.589	2413.53
483.799	2223.07
484.008	2755.54
484.217	2769.88
484.426	2444.25
484.636	2329.56
484.845	3040.21
485.054	2661.34
485.263	2960.34
485.472	2524.12
485.682	3124.18
485.891	3064.79
486.1	2270.17
486.309	2472.92
486.518	3271.63
486.727	4025.28
486.936	2458.59
487.146	2907.09
487.355	3398.6
487.564	2880.47
487.773	2767.83
487.982	2624.47
488.191	3191.76
488.4	3449.8
488.609	2698.2
488.818	2905.04
489.027	3673.03
489.236	3640.26
489.445	2911.19
489.654	2673.62
489.863	3738.57
490.072	3349.45
490.281	3593.16
490.49	3150.8
490.698	3728.33
490.907	4049.86
491.116	3107.79
491.325	2976.72
491.534	3902.4
491.743	3437.52
491.952	3138.51
492.16	3189.71
492.369	3965.89
492.578	3865.54
492.787	3341.26
492.996	3038.16
493.204	3482.57
493.413	4121.54
493.622	3095.5
493.831	2952.15
494.039	4336.57
494.248	3587.02
494.457	3273.68
494.665	3128.27
494.874	4000.71
495.083	4629.43
495.291	3419.08
495.5	3242.96
495.709	4197.31
495.917	4144.06
496.126	3724.23
496.335	3378.12
496.543	3943.36
496.752	4074.43
496.96	3967.94
497.169	3277.77
497.377	3883.97
497.586	4182.98
497.794	3722.18
498.003	3204.05
498.211	4119.49
498.42	4410.3
498.628	3851.21
498.837	3599.31
499.045	4207.55
499.254	4092.87
499.462	3607.5
499.671	3630.02
499.879	5149.62
500.087	4432.83
500.296	3558.35
500.504	3822.53
500.713	4334.53
500.921	4840.37
501.129	3754.95
501.338	3697.61
501.546	4398.01
501.754	4516.8
501.962	3974.08
502.171	3636.17
502.379	4561.85
502.587	4717.5
502.795	3900.36
503.004	4027.33
503.212	4645.82
503.42	4737.98
503.628	4000.71
503.837	4287.42
504.045	4615.1
504.253	5268.4
504.461	4160.45
504.669	3976.13
504.877	5122.99
505.085	4910.01
505.294	3808.2
505.502	4348.86
505.71	5045.17
505.918	4819.89
506.126	4092.87
506.334	3926.98
506.542	4993.97
506.75	4740.02
506.958	4645.82
507.166	4209.6
507.374	4715.45
507.582	5274.54
507.79	4469.69
507.998	4307.9
508.206	5252.02
508.414	5059.51
508.622	4285.37
508.83	4400.06
509.037	4963.25
509.245	4631.48
509.453	4367.29
509.661	4328.38
509.869	5276.59
510.077	4889.53
510.285	4864.95
510.492	4010.95
510.7	5628.84
510.908	4944.82
511.116	4524.99
511.324	4346.81
511.531	4912.05
511.739	5462.96
511.947	4852.66
512.155	5028.79
512.362	5397.42
512.57	4959.16
512.778	4361.15
512.985	4297.66
513.193	5088.18
513.401	5577.64
513.608	4750.26
513.816	4770.74
514.024	5358.51
514.231	5340.08
514.439	4901.81
514.646	4674.49
514.854	5624.75
515.061	5557.16
515.269	4795.32
515.477	4975.54
515.684	5155.76
515.892	5606.31
516.099	4582.33
516.307	4815.8
516.514	5792.68
516.722	5929.89
516.929	4850.61
517.136	4860.85
517.344	5747.62
517.551	5563.31
517.759	4889.53
517.966	5114.8
518.173	5493.68
518.381	5581.74
518.588	5112.75
518.796	4805.56
519.003	5870.5
519.21	5882.79
519.418	5090.23
519.625	5440.43
519.832	5647.27
520.039	5862.31
520.247	4932.53
520.454	5241.78
520.661	5757.86
520.868	5874.6
521.076	5166
521.283	5243.82
521.49	6210.47
521.697	5704.62
521.904	5309.36
522.112	5335.98
522.319	6185.89
522.526	5938.09
522.733	5192.62
522.94	5270.45
523.147	5962.66
523.354	6028.2
523.561	5196.72
523.768	5381.04
523.975	6173.6
524.183	6189.99
524.39	5827.5
524.597	5141.43
524.804	6048.68
525.011	5927.85
525.218	5516.2
525.425	5475.24
525.632	6517.66
525.838	5942.18
526.045	5389.23
526.252	5768.1
526.459	7752.59
526.666	7922.57
526.873	5583.79
527.08	5514.16
527.287	6374.3
527.494	6138.79
527.701	5766.06
527.907	5520.3
528.114	6351.78
528.321	6245.28
528.528	5839.78
528.735	5847.97
528.941	6130.59
529.148	6034.34
529.355	5911.46
529.562	5802.92
529.768	7342.99
529.975	6298.53
530.182	5886.89
530.388	5876.65
530.595	6642.59
530.802	6106.02
531.008	6308.77
531.215	5800.87
531.422	7512.97
531.628	7342.99
531.835	6071.2
532.042	5999.52
532.248	6597.53
532.455	6712.22
532.661	5952.42
532.868	5985.19
533.074	6874.01
533.281	7084.95
533.487	5989.28
533.694	6128.55
533.9	6566.81
534.107	6527.9
534.313	6214.56
534.52	6067.11
534.726	6675.35
534.933	7469.97
535.139	6255.52
535.345	5938.09
535.552	7193.49
535.758	7101.33
535.965	6382.49
536.171	6368.16
536.377	7074.71
536.584	7547.79
536.79	6284.19
536.996	6728.6
537.203	7195.54
537.409	7334.8
537.615	6519.71
537.821	6699.93
538.028	7586.7
538.234	7213.97
538.44	6658.97
538.646	6661.02
538.853	7099.28
539.059	6960.02
539.265	7158.67
539.471	6243.23
539.677	7330.7
539.883	6847.38
540.09	8414.08
540.296	7457.68
540.502	7089.04
540.708	7033.75
540.914	7107.48
541.12	6593.44
541.326	7353.23
541.532	7390.1
541.738	7056.28
541.944	6890.39
542.15	7619.47
542.356	7394.19
542.562	6624.15
542.768	6673.31
542.974	7826.31
543.18	7527.31
543.386	6941.59
543.592	6523.8
543.798	8356.74
544.004	7902.09
544.21	6841.24
544.415	6968.21
544.621	7564.17
544.827	8119.17
545.033	6871.96
545.239	7386
545.445	7369.62
545.651	7814.02
545.856	7170.96
546.062	7109.52
546.268	7562.12
546.474	7906.18
546.679	7099.28
546.885	7117.72
547.091	7627.66
547.297	8029.06
547.502	7424.91
547.708	6835.1
547.914	7642
548.119	8039.3
548.325	6853.53
548.531	6845.34
548.736	8342.4
548.942	7605.13
549.147	7107.48
549.353	7623.56
549.559	8266.63
549.764	8067.97
549.97	7146.39
550.175	7238.55
550.381	8055.69
550.586	7789.45
550.792	7302.03
550.997	7222.16
551.203	8182.66
551.408	8387.46
551.614	7136.15
551.819	7291.79
552.025	8588.16
552.23	8090.5
552.435	7486.35
552.641	7867.27
552.846	7889.8
553.052	8616.83
553.257	7924.62
553.462	7422.86
553.668	8047.49
553.873	8371.07
554.078	7527.31
554.283	7537.55
554.489	8323.97
554.694	8072.07
554.899	7457.68
555.105	7908.23
555.31	8485.76
555.515	8371.07
555.72	7820.17
555.925	8803.19
556.131	8502.14
556.336	8258.43
556.541	7519.12
556.746	7476.11
556.951	8491.9
557.156	8571.77
557.361	7713.67
557.567	8080.26
557.772	8711.04
557.977	8739.71
558.182	7742.35
558.387	8061.83
558.592	8260.48
558.797	9040.76
559.002	7949.19
559.207	8090.5
559.412	8762.23
559.617	8940.41
559.822	7811.98
560.027	7689.1
560.232	8530.81
560.437	8510.33
560.642	7627.66
560.847	7986.05
561.051	8416.13
561.256	8690.56
561.461	8049.54
561.666	7787.4
561.871	8528.77
562.076	8962.94
562.281	7936.9
562.485	7826.31
562.69	8799.1
562.895	8854.39
563.1	8104.84
563.305	8055.69
563.509	8821.63
563.714	9292.66
563.919	8022.92
564.123	8123.27
564.328	8549.25
564.533	9188.21
564.737	8057.73
564.942	8237.95
565.147	9016.18
565.351	9012.09
565.556	8336.26
565.761	8178.56
565.965	9286.51
566.17	8860.54
566.374	8190.85
566.579	8219.52
566.784	8985.46
566.988	9001.85
567.193	8031.11
567.397	8416.13
567.602	8770.43
567.806	8971.13
568.011	8250.24
568.215	8448.9
568.42	8858.49
568.624	9089.91
568.828	8383.36
569.033	8708.99
569.237	9444.21
569.442	9448.3
569.646	8313.73
569.85	8586.11
570.055	9227.12
570.259	9276.27
570.463	8944.5
570.668	8594.3
570.872	9012.09
571.076	9032.57
571.281	8764.28
571.485	8586.11
571.689	9347.95
571.893	9298.8
572.098	8733.56
572.302	8575.87
572.506	9415.54
572.71	9315.19
572.914	8561.53
573.119	8663.93
573.323	9495.41
573.527	9612.14
573.731	8663.93
573.935	8530.81
574.139	9046.9
574.343	9059.19
574.547	8725.37
574.751	8981.37
574.955	9409.39
575.159	9501.55
575.364	8647.55
575.568	8588.16
575.772	9517.93
575.976	9419.63
576.18	8817.53
576.383	8737.66
576.587	9685.87
576.791	9474.93
576.995	8606.59
577.199	8645.5
577.403	9243.51
577.607	9667.44
577.811	8958.84
578.015	8833.91
578.219	9562.99
578.422	9565.04
578.626	9223.03
578.83	9266.03
579.034	9677.68
579.238	9513.84
579.442	8981.37
579.645	9765.74
579.849	9884.52
580.053	9915.24
580.257	9223.03
580.46	9333.62
580.664	9974.63
580.868	9945.96
581.071	9595.76
581.275	9444.21
581.479	9565.04
581.682	9823.08
581.886	8950.65
582.09	9491.31
582.293	9907.05
582.497	9980.78
582.7	9632.62
582.904	9425.78
583.107	9831.27
583.311	9915.24
583.515	9380.72
583.718	9341.81
583.922	10189.67
584.125	10670.94
584.329	9278.32
584.532	9399.15
584.735	10525.54
584.939	10058.6
585.142	9370.48
585.346	9345.91
585.549	10005.35
585.753	10167.14
585.956	9341.81
586.159	9552.75
586.363	10261.35
586.566	10230.63
586.769	9374.58
586.973	9390.96
587.176	10142.57
587.379	10287.97
587.582	9825.13
587.786	9859.95
587.989	10414.95
588.192	11060.06
588.395	9644.91
588.599	10142.57
588.802	10443.62
589.005	10382.18
589.208	9737.07
589.411	9847.66
589.615	10271.59
589.818	10728.28
590.021	10191.72
590.224	10134.37
590.427	10818.39
590.63	10451.81
590.833	9497.46
591.036	9630.57
591.239	10552.16
591.442	10001.26
591.645	10150.76
591.848	9761.64
592.051	10636.13
592.254	10627.93
592.457	9982.82
592.66	9927.53
592.863	10662.75
593.066	11002.71
593.269	10111.85
593.472	9993.06
593.675	10513.25
593.878	10722.14
594.081	9937.77
594.284	9972.58
594.486	10763.1
594.689	10763.1
594.892	10206.05
595.095	9958.25
595.298	10734.43
595.5	10478.43
595.703	10419.04
595.906	10242.92
596.109	10668.89
596.311	10658.65
596.514	9837.42
596.717	10244.96
596.92	11107.16
597.122	11254.61
597.325	10183.52
597.528	10255.2
597.73	11410.26
597.933	11242.32
598.136	10470.24
598.338	10154.85
598.541	11342.67
598.743	11473.74
598.946	10408.8
599.148	10519.39
599.351	11066.2
599.554	10984.28
599.756	10636.13
599.959	10482.53
600.161	11326.29
600.363	11549.52
600.566	10548.06
600.768	10562.4
600.971	10894.17
601.173	11107.16
601.376	10470.24
601.578	10629.98
601.78	10861.4
601.983	11694.93
602.185	10378.08
602.388	10906.46
602.59	11197.27
602.792	11111.25
602.995	10947.42
603.197	10799.96
603.399	11395.92
603.601	11506.51
603.804	10570.59
604.006	10730.33
604.208	10949.46
604.41	10711.9
604.613	11015
604.815	10507.1
605.017	11686.73
605.219	11154.26
605.421	11408.21
605.623	10554.21
605.826	11600.72
606.028	11934.54
606.23	10736.48
606.432	10648.41
606.634	11545.42
606.836	11436.88
607.038	10722.14
607.24	11015
607.442	11723.6
607.644	11463.51
607.846	10951.51
608.048	10728.28
608.25	11744.08
608.452	11176.79
608.654	10947.42
608.856	10541.92
609.058	11191.13
609.26	11680.59
609.462	10853.21
609.664	10894.17
609.866	11600.72
610.067	11823.95
610.269	11051.86
610.471	10736.48
610.673	11449.17
610.875	11610.96
611.077	10564.45
611.278	10912.6
611.48	11465.55
611.682	11774.8
611.884	10924.89
612.085	10828.63
612.287	11365.2
612.489	11236.18
612.69	10672.99
612.892	11058.01
613.094	12002.12
613.295	11531.09
613.497	10802.01
613.699	11041.62
613.9	11617.1
614.102	11373.39
614.304	10847.07
614.505	10675.04
614.707	11273.04
614.908	11520.85
615.11	10689.37
615.311	11053.91
615.513	11676.49
615.714	11514.7
615.916	11113.3
616.117	11422.55
616.319	11666.25
616.52	11625.29
616.722	10976.09
616.923	10986.33
617.124	11776.84
617.326	11426.64
617.527	11109.21
617.729	11555.66
617.93	11426.64
618.131	11828.04
618.333	10845.02
618.534	11121.49
618.735	11432.79
618.937	11955.02
619.138	10777.44
619.339	10711.9
619.54	11877.19
619.742	11586.38
619.943	11277.14
620.144	11139.93
620.345	12012.36
620.546	11782.99
620.748	11234.13
620.949	11254.61
621.15	11637.58
621.351	11797.32
621.552	10859.35
621.753	11025.24
621.954	11483.98
622.155	12278.6
622.356	11006.81
622.558	11508.56
622.759	12120.9
622.96	12125
623.161	11359.06
623.362	11115.35
623.563	12079.94
623.764	11842.38
623.965	11096.92
624.166	11557.71
624.366	11582.29
624.567	11782.99
624.768	10963.8
624.969	11141.97
625.17	11455.31
625.371	11815.76
625.572	11535.18
625.773	11205.46
625.973	11875.15
626.174	12120.9
626.375	11522.9
626.576	11643.73
626.777	11914.06
626.977	12165.96
627.178	11510.61
627.379	11430.74
627.58	11930.44
627.78	11944.78
627.981	11367.25
628.182	11660.11
628.382	11909.96
628.583	11373.39
628.784	11328.34
628.984	11545.42
629.185	12081.99
629.386	12395.33
629.586	11662.16
629.787	11207.51
629.987	11801.42
630.188	12383.04
630.388	11500.37
630.589	11770.7
630.79	12335.94
630.99	11934.54
631.191	11508.56
631.391	11660.11
631.591	11981.64
631.792	12071.75
631.992	11819.85
632.193	11746.12
632.393	12211.01
632.594	11975.5
632.794	11420.5
632.994	11496.27
633.195	11985.74
633.395	11950.92
633.595	11531.09
633.796	11467.6
633.996	12096.33
634.196	12237.64
634.397	11465.55
634.597	11604.81
634.797	12137.29
634.997	12260.16
635.198	11844.43
635.398	11608.91
635.598	12100.42
635.798	12180.29
635.998	11995.98
636.199	11363.15
636.399	11797.32
636.599	11883.34
636.799	11449.17
636.999	11969.35
637.199	12114.76
637.399	12444.48
637.599	11500.37
637.799	11715.41
637.999	12174.15
638.199	12544.83
638.399	11848.52
638.599	11586.38
638.799	12292.93
638.999	12434.24
639.199	11983.69
639.399	11858.76
639.599	12589.89
639.799	12073.8
639.999	11395.92
640.199	11696.97
640.399	12368.71
640.599	12495.68
640.799	11963.21
640.998	12059.46
641.198	12352.32
641.398	12344.13
641.598	12012.36
641.798	11807.56
641.997	13525.81
642.197	12069.7
642.397	12428.1
642.597	12137.29
642.796	12393.28
642.996	12120.9
643.196	12194.63
643.395	11674.45
643.595	12239.69
643.795	11893.58
643.994	11899.72
644.194	11739.98
644.394	12931.9
644.593	12528.45
644.793	11821.9
644.992	12184.39
645.192	12858.17
645.392	12145.48
645.591	12215.11
645.791	12092.23
645.99	12548.93
646.19	12084.04
646.389	11932.49
646.589	11936.59
646.788	12458.82
646.987	12387.14
647.187	12415.81
647.386	12104.52
647.586	12483.39
647.785	12841.79
647.984	12260.16
648.184	12479.3
648.383	12426.05
648.582	12262.21
648.782	12010.31
648.981	12262.21
649.18	12116.81
649.38	12358.47
649.579	12243.78
649.778	12028.74
649.977	12757.82
650.177	12888.89
650.376	11920.2
650.575	12059.46
650.774	12923.71
650.973	12450.63
651.173	11838.28
651.372	12241.73
651.571	12389.19
651.77	12690.24
651.969	12026.7
652.168	12348.23
652.367	12489.54
652.566	12725.05
652.765	12229.45
652.964	12649.28
653.163	12874.56
653.362	12749.63
653.561	11936.59
653.76	12389.19
653.959	12747.58
654.158	12809.02
654.357	12446.53
654.556	12262.21
654.755	12712.77
654.954	12710.72
655.153	12213.06
655.352	12485.44
655.551	13079.35
655.749	12694.33
655.948	12544.83
656.147	12720.96
656.346	12938.04
656.545	12987.19
656.743	12419.91
656.942	12311.36
657.141	12636.99
657.34	12751.68
657.538	12415.81
657.737	12538.69
657.936	13114.17
658.135	12872.51
658.333	12342.08
658.532	12831.55
658.731	13245.24
658.929	12968.76
659.128	12714.81
659.326	12575.55
659.525	12999.48
659.724	13054.78
659.922	11940.68
660.121	12393.28
660.319	12780.35
660.518	12710.72
660.716	12419.91
660.915	12399.43
661.113	13298.49
661.312	12655.42
661.51	12520.26
661.709	12254.02
661.907	12911.42
662.105	13038.39
662.304	12370.76
662.502	12667.71
662.701	13110.07
662.899	12741.44
663.097	13046.58
663.296	12362.56
663.494	13081.4
663.692	12999.48
663.891	12305.22
664.089	12120.9
664.287	12815.16
664.485	13075.26
664.684	12417.86
664.882	12634.94
665.08	13032.25
665.278	12890.94
665.476	12524.35
665.675	12884.8
665.873	13075.26
666.071	12989.24
666.269	12432.19
666.467	12720.96
666.665	13007.67
666.863	13044.54
667.061	12542.78
667.259	12708.67
667.457	12884.8
667.655	13054.78
667.853	12389.19
668.051	12792.64
668.249	12596.03
668.447	13294.39
668.645	12405.57
668.843	12745.53
669.041	13159.22
669.239	12561.22
669.437	12538.69
669.635	12763.97
669.833	13069.11
670.031	12968.76
670.229	12587.84
670.426	12858.17
670.624	12935.99
670.822	12706.62
671.02	12364.61
671.218	12512.07
671.415	12718.91
671.613	12839.74
671.811	12813.12
672.009	12417.86
672.206	12958.52
672.404	12626.75
672.602	12944.19
672.799	12766.01
672.997	13343.54
673.195	12839.74
673.392	12751.68
673.59	12294.98
673.788	13083.45
673.985	12309.32
674.183	12661.57
674.38	12598.08
674.578	13028.15
674.775	12968.76
674.973	12026.7
675.17	12434.24
675.368	13167.42
675.565	13032.25
675.763	12614.46
675.96	12401.47
676.158	13085.5
676.355	12731.2
676.553	12360.52
676.75	12198.73
676.947	12604.22
677.145	12612.42
677.342	12526.4
677.539	12493.63
677.737	13335.35
677.934	13253.43
678.131	12708.67
678.329	12321.6
678.526	13490.99
678.723	13022.01
678.92	12540.74
679.118	12528.45
679.315	12706.62
679.512	12940.09
679.709	12538.69
679.906	12307.27
680.104	12923.71
680.301	12919.61
680.498	12245.83
680.695	12372.8
680.892	12739.39
681.089	12954.43
681.286	12501.83
681.483	12335.94
681.68	12737.34
681.877	13151.03
682.075	12376.9
682.272	12383.04
682.469	12596.03
682.665	12897.08
682.862	11987.79
683.059	12030.79
683.256	12720.96
683.453	12700.48
683.65	12456.77
683.847	12493.63
684.044	12856.12
684.241	12610.37
684.438	12401.47
684.635	12202.82
684.831	13204.28
685.028	12868.41
685.225	12133.19
685.422	12579.65
685.619	12522.3
685.815	12393.28
686.012	12323.65
686.209	12081.99
686.405	12387.14
686.602	12608.32
686.799	11952.97
686.996	11936.59
687.192	12524.35
687.389	13112.12
687.586	12061.51
687.782	12266.31
687.979	13308.72
688.175	12677.95
688.372	12247.88
688.568	12475.2
688.765	12579.65
688.962	12829.5
689.158	12417.86
689.355	11971.4
689.551	12561.22
689.748	12733.25
689.944	12268.36
690.14	12233.54
690.337	12495.68
690.533	12587.84
690.73	12317.51
690.926	12168.01
691.123	12354.37
691.319	12528.45
691.515	11821.9
691.712	12118.86
691.908	12315.46
692.104	12299.08
692.301	12239.69
692.497	11858.76
692.693	12651.33
692.889	12307.27
693.086	12317.51
693.282	11889.48
693.478	12473.15
693.674	12526.4
693.87	12018.5
694.067	12002.12
694.263	12505.92
694.459	12096.33
694.655	12065.61
694.851	12211.01
695.047	12426.05
695.243	12610.37
695.439	12127.05
695.635	11912.01
695.831	12528.45
696.027	12208.97
696.224	11901.77
696.42	12403.52
696.615	12677.95
696.811	12534.59
697.007	11404.11
697.203	11701.07
697.399	12350.28
697.595	12239.69
697.791	11807.56
697.987	12036.94
698.183	12116.81
698.379	12059.46
698.575	11793.23
698.77	11819.85
698.966	12260.16
699.162	12475.2
699.358	11789.13
699.554	12010.31
699.749	12661.57
699.945	12317.51
700.141	12165.96
700.337	12151.62
700.532	12272.45
700.728	11998.02
700.924	11535.18
701.119	11594.58
701.315	12153.67
701.511	12020.55
701.706	11817.8
701.902	11596.62
702.097	12251.97
702.293	12231.49
702.489	12032.84
702.684	11604.81
702.88	12415.81
703.075	12104.52
703.271	11670.35
703.466	11494.22
703.662	12002.12
703.857	12270.4
704.053	11680.59
704.248	11903.82
704.443	12446.53
704.639	12323.65
704.834	12084.04
705.03	11836.24
705.225	12036.94
705.42	12208.97
705.616	12069.7
705.811	11637.58
706.006	11858.76
706.202	11938.63
706.397	11733.84
706.592	11363.15
706.787	12251.97
706.983	11889.48
707.178	12157.77
707.373	11656.01
707.568	11864.91
707.763	12260.16
707.959	11520.85
708.154	11725.65
708.349	12094.28
708.544	12147.53
708.739	12178.25
708.934	11543.38
709.129	12284.74
709.324	12366.66
709.519	11576.14
709.714	11449.17
709.909	12434.24
710.104	12438.34
710.299	11701.07
710.494	11709.26
710.689	12163.91
710.884	12077.9
711.079	11680.59
711.274	11660.11
711.469	12149.57
711.664	12227.4
711.859	11629.39
712.054	11690.83
712.249	12036.94
712.443	12036.94
712.638	11303.76
712.833	11422.55
713.028	11967.31
713.223	11776.84
713.417	11873.1
713.612	11606.86
713.807	12251.97
714.002	12694.33
714.196	11717.45
714.391	11453.27
714.586	11965.26
714.78	12151.62
714.975	11342.67
715.17	11561.81
715.364	11991.88
715.559	12145.48
715.754	10861.4
715.948	11135.83
716.143	12163.91
716.337	11430.74
716.532	11735.88
716.726	11510.61
716.921	11930.44
717.115	12053.32
717.31	11015
717.504	12663.61
717.699	12012.36
717.893	11782.99
718.088	11342.67
718.282	11541.33
718.476	11699.02
718.671	11848.52
718.865	11314
719.059	11651.92
719.254	11940.68
719.448	12118.86
719.642	13953.84
719.837	10931.03
720.031	13349.68
720.225	11930.44
720.419	11135.83
720.614	11058.01
720.808	11481.94
721.002	11653.97
721.196	11184.98
721.39	10845.02
721.585	11715.41
721.779	11766.6
721.973	11148.12
722.167	10685.28
722.361	11408.21
722.555	11938.63
722.749	11203.41
722.943	10937.18
723.137	11232.08
723.331	11303.76
723.525	10849.11
723.719	10986.33
723.913	11760.46
724.107	11748.17
724.301	10953.56
724.495	11211.6
724.689	11971.4
724.883	11735.88
725.077	10982.23
725.271	10990.42
725.465	11656.01
725.659	11287.38
725.853	11287.38
726.046	10902.36
726.24	11219.8
726.434	11543.38
726.628	10910.55
726.822	10967.9
727.015	11766.6
727.209	11834.19
727.403	10984.28
727.596	10742.62
727.79	11649.87
727.984	11676.49
728.177	10898.27
728.371	11103.06
728.565	11316.05
728.758	11318.1
728.952	10928.99
729.146	10879.83
729.339	11668.3
729.533	11338.58
729.726	11033.43
729.92	10677.09
730.113	11692.88
730.307	11414.35
730.5	10949.46
730.694	10896.22
730.887	11221.84
731.081	11555.66
731.274	10759
731.468	11115.35
731.661	11174.74
731.854	11236.18
732.048	10797.92
732.241	10851.16
732.435	11406.16
732.628	11141.97
732.821	10910.55
733.014	10695.52
733.208	11117.4
733.401	11328.34
733.594	10896.22
733.788	10748.76
733.981	11635.53
734.174	11387.73
734.367	10746.72
734.56	11238.23
734.754	11481.94
734.947	11483.98
735.14	10808.16
735.333	11135.83
735.526	11852.62
735.719	11311.96
735.912	10773.34
736.105	10877.79
736.298	11866.95
736.491	11733.84
736.684	10765.15
736.877	10783.58
737.07	11522.9
737.263	11727.69
737.456	11021.14
737.649	10781.53
737.842	11592.53
738.035	11537.23
738.228	11078.49
738.421	11201.37
738.614	11705.17
738.807	11531.09
739	10627.93
739.192	10865.5
739.385	11299.67
739.578	11395.92
739.771	11273.04
739.964	10650.46
740.156	11692.88
740.349	11391.83
740.542	11244.37
740.735	10638.17
740.927	11203.41
741.12	11162.45
741.313	10605.41
741.505	11250.52
741.698	11674.45
741.891	11662.16
742.083	11000.66
742.276	10802.01
742.468	11348.82
742.661	11234.13
742.854	10724.19
743.046	10675.04
743.239	11320.15
743.431	11268.95
743.624	10658.65
743.816	10462.05
744.009	11217.75
744.201	11285.33
744.393	11035.48
744.586	10756.96
744.778	11350.87
744.971	11127.64
745.163	10646.37
745.355	10838.87
745.548	11152.21
745.74	11189.08
745.932	10648.41
746.125	10392.42
746.317	11635.53
746.509	11133.78
746.702	10697.56
746.894	10603.36
747.086	11418.45
747.278	11414.35
747.471	10859.35
747.663	10857.31
747.855	11328.34
748.047	11500.37
748.239	10509.15
748.431	10607.45
748.623	11561.81
748.815	11111.25
749.008	10443.62
749.2	10771.29
749.392	10959.7
749.584	11369.3
749.776	10689.37
749.968	11121.49
750.16	11594.58
750.352	11127.64
750.544	10992.47
750.736	10435.42
750.928	11328.34
751.12	11324.24
751.311	10795.87
751.503	10701.66
751.695	10984.28
751.887	11172.69
752.079	10193.76
752.271	10511.2
752.463	11588.43
752.654	10842.97
752.846	10357.6
753.038	10367.84
753.23	10783.58
753.421	10978.14
753.613	10294.11
753.805	10775.39
753.997	10689.37
754.188	11178.84
754.38	10265.44
754.572	10392.42
754.763	10689.37
754.955	10867.55
755.146	10451.81
755.338	10324.83
755.53	11242.32
755.721	10797.92
755.913	10148.71
756.104	10130.28
756.296	10851.16
756.487	10928.99
756.679	10181.48
756.87	10199.91
757.062	10709.85
757.253	10756.96
757.445	10144.61
757.636	10470.24
757.827	11064.15
758.019	11739.98
758.21	10322.79
758.401	10554.21
758.593	11340.63
758.784	11248.47
758.975	10081.13
759.167	10081.13
759.358	10863.45
759.549	11033.43
759.74	10292.07
759.932	10257.25
760.123	10939.23
760.314	10822.49
760.505	10251.11
760.696	10120.04
760.888	10980.18
761.079	10806.11
761.27	10120.04
761.461	9890.67
761.652	10834.78
761.843	10414.95
762.034	10019.69
762.225	10736.48
762.416	10505.06
762.607	10580.83
762.798	10081.13
762.989	10072.93
763.18	11631.44
763.371	10664.8
763.562	9915.24
763.753	9896.81
763.944	10505.06
764.135	10310.5
764.326	10101.61
764.517	9890.67
764.708	10670.94
764.899	10402.66
765.089	9788.27
765.28	9796.46
765.471	10185.57
765.662	10537.82
765.853	10031.97
766.043	9749.36
766.234	10513.25
766.425	10652.51
766.615	10023.78
766.806	9683.82
766.997	10384.23
767.187	10349.41
767.378	9712.49
767.569	9417.58
767.759	10197.86
767.95	10177.38
768.141	9778.03
768.331	9468.78
768.522	10275.68
768.712	10611.55
768.903	9601.9
769.093	9636.72
769.284	10281.83
769.474	10120.04
769.665	9528.17
769.855	9206.64
770.046	10425.18
770.236	9966.44
770.426	9644.91
770.617	9214.84
770.807	9892.71
770.998	10197.86
771.188	9751.4
771.378	9395.06
771.569	10287.97
771.759	10167.14
771.949	9227.12
772.139	9104.25
772.33	9927.53
772.52	9984.87
772.71	9341.81
772.9	9237.36
773.09	10136.42
773.281	10392.42
773.471	9227.12
773.661	9350
773.851	9864.04
774.041	9991.02
774.231	9245.55
774.421	9845.61
774.611	10228.58
774.802	9960.3
774.992	9524.08
775.182	9032.57
775.372	10132.33
775.562	10050.41
775.752	9300.85
775.942	9270.13
776.131	10122.09
776.321	9878.38
776.511	8969.08
776.701	8934.26
776.891	10183.52
777.081	9737.07
777.271	9311.09
777.461	9286.51
777.651	9864.04
777.84	9874.28
778.03	9345.91
778.22	8991.61
778.41	9595.76
778.599	9186.16
778.789	9005.94
778.979	8983.41
779.169	9689.96
779.358	9446.26
779.548	9433.97
779.738	8713.08
779.927	9569.13
780.117	9526.13
780.307	9094.01
780.496	8602.49
780.686	9868.14
780.875	10265.44
781.065	9079.67
781.254	8907.64
781.444	9642.86
781.633	9366.39
781.823	8825.72
782.012	8962.94
782.202	9540.46
782.391	9501.55
782.581	8846.2
782.77	9128.82
782.96	9589.61
783.149	9237.36
783.338	8751.99
783.528	8567.68
783.717	9606
783.906	9722.73
784.096	8938.36
784.285	8686.46
784.474	9337.71
784.663	9505.65
784.853	8784.76
785.042	8924.02
785.231	9474.93
785.42	9218.93
785.61	8883.06
785.799	8670.08
785.988	9603.95
786.177	8981.37
786.366	8745.85
786.555	9243.51
786.744	9261.94
786.933	9210.74
787.122	8246.15
787.312	8594.3
787.501	8862.58
787.69	9274.23
787.879	8596.35
788.068	8516.48
788.257	8846.2
788.445	9089.91
788.634	8692.6
788.823	8311.68
789.012	9542.51
789.201	9335.67
789.39	8452.99
789.579	8442.75
789.768	9087.86
789.957	9130.87
790.145	8504.19
790.334	8078.21
790.523	8602.49
790.712	8967.03
790.9	8326.02
791.089	8309.63
791.278	9272.18
791.467	9038.71
791.655	8829.82
791.844	9333.62
792.033	8924.02
792.221	8764.28
792.41	8412.03
792.599	7859.08
792.787	8950.65
792.976	9091.96
793.164	8067.97
793.353	8289.15
793.541	8973.18
793.73	9106.29
793.918	8186.76
794.107	8399.74
794.295	8903.54
794.484	8594.3
794.672	8356.74
794.861	8313.73
795.049	8842.11
795.238	9132.92
795.426	8018.82
795.614	8094.6
795.803	9048.95
795.991	8909.69
796.179	8002.44
796.368	7867.27
796.556	8827.77
796.744	8680.32
796.932	7811.98
797.121	7945.09
797.309	8522.62
797.497	8817.53
797.685	8151.94
797.874	8153.99
798.062	8790.91
798.25	8987.51
798.438	8205.19
798.626	8096.64
798.814	8907.64
799.002	8778.62
799.19	8145.8
799.378	8086.4
799.566	8735.61
799.755	8610.68
799.943	8264.58
800.131	7967.62
800.318	8706.94
800.506	8637.31
800.694	7871.37
800.882	8129.41
801.07	9001.85
801.258	8731.51
801.446	7969.67
801.634	7922.57
801.822	8575.87
802.01	8631.16
802.197	8131.46
802.385	8307.59
802.573	8967.03
802.761	8678.27
802.949	8342.4
803.136	8016.77
803.324	8754.04
803.512	8631.16
803.699	8317.83
803.887	7932.81
804.075	8909.69
804.262	8686.46
804.45	8039.3
804.638	8338.3
804.825	8315.78
805.013	8457.09
805.201	8022.92
805.388	8076.16
805.576	8674.17
805.763	8782.71
805.951	8059.78
806.138	8162.18
806.326	8975.22
806.513	8514.43
806.701	8119.17
806.888	8203.14
807.075	8905.59
807.263	9112.44
807.45	8031.11
807.638	8164.23
807.825	8799.1
808.012	8960.89
808.2	8475.52
808.387	8563.58
808.574	9007.99
808.761	8989.56
808.949	8219.52
809.136	8381.31
809.323	8811.39
809.51	9040.76
809.698	8696.7
809.885	8645.5
810.072	9055.09
810.259	8991.61
810.446	8520.57
810.633	8223.62
810.82	8944.5
811.008	9210.74
811.195	8375.17
811.382	8260.48
811.569	9102.2
811.756	8563.58
811.943	8387.46
812.13	8268.67
812.317	8948.6
812.504	8971.13
812.691	8575.87
812.878	8676.22
813.064	9247.6
813.251	8768.38
813.438	8278.91
813.625	8532.86
813.812	8760.19
813.999	9044.85
814.186	8405.89
814.372	8350.59
814.559	9126.77
814.746	9237.36
814.933	8233.86
815.12	8575.87
815.306	9071.48
815.493	8604.54
815.68	8340.35
815.866	8235.91
816.053	8981.37
816.24	9270.13
816.426	8326.02
816.613	8153.99
816.799	8971.13
816.986	9323.38
817.173	8545.15
817.359	8123.27
817.546	8926.07
817.732	8518.53
817.919	8029.06
818.105	8520.57
818.292	8985.46
818.478	8948.6
818.665	8461.18
818.851	8139.65
819.037	9417.58
819.224	8723.32
819.41	7777.16
819.597	8072.07
819.783	9255.79
819.969	8819.58
820.156	8391.55
820.342	8022.92
820.528	10015.59
820.714	8448.9
820.901	8362.88
821.087	7902.09
821.273	8809.34
821.459	8637.31
821.646	8153.99
821.832	8014.73
822.018	8778.62
822.204	8655.74
822.39	8121.22
822.576	8182.66
822.762	8967.03
822.948	8758.14
823.134	8309.63
823.32	8092.55
823.507	8401.79
823.693	8815.48
823.879	8784.76
824.065	7721.87
824.25	8532.86
824.436	8584.06
824.622	8020.87
824.808	7977.86
824.994	8680.32
825.18	8678.27
825.366	7777.16
825.552	7875.46
825.738	8729.47
825.923	8596.35
826.109	8022.92
826.295	7713.67
826.481	8379.26
826.667	8469.37
826.852	8252.29
827.038	7826.31
827.224	8786.81
827.409	8600.44
827.595	7455.63
827.781	8000.39
827.966	8819.58
828.152	8850.3
828.338	8010.63
828.523	7451.53
828.709	8379.26
828.894	8530.81
829.08	7840.65
829.266	7766.92
829.451	8346.5
829.637	8448.9
829.822	7930.76
830.008	7744.39
830.193	8530.81
830.378	8696.7
830.564	7895.94
830.749	7459.73
830.935	8354.69
831.12	8113.03
831.305	7603.08
831.491	7867.27
831.676	7824.26
831.861	8266.63
832.047	7639.95
832.232	7553.93
832.417	8366.98
832.602	8588.16
832.788	7541.64
832.973	7648.14
833.158	8092.55
833.343	8027.01
833.528	7811.98
833.714	7691.15
833.899	7988.1
834.084	8567.68
834.269	7900.04
834.454	7613.32
834.639	8285.06
834.824	8293.25
835.009	7883.66
835.194	7908.23
835.379	8448.9
835.564	8598.4
835.749	7883.66
835.934	7320.46
836.119	8235.91
836.304	8145.8
836.489	7377.81
836.674	7947.14
836.859	7920.52
837.044	8182.66
837.228	7400.34
837.413	7299.98
837.598	8067.97
837.783	8027.01
837.968	7474.06
838.152	7261.07
838.337	7279.5
838.522	8358.78
838.707	7998.34
838.891	7584.65
839.076	7996.29
839.261	7961.48
839.445	7662.48
839.63	7668.62
839.815	8371.07
839.999	8031.11
840.184	7353.23
840.368	7406.48
840.553	7900.04
840.737	7627.66
840.922	7043.99
841.106	7072.66
841.291	7443.34
841.475	7910.28
841.66	7007.13
841.844	7162.77
842.029	8473.47
842.213	7498.64
842.397	7279.5
842.582	6884.25
842.766	7670.67
842.951	7842.7
843.135	7261.07
843.319	7107.48
843.504	7861.13
843.688	8332.16
843.872	6925.21
844.056	7054.23
844.241	7654.28
844.425	7611.28
844.609	7203.73
844.793	6837.14
844.977	7861.13
845.161	7480.21
845.346	7140.24
845.53	6894.49
845.714	7615.37
845.898	7945.09
846.082	6693.79
846.266	7064.47
846.45	7474.06
846.634	7834.5
846.818	6976.41
847.002	7185.3
847.186	7601.04
847.37	7261.07
847.554	6814.62
847.738	7195.54
847.922	7377.81
848.106	7601.04
848.29	6814.62
848.473	6908.82
848.657	7510.93
848.841	7359.38
849.025	6747.03
849.209	6554.52
849.392	7472.01
849.576	7179.15
849.76	6374.3
849.944	7007.13
850.127	7768.97
850.311	7162.77
850.495	6656.92
850.678	6505.37
850.862	7422.86
851.046	7551.88
851.229	7228.31
851.413	6642.59
851.596	7506.83
851.78	7095.19
851.964	6769.56
852.147	6658.97
852.331	7842.7
852.514	7605.13
852.698	7027.6
852.881	6472.61
853.065	7363.47
853.248	7181.2
853.431	6841.24
853.615	6884.25
853.798	8174.47
853.982	7560.08
854.165	6826.9
854.348	6517.66
854.532	6988.69
854.715	7203.73
854.898	6554.52
855.081	6431.65
855.265	7582.6
855.448	7598.99
855.631	6118.31
855.814	6484.89
855.997	7297.94
856.181	7238.55
856.364	6532
856.547	6257.57
856.73	7347.09
856.913	7269.27
857.096	6329.25
857.279	6493.08
857.462	7027.6
857.645	7123.86
857.828	6693.79
858.011	6591.39
858.194	6906.77
858.377	6835.1
858.56	6167.46
858.743	6355.87
858.926	6851.48
859.109	6937.49
859.292	6208.42
859.475	6097.83
859.658	6931.35
859.841	7080.85
860.023	6159.27
860.206	6218.66
860.389	6955.93
860.572	6917.01
860.755	6749.08
860.937	6228.9
861.12	6632.35
861.303	6917.01
861.486	6249.38
861.668	5962.66
861.851	6658.97
862.034	7052.18
862.216	6294.43
862.399	5813.16
862.581	6917.01
862.764	6912.92
862.947	6194.08
863.129	6079.4
863.312	6398.88
863.494	6878.1
863.677	6767.51
863.859	5753.77
864.042	6900.63
864.224	6620.06
864.406	6376.35
864.589	5764.01
864.771	6402.97
864.954	6572.96
865.136	5913.51
865.318	5905.32
865.501	7250.83
865.683	6230.94
865.865	5946.28
866.048	5874.6
866.23	6736.79
866.412	6417.31
866.594	5690.28
866.777	6132.64
866.959	6355.87
867.141	6417.31
867.323	6069.16
867.505	6058.92
867.687	6196.13
867.869	6480.8
868.052	6054.82
868.234	5827.5
868.416	6316.96
868.598	6601.63
868.78	6024.1
868.962	5761.96
869.144	6753.18
869.326	6476.7
869.508	6024.1
869.69	5823.4
869.872	6210.47
870.054	6900.63
870.236	5618.6
870.417	5774.25
870.599	6419.36
870.781	6898.58
870.963	6001.57
871.145	5870.5
871.327	6312.86
871.508	6595.48
871.69	5766.06
871.872	5921.7
872.054	6245.28
872.235	6380.45
872.417	5895.08
872.599	5581.74
872.78	7087
872.962	6654.87
873.144	5610.41
873.325	5706.66
873.507	6575
873.689	6572.96
873.87	5671.85
874.052	6015.91
874.233	6212.51
874.415	6896.53
874.596	5815.21
874.778	5673.9
874.959	6425.5
875.141	6476.7
875.322	5823.4
875.503	5614.51
875.685	6400.93
875.866	5741.48
876.048	5784.49
876.229	5522.35
876.41	6185.89
876.592	6370.21
876.773	5778.34
876.954	5585.83
877.136	6587.29
877.317	6112.16
877.498	5516.2
877.679	5856.17
877.86	6294.43
878.042	6278.05
878.223	5614.51
878.404	6380.45
878.585	6484.89
878.766	8244.1
878.947	6136.74
879.128	5993.38
879.309	6376.35
879.49	6863.77
879.672	6056.87
879.853	5987.24
880.034	6331.3
880.215	6562.72
880.396	5987.24
880.576	5897.13
880.757	6312.86
880.938	6917.01
881.119	5905.32
881.3	5917.61
881.481	6368.16
881.662	7451.53
881.843	5702.57
882.023	5721
882.204	6728.6
882.385	6534.04
882.566	5723.05
882.747	6030.24
882.927	6626.2
883.108	6529.95
883.289	5733.29
883.469	6269.86
883.65	6405.02
883.831	6427.55
884.011	6253.47
884.192	5901.22
884.373	6656.92
884.553	6497.18
884.734	6349.73
884.914	6554.52
885.095	7883.66
885.275	6957.97
885.456	6273.95
885.636	5825.45
885.817	6491.04
885.997	6792.09
886.178	5893.03
886.358	5972.9
886.538	6636.44
886.719	8393.6
886.899	5989.28
887.08	6216.61
887.26	6798.23
887.44	6425.5
887.621	5911.46
887.801	6261.66
887.981	7211.92
888.161	6964.12
888.342	6159.27
888.522	6251.42
888.702	7070.61
888.882	6945.69
889.062	6441.89
889.242	6065.06
889.423	7021.46
889.603	6884.25
889.783	6122.4
889.963	6114.21
890.143	6695.83
890.323	6988.69
890.503	6050.72
890.683	6149.03
890.863	6515.61
891.043	6650.78
891.223	6314.91
891.403	6368.16
891.583	6669.21
891.763	6781.85
891.943	6333.34
892.122	6464.41
892.302	6837.14
892.482	6767.51
892.662	6362.01
892.842	6372.25
893.022	6726.55
893.201	6673.31
893.381	6189.99
893.561	5884.84
893.741	7052.18
893.92	6431.65
894.1	6468.51
894.28	6259.62
894.459	6914.97
894.639	6646.68
894.819	5938.09
894.998	6046.63
895.178	6718.36
895.357	6488.99
895.537	6040.48
895.716	5841.83
895.896	6448.03
896.075	6831
896.255	5843.88
896.434	5567.4
896.614	6992.79
896.793	6478.75
896.973	6048.68
897.152	6091.68
897.331	6491.04
897.511	6529.95
897.69	5616.55
897.87	6005.67
898.049	6622.11
898.228	6421.41
898.407	6079.4
898.587	6263.71
898.766	6296.48
898.945	6601.63
899.124	6435.74
899.304	5974.95
899.483	6546.33
899.662	7009.17
899.841	5868.45
900.02	5845.93
900.199	6417.31
900.378	6468.51
900.557	5856.17
900.737	5608.36
900.916	6294.43
901.095	6208.42
901.274	6173.6
901.453	5620.65
901.632	6007.72
901.811	5985.19
901.989	5544.88
902.168	5481.39
902.347	6384.54
902.526	5925.8
902.705	5589.93
902.884	5809.06
903.063	6452.13
903.242	6280.1
903.42	5530.54
903.599	5698.47
903.778	6120.35
903.957	6325.15
904.135	5591.98
904.314	5366.7
904.493	5931.94
904.672	5620.65
904.85	5460.91
905.029	5247.92
905.207	5647.27
905.386	6310.82
905.565	4973.49
905.743	5000.12
905.922	5512.11
906.1	5714.86
906.279	4957.11
906.457	5065.65
906.636	5675.95
906.814	5471.15
906.993	5176.24
907.171	4723.64
907.35	5551.02
907.528	6052.77
907.707	5364.65
907.885	4836.28
908.063	5743.53
908.242	5344.17
908.42	4928.44
908.598	4563.9
908.777	5344.17
908.955	5166
909.133	5010.36
909.311	4713.4
909.49	5090.23
909.668	5346.22
909.846	4791.22
910.024	4547.51
910.202	5335.98
910.38	5581.74
910.559	4799.41
910.737	4682.68
910.915	5356.46
911.093	5364.65
911.271	4733.88
911.449	5131.19
911.627	5538.73
911.805	6013.86
911.983	4950.96
912.161	4979.64
912.339	5356.46
912.517	5764.01
912.695	5202.86
912.872	4953.01
913.05	5606.31
913.228	5602.22
913.406	5018.55
913.584	4821.94
913.762	5878.69
913.939	5446.57
914.117	5065.65
914.295	4975.54
914.473	5540.78
914.65	5866.41
914.828	4989.88
915.006	5098.42
915.184	5430.19
915.361	5630.89
915.539	5405.61
915.716	5362.61
915.894	5702.57
916.072	5700.52
916.249	5589.93
916.427	5077.94
916.604	5458.86
916.782	5563.31
916.959	4979.64
917.137	5129.14
917.314	5608.36
917.492	5491.63
917.669	5161.91
917.847	4973.49
918.024	5491.63
918.201	5157.81
918.379	4946.87
918.556	5086.13
918.733	5491.63
918.911	5118.9
919.088	5147.57
919.265	4983.73
919.442	5333.93
919.62	5475.24
919.797	4629.43
919.974	4744.12
920.151	5436.33
920.328	5086.13
920.506	4617.15
920.683	5102.51
920.86	4996.02
921.037	5393.33
921.214	4903.86
921.391	4545.47
921.568	5309.36
921.745	5153.71
921.922	4807.61
922.099	4668.34
922.276	5184.43
922.453	5233.58
922.63	4606.91
922.807	5092.27
922.984	5237.68
923.161	5176.24
923.338	4760.5
923.514	4672.44
923.691	5413.81
923.868	5307.31
924.045	4699.06
924.222	4649.91
924.399	5166
924.575	5270.45
924.752	4914.1
924.929	4783.03
925.105	5077.94
925.282	4797.37
925.459	4699.06
925.635	4709.3
925.812	5104.56
925.989	4852.66
926.165	4746.17
926.342	4338.62
926.518	4754.36
926.695	4907.96
926.871	4322.24
927.048	4453.31
927.224	5155.76
927.401	4576.19
927.577	4584.38
927.754	4041.67
927.93	5086.13
928.107	5082.03
928.283	4096.96
928.459	4559.8
928.636	5012.4
928.812	4658.1
928.988	4156.35
929.165	4137.92
929.341	4590.52
929.517	4627.39
929.693	4731.83
929.87	3847.11
930.046	4950.96
930.222	4481.98
930.398	4144.06
930.574	4387.77
930.751	4508.6
930.927	4471.74
931.103	4180.93
931.279	4101.06
931.455	4500.41
931.631	4633.53
931.807	3781.57
931.983	3886.02
932.159	4037.57
932.335	4410.3
932.511	3890.12
932.687	4012.99
932.863	4162.5
933.039	4260.8
933.215	3611.59
933.391	3570.63
933.566	4090.82
933.742	4099.01
933.918	3709.9
934.094	3367.88
934.27	4088.77
934.445	3863.49
934.621	3916.74
934.797	3609.54
934.973	4162.5
935.148	3804.1
935.324	3414.99
935.5	3126.22
935.675	4156.35
935.851	3920.84
936.027	3589.07
936.202	3382.22
936.378	3931.08
936.553	3503.05
936.729	3984.32
936.904	3197.9
937.08	3427.28
937.255	3355.6
937.431	3169.23
937.606	2792.41
937.782	3152.85
937.957	3566.54
938.133	2872.28
938.308	2755.54
938.483	3060.69
938.659	2827.22
938.834	2771.93
939.009	2548.7
939.185	3075.03
939.36	2751.45
939.535	1985.51
939.71	2638.81
939.886	3210.19
940.061	2843.6
940.236	2933.72
940.411	2374.62
940.586	2956.24
940.761	2851.8
940.937	2548.7
941.112	2161.63
941.287	2616.28
941.462	2534.36
941.637	2141.15
941.812	2345.95
941.987	2546.65
942.162	2608.09
942.337	2130.91
942.512	2055.14
942.687	3005.39
942.862	2577.37
943.037	1913.83
943.212	1907.68
943.386	2427.87
943.561	2571.22
943.736	2235.36
943.911	2735.06
944.086	2849.75
944.26	2567.13
944.435	2155.49
944.61	2321.37
944.785	2483.16
944.959	3083.22
945.134	2069.47
945.309	1952.74
945.483	2055.14
945.658	2681.82
945.833	1743.85
946.007	1815.52
946.182	2921.43
946.357	2337.76
946.531	1965.03
946.706	2092
946.88	2128.86
947.055	2589.66
947.229	2163.68
947.404	1987.55
947.578	2552.79
947.752	2544.6
947.927	1887.2
948.101	1803.24
948.276	2874.32
948.45	2487.26
948.624	2542.55
948.799	2114.53
948.973	2481.11
949.147	2284.51
949.321	2180.06
949.496	2206.69
949.67	2878.42
949.844	2509.79
950.018	2126.82
950.193	2190.3
950.367	3314.64
950.541	2483.16
950.715	2302.94
950.889	2517.98
951.063	2583.51
951.237	2669.53
951.411	1911.78
951.585	2040.8
951.759	2769.88
951.933	2581.46
952.107	2089.95
952.281	2399.2
952.455	2968.53
952.629	2704.34
952.803	2237.41
952.977	2253.79
953.151	2730.97
953.325	2589.66
953.499	2382.81
953.672	2171.87
953.846	2587.61
954.02	2546.65
954.194	2135.01
954.368	2286.56
954.541	2892.76
954.715	2743.25
954.889	2395.1
955.062	2132.96
955.236	2485.21
955.41	2792.41
955.583	2579.42
955.757	2042.85
955.93	2747.35
956.104	2452.44
956.278	2313.18
956.451	2341.85
956.625	2657.24
956.798	3077.07
956.972	2808.79
957.145	2210.78
957.319	3058.64
957.492	2776.02
957.665	2632.66
957.839	2333.66
958.012	2700.25
958.185	2763.73
958.359	2401.24
958.532	2733.01
958.705	2786.26
958.879	2747.35
959.052	2538.46
959.225	2051.04
959.398	2808.79
959.572	2892.76
959.745	2315.23
959.918	2372.57
960.091	2890.71
960.264	3111.89
960.438	2239.45
960.611	2348
960.784	3021.78
960.957	2757.59
961.13	2960.34
961.303	2149.34
961.476	2765.78
961.649	3204.05
961.822	2354.14
961.995	2638.81
962.168	2782.17
962.341	3124.18
962.514	2350.04
962.686	2386.91
962.859	2989.01
963.032	2976.72
963.205	2532.31
963.378	2229.21
963.551	2712.53
963.723	2671.58
963.896	2796.5
964.069	2610.14
964.242	2927.57
964.414	3318.73
964.587	2532.31
964.76	2509.79
964.932	2796.5
965.105	2835.41
965.278	2337.76
965.45	2358.24
965.623	2890.71
965.795	2968.53
965.968	2364.38
966.14	2251.74
966.313	2681.82
966.485	2765.78
966.658	2270.17
966.83	2227.17
967.003	2841.56
967.175	2800.6
967.348	2313.18
967.52	2313.18
967.692	3122.13
967.865	3009.49
968.037	2167.77
968.209	2534.36
968.382	2843.6
968.554	2900.95
968.726	2159.58
968.898	2225.12
969.071	3079.12
969.243	2853.84
969.415	2348
969.587	2542.55
969.759	3021.78
969.932	2694.1
970.104	2356.19
970.276	1870.82
970.448	2567.13
970.62	2724.82
970.792	2640.86
970.964	2440.15
971.136	3128.27
971.308	2745.3
971.48	2071.52
971.652	2237.41
971.824	2933.72
971.996	2626.52
972.168	2245.6
972.339	2290.65
972.511	2730.97
972.683	2708.44
972.855	2571.22
973.027	2218.97
973.199	2892.76
973.37	2798.55
973.542	2560.98
973.714	2558.94
973.886	2395.1
974.057	2941.91
974.229	2141.15
974.401	2175.97
974.572	2458.59
974.744	2366.43
974.915	2141.15
975.087	2130.91
975.259	2896.85
975.43	2421.72
975.602	2112.48
975.773	2014.18
975.945	2345.95
976.116	2724.82
976.288	1965.03
976.459	2384.86
976.63	2261.98
976.802	2425.82
976.973	1930.21
977.145	2405.34
977.316	3036.11
977.487	2708.44
977.659	2296.8
977.83	2132.96
978.001	2743.25
978.172	2622.42
978.344	2135.01
978.515	2130.91
978.686	2362.33
978.857	2843.6
979.028	2046.94
979.2	1944.55
979.371	2757.59
979.542	2356.19
979.713	2139.1
979.884	1780.71
980.055	2339.8
980.226	2493.4
980.397	1952.74
980.568	1874.92
980.739	2522.07
980.91	2358.24
981.081	2272.22
981.252	2040.8
981.423	2335.71
981.594	2380.76
981.765	1854.44
981.936	2057.18
982.106	2370.52
982.277	2649.05
982.448	1893.35
982.619	2135.01
982.79	2028.51
982.96	2378.72
983.131	2079.71
983.302	1594.34
983.472	2208.73
983.643	2221.02
983.814	1911.78
983.984	1842.15
984.155	2165.73
984.326	2255.84
984.496	1981.41
984.667	1971.17
984.837	2026.47
985.008	2675.67
985.178	2350.04
985.349	1838.05
985.519	2102.24
985.69	2073.57
985.86	1891.3
986.031	1801.19
986.201	2190.3
986.371	2190.3
986.542	1645.54
986.712	1473.51
986.882	2294.75
987.053	2210.78
987.223	1616.87
987.393	2145.25
987.563	1969.12
987.734	2354.14
987.904	2337.76
988.074	1514.47
988.244	1881.06
988.414	2167.77
988.585	1616.87
988.755	1866.72
988.925	2046.94
989.095	2474.97
989.265	1483.75
989.435	1831.91
989.605	2251.74
989.775	2345.95
989.945	2092
990.115	1471.47
990.285	2053.09
990.455	1989.6
990.625	1772.52
990.795	1663.97
990.965	2337.76
991.134	1919.97
991.304	1422.31
991.474	1620.97
991.644	1952.74
991.814	2345.95
991.984	1309.68
992.153	1614.82
992.323	1719.27
992.493	2147.3
992.662	1397.74
992.832	1694.69
993.002	1868.77
993.171	2079.71
993.341	1229.81
993.511	1489.9
993.68	1850.34
993.85	2010.08
994.019	1221.61
994.189	1272.81
994.358	1805.28
994.528	1756.13
994.697	1090.54
994.867	1342.44
995.036	1979.36
995.206	1774.56
995.375	1291.24
995.544	1633.26
995.714	2210.78
995.883	1944.55
996.052	1663.97
996.222	998.38
996.391	2200.54
996.56	1860.58
996.73	1213.42
996.899	1117.17
997.068	2171.87
997.237	2034.66
997.406	1209.33
997.576	1068.02
997.745	2161.63
997.914	1618.92
998.083	1004.53
998.252	1190.89
998.421	1885.16
998.59	1586.15
998.759	1176.56
998.928	986.1
999.097	2092
999.266	1821.67
999.435	1582.06
999.604	953.33
999.773	2010.08
999.942	1674.21
1000.111	826.36
1000.28	1031.15
1000.448	1547.24
1000.617	1549.29
1000.786	1620.97
1000.955	951.28
1001.124	1885.16
1001.292	2243.55
1001.461	1164.27
1001.63	865.27
1001.798	1819.62
1001.967	1719.27
1002.136	955.38
1002.304	951.28
1002.473	1813.48
1002.642	1539.05
1002.81	1082.35
1002.979	986.1
1003.147	1833.96
1003.316	1991.65
1003.484	1012.72
1003.653	1055.73
1003.821	1450.99
1003.99	1371.12
1004.158	1346.54
1004.327	1172.46
1004.495	1459.18
1004.663	1584.1
1004.832	1289.2
1005	730.1
1005.168	1602.54
1005.337	1379.31
1005.505	736.24
1005.673	1303.53
1005.842	1793
1006.01	1358.83
1006.178	736.24
1006.346	971.76
1006.514	1405.93
1006.683	1893.35
1006.851	805.88
1007.019	1266.67
1007.187	1219.57
1007.355	918.51
1007.523	646.13
1007.691	744.44
1007.859	1313.77
1008.027	1981.41
1008.195	846.84
1008.363	658.42
1008.531	1352.68
1008.699	1487.85
1008.867	605.17
1009.035	756.72
1009.203	1915.87
1009.37	1465.32
1009.538	887.79
1009.706	1582.06
1009.874	1305.58
1010.042	1369.07
1010.209	533.5
1010.377	660.47
1010.545	1471.47
1010.713	1432.55
1010.88	662.52
1011.048	721.91
1011.216	1272.81
1011.383	1586.15
1011.551	769.01
1011.718	601.08
1011.886	1379.31
1012.054	1448.94
1012.221	580.6
1012.389	601.08
1012.556	1268.72
1012.724	1559.53
1012.891	848.88
1013.058	338.94
1013.226	1444.84
1013.393	1334.25
1013.561	402.43
1013.728	461.82
1013.895	1530.86
1014.063	1297.39
1014.23	396.28
1014.397	676.85
1014.565	1455.08
1014.732	1108.98
1014.899	523.26
1015.066	406.52
1015.233	1373.16
1015.401	1289.2
1015.568	760.82
1015.735	838.64
1015.902	1338.35
1016.069	1432.55
1016.236	560.12
1016.403	381.95
1016.57	994.29
1016.737	1692.65
1016.904	543.74
1017.071	447.48
1017.238	930.8
1017.405	1246.19
1017.572	680.95
1017.739	873.46
1017.906	1633.26
1018.073	1352.68
1018.24	437.24
1018.407	707.57
1018.573	1199.09
1018.74	1174.51
1018.907	596.98
1019.074	189.44
1019.241	1209.33
1019.407	1133.55
1019.574	361.47
1019.741	349.18
1019.907	1422.31
1020.074	1559.53
1020.241	138.24
1020.407	252.92
1020.574	895.99
1020.74	1072.11
1020.907	439.29
1021.073	373.75
1021.24	1772.52
1021.406	1207.28
1021.573	277.5
1021.739	334.84
1021.906	1285.1
1022.072	1014.77
1022.239	519.16
1022.405	367.61
1022.571	1031.15
1022.738	912.37
1022.904	396.28
1023.07	717.81
1023.237	1020.91
1023.403	1133.55
1023.569	459.77
1023.735	480.25
1023.902	1047.54
1024.068	1088.5
1024.234	220.16
1024.4	347.13
1024.566	898.03
1024.732	955.38
1024.898	383.99
1025.065	82.94
1025.231	938.99
1025.397	738.29
1025.563	455.67
1025.729	195.58
1025.895	474.1
1026.061	693.24
1026.227	95.23
1026.392	388.09
1026.558	982
1026.724	1137.65
1026.89	275.45
1027.056	486.39
1027.222	803.83
1027.388	990.19
1027.553	332.79
1027.719	238.59
1027.885	1338.35
1028.051	852.98
1028.216	35.84
1028.382	271.36
1028.548	957.43
1028.713	781.3
1028.879	74.75
1029.045	478.2
1029.21	1252.33
1029.376	1053.68
1029.541	250.88
1029.707	297.98
1029.873	1008.62
1030.038	955.38
1030.204	162.81
1030.369	146.43
1030.534	938.99
1030.7	658.42
1030.865	371.71
1031.031	152.57
1031.196	904.18
1031.361	695.29
1031.527	214.01
1031.692	136.19
1031.857	502.78
1032.023	936.95
1032.188	138.24
1032.353	138.24
1032.518	1045.49
1032.684	795.64
1032.849	-64.51
1033.014	224.25
1033.179	705.53
1033.344	822.26
1033.509	353.27
1033.674	166.91
1033.839	883.7
1034.004	877.55
1034.17	193.53
1034.335	50.18
1034.5	695.29
1034.664	576.5
1034.829	78.85
1034.994	383.99
1035.159	433.15
1035.324	869.36
1035.489	209.92
1035.654	191.49
1035.819	1461.23
1035.984	814.07
1036.148	310.27
1036.313	191.49
1036.478	973.81
1036.643	613.37
1036.807	111.61
1036.972	60.42
1037.137	1276.91
1037.301	656.37
1037.466	-87.04
1037.631	259.07
1037.795	887.79
1037.96	615.41
1038.124	410.62
1038.289	7.17
1038.454	740.34
1038.618	859.12
1038.783	275.45
1038.947	205.82
1039.111	484.34
1039.276	609.27
1039.44	23.55
1039.605	955.38
1039.769	572.41
1039.933	576.5
1040.098	185.34
1040.262	445.43
1040.426	809.97
1040.591	756.72
1040.755	-5.12
1040.919	95.23
1041.083	936.95
1041.248	572.41
1041.412	-121.85
1041.576	66.56
1041.74	594.93
1041.904	701.43
1042.068	-25.6
1042.232	232.44
1042.397	1074.16
1042.561	707.57
1042.725	-140.29
1042.889	158.72
1043.053	756.72
1043.217	551.93
1043.381	130.05
1043.544	-68.61
1043.708	781.3
1043.872	529.4
1044.036	-232.44
1044.2	-78.85
1044.364	979.95
1044.528	871.41
1044.691	8123.27
1044.855	-66.56
1045.019	721.91
1045.183	715.77
1045.346	68.61
1045.51	-152.57
1045.674	756.72
1045.837	619.51
1046.001	19.46
1046.165	-21.5
1046.328	1072.11
1046.492	572.41
1046.655	310.27
1046.819	80.89
1046.983	646.13
1047.146	392.19
1047.31	177.15
1047.473	-300.03
1047.636	494.58
1047.8	388.09
1047.963	150.53
1048.127	-162.81
1048.29	447.48
