345.52	-1324.35
345.736	-1324.35
345.952	-1324.35
346.168	-1322.31
346.384	-1357.12
346.6	-175.44
346.816	-308.56
347.032	-101.72
347.248	453.28
347.464	-318.8
347.68	-222.55
347.896	-38.23
348.112	389.8
348.328	-159.06
348.544	47.79
348.76	154.28
348.975	279.21
349.191	-363.86
349.407	-515.41
349.623	189.1
349.839	8.87
350.055	-234.83
350.27	-128.34
350.486	164.52
350.702	260.77
350.918	320.17
351.133	-140.63
351.349	182.95
351.565	529.06
351.781	-394.58
351.996	37.55
352.212	113.32
352.428	113.32
352.644	-335.18
352.859	-218.45
353.075	307.88
353.291	119.46
353.506	-238.93
353.722	-478.54
353.938	-54.61
354.153	371.36
354.369	240.29
354.584	-349.52
354.8	195.24
355.016	-42.32
355.231	-429.39
355.447	-71
355.662	375.46
355.878	750.24
356.093	-552.27
356.309	-81.24
356.524	-89.43
356.74	486.05
356.955	-460.11
357.171	-118.1
357.386	232.1
357.602	-21.85
357.817	-23.89
358.033	-275.79
358.248	291.49
358.464	201.38
358.679	-281.94
358.895	-509.26
359.11	-46.42
359.325	178.86
359.541	373.41
359.756	-81.24
359.972	-183.63
360.187	539.3
360.402	-324.94
360.618	-300.37
360.833	1587.86
361.048	111.27
361.264	-187.73
361.479	-17.75
361.694	107.18
361.909	164.52
362.125	-296.27
362.34	-191.83
362.555	223.91
362.77	174.76
362.986	-447.82
363.201	-240.98
363.416	225.96
363.631	39.59
363.847	-349.52
364.062	-300.37
364.277	187.05
364.492	-13.65
364.707	-165.2
364.922	-449.87
365.138	348.84
365.353	393.89
365.568	-453.97
365.783	-240.98
365.998	395.94
366.213	459.43
366.428	-406.86
366.643	150.18
366.858	297.64
367.073	258.73
367.288	-263.51
367.503	-300.37
367.718	29.35
367.933	447.14
368.148	-318.8
368.363	-140.63
368.578	219.82
368.793	498.34
369.008	-181.59
369.223	-458.06
369.438	268.97
369.653	158.38
369.868	-492.88
370.083	-417.1
370.298	217.77
370.513	602.79
370.728	146.09
370.943	-275.79
371.157	-1.37
371.372	703.14
371.587	-415.06
371.802	-423.25
372.017	80.55
372.232	430.76
372.446	-13.65
372.661	-273.75
372.876	154.28
373.091	264.87
373.306	-148.82
373.52	-460.11
373.735	15.02
373.95	621.22
374.165	-306.51
374.379	-230.74
374.594	21.16
374.809	516.77
375.023	129.7
375.238	-376.14
375.453	236.2
375.667	-89.43
375.882	-243.03
376.097	-300.37
376.311	21.16
376.526	271.01
376.741	-425.29
376.955	211.62
377.17	578.21
377.384	883.36
377.599	103.08
377.813	-470.35
378.028	895.64
378.242	244.39
378.457	-126.29
378.672	-470.35
378.886	-87.38
379.101	139.94
379.315	-513.36
379.53	-251.22
379.744	451.24
379.958	309.93
380.173	-331.09
380.387	-361.81
380.602	354.98
380.816	-38.23
381.031	-167.25
381.245	-308.56
381.459	299.69
381.674	3144.31
381.888	-496.97
382.103	236.2
382.317	-13.65
382.531	404.13
382.746	-91.48
382.96	-267.6
383.174	90.79
383.388	658.08
383.603	170.66
383.817	-431.44
384.031	76.46
384.246	447.14
384.46	-54.61
384.674	746.14
384.888	-5.46
385.103	416.42
385.317	-458.06
385.531	6.83
385.745	746.14
385.959	379.56
386.174	-345.42
386.388	-320.85
386.602	19.11
386.816	139.94
387.03	-216.4
387.244	-193.87
387.458	258.73
387.672	510.63
387.887	-486.73
388.101	-243.03
388.315	363.17
388.529	137.9
388.743	-222.55
388.957	-304.46
389.171	449.19
389.385	-54.61
389.599	-273.75
389.813	-25.94
390.027	88.75
390.241	778.91
390.455	-210.26
390.669	-99.67
390.883	111.27
391.097	699.04
391.311	187.05
391.525	-224.59
391.738	461.48
391.952	576.16
392.166	23.21
392.38	-396.62
392.594	412.32
392.808	359.08
393.022	-193.87
393.236	-185.68
393.449	170.66
393.663	619.17
393.877	-306.51
394.091	-95.57
394.305	80.55
394.518	-3.41
394.732	-279.89
394.946	-89.43
395.16	742.05
395.373	158.38
395.587	-359.76
395.801	-191.83
396.015	326.31
396.228	342.69
396.442	-290.13
396.656	-515.41
396.869	467.62
397.083	723.62
397.297	-40.28
397.51	-202.07
397.724	334.5
397.938	271.01
398.151	-449.87
398.365	-318.8
398.578	381.6
398.792	565.92
399.005	119.46
399.219	-206.16
399.433	287.4
399.646	467.62
399.86	144.04
400.073	180.9
400.287	289.45
400.5	299.69
400.714	78.51
400.927	-9.56
401.141	539.3
401.354	1763.98
401.567	639.65
401.781	-425.29
401.994	363.17
402.208	748.19
402.421	-81.24
402.635	-167.25
402.848	78.51
403.061	498.34
403.275	-66.9
403.488	-341.33
403.701	481.96
403.915	637.6
404.128	131.75
404.341	-128.34
404.555	742.05
404.768	96.94
404.981	244.39
405.195	-87.38
405.408	522.91
405.621	498.34
405.834	121.51
406.048	-277.84
406.261	557.73
406.474	518.82
406.687	-265.55
406.9	-19.8
407.114	287.4
407.327	475.81
407.54	-292.18
407.753	-355.66
407.966	98.99
408.179	291.49
408.392	-159.06
408.605	-326.99
408.819	285.35
409.032	506.53
409.245	-132.44
409.458	211.62
409.671	291.49
409.884	537.25
410.097	-304.46
410.31	133.8
410.523	639.65
410.736	199.34
410.949	-17.75
411.162	39.59
411.375	400.04
411.588	443.04
411.801	117.42
412.014	-116.05
412.227	101.03
412.44	289.45
412.653	-50.52
412.865	166.57
413.078	576.16
413.291	471.72
413.504	21.16
413.717	-245.07
413.93	541.35
414.143	76.46
414.356	80.55
414.568	-343.38
414.781	469.67
414.994	578.21
415.207	76.46
415.42	107.18
415.632	322.21
415.845	871.07
416.058	-236.88
416.271	-136.53
416.483	522.91
416.696	754.34
416.909	-93.52
417.121	-79.19
417.334	316.07
417.547	635.55
417.759	-142.68
417.972	-152.92
418.185	244.39
418.397	391.84
418.61	-52.56
418.823	-161.11
419.035	686.75
419.248	502.43
419.46	19.11
419.673	88.75
419.885	297.64
420.098	527.01
420.311	-52.56
420.523	-349.52
420.736	537.25
420.948	391.84
421.161	-30.04
421.373	-202.07
421.586	185
421.798	92.84
422.01	-249.17
422.223	289.45
422.435	240.29
422.648	684.7
422.86	-54.61
423.073	31.4
423.285	316.07
423.497	176.81
423.71	-60.76
423.922	-62.8
424.134	703.14
424.347	893.6
424.559	346.79
424.771	502.43
424.984	514.72
425.196	502.43
425.408	-157.01
425.621	-175.44
425.833	645.79
426.045	862.88
426.257	-183.63
426.47	135.85
426.682	287.4
426.894	412.32
427.106	-21.85
427.318	76.46
427.531	359.08
427.743	557.73
427.955	133.8
428.167	871.07
428.379	281.25
428.591	283.3
428.804	166.57
429.016	2.73
429.228	479.91
429.44	684.7
429.652	13605.34
429.864	-91.48
430.076	510.63
430.288	502.43
430.5	193.19
430.712	234.15
430.924	572.07
431.136	682.66
431.348	-89.43
431.56	-19.8
431.772	336.55
431.984	314.02
432.196	-118.1
432.408	12.97
432.62	463.52
432.832	780.96
433.044	441
433.256	299.69
433.468	713.38
433.679	174.76
433.891	-154.96
434.103	492.2
434.315	932.51
434.527	651.94
434.739	305.83
434.95	238.25
435.162	527.01
435.374	158.38
435.586	236.2
435.798	88.75
436.009	330.41
436.221	430.76
436.433	131.75
436.645	141.99
436.856	477.86
437.068	940.7
437.28	31.4
437.491	510.63
437.703	772.77
437.915	670.37
438.126	96.94
438.338	625.31
438.55	516.77
438.761	600.74
438.973	146.09
439.184	324.26
439.396	498.34
439.608	676.51
439.819	127.66
440.031	400.04
440.242	805.53
440.454	756.38
440.665	211.62
440.877	430.76
441.088	852.64
441.3	598.69
441.511	-11.61
441.723	264.87
441.934	991.9
442.146	725.66
442.357	387.75
442.569	883.36
442.78	875.17
442.991	1315.48
443.203	762.53
443.414	256.68
443.626	1069.72
443.837	543.39
444.048	230.06
444.26	2.73
444.471	809.63
444.682	641.7
444.894	160.42
445.105	178.86
445.316	998.04
445.528	897.69
445.739	412.32
445.95	334.5
446.161	649.89
446.373	932.51
446.584	383.65
446.795	252.58
447.006	965.28
447.217	1018.52
447.429	90.79
447.64	191.14
447.851	1677.97
448.062	969.37
448.273	10.92
448.484	162.47
448.695	912.03
448.907	928.41
449.118	402.08
449.329	711.33
449.54	586.4
449.751	688.8
449.962	248.49
450.173	244.39
450.384	858.78
450.595	1200.79
450.806	354.98
451.017	336.55
451.228	1090.2
451.439	985.76
451.65	567.97
451.861	-1.37
452.072	717.47
452.283	879.26
452.494	596.64
452.705	346.79
452.915	1342.1
453.126	856.73
453.337	637.6
453.548	400.04
453.759	1354.39
453.97	1297.05
454.181	1043.1
454.391	479.91
454.602	1014.43
454.813	1239.7
455.024	494.24
455.235	488.1
455.445	1155.74
455.656	967.32
455.867	692.9
456.078	492.2
456.288	783.01
456.499	1102.49
456.71	359.08
456.921	993.95
457.131	957.08
457.342	959.13
457.553	651.94
457.763	580.26
457.974	944.8
458.184	1137.31
458.395	453.28
458.606	283.3
458.816	1395.35
459.027	1378.97
459.237	664.22
459.448	404.13
459.659	1239.7
459.869	2009.74
460.08	391.84
460.29	742.05
460.501	1442.45
460.711	1067.67
460.922	457.38
461.132	590.5
461.343	1950.35
461.553	963.23
461.764	592.55
461.974	656.03
462.184	1374.87
462.395	1436.31
462.605	711.33
462.816	533.15
463.026	1352.34
463.236	1297.05
463.447	696.99
463.657	676.51
463.867	1397.4
464.078	1213.08
464.288	660.13
464.498	692.9
464.709	1251.99
464.919	1376.92
465.129	946.84
465.339	776.86
465.55	1295
465.76	1714.83
465.97	955.04
466.18	830.11
466.391	1614.48
466.601	1454.74
466.811	977.56
467.021	645.79
467.231	1657.49
467.441	1741.46
467.651	1039
467.862	565.92
468.072	1411.73
468.282	1487.51
468.492	809.63
468.702	998.04
468.912	1524.37
469.122	2286.22
469.332	1444.5
469.542	924.32
469.752	1983.12
469.962	1505.94
470.172	1014.43
470.382	983.71
470.592	1845.9
470.802	1800.85
471.012	1319.57
471.222	1133.21
471.432	1667.73
471.642	1841.81
471.852	1315.48
472.062	1041.05
472.272	1731.22
472.482	1591.95
472.691	1196.7
472.901	1112.73
473.111	1526.42
473.321	2228.87
473.531	1313.43
473.741	1499.8
473.95	1895.05
474.16	1952.4
474.37	1682.07
474.58	1350.29
474.79	2513.54
474.999	1956.49
475.209	1356.44
475.419	1530.52
475.628	2101.9
475.838	2495.11
476.048	1839.76
476.258	1272.47
476.467	2400.9
476.677	1997.45
476.886	2036.36
477.096	1704.59
477.306	2239.11
477.515	2437.77
477.725	1874.57
477.935	1925.77
478.144	2937.47
478.354	2251.4
478.563	1886.86
478.773	1716.88
478.982	2593.41
479.192	2474.63
479.401	1927.82
479.611	1829.52
479.82	2290.31
480.03	2427.53
480.239	1952.4
480.449	1772.18
480.658	2869.89
480.868	2577.03
481.077	2218.63
481.287	2056.84
481.496	2648.71
481.705	2935.42
481.915	2593.41
482.124	2394.76
482.333	2779.78
482.543	3340.92
482.752	2611.84
482.961	2161.29
483.171	2894.46
483.38	2581.12
483.589	2484.87
483.799	2314.89
484.008	2820.74
484.217	2775.68
484.426	2435.72
484.636	2204.3
484.845	3013.24
485.054	2671.23
485.263	3041.92
485.472	2570.88
485.682	3234.43
485.891	2982.53
486.1	2292.36
486.309	2493.06
486.518	3345.02
486.727	4033.13
486.936	2493.06
487.146	2851.46
487.355	3484.28
487.564	3181.18
487.773	2822.78
487.982	2828.93
488.191	3246.71
488.4	3644.02
488.609	2787.97
488.818	2810.5
489.027	3766.9
489.236	3895.92
489.445	2994.81
489.654	2757.25
489.863	3807.86
490.072	3418.74
490.281	3637.88
490.49	3103.36
490.698	3949.17
490.907	4186.73
491.116	3156.6
491.325	3144.31
491.534	3904.11
491.743	3549.81
491.952	3271.29
492.16	3244.67
492.369	4014.7
492.578	4176.49
492.787	3543.67
492.996	3105.4
493.204	3594.87
493.413	4199.02
493.622	3119.74
493.831	3074.68
494.039	4399.72
494.248	3795.57
494.457	3316.34
494.665	3158.65
494.874	4080.24
495.083	4653.67
495.291	3541.62
495.5	3445.37
495.709	4239.98
495.917	4229.74
496.126	3779.18
496.335	3455.61
496.543	4088.43
496.752	4113
496.96	3957.36
497.169	3523.19
497.377	4147.82
497.586	4465.25
497.794	4082.28
498.003	3445.37
498.211	4176.49
498.42	4524.65
498.628	3900.02
498.837	3736.18
499.045	4330.09
499.254	4389.48
499.462	4022.89
499.671	3859.06
499.879	5327.45
500.087	4561.51
500.296	3953.26
500.504	3861.1
500.713	4489.83
500.921	5026.4
501.129	3902.06
501.338	3871.34
501.546	4657.76
501.754	4483.69
501.962	4194.92
502.171	3801.71
502.379	4891.23
502.587	4657.76
502.795	4158.06
503.004	4000.37
503.212	4930.14
503.42	4878.94
503.628	4328.04
503.837	4194.92
504.045	4958.81
504.253	5417.56
504.461	4289.13
504.669	4131.44
504.877	5401.18
505.085	5057.12
505.294	4022.89
505.502	4547.17
505.71	5438.04
505.918	4856.42
506.126	4088.43
506.334	4301.42
506.542	5136.99
506.75	4971.1
506.958	4641.38
507.166	4502.12
507.374	4885.09
507.582	5358.17
507.79	4670.05
507.998	4461.16
508.206	5446.23
508.414	5390.94
508.622	4526.69
508.83	4604.52
509.037	5319.26
509.245	4885.09
509.453	4524.65
509.661	4373.1
509.869	5354.07
510.077	4993.63
510.285	4897.38
510.492	4274.79
510.7	5919.31
510.908	5065.31
511.116	4655.72
511.324	4491.88
511.531	5102.17
511.739	5442.14
511.947	4995.68
512.155	5071.45
512.362	5474.9
512.57	5145.18
512.778	4872.8
512.985	4385.38
513.193	5354.07
513.401	5589.59
513.608	4969.05
513.816	4844.13
514.024	5548.63
514.231	5540.44
514.439	4897.38
514.646	4946.53
514.854	5659.22
515.061	5532.25
515.269	5134.94
515.477	4883.04
515.684	5438.04
515.892	5849.68
516.099	4993.63
516.307	4848.22
516.514	5915.22
516.722	6238.8
516.929	5024.35
517.136	4909.66
517.344	5861.97
517.551	5835.35
517.759	4979.29
517.966	5159.52
518.173	5687.89
518.381	5931.6
518.588	5286.49
518.796	4987.49
519.003	5960.27
519.21	5913.17
519.418	5327.45
519.625	5812.82
519.832	5937.74
520.039	6058.57
520.247	5065.31
520.454	5419.61
520.661	5927.5
520.868	5931.6
521.076	5339.74
521.283	5509.72
521.49	6404.68
521.697	6040.14
521.904	5241.43
522.112	5384.79
522.319	6203.98
522.526	6199.88
522.733	5425.75
522.94	5329.5
523.147	6136.4
523.354	5882.45
523.561	5372.5
523.768	5739.09
523.975	6412.87
524.183	6142.54
524.39	5735
524.597	5319.26
524.804	6040.14
525.011	5984.85
525.218	5489.24
525.425	5657.17
525.632	6732.36
525.838	6173.26
526.045	5646.93
526.252	5978.7
526.459	7975.47
526.666	8112.69
526.873	5796.43
527.08	5769.81
527.287	6623.81
527.494	6564.42
527.701	5642.84
527.907	5685.84
528.114	6500.94
528.321	6392.39
528.528	5902.93
528.735	5902.93
528.941	6437.45
529.148	6394.44
529.355	6124.11
529.562	5794.39
529.768	7416.38
529.975	6556.23
530.182	5956.18
530.388	5904.98
530.595	6974.02
530.802	6242.89
531.008	6515.27
531.215	6177.36
531.422	7572.02
531.628	7475.77
531.835	6324.81
532.042	6302.28
532.248	6961.73
532.455	7025.22
532.661	6281.8
532.868	6171.21
533.074	7004.74
533.281	7279.16
533.487	6273.61
533.694	6236.75
533.9	6574.66
534.107	6761.03
534.313	6384.2
534.52	5980.75
534.726	6875.71
534.933	7623.22
535.139	6328.91
535.345	6203.98
535.552	7500.34
535.758	7363.13
535.965	6623.81
536.171	6527.56
536.377	7262.78
536.584	7660.09
536.79	6412.87
536.996	6707.78
537.203	7371.32
537.409	7465.53
537.615	6656.58
537.821	6779.46
538.028	7932.47
538.234	7068.22
538.44	6818.37
538.646	6853.19
538.853	7387.71
539.059	7148.09
539.265	7479.86
539.471	6472.26
539.677	7502.39
539.883	7301.69
540.09	8446.51
540.296	7486.01
540.502	7551.54
540.708	7420.47
540.914	7342.65
541.12	6931.01
541.326	7696.95
541.532	7672.37
541.738	7375.42
541.944	7043.65
542.15	7850.55
542.356	7465.53
542.562	7012.93
542.768	7283.26
542.974	7844.4
543.18	8004.14
543.386	7080.51
543.592	6949.44
543.798	8458.79
544.004	8071.73
544.21	6976.06
544.415	7273.02
544.621	7969.33
544.827	8290.86
545.033	7131.71
545.239	7725.62
545.445	7889.46
545.651	8172.08
545.856	7455.29
546.062	7299.64
546.268	7811.64
546.474	8104.49
546.679	7379.51
546.885	7629.37
547.091	7807.54
547.297	8170.03
547.502	7260.73
547.708	7170.62
547.914	7836.21
548.119	8325.68
548.325	7309.88
548.531	7092.8
548.736	8735.27
548.942	7846.45
549.147	7420.47
549.353	7862.83
549.559	8548.9
549.764	8303.15
549.97	7375.42
550.175	7397.95
550.381	8256.04
550.586	7928.37
550.792	7715.38
550.997	7504.44
551.203	8426.03
551.408	8415.79
551.614	7520.82
551.819	7664.18
552.025	8888.87
552.23	8452.65
552.435	7584.31
552.641	7901.75
552.846	8270.38
553.052	8659.49
553.257	7998
553.462	7858.74
553.668	8227.37
553.873	8720.93
554.078	7901.75
554.283	7821.88
554.489	8804.9
554.694	8565.29
554.899	7629.37
555.105	8256.04
555.31	8761.89
555.515	8804.9
555.72	8114.73
555.925	9304.6
556.131	8827.43
556.336	8759.84
556.541	7856.69
556.746	7934.51
556.951	8919.59
557.156	8698.41
557.361	8157.74
557.567	8219.18
557.772	9134.62
557.977	8993.31
558.182	7961.14
558.387	8065.58
558.592	8589.86
558.797	9275.93
559.002	8223.28
559.207	8235.56
559.412	9064.99
559.617	9064.99
559.822	8299.05
560.027	8155.69
560.232	8727.08
560.437	8942.11
560.642	7881.27
560.847	8135.21
561.051	8737.32
561.256	8925.73
561.461	8303.15
561.666	8131.12
561.871	8591.91
562.076	9161.25
562.281	8409.64
562.485	8325.68
562.69	9095.71
562.895	9052.7
563.1	8249.9
563.305	8198.7
563.509	9165.34
563.714	9501.21
563.919	8454.7
564.123	8262.19
564.328	8825.38
564.533	9452.06
564.737	8440.36
564.942	8411.69
565.147	9376.28
565.351	9417.24
565.556	8550.95
565.761	8770.08
565.965	9538.07
566.17	8991.27
566.374	8505.9
566.579	8442.41
566.784	9202.21
566.988	9079.33
567.193	8198.7
567.397	8720.93
567.602	9085.47
567.806	9206.3
568.011	8512.04
568.215	8692.26
568.42	9427.48
568.624	9255.45
568.828	8587.82
569.033	8935.97
569.237	9728.53
569.442	9660.95
569.646	8596.01
569.85	8835.62
570.055	9441.82
570.259	9663
570.463	9368.09
570.668	8931.87
570.872	9507.35
571.076	9488.92
571.281	9091.62
571.485	9099.81
571.689	9683.48
571.893	9685.53
572.098	9134.62
572.302	8901.15
572.506	9642.52
572.71	9480.73
572.914	8872.48
573.119	8872.48
573.323	9650.71
573.527	9628.18
573.731	8886.82
573.935	8765.99
574.139	9677.33
574.343	9355.8
574.547	9177.63
574.751	9337.37
574.955	9687.57
575.159	9982.48
575.364	9337.37
575.568	9079.33
575.772	9785.88
575.976	9832.98
576.18	9177.63
576.383	9085.47
576.587	10080.78
576.791	9916.95
576.995	8917.54
577.199	9017.89
577.403	9576.98
577.607	10000.91
577.811	9032.22
578.015	9509.4
578.219	9857.56
578.422	9974.29
578.626	9501.21
578.83	9523.74
579.034	10160.66
579.238	9996.82
579.442	9249.31
579.645	9959.95
579.849	10013.2
580.053	10189.33
580.257	9644.57
580.46	9749.01
580.664	10318.35
580.868	10293.77
581.071	9763.35
581.275	9816.6
581.479	9929.24
581.682	10357.26
581.886	9411.1
582.09	9546.26
582.293	10387.98
582.497	10539.53
582.7	10088.98
582.904	9533.98
583.107	10191.38
583.311	10244.62
583.515	9652.76
583.718	9845.27
583.922	10334.73
584.125	11123.2
584.329	9546.26
584.532	9693.72
584.735	10871.3
584.939	10312.21
585.142	9605.66
585.346	9570.84
585.549	10390.03
585.753	10306.06
585.956	9798.17
586.159	10207.76
586.363	10727.94
586.566	10572.3
586.769	9814.55
586.973	9560.6
587.176	10582.54
587.379	10453.52
587.582	10398.22
587.786	10420.75
587.989	10746.37
588.192	11747.83
588.395	9980.43
588.599	10473.99
588.802	10639.88
589.005	10652.17
589.208	10189.33
589.411	10174.99
589.615	10646.02
589.818	11201.02
590.021	10453.52
590.224	10330.64
590.427	11182.59
590.63	10869.25
590.833	9943.57
591.036	10002.96
591.239	10746.37
591.442	10578.44
591.645	10414.6
591.848	10191.38
592.051	10828.29
592.254	10926.6
592.457	10355.21
592.66	10379.79
592.863	10770.95
593.066	11344.38
593.269	10365.45
593.472	10449.42
593.675	10783.24
593.878	10832.39
594.081	10598.92
594.284	10205.71
594.486	11065.86
594.689	11119.1
594.892	10684.94
595.095	10678.79
595.298	11401.72
595.5	10766.85
595.703	10586.63
595.906	10752.52
596.109	11256.32
596.311	11227.65
596.514	10265.1
596.717	10803.72
596.92	11639.29
597.122	11473.4
597.325	10768.9
597.528	10615.3
597.73	11889.14
597.933	11538.94
598.136	10906.12
598.338	10304.01
598.541	12007.92
598.743	11426.3
598.946	10779.14
599.148	10760.71
599.351	11706.87
599.554	11538.94
599.756	10856.96
599.959	10881.54
600.161	11794.93
600.363	11715.06
600.566	11258.37
600.768	10740.23
600.971	11543.03
601.173	11444.73
601.376	10922.5
601.578	11117.06
601.78	11555.32
601.983	12022.26
602.185	10981.89
602.388	11368.96
602.59	11688.44
602.792	11670.01
602.995	11383.29
603.197	11004.42
603.399	11780.6
603.601	12073.46
603.804	10981.89
604.006	11198.98
604.208	11385.34
604.41	11172.35
604.613	11325.95
604.815	10942.98
605.017	12087.79
605.219	11487.74
605.421	11815.41
605.623	11151.87
605.826	11958.77
606.028	12392.94
606.23	11383.29
606.432	11078.15
606.634	11919.86
606.836	11948.53
607.038	10914.31
607.24	11205.12
607.442	11739.64
607.644	11676.15
607.846	11321.85
608.048	11170.3
608.25	11989.49
608.452	11633.15
608.654	11291.13
608.856	10934.79
609.058	11698.68
609.26	12155.38
609.462	11510.27
609.664	11307.52
609.866	11987.44
610.067	11745.78
610.269	11379.2
610.471	11430.4
610.673	11588.09
610.875	12012.02
611.077	11139.58
611.278	11309.57
611.48	11710.97
611.682	12108.27
611.884	11254.27
612.085	11379.2
612.287	12007.92
612.489	11811.32
612.69	11074.05
612.892	11440.64
613.094	12435.95
613.295	11766.26
613.497	11356.67
613.699	11368.96
613.9	12370.41
614.102	12012.02
614.304	11440.64
614.505	11080.19
614.707	11911.67
614.908	12042.74
615.11	11115.01
615.311	11457.02
615.513	12052.98
615.714	12036.59
615.916	11100.67
616.117	11776.5
616.319	12184.05
616.52	12245.49
616.722	11190.78
616.923	11557.37
617.124	12384.75
617.326	11899.38
617.527	11643.38
617.729	11760.12
617.93	12020.21
618.131	12034.55
618.333	11389.44
618.534	11375.1
618.735	12110.32
618.937	12440.04
619.138	11530.75
619.339	11274.75
619.54	12020.21
619.742	11889.14
619.943	11590.14
620.144	11696.63
620.345	12405.23
620.546	12065.27
620.748	11665.91
620.949	11733.5
621.15	12229.1
621.351	12179.95
621.552	11379.2
621.753	11307.52
621.954	12118.51
622.155	12765.67
622.356	11489.79
622.558	12110.32
622.759	12392.94
622.96	12872.17
623.161	11686.39
623.362	11655.67
623.563	12089.84
623.764	12085.75
623.965	11502.08
624.166	11794.93
624.366	11979.25
624.567	12235.25
624.768	11229.7
624.969	11627
625.17	12048.88
625.371	12347.89
625.572	11926
625.773	11428.35
625.973	11956.72
626.174	12450.28
626.375	11704.82
626.576	11811.32
626.777	12263.92
626.977	12657.13
627.178	11815.41
627.379	11741.69
627.58	12073.46
627.78	12132.85
627.981	11543.03
628.182	12044.79
628.382	12366.32
628.583	11901.43
628.784	11373.05
628.984	12065.27
629.185	12485.1
629.386	12585.45
629.586	12100.08
629.787	11710.97
629.987	12575.21
630.188	12782.06
630.388	11926
630.589	12112.37
630.79	12888.55
630.99	12194.29
631.191	12188.14
631.391	12024.31
631.591	12607.98
631.792	12683.75
631.992	12118.51
632.193	12145.14
632.393	12749.29
632.594	12413.42
632.794	11784.69
632.994	11997.68
633.195	12222.96
633.395	12206.58
633.595	11942.39
633.796	11930.1
633.996	12272.11
634.196	12519.92
634.397	11762.17
634.597	12116.47
634.797	12263.92
634.997	13060.58
635.198	12388.85
635.398	11942.39
635.598	12698.09
635.798	12583.4
635.998	12544.49
636.199	12020.21
636.399	12323.31
636.599	12409.33
636.799	12050.93
636.999	12341.74
637.199	12640.75
637.399	13062.63
637.599	11809.27
637.799	12130.8
637.999	12630.51
638.199	12839.4
638.399	12468.72
638.599	12147.19
638.799	12708.33
638.999	12878.31
639.199	12456.43
639.399	12392.94
639.599	12730.86
639.799	12409.33
639.999	12003.83
640.199	12024.31
640.399	12745.19
640.599	12818.92
640.799	12362.22
640.998	12575.21
641.198	12610.03
641.398	12743.14
641.598	12243.44
641.798	12251.63
641.997	14012.88
642.197	12806.63
642.397	12524.01
642.597	12210.67
642.796	12558.83
642.996	12700.14
643.196	12497.39
643.395	11997.68
643.595	12589.55
643.795	12491.24
643.994	12157.43
644.194	12728.81
644.394	13240.8
644.593	13212.13
644.793	12216.82
644.992	12331.5
645.192	13074.92
645.392	12585.45
645.591	12560.87
645.791	12427.76
645.99	13162.98
646.19	12837.35
646.389	12458.48
646.589	12421.61
646.788	13093.35
646.987	13027.81
647.187	13205.99
647.386	12868.07
647.586	13033.96
647.785	13337.06
647.984	12399.09
648.184	12927.46
648.383	12773.86
648.582	12962.28
648.782	12540.4
648.981	12923.37
649.18	12937.7
649.38	12970.47
649.579	12833.25
649.778	12390.89
649.977	13259.23
650.177	13199.84
650.376	12534.25
650.575	12538.35
650.774	13492.7
650.973	13099.49
651.173	12333.55
651.372	12581.35
651.571	12898.79
651.77	13461.98
651.969	12603.88
652.168	12814.82
652.367	12761.58
652.566	13187.55
652.765	12900.84
652.964	13265.38
653.163	13490.65
653.362	13113.83
653.561	12689.9
653.76	12810.73
653.959	13111.78
654.158	13414.88
654.357	13013.48
654.556	12581.35
654.755	13337.06
654.954	13306.34
655.153	12487.15
655.352	12777.96
655.551	13191.65
655.749	13040.1
655.948	12612.07
656.147	12755.43
656.346	13154.79
656.545	13214.18
656.743	12939.75
656.942	12958.18
657.141	12990.95
657.34	13160.93
657.538	12575.21
657.737	12968.42
657.936	13199.84
658.135	13081.06
658.333	12902.89
658.532	13447.65
658.731	13552.09
658.929	13345.25
659.128	13175.27
659.326	12638.7
659.525	13521.37
659.724	13384.16
659.922	12550.64
660.121	12446.19
660.319	13079.01
660.518	13124.07
660.716	12743.14
660.915	12710.38
661.113	13769.18
661.312	12863.97
661.51	12945.89
661.709	12751.34
661.907	13183.46
662.105	13443.55
662.304	12823.01
662.502	12999.14
662.701	13511.13
662.899	13158.88
663.097	13490.65
663.296	12818.92
663.494	13541.85
663.692	13746.65
663.891	12874.21
664.089	12562.92
664.287	13576.67
664.485	13504.99
664.684	12739.05
664.882	13001.19
665.08	13431.26
665.278	13507.04
665.476	12943.85
665.675	13390.3
665.873	13681.11
666.071	13744.6
666.269	13056.48
666.467	13455.84
666.665	13394.4
666.863	13316.58
667.061	13369.82
667.259	12947.94
667.457	13529.56
667.655	13593.05
667.853	12941.8
668.051	13234.66
668.249	13285.86
668.447	13591
668.645	12986.85
668.843	13447.65
669.041	13720.03
669.239	13162.98
669.437	13076.96
669.635	13181.41
669.833	13257.18
670.031	13384.16
670.229	12974.56
670.426	13326.82
670.624	13156.83
670.822	12974.56
671.02	12880.36
671.218	13283.81
671.415	13345.25
671.613	13478.36
671.811	13253.09
672.009	13152.74
672.206	13840.86
672.404	13312.48
672.602	13318.62
672.799	12972.52
672.997	13638.11
673.195	13392.35
673.392	13119.97
673.59	12876.26
673.788	13654.49
673.985	12880.36
674.183	12874.21
674.38	12978.66
674.578	13562.33
674.775	13179.36
674.973	12650.99
675.17	12585.45
675.368	13621.72
675.565	13543.9
675.763	13113.83
675.96	13074.92
676.158	13564.38
676.355	13574.62
676.553	12874.21
676.75	12890.6
676.947	13140.45
677.145	13304.29
677.342	12976.61
677.539	13101.54
677.737	13421.02
677.934	13699.55
678.131	12974.56
678.329	12804.58
678.526	13814.23
678.723	13595.1
678.92	12941.8
679.118	13003.24
679.315	12939.75
679.512	13478.36
679.709	12952.04
679.906	12923.37
680.104	13631.96
680.301	13347.29
680.498	12397.04
680.695	12868.07
680.892	13126.11
681.089	13150.69
681.286	12882.41
681.483	12532.2
681.68	13050.34
681.877	13400.54
682.075	12816.87
682.272	12954.08
682.469	12945.89
682.665	13148.64
682.862	12423.66
683.059	12712.42
683.256	12874.21
683.453	13208.03
683.65	12820.97
683.847	12745.19
684.044	12945.89
684.241	12884.45
684.438	12896.74
684.635	12519.92
684.831	13517.28
685.028	13808.09
685.225	12458.48
685.422	12978.66
685.619	13126.11
685.815	12829.16
686.012	12751.34
686.209	12737
686.405	12747.24
686.602	12949.99
686.799	12245.49
686.996	12421.61
687.192	12919.27
687.389	13601.24
687.586	12616.17
687.782	12562.92
687.979	13662.68
688.175	13019.62
688.372	12435.95
688.568	12784.1
688.765	12837.35
688.962	13285.86
689.158	12581.35
689.355	12349.93
689.551	12904.93
689.748	13156.83
689.944	12949.99
690.14	12675.56
690.337	13079.01
690.533	13111.78
690.73	12913.13
690.926	12712.42
691.123	12888.55
691.319	13126.11
691.515	12304.88
691.712	12683.75
691.908	12986.85
692.104	12952.04
692.301	12689.9
692.497	12425.71
692.693	13169.12
692.889	13052.39
693.086	12560.87
693.282	12417.52
693.478	12870.12
693.674	13255.14
693.87	12265.97
694.067	12370.41
694.263	12632.55
694.459	12724.71
694.655	12835.3
694.851	12698.09
695.047	12812.78
695.243	13058.53
695.439	12542.44
695.635	12433.9
695.831	12974.56
696.027	12509.68
696.224	12268.02
696.42	12724.71
696.615	13142.5
696.811	13017.57
697.007	12235.25
697.203	12446.19
697.399	12925.41
697.595	12993
697.791	12196.34
697.987	12519.92
698.183	12567.02
698.379	12573.16
698.575	12466.67
698.77	12149.23
698.966	13046.24
699.162	13023.72
699.358	12286.45
699.554	12478.96
699.749	13111.78
699.945	12974.56
700.141	12712.42
700.337	12366.32
700.532	12855.78
700.728	12421.61
700.924	12360.17
701.119	12030.45
701.315	12726.76
701.511	12401.13
701.706	12515.82
701.902	11913.72
702.097	12532.2
702.293	12771.82
702.489	12132.85
702.684	12231.15
702.88	13062.63
703.075	12466.67
703.271	12091.89
703.466	11917.81
703.662	12462.57
703.857	12646.89
704.053	12057.07
704.248	12323.31
704.443	12982.76
704.639	13076.96
704.834	12476.91
705.03	12349.93
705.225	12646.89
705.42	12825.06
705.616	12227.06
705.811	11930.1
706.006	12341.74
706.202	12462.57
706.397	12167.66
706.592	12028.4
706.787	12540.4
706.983	12227.06
707.178	12288.5
707.373	12292.59
707.568	12716.52
707.763	12612.07
707.959	11975.16
708.154	12040.69
708.349	12300.78
708.544	12831.21
708.739	12218.86
708.934	11786.74
709.129	12597.74
709.324	12802.54
709.519	12077.55
709.714	11870.71
709.909	12732.9
710.104	12544.49
710.299	11930.1
710.494	12343.79
710.689	12552.68
710.884	12634.6
711.079	12118.51
711.274	12167.66
711.469	12495.34
711.664	12569.07
711.859	12095.99
712.054	12014.07
712.249	12573.16
712.443	12265.97
712.638	11670.01
712.833	11692.54
713.028	12302.83
713.223	12214.77
713.417	12507.63
713.612	11993.59
713.807	12665.32
714.002	13447.65
714.196	12114.42
714.391	11839.99
714.586	12640.75
714.78	12483.05
714.975	11844.09
715.17	11504.12
715.364	12255.73
715.559	12759.53
715.754	11479.55
715.948	11600.38
716.143	12624.36
716.337	12214.77
716.532	12085.75
716.726	11627
716.921	12124.66
717.115	12450.28
717.31	11682.3
717.504	12732.9
717.699	11981.3
717.893	12292.59
718.088	11735.54
718.282	11506.17
718.476	12138.99
718.671	11973.11
718.865	11567.61
719.059	11801.08
719.254	11751.93
719.448	12663.27
719.642	14281.17
719.837	11440.64
720.031	14074.32
720.225	12286.45
720.419	11639.29
720.614	11463.16
720.808	11895.29
721.002	11893.24
721.196	11414.01
721.39	11340.29
721.585	12001.78
721.779	12497.39
721.973	11635.19
722.167	11252.22
722.361	11971.06
722.555	12095.99
722.749	11444.73
722.943	11727.35
723.137	11452.92
723.331	11842.04
723.525	11385.34
723.719	11407.87
723.913	12005.88
724.107	12280.3
724.301	11381.24
724.495	11469.31
724.689	12724.71
724.883	12007.92
725.077	11678.2
725.271	11715.06
725.465	11944.44
725.659	11719.16
725.853	11614.71
726.046	11217.41
726.24	11606.52
726.434	11792.89
726.628	11467.26
726.822	11330.05
727.015	12001.78
727.209	12280.3
727.403	11485.69
727.596	11080.19
727.79	11930.1
727.984	12157.43
728.177	11545.08
728.371	11260.41
728.565	11932.15
728.758	11555.32
728.952	11256.32
729.146	11162.11
729.339	12012.02
729.533	11753.98
729.726	11340.29
729.92	11323.9
730.113	11846.13
730.307	12102.13
730.5	11457.02
730.694	11479.55
730.887	11831.8
731.081	11852.28
731.274	11227.65
731.468	11233.79
731.661	11602.43
731.854	11551.23
732.048	11258.37
732.241	11065.86
732.435	11880.95
732.628	11653.62
732.821	11452.92
733.014	11342.33
733.208	11409.92
733.401	11659.77
733.594	11336.19
733.788	11268.61
733.981	11954.68
734.174	11727.35
734.367	11244.03
734.56	11627
734.754	12028.4
734.947	11743.74
735.14	10963.46
735.333	11366.91
735.526	12028.4
735.719	11717.11
735.912	11198.98
736.105	11137.54
736.298	11651.58
736.491	11772.41
736.684	11246.08
736.877	11229.7
737.07	12382.7
737.263	12274.16
737.456	11282.94
737.649	11266.56
737.842	11655.67
738.035	11801.08
738.228	11424.25
738.421	11397.63
738.614	12022.26
738.807	12098.03
739	11039.23
739.192	11196.93
739.385	11735.54
739.578	11756.02
739.771	11821.56
739.964	11319.81
740.156	12153.33
740.349	11860.47
740.542	11684.34
740.735	11035.14
740.927	11424.25
741.12	11405.82
741.313	10942.98
741.505	11491.84
741.698	11852.28
741.891	11874.81
742.083	11352.57
742.276	11250.17
742.468	11631.1
742.661	11565.56
742.854	11303.42
743.046	11237.89
743.239	11831.8
743.431	11876.85
743.624	10992.13
743.816	10914.31
744.009	11581.95
744.201	11629.05
744.393	11528.7
744.586	10766.85
744.778	11665.91
744.971	11737.59
745.163	11287.04
745.355	11467.26
745.548	11799.03
745.74	11964.92
745.932	11395.58
746.125	11024.9
746.317	12118.51
746.509	11774.45
746.702	10916.36
746.894	11196.93
747.086	11565.56
747.278	11780.6
747.471	11037.19
747.663	11115.01
747.855	11604.47
748.047	11874.81
748.239	10990.08
748.431	11016.71
748.623	12052.98
748.815	11811.32
749.008	11039.23
749.2	11057.67
749.392	11495.93
749.584	11997.68
749.776	11172.35
749.968	11352.57
750.16	11981.3
750.352	11407.87
750.544	11311.61
750.736	10977.8
750.928	11655.67
751.12	11397.63
751.311	11119.1
751.503	11041.28
751.695	11348.48
751.887	11565.56
752.079	10813.96
752.271	10719.75
752.463	11936.24
752.654	11297.28
752.846	10842.63
753.038	10926.6
753.23	11274.75
753.421	11489.79
753.613	10754.57
753.805	11213.31
753.997	11438.59
754.188	11751.93
754.38	10856.96
754.572	10699.27
754.763	11229.7
754.955	11350.53
755.146	11164.16
755.338	10652.17
755.53	11858.42
755.721	11422.2
755.913	10525.19
756.104	10748.42
756.296	11055.62
756.487	11540.99
756.679	10539.53
756.87	10539.53
757.062	11002.37
757.253	11266.56
757.445	10584.59
757.636	10897.92
757.827	11381.24
758.019	11966.96
758.21	10486.28
758.401	10512.91
758.593	11782.65
758.784	11571.71
758.975	10439.18
759.167	10383.88
759.358	11246.08
759.549	11520.51
759.74	10631.69
759.932	10709.51
760.123	11074.05
760.314	11305.47
760.505	10545.67
760.696	10541.58
760.888	11063.81
761.079	11151.87
761.27	10455.56
761.461	10111.5
761.652	11387.39
761.843	10949.12
762.034	10428.94
762.225	11241.98
762.416	10973.7
762.607	10865.16
762.798	10261.01
762.989	10347.02
763.18	12003.83
763.371	11028.99
763.562	10373.64
763.753	10377.74
763.944	10883.59
764.135	10899.97
764.326	10631.69
764.517	10201.61
764.708	10949.12
764.899	10861.06
765.089	10007.06
765.28	10193.42
765.471	10435.08
765.662	10971.65
765.853	10375.69
766.043	10144.27
766.234	10787.33
766.425	10924.55
766.615	10174.99
766.806	10107.41
766.997	10627.59
767.187	10781.19
767.378	10250.77
767.569	9982.48
767.759	10682.89
767.95	10414.6
768.141	10465.8
768.331	10144.27
768.522	10607.11
768.712	10928.64
768.903	10058.26
769.093	10074.64
769.284	10492.43
769.474	10492.43
769.665	9587.22
769.855	9495.07
770.046	10893.83
770.236	10363.4
770.426	10158.61
770.617	9798.17
770.807	10295.82
770.998	10586.63
771.188	10359.31
771.378	9896.47
771.569	10826.25
771.759	10289.68
771.949	9507.35
772.139	9458.2
772.33	10410.51
772.52	10158.61
772.71	9611.8
772.9	9550.36
773.09	10320.4
773.281	10893.83
773.471	9601.56
773.661	9667.1
773.851	10256.91
774.041	10318.35
774.231	9679.38
774.421	9982.48
774.611	10543.63
774.802	10330.64
774.992	9722.39
775.182	9464.35
775.372	10463.75
775.562	10258.96
775.752	9749.01
775.942	9595.42
776.131	10422.8
776.321	10091.02
776.511	9388.57
776.701	9574.94
776.891	10250.77
777.081	10099.22
777.271	9591.32
777.461	9544.22
777.651	10385.93
777.84	10177.04
778.03	9490.97
778.22	9595.42
778.41	10199.57
778.599	10023.44
778.789	9656.86
778.979	9296.41
779.169	9812.5
779.358	9660.95
779.548	9869.84
779.738	9136.67
779.927	9871.89
780.117	9595.42
780.307	9136.67
780.496	9042.46
780.686	9878.04
780.875	10580.49
781.065	9169.44
781.254	9179.68
781.444	9699.86
781.633	9681.43
781.823	9093.66
782.012	9415.19
782.202	9749.01
782.391	9802.26
782.581	9351.71
782.77	9724.44
782.96	10066.45
783.149	9320.99
783.338	9335.32
783.528	8671.78
783.717	9921.04
783.906	9984.53
784.096	9017.89
784.285	8884.77
784.474	9544.22
784.663	9515.55
784.853	8819.24
785.042	9157.15
785.231	9411.1
785.42	9361.95
785.61	9409.05
785.799	8821.28
785.988	9749.01
786.177	9341.47
786.366	8927.78
786.555	9329.18
786.744	9427.48
786.933	9370.14
787.122	8567.34
787.312	8665.64
787.501	9486.87
787.69	9628.18
787.879	9013.79
788.068	8800.8
788.257	9171.49
788.445	9419.29
788.634	8911.39
788.823	8708.65
789.012	9779.73
789.201	9771.54
789.39	8935.97
789.579	9034.27
789.768	9490.97
789.957	9443.87
790.145	8903.2
790.334	8702.5
790.523	9071.14
790.712	9271.84
790.9	8935.97
791.089	8661.54
791.278	9519.64
791.467	9513.5
791.655	9427.48
791.844	9718.29
792.033	9294.36
792.221	9042.46
792.41	8677.93
792.599	8489.51
792.787	9271.84
792.976	9521.69
793.164	8387.11
793.353	8630.82
793.541	9175.58
793.73	9540.12
793.918	8534.57
794.107	8555.05
794.295	9232.93
794.484	9011.75
794.672	8669.73
794.861	8499.75
795.049	9087.52
795.238	9474.59
795.426	8251.95
795.614	8501.8
795.803	9026.08
795.991	9318.94
796.179	8380.97
796.368	8307.24
796.556	9222.69
796.744	8686.12
796.932	8157.74
797.121	8079.92
797.309	8968.74
797.497	9196.06
797.685	8413.74
797.874	8407.59
798.062	9060.9
798.25	9335.32
798.438	8157.74
798.626	8380.97
798.814	9122.34
799.002	9194.01
799.19	8610.34
799.378	8555.05
799.566	8991.27
799.755	9153.05
799.943	8579.62
800.131	8655.4
800.318	9019.94
800.506	9169.44
800.694	8065.58
800.882	8571.43
801.07	9370.14
801.258	8954.4
801.446	8438.31
801.634	8669.73
801.822	9013.79
802.01	9075.23
802.197	8489.51
802.385	8671.78
802.573	8933.92
802.761	8993.31
802.949	8350.25
803.136	8118.83
803.324	9204.25
803.512	9009.7
803.699	8634.92
803.887	8292.91
804.075	9191.97
804.262	8954.4
804.45	8436.27
804.638	8809
804.825	8710.69
805.013	8940.07
805.201	8528.42
805.388	8309.29
805.576	9032.22
805.763	9132.58
805.951	8448.55
806.138	8522.28
806.326	9300.51
806.513	8845.86
806.701	8548.9
806.888	8436.27
807.075	9394.72
807.263	9400.86
807.45	8268.33
807.638	8557.1
807.825	9386.52
808.012	9370.14
808.2	8571.43
808.387	8903.2
808.574	9275.93
808.761	9529.88
808.949	8555.05
809.136	8624.68
809.323	8852
809.51	9177.63
809.698	8761.89
809.885	8866.34
810.072	9298.46
810.259	9398.81
810.446	8544.81
810.633	8469.03
810.82	9312.8
811.008	9568.79
811.195	8903.2
811.382	8348.2
811.569	9445.91
811.756	8739.37
811.943	8505.9
812.13	8458.79
812.317	9255.45
812.504	8757.8
812.691	8755.75
812.878	8684.07
813.064	9447.96
813.251	9181.73
813.438	8362.54
813.625	8706.6
813.812	9101.86
813.999	8892.96
814.186	8763.94
814.372	8538.66
814.559	9337.37
814.746	9572.89
814.933	8456.75
815.12	8661.54
815.306	9064.99
815.493	9013.79
815.68	8757.8
815.866	8528.42
816.053	9257.5
816.24	9454.11
816.426	8722.98
816.613	8505.9
816.799	9234.97
816.986	9708.05
817.173	8483.37
817.359	8534.57
817.546	9179.68
817.732	8727.08
817.919	8198.7
818.105	8776.23
818.292	9015.84
818.478	9118.24
818.665	8657.45
818.851	8395.31
819.037	9861.65
819.224	9036.32
819.41	8219.18
819.597	8335.92
819.783	9802.26
819.969	9175.58
820.156	8428.07
820.342	8340.01
820.528	10582.54
820.714	8878.63
820.901	8768.04
821.087	8522.28
821.273	9234.97
821.459	9083.42
821.646	8309.29
821.832	8075.82
822.018	9081.38
822.204	8940.07
822.39	8354.35
822.576	8294.96
822.762	8739.37
822.948	9183.77
823.134	8698.41
823.32	8120.88
823.507	8698.41
823.693	9050.66
823.879	8958.5
824.065	8172.08
824.25	8874.53
824.436	8714.79
824.622	8448.55
824.808	8342.06
824.994	8796.71
825.18	8747.56
825.366	8213.04
825.552	8200.75
825.738	8987.17
825.923	9132.58
826.109	8708.65
826.295	8151.6
826.481	8864.29
826.667	8886.82
826.852	8579.62
827.038	8325.68
827.224	9310.75
827.409	9083.42
827.595	8045.1
827.781	8514.09
827.966	9212.45
828.152	8993.31
828.338	8329.77
828.523	7889.46
828.709	8780.32
828.894	8821.28
829.08	8038.96
829.266	8038.96
829.451	8739.37
829.637	8897.06
829.822	8354.35
830.008	8127.02
830.193	9046.56
830.378	9067.04
830.564	8084.02
830.749	8051.25
830.935	8567.34
831.12	8362.54
831.305	7825.97
831.491	7809.59
831.676	8276.52
831.861	8698.41
832.047	8041.01
832.232	7604.79
832.417	8684.07
832.602	8608.3
832.788	7799.35
832.973	7871.03
833.158	8391.21
833.343	8208.94
833.528	8225.33
833.714	8210.99
833.899	8178.22
834.084	8938.02
834.269	8065.58
834.454	7637.56
834.639	8532.52
834.824	8401.45
835.009	8137.26
835.194	8294.96
835.379	8847.91
835.564	8780.32
835.749	8180.27
835.934	7664.18
836.119	8514.09
836.304	8440.36
836.489	7834.16
836.674	8305.2
836.859	8235.56
837.044	8530.47
837.228	7715.38
837.413	7600.69
837.598	8452.65
837.783	8503.85
837.968	7930.42
838.152	7643.7
838.337	7707.19
838.522	8657.45
838.707	8520.23
838.891	8106.54
839.076	8348.2
839.261	8231.47
839.445	7789.11
839.63	8004.14
839.815	8759.84
839.999	8032.82
840.184	7563.83
840.368	7637.56
840.553	8290.86
840.737	8165.93
840.922	7371.32
841.106	7404.09
841.291	7903.79
841.475	8143.41
841.66	7348.79
841.844	7281.21
842.029	8667.69
842.213	7684.66
842.397	7606.84
842.582	7193.15
842.766	8346.16
842.951	8006.19
843.135	7428.67
843.319	7584.31
843.504	8104.49
843.688	8593.96
843.872	7109.18
844.056	7090.75
844.241	8006.19
844.425	7975.47
844.609	7680.57
844.793	7184.96
844.977	7885.36
845.161	7844.4
845.346	6935.1
845.53	7070.27
845.714	7807.54
845.898	8055.34
846.082	6701.64
846.266	7174.72
846.45	7539.26
846.634	7862.83
846.818	7019.07
847.002	7397.95
847.186	7844.4
847.37	7285.31
847.554	6906.43
847.738	7320.12
847.922	7764.53
848.106	7752.24
848.29	6949.44
848.473	6916.67
848.657	7928.37
848.841	7504.44
849.025	7076.41
849.209	6869.57
849.392	7709.24
849.576	7541.3
849.76	6779.46
849.944	6957.63
850.127	8059.44
850.311	7383.61
850.495	6951.49
850.678	6941.25
850.862	7772.72
851.046	7825.97
851.229	7295.55
851.413	6916.67
851.596	7871.03
851.78	7504.44
851.964	7107.13
852.147	7117.37
852.331	8280.62
852.514	8014.38
852.698	6943.3
852.881	6654.53
853.065	7359.03
853.248	7313.98
853.431	6947.39
853.615	6857.28
853.798	8342.06
853.982	7686.71
854.165	7324.22
854.348	6787.65
854.532	7277.12
854.715	7320.12
854.898	6982.21
855.081	6818.37
855.265	7967.28
855.448	8016.43
855.631	6564.42
855.814	6763.08
855.997	7291.45
856.181	7461.43
856.364	6951.49
856.547	6548.04
856.73	7553.59
856.913	7430.71
857.096	6550.09
857.279	6873.67
857.462	7187
857.645	7318.07
857.828	6822.47
858.011	6920.77
858.194	7209.53
858.377	7023.17
858.56	6441.54
858.743	6654.53
858.926	7164.48
859.109	7100.99
859.292	6400.58
859.475	6437.45
859.658	7232.06
859.841	7080.51
860.023	6349.39
860.206	6361.67
860.389	7014.98
860.572	7037.5
860.755	6498.89
860.937	6521.42
861.12	6830.66
861.303	7156.29
861.486	6652.49
861.668	6275.66
861.851	6703.68
862.034	7127.61
862.216	6715.97
862.399	6077.01
862.581	7033.41
862.764	7006.78
862.947	6525.51
863.129	6220.36
863.312	6828.61
863.494	7236.16
863.677	6933.06
863.859	6152.78
864.042	6916.67
864.224	6965.82
864.406	6642.25
864.589	5937.74
864.771	6679.11
864.954	6640.2
865.136	6011.47
865.318	5902.93
865.501	7203.39
865.683	6347.34
865.865	6253.13
866.048	6040.14
866.23	7041.6
866.412	6773.32
866.594	6138.44
866.777	6261.32
866.959	6736.45
867.141	6736.45
867.323	6582.85
867.505	6347.34
867.687	6580.81
867.869	6787.65
868.052	6019.66
868.234	6087.25
868.416	6758.98
868.598	6861.38
868.78	6077.01
868.962	6042.19
869.144	6847.04
869.326	6697.54
869.508	6132.3
869.69	5900.88
869.872	6300.23
870.054	7170.62
870.236	5685.84
870.417	5950.03
870.599	6560.33
870.781	7031.36
870.963	6191.69
871.145	5882.45
871.327	6310.47
871.508	6797.89
871.69	6113.87
871.872	6175.31
872.054	6433.35
872.235	6464.07
872.417	6027.85
872.599	5880.4
872.78	7144
872.962	6437.45
873.144	5702.23
873.325	5812.82
873.507	6730.31
873.689	6529.61
873.87	5716.56
874.052	6208.08
874.233	6457.93
874.415	7168.57
874.596	5962.32
874.778	5780.05
874.959	6541.89
875.141	6801.99
875.322	5857.87
875.503	5700.18
875.685	6564.42
875.866	6113.87
876.048	5827.15
876.229	5755.47
876.41	6263.37
876.592	6578.76
876.773	5962.32
876.954	5626.45
877.136	6627.91
877.317	6586.95
877.498	5804.63
877.679	6187.6
877.86	6494.79
878.042	6525.51
878.223	5958.22
878.404	6511.18
878.585	6672.96
878.766	8245.8
878.947	6294.09
879.128	6376.01
879.309	6873.67
879.49	6898.24
879.672	6230.6
879.853	6150.73
880.034	6496.84
880.215	6754.88
880.396	6146.64
880.576	5984.85
880.757	6484.55
880.938	7187
881.119	6111.82
881.3	6246.99
881.481	6513.22
881.662	7723.57
881.843	5974.61
882.023	6011.47
882.204	7074.37
882.385	6677.06
882.566	6201.93
882.747	6111.82
882.927	6693.44
883.108	6726.21
883.289	5780.05
883.469	6308.43
883.65	6672.96
883.831	6826.56
884.011	6478.41
884.192	6128.21
884.373	6963.78
884.553	6785.6
884.734	6490.7
884.914	7062.08
885.095	8112.69
885.275	7039.55
885.456	6640.2
885.636	6212.17
885.817	6785.6
885.997	7017.02
886.178	6105.68
886.358	6414.92
886.538	6812.23
886.719	8571.43
886.899	6156.88
887.08	6316.62
887.26	6928.96
887.44	6558.28
887.621	6214.22
887.801	6453.83
887.981	7252.54
888.161	7127.61
888.342	6320.71
888.522	6427.21
888.702	7119.42
888.882	7150.14
889.062	6390.35
889.242	6191.69
889.423	7057.98
889.603	7082.56
889.783	6492.74
889.963	6410.82
890.143	7193.15
890.323	7121.47
890.503	6353.48
890.683	6533.7
890.863	6947.39
891.043	6888
891.223	6517.32
891.403	6732.36
891.583	6992.45
891.763	7047.74
891.943	6578.76
892.122	6885.95
892.302	6933.06
892.482	7027.26
892.662	6527.56
892.842	6486.6
893.022	6959.68
893.201	6787.65
893.381	6433.35
893.561	6429.26
893.741	7107.13
893.92	6697.54
894.1	6560.33
894.28	6580.81
894.459	7002.69
894.639	6941.25
894.819	6298.19
894.998	6382.15
895.178	7211.58
895.357	6842.95
895.537	6134.35
895.716	6181.45
895.896	6775.36
896.075	7377.47
896.255	6396.49
896.434	6031.95
896.614	7350.84
896.793	6951.49
896.973	6515.27
897.152	6568.52
897.331	6666.82
897.511	6650.44
897.69	5804.63
897.87	6163.02
898.049	6822.47
898.228	6584.9
898.407	6435.4
898.587	6449.74
898.766	6519.37
898.945	6707.78
899.124	6468.17
899.304	6275.66
899.483	6863.43
899.662	7055.93
899.841	6074.96
900.02	6271.56
900.199	6724.16
900.378	6619.72
900.557	6117.97
900.737	5952.08
900.916	6378.06
901.095	6529.61
901.274	6269.51
901.453	5892.69
901.632	6156.88
901.811	6234.7
901.989	5765.71
902.168	5835.35
902.347	6388.3
902.526	6107.73
902.705	5702.23
902.884	5837.39
903.063	6734.4
903.242	6468.17
903.42	5532.25
903.599	5741.14
903.778	6333
903.957	6556.23
904.135	5968.46
904.314	5577.3
904.493	6134.35
904.672	5925.46
904.85	5810.77
905.029	5511.77
905.207	5864.02
905.386	6515.27
905.565	5302.87
905.743	5337.69
905.922	6007.37
906.1	6122.06
906.279	5182.04
906.457	5358.17
906.636	5802.58
906.814	5778
906.993	5034.59
907.171	4917.86
907.35	5624.4
907.528	6099.53
907.707	5524.05
907.885	4960.86
908.063	5845.59
908.242	5374.55
908.42	5116.51
908.598	4885.09
908.777	5667.41
908.955	5696.08
909.133	5368.41
909.311	4876.9
909.49	5483.09
909.668	5397.08
909.846	5100.12
910.024	4889.18
910.202	5468.76
910.38	5712.47
910.559	4809.31
910.737	5243.48
910.915	5585.49
911.093	5718.61
911.271	5229.15
911.449	5476.95
911.627	5687.89
911.805	6402.63
911.983	5227.1
912.161	5028.45
912.339	5569.11
912.517	6074.96
912.695	5503.57
912.872	5337.69
913.05	5913.17
913.228	5935.7
913.406	5218.91
913.584	5206.62
913.762	5872.21
913.939	5798.48
914.117	5130.84
914.295	5149.28
914.473	5454.42
914.65	5999.18
914.828	5270.11
915.006	5220.95
915.184	5608.02
915.361	5993.04
915.539	5548.63
915.716	5456.47
915.894	5767.76
916.072	5919.31
916.249	5780.05
916.427	5411.42
916.604	5460.57
916.782	6052.43
916.959	4942.43
917.137	5159.52
917.314	5526.1
917.492	5659.22
917.669	5380.7
917.847	5220.95
918.024	5458.52
918.201	5315.16
918.379	5104.22
918.556	5136.99
918.733	5618.26
918.911	5386.84
919.088	5349.98
919.265	4995.68
919.442	5673.56
919.62	5735
919.797	5116.51
919.974	4782.69
920.151	5712.47
920.328	5403.22
920.506	4751.97
920.683	5612.12
920.86	5239.39
921.037	5114.46
921.214	5048.93
921.391	4883.04
921.568	5448.28
921.745	5171.8
921.922	4969.05
922.099	4905.57
922.276	5270.11
922.453	5403.22
922.63	4801.12
922.807	5104.22
922.984	5534.29
923.161	5014.11
923.338	4919.9
923.514	4813.41
923.691	5433.94
923.868	5444.18
924.045	4870.75
924.222	4549.22
924.399	5204.57
924.575	5370.46
924.752	4835.94
924.929	5001.82
925.105	5081.69
925.282	5104.22
925.459	4745.83
925.635	4883.04
925.812	5378.65
925.989	5020.25
926.165	4876.9
926.342	4553.32
926.518	5093.98
926.695	4967.01
926.871	4457.06
927.048	4541.03
927.224	5290.59
927.401	4663.91
927.577	4727.39
927.754	4211.31
927.93	5089.89
928.107	5079.65
928.283	4328.04
928.459	4635.24
928.636	5139.04
928.812	4840.03
928.988	4203.11
929.165	4057.71
929.341	4758.11
929.517	4760.16
929.693	4878.94
929.87	4078.19
930.046	5122.65
930.222	4520.55
930.398	4139.63
930.574	4434.53
930.751	4711.01
930.927	4561.51
931.103	4217.45
931.279	4373.1
931.455	4647.52
931.631	4702.82
931.807	4033.13
931.983	3820.14
932.159	4303.47
932.335	4592.23
932.511	3967.6
932.687	4014.7
932.863	4211.31
933.039	4452.97
933.215	3783.28
933.391	3707.51
933.566	4323.94
933.742	4149.87
933.918	3814
934.094	3576.44
934.27	4201.07
934.445	4156.01
934.621	3947.12
934.797	3635.83
934.973	4108.91
935.148	3981.93
935.324	3484.28
935.5	3207.8
935.675	4221.55
935.851	3875.44
936.027	3609.2
936.202	3519.09
936.378	3986.03
936.553	3641.97
936.729	4067.95
936.904	3246.71
937.08	3347.06
937.255	3439.22
937.431	3168.89
937.606	3025.53
937.782	3390.07
937.957	3725.94
938.133	2945.66
938.308	2777.73
938.483	3140.22
938.659	2976.38
938.834	3046.01
939.009	2519.68
939.185	3058.3
939.36	2804.35
939.535	2290.31
939.71	2728.58
939.886	3230.33
940.061	2914.94
940.236	3000.96
940.411	2542.21
940.586	2988.67
940.761	3013.24
940.937	2523.78
941.112	2388.61
941.287	2716.29
941.462	2529.92
941.637	2077.32
941.812	2435.72
941.987	2679.43
942.162	2538.12
942.337	2405
942.512	2165.39
942.687	2951.81
942.862	2828.93
943.037	1936.01
943.212	1909.39
943.386	2374.28
943.561	2437.77
943.736	2468.48
943.911	2681.47
944.086	2855.55
944.26	2599.55
944.435	2077.32
944.61	2488.96
944.785	2640.51
944.959	3160.7
945.134	2239.11
945.309	2095.75
945.483	2321.03
945.658	2763.39
945.833	1847.95
946.007	2054.8
946.182	2884.22
946.357	2445.96
946.531	2171.53
946.706	2222.73
946.88	2321.03
947.055	2730.62
947.229	2308.74
947.404	2073.23
947.578	2654.85
947.752	2540.16
947.927	2114.19
948.101	2093.71
948.276	3029.63
948.45	2714.24
948.624	2585.22
948.799	2132.62
948.973	2697.86
949.147	2400.9
949.321	2296.46
949.496	2214.54
949.67	2996.86
949.844	2507.4
950.018	2364.04
950.193	2159.24
950.367	3209.85
950.541	2548.36
950.715	2304.65
950.889	2435.72
951.063	2716.29
951.237	2798.21
951.411	2153.1
951.585	2093.71
951.759	2855.55
951.933	2767.49
952.107	2151.05
952.281	2456.2
952.455	2994.81
952.629	2826.88
952.803	2308.74
952.977	2364.04
953.151	2851.46
953.325	2603.65
953.499	2468.48
953.672	2052.75
953.846	2761.34
954.02	2767.49
954.194	2288.26
954.368	2257.54
954.541	2982.53
954.715	3029.63
954.889	2493.06
955.062	2247.3
955.236	2601.6
955.41	2769.54
955.583	2509.44
955.757	2273.93
955.93	2880.13
956.104	2540.16
956.278	2456.2
956.451	2388.61
956.625	2994.81
956.798	3177.08
956.972	2910.85
957.145	2357.89
957.319	3213.95
957.492	2865.79
957.665	2736.77
957.839	2212.49
958.012	2787.97
958.185	2724.48
958.359	2566.79
958.532	2644.61
958.705	2796.16
958.879	2736.77
959.052	2613.89
959.225	2200.2
959.398	2923.13
959.572	2804.35
959.745	2325.13
959.918	2574.98
960.091	2978.43
960.264	3089.02
960.438	2261.64
960.611	2312.84
960.784	3291.77
960.957	2828.93
961.13	3041.92
961.303	2419.33
961.476	2949.76
961.649	3250.81
961.822	2402.95
961.995	2546.31
962.168	2876.03
962.341	3281.53
962.514	2484.87
962.686	2495.11
962.859	2792.06
963.032	3029.63
963.205	2556.55
963.378	2167.43
963.551	2898.56
963.723	2607.75
963.896	2683.52
964.069	2675.33
964.242	2833.02
964.414	3297.91
964.587	2511.49
964.76	2546.31
964.932	2828.93
965.105	2755.2
965.278	2538.12
965.45	2341.51
965.623	3050.11
965.795	2962.05
965.968	2357.89
966.14	2296.46
966.313	2783.87
966.485	2863.74
966.658	2538.12
966.83	2298.5
967.003	2968.19
967.175	2998.91
967.348	2275.98
967.52	2615.94
967.692	3308.15
967.865	3123.83
968.037	2466.44
968.209	2583.17
968.382	2704
968.554	2972.29
968.726	2534.02
968.898	2165.39
969.071	3058.3
969.243	2810.5
969.415	2341.51
969.587	2652.8
969.759	3011.2
969.932	2769.54
970.104	2456.2
970.276	2095.75
970.448	2706.05
970.62	2673.28
970.792	2577.03
970.964	2511.49
971.136	3175.03
971.308	2779.78
971.48	2146.95
971.652	2337.41
971.824	3005.05
971.996	2562.69
972.168	2355.85
972.339	2370.18
972.511	2751.1
972.683	2732.67
972.855	2536.07
973.027	2077.32
973.199	2931.33
973.37	2775.68
973.542	2417.29
973.714	2617.99
973.886	2429.57
974.057	2902.65
974.229	2224.78
974.401	2243.21
974.572	2513.54
974.744	2431.62
974.915	2130.57
975.087	2167.43
975.259	2947.71
975.43	2491.01
975.602	2214.54
975.773	2249.35
975.945	2462.34
976.116	2779.78
976.288	2140.81
976.459	2525.83
976.63	2413.19
976.802	2476.68
976.973	1981.07
977.145	2314.89
977.316	3175.03
977.487	2839.17
977.659	2323.08
977.83	2306.7
978.001	2921.09
978.172	2632.32
978.344	2069.13
978.515	2192.01
978.686	2525.83
978.857	2947.71
979.028	2048.65
979.2	1946.25
979.371	2800.26
979.542	2374.28
979.713	2093.71
979.884	1739.41
980.055	2476.68
980.226	2323.08
980.397	2056.84
980.568	1895.05
980.739	2634.37
980.91	2353.8
981.081	2302.6
981.252	2071.18
981.423	2443.91
981.594	2405
981.765	1968.78
981.936	2126.47
982.106	2392.71
982.277	2689.67
982.448	2071.18
982.619	2339.46
982.79	2130.57
982.96	2472.58
983.131	2220.68
983.302	1698.45
983.472	2273.93
983.643	2468.48
983.814	2071.18
983.984	1903.25
984.155	2353.8
984.326	2349.7
984.496	2056.84
984.667	2091.66
984.837	1983.12
985.008	2736.77
985.178	2521.73
985.349	1976.97
985.519	2372.23
985.69	2173.58
985.86	1852.05
986.031	1817.23
986.201	2290.31
986.371	2298.5
986.542	1634.96
986.712	1680.02
986.882	2249.35
987.053	2196.11
987.223	1600.15
987.393	2114.19
987.563	2151.05
987.734	2318.98
987.904	2380.42
988.074	1684.11
988.244	2015.88
988.414	1864.33
988.585	1626.77
988.755	1845.9
988.925	2065.04
989.095	2468.48
989.265	1542.8
989.435	1858.19
989.605	2189.96
989.775	2394.76
989.945	2056.84
990.115	1510.04
990.285	2015.88
990.455	2058.89
990.625	1827.47
990.795	1460.88
990.965	2427.53
991.134	1804.94
991.304	1460.88
991.474	1544.85
991.644	2095.75
991.814	2271.88
991.984	1383.06
992.153	1559.19
992.323	1850
992.493	2093.71
992.662	1397.4
992.832	1778.32
993.002	1718.93
993.171	2124.43
993.341	1295
993.511	1518.23
993.68	1821.33
993.85	2024.08
994.019	1342.1
994.189	1395.35
994.358	2022.03
994.528	1821.33
994.697	1129.11
994.867	1335.96
995.036	2013.84
995.206	1741.46
995.375	1198.74
995.544	1632.91
995.714	2226.82
995.883	2015.88
996.052	1804.94
996.222	1028.76
996.391	2232.97
996.56	1925.77
996.73	1202.84
996.899	1086.11
997.068	2175.63
997.237	2030.22
997.406	1217.18
997.576	1104.54
997.745	2214.54
997.914	1741.46
998.083	887.45
998.252	1307.29
998.421	1983.12
998.59	1602.19
998.759	1229.46
998.928	1092.25
999.097	1946.25
999.266	1763.98
999.435	1471.12
999.604	969.37
999.773	2011.79
999.942	1702.54
1000.111	887.45
1000.28	993.95
1000.448	1587.86
1000.617	1471.12
1000.786	1444.5
1000.955	989.85
1001.124	1815.18
1001.292	2235.02
1001.461	1200.79
1001.63	1010.33
1001.798	1784.46
1001.967	1796.75
1002.136	981.66
1002.304	934.56
1002.473	1938.06
1002.642	1495.7
1002.81	1088.15
1002.979	1141.4
1003.147	1929.87
1003.316	1890.96
1003.484	1010.33
1003.653	1108.63
1003.821	1632.91
1003.99	1446.55
1004.158	1354.39
1004.327	1211.03
1004.495	1712.78
1004.663	1548.95
1004.832	1196.7
1005	783.01
1005.168	1561.23
1005.337	1307.29
1005.505	674.46
1005.673	1295
1005.842	1731.22
1006.01	1399.45
1006.178	828.06
1006.346	922.27
1006.514	1407.64
1006.683	1870.48
1006.851	957.08
1007.019	1227.42
1007.187	1374.87
1007.355	1039
1007.523	731.81
1007.691	658.08
1007.859	1145.5
1008.027	2038.41
1008.195	815.77
1008.363	686.75
1008.531	1352.34
1008.699	1428.12
1008.867	621.22
1009.035	778.91
1009.203	1854.09
1009.37	1376.92
1009.538	858.78
1009.706	1774.22
1009.874	1417.88
1010.042	1354.39
1010.209	692.9
1010.377	604.83
1010.545	1415.83
1010.713	1290.9
1010.88	860.83
1011.048	858.78
1011.216	1227.42
1011.383	1596.05
1011.551	887.45
1011.718	635.55
1011.886	1381.01
1012.054	1444.5
1012.221	658.08
1012.389	606.88
1012.556	1385.11
1012.724	1628.82
1012.891	856.73
1013.058	436.9
1013.226	1362.58
1013.393	1442.45
1013.561	486.05
1013.728	348.84
1013.895	1589.91
1014.063	1340.05
1014.23	441
1014.397	645.79
1014.565	1415.83
1014.732	1163.93
1014.899	531.11
1015.066	475.81
1015.233	1383.06
1015.401	1389.21
1015.568	645.79
1015.735	764.57
1015.902	1356.44
1016.069	1366.68
1016.236	584.35
1016.403	299.69
1016.57	875.17
1016.737	1686.16
1016.904	592.55
1017.071	432.8
1017.238	1020.57
1017.405	1096.35
1017.572	514.72
1017.739	973.47
1017.906	1620.63
1018.073	1469.08
1018.24	357.03
1018.407	721.57
1018.573	1114.78
1018.74	1194.65
1018.907	592.55
1019.074	307.88
1019.241	1264.28
1019.407	1094.3
1019.574	367.27
1019.741	326.31
1019.907	1411.73
1020.074	1503.89
1020.241	172.71
1020.407	307.88
1020.574	877.21
1020.74	1004.19
1020.907	428.71
1021.073	338.6
1021.24	1780.37
1021.406	1092.25
1021.573	293.54
1021.739	404.13
1021.906	1270.42
1022.072	922.27
1022.239	404.13
1022.405	510.63
1022.571	1049.24
1022.738	940.7
1022.904	420.52
1023.07	627.36
1023.237	924.32
1023.403	1178.26
1023.569	381.6
1023.735	447.14
1023.902	1192.6
1024.068	1092.25
1024.234	148.14
1024.4	387.75
1024.566	883.36
1024.732	959.13
1024.898	420.52
1025.065	74.41
1025.231	905.88
1025.397	766.62
1025.563	342.69
1025.729	178.86
1025.895	576.16
1026.061	690.85
1026.227	39.59
1026.392	412.32
1026.558	973.47
1026.724	1039
1026.89	301.73
1027.056	441
1027.222	809.63
1027.388	852.64
1027.553	273.06
1027.719	201.38
1027.885	1282.71
1028.051	869.02
1028.216	-46.42
1028.382	357.03
1028.548	1022.62
1028.713	897.69
1028.879	101.03
1029.045	471.72
1029.21	1163.93
1029.376	1053.34
1029.541	273.06
1029.707	318.12
1029.873	1028.76
1030.038	985.76
1030.204	244.39
1030.369	223.91
1030.534	950.94
1030.7	629.41
1030.865	350.89
1031.031	129.7
1031.196	864.93
1031.361	807.58
1031.527	197.29
1031.692	174.76
1031.857	623.27
1032.023	981.66
1032.188	182.95
1032.353	225.96
1032.518	1032.86
1032.684	688.8
1032.849	12.97
1033.014	174.76
1033.179	670.37
1033.344	965.28
1033.509	348.84
1033.674	117.42
1033.839	883.36
1034.004	887.45
1034.17	191.14
1034.335	74.41
1034.5	711.33
1034.664	565.92
1034.829	152.23
1034.994	293.54
1035.159	590.5
1035.324	922.27
1035.489	213.67
1035.654	207.53
1035.819	1368.73
1035.984	838.3
1036.148	258.73
1036.313	340.65
1036.478	912.03
1036.643	694.94
1036.807	111.27
1036.972	-36.18
1037.137	1309.33
1037.301	617.12
1037.466	-107.86
1037.631	299.69
1037.795	834.21
1037.96	633.5
1038.124	461.48
1038.289	-23.89
1038.454	684.7
1038.618	916.12
1038.783	326.31
1038.947	223.91
1039.111	563.87
1039.276	705.18
1039.44	88.75
1039.605	828.06
1039.769	613.03
1039.933	635.55
1040.098	111.27
1040.262	488.1
1040.426	807.58
1040.591	699.04
1040.755	88.75
1040.919	55.98
1041.083	907.93
1041.248	543.39
1041.412	-175.44
1041.576	4.78
1041.74	651.94
1041.904	715.42
1042.068	27.31
1042.232	113.32
1042.397	1049.24
1042.561	682.66
1042.725	-202.07
1042.889	139.94
1043.053	621.22
1043.217	600.74
1043.381	152.23
1043.544	-64.85
1043.708	803.49
1043.872	514.72
1044.036	-243.03
1044.2	-48.47
1044.364	803.49
1044.528	950.94
1044.691	5792.34
1044.855	-148.82
1045.019	690.85
1045.183	774.81
1045.346	135.85
1045.51	-105.81
1045.674	766.62
1045.837	586.4
1046.001	-25.94
1046.165	80.55
1046.328	1182.36
1046.492	492.2
1046.655	359.08
1046.819	135.85
1046.983	545.44
1047.146	438.95
1047.31	152.23
1047.473	-216.4
1047.636	604.83
1047.8	481.96
1047.963	109.22
1048.127	-136.53
1048.29	395.94
