345.52	-1305.92
345.736	-1305.92
345.952	-1305.92
346.168	-1314.11
346.384	-1350.98
346.6	-189.78
346.816	-329.04
347.032	-206.16
347.248	537.25
347.464	-331.09
347.68	-249.17
347.896	-97.62
348.112	422.56
348.328	-177.49
348.544	150.18
348.76	205.48
348.975	264.87
349.191	-343.38
349.407	-402.77
349.623	221.86
349.839	152.23
350.055	-232.79
350.27	0.68
350.486	242.34
350.702	328.36
350.918	342.69
351.133	-146.77
351.349	246.44
351.565	529.06
351.781	-343.38
351.996	-5.46
352.212	254.63
352.428	88.75
352.644	-247.12
352.859	-197.97
353.075	328.36
353.291	168.62
353.506	-195.92
353.722	-400.72
353.938	86.7
354.153	457.38
354.369	309.93
354.584	-273.75
354.8	266.92
355.016	-124.24
355.231	-470.35
355.447	-60.76
355.662	397.99
355.878	832.16
356.093	-474.45
356.309	-40.28
356.524	58.03
356.74	522.91
356.955	-380.24
357.171	-87.38
357.386	221.86
357.602	17.07
357.817	-118.1
358.033	-191.83
358.248	475.81
358.464	424.61
358.679	-197.97
358.895	-451.92
359.11	96.94
359.325	217.77
359.541	82.6
359.756	62.12
359.972	-79.19
360.187	594.59
360.402	-298.32
360.618	-111.96
360.833	1700.5
361.048	139.94
361.264	-144.72
361.479	66.22
361.694	277.16
361.909	336.55
362.125	-300.37
362.34	-189.78
362.555	445.09
362.77	297.64
362.986	-404.82
363.201	-230.74
363.416	271.01
363.631	86.7
363.847	-296.27
364.062	-218.45
364.277	228.01
364.492	62.12
364.707	-222.55
364.922	-392.53
365.138	344.74
365.353	447.14
365.568	-435.53
365.783	-200.02
365.998	455.33
366.213	750.24
366.428	-249.17
366.643	207.53
366.858	389.8
367.073	336.55
367.288	-126.29
367.503	-277.84
367.718	135.85
367.933	563.87
368.148	-204.11
368.363	-27.99
368.578	346.79
368.793	588.45
369.008	-54.61
369.223	-292.18
369.438	389.8
369.653	344.74
369.868	-386.38
370.083	-306.51
370.298	344.74
370.513	580.26
370.728	141.99
370.943	-157.01
371.157	115.37
371.372	842.4
371.587	-290.13
371.802	-310.61
372.017	246.44
372.232	533.15
372.446	90.79
372.661	-214.35
372.876	211.62
373.091	400.04
373.306	-48.47
373.52	-408.91
373.735	90.79
373.95	707.23
374.165	-60.76
374.379	-116.05
374.594	47.79
374.809	461.48
375.023	217.77
375.238	-173.39
375.453	438.95
375.667	154.28
375.882	-191.83
376.097	-195.92
376.311	160.42
376.526	438.95
376.741	-249.17
376.955	318.12
377.17	563.87
377.384	1008.28
377.599	221.86
377.813	-351.57
378.028	893.6
378.242	393.89
378.457	-7.51
378.672	-275.79
378.886	107.18
379.101	291.49
379.315	-367.95
379.53	-93.52
379.744	504.48
379.958	383.65
380.173	-152.91
380.387	-251.22
380.602	520.87
380.816	123.56
381.031	-34.13
381.245	-130.39
381.459	438.95
381.674	3406.45
381.888	-286.03
382.103	373.41
382.317	187.05
382.531	543.39
382.746	37.55
382.96	-75.09
383.174	250.53
383.388	842.4
383.603	283.3
383.817	-255.31
384.031	228.01
384.246	623.27
384.46	148.14
384.674	873.12
384.888	240.29
385.103	529.06
385.317	-294.22
385.531	209.58
385.745	965.28
385.959	547.49
386.174	-169.3
386.388	-11.61
386.602	289.45
386.816	271.01
387.03	86.7
387.244	33.45
387.458	510.63
387.672	649.89
387.887	-331.09
388.101	-165.2
388.315	629.41
388.529	397.99
388.743	-36.18
388.957	-107.86
389.171	774.81
389.385	127.66
389.599	-56.66
389.813	209.58
390.027	400.04
390.241	1016.48
390.455	68.27
390.669	219.82
390.883	299.69
391.097	850.59
391.311	340.65
391.525	10.92
391.738	629.41
391.952	643.74
392.166	289.45
392.38	-191.83
392.594	621.22
392.808	514.72
393.022	127.66
393.236	107.18
393.449	488.1
393.663	875.17
393.877	-161.11
394.091	129.7
394.305	420.52
394.518	318.12
394.732	-109.91
394.946	45.74
395.16	998.04
395.373	457.38
395.587	-36.18
395.801	19.11
396.015	762.53
396.228	484
396.442	-138.58
396.656	-189.78
396.869	727.71
397.083	934.56
397.297	275.11
397.51	35.5
397.724	604.83
397.938	623.27
398.151	-238.93
398.365	-19.8
398.578	778.91
398.792	854.69
399.005	420.52
399.219	68.27
399.433	514.72
399.646	819.87
399.86	416.42
400.073	531.11
400.287	594.59
400.5	543.39
400.714	373.41
400.927	189.1
401.141	752.29
401.354	2142.86
401.567	744.1
401.781	-40.28
401.994	621.22
402.208	1077.91
402.421	285.35
402.635	105.13
402.848	336.55
403.061	711.33
403.275	180.9
403.488	25.26
403.701	983.71
403.915	885.41
404.128	424.61
404.341	213.67
404.555	1086.11
404.768	414.37
404.981	580.26
405.195	232.1
405.408	891.55
405.621	721.57
405.834	529.06
406.048	123.56
406.261	918.17
406.474	848.54
406.687	209.58
406.9	404.13
407.114	737.95
407.327	975.52
407.54	90.79
407.753	-19.8
407.966	389.8
408.179	692.9
408.392	254.63
408.605	90.79
408.819	799.39
409.032	864.93
409.245	402.08
409.458	598.69
409.671	662.18
409.884	893.6
410.097	107.18
410.31	512.67
410.523	1067.67
410.736	662.18
410.949	492.2
411.162	342.69
411.375	991.9
411.588	795.29
411.801	639.65
412.014	316.07
412.227	582.31
412.44	768.67
412.653	385.7
412.865	709.28
413.078	1053.34
413.291	998.04
413.504	572.07
413.717	205.48
413.93	1184.41
414.143	615.07
414.356	537.25
414.568	70.31
414.781	942.75
414.994	1057.43
415.207	451.24
415.42	457.38
415.632	875.17
415.845	1366.68
416.058	273.06
416.271	318.12
416.483	996
416.696	1182.36
416.909	432.8
417.121	330.41
417.334	813.73
417.547	1172.12
417.759	326.31
417.972	432.8
418.185	696.99
418.397	1049.24
418.61	488.1
418.823	416.42
419.035	1249.94
419.248	1049.24
419.46	469.67
419.673	701.09
419.885	776.86
420.098	1069.72
420.311	512.67
420.523	203.43
420.736	1077.91
420.948	987.8
421.161	574.11
421.373	393.89
421.586	778.91
421.798	783.01
422.01	195.24
422.223	817.82
422.435	735.9
422.648	1295
422.86	547.49
423.073	701.09
423.285	914.08
423.497	807.58
423.71	496.29
423.922	572.07
424.134	1274.52
424.347	1407.64
424.559	957.08
424.771	1014.43
424.984	1143.45
425.196	1108.63
425.408	391.84
425.621	457.38
425.833	1188.5
426.045	1600.15
426.257	471.72
426.47	776.86
426.682	965.28
426.894	1036.95
427.106	647.84
427.318	717.47
427.531	1129.11
427.743	1211.03
427.955	856.73
428.167	1512.08
428.379	1079.96
428.591	1079.96
428.804	952.99
429.016	711.33
429.228	1362.58
429.44	1319.57
429.652	14332.37
429.864	502.43
430.076	1274.52
430.288	1370.77
430.5	955.04
430.712	932.51
430.924	1292.95
431.136	1348.25
431.348	668.32
431.56	778.91
431.772	1090.2
431.984	1170.07
432.196	684.7
432.408	877.21
432.62	1206.94
432.832	1579.67
433.044	1350.29
433.256	1198.74
433.468	1442.45
433.679	1155.74
433.891	754.34
434.103	1356.44
434.315	1768.08
434.527	1557.14
434.739	1178.26
434.95	969.37
435.162	1495.7
435.374	1024.67
435.586	1118.87
435.798	950.94
436.009	1368.73
436.221	1282.71
436.433	1079.96
436.645	1092.25
436.856	1389.21
437.068	1874.57
437.28	1000.09
437.491	1415.83
437.703	1745.55
437.915	1553.04
438.126	1053.34
438.338	1579.67
438.55	1421.97
438.761	1464.98
438.973	1237.66
439.184	1161.88
439.396	1553.04
439.608	1630.87
439.819	1084.06
440.031	1282.71
440.242	1827.47
440.454	1788.56
440.665	1143.45
440.877	1483.41
441.088	1946.25
441.3	1737.36
441.511	981.66
441.723	1153.69
441.934	1954.44
442.146	1860.24
442.357	1553.04
442.569	1874.57
442.78	1991.31
442.991	2423.43
443.203	1798.8
443.414	1276.57
443.626	2044.56
443.837	1794.7
444.048	1239.7
444.26	1049.24
444.471	1856.14
444.682	1893.01
444.894	1331.86
445.105	1266.33
445.316	2220.68
445.528	1884.81
445.739	1569.43
445.95	1555.09
446.161	1798.8
446.373	2073.23
446.584	1669.78
446.795	1385.11
447.006	2126.47
447.217	2181.77
447.429	1417.88
447.64	1274.52
447.851	2820.74
448.062	2130.57
448.273	1309.33
448.484	1462.93
448.695	2042.51
448.907	2040.46
449.118	1565.33
449.329	1960.59
449.54	1880.72
449.751	1897.1
449.962	1571.47
450.173	1550.99
450.384	2224.78
450.595	2517.64
450.806	1561.23
451.017	1761.94
451.228	2474.63
451.439	2284.17
451.65	1882.77
451.861	1319.57
452.072	2019.98
452.283	2157.19
452.494	1985.16
452.705	1768.08
452.915	2691.71
453.126	2128.52
453.337	1843.85
453.548	1671.83
453.759	2847.36
453.97	2704
454.181	2421.38
454.391	1850
454.602	2357.89
454.813	2867.84
455.024	2114.19
455.235	1890.96
455.445	2601.6
455.656	2435.72
455.867	2220.68
456.078	1958.54
456.288	2318.98
456.499	2669.19
456.71	1878.67
456.921	2382.47
457.131	2601.6
457.342	2425.48
457.553	1905.29
457.763	2153.1
457.974	2617.99
458.184	2667.14
458.395	2024.08
458.606	1909.39
458.816	2871.93
459.027	3011.2
459.237	2413.19
459.448	2275.98
459.659	2945.66
459.869	3576.44
460.08	1993.36
460.29	2554.5
460.501	3269.24
460.711	2972.29
460.922	2120.33
461.132	2361.99
461.343	3779.18
461.553	2685.57
461.764	2269.83
461.974	2609.79
462.184	3248.76
462.395	3367.54
462.605	2564.74
462.816	2296.46
463.026	3154.55
463.236	3242.62
463.447	2527.88
463.657	2699.91
463.867	3449.46
464.078	3175.03
464.288	2818.69
464.498	2843.26
464.709	3289.72
464.919	3322.49
465.129	2890.37
465.339	2775.68
465.55	3385.97
465.76	3467.89
465.97	3025.53
466.18	2966.14
466.391	3785.33
466.601	3578.48
466.811	3285.62
467.021	2824.83
467.231	3924.59
467.441	3834.48
467.651	3304.06
467.862	2896.51
468.072	3752.56
468.282	3816.05
468.492	3097.21
468.702	3603.06
468.912	4022.89
469.122	4545.13
469.332	3930.73
469.542	3406.45
469.752	4641.38
469.962	4145.77
470.172	3646.07
470.382	3635.83
470.592	4541.03
470.802	4307.56
471.012	4063.85
471.222	3805.81
471.432	4366.95
471.642	4708.96
471.852	4239.98
472.062	3904.11
472.272	4477.54
472.482	4530.79
472.691	4086.38
472.901	4022.89
473.111	4463.21
473.321	5296.73
473.531	4362.86
473.741	4577.89
473.95	5139.04
474.16	5132.89
474.37	4723.3
474.58	4291.18
474.79	5747.28
474.999	5286.49
475.209	4625
475.419	4967.01
475.628	5546.58
475.838	5845.59
476.048	5001.82
476.258	4817.51
476.467	5759.57
476.677	5669.46
476.886	5751.38
477.096	5370.46
477.306	5732.95
477.515	5919.31
477.725	5433.94
477.935	5468.76
478.144	6697.54
478.354	6038.09
478.563	5554.77
478.773	5524.05
478.982	6490.7
479.192	6468.17
479.401	5890.64
479.611	5739.09
479.82	6175.31
480.03	6451.78
480.239	6126.16
480.449	5835.35
480.658	7045.7
480.868	6826.56
481.077	6390.35
481.287	6330.95
481.496	7027.26
481.705	7273.02
481.915	6890.05
482.124	6836.8
482.333	7193.15
482.543	7674.42
482.752	6963.78
482.961	6689.35
483.171	7537.21
483.38	7381.56
483.589	7191.1
483.799	7121.47
484.008	7721.52
484.217	7782.96
484.426	7176.77
484.636	7019.07
484.845	7871.03
485.054	7539.26
485.263	8018.48
485.472	7655.99
485.682	8356.4
485.891	8116.78
486.1	7385.66
486.309	7801.4
486.518	8604.2
486.727	9417.24
486.936	7715.38
487.146	8020.53
487.355	8944.16
487.564	8428.07
487.773	8292.91
487.982	8362.54
488.191	8788.52
488.4	9005.6
488.609	8460.84
488.818	8657.45
489.027	9495.07
489.236	9290.27
489.445	8778.28
489.654	8436.27
489.863	9566.74
490.072	9472.54
490.281	9550.36
490.49	9378.33
490.698	9783.83
490.907	10179.09
491.116	9224.73
491.325	8868.39
491.534	10064.4
491.743	9677.33
491.952	9437.72
492.16	9450.01
492.369	10101.26
492.578	10326.54
492.787	9660.95
492.996	9447.96
493.204	10062.35
493.413	10729.99
493.622	9613.85
493.831	9574.94
494.039	10818.05
494.248	10347.02
494.457	9824.79
494.665	9974.29
494.874	10783.24
495.083	11262.46
495.291	10097.17
495.5	10134.03
495.709	10906.12
495.917	10930.69
496.126	10437.13
496.335	10187.28
496.543	11192.83
496.752	11215.36
496.96	10912.26
497.169	10504.71
497.377	10897.92
497.586	11211.26
497.794	10969.6
498.003	10553.87
498.211	11495.93
498.42	11686.39
498.628	11041.28
498.837	11076.1
499.045	11717.11
499.254	11710.97
499.462	11203.07
499.671	11190.78
499.879	12831.21
500.087	11923.96
500.296	11125.25
500.504	11356.67
500.713	12020.21
500.921	12677.61
501.129	11139.58
501.338	11221.5
501.546	12124.66
501.754	12141.04
501.962	11622.91
502.171	11454.97
502.379	12538.35
502.587	12847.59
502.795	11897.33
503.004	11837.94
503.212	12757.48
503.42	12773.86
503.628	12034.55
503.837	12075.51
504.045	12857.83
504.253	13302.24
504.461	12169.71
504.669	11973.11
504.877	13562.33
505.085	12968.42
505.294	12161.52
505.502	12884.45
505.71	13416.93
505.918	12933.61
506.126	12294.64
506.334	12403.18
506.542	13244.9
506.75	12986.85
506.958	12902.89
507.166	13007.33
507.374	13316.58
507.582	13801.94
507.79	13105.63
507.998	12734.95
508.206	13763.03
508.414	13842.9
508.622	12837.35
508.83	12767.72
509.037	13767.13
509.245	13216.22
509.453	13310.43
509.661	13048.29
509.869	13820.38
510.077	13488.6
510.285	13605.34
510.492	12956.13
510.7	14475.73
510.908	13593.05
511.116	13517.28
511.324	13205.99
511.531	13890.01
511.739	14199.25
511.947	13863.38
512.155	13908.44
512.362	14303.7
512.57	13836.76
512.778	13674.97
512.985	13324.77
513.193	14098.9
513.401	14561.74
513.608	13883.86
513.816	14023.12
514.024	14696.91
514.231	14588.36
514.439	13976.02
514.646	14221.78
514.854	14916.04
515.061	14840.26
515.269	14123.48
515.477	14113.24
515.684	14586.32
515.892	15235.52
516.099	14266.83
516.307	14391.76
516.514	15430.08
516.722	15464.89
516.929	14420.43
517.136	14371.28
517.344	15178.18
517.551	15282.63
517.759	14451.15
517.966	14664.14
518.173	15180.23
518.381	15260.1
518.588	14811.59
518.796	14885.32
519.003	15473.09
519.21	15432.13
519.418	15002.05
519.625	15178.18
519.832	15647.16
520.039	15524.29
520.247	14979.53
520.454	15237.57
520.661	16103.86
520.868	15602.11
521.076	15208.9
521.283	15319.49
521.49	16267.7
521.697	15935.93
521.904	15366.59
522.112	15450.56
522.319	16095.67
522.526	15862.2
522.733	15739.32
522.94	15188.42
523.147	16030.13
523.354	16286.13
523.561	15487.42
523.768	15892.92
523.975	16513.45
524.183	16327.09
524.39	16302.51
524.597	15983.03
524.804	16312.75
525.011	16609.71
525.218	15948.22
525.425	16032.18
525.632	16974.25
525.838	16742.83
526.045	16480.69
526.252	16243.12
526.459	18557.33
526.666	18872.71
526.873	16282.03
527.08	16468.4
527.287	17566.11
527.494	16923.05
527.701	16443.82
527.907	16544.17
528.114	17035.69
528.321	17334.69
528.528	16667.05
528.735	16769.45
528.941	17166.76
529.148	16724.4
529.355	17195.43
529.562	16886.18
529.768	18373.01
529.975	17082.79
530.182	16970.15
530.388	16728.49
530.595	17781.15
530.802	17322.4
531.008	17430.94
531.215	17289.63
531.422	18801.04
531.628	18606.48
531.835	17275.3
532.042	17637.79
532.248	17752.48
532.455	18043.29
532.661	17453.47
532.868	17353.12
533.074	18440.59
533.281	18741.64
533.487	17822.11
533.694	17576.35
533.9	18237.84
534.107	18219.41
534.313	17904.03
534.52	17643.93
534.726	18520.46
534.933	19061.13
535.139	17926.55
535.345	17602.97
535.552	18790.8
535.758	19073.42
535.965	18243.99
536.171	18117.01
536.377	18960.78
536.584	19538.3
536.79	18358.67
536.996	18776.46
537.203	19085.7
537.409	19421.57
537.615	18289.04
537.821	18747.79
538.028	19763.58
538.234	19136.9
538.44	18610.57
538.646	18512.27
538.853	19257.73
539.059	19112.33
539.265	18987.4
539.471	18608.53
539.677	19446.15
539.883	19523.97
540.09	20306.29
540.296	19550.59
540.502	19620.22
540.708	19276.16
540.914	19454.34
541.12	19106.18
541.326	20154.74
541.532	19931.51
541.738	19642.75
541.944	19284.36
542.15	20267.38
542.356	19724.67
542.562	19163.53
542.768	19454.34
542.974	20726.13
543.18	20699.5
543.386	19739.01
543.592	19343.75
543.798	21201.26
544.004	20552.05
544.21	19591.55
544.415	19691.9
544.621	20535.67
544.827	21406.05
545.033	20185.46
545.239	20509.04
545.445	20801.9
545.651	20746.61
545.856	20074.87
546.062	20216.18
546.268	20521.33
546.474	20949.35
546.679	19835.26
546.885	20390.26
547.091	20822.38
547.297	21256.55
547.502	20443.51
547.708	20115.83
547.914	20742.51
548.119	21354.85
548.325	20111.74
548.531	19935.61
548.736	21778.78
548.942	20932.97
549.147	20500.85
549.353	20861.29
549.559	21893.47
549.764	21494.11
549.97	20439.41
550.175	20556.15
550.381	21328.23
550.586	20969.83
550.792	21031.27
550.997	20916.59
551.203	21590.37
551.408	21633.38
551.614	20875.63
551.819	20754.8
552.025	22235.48
552.23	21545.31
552.435	21129.58
552.641	21901.66
552.846	21776.73
553.052	22546.77
553.257	21666.14
553.462	21592.42
553.668	21872.99
553.873	22145.37
554.078	21524.83
554.283	21379.43
554.489	22423.89
554.694	22423.89
554.899	21520.74
555.105	22122.84
555.31	22651.22
555.515	22667.6
555.72	22071.64
555.925	22909.26
556.131	22718.8
556.336	22442.32
556.541	21692.77
556.746	21840.22
556.951	22886.73
557.156	22831.44
557.361	21854.56
557.567	22393.17
557.772	23060.81
557.977	23236.94
558.182	22008.15
558.387	22210.9
558.592	22444.37
558.797	23503.17
559.002	22286.68
559.207	22485.33
559.412	22974.8
559.617	23515.46
559.822	22200.66
560.027	21981.53
560.232	22784.33
560.437	23187.78
560.642	22317.4
560.847	22649.17
561.051	23001.42
561.256	23265.61
561.461	22763.86
561.666	22423.89
561.871	23083.34
562.076	23554.37
562.281	22518.1
562.485	22542.67
562.69	23329.09
562.895	23499.08
563.1	22886.73
563.305	22757.71
563.509	23535.94
563.714	23859.52
563.919	22962.51
564.123	23066.95
564.328	23431.49
564.533	24154.43
564.737	22917.45
564.942	23011.66
565.147	23939.39
565.351	23783.74
565.556	23163.21
565.761	23683.39
565.965	24000.83
566.17	23959.87
566.374	23091.53
566.579	23599.43
566.784	23806.27
566.988	24084.8
567.193	23265.61
567.397	23351.62
567.602	23734.59
567.806	24084.8
568.011	23703.87
568.215	23918.91
568.42	24172.86
568.624	23890.24
568.828	23654.72
569.033	23972.16
569.237	24537.4
569.442	24527.16
569.646	23626.05
569.85	23834.94
570.055	24398.13
570.259	24725.81
570.463	24322.36
570.668	24381.75
570.872	24539.44
571.076	24797.49
571.281	24359.22
571.485	23855.42
571.689	24926.51
571.893	24918.32
572.098	24246.58
572.302	24273.21
572.506	24987.95
572.71	24781.1
572.914	24006.97
573.119	24121.66
573.323	24797.49
573.527	25182.51
573.731	24387.89
573.935	24332.6
574.139	25121.07
574.343	24744.24
574.547	24168.76
574.751	24719.67
574.955	25403.69
575.159	25501.99
575.364	24568.12
575.568	24420.66
575.772	25282.86
575.976	25284.9
576.18	24383.8
576.383	24711.47
576.587	25954.59
576.791	25426.21
576.995	24383.8
577.199	24535.35
577.403	25436.45
577.607	25540.9
577.811	25159.98
578.015	24903.98
578.219	25717.03
578.422	25727.27
578.626	25364.78
578.83	25626.92
579.034	26167.58
579.238	25639.2
579.442	25342.25
579.645	26073.37
579.849	25659.68
580.053	26151.2
580.257	25182.51
580.46	25702.69
580.664	26562.84
580.868	26509.59
581.071	25815.33
581.275	25698.59
581.479	25911.58
581.682	26736.91
581.886	25749.79
582.09	25751.84
582.293	26564.89
582.497	26493.21
582.7	26265.88
582.904	25958.69
583.107	26593.56
583.311	26140.96
583.515	25856.29
583.718	26100
583.922	26732.82
584.125	27535.62
584.329	25884.96
584.532	25993.5
584.735	27220.24
584.939	26796.31
585.142	26138.91
585.346	26499.35
585.549	26870.03
585.753	26800.4
585.956	26390.81
586.159	26407.19
586.363	27545.86
586.566	27169.04
586.769	26249.5
586.973	26272.03
587.176	27277.58
587.379	27457.8
587.582	26943.76
587.786	26675.48
587.989	27494.66
588.192	28412.15
588.395	26659.09
588.599	26994.96
588.802	27541.77
589.005	27769.09
589.208	27263.24
589.411	26663.19
589.615	27318.54
589.818	28346.62
590.021	27793.67
590.224	27523.33
590.427	28229.88
590.63	27963.65
590.833	27091.21
591.036	27250.95
591.239	27961.6
591.442	27750.66
591.645	27396.36
591.848	27459.85
592.051	27674.88
592.254	27857.15
592.457	27521.29
592.66	27447.56
592.863	28305.66
593.066	28485.88
593.269	27554.05
593.472	27660.55
593.675	28043.52
593.878	28168.44
594.081	27834.63
594.284	27756.8
594.486	28481.78
594.689	28815.6
594.892	27871.49
595.095	28107.01
595.298	28592.37
595.5	28244.22
595.703	28393.72
595.906	28524.79
596.109	28944.62
596.311	28805.36
596.514	27447.56
596.717	28344.57
596.92	29030.64
597.122	29038.83
597.325	27918.59
597.528	28047.61
597.73	29685.99
597.933	29473
598.136	28305.66
598.338	27728.13
598.541	29098.22
598.743	29223.15
598.946	28565.75
599.148	28649.72
599.351	29487.34
599.554	29198.57
599.756	28616.95
599.959	28997.87
600.161	29477.1
600.363	30193.89
600.566	28887.28
600.768	28698.87
600.971	29319.4
601.173	29315.31
601.376	28504.31
601.578	28870.9
601.78	29214.96
601.983	30208.22
602.185	28823.79
602.388	29444.33
602.59	29397.23
602.792	29585.64
602.995	28965.1
603.197	29198.57
603.399	30087.39
603.601	30378.2
603.804	29118.7
604.006	29147.37
604.208	29817.06
604.41	29739.24
604.613	29657.32
604.815	28936.43
605.017	30310.62
605.219	29890.79
605.421	29823.2
605.623	29278.44
605.826	30339.29
606.028	30478.55
606.23	29378.79
606.432	29075.69
606.634	29954.27
606.836	30316.76
607.038	29083.89
607.24	29602.02
607.442	30202.08
607.644	30279.9
607.846	29532.39
608.048	29755.62
608.25	30662.87
608.452	29722.85
608.654	29896.93
608.856	29098.22
609.058	30159.07
609.26	30466.27
609.462	29477.1
609.664	29561.06
609.866	30058.72
610.067	30091.49
610.269	29501.67
610.471	29458.67
610.673	30458.07
610.875	30683.35
611.077	29655.27
611.278	29724.9
611.48	30376.16
611.682	30900.44
611.884	29974.75
612.085	29984.99
612.287	30269.66
612.489	30294.24
612.69	29804.77
612.892	29970.66
613.094	30740.69
613.295	30169.31
613.497	29755.62
613.699	29888.74
613.9	30810.32
614.102	30382.3
614.304	29595.88
614.505	29524.2
614.707	30359.77
614.908	30464.22
615.11	29638.89
615.311	29751.52
615.513	30023.9
615.714	30832.85
615.916	29354.22
616.117	29966.56
616.319	30505.18
616.52	30394.59
616.722	30003.42
616.923	30185.69
617.124	31148.24
617.326	30580.95
617.527	30052.58
617.729	30877.91
617.93	30744.79
618.131	31279.31
618.333	30161.12
618.534	30449.88
618.735	31000.79
618.937	31078.61
619.138	29880.55
619.339	30103.78
619.54	31021.27
619.742	31011.03
619.943	29817.06
620.144	29972.71
620.345	31402.19
620.546	31017.17
620.748	30361.82
620.949	30494.94
621.15	30920.91
621.351	30701.78
621.552	30003.42
621.753	29968.61
621.954	30771.41
622.155	31025.36
622.356	30003.42
622.558	30472.41
622.759	31207.63
622.96	31428.81
623.161	30595.29
623.362	30253.28
623.563	31291.6
623.764	30945.49
623.965	30519.51
624.166	30847.19
624.366	30757.08
624.567	30933.2
624.768	30257.37
624.969	30435.55
625.17	30957.78
625.371	31058.13
625.572	31140.05
625.773	30425.31
625.973	31111.38
626.174	31490.25
626.375	30724.31
626.576	30800.08
626.777	31404.24
626.977	31469.77
627.178	31135.95
627.379	30828.76
627.58	31113.42
627.78	31303.88
627.981	30693.59
628.182	31027.41
628.382	31244.49
628.583	31064.27
628.784	30439.64
628.984	30931.15
629.185	31776.97
629.386	31412.43
629.586	30955.73
629.787	30970.07
629.987	31316.17
630.188	31697.1
630.388	31086.8
630.589	30865.62
630.79	31959.24
630.99	31709.38
631.191	31047.89
631.391	31387.85
631.591	31271.12
631.792	31676.62
631.992	31391.95
632.193	31523.02
632.393	31756.49
632.594	31451.34
632.794	30896.34
632.994	31129.81
633.195	31580.36
633.395	31273.17
633.595	31099.09
633.796	31260.88
633.996	32053.44
634.196	31817.93
634.397	31318.22
634.597	31205.58
634.797	31553.74
634.997	31977.67
635.198	31326.41
635.398	30986.45
635.598	31893.7
635.798	31885.51
635.998	31461.58
636.199	31092.94
636.399	31938.76
636.599	31723.72
636.799	31160.53
636.999	31523.02
637.199	32172.22
637.399	32012.48
637.599	31762.63
637.799	31586.5
637.999	32229.57
638.199	32430.27
638.399	32139.46
638.599	31570.12
638.799	32311.49
638.999	32790.71
639.199	32207.04
639.399	31695.05
639.599	32192.7
639.799	32086.21
639.999	31451.34
640.199	31654.09
640.399	32178.37
640.599	31928.52
640.799	31979.71
640.998	32137.41
641.198	32241.85
641.398	31768.77
641.598	31871.17
641.798	31688.9
641.997	33210.54
642.197	31961.28
642.397	32319.68
642.597	31869.12
642.796	32438.46
642.996	32309.44
643.196	31758.53
643.395	31502.54
643.595	32346.3
643.795	32229.57
643.994	31996.1
644.194	31862.98
644.394	32843.96
644.593	32565.43
644.793	31852.74
644.992	31854.79
645.192	32788.66
645.392	31918.28
645.591	32368.83
645.791	31940.8
645.99	32934.07
646.19	32600.25
646.389	32088.26
646.589	31895.75
646.788	32727.22
646.987	32403.64
647.187	32956.6
647.386	32594.11
647.586	32782.52
647.785	33317.04
647.984	32428.22
648.184	32305.34
648.383	32733.37
648.582	32929.97
648.782	32501.95
648.981	32311.49
649.18	32880.82
649.38	32714.94
649.579	32454.84
649.778	32436.41
649.977	33265.84
650.177	32841.91
650.376	32420.03
650.575	32305.34
650.774	33274.03
650.973	33038.51
651.173	32440.51
651.372	32846.01
651.571	32852.15
651.77	33206.45
651.969	32530.62
652.168	32518.33
652.367	32856.25
652.566	33007.79
652.765	32727.22
652.964	33243.31
653.163	33312.94
653.362	33362.09
653.561	32628.92
653.76	33013.94
653.959	33241.26
654.158	33753.26
654.357	32735.42
654.556	32698.55
654.755	33544.36
654.954	33214.64
655.153	32503.99
655.352	33181.87
655.551	33478.83
655.749	33245.36
655.948	32919.73
656.147	33306.8
656.346	33491.12
656.545	33071.28
656.743	32909.49
656.942	33403.05
657.141	33362.09
657.34	33624.23
657.538	32905.4
657.737	32909.49
657.936	33751.21
658.135	33104.05
658.333	33196.21
658.532	33724.58
658.731	34111.65
658.929	33681.58
659.128	33298.61
659.326	33056.95
659.525	34091.17
659.724	33605.8
659.922	32659.64
660.121	32759.99
660.319	33882.28
660.518	33228.98
660.716	33067.19
660.915	33120.43
661.113	34066.59
661.312	33704.1
661.51	33538.22
661.709	33024.18
661.907	33749.16
662.105	33628.33
662.304	33052.85
662.502	32837.81
662.701	33910.95
662.899	33687.72
663.097	34095.27
663.296	33437.87
663.494	33607.85
663.692	34410.65
663.891	33343.66
664.089	32925.88
664.287	33888.42
664.485	34011.3
664.684	33054.9
664.882	33380.53
665.08	33630.38
665.278	33718.44
665.476	33358
665.675	33554.6
665.873	33685.67
666.071	34037.92
666.269	33448.11
666.467	33450.16
666.665	34060.45
666.863	33378.48
667.061	33534.12
667.259	33278.13
667.457	33376.43
667.655	33753.26
667.853	33063.09
668.051	33284.27
668.249	33194.16
668.447	33462.44
668.645	32874.68
668.843	33665.19
669.041	34017.44
669.239	33413.29
669.437	33441.96
669.635	33689.77
669.833	33779.88
670.031	33734.82
670.229	33368.24
670.426	33751.21
670.624	33499.31
670.822	33820.84
671.02	33265.84
671.218	33390.77
671.415	33650.86
671.613	33509.55
671.811	33634.47
672.009	33704.1
672.206	33984.68
672.404	33409.2
672.602	33538.22
672.799	33984.68
672.997	33851.56
673.195	33513.64
673.392	33192.11
673.59	32889.01
673.788	33257.65
673.985	32772.28
674.183	32983.22
674.38	32966.84
674.578	33734.82
674.775	33380.53
674.973	32544.95
675.17	32598.2
675.368	33579.18
675.565	33374.38
675.763	33425.58
675.96	33083.57
676.158	33484.97
676.355	33534.12
676.553	32903.35
676.75	33171.63
676.947	32981.17
677.145	33056.95
677.342	33384.62
677.539	33067.19
677.737	34267.3
677.934	33613.99
678.131	33046.71
678.329	32917.68
678.526	33943.72
678.723	33247.41
678.92	33083.57
679.118	32938.16
679.315	33087.67
679.512	33646.76
679.709	32911.54
679.906	32698.55
680.104	33857.7
680.301	33028.27
680.498	32389.31
680.695	33056.95
680.892	33147.06
681.089	33091.76
681.286	32856.25
681.483	32219.33
681.68	32659.64
681.877	33130.67
682.075	32503.99
682.272	32809.14
682.469	33155.25
682.665	32407.74
682.862	32342.21
683.059	32463.04
683.256	32909.49
683.453	32700.6
683.65	32362.68
683.847	32661.69
684.044	32805.05
684.241	32547
684.438	32225.47
684.635	31815.88
684.831	33153.2
685.028	33292.46
685.225	32016.58
685.422	32577.72
685.619	32874.68
685.815	32538.81
686.012	32118.98
686.209	32131.26
686.405	31992
686.602	32612.54
686.799	31586.5
686.996	32360.64
687.192	32022.72
687.389	32678.07
687.586	31514.83
687.782	31430.86
687.979	32762.04
688.175	32491.71
688.372	31549.64
688.568	32043.2
688.765	32243.9
688.962	32395.45
689.158	32264.38
689.355	31566.03
689.551	32049.35
689.748	32528.57
689.944	32190.66
690.14	31996.1
690.337	32164.03
690.533	32264.38
690.73	31979.71
690.926	32213.18
691.123	31903.94
691.319	32200.9
691.515	31860.93
691.712	32010.43
691.908	32082.11
692.104	32266.43
692.301	31455.43
692.497	31402.19
692.693	32559.29
692.889	32209.09
693.086	31779.01
693.282	31430.86
693.478	32454.84
693.674	32516.28
693.87	32000.19
694.067	31707.33
694.263	32082.11
694.459	32211.14
694.655	32458.94
694.851	32102.59
695.047	32401.6
695.243	32469.18
695.439	31951.04
695.635	31877.32
695.831	32280.77
696.027	31877.32
696.224	31383.76
696.42	31836.36
696.615	32604.35
696.811	32616.63
697.007	31502.54
697.203	31383.76
697.399	31652.04
697.595	31774.92
697.791	31037.65
697.987	31365.32
698.183	31559.88
698.379	30976.21
698.575	31138
698.77	30867.67
698.966	31221.97
699.162	31819.97
699.358	31219.92
699.554	31117.52
699.749	31488.2
699.945	31506.63
700.141	31156.43
700.337	31197.39
700.532	31365.32
700.728	31131.86
700.924	30316.76
701.119	30660.82
701.315	31545.55
701.511	31015.12
701.706	31017.17
701.902	30392.54
702.097	31230.16
702.293	31297.74
702.489	31023.31
702.684	30865.62
702.88	31619.27
703.075	31271.12
703.271	31025.36
703.466	30906.58
703.662	31736.01
703.857	31563.98
704.053	31105.23
704.248	31416.52
704.443	32082.11
704.639	31799.49
704.834	31154.38
705.03	30877.91
705.225	31039.7
705.42	31238.35
705.616	30871.76
705.811	30507.23
706.006	31115.47
706.202	30986.45
706.397	30666.97
706.592	30091.49
706.787	31027.41
706.983	30476.51
707.178	31318.22
707.373	30611.67
707.568	30943.44
707.763	31611.08
707.959	30443.74
708.154	30664.92
708.349	31189.2
708.544	31580.36
708.739	30660.82
708.934	30390.49
709.129	31058.13
709.324	31439.05
709.519	30771.41
709.714	30392.54
709.909	31406.28
710.104	31262.93
710.299	30363.87
710.494	30646.49
710.689	30765.27
710.884	30816.47
711.079	30431.45
711.274	30171.36
711.469	30570.71
711.664	30648.53
711.859	30546.14
712.054	30458.07
712.249	31047.89
712.443	30888.15
712.638	30195.93
712.833	29669.61
713.028	30312.67
713.223	30255.32
713.417	30263.52
713.612	29956.32
713.807	31176.91
714.002	31629.51
714.196	30517.46
714.391	30025.95
714.586	30443.74
714.78	30623.96
714.975	29800.68
715.17	29757.67
715.364	30533.85
715.559	30834.9
715.754	29409.51
715.948	29708.52
716.143	30750.93
716.337	30183.65
716.532	30505.18
716.726	30257.37
716.921	30118.11
717.115	31117.52
717.31	29524.2
717.504	31404.24
717.699	30406.87
717.893	30593.24
718.088	30036.19
718.282	29886.69
718.476	30089.44
718.671	30370.01
718.865	29933.79
719.059	29425.9
719.254	29874.4
719.448	30374.11
719.642	32110.78
719.837	29255.92
720.031	31893.7
720.225	29735.14
720.419	29466.86
720.614	29206.76
720.808	29862.11
721.002	29688.04
721.196	28930.29
721.39	29282.54
721.585	29569.26
721.779	29939.94
721.973	29487.34
722.167	28870.9
722.361	29776.1
722.555	30261.47
722.749	29386.99
722.943	29075.69
723.137	28952.82
723.331	29526.25
723.525	29012.21
723.719	29059.31
723.913	29757.67
724.107	29798.63
724.301	29122.8
724.495	29554.92
724.689	30060.77
724.883	30003.42
725.077	29253.87
725.271	29253.87
725.465	29526.25
725.659	29069.55
725.853	28950.77
726.046	28649.72
726.24	29145.33
726.434	29202.67
726.628	28913.91
726.822	28637.43
727.015	29577.45
727.209	29995.23
727.403	29083.89
727.596	28883.19
727.79	29507.82
727.984	29954.27
728.177	29337.83
728.371	28981.49
728.565	29661.41
728.758	29589.74
728.952	29212.91
729.146	28727.54
729.339	29411.56
729.533	29114.61
729.726	28582.13
729.92	28844.27
730.113	29454.57
730.307	29300.97
730.5	28928.24
730.694	28813.55
730.887	29270.25
731.081	29583.59
731.274	28680.44
731.468	28786.93
731.661	29049.07
731.854	29034.74
732.048	28631.29
732.241	28776.69
732.435	29010.16
732.628	28831.99
732.821	28872.95
733.014	28580.09
733.208	29245.68
733.401	29358.31
733.594	28913.91
733.788	28719.35
733.981	29399.27
734.174	29782.24
734.367	28864.75
734.56	29382.89
734.754	29769.96
734.947	29247.72
735.14	28963.06
735.333	28791.03
735.526	29696.23
735.719	29403.37
735.912	28762.36
736.105	29237.48
736.298	29698.28
736.491	29583.59
736.684	28645.62
736.877	28903.67
737.07	29415.66
737.263	29782.24
737.456	28535.03
737.649	28444.92
737.842	29325.55
738.035	29425.9
738.228	29090.03
738.421	29163.76
738.614	29325.55
738.807	29462.76
739	28516.6
739.192	28621.05
739.385	29040.88
739.578	29044.98
739.771	28549.37
739.964	28309.75
740.156	29204.72
740.349	29018.35
740.542	28993.78
740.735	28508.41
740.927	28999.92
741.12	28528.89
741.313	28336.38
741.505	29049.07
741.698	28872.95
741.891	29178.09
742.083	28469.5
742.276	28602.61
742.468	29124.85
742.661	28975.34
742.854	28489.98
743.046	28530.94
743.239	29092.08
743.431	28954.86
743.624	28457.21
743.816	28160.25
744.009	28803.32
744.201	28764.4
744.393	28707.06
744.586	28006.66
744.778	28889.33
744.971	28981.49
745.163	28336.38
745.355	28537.08
745.548	28625.14
745.74	28612.85
745.932	28205.31
746.125	28121.34
746.317	28901.62
746.509	28616.95
746.702	28055.81
746.894	28113.15
747.086	28797.17
747.278	28584.18
747.471	28334.33
747.663	28086.53
747.855	28674.29
748.047	28866.8
748.239	28023.04
748.431	27922.69
748.623	28688.63
748.815	28035.33
749.008	27535.62
749.2	28082.43
749.392	28291.32
749.584	28365.05
749.776	27980.03
749.968	28035.33
750.16	28840.18
750.352	28057.85
750.544	27980.03
750.736	27736.32
750.928	28377.34
751.12	28352.76
751.311	27642.12
751.503	27814.15
751.695	28162.3
751.887	28414.2
752.079	27574.53
752.271	27429.13
752.463	28614.9
752.654	27941.12
752.846	27343.11
753.038	27404.55
753.23	27584.77
753.421	27588.87
753.613	26921.23
753.805	27459.85
753.997	27592.97
754.188	27537.67
754.38	27183.37
754.572	27560.2
754.763	27750.66
754.955	27492.62
755.146	27216.14
755.338	27005.2
755.53	27805.95
755.721	27943.17
755.913	27025.68
756.104	26673.43
756.296	27396.36
756.487	27457.8
756.679	26978.57
756.87	26677.52
757.062	27166.99
757.253	27480.33
757.445	26927.38
757.636	26867.98
757.827	27359.5
758.019	28207.36
758.21	26675.48
758.401	26837.27
758.593	27703.56
758.784	27033.87
758.975	26249.5
759.167	26067.23
759.358	26693.91
759.549	26810.64
759.74	26036.51
759.932	26179.87
760.123	26677.52
760.314	26851.6
760.505	26278.17
760.696	26239.26
760.888	27296.01
761.079	26931.47
761.27	26345.75
761.461	26192.15
761.652	27078.93
761.843	26874.13
762.034	26648.85
762.225	26925.33
762.416	26831.12
762.607	26485.01
762.798	26016.03
762.989	26294.55
763.18	27611.4
763.371	26669.33
763.562	26022.17
763.753	25508.13
763.944	26186.01
764.135	26202.39
764.326	25991.45
764.517	25588
764.708	26071.32
764.899	25880.86
765.089	25307.43
765.28	25006.38
765.471	25923.87
765.662	25827.62
765.853	25567.52
766.043	25233.71
766.234	26259.74
766.425	25911.58
766.615	25645.35
766.806	25291.05
766.997	26255.64
767.187	26116.38
767.378	25575.72
767.569	25301.29
767.759	25868.58
767.95	25827.62
768.141	25612.58
768.331	25248.04
768.522	25889.06
768.712	25903.39
768.903	24826.16
769.093	25145.64
769.284	25680.16
769.474	25780.51
769.665	24777.01
769.855	24402.23
770.046	25733.41
770.236	25497.89
770.426	25164.07
770.617	24758.58
770.807	25483.56
770.998	25749.79
771.188	25174.31
771.378	24545.59
771.569	25676.07
771.759	25266.47
771.949	24095.03
772.139	24367.41
772.33	25139.5
772.52	25045.29
772.71	24641.84
772.9	24504.63
773.09	24893.74
773.281	25317.67
773.471	24490.29
773.661	24637.75
773.851	24871.22
774.041	25059.63
774.231	24441.14
774.421	24764.72
774.611	25272.62
774.802	25217.32
774.992	24521.01
775.182	23986.49
775.372	24953.13
775.562	24734
775.752	24357.17
775.942	24015.16
776.131	24983.85
776.321	24662.32
776.511	23880
776.701	24138.04
776.891	24848.69
777.081	24498.48
777.271	24054.08
777.461	24113.47
777.651	24559.92
777.84	24181.05
778.03	23669.06
778.22	23828.8
778.41	24109.37
778.599	24348.98
778.789	23933.25
778.979	23351.62
779.169	23976.25
779.358	24273.21
779.548	23974.2
779.738	23206.22
779.927	23990.59
780.117	23898.43
780.307	23054.67
780.496	22868.3
780.686	23957.82
780.875	24068.41
781.065	23325
781.254	23177.54
781.444	23591.23
781.633	24002.88
781.823	23312.71
782.012	23372.1
782.202	23750.98
782.391	23683.39
782.581	22862.16
782.77	23494.98
782.96	23923.01
783.149	23081.29
783.338	22931.79
783.528	22790.48
783.717	23902.53
783.906	24072.51
784.096	22929.74
784.285	22665.55
784.474	23316.81
784.663	23281.99
784.853	22487.38
785.042	22915.4
785.231	23394.63
785.42	23402.82
785.61	22806.86
785.799	22554.96
785.988	23601.47
786.177	23075.15
786.366	22559.06
786.555	22948.17
786.744	22907.21
786.933	22491.48
787.122	21895.52
787.312	21973.34
787.501	22366.55
787.69	23019.85
787.879	22221.14
788.068	22258.01
788.257	22544.72
788.445	22724.94
788.634	22309.21
788.823	21961.05
789.012	23040.33
789.201	22661.46
789.39	22145.37
789.579	22341.97
789.768	22700.37
789.957	22679.89
790.145	22049.11
790.334	21352.8
790.523	22032.73
790.712	22485.33
790.9	22139.22
791.089	21307.75
791.278	22686.03
791.467	22507.86
791.655	22571.35
791.844	22862.16
792.033	22471
792.221	22081.88
792.41	21959
792.599	21201.26
792.787	22405.46
792.976	22323.54
793.164	21692.77
793.353	21729.63
793.541	22698.32
793.73	22726.99
793.918	22067.55
794.107	21918.04
794.295	22245.72
794.484	22249.82
794.672	21526.88
794.861	21573.99
795.049	21885.28
795.238	22106.46
795.426	21379.43
795.614	21193.06
795.803	21840.22
795.991	22040.92
796.179	21520.74
796.368	21270.89
796.556	22196.57
796.744	21580.13
796.932	21227.88
797.121	21121.38
797.309	21703.01
797.497	22079.83
797.685	21037.42
797.874	21059.95
798.062	21758.3
798.25	21791.07
798.438	20728.17
798.626	21070.19
798.814	21592.42
799.002	21948.76
799.19	20851.05
799.378	20857.2
799.566	21586.27
799.755	21928.28
799.943	21348.71
800.131	21184.87
800.318	21707.1
800.506	21709.15
800.694	20932.97
800.882	21549.41
801.07	22309.21
801.258	21807.45
801.446	21533.03
801.634	21465.44
801.822	21584.23
802.01	21766.49
802.197	21395.81
802.385	21199.21
802.573	22450.52
802.761	21768.54
802.949	21490.02
803.136	20810.09
803.324	21797.21
803.512	21707.1
803.699	20969.83
803.887	20775.28
804.075	21578.08
804.262	21463.4
804.45	20892.01
804.638	21084.52
804.825	21553.51
805.013	21565.79
805.201	21434.72
805.388	20789.61
805.576	21918.04
805.763	22040.92
805.951	21256.55
806.138	20992.36
806.326	22315.35
806.513	21612.9
806.701	21078.38
806.888	20937.07
807.075	21852.51
807.263	22153.56
807.45	21156.2
807.638	21260.65
807.825	22133.08
808.012	21791.07
808.2	21238.12
808.387	21553.51
808.574	22102.36
808.761	22128.98
808.949	21457.25
809.136	21379.43
809.323	21956.96
809.51	22032.73
809.698	21766.49
809.885	21475.68
810.072	21932.38
810.259	22243.67
810.446	21410.15
810.633	21315.94
810.82	21971.29
811.008	22774.1
811.195	21975.39
811.382	21549.41
811.569	22231.38
811.756	21793.12
811.943	21600.61
812.13	21385.57
812.317	22157.66
812.504	21567.84
812.691	21633.38
812.878	21385.57
813.064	22686.03
813.251	22145.37
813.438	21576.03
813.625	21666.14
813.812	22073.69
813.999	22538.58
814.186	21924.19
814.372	21629.28
814.559	22296.92
814.746	22511.96
814.933	21682.53
815.12	21862.75
815.306	22047.07
815.493	21895.52
815.68	21514.59
815.866	21164.39
816.053	22413.65
816.24	22311.25
816.426	21660
816.613	21637.47
816.799	22055.26
816.986	22772.05
817.173	21664.1
817.359	21297.51
817.546	21934.43
817.732	21647.71
817.919	21119.34
818.105	21586.27
818.292	22014.3
818.478	22014.3
818.665	21721.44
818.851	21336.42
819.037	22399.32
819.224	21698.91
819.41	21047.66
819.597	21203.3
819.783	22208.86
819.969	21809.5
820.156	21164.39
820.342	21166.44
820.528	23497.03
820.714	21526.88
820.901	21246.31
821.087	21006.7
821.273	21977.44
821.459	21434.72
821.646	21025.13
821.832	20822.38
822.018	21754.21
822.204	21520.74
822.39	20978.03
822.576	20881.77
822.762	21569.89
822.948	21770.59
823.134	20892.01
823.32	20894.06
823.507	21158.25
823.693	21420.39
823.879	21559.65
824.065	20849
824.25	21399.91
824.436	21297.51
824.622	20875.63
824.808	20887.92
824.994	21336.42
825.18	21223.78
825.366	20529.52
825.552	20783.47
825.738	21315.94
825.923	21524.83
826.109	21332.33
826.295	20586.86
826.481	20887.92
826.667	21043.56
826.852	20517.23
827.038	20234.61
827.224	21219.69
827.409	21061.99
827.595	19779.96
827.781	20324.72
827.966	21145.96
828.152	21242.21
828.338	20240.76
828.523	19558.78
828.709	20541.81
828.894	20670.83
829.08	19827.07
829.266	19943.8
829.451	20814.19
829.637	20773.23
829.822	20193.65
830.008	20296.05
830.193	20791.66
830.378	21219.69
830.564	20238.71
830.749	19743.1
830.935	20515.19
831.12	20248.95
831.305	19489.15
831.491	19900.79
831.676	20031.86
831.861	20519.28
832.047	19825.02
832.232	19706.24
832.417	20697.45
832.602	20562.29
832.788	19806.59
832.973	19630.46
833.158	20164.98
833.343	19888.51
833.528	19642.75
833.714	20121.98
833.899	20382.07
834.084	20920.68
834.269	20054.39
834.454	19552.64
834.639	20267.38
834.824	20470.13
835.009	19652.99
835.194	19890.56
835.379	20054.39
835.564	20420.98
835.749	19356.04
835.934	18987.4
836.119	19636.61
836.304	19951.99
836.489	19169.67
836.674	19870.08
836.859	19517.82
837.044	20117.88
837.228	19376.51
837.413	18831.76
837.598	19794.3
837.783	19515.78
837.968	19175.81
838.152	19038.6
838.337	18868.62
838.522	19726.72
838.707	19724.67
838.891	19663.23
839.076	19532.16
839.261	19575.17
839.445	19147.14
839.63	19487.11
839.815	19937.66
839.999	19417.47
840.184	19046.79
840.368	19241.35
840.553	19603.84
840.737	19550.59
840.922	18860.43
841.106	18651.53
841.291	19292.55
841.475	19517.82
841.66	18798.99
841.844	18878.86
842.029	19894.65
842.213	18887.05
842.397	18676.11
842.582	18149.78
842.766	19493.25
842.951	19509.63
843.135	18667.92
843.319	18420.11
843.504	18997.64
843.688	19657.09
843.872	18139.54
844.056	18547.09
844.241	19292.55
844.425	18817.42
844.609	18481.55
844.793	18069.91
844.977	18932.11
845.161	18813.32
845.346	18168.21
845.53	17951.13
845.714	19046.79
845.898	19292.55
846.082	17826.2
846.266	18243.99
846.45	18614.67
846.634	18563.47
846.818	17953.18
847.002	18334.1
847.186	18839.95
847.37	17979.8
847.554	17850.78
847.738	18051.48
847.922	18362.77
848.106	18483.6
848.29	17650.08
848.473	17691.04
848.657	18321.81
848.841	18448.79
849.025	17834.39
849.209	17437.09
849.392	18176.41
849.576	18160.02
849.76	17383.84
849.944	17668.51
850.127	18682.25
850.311	17744.28
850.495	17576.35
850.678	17140.13
850.862	18205.08
851.046	18368.91
851.229	17797.53
851.413	16953.77
851.596	18227.6
851.78	17901.98
851.964	17678.75
852.147	17510.82
852.331	18786.7
852.514	18463.12
852.698	17502.62
852.881	17205.67
853.065	17826.2
853.248	17664.41
853.431	17486.24
853.615	17144.23
853.798	18325.91
853.982	17908.12
854.165	17441.18
854.348	17185.19
854.532	17428.9
854.715	17449.38
854.898	17240.48
855.081	16867.75
855.265	17936.79
855.448	18276.76
855.631	16902.57
855.814	16904.62
855.997	17473.95
856.181	17801.63
856.364	16972.2
856.547	16669.1
856.73	17670.56
856.913	17496.48
857.096	16513.45
857.279	17019.3
857.462	17369.51
857.645	17357.22
857.828	16927.14
858.011	16978.34
858.194	17394.08
858.377	17240.48
858.56	16771.5
858.743	16560.56
858.926	17086.89
859.109	17019.3
859.292	16427.44
859.475	16503.21
859.658	17101.22
859.841	17316.26
860.023	16218.55
860.206	16193.97
860.389	16892.33
860.572	16912.81
860.755	16427.44
860.937	16738.73
861.12	16634.28
861.303	16998.82
861.486	16245.17
861.668	16509.36
861.851	16687.53
862.034	16982.44
862.216	16353.71
862.399	15665.6
862.581	16425.39
862.764	16857.51
862.947	15987.13
863.129	15868.34
863.312	15954.36
863.494	16284.08
863.677	16122.29
863.859	15348.16
864.042	16431.54
864.224	16064.95
864.406	15688.12
864.589	15221.19
864.771	16011.7
864.954	15872.44
865.136	15561.15
865.318	15126.98
865.501	16595.37
865.683	15733.18
865.865	15395.26
866.048	15413.7
866.23	16103.86
866.412	15899.06
866.594	15231.43
866.777	15806.91
866.959	15968.69
867.141	15692.22
867.323	15731.13
867.505	15665.6
867.687	16021.94
867.869	15868.34
868.052	15335.87
868.234	15219.14
868.416	15774.14
868.598	15956.41
868.78	15272.39
868.962	15329.73
869.144	16228.79
869.326	15714.75
869.508	15210.95
869.69	15165.89
869.872	15487.42
870.054	16230.83
870.236	14815.69
870.417	14815.69
870.599	15286.72
870.781	16386.48
870.963	15272.39
871.145	15108.55
871.327	15630.78
871.508	15606.2
871.69	15178.18
871.872	14916.04
872.054	15673.79
872.235	15692.22
872.417	15057.35
872.599	14637.52
872.78	16208.31
872.962	15546.81
873.144	14649.8
873.325	14918.09
873.507	15944.12
873.689	15634.88
873.87	14905.8
874.052	15235.52
874.233	15532.48
874.415	16003.51
874.596	15223.23
874.778	14817.74
874.959	15485.37
875.141	15944.12
875.322	15051.2
875.503	14723.53
875.685	15958.46
875.866	15241.67
876.048	15079.88
876.229	15022.53
876.41	15505.85
876.592	16007.61
876.773	15004.1
876.954	14635.47
877.136	15888.82
877.317	15704.51
877.498	14741.96
877.679	15438.27
877.86	15800.76
878.042	15942.07
878.223	15315.39
878.404	15845.82
878.585	15845.82
878.766	16445.87
878.947	15995.32
879.128	15632.83
879.309	16046.52
879.49	16003.51
879.672	15253.95
879.853	15225.28
880.034	15698.36
880.215	16023.99
880.396	15307.2
880.576	15491.52
880.757	15696.32
880.938	16228.79
881.119	15233.47
881.3	15075.78
881.481	15528.38
881.662	16908.71
881.843	15296.96
882.023	15182.27
882.204	16519.6
882.385	15972.79
882.566	15501.76
882.747	15501.76
882.927	16042.42
883.108	15884.73
883.289	15514.05
883.469	15917.5
883.65	15995.32
883.831	15808.95
884.011	15684.03
884.192	15792.57
884.373	16294.32
884.553	16142.77
884.734	15657.4
884.914	16277.94
885.095	17392.03
885.275	16708.01
885.456	15821.24
885.636	15450.56
885.817	16339.38
885.997	16677.29
886.178	15720.89
886.358	15935.93
886.538	16509.36
886.719	18119.06
886.899	15358.4
887.08	16077.24
887.26	16791.98
887.44	16312.75
887.621	15815.1
887.801	16007.61
887.981	17203.62
888.161	17009.06
888.342	16107.96
888.522	16075.19
888.702	16890.28
888.882	16785.83
889.062	15987.13
889.242	15712.7
889.423	16916.9
889.603	16894.38
889.783	16370.1
889.963	16052.66
890.143	16617.9
890.323	16925.1
890.503	16210.36
890.683	16050.61
890.863	16607.66
891.043	16787.88
891.223	15970.74
891.403	16595.37
891.583	16712.11
891.763	16777.64
891.943	16026.04
892.122	16300.47
892.302	16589.23
892.482	16615.85
892.662	16560.56
892.842	16191.92
893.022	16617.9
893.201	16562.61
893.381	16107.96
893.561	16118.2
893.741	16916.9
893.92	16535.98
894.1	16372.14
894.28	16353.71
894.459	17183.14
894.639	16886.18
894.819	16134.58
894.998	16564.65
895.178	17250.72
895.357	16828.84
895.537	16046.52
895.716	16193.97
895.896	16755.11
896.075	17002.92
896.255	16325.04
896.434	15874.49
896.614	17496.48
896.793	16886.18
896.973	16409.01
897.152	16177.59
897.331	16734.64
897.511	16808.36
897.69	15894.97
897.87	16189.88
898.049	16990.63
898.228	16486.83
898.407	16183.73
898.587	16353.71
898.766	16110
898.945	16116.15
899.124	16107.96
899.304	16003.51
899.483	16253.36
899.662	16746.92
899.841	15649.21
900.02	15894.97
900.199	16425.39
900.378	16452.02
900.557	15415.74
900.737	15442.37
900.916	15911.35
901.095	15937.98
901.274	15665.6
901.453	15397.31
901.632	15727.03
901.811	15724.99
901.989	15303.11
902.168	15372.74
902.347	16390.58
902.526	16056.76
902.705	15641.02
902.884	15679.93
903.063	16515.5
903.242	16191.92
903.42	15364.54
903.599	15452.61
903.778	15825.34
903.957	16402.86
904.135	15786.43
904.314	15333.82
904.493	15919.54
904.672	15700.41
904.85	15385.02
905.029	15249.86
905.207	15917.5
905.386	16511.41
905.565	15055.3
905.743	15182.27
905.922	15876.54
906.1	15708.6
906.279	15161.8
906.457	15364.54
906.636	15813.05
906.814	15602.11
906.993	15454.65
907.171	15067.59
907.35	15483.33
907.528	15966.65
907.707	15147.46
907.885	14641.61
908.063	15423.94
908.242	15362.5
908.42	14717.39
908.598	14358.99
908.777	15516.09
908.955	15104.45
909.133	14868.94
909.311	14438.86
909.49	15008.2
909.668	14770.63
909.846	14420.43
910.024	14387.66
910.202	14963.14
910.38	15221.19
910.559	14264.78
910.737	14326.22
910.915	14844.36
911.093	14684.62
911.271	14307.79
911.449	14535.12
911.627	14934.47
911.805	15233.47
911.983	13902.29
912.161	14055.89
912.339	14621.13
912.517	14981.57
912.695	14555.6
912.872	14275.02
913.05	14754.25
913.228	14498.25
913.406	13973.97
913.584	13844.95
913.762	14635.47
913.939	14563.79
914.117	14012.88
914.295	13836.76
914.473	14103
914.65	14414.29
914.828	13650.39
915.006	13500.89
915.184	14076.37
915.361	13871.58
915.539	13793.75
915.716	13697.5
915.894	14047.7
916.072	14004.69
916.249	13857.24
916.427	13699.55
916.604	13816.28
916.782	13973.97
916.959	13281.76
917.137	13187.55
917.314	13996.5
917.492	13857.24
917.669	13335.01
917.847	13466.08
918.024	13849.05
918.201	13380.06
918.379	12855.78
918.556	13363.68
918.733	13695.45
918.911	13228.51
919.088	13304.29
919.265	12970.47
919.442	13197.79
919.62	13375.97
919.797	12530.16
919.974	12429.8
920.151	13402.59
920.328	13066.72
920.506	12597.74
920.683	13117.92
920.86	12837.35
921.037	12988.9
921.214	12612.07
921.391	12343.79
921.568	12923.37
921.745	12868.07
921.922	12530.16
922.099	12382.7
922.276	13029.86
922.453	12679.66
922.63	12259.82
922.807	12489.2
922.984	12927.46
923.161	12591.59
923.338	12476.91
923.514	11954.68
923.691	12685.8
923.868	12661.23
924.045	11815.41
924.222	11776.5
924.399	12644.84
924.575	12515.82
924.752	12161.52
924.929	11883
925.105	12202.48
925.282	11983.35
925.459	11936.24
925.635	12038.64
925.812	12329.45
925.989	12018.16
926.165	11567.61
926.342	11448.83
926.518	12014.07
926.695	11923.96
926.871	11321.85
927.048	11395.58
927.224	12052.98
927.401	11514.36
927.577	11375.1
927.754	11084.29
927.93	11854.33
928.107	11602.43
928.283	10994.18
928.459	11010.56
928.636	11690.49
928.812	11315.71
928.988	10920.45
929.165	11033.09
929.341	11364.86
929.517	11444.73
929.693	11631.1
929.87	10449.42
930.046	11334.14
930.222	11235.84
930.398	10615.3
930.574	10727.94
930.751	11006.47
930.927	11010.56
931.103	10729.99
931.279	10580.49
931.455	10930.69
931.631	11090.43
931.807	10435.08
931.983	10408.46
932.159	10301.97
932.335	10635.78
932.511	10074.64
932.687	10125.84
932.863	10328.59
933.039	10451.47
933.215	9835.03
933.391	9712.15
933.566	10170.9
933.742	10406.41
933.918	9484.83
934.094	9263.65
934.27	9927.19
934.445	9873.94
934.621	9472.54
934.797	9181.73
934.973	9689.62
935.148	9456.15
935.324	9099.81
935.5	8618.54
935.675	9466.39
935.851	9284.12
936.027	8864.29
936.202	8761.89
936.378	9200.16
936.553	8868.39
936.729	9159.2
936.904	8172.08
937.08	8170.03
937.255	8000.05
937.431	7858.74
937.606	7588.41
937.782	7842.35
937.957	8104.49
938.133	7197.24
938.308	7086.65
938.483	7406.14
938.659	7297.6
938.834	7041.6
939.009	6627.91
939.185	7205.44
939.36	6894.15
939.535	6060.62
939.71	6730.31
939.886	7043.65
940.061	6550.09
940.236	6568.52
940.411	6351.43
940.586	6558.28
940.761	6632.01
940.937	6050.38
941.112	5882.45
941.287	6132.3
941.462	6134.35
941.637	5675.6
941.812	5880.4
941.987	6156.88
942.162	6093.39
942.337	5691.99
942.512	5620.31
942.687	6365.77
942.862	6038.09
943.037	5323.35
943.212	5356.12
943.386	5653.08
943.561	5853.78
943.736	5714.52
943.911	6111.82
944.086	6427.21
944.26	5956.18
944.435	5669.46
944.61	5841.49
944.785	6052.43
944.959	6490.7
945.134	5689.94
945.309	5497.43
945.483	5575.25
945.658	6158.92
945.833	5409.37
946.007	5218.91
946.182	6199.88
946.357	5761.62
946.531	5567.06
946.706	5313.11
946.88	5646.93
947.055	6027.85
947.229	5685.84
947.404	5565.01
947.578	6103.63
947.752	6058.57
947.927	5397.08
948.101	5435.99
948.276	6433.35
948.45	5997.14
948.624	6093.39
948.799	5517.91
948.973	5878.35
949.147	5624.4
949.321	5716.56
949.496	5702.23
949.67	6519.37
949.844	6021.71
950.018	5739.09
950.193	5728.85
950.367	6928.96
950.541	6097.49
950.715	6074.96
950.889	6017.61
951.063	6261.32
951.237	6615.62
951.411	5792.34
951.585	5880.4
951.759	6505.03
951.933	6494.79
952.107	5978.7
952.281	6312.52
952.455	6851.14
952.629	6462.02
952.803	5970.51
952.977	5990.99
953.151	6806.08
953.325	6296.14
953.499	6226.51
953.672	5950.03
953.846	6545.99
954.02	6521.42
954.194	6224.46
954.368	5945.94
954.541	6885.95
954.715	6541.89
954.889	6312.52
955.062	6001.23
955.236	6480.46
955.41	6603.33
955.583	6597.19
955.757	5990.99
955.93	6771.27
956.104	6615.62
956.278	6163.02
956.451	6246.99
956.625	6785.6
956.798	6994.5
956.972	6644.29
957.145	6107.73
957.319	6994.5
957.492	6652.49
957.665	6500.94
957.839	6224.46
958.012	6728.26
958.185	6615.62
958.359	6363.72
958.532	6629.96
958.705	6828.61
958.879	6447.69
959.052	6494.79
959.225	6042.19
959.398	6627.91
959.572	6785.6
959.745	6306.38
959.918	6353.48
960.091	6693.44
960.264	7025.22
960.438	6312.52
960.611	6263.37
960.784	6902.34
960.957	6533.7
961.13	6894.15
961.303	6328.91
961.476	6662.73
961.649	7123.52
961.822	6083.15
961.995	6431.3
962.168	6658.63
962.341	7017.02
962.514	6177.36
962.686	6060.62
962.859	6720.07
963.032	6838.85
963.205	6314.57
963.378	5935.7
963.551	6599.24
963.723	6470.22
963.896	6441.54
964.069	6459.98
964.242	6740.55
964.414	7217.72
964.587	6380.11
964.76	6257.23
964.932	6707.78
965.105	6541.89
965.278	6171.21
965.45	6064.72
965.623	6599.24
965.795	6781.51
965.968	5937.74
966.14	5997.14
966.313	6517.32
966.485	6513.22
966.658	6072.91
966.83	6107.73
967.003	6828.61
967.175	6570.57
967.348	5980.75
967.52	6152.78
967.692	6945.34
967.865	6775.36
968.037	6077.01
968.209	6369.87
968.382	6652.49
968.554	6705.73
968.726	6097.49
968.898	5890.64
969.071	6967.87
969.243	6552.13
969.415	5982.8
969.587	6138.44
969.759	6593.09
969.932	6289.99
970.104	5919.31
970.276	5448.28
970.448	6163.02
970.62	6171.21
970.792	5964.37
970.964	5921.36
971.136	6517.32
971.308	6419.02
971.48	5730.9
971.652	5608.02
971.824	6443.59
971.996	6056.53
972.168	5814.87
972.339	5988.94
972.511	6359.63
972.683	6269.51
972.855	6216.27
973.027	5632.6
973.199	6427.21
973.37	6203.98
973.542	5876.31
973.714	6034
973.886	6122.06
974.057	6218.32
974.229	5835.35
974.401	5675.6
974.572	5935.7
974.744	5767.76
974.915	5530.2
975.087	5493.33
975.259	6341.19
975.43	5732.95
975.602	5364.31
975.773	5427.8
975.945	5829.2
976.116	6044.24
976.288	5290.59
976.459	5751.38
976.63	5735
976.802	6097.49
976.973	5483.09
977.145	5878.35
977.316	6603.33
977.487	6582.85
977.659	5558.87
977.83	5587.54
978.001	6111.82
978.172	6083.15
978.344	5343.83
978.515	5507.67
978.686	5812.82
978.857	6367.82
979.028	5419.61
979.2	5388.89
979.371	6103.63
979.542	5790.29
979.713	5479
979.884	5104.22
980.055	5771.86
980.226	5810.77
980.397	5444.18
980.568	5153.37
980.739	5982.8
980.91	5493.33
981.081	5382.74
981.252	5132.89
981.423	5542.49
981.594	5562.97
981.765	4948.58
981.936	5292.63
982.106	5628.5
982.277	5970.51
982.448	4940.38
982.619	5366.36
982.79	5284.44
982.96	5571.16
983.131	5341.79
983.302	4801.12
983.472	5403.22
983.643	5511.77
983.814	5093.98
983.984	4971.1
984.155	5300.83
984.326	5315.16
984.496	5153.37
984.667	4844.13
984.837	4958.81
985.008	5610.07
985.178	5251.67
985.349	4774.5
985.519	5329.5
985.69	4848.22
985.86	4766.31
986.031	4727.39
986.201	5364.31
986.371	5212.76
986.542	4633.19
986.712	4434.53
986.882	5374.55
987.053	5028.45
987.223	4569.7
987.393	5007.97
987.563	4872.8
987.734	4971.1
987.904	5196.38
988.074	4469.35
988.244	4727.39
988.414	4870.75
988.585	4338.28
988.755	4735.59
988.925	4735.59
989.095	5458.52
989.265	4280.94
989.435	4651.62
989.605	4864.61
989.775	5077.6
989.945	4797.03
990.115	4235.88
990.285	4821.6
990.455	4735.59
990.625	4495.97
990.795	4180.59
990.965	5032.54
991.134	4483.69
991.304	4186.73
991.474	4217.45
991.644	4756.07
991.814	4911.71
991.984	3920.49
992.153	4098.67
992.323	4448.87
992.493	4719.2
992.662	3906.16
992.832	4248.17
993.002	4354.66
993.171	4612.71
993.341	3676.79
993.511	4045.42
993.68	4309.61
993.85	4528.74
994.019	3711.6
994.189	3658.35
994.358	4203.11
994.528	4162.16
994.697	3580.53
994.867	3701.36
995.036	4420.2
995.206	4061.8
995.375	3678.83
995.544	3990.13
995.714	4547.17
995.883	4158.06
996.052	3863.15
996.222	3437.17
996.391	4588.13
996.56	4258.41
996.73	3658.35
996.899	3392.12
997.068	4559.46
997.237	4088.43
997.406	3406.45
997.576	3420.79
997.745	4348.52
997.914	3969.65
998.083	3340.92
998.252	3422.84
998.421	3977.84
998.59	3914.35
998.759	3375.74
998.928	3205.75
999.097	4156.01
999.266	4203.11
999.435	3703.41
999.604	3256.95
999.773	4362.86
999.942	3824.24
1000.111	3111.55
1000.28	3125.88
1000.448	3709.55
1000.617	3609.2
1000.786	3568.24
1000.955	2880.13
1001.124	4094.57
1001.292	4358.76
1001.461	3265.14
1001.63	3156.6
1001.798	4031.09
1001.967	3920.49
1002.136	3043.96
1002.304	3158.65
1002.473	4053.61
1002.642	3676.79
1002.81	3199.61
1002.979	3324.54
1003.147	4078.19
1003.316	3990.13
1003.484	2972.29
1003.653	3146.36
1003.821	3793.52
1003.99	3594.87
1004.158	3457.65
1004.327	3299.96
1004.495	3654.26
1004.663	3691.12
1004.832	3269.24
1005	2767.49
1005.168	3601.01
1005.337	3373.69
1005.505	2564.74
1005.673	3369.59
1005.842	3693.17
1006.01	3379.83
1006.178	2722.43
1006.346	2925.18
1006.514	3189.37
1006.683	3875.44
1006.851	2863.74
1007.019	3007.1
1007.187	3103.36
1007.355	2855.55
1007.523	2589.32
1007.691	2642.56
1007.859	3191.42
1008.027	3895.92
1008.195	2663.04
1008.363	2595.46
1008.531	3101.31
1008.699	3281.53
1008.867	2441.86
1009.035	2480.77
1009.203	3560.05
1009.37	3215.99
1009.538	2716.29
1009.706	3347.06
1009.874	3136.12
1010.042	3007.1
1010.209	2359.94
1010.377	2278.02
1010.545	3054.2
1010.713	3115.64
1010.88	2337.41
1011.048	2349.7
1011.216	2923.13
1011.383	3263.1
1011.551	2409.09
1011.718	2269.83
1011.886	3101.31
1012.054	3154.55
1012.221	2292.36
1012.389	2257.54
1012.556	2921.09
1012.724	3076.73
1012.891	2359.94
1013.058	1987.21
1013.226	2962.05
1013.393	2904.7
1013.561	2173.58
1013.728	2151.05
1013.895	3183.23
1014.063	2818.69
1014.23	2062.99
1014.397	2222.73
1014.565	2927.23
1014.732	2759.3
1014.899	2095.75
1015.066	2069.13
1015.233	2886.27
1015.401	2914.94
1015.568	2155.15
1015.735	2364.04
1015.902	2822.78
1016.069	2941.57
1016.236	2065.04
1016.403	1815.18
1016.57	2288.26
1016.737	3113.6
1016.904	1968.78
1017.071	1944.2
1017.238	2259.59
1017.405	2617.99
1017.572	1993.36
1017.739	2421.38
1017.906	3105.4
1018.073	2775.68
1018.24	1917.58
1018.407	2120.33
1018.573	2642.56
1018.74	2527.88
1018.907	2079.37
1019.074	1710.74
1019.241	2552.45
1019.407	2419.33
1019.574	1628.82
1019.741	1901.2
1019.907	2769.54
1020.074	2925.18
1020.241	1561.23
1020.407	1571.47
1020.574	2409.09
1020.74	2390.66
1020.907	1839.76
1021.073	1655.44
1021.24	2998.91
1021.406	2548.36
1021.573	1553.04
1021.739	1749.65
1021.906	2706.05
1022.072	2310.79
1022.239	1663.63
1022.405	1718.93
1022.571	2310.79
1022.738	2048.65
1022.904	1594
1023.07	1784.46
1023.237	2275.98
1023.403	2468.48
1023.569	1729.17
1023.735	1651.35
1023.902	2278.02
1024.068	2171.53
1024.234	1221.27
1024.4	1618.58
1024.566	2022.03
1024.732	2194.06
1024.898	1493.65
1025.065	1208.98
1025.231	2050.7
1025.397	1899.15
1025.563	1536.66
1025.729	1370.77
1025.895	1540.76
1026.061	1878.67
1026.227	1145.5
1026.392	1471.12
1026.558	2134.67
1026.724	2208.39
1026.89	1407.64
1027.056	1503.89
1027.222	1782.42
1027.388	1913.49
1027.553	1366.68
1027.719	1237.66
1027.885	2396.81
1028.051	1974.92
1028.216	991.9
1028.382	1299.09
1028.548	2110.09
1028.713	1890.96
1028.879	1143.45
1029.045	1571.47
1029.21	2146.95
1029.376	1893.01
1029.541	1237.66
1029.707	1323.67
1029.873	2005.64
1030.038	1946.25
1030.204	1245.85
1030.369	1071.77
1030.534	1905.29
1030.7	1671.83
1030.865	1340.05
1031.031	1110.68
1031.196	1788.56
1031.361	1661.59
1031.527	1112.73
1031.692	1053.34
1031.857	1469.08
1032.023	1909.39
1032.188	1049.24
1032.353	1106.59
1032.518	1950.35
1032.684	1729.17
1032.849	893.6
1033.014	1145.5
1033.179	1594
1033.344	1761.94
1033.509	1120.92
1033.674	1102.49
1033.839	1757.84
1034.004	1706.64
1034.17	1094.3
1034.335	783.01
1034.5	1571.47
1034.664	1454.74
1034.829	1071.77
1034.994	1258.14
1035.159	1395.35
1035.324	1671.83
1035.489	1073.82
1035.654	862.88
1035.819	2134.67
1035.984	1637.01
1036.148	1127.07
1036.313	1028.76
1036.478	1718.93
1036.643	1407.64
1036.807	905.88
1036.972	758.43
1037.137	2077.32
1037.301	1282.71
1037.466	625.31
1037.631	991.9
1037.795	1602.19
1037.96	1276.57
1038.124	1182.36
1038.289	762.53
1038.454	1338.01
1038.618	1606.29
1038.783	998.04
1038.947	905.88
1039.111	1237.66
1039.276	1372.82
1039.44	791.2
1039.605	1675.92
1039.769	1362.58
1039.933	1284.76
1040.098	873.12
1040.262	1159.83
1040.426	1448.6
1040.591	1387.16
1040.755	674.46
1040.919	696.99
1041.083	1643.15
1041.248	1192.6
1041.412	535.2
1041.576	696.99
1041.74	1223.32
1041.904	1292.95
1042.068	727.71
1042.232	766.62
1042.397	1696.4
1042.561	1372.82
1042.725	307.88
1042.889	729.76
1043.053	1237.66
1043.217	1249.94
1043.381	766.62
1043.544	529.06
1043.708	1411.73
1043.872	1008.28
1044.036	354.98
1044.2	522.91
1044.364	1553.04
1044.528	1487.51
1044.691	8434.22
1044.855	406.18
1045.019	1108.63
1045.183	1264.28
1045.346	725.66
1045.51	434.85
1045.674	1378.97
1045.837	1331.86
1046.001	633.5
1046.165	608.93
1046.328	1716.88
1046.492	1022.62
1046.655	891.55
1046.819	598.69
1046.983	1082.01
1047.146	996
1047.31	660.13
1047.473	281.25
1047.636	1014.43
1047.8	1002.14
1047.963	668.32
1048.127	430.76
1048.29	783.01
