345.52	-1314.11
345.736	-1314.11
345.952	-1314.11
346.168	-1295.68
346.384	-1307.97
346.6	-238.93
346.816	-265.55
347.032	-177.49
347.248	516.77
347.464	-326.99
347.68	-214.35
347.896	-19.8
348.112	334.5
348.328	-148.82
348.544	68.27
348.76	219.82
348.975	252.58
349.191	-333.14
349.407	-394.58
349.623	201.38
349.839	164.52
350.055	-247.12
350.27	-34.13
350.486	197.29
350.702	279.21
350.918	418.47
351.133	-169.3
351.349	176.81
351.565	502.43
351.781	-460.11
351.996	76.46
352.212	172.71
352.428	178.86
352.644	-341.33
352.859	-283.99
353.075	293.54
353.291	66.22
353.506	-202.07
353.722	-425.29
353.938	68.27
354.153	434.85
354.369	295.59
354.584	-329.04
354.8	293.54
355.016	-109.91
355.231	-415.06
355.447	-130.39
355.662	283.3
355.878	701.09
356.093	-544.08
356.309	-44.37
356.524	-17.75
356.74	522.91
356.955	-398.67
357.171	-109.91
357.386	232.1
357.602	-89.43
357.817	-128.34
358.033	-189.78
358.248	404.13
358.464	307.88
358.679	-163.15
358.895	-441.68
359.11	4.78
359.325	121.51
359.541	371.36
359.756	-46.42
359.972	-165.2
360.187	576.16
360.402	-355.66
360.618	-200.02
360.833	1682.07
361.048	146.09
361.264	-222.55
361.479	-27.99
361.694	170.66
361.909	234.15
362.125	-341.33
362.34	-197.97
362.555	244.39
362.77	185
362.986	-415.06
363.201	-283.99
363.416	211.62
363.631	64.17
363.847	-353.62
364.062	-261.46
364.277	244.39
364.492	160.42
364.707	-290.13
364.922	-492.88
365.138	299.69
365.353	379.56
365.568	-402.77
365.783	-169.3
365.998	387.75
366.213	619.17
366.428	-333.14
366.643	170.66
366.858	293.54
367.073	303.78
367.288	-283.99
367.503	-302.42
367.718	-25.94
367.933	524.96
368.148	-363.86
368.363	-99.67
368.578	219.82
368.793	512.67
369.008	-75.09
369.223	-353.62
369.438	322.21
369.653	289.45
369.868	-427.34
370.083	-275.79
370.298	275.11
370.513	547.49
370.728	64.17
370.943	-269.65
371.157	29.35
371.372	768.67
371.587	-453.97
371.802	-396.62
372.017	127.66
372.232	494.24
372.446	-87.38
372.661	-259.41
372.876	213.67
373.091	301.73
373.306	-144.72
373.52	-453.97
373.735	60.07
373.95	621.22
374.165	-267.6
374.379	-130.39
374.594	-17.75
374.809	524.96
375.023	86.7
375.238	-322.9
375.453	246.44
375.667	-38.23
375.882	-283.99
376.097	-347.47
376.311	146.09
376.526	281.25
376.741	-331.09
376.955	240.29
377.17	467.62
377.384	903.84
377.599	-13.65
377.813	-392.53
378.028	758.43
378.242	264.87
378.457	-140.63
378.672	-441.68
378.886	0.68
379.101	109.22
379.315	-439.63
379.53	-202.07
379.744	395.94
379.958	334.5
380.173	-222.55
380.387	-349.52
380.602	291.49
380.816	17.07
381.031	-181.59
381.245	-175.44
381.459	279.21
381.674	1036.95
381.888	-550.22
382.103	244.39
382.317	27.31
382.531	457.38
382.746	-95.57
382.96	-206.16
383.174	84.65
383.388	639.65
383.603	68.27
383.817	-347.47
384.031	21.16
384.246	547.49
384.46	-60.76
384.674	723.62
384.888	-142.68
385.103	379.56
385.317	-464.21
385.531	-25.94
385.745	832.16
385.959	473.76
386.174	-234.83
386.388	-396.62
386.602	78.51
386.816	35.5
387.03	-222.55
387.244	-132.44
387.458	166.57
387.672	432.8
387.887	-533.84
388.101	-271.7
388.315	346.79
388.529	109.22
388.743	-200.02
388.957	-312.66
389.171	461.48
389.385	47.79
389.599	-361.81
389.813	51.88
390.027	141.99
390.241	770.72
390.455	-173.39
390.669	-62.8
390.883	64.17
391.097	535.2
391.311	103.08
391.525	-204.11
391.738	434.85
391.952	551.59
392.166	43.69
392.38	-372.05
392.594	422.56
392.808	363.17
393.022	-89.43
393.236	-171.35
393.449	256.68
393.663	574.11
393.877	-236.88
394.091	-95.57
394.305	82.6
394.518	129.7
394.732	-388.43
394.946	-177.49
395.16	680.61
395.373	178.86
395.587	-361.81
395.801	-255.31
396.015	357.03
396.228	281.25
396.442	-300.37
396.656	-466.25
396.869	346.79
397.083	678.56
397.297	-138.58
397.51	-154.96
397.724	324.26
397.938	230.06
398.151	-449.87
398.365	-378.19
398.578	387.75
398.792	537.25
399.005	70.31
399.219	-322.9
399.433	260.77
399.646	404.13
399.86	98.99
400.073	275.11
400.287	287.4
400.5	307.88
400.714	51.88
400.927	-109.91
401.141	535.2
401.354	1768.08
401.567	412.32
401.781	-367.95
401.994	195.24
402.208	760.48
402.421	-56.66
402.635	-159.06
402.848	-54.61
403.061	371.36
403.275	-95.57
403.488	-302.42
403.701	559.78
403.915	445.09
404.128	131.75
404.341	-173.39
404.555	615.07
404.768	10.92
404.981	86.7
405.195	-114
405.408	428.71
405.621	299.69
405.834	139.94
406.048	-281.94
406.261	520.87
406.474	447.14
406.687	-273.75
406.9	-54.61
407.114	418.47
407.327	465.57
407.54	-402.77
407.753	-400.72
407.966	0.68
408.179	271.01
408.392	-238.93
408.605	-406.86
408.819	338.6
409.032	496.29
409.245	-169.3
409.458	96.94
409.671	268.97
409.884	410.28
410.097	-380.24
410.31	23.21
410.523	582.31
410.736	172.71
410.949	-19.8
411.162	-234.83
411.375	467.62
411.588	340.65
411.801	15.02
412.014	-181.59
412.227	96.94
412.44	291.49
412.653	-109.91
412.865	105.13
413.078	555.68
413.291	473.76
413.504	8.87
413.717	-300.37
413.93	539.3
414.143	92.84
414.356	-34.13
414.568	-402.77
414.781	338.6
414.994	406.18
415.207	35.5
415.42	49.83
415.632	359.08
415.845	819.87
416.058	-341.33
416.271	-318.8
416.483	418.47
416.696	649.89
416.909	-218.45
417.121	-181.59
417.334	178.86
417.547	551.59
417.759	-267.6
417.972	-134.48
418.185	113.32
418.397	461.48
418.61	-126.29
418.823	-206.16
419.035	604.83
419.248	295.59
419.46	-138.58
419.673	21.16
419.885	166.57
420.098	352.93
420.311	-210.26
420.523	-433.49
420.736	475.81
420.948	256.68
421.161	-134.48
421.373	-267.6
421.586	84.65
421.798	55.98
422.01	-349.52
422.223	23.21
422.435	39.59
422.648	625.31
422.86	-226.64
423.073	-9.56
423.285	250.53
423.497	105.13
423.71	-140.63
423.922	-124.24
424.134	529.06
424.347	744.1
424.559	244.39
424.771	299.69
424.984	438.95
425.196	412.32
425.408	-300.37
425.621	-148.82
425.833	481.96
426.045	793.25
426.257	-374.1
426.47	-62.8
426.682	162.47
426.894	256.68
427.106	-222.55
427.318	2.73
427.531	223.91
427.743	375.46
427.955	-19.8
428.167	613.03
428.379	170.66
428.591	160.42
428.804	21.16
429.016	-150.87
429.228	381.6
429.44	520.87
429.652	13773.27
429.864	-294.22
430.076	301.73
430.288	406.18
430.5	12.97
430.712	51.88
430.924	447.14
431.136	578.21
431.348	-224.59
431.56	-191.83
431.772	225.96
431.984	141.99
432.196	-265.55
432.408	-118.1
432.62	309.93
432.832	422.56
433.044	371.36
433.256	92.84
433.468	432.8
433.679	88.75
433.891	-255.31
434.103	238.25
434.315	754.34
434.527	510.63
434.739	144.04
434.95	-87.38
435.162	377.51
435.374	-77.14
435.586	139.94
435.798	-81.24
436.009	324.26
436.221	250.53
436.433	62.12
436.645	-109.91
436.856	244.39
437.068	797.34
437.28	-128.34
437.491	301.73
437.703	547.49
437.915	412.32
438.126	-15.7
438.338	441
438.55	262.82
438.761	338.6
438.973	51.88
439.184	-27.99
439.396	283.3
439.608	418.47
439.819	-175.44
440.031	109.22
440.242	594.59
440.454	498.34
440.665	33.45
440.877	264.87
441.088	678.56
441.3	459.43
441.511	-247.12
441.723	-46.42
441.934	776.86
442.146	529.06
442.357	137.9
442.569	670.37
442.78	588.45
442.991	1180.31
443.203	510.63
443.414	-97.62
443.626	813.73
443.837	350.89
444.048	-85.33
444.26	-226.64
444.471	545.44
444.682	490.15
444.894	-87.38
445.105	-56.66
445.316	723.62
445.528	584.35
445.739	252.58
445.95	201.38
446.161	309.93
446.373	617.12
446.584	66.22
446.795	-1.37
447.006	758.43
447.217	789.15
447.429	-111.96
447.64	-134.48
447.851	1462.93
448.062	682.66
448.273	-81.24
448.484	98.99
448.695	645.79
448.907	717.47
449.118	109.22
449.329	539.3
449.54	453.28
449.751	397.99
449.962	58.03
450.173	-3.41
450.384	551.59
450.595	924.32
450.806	109.22
451.017	176.81
451.228	832.16
451.439	723.62
451.65	148.14
451.861	-214.35
452.072	400.04
452.283	443.04
452.494	354.98
452.705	51.88
452.915	1165.98
453.126	594.59
453.337	189.1
453.548	49.83
453.759	1014.43
453.97	932.51
454.181	709.28
454.391	180.9
454.602	672.42
454.813	1008.28
455.024	238.25
455.235	35.5
455.445	957.08
455.656	604.83
455.867	518.82
456.078	240.29
456.288	496.29
456.499	842.4
456.71	23.21
456.921	524.96
457.131	610.98
457.342	588.45
457.553	203.43
457.763	168.62
457.974	549.54
458.184	627.36
458.395	107.18
458.606	-138.58
458.816	1020.57
459.027	1125.02
459.237	354.98
459.448	129.7
459.659	844.45
459.869	1655.44
460.08	-7.51
460.29	445.09
460.501	1088.15
460.711	772.77
460.922	-79.19
461.132	92.84
461.343	1643.15
461.553	547.49
461.764	88.75
461.974	258.73
462.184	940.7
462.395	985.76
462.605	232.1
462.816	55.98
463.026	840.35
463.236	864.93
463.447	119.46
463.657	158.38
463.867	983.71
464.078	713.38
464.288	234.15
464.498	422.56
464.709	928.41
464.919	881.31
465.129	389.8
465.339	195.24
465.55	817.82
465.76	1104.54
465.97	367.27
466.18	369.32
466.391	998.04
466.601	869.02
466.811	391.84
467.021	53.93
467.231	1034.91
467.441	1129.11
467.651	506.53
467.862	76.46
468.072	723.62
468.282	871.07
468.492	287.4
468.702	590.5
468.912	1108.63
469.122	1708.69
469.332	889.5
469.542	338.6
469.752	1292.95
469.962	920.22
470.172	322.21
470.382	393.89
470.592	1354.39
470.802	1077.91
471.012	690.85
471.222	389.8
471.432	1026.71
471.642	1139.35
471.852	723.62
472.062	463.52
472.272	977.56
472.482	821.92
472.691	508.58
472.901	328.36
473.111	838.3
473.321	1571.47
473.531	547.49
473.741	897.69
473.95	1274.52
474.16	1280.66
474.37	819.87
474.58	406.18
474.79	1661.59
474.999	1090.2
475.209	664.22
475.419	682.66
475.628	1331.86
475.838	1571.47
476.048	846.49
476.258	539.3
476.467	1479.32
476.677	1135.26
476.886	1022.62
477.096	883.36
477.306	1141.4
477.515	1467.03
477.725	989.85
477.935	975.52
478.144	1860.24
478.354	1266.33
478.563	842.4
478.773	813.73
478.982	1512.08
479.192	1622.67
479.401	854.69
479.611	832.16
479.82	1043.1
480.03	1473.17
480.239	723.62
480.449	758.43
480.658	1792.66
480.868	1462.93
481.077	1133.21
481.287	1018.52
481.496	1497.75
481.705	1694.35
481.915	1413.78
482.124	1329.81
482.333	1618.58
482.543	2130.57
482.752	1346.2
482.961	1004.19
483.171	1729.17
483.38	1522.32
483.589	1151.64
483.799	1170.07
484.008	1669.78
484.217	1610.39
484.426	1141.4
484.636	1036.95
484.845	1878.67
485.054	1348.25
485.263	1755.79
485.472	1153.69
485.682	1915.53
485.891	1796.75
486.1	1110.68
486.309	1196.7
486.518	2054.8
486.727	2665.09
486.936	1282.71
487.146	1446.55
487.355	1995.4
487.564	1669.78
487.773	1370.77
487.982	1505.94
488.191	1761.94
488.4	2179.72
488.609	1376.92
488.818	1510.04
489.027	2267.78
489.236	2165.39
489.445	1489.56
489.654	1235.61
489.863	2267.78
490.072	1907.34
490.281	2161.29
490.49	1639.06
490.698	2372.23
490.907	2710.15
491.116	1731.22
491.325	1364.63
491.534	2333.32
491.743	2083.47
491.952	1850
492.16	1743.5
492.369	2269.83
492.578	2513.54
492.787	1577.62
492.996	1454.74
493.204	2108.04
493.413	2345.61
493.622	1514.13
493.831	1321.62
494.039	2652.8
494.248	2118.28
494.457	1641.11
494.665	1485.46
494.874	2433.67
495.083	2968.19
495.291	1737.36
495.5	1637.01
495.709	2527.88
495.917	2249.35
496.126	1976.97
496.335	1684.11
496.543	2341.51
496.752	2515.59
496.96	2146.95
497.169	1610.39
497.377	2230.92
497.586	2460.29
497.794	2001.55
498.003	1438.36
498.211	2355.85
498.42	2648.71
498.628	1880.72
498.837	1731.22
499.045	2521.73
499.254	2335.37
499.462	1954.44
499.671	1817.23
499.879	3422.84
500.087	2601.6
500.296	1825.42
500.504	1979.02
500.713	2601.6
500.921	3111.55
501.129	2040.46
501.338	1821.33
501.546	2609.79
501.754	2620.03
501.962	2052.75
502.171	1983.12
502.379	2675.33
502.587	2802.3
502.795	2204.3
503.004	2099.85
503.212	3009.15
503.42	2792.06
503.628	2251.4
503.837	2237.06
504.045	2763.39
504.253	3287.67
504.461	2032.27
504.669	1819.28
504.877	3197.56
505.085	2861.69
505.294	1864.33
505.502	2456.2
505.71	3218.04
505.918	2732.67
506.126	2022.03
506.334	2095.75
506.542	2972.29
506.75	2790.02
506.958	2519.68
507.166	2167.43
507.374	2562.69
507.582	3123.83
507.79	2452.1
507.998	2275.98
508.206	3207.8
508.414	3099.26
508.622	2230.92
508.83	2232.97
509.037	2898.56
509.245	2708.1
509.453	2253.45
509.661	2149
509.869	3220.09
510.077	2747.01
510.285	2615.94
510.492	2001.55
510.7	3465.85
510.908	2857.6
511.116	2468.48
511.324	2378.37
511.531	2720.39
511.739	3154.55
511.947	2853.5
512.155	2867.84
512.362	3029.63
512.57	2685.57
512.778	2312.84
512.985	2161.29
513.193	3062.4
513.401	3250.81
513.608	2470.53
513.816	2464.39
514.024	3103.36
514.231	3181.18
514.439	2476.68
514.646	2593.41
514.854	3375.74
515.061	3201.66
515.269	2697.86
515.477	2595.46
515.684	2976.38
515.892	3365.5
516.099	2374.28
516.307	2392.71
516.514	3519.09
516.722	3633.78
516.929	2562.69
517.136	2398.85
517.344	3390.07
517.551	3310.2
517.759	2460.29
517.966	2722.43
518.173	3299.96
518.381	3291.77
518.588	2667.14
518.796	2624.13
519.003	3492.47
519.21	3490.42
519.418	2691.71
519.625	3043.96
519.832	3263.1
520.039	3408.5
520.247	2439.81
520.454	2863.74
520.661	3461.75
520.868	3576.44
521.076	2740.86
521.283	2738.82
521.49	3918.45
521.697	3353.21
521.904	2822.78
522.112	2871.93
522.319	3623.54
522.526	3418.74
522.733	2622.08
522.94	2681.47
523.147	3459.7
523.354	3340.92
523.561	2812.54
523.768	3068.54
523.975	3611.25
524.183	3371.64
524.39	3226.23
524.597	2589.32
524.804	3304.06
525.011	3283.58
525.218	2906.75
525.425	2790.02
525.632	3893.87
525.838	3322.49
526.045	2830.98
526.252	3027.58
526.459	5192.28
526.666	5145.18
526.873	3127.93
527.08	3060.35
527.287	3787.38
527.494	3801.71
527.701	2882.17
527.907	2818.69
528.114	3752.56
528.321	3717.75
528.528	2964.09
528.735	2937.47
528.941	3447.41
529.148	3447.41
529.355	3213.95
529.562	3111.55
529.768	4534.89
529.975	3570.29
530.182	3154.55
530.388	2994.81
530.595	4004.46
530.802	3410.55
531.008	3398.26
531.215	3332.73
531.422	4680.29
531.628	4551.27
531.835	3306.1
532.042	3226.23
532.248	3951.21
532.455	3840.62
532.661	3340.92
532.868	3144.31
533.074	3953.26
533.281	4086.38
533.487	3152.51
533.694	3297.91
533.9	3754.61
534.107	3799.66
534.313	3226.23
534.52	3113.6
534.726	3922.54
534.933	4315.75
535.139	3320.44
535.345	3158.65
535.552	4225.64
535.758	4317.8
535.965	3365.5
536.171	3285.62
536.377	4123.24
536.584	4561.51
536.79	3390.07
536.996	3578.48
537.203	4164.2
537.409	4371.05
537.615	3377.78
537.821	3852.91
538.028	4797.03
538.234	4035.18
538.44	3603.06
538.646	3631.73
538.853	3881.58
539.059	3852.91
539.265	4143.72
539.471	3142.27
539.677	4311.66
539.883	4053.61
540.09	5216.86
540.296	4024.94
540.502	4115.05
540.708	4207.21
540.914	3959.41
541.12	3500.66
541.326	4237.93
541.532	4172.39
541.738	3861.1
541.944	3889.78
542.15	4508.26
542.356	4039.28
542.562	3543.67
542.768	3762.8
542.974	4571.75
543.18	4584.04
543.386	3756.66
543.592	3357.3
543.798	5020.25
544.004	4600.42
544.21	3480.18
544.415	3869.3
544.621	4553.32
544.827	4870.75
545.033	3707.51
545.239	4065.9
545.445	4205.16
545.651	4455.01
545.856	3881.58
546.062	3656.31
546.268	4385.38
546.474	4493.93
546.679	3922.54
546.885	3900.02
547.091	4369
547.297	4913.76
547.502	3990.13
547.708	3482.23
547.914	4336.23
548.119	4651.62
548.325	3582.58
548.531	3674.74
548.736	5147.23
548.942	4409.96
549.147	3844.72
549.353	4141.68
549.559	4858.46
549.764	4829.79
549.97	3875.44
550.175	3953.26
550.381	4672.1
550.586	4379.24
550.792	4051.56
550.997	3801.71
551.203	4776.55
551.408	4821.6
551.614	3809.9
551.819	3986.03
552.025	5163.61
552.23	4868.7
552.435	4063.85
552.641	4305.51
552.846	4526.69
553.052	5120.6
553.257	4303.47
553.462	4199.02
553.668	4594.28
553.873	4706.91
554.078	3857.01
554.283	4086.38
554.489	4694.63
554.694	4702.82
554.899	3994.22
555.105	4475.49
555.31	4844.13
555.515	4866.66
555.72	4180.59
555.925	5335.64
556.131	4954.72
556.336	4772.45
556.541	4143.72
556.746	4004.46
556.951	5073.5
557.156	4876.9
557.361	4330.09
557.567	4405.86
557.772	5134.94
557.977	5126.75
558.182	4291.18
558.387	4221.55
558.592	4684.39
558.797	5415.51
559.002	4366.95
559.207	4571.75
559.412	5026.4
559.617	5419.61
559.822	4158.06
560.027	4301.42
560.232	4741.73
560.437	4967.01
560.642	4065.9
560.847	4209.26
561.051	4721.25
561.256	5165.66
561.461	4350.57
561.666	4065.9
561.871	4792.93
562.076	5304.92
562.281	4407.91
562.485	4262.51
562.69	5046.88
562.895	4995.68
563.1	4477.54
563.305	4135.53
563.509	5169.76
563.714	5519.96
563.919	4285.03
564.123	4530.79
564.328	5020.25
564.533	5425.75
564.737	4461.16
564.942	4219.5
565.147	5270.11
565.351	5270.11
565.556	4520.55
565.761	4600.42
565.965	5206.62
566.17	4864.61
566.374	4336.23
566.579	4409.96
566.784	5184.09
566.988	4975.2
567.193	4330.09
567.397	4706.91
567.602	4880.99
567.806	5196.38
568.011	4491.88
568.215	4561.51
568.42	5098.08
568.624	5114.46
568.828	4526.69
569.033	4739.68
569.237	5390.94
569.442	5448.28
569.646	4401.77
569.85	4473.45
570.055	5220.95
570.259	5227.1
570.463	5016.16
570.668	4668
570.872	5372.5
571.076	5108.32
571.281	4782.69
571.485	4528.74
571.689	5462.62
571.893	5513.81
572.098	4842.08
572.302	4538.98
572.506	5327.45
572.71	5304.92
572.914	4504.17
573.119	4598.37
573.323	5503.57
573.527	5458.52
573.731	4862.56
573.935	4586.08
574.139	5278.3
574.343	5186.14
574.547	4708.96
574.751	4837.98
574.955	5327.45
575.159	5448.28
575.364	4813.41
575.568	4616.8
575.772	5511.77
575.976	5468.76
576.18	4762.21
576.383	4786.79
576.587	5931.6
576.791	5376.6
576.995	4590.18
577.199	4717.15
577.403	5182.04
577.607	5452.38
577.811	4692.58
578.015	4944.48
578.219	5409.37
578.422	5409.37
578.626	4801.12
578.83	5282.39
579.034	5831.25
579.238	5798.48
579.442	4788.83
579.645	5612.12
579.849	5341.79
580.053	5694.04
580.257	4942.43
580.46	5071.45
580.664	5685.84
580.868	5495.38
581.071	5223
581.275	5089.89
581.479	5247.58
581.682	5835.35
581.886	4846.18
582.09	5089.89
582.293	5818.96
582.497	5843.54
582.7	5352.02
582.904	5065.31
583.107	5796.43
583.311	5653.08
583.515	4997.73
583.718	5098.08
583.922	5757.52
584.125	6373.96
584.329	5130.84
584.532	5161.56
584.735	6130.25
584.939	5778
585.142	4905.57
585.346	4833.89
585.549	5657.17
585.753	5700.18
585.956	5278.3
586.159	5284.44
586.363	5894.74
586.566	5753.43
586.769	5073.5
586.973	4930.14
587.176	5874.26
587.379	5714.52
587.582	5388.89
587.786	5610.07
587.989	5849.68
588.192	6894.15
588.395	5317.21
588.599	5730.9
588.802	5892.69
589.005	5941.84
589.208	4928.1
589.411	5200.48
589.615	5685.84
589.818	6236.75
590.021	5864.02
590.224	5386.84
590.427	6298.19
590.63	5960.27
590.833	5128.8
591.036	5143.13
591.239	5884.5
591.442	5759.57
591.645	5712.47
591.848	5378.65
592.051	5952.08
592.254	6083.15
592.457	5532.25
592.66	5722.71
592.863	5913.17
593.066	6326.86
593.269	5526.1
593.472	5528.15
593.675	5827.15
593.878	5880.4
594.081	5372.5
594.284	5231.19
594.486	6154.83
594.689	6044.24
594.892	5575.25
595.095	5741.14
595.298	6320.71
595.5	5673.56
595.703	5728.85
595.906	5866.07
596.109	6466.12
596.311	6244.94
596.514	5163.61
596.717	5591.64
596.92	6441.54
597.122	6459.98
597.325	5212.76
597.528	5384.79
597.73	6371.91
597.933	6591.05
598.136	5466.71
598.338	5214.81
598.541	6564.42
598.743	6554.18
598.946	5882.45
599.148	5745.23
599.351	6345.29
599.554	6410.82
599.756	5917.26
599.959	5687.89
600.161	6478.41
600.363	6691.4
600.566	6005.33
600.768	5571.16
600.971	6502.98
601.173	6330.95
601.376	5612.12
601.578	5808.72
601.78	6234.7
601.983	7014.98
602.185	5743.19
602.388	6091.34
602.59	6505.03
602.792	6496.84
602.995	6105.68
603.197	5847.63
603.399	6492.74
603.601	6758.98
603.804	5872.21
604.006	5614.16
604.208	6175.31
604.41	6087.25
604.613	6070.86
604.815	5732.95
605.017	6826.56
605.219	6163.02
605.421	6566.47
605.623	5708.37
605.826	6771.27
606.028	6865.47
606.23	5896.78
606.432	5806.67
606.634	6613.57
606.836	6767.17
607.038	5743.19
607.24	5986.9
607.442	6644.29
607.644	6531.65
607.846	6007.37
608.048	5868.11
608.25	6959.68
608.452	6222.41
608.654	5941.84
608.856	5540.44
609.058	6322.76
609.26	6658.63
609.462	6124.11
609.664	5970.51
609.866	6609.48
610.067	6523.46
610.269	5913.17
610.471	5818.96
610.673	6220.36
610.875	6593.09
611.077	5710.42
611.278	6107.73
611.48	6625.86
611.682	6842.95
611.884	5960.27
612.085	5990.99
612.287	6556.23
612.489	6359.63
612.69	5855.83
612.892	6044.24
613.094	7023.17
613.295	6650.44
613.497	5818.96
613.699	5954.13
613.9	6752.84
614.102	6623.81
614.304	6062.67
614.505	5753.43
614.707	6388.3
614.908	6591.05
615.11	5773.91
615.311	6214.22
615.513	6539.85
615.714	6597.19
615.916	5763.67
616.117	6253.13
616.319	6550.09
616.52	6705.73
616.722	5927.5
616.923	5970.51
617.124	6828.61
617.326	6761.03
617.527	5993.04
617.729	6263.37
617.93	6597.19
618.131	6634.05
618.333	5960.27
618.534	6005.33
618.735	6746.69
618.937	6994.5
619.138	6031.95
619.339	5775.95
619.54	6718.02
619.742	6482.5
619.943	6324.81
620.144	6046.29
620.345	7045.7
620.546	6687.3
620.748	6066.77
620.949	6068.81
621.15	6763.08
621.351	6634.05
621.552	5997.14
621.753	5868.11
621.954	6408.78
622.155	6974.02
622.356	5804.63
622.558	6357.58
622.759	6875.71
622.96	7100.99
623.161	6203.98
623.362	5990.99
623.563	6834.75
623.764	6787.65
623.965	6044.24
624.166	6480.46
624.366	6306.38
624.567	6742.6
624.768	5837.39
624.969	6060.62
625.17	6529.61
625.371	6615.62
625.572	6294.09
625.773	6044.24
625.973	6789.7
626.174	6926.91
626.375	6191.69
626.576	6195.79
626.777	6820.42
626.977	7236.16
627.178	6355.53
627.379	6384.2
627.58	6781.51
627.78	6562.37
627.981	6255.18
628.182	6390.35
628.382	6804.03
628.583	6525.51
628.784	6156.88
628.984	6459.98
629.185	6808.13
629.386	7092.8
629.586	6144.59
629.787	6189.64
629.987	6812.23
630.188	6658.63
630.388	6351.43
630.589	6523.46
630.79	7330.36
630.99	6711.88
631.191	6294.09
631.391	6634.05
631.591	6883.91
631.792	6986.3
631.992	6621.77
632.193	6470.22
632.393	7129.66
632.594	6885.95
632.794	6109.77
632.994	6521.42
633.195	6738.5
633.395	6675.01
633.595	6130.25
633.796	6539.85
633.996	6816.32
634.196	6896.19
634.397	6148.68
634.597	6449.74
634.797	6785.6
634.997	7342.65
635.198	6763.08
635.398	6376.01
635.598	7086.65
635.798	6916.67
635.998	6625.86
636.199	6197.84
636.399	6718.02
636.599	6439.5
636.799	6408.78
636.999	6738.5
637.199	6763.08
637.399	7156.29
637.599	6146.64
637.799	6728.26
637.999	6797.89
638.199	7193.15
638.399	6433.35
638.599	6363.72
638.799	7098.94
638.999	7426.62
639.199	6783.56
639.399	6662.72
639.599	7123.52
639.799	6824.51
639.999	6259.28
640.199	6251.08
640.399	6767.17
640.599	7144
640.799	6580.81
640.998	6619.72
641.198	6894.15
641.398	7006.78
641.598	6591.05
641.798	6584.9
641.997	8141.36
642.197	6732.36
642.397	6619.72
642.597	6580.81
642.796	7047.74
642.996	7014.98
643.196	6773.32
643.395	6382.15
643.595	6918.72
643.795	6726.21
643.994	6466.12
644.194	6668.87
644.394	7389.75
644.593	7316.03
644.793	6347.34
644.992	6675.01
645.192	7301.69
645.392	6791.75
645.591	6791.75
645.791	6715.97
645.99	7256.64
646.19	6718.02
646.389	6507.08
646.589	6513.22
646.788	7045.7
646.987	7117.37
647.187	7072.32
647.386	6957.63
647.586	7088.7
647.785	7451.19
647.984	6419.02
648.184	7017.02
648.383	6982.21
648.582	6908.48
648.782	6478.41
648.981	6668.87
649.18	6799.94
649.38	6990.4
649.579	6867.52
649.778	6476.36
649.977	7475.77
650.177	7361.08
650.376	6433.35
650.575	6570.57
650.774	7236.16
650.973	7084.61
651.173	6414.92
651.372	6941.25
651.571	7010.88
651.77	7588.41
651.969	6632.01
652.168	6773.32
652.367	6722.12
652.566	7191.1
652.765	6746.69
652.964	7203.39
653.163	7512.63
653.362	7207.48
653.561	6779.46
653.76	6726.21
653.959	7160.38
654.158	7367.23
654.357	6953.54
654.556	6580.81
654.755	7455.29
654.954	7195.2
655.153	6687.3
655.352	6869.57
655.551	7455.29
655.749	7160.38
655.948	6941.25
656.147	6785.6
656.346	7172.67
656.545	7166.53
656.743	6851.14
656.942	7017.02
657.141	7279.16
657.34	6961.73
657.538	6748.74
657.737	6867.52
657.936	7363.13
658.135	7127.61
658.333	6652.49
658.532	7129.66
658.731	7619.13
658.929	7154.24
659.128	7322.17
659.326	6498.89
659.525	7647.8
659.724	7369.27
659.922	6365.77
660.121	6558.28
660.319	7174.72
660.518	6908.48
660.716	6752.84
660.915	6662.72
661.113	7547.45
661.312	6881.86
661.51	6992.45
661.709	6664.77
661.907	7422.52
662.105	7623.22
662.304	6576.71
662.502	6937.15
662.701	7361.08
662.899	7135.81
663.097	7248.44
663.296	6730.31
663.494	7529.02
663.692	7782.96
663.891	6586.95
664.089	6623.81
664.287	7391.8
664.485	7420.47
664.684	6621.77
664.882	6875.71
665.08	7412.28
665.278	7189.05
665.476	6730.31
665.675	7156.29
665.873	7522.87
666.071	7655.99
666.269	6822.47
666.467	7256.64
666.665	7297.6
666.863	7240.25
667.061	6777.41
667.259	6888
667.457	7141.95
667.655	7262.78
667.853	6589
668.051	7080.51
668.249	6961.73
668.447	7332.41
668.645	6740.55
668.843	7168.57
669.041	7703.09
669.239	7115.33
669.437	6920.77
669.635	6982.21
669.833	7232.06
670.031	7385.66
670.229	6935.1
670.426	7043.65
670.624	7211.58
670.822	7262.78
671.02	7039.55
671.218	7080.51
671.415	7240.25
671.613	7297.6
671.811	6994.5
672.009	6826.56
672.206	7455.29
672.404	7002.69
672.602	7258.68
672.799	7055.93
672.997	7578.17
673.195	7486.01
673.392	6963.78
673.59	6728.26
673.788	7443
673.985	6666.82
674.183	7055.93
674.38	6998.59
674.578	7510.58
674.775	7139.9
674.973	6640.2
675.17	6818.37
675.368	7486.01
675.565	7187
675.763	7082.56
675.96	6885.95
676.158	7475.77
676.355	7342.65
676.553	6603.33
676.75	6877.76
676.947	7103.04
677.145	6986.3
677.342	6931.01
677.539	6812.23
677.737	7500.34
677.934	7672.37
678.131	6990.4
678.329	6777.41
678.526	7926.32
678.723	7637.56
678.92	6986.3
679.118	7002.69
679.315	7049.79
679.512	7473.72
679.709	6947.39
679.906	6937.15
680.104	7486.01
680.301	7172.67
680.498	6539.85
680.695	6646.34
680.892	7150.14
681.089	7246.4
681.286	6810.18
681.483	6580.81
681.68	7232.06
681.877	7154.24
682.075	6828.61
682.272	7021.12
682.469	7205.44
682.665	7346.75
682.862	6703.68
683.059	6431.3
683.256	6965.82
683.453	7195.2
683.65	6820.42
683.847	6885.95
684.044	7383.61
684.241	6943.3
684.438	6969.92
684.635	6621.77
684.831	7744.05
685.028	7684.66
685.225	6748.74
685.422	7078.46
685.619	7328.31
685.815	6953.54
686.012	6892.1
686.209	6621.77
686.405	7135.81
686.602	7342.65
686.799	6648.39
686.996	6556.23
687.192	7029.31
687.389	7819.83
687.586	6482.5
687.782	6775.36
687.979	7557.69
688.175	7281.21
688.372	6582.85
688.568	6732.36
688.765	7014.98
688.962	7342.65
689.158	6715.97
689.355	6484.55
689.551	7279.16
689.748	6969.92
689.944	6871.62
690.14	6675.01
690.337	7199.29
690.533	7094.85
690.73	6851.14
690.926	6638.15
691.123	7039.55
691.319	7064.13
691.515	6326.86
691.712	6836.8
691.908	6963.78
692.104	6941.25
692.301	6838.85
692.497	6443.59
692.693	7316.03
692.889	6951.49
693.086	6883.91
693.282	6367.82
693.478	6955.58
693.674	7578.17
693.87	6707.78
694.067	6529.61
694.263	7096.89
694.459	6920.77
694.655	6896.19
694.851	6849.09
695.047	7129.66
695.243	7189.05
695.439	6765.12
695.635	6443.59
695.831	6982.21
696.027	6890.05
696.224	6455.88
696.42	6931.01
696.615	7287.36
696.811	7002.69
697.007	6568.52
697.203	6521.42
697.399	7049.79
697.595	6986.3
697.791	6353.48
697.987	6623.81
698.183	6969.92
698.379	6597.19
698.575	6574.66
698.77	6492.74
698.966	7172.67
699.162	7119.42
699.358	6531.65
699.554	6527.56
699.749	7303.74
699.945	7127.61
700.141	6834.75
700.337	6746.69
700.532	6720.07
700.728	6740.55
700.924	6304.33
701.119	6025.81
701.315	6914.63
701.511	6969.92
701.706	6660.68
701.902	6228.56
702.097	7146.05
702.293	6779.46
702.489	6537.8
702.684	6425.16
702.88	7187
703.075	6926.91
703.271	6455.88
703.466	6222.41
703.662	6525.51
703.857	6756.93
704.053	6564.42
704.248	6378.06
704.443	7307.84
704.639	7123.52
704.834	6595.14
705.03	6419.02
705.225	6859.33
705.42	7129.66
705.616	6711.88
705.811	6386.25
706.006	6789.7
706.202	6881.86
706.397	6545.99
706.592	6105.68
706.787	7252.54
706.983	6783.56
707.178	6814.27
707.373	6580.81
707.568	6799.94
707.763	6916.67
707.959	6318.67
708.154	6439.5
708.349	6675.01
708.544	6875.71
708.739	6699.59
708.934	6083.15
709.129	6865.47
709.324	7139.9
709.519	6371.91
709.714	6066.77
709.909	6900.29
710.104	6978.11
710.299	6427.21
710.494	6599.24
710.689	7006.78
710.884	6789.7
711.079	6328.91
711.274	6699.59
711.469	7166.53
711.664	6974.02
711.859	6455.88
712.054	6419.02
712.249	7109.18
712.443	6904.39
712.638	6163.02
712.833	6197.84
713.028	6750.79
713.223	6580.81
713.417	6812.23
713.612	6361.67
713.807	7002.69
714.002	7670.33
714.196	6605.38
714.391	6148.68
714.586	6910.53
714.78	6965.82
714.975	6163.02
715.17	6203.98
715.364	6879.81
715.559	6912.58
715.754	5737.04
715.948	6175.31
716.143	7258.68
716.337	6545.99
716.532	6703.68
716.726	6486.6
716.921	6935.1
717.115	7129.66
717.31	6154.83
717.504	7297.6
717.699	6683.2
717.893	6959.68
718.088	6105.68
718.282	6083.15
718.476	6376.01
718.671	6826.56
718.865	6203.98
719.059	6228.56
719.254	6480.46
719.448	7127.61
719.642	8688.17
719.837	5814.87
720.031	8432.17
720.225	6687.3
720.419	6208.08
720.614	6029.9
720.808	6597.19
721.002	6515.27
721.196	6216.27
721.39	6034
721.585	6656.58
721.779	6912.58
721.973	6253.13
722.167	5739.09
722.361	6730.31
722.555	6914.63
722.749	6392.39
722.943	6148.68
723.137	6490.7
723.331	6500.94
723.525	6111.82
723.719	6124.11
723.913	6609.48
724.107	6965.82
724.301	6179.4
724.495	6363.72
724.689	7262.78
724.883	6724.16
725.077	6042.19
725.271	5941.84
725.465	6545.99
725.659	6488.65
725.853	6191.69
726.046	5800.53
726.24	6124.11
726.434	6570.57
726.628	6017.61
726.822	5976.66
727.015	6625.86
727.209	7019.07
727.403	6324.81
727.596	5810.77
727.79	6611.53
727.984	6943.3
728.177	5988.94
728.371	6175.31
728.565	6388.3
728.758	6349.39
728.952	5788.24
729.146	6001.23
729.339	6752.84
729.533	6320.71
729.726	6097.49
729.92	5929.55
730.113	6672.96
730.307	6447.69
730.5	6134.35
730.694	5950.03
730.887	6271.56
731.081	6277.71
731.274	5659.22
731.468	5945.94
731.661	6466.12
731.854	6267.47
732.048	5892.69
732.241	5913.17
732.435	6269.51
732.628	6410.82
732.821	6085.2
733.014	5825.11
733.208	6318.67
733.401	6505.03
733.594	6074.96
733.788	6077.01
733.981	6474.31
734.174	6605.38
734.367	5829.2
734.56	6154.83
734.754	6681.16
734.947	6427.21
735.14	5909.07
735.333	6111.82
735.526	6978.11
735.719	6576.71
735.912	5939.79
736.105	6038.09
736.298	6607.43
736.491	6668.87
736.684	5980.75
736.877	5902.93
737.07	6672.96
737.263	7127.61
737.456	5870.16
737.649	5722.71
737.842	6697.54
738.035	6789.7
738.228	6169.16
738.421	6134.35
738.614	6724.16
738.807	6597.19
739	5735
739.192	5872.21
739.385	6586.95
739.578	6466.12
739.771	6466.12
739.964	5812.82
740.156	6707.78
740.349	6586.95
740.542	6328.91
740.735	5630.55
740.927	6154.83
741.12	6234.7
741.313	5696.08
741.505	6236.75
741.698	6646.34
741.891	6525.51
742.083	6165.07
742.276	5904.98
742.468	6527.56
742.661	6613.57
742.854	6070.86
743.046	5857.87
743.239	6484.55
743.431	6496.84
743.624	5888.59
743.816	5618.26
744.009	6251.08
744.201	6367.82
744.393	6214.22
744.586	5642.84
744.778	6488.65
744.971	6398.54
745.163	5833.3
745.355	6087.25
745.548	6373.96
745.74	6617.67
745.932	6034
746.125	6163.02
746.317	6763.08
746.509	6533.7
746.702	5945.94
746.894	6056.53
747.086	6658.63
747.278	6615.62
747.471	6015.57
747.663	6167.12
747.855	6560.33
748.047	6634.05
748.239	5837.39
748.431	5829.2
748.623	6707.78
748.815	6416.97
749.008	5759.57
749.2	5708.37
749.392	6482.5
749.584	6586.95
749.776	5997.14
749.968	6218.32
750.16	6670.92
750.352	6261.32
750.544	5978.7
750.736	5892.69
750.928	6365.77
751.12	6414.92
751.311	5755.47
751.503	6138.44
751.695	6265.42
751.887	6541.89
752.079	5720.66
752.271	5806.67
752.463	7000.64
752.654	6380.11
752.846	5868.11
753.038	5780.05
753.23	6132.3
753.421	6318.67
753.613	5974.61
753.805	6017.61
753.997	6199.88
754.188	6613.57
754.38	5769.81
754.572	5698.13
754.763	6083.15
754.955	6285.9
755.146	5993.04
755.338	5685.84
755.53	6521.42
755.721	6238.8
755.913	5560.92
756.104	5558.87
756.296	6175.31
756.487	6459.98
756.679	5601.88
756.87	5657.17
757.062	6212.17
757.253	6193.74
757.445	5517.91
757.636	5954.13
757.827	6416.97
758.019	6910.53
758.21	5489.24
758.401	5671.51
758.593	6638.15
758.784	6408.78
758.975	5491.29
759.167	5468.76
759.358	6107.73
759.549	6423.11
759.74	5548.63
759.932	5577.3
760.123	6148.68
760.314	6218.32
760.505	5849.68
760.696	5491.29
760.888	6232.65
761.079	6142.54
761.27	5421.66
761.461	5235.29
761.652	6404.68
761.843	5976.66
762.034	5857.87
762.225	6167.12
762.416	6154.83
762.607	5990.99
762.798	5403.22
762.989	5452.38
763.18	7180.86
763.371	6199.88
763.562	5472.86
763.753	5479
763.944	6044.24
764.135	5993.04
764.326	5630.55
764.517	5597.78
764.708	6015.57
764.899	5962.32
765.089	5296.73
765.28	5442.14
765.471	5757.52
765.662	6007.37
765.853	5403.22
766.043	5184.09
766.234	6132.3
766.425	6062.67
766.615	5247.58
766.806	5220.95
766.997	6079.05
767.187	5814.87
767.378	5352.02
767.569	5096.03
767.759	5925.46
767.95	5595.73
768.141	5464.66
768.331	5321.31
768.522	5739.09
768.712	5999.18
768.903	5220.95
769.093	5300.83
769.284	5966.42
769.474	5827.15
769.665	5089.89
769.855	4909.66
770.046	5945.94
770.236	5784.15
770.426	5485.14
770.617	5128.8
770.807	5747.28
770.998	5896.78
771.188	5681.75
771.378	5112.41
771.569	6003.28
771.759	5710.42
771.949	4893.28
772.139	4827.74
772.33	5753.43
772.52	5659.22
772.71	5165.66
772.9	4958.81
773.09	5737.04
773.281	6056.53
773.471	5077.6
773.661	5167.71
773.851	5696.08
774.041	5710.42
774.231	5059.17
774.421	5460.57
774.611	5675.6
774.802	5861.97
774.992	5225.05
775.182	4946.53
775.372	5646.93
775.562	5825.11
775.752	5012.06
775.942	5190.24
776.131	6052.43
776.321	5788.24
776.511	4868.7
776.701	4954.72
776.891	6126.16
777.081	5481.05
777.271	4917.86
777.461	5059.17
777.651	5755.47
777.84	5513.81
778.03	5130.84
778.22	4895.33
778.41	5479
778.599	5513.81
778.789	5114.46
778.979	4821.6
779.169	5409.37
779.358	5247.58
779.548	5423.7
779.738	4754.02
779.927	5560.92
780.117	5055.07
780.307	4815.46
780.496	4491.88
780.686	5567.06
780.875	6206.03
781.065	4811.36
781.254	4737.63
781.444	5364.31
781.633	5317.21
781.823	4518.5
782.012	4794.98
782.202	5317.21
782.391	5204.57
782.581	4680.29
782.77	5255.77
782.96	5722.71
783.149	5132.89
783.338	4790.88
783.528	4590.18
783.717	5730.9
783.906	5601.88
784.096	5034.59
784.285	4670.05
784.474	5345.88
784.663	5175.9
784.853	4686.44
785.042	4835.94
785.231	5319.26
785.42	5421.66
785.61	4840.03
785.799	4608.61
785.988	5630.55
786.177	5139.04
786.366	4727.39
786.555	5040.73
786.744	5311.07
786.933	5352.02
787.122	4571.75
787.312	4541.03
787.501	5147.23
787.69	5554.77
787.879	4860.51
788.068	4672.1
788.257	5028.45
788.445	5321.31
788.634	4622.95
788.823	4551.27
789.012	5732.95
789.201	5683.8
789.39	4704.87
789.579	4627.04
789.768	5313.11
789.957	5196.38
790.145	4629.09
790.334	4051.56
790.523	4901.47
790.712	5016.16
790.9	4655.72
791.089	4338.28
791.278	5171.8
791.467	5214.81
791.655	5270.11
791.844	5485.14
792.033	5141.08
792.221	5091.93
792.41	4647.52
792.599	4315.75
792.787	5239.39
792.976	5200.48
793.164	4493.93
793.353	4502.12
793.541	5401.18
793.73	5214.81
793.918	4571.75
794.107	4577.89
794.295	5188.19
794.484	5024.35
794.672	4639.33
794.861	4631.14
795.049	5132.89
795.238	5370.46
795.426	4330.09
795.614	4528.74
795.803	5243.48
795.991	5419.61
796.179	4405.86
796.368	4319.85
796.556	5220.95
796.744	5040.73
796.932	4479.59
797.121	4299.37
797.309	4858.46
797.497	5175.9
797.685	4520.55
797.874	4287.08
798.062	4907.62
798.25	5040.73
798.438	4336.23
798.626	4455.01
798.814	5087.84
799.002	5347.93
799.19	4426.34
799.378	4622.95
799.566	5053.02
799.755	5130.84
799.943	4512.36
800.131	4297.32
800.318	4934.24
800.506	5003.87
800.694	4254.31
800.882	4532.84
801.07	5304.92
801.258	5130.84
801.446	4477.54
801.634	4393.58
801.822	4954.72
802.01	4919.9
802.197	4170.35
802.385	4627.04
802.573	5116.51
802.761	4862.56
802.949	4504.17
803.136	4164.2
803.324	5145.18
803.512	4831.84
803.699	4739.68
803.887	4223.59
804.075	5005.92
804.262	4956.77
804.45	4358.76
804.638	4543.08
804.825	4811.36
805.013	4672.1
805.201	4485.73
805.388	4242.03
805.576	4934.24
805.763	5061.21
805.951	4278.89
806.138	4512.36
806.326	5247.58
806.513	4840.03
806.701	4463.21
806.888	4446.82
807.075	5180
807.263	5263.96
807.45	4409.96
807.638	4598.37
807.825	5382.74
808.012	5427.8
808.2	4668
808.387	4797.03
808.574	5120.6
808.761	5456.47
808.949	4344.42
809.136	4541.03
809.323	4880.99
809.51	5001.82
809.698	4643.43
809.885	4749.92
810.072	5257.82
810.259	5454.42
810.446	4547.17
810.633	4360.81
810.82	5005.92
811.008	5321.31
811.195	4842.08
811.382	4571.75
811.569	5306.97
811.756	4829.79
811.943	4512.36
812.13	4362.86
812.317	5075.55
812.504	4844.13
812.691	4461.16
812.878	4493.93
813.064	5487.19
813.251	5149.28
813.438	4516.45
813.625	4874.85
813.812	5151.32
813.999	5081.69
814.186	4684.39
814.372	4549.22
814.559	5323.35
814.746	5507.67
814.933	4432.49
815.12	4780.64
815.306	5096.03
815.493	4858.46
815.68	4524.65
815.866	4571.75
816.053	5075.55
816.24	5243.48
816.426	4715.11
816.613	4373.1
816.799	4979.29
816.986	5270.11
817.173	4495.97
817.359	4366.95
817.546	5075.55
817.732	4825.7
817.919	4262.51
818.105	4723.3
818.292	4954.72
818.478	5204.57
818.665	4764.26
818.851	4219.5
819.037	5784.15
819.224	4952.67
819.41	4043.37
819.597	4360.81
819.783	5663.32
819.969	5139.04
820.156	4432.49
820.342	4323.94
820.528	6326.86
820.714	4799.07
820.901	4819.55
821.087	4369
821.273	5177.95
821.459	5182.04
821.646	4272.75
821.832	4328.04
822.018	4993.63
822.204	4981.34
822.39	4452.97
822.576	4246.12
822.762	5065.31
822.948	5194.33
823.134	4610.66
823.32	4422.25
823.507	4821.6
823.693	5198.43
823.879	5192.28
824.065	4364.9
824.25	4827.74
824.436	4840.03
824.622	4336.23
824.808	4348.52
824.994	4860.51
825.18	4878.94
825.366	4184.68
825.552	4481.64
825.738	4876.9
825.923	5081.69
826.109	4422.25
826.295	4250.22
826.481	4708.96
826.667	4813.41
826.852	4588.13
827.038	4082.28
827.224	5091.93
827.409	5079.65
827.595	3912.3
827.781	4713.06
827.966	5134.94
828.152	5018.21
828.338	4274.79
828.523	4024.94
828.709	4805.22
828.894	4764.26
829.08	4209.26
829.266	4182.63
829.451	4629.09
829.637	4874.85
829.822	4416.1
830.008	4164.2
830.193	4762.21
830.378	5249.63
830.564	4295.27
830.749	4000.37
830.935	4803.17
831.12	4711.01
831.305	4162.16
831.491	4336.23
831.676	4340.33
831.861	4885.09
832.047	4182.63
832.232	4084.33
832.417	4885.09
832.602	4919.9
832.788	4002.41
832.973	4123.24
833.158	4684.39
833.343	4606.56
833.528	4270.7
833.714	4289.13
833.899	4700.77
834.084	5124.7
834.269	4352.62
834.454	4072.04
834.639	4721.25
834.824	4864.61
835.009	4196.97
835.194	4371.05
835.379	4960.86
835.564	5249.63
835.749	4520.55
835.934	3873.39
836.119	4801.12
836.304	4688.48
836.489	4098.67
836.674	4438.63
836.859	4520.55
837.044	4921.95
837.228	4026.99
837.413	3910.25
837.598	4575.84
837.783	4711.01
837.968	4108.91
838.152	4008.56
838.337	4043.37
838.522	4954.72
838.707	4741.73
838.891	4270.7
839.076	4635.24
839.261	4586.08
839.445	4057.71
839.63	4272.75
839.815	5065.31
839.999	4256.36
840.184	3889.78
840.368	4024.94
840.553	4651.62
840.737	4416.1
840.922	3775.09
841.106	3646.07
841.291	4336.23
841.475	4590.18
841.66	3957.36
841.844	3791.47
842.029	5231.19
842.213	4280.94
842.397	3893.87
842.582	3527.28
842.766	4770.4
842.951	4629.09
843.135	4045.42
843.319	3863.15
843.504	4622.95
843.688	4903.52
843.872	3625.59
844.056	3895.92
844.241	4504.17
844.425	4299.37
844.609	4076.14
844.793	3598.96
844.977	4794.98
845.161	4442.73
845.346	3607.16
845.53	3787.38
845.714	4467.3
845.898	4840.03
846.082	3539.57
846.266	3678.83
846.45	4225.64
846.634	4524.65
846.818	3691.12
847.002	3957.36
847.186	4405.86
847.37	4108.91
847.554	3564.15
847.738	4041.32
847.922	4285.03
848.106	4405.86
848.29	3443.32
848.473	3652.21
848.657	4311.66
848.841	4010.61
849.025	3734.13
849.209	3496.57
849.392	4432.49
849.576	4129.39
849.76	3324.54
849.944	3973.74
850.127	4598.37
850.311	4090.48
850.495	3555.96
850.678	3603.06
850.862	4364.9
851.046	4579.94
851.229	4053.61
851.413	3523.19
851.596	4565.6
851.78	4053.61
851.964	3957.36
852.147	3801.71
852.331	4794.98
852.514	4543.08
852.698	3756.66
852.881	3322.49
853.065	4217.45
853.248	4125.29
853.431	3676.79
853.615	3775.09
853.798	5087.84
853.982	4358.76
854.165	3748.47
854.348	3525.24
854.532	3967.6
854.715	4033.13
854.898	3529.33
855.081	3525.24
855.265	4692.58
855.448	4770.4
855.631	3410.55
855.814	3490.42
855.997	3967.6
856.181	4158.06
856.364	3674.74
856.547	3414.65
856.73	4084.33
856.913	4274.79
857.096	3414.65
857.279	3721.84
857.462	4057.71
857.645	4090.48
857.828	3863.15
858.011	3717.75
858.194	3922.54
858.377	4008.56
858.56	3314.3
858.743	3396.21
858.926	3910.25
859.109	3943.02
859.292	3349.11
859.475	3295.86
859.658	3963.5
859.841	4061.8
860.023	3281.53
860.206	3197.56
860.389	4067.95
860.572	3986.03
860.755	3533.43
860.937	3416.69
861.12	3783.28
861.303	3854.96
861.486	3517.04
861.668	3134.07
861.851	3926.64
862.034	4098.67
862.216	3543.67
862.399	3205.75
862.581	4096.62
862.764	4156.01
862.947	3467.89
863.129	3304.06
863.312	3617.4
863.494	4094.57
863.677	3910.25
863.859	2910.85
864.042	4086.38
864.224	3904.11
864.406	3551.86
864.589	3000.96
864.771	3906.16
864.954	3705.46
865.136	3129.98
865.318	2935.42
865.501	4405.86
865.683	3435.13
865.865	3123.83
866.048	3164.79
866.23	3926.64
866.412	3750.51
866.594	3052.16
866.777	3494.52
866.959	3558
867.141	3623.54
867.323	3619.44
867.505	3385.97
867.687	3734.13
867.869	3920.49
868.052	3109.5
868.234	3119.74
868.416	3789.42
868.598	3904.11
868.78	3189.37
868.962	3017.34
869.144	3904.11
869.326	3515
869.508	3175.03
869.69	3289.72
869.872	3400.31
870.054	4176.49
870.236	2800.26
870.417	3009.15
870.599	3590.77
870.781	4176.49
870.963	3457.65
871.145	3027.58
871.327	3746.42
871.508	3916.4
871.69	3158.65
871.872	3129.98
872.054	3365.5
872.235	3648.11
872.417	3228.28
872.599	2888.32
872.78	4393.58
872.962	3578.48
873.144	2849.41
873.325	3072.64
873.507	3897.97
873.689	3654.26
873.87	2962.05
874.052	3402.36
874.233	3601.01
874.415	4145.77
874.596	3232.38
874.778	2978.43
874.959	3707.51
875.141	3940.97
875.322	3138.17
875.503	2968.19
875.685	3654.26
875.866	3334.78
876.048	3070.59
876.229	3113.6
876.41	3545.72
876.592	3668.59
876.773	3140.22
876.954	2884.22
877.136	3922.54
877.317	3480.18
877.498	2984.57
877.679	3205.75
877.86	3611.25
878.042	3619.44
878.223	3009.15
878.404	3736.18
878.585	3725.94
878.766	5665.36
878.947	3400.31
879.128	3205.75
879.309	3797.62
879.49	4139.63
879.672	3271.29
879.853	3189.37
880.034	3609.2
880.215	3775.09
880.396	3259
880.576	3162.75
880.757	3662.45
880.938	4235.88
881.119	3029.63
881.3	3189.37
881.481	3666.55
881.662	4614.76
881.843	3015.29
882.023	3015.29
882.204	4057.71
882.385	3588.72
882.566	2962.05
882.747	3140.22
882.927	3687.03
883.108	3789.42
883.289	3052.16
883.469	3385.97
883.65	3801.71
883.831	3787.38
884.011	3398.26
884.192	3271.29
884.373	3897.97
884.553	3670.64
884.734	3283.58
884.914	3754.61
885.095	4932.19
885.275	4006.51
885.456	3424.89
885.636	3023.48
885.817	3672.69
885.997	3963.5
886.178	3074.68
886.358	3314.3
886.538	3709.55
886.719	5511.77
886.899	3168.89
887.08	3377.78
887.26	3926.64
887.44	3471.99
887.621	3121.79
887.801	3355.26
887.981	4340.33
888.161	4270.7
888.342	3381.88
888.522	3330.68
888.702	4106.86
888.882	4129.39
889.062	3623.54
889.242	3046.01
889.423	4170.35
889.603	4067.95
889.783	3504.76
889.963	3181.18
890.143	3828.34
890.323	4178.54
890.503	3164.79
890.683	3392.12
890.863	3826.29
891.043	3777.14
891.223	3342.97
891.403	3592.82
891.583	3732.08
891.763	4039.28
891.943	3342.97
892.122	3664.5
892.302	3723.89
892.482	3975.79
892.662	3631.73
892.842	3523.19
893.022	3848.82
893.201	3949.17
893.381	3560.05
893.561	3291.77
893.741	3918.45
893.92	3598.96
894.1	3461.75
894.28	3375.74
894.459	4158.06
894.639	3848.82
894.819	3185.27
894.998	3420.79
895.178	3943.02
895.357	3656.31
895.537	3179.13
895.716	2966.14
895.896	3758.71
896.075	4156.01
896.255	3156.6
896.434	2953.85
896.614	4158.06
896.793	3883.63
896.973	3474.04
897.152	3500.66
897.331	3623.54
897.511	3689.07
897.69	2966.14
897.87	3238.52
898.049	3791.47
898.228	3566.2
898.407	3492.47
898.587	3349.11
898.766	3320.44
898.945	3768.95
899.124	3701.36
899.304	3273.34
899.483	3826.29
899.662	4104.81
899.841	3177.08
900.02	3187.32
900.199	3793.52
900.378	3748.47
900.557	3056.25
900.737	3060.35
900.916	3455.61
901.095	3533.43
901.274	3461.75
901.453	2861.69
901.632	3326.58
901.811	3306.1
901.989	2996.86
902.168	2980.48
902.347	3766.9
902.526	3332.73
902.705	3093.12
902.884	3119.74
903.063	3926.64
903.242	3691.12
903.42	2978.43
903.599	3148.41
903.778	3609.2
903.957	3873.39
904.135	3138.17
904.314	2857.6
904.493	3492.47
904.672	3168.89
904.85	3074.68
905.029	2812.54
905.207	3265.14
905.386	3861.1
905.565	2652.8
905.743	2849.41
905.922	3365.5
906.1	3297.91
906.279	2538.12
906.457	2749.06
906.636	3289.72
906.814	3152.51
906.993	2781.82
907.171	2515.59
907.35	3181.18
907.528	3662.45
907.707	3291.77
907.885	2525.83
908.063	3447.41
908.242	3009.15
908.42	2445.96
908.598	2359.94
908.777	3285.62
908.955	2962.05
909.133	2837.12
909.311	2392.71
909.49	2990.72
909.668	2968.19
909.846	2495.11
910.024	2390.66
910.202	3107.45
910.38	3332.73
910.559	2636.42
910.737	2611.84
910.915	3146.36
911.093	3115.64
911.271	2632.32
911.449	2847.36
911.627	3277.43
911.805	3877.49
911.983	2855.55
912.161	2601.6
912.339	3029.63
912.517	3463.8
912.695	2888.32
912.872	2845.31
913.05	3312.25
913.228	3437.17
913.406	2775.68
913.584	2734.72
913.762	3412.6
913.939	3250.81
914.117	2638.47
914.295	2708.1
914.473	3144.31
914.65	3408.5
914.828	2589.32
915.006	2624.13
915.184	3033.72
915.361	3195.51
915.539	2824.83
915.716	2951.81
915.894	3070.59
916.072	3457.65
916.249	3132.03
916.427	2955.9
916.604	3050.11
916.782	3240.57
916.959	2589.32
917.137	2724.48
917.314	3220.09
917.492	3218.04
917.669	3000.96
917.847	2732.67
918.024	3164.79
918.201	2869.89
918.379	2820.74
918.556	2697.86
918.733	3283.58
918.911	2941.57
919.088	2949.76
919.265	2607.75
919.442	3291.77
919.62	3293.82
919.797	2658.95
919.974	2550.4
920.151	3375.74
920.328	3058.3
920.506	2583.17
920.683	3084.92
920.86	2806.4
921.037	3076.73
921.214	2609.79
921.391	2626.18
921.568	3242.62
921.745	2960
921.922	2587.27
922.099	2654.85
922.276	3121.79
922.453	3127.93
922.63	2448.01
922.807	3052.16
922.984	3080.83
923.161	2974.33
923.338	2663.04
923.514	2460.29
923.691	3164.79
923.868	3166.84
924.045	2396.81
924.222	2394.76
924.399	2876.03
924.575	3109.5
924.752	2480.77
924.929	2685.57
925.105	2808.45
925.282	2695.81
925.459	2445.96
925.635	2597.51
925.812	3107.45
925.989	2710.15
926.165	2585.22
926.342	2288.26
926.518	2882.17
926.695	2691.71
926.871	2366.09
927.048	2263.69
927.224	3025.53
927.401	2732.67
927.577	2517.64
927.754	2101.9
927.93	3005.05
928.107	3029.63
928.283	2230.92
928.459	2507.4
928.636	2929.28
928.812	2716.29
928.988	2323.08
929.165	2028.17
929.341	2730.62
929.517	2755.2
929.693	2790.02
929.87	2065.04
930.046	3000.96
930.222	2544.26
930.398	2060.94
930.574	2384.52
930.751	2482.82
930.927	2644.61
931.103	2198.15
931.279	2273.93
931.455	2488.96
931.631	2792.06
931.807	2009.74
931.983	1972.88
932.159	2288.26
932.335	2579.08
932.511	2165.39
932.687	2071.18
932.863	2521.73
933.039	2693.76
933.215	2009.74
933.391	1766.03
933.566	2306.7
933.742	2585.22
933.918	2011.79
934.094	1794.7
934.27	2304.65
934.445	2361.99
934.621	2177.67
934.797	1893.01
934.973	2419.33
935.148	2120.33
935.324	1594
935.5	1526.42
935.675	2417.29
935.851	2335.37
936.027	2024.08
936.202	1827.47
936.378	2497.16
936.553	2015.88
936.729	2398.85
936.904	1637.01
937.08	1958.54
937.255	1923.73
937.431	1589.91
937.606	1581.71
937.782	1903.25
937.957	2112.14
938.133	1610.39
938.308	1510.04
938.483	1856.14
938.659	1606.29
938.834	1677.97
939.009	1272.47
939.185	1802.9
939.36	1626.77
939.535	899.74
939.71	1405.59
939.886	2026.12
940.061	1632.91
940.236	1759.89
940.411	1335.96
940.586	1823.37
940.761	1907.34
940.937	1368.73
941.112	1053.34
941.287	1387.16
941.462	1505.94
941.637	993.95
941.812	1159.83
941.987	1440.4
942.162	1467.03
942.337	1249.94
942.512	1057.43
942.687	1905.29
942.862	1634.96
943.037	881.31
943.212	656.03
943.386	1372.82
943.561	1485.46
943.736	1327.77
943.911	1772.18
944.086	1850
944.26	1481.36
944.435	1061.53
944.61	1329.81
944.785	1473.17
944.959	2151.05
945.134	1151.64
945.309	946.84
945.483	1116.83
945.658	1673.87
945.833	795.29
946.007	862.88
946.182	1741.46
946.357	1356.44
946.531	1039
946.706	971.42
946.88	1323.67
947.055	1632.91
947.229	1079.96
947.404	959.13
947.578	1518.23
947.752	1622.67
947.927	957.08
948.101	940.7
948.276	2048.65
948.45	1643.15
948.624	1542.8
948.799	1047.19
948.973	1589.91
949.147	1329.81
949.321	1165.98
949.496	1229.46
949.67	1870.48
949.844	1362.58
950.018	1188.5
950.193	1067.67
950.367	2185.87
950.541	1467.03
950.715	1270.42
950.889	1350.29
951.063	1477.27
951.237	1634.96
951.411	1075.87
951.585	965.28
951.759	1673.87
951.933	1542.8
952.107	1020.57
952.281	1329.81
952.455	1880.72
952.629	1653.39
952.803	1317.53
952.977	1073.82
953.151	1706.64
953.325	1424.02
953.499	1385.11
953.672	963.23
953.846	1413.78
954.02	1534.61
954.194	1079.96
954.368	1069.72
954.541	1665.68
954.715	1657.49
954.889	1274.52
955.062	975.52
955.236	1505.94
955.41	1526.42
955.583	1395.35
955.757	924.32
955.93	1569.43
956.104	1292.95
956.278	1108.63
956.451	1301.14
956.625	1665.68
956.798	2060.94
956.972	1632.91
957.145	1057.43
957.319	2013.84
957.492	1718.93
957.665	1460.88
957.839	1061.53
958.012	1598.1
958.185	1510.04
958.359	1231.51
958.532	1567.38
958.705	1718.93
958.879	1542.8
959.052	1522.32
959.225	979.61
959.398	1602.19
959.572	1716.88
959.745	1116.83
959.918	1188.5
960.091	1594
960.264	1870.48
960.438	1114.78
960.611	1102.49
960.784	1843.85
960.957	1493.65
961.13	1921.68
961.303	1176.22
961.476	1544.85
961.649	2011.79
961.822	1174.17
961.995	1340.05
962.168	1442.45
962.341	1870.48
962.514	1297.05
962.686	1243.8
962.859	1743.5
963.032	1821.33
963.205	1329.81
963.378	991.9
963.551	1616.53
963.723	1456.79
963.896	1499.8
964.069	1534.61
964.242	1606.29
964.414	2149
964.587	1196.7
964.76	1479.32
964.932	1630.87
965.105	1735.31
965.278	1200.79
965.45	1129.11
965.623	1790.61
965.795	1868.43
965.968	1063.58
966.14	1249.94
966.313	1602.19
966.485	1753.74
966.658	1165.98
966.83	1282.71
967.003	1839.76
967.175	1723.02
967.348	1116.83
967.52	1176.22
967.692	2181.77
967.865	1843.85
968.037	1182.36
968.209	1612.43
968.382	1706.64
968.554	1763.98
968.726	1206.94
968.898	1053.34
969.071	1817.23
969.243	1757.84
969.415	1204.89
969.587	1403.54
969.759	1921.68
969.932	1548.95
970.104	1229.46
970.276	719.52
970.448	1559.19
970.62	1440.4
970.792	1362.58
970.964	1278.62
971.136	1993.36
971.308	1626.77
971.48	1059.48
971.652	1145.5
971.824	1813.13
971.996	1497.75
972.168	1241.75
972.339	1176.22
972.511	1594
972.683	1583.76
972.855	1487.51
973.027	996
973.199	1811.09
973.37	1628.82
973.542	1311.38
973.714	1268.38
973.886	1315.48
974.057	1671.83
974.229	1059.48
974.401	1145.5
974.572	1481.36
974.744	1233.56
974.915	1055.39
975.087	1034.91
975.259	1876.62
975.43	1346.2
975.602	1008.28
975.773	885.41
975.945	1172.12
976.116	1725.07
976.288	1014.43
976.459	1352.34
976.63	1317.53
976.802	1444.5
976.973	899.74
977.145	1505.94
977.316	2024.08
977.487	2237.06
977.659	1245.85
977.83	1145.5
978.001	1905.29
978.172	1594
978.344	1036.95
978.515	1157.78
978.686	1358.49
978.857	2003.6
979.028	1032.86
979.2	936.6
979.371	1774.22
979.542	1518.23
979.713	1194.65
979.884	778.91
980.055	1444.5
980.226	1432.21
980.397	983.71
980.568	914.08
980.739	1557.14
980.91	1256.09
981.081	1323.67
981.252	1061.53
981.423	1444.5
981.594	1358.49
981.765	883.36
981.936	1190.55
982.106	1387.16
982.277	1751.7
982.448	903.84
982.619	1200.79
982.79	1104.54
982.96	1376.92
983.131	1239.7
983.302	682.66
983.472	1426.07
983.643	1362.58
983.814	1139.35
983.984	934.56
984.155	1276.57
984.326	1469.08
984.496	993.95
984.667	1043.1
984.837	1067.67
985.008	1784.46
985.178	1409.69
985.349	981.66
985.519	1309.33
985.69	981.66
985.86	856.73
986.031	828.06
986.201	1329.81
986.371	1471.12
986.542	756.38
986.712	672.42
986.882	1405.59
987.053	1256.09
987.223	797.34
987.393	1301.14
987.563	1114.78
987.734	1497.75
987.904	1604.24
988.074	770.72
988.244	1163.93
988.414	1251.99
988.585	715.42
988.755	993.95
988.925	1145.5
989.095	1653.39
989.265	764.57
989.435	1088.15
989.605	1409.69
989.775	1602.19
989.945	1299.09
990.115	647.84
990.285	1184.41
990.455	1125.02
990.625	969.37
990.795	742.05
990.965	1534.61
991.134	1057.43
991.304	731.81
991.474	715.42
991.644	1290.9
991.814	1602.19
991.984	524.96
992.153	750.24
992.323	1061.53
992.493	1297.05
992.662	502.43
992.832	989.85
993.002	1039
993.171	1442.45
993.341	387.75
993.511	660.13
993.68	1010.33
993.85	1313.43
994.019	557.73
994.189	559.78
994.358	1036.95
994.528	1106.59
994.697	359.08
994.867	608.93
995.036	1243.8
995.206	907.93
995.375	508.58
995.544	987.8
995.714	1493.65
995.883	1108.63
996.052	998.04
996.222	367.27
996.391	1413.78
996.56	1274.52
996.73	662.18
996.899	467.62
997.068	1522.32
997.237	1051.29
997.406	506.53
997.576	361.13
997.745	1534.61
997.914	998.04
998.083	326.31
998.252	629.41
998.421	1151.64
998.59	924.32
998.759	453.28
998.928	373.41
999.097	1325.72
999.266	1165.98
999.435	848.54
999.604	182.95
999.773	1315.48
999.942	901.79
1000.111	250.53
1000.28	250.53
1000.448	840.35
1000.617	846.49
1000.786	840.35
1000.955	344.74
1001.124	1311.38
1001.292	1645.2
1001.461	443.04
1001.63	287.4
1001.798	1186.46
1001.967	1161.88
1002.136	340.65
1002.304	445.09
1002.473	1376.92
1002.642	948.89
1002.81	610.98
1002.979	477.86
1003.147	1254.04
1003.316	1329.81
1003.484	318.12
1003.653	502.43
1003.821	1061.53
1003.99	826.01
1004.158	721.57
1004.327	625.31
1004.495	977.56
1004.663	879.26
1004.832	676.51
1005	230.06
1005.168	1018.52
1005.337	907.93
1005.505	39.59
1005.673	666.27
1005.842	1133.21
1006.01	828.06
1006.178	215.72
1006.346	363.17
1006.514	774.81
1006.683	1329.81
1006.851	412.32
1007.019	629.41
1007.187	744.1
1007.355	479.91
1007.523	101.03
1007.691	213.67
1007.859	692.9
1008.027	1497.75
1008.195	248.49
1008.363	53.93
1008.531	742.05
1008.699	862.88
1008.867	35.5
1009.035	295.59
1009.203	1297.05
1009.37	899.74
1009.538	275.11
1009.706	1168.02
1009.874	836.25
1010.042	926.36
1010.209	193.19
1010.377	119.46
1010.545	965.28
1010.713	850.59
1010.88	316.07
1011.048	328.36
1011.216	797.34
1011.383	1069.72
1011.551	305.83
1011.718	58.03
1011.886	969.37
1012.054	1000.09
1012.221	178.86
1012.389	199.34
1012.556	797.34
1012.724	1053.34
1012.891	381.6
1013.058	0.68
1013.226	940.7
1013.393	920.22
1013.561	72.36
1013.728	-15.7
1013.895	1030.81
1014.063	860.83
1014.23	66.22
1014.397	180.9
1014.565	969.37
1014.732	678.56
1014.899	76.46
1015.066	25.26
1015.233	879.26
1015.401	985.76
1015.568	273.06
1015.735	441
1015.902	1010.33
1016.069	1022.62
1016.236	135.85
1016.403	15.02
1016.57	549.54
1016.737	1325.72
1016.904	154.28
1017.071	23.21
1017.238	469.67
1017.405	787.1
1017.572	47.79
1017.739	619.17
1017.906	1198.74
1018.073	920.22
1018.24	-27.99
1018.407	311.97
1018.573	780.96
1018.74	838.3
1018.907	176.81
1019.074	-140.63
1019.241	805.53
1019.407	674.46
1019.574	76.46
1019.741	19.11
1019.907	1014.43
1020.074	1133.21
1020.241	-302.42
1020.407	-124.24
1020.574	662.18
1020.74	676.51
1020.907	-40.28
1021.073	29.35
1021.24	1438.36
1021.406	848.54
1021.573	-79.19
1021.739	-68.95
1021.906	1108.63
1022.072	613.03
1022.239	31.4
1022.405	225.96
1022.571	760.48
1022.738	621.22
1022.904	60.07
1023.07	428.71
1023.237	690.85
1023.403	914.08
1023.569	47.79
1023.735	135.85
1023.902	760.48
1024.068	705.18
1024.234	-148.82
1024.4	64.17
1024.566	484
1024.732	686.75
1024.898	41.64
1025.065	-257.36
1025.231	678.56
1025.397	539.3
1025.563	182.95
1025.729	-32.08
1025.895	178.86
1026.061	443.04
1026.227	-234.83
1026.392	123.56
1026.558	637.6
1026.724	907.93
1026.89	80.55
1027.056	201.38
1027.222	473.76
1027.388	555.68
1027.553	10.92
1027.719	-114
1027.885	1036.95
1028.051	602.79
1028.216	-195.92
1028.382	-19.8
1028.548	676.51
1028.713	551.59
1028.879	-193.87
1029.045	234.15
1029.21	899.74
1029.376	709.28
1029.541	19.11
1029.707	31.4
1029.873	817.82
1030.038	744.1
1030.204	-89.43
1030.369	-54.61
1030.534	703.14
1030.7	455.33
1030.865	92.84
1031.031	-181.59
1031.196	709.28
1031.361	486.05
1031.527	12.97
1031.692	-60.76
1031.857	305.83
1032.023	744.1
1032.188	-54.61
1032.353	-32.08
1032.518	768.67
1032.684	520.87
1032.849	-318.8
1033.014	10.92
1033.179	443.04
1033.344	592.55
1033.509	113.32
1033.674	-50.52
1033.839	610.98
1034.004	649.89
1034.17	-19.8
1034.335	-240.98
1034.5	447.14
1034.664	424.61
1034.829	-103.76
1034.994	6.83
1035.159	293.54
1035.324	690.85
1035.489	-56.66
1035.654	-118.1
1035.819	1215.13
1035.984	631.46
1036.148	10.92
1036.313	-11.61
1036.478	725.66
1036.643	414.37
1036.807	-11.61
1036.972	-294.22
1037.137	1079.96
1037.301	529.06
1037.466	-396.62
1037.631	70.31
1037.795	666.27
1037.96	438.95
1038.124	146.09
1038.289	-210.26
1038.454	408.23
1038.618	694.94
1038.783	133.8
1038.947	146.09
1039.111	268.97
1039.276	428.71
1039.44	-197.97
1039.605	742.05
1039.769	508.58
1039.933	420.52
1040.098	-66.9
1040.262	262.82
1040.426	662.18
1040.591	520.87
1040.755	-75.09
1040.919	-95.57
1041.083	797.34
1041.248	367.27
1041.412	-318.8
1041.576	-271.7
1041.74	367.27
1041.904	426.66
1042.068	-177.49
1042.232	-34.13
1042.397	895.64
1042.561	541.35
1042.725	-347.47
1042.889	-85.33
1043.053	531.11
1043.217	422.56
1043.381	-44.37
1043.544	-359.76
1043.708	549.54
1043.872	281.25
1044.036	-435.53
1044.2	-372.05
1044.364	764.57
1044.528	522.91
1044.691	5010.01
1044.855	-234.83
1045.019	619.17
1045.183	590.5
1045.346	0.68
1045.51	-298.32
1045.674	639.65
1045.837	535.2
1046.001	-107.86
1046.165	-167.25
1046.328	965.28
1046.492	342.69
1046.655	160.42
1046.819	-21.85
1046.983	449.19
1047.146	268.97
1047.31	80.55
1047.473	-367.95
1047.636	359.08
1047.8	223.91
1047.963	0.68
1048.127	-175.44
1048.29	264.87
