345.52	-1383.74
345.736	-1383.74
345.952	-1383.74
346.168	-1303.87
346.384	-1299.78
346.6	-206.16
346.816	-255.31
347.032	-132.44
347.248	557.73
347.464	-335.18
347.68	-255.31
347.896	-60.76
348.112	330.41
348.328	-128.34
348.544	49.83
348.76	158.38
348.975	277.16
349.191	-396.62
349.407	-386.38
349.623	254.63
349.839	129.7
350.055	-286.03
350.27	-23.89
350.486	230.06
350.702	211.62
350.918	414.37
351.133	-87.38
351.349	178.86
351.565	549.54
351.781	-359.76
351.996	-48.47
352.212	166.57
352.428	199.34
352.644	-329.04
352.859	-290.13
353.075	236.2
353.291	121.51
353.506	-226.64
353.722	-378.19
353.938	-56.66
354.153	463.52
354.369	303.78
354.584	-279.89
354.8	260.77
355.016	-56.66
355.231	-421.2
355.447	-66.9
355.662	379.56
355.878	760.48
356.093	-523.6
356.309	-5.46
356.524	-1.37
356.74	555.68
356.955	-343.38
357.171	-124.24
357.386	230.06
357.602	-54.61
357.817	-120.15
358.033	-236.88
358.248	332.45
358.464	324.26
358.679	-220.5
358.895	-480.59
359.11	113.32
359.325	219.82
359.541	471.72
359.756	8.87
359.972	-91.48
360.187	510.63
360.402	-298.32
360.618	-243.03
360.833	1694.35
361.048	191.14
361.264	-114
361.479	-36.18
361.694	240.3
361.909	266.92
362.125	-308.56
362.34	-208.21
362.555	342.69
362.77	307.88
362.986	-501.07
363.201	-283.98
363.416	230.06
363.631	94.89
363.847	-331.09
364.062	-152.91
364.277	219.82
364.492	43.69
364.707	-279.89
364.922	-384.34
365.138	238.25
365.353	395.94
365.568	-367.95
365.783	-249.17
365.998	387.75
366.213	588.45
366.428	-331.09
366.643	125.61
366.858	320.17
367.073	301.73
367.288	-195.92
367.503	-281.94
367.718	111.27
367.933	414.37
368.148	-318.8
368.363	-54.61
368.578	305.83
368.793	633.51
369.008	-183.63
369.223	-345.42
369.438	291.49
369.653	246.44
369.868	-406.86
370.083	-304.46
370.298	228.01
370.513	516.77
370.728	129.7
370.943	-249.17
371.157	29.35
371.372	717.47
371.587	-413.01
371.802	-308.56
372.017	123.56
372.232	547.49
372.446	17.07
372.661	-333.14
372.876	232.1
373.091	273.06
373.306	-111.96
373.52	-363.86
373.735	80.55
373.95	664.22
374.165	-275.79
374.379	-214.35
374.594	-1.37
374.809	434.85
375.023	70.31
375.238	-243.03
375.453	322.21
375.667	-25.94
375.882	-296.27
376.097	-269.65
376.311	109.23
376.526	322.21
376.741	-288.08
376.955	215.72
377.17	520.87
377.384	946.84
377.599	-30.04
377.813	-419.15
378.028	823.97
378.242	365.22
378.457	-87.38
378.672	-343.38
378.886	43.69
379.101	162.47
379.315	-460.11
379.53	-130.39
379.744	395.94
379.958	375.46
380.173	-163.15
380.387	-279.89
380.602	299.69
380.816	70.31
381.031	-140.63
381.245	-154.96
381.459	228.01
381.674	1165.98
381.888	-318.8
382.103	297.64
382.317	98.99
382.531	408.23
382.746	-103.76
382.96	-341.33
383.174	193.19
383.388	707.23
383.603	78.51
383.817	-390.48
384.031	182.95
384.246	510.63
384.46	-21.84
384.674	838.3
384.888	103.08
385.103	369.32
385.317	-337.23
385.531	39.59
385.745	756.38
385.959	481.96
386.174	-275.79
386.388	-283.98
386.602	238.25
386.816	121.51
387.03	-109.91
387.244	-17.75
387.458	275.11
387.672	387.75
387.887	-376.14
388.101	-263.51
388.315	328.36
388.529	215.72
388.743	-204.11
388.957	-255.31
389.171	549.54
389.385	66.22
389.599	-349.52
389.813	43.69
390.027	228.01
390.241	883.36
390.455	-197.97
390.669	-89.43
390.883	176.81
391.097	529.06
391.311	141.99
391.525	-316.75
391.738	580.26
391.952	375.46
392.166	10.92
392.38	-341.33
392.594	414.37
392.808	342.69
393.022	-75.09
393.236	-99.67
393.449	246.44
393.663	494.24
393.877	-263.51
394.091	-38.23
394.305	127.66
394.518	185
394.732	-298.32
394.946	-105.81
395.16	803.49
395.373	248.49
395.587	-245.07
395.801	-173.39
396.015	346.79
396.228	334.5
396.442	-232.79
396.656	-380.24
396.869	443.04
397.083	678.56
397.297	-50.52
397.51	-122.2
397.724	297.64
397.938	340.65
398.151	-374.1
398.365	-408.91
398.578	463.52
398.792	668.32
399.005	131.75
399.219	-187.73
399.433	373.41
399.646	502.44
399.86	178.86
400.073	228.01
400.287	277.16
400.5	330.41
400.714	150.18
400.927	8.87
401.141	666.27
401.354	1776.27
401.567	453.28
401.781	-349.52
401.994	359.08
402.208	772.77
402.421	-46.42
402.635	-138.58
402.848	105.13
403.061	479.91
403.275	-9.56
403.488	-245.07
403.701	653.98
403.915	588.45
404.128	146.09
404.341	-73.04
404.555	795.29
404.768	131.75
404.981	195.24
405.195	-91.48
405.408	506.53
405.621	522.91
405.834	158.38
406.048	-230.74
406.261	547.49
406.474	527.01
406.687	-109.91
406.9	66.22
407.114	389.8
407.327	574.11
407.54	-333.14
407.753	-286.03
407.966	141.99
408.179	408.23
408.392	-238.93
408.605	-302.42
408.819	465.57
409.032	488.1
409.245	-120.15
409.458	223.91
409.671	377.51
409.884	514.72
410.097	-212.31
410.31	174.76
410.523	678.56
410.736	230.06
410.949	19.11
411.162	-44.37
411.375	498.34
411.588	410.28
411.801	45.74
412.014	-140.63
412.227	201.38
412.44	318.12
412.653	-81.24
412.865	223.91
413.078	635.55
413.291	486.05
413.504	109.23
413.717	-271.7
413.93	645.79
414.143	211.62
414.356	84.65
414.568	-212.31
414.781	475.81
414.994	492.2
415.207	76.46
415.42	199.34
415.632	414.37
415.845	926.36
416.058	-279.89
416.271	-208.21
416.483	512.67
416.696	625.31
416.909	-116.05
417.121	-120.15
417.334	334.5
417.547	637.6
417.759	-97.62
417.972	-44.37
418.185	309.93
418.397	443.04
418.61	-1.37
418.823	-195.92
419.035	703.14
419.248	424.61
419.46	-23.89
419.673	70.31
419.885	318.12
420.098	502.44
420.311	-17.75
420.523	-286.03
420.736	537.25
420.948	463.52
421.161	27.31
421.373	-193.87
421.586	316.07
421.798	123.56
422.01	-290.13
422.223	219.82
422.435	49.83
422.648	696.99
422.86	-64.85
423.073	27.31
423.285	473.76
423.497	170.66
423.71	-124.24
423.922	-44.37
424.134	639.65
424.347	819.87
424.559	289.45
424.771	416.42
424.984	481.96
425.196	496.29
425.408	-228.69
425.621	-136.53
425.833	627.36
426.045	756.38
426.257	-105.81
426.47	92.84
426.682	350.89
426.894	455.33
427.106	-23.89
427.318	58.03
427.531	322.21
427.743	535.2
427.955	205.48
428.167	832.16
428.379	350.89
428.591	258.73
428.804	162.47
429.016	17.07
429.228	543.39
429.44	619.17
429.652	13629.91
429.864	-140.63
430.076	420.52
430.288	514.72
430.5	205.48
430.712	139.94
430.924	506.53
431.136	647.84
431.348	-89.43
431.56	-1.37
431.772	252.58
431.984	379.56
432.196	-56.66
432.408	62.12
432.62	465.57
432.832	676.51
433.044	457.38
433.256	168.62
433.468	625.31
433.679	232.1
433.891	-93.52
434.103	309.93
434.315	940.7
434.527	653.98
434.739	309.93
434.95	107.18
435.162	580.26
435.374	211.62
435.586	223.91
435.798	117.42
436.009	395.94
436.221	453.28
436.433	170.66
436.645	47.79
436.856	430.76
437.068	750.24
437.28	15.02
437.491	479.91
437.703	760.48
437.915	576.16
438.126	135.85
438.338	484
438.55	492.2
438.761	537.25
438.973	252.58
439.184	203.43
439.396	449.19
439.608	574.11
439.819	60.07
440.031	238.25
440.242	772.77
440.454	787.1
440.665	133.8
440.877	350.89
441.088	807.58
441.3	666.27
441.511	-81.24
441.723	148.14
441.934	1039
442.146	713.38
442.357	400.04
442.569	709.28
442.78	746.14
442.991	1288.86
443.203	645.79
443.414	105.13
443.626	1051.29
443.837	588.45
444.048	144.04
444.26	-9.56
444.471	776.86
444.682	752.29
444.894	68.27
445.105	49.83
445.316	842.4
445.528	703.14
445.739	359.08
445.95	354.98
446.161	715.42
446.373	725.66
446.584	342.69
446.795	150.18
447.006	932.51
447.217	924.32
447.429	129.7
447.64	-21.84
447.851	1489.56
448.062	897.69
448.273	49.83
448.484	178.86
448.695	797.34
448.907	885.41
449.118	326.31
449.329	582.31
449.54	524.96
449.751	561.83
449.962	311.97
450.173	264.87
450.384	832.16
450.595	1067.67
450.806	162.47
451.017	287.4
451.228	1063.58
451.439	832.16
451.65	447.14
451.861	-152.91
452.072	651.94
452.283	760.48
452.494	514.72
452.705	359.08
452.915	1362.58
453.126	772.77
453.337	453.28
453.548	180.9
453.759	1196.7
453.97	1170.07
454.181	944.8
454.391	395.94
454.602	918.17
454.813	1082.01
455.024	424.61
455.235	373.41
455.445	1108.63
455.656	848.54
455.867	682.66
456.078	486.05
456.288	721.57
456.499	1170.07
456.71	223.91
456.921	770.72
457.131	852.64
457.342	854.69
457.553	506.53
457.763	449.19
457.974	952.99
458.184	1053.34
458.395	352.93
458.606	240.3
458.816	1251.99
459.027	1301.14
459.237	717.47
459.448	373.41
459.659	1208.98
459.869	2065.04
460.08	207.53
460.29	645.79
460.501	1325.72
460.711	959.13
460.922	244.39
461.132	484
461.343	1890.96
461.553	719.52
461.764	508.58
461.974	570.02
462.184	1301.14
462.395	1256.09
462.605	504.48
462.816	367.27
463.026	1235.61
463.236	1204.89
463.447	467.62
463.657	524.96
463.867	1329.81
464.078	1039
464.288	602.79
464.498	594.59
464.709	1127.07
464.919	1190.55
465.129	578.21
465.339	541.35
465.55	1174.17
465.76	1399.45
465.97	678.56
466.18	645.79
466.391	1327.77
466.601	1323.67
466.811	719.52
467.021	604.83
467.231	1399.45
467.441	1434.26
467.651	752.29
467.862	391.84
468.072	1266.33
468.282	1313.43
468.492	694.94
468.702	926.36
468.912	1307.29
469.122	2214.54
469.332	1245.85
469.542	821.92
469.752	1825.42
469.962	1354.39
470.172	840.35
470.382	733.86
470.592	1671.83
470.802	1569.43
471.012	1092.25
471.222	838.3
471.432	1501.84
471.642	1647.25
471.852	1157.79
472.062	1000.09
472.272	1456.79
472.482	1378.97
472.691	932.51
472.901	797.34
473.111	1356.44
473.321	2046.6
473.531	903.84
473.741	1329.81
473.95	1870.48
474.16	1649.3
474.37	1430.16
474.58	1032.86
474.79	2230.92
474.999	1796.75
475.209	1227.42
475.419	1278.62
475.628	1798.8
475.838	2204.3
476.048	1393.3
476.258	1014.43
476.467	2046.6
476.677	1712.78
476.886	1739.41
477.096	1434.26
477.306	1815.18
477.515	2038.41
477.725	1692.3
477.935	1606.29
478.144	2394.76
478.354	1942.16
478.563	1567.38
478.773	1352.34
478.982	2220.68
479.192	2171.53
479.401	1702.54
479.611	1413.78
479.82	1827.47
480.03	2128.52
480.239	1528.47
480.449	1381.01
480.658	2347.65
480.868	2079.37
481.077	1864.33
481.287	1653.39
481.496	2269.83
481.705	2579.08
481.915	2179.72
482.124	2089.61
482.333	2310.79
482.543	2779.78
482.752	2108.04
482.961	1854.09
483.171	2552.45
483.38	2308.74
483.589	2069.13
483.799	1831.57
484.008	2245.26
484.217	2372.23
484.426	2079.37
484.636	1804.94
484.845	2658.95
485.054	2335.37
485.263	2742.91
485.472	2038.41
485.682	2916.99
485.891	2562.69
486.1	1985.16
486.309	2118.28
486.518	2923.13
486.727	3545.72
486.936	2071.18
487.146	2435.72
487.355	3154.55
487.564	2589.32
487.773	2216.58
487.982	2159.24
488.191	2603.65
488.4	3127.93
488.609	2413.19
488.818	2353.8
489.027	3275.38
489.236	3248.76
489.445	2480.77
489.654	2265.74
489.863	3246.71
490.072	3066.49
490.281	3089.02
490.49	2833.02
490.698	3310.2
490.907	3762.8
491.116	2583.17
491.325	2570.88
491.534	3381.88
491.743	3019.39
491.952	2749.06
492.16	2812.54
492.369	3439.22
492.578	3361.4
492.787	2775.68
492.996	2566.79
493.204	3070.59
493.413	3506.81
493.622	2617.99
493.831	2443.91
494.039	3799.66
494.248	3136.12
494.457	2740.86
494.665	2790.02
494.874	3496.57
495.083	4153.96
495.291	2923.13
495.5	2765.44
495.709	3609.2
495.917	3465.85
496.126	3113.6
496.335	2888.32
496.543	3451.51
496.752	3656.31
496.96	3383.93
497.169	2753.15
497.377	3416.69
497.586	3719.79
497.794	3326.58
498.003	2644.61
498.211	3502.71
498.42	3836.53
498.628	3162.75
498.837	3033.72
499.045	3787.38
499.254	3615.35
499.462	3230.33
499.671	3021.44
499.879	4762.21
500.087	3988.08
500.296	3046.01
500.504	3228.28
500.713	3820.14
500.921	4332.14
501.129	3254.91
501.338	3148.41
501.546	3986.03
501.754	3766.9
501.962	3398.26
502.171	3199.61
502.379	3940.97
502.587	4147.82
502.795	3469.94
503.004	3461.75
503.212	4264.55
503.42	4258.41
503.628	3703.41
503.837	3594.87
504.045	4149.87
504.253	4653.67
504.461	3447.41
504.669	3232.38
504.877	4430.44
505.085	4291.18
505.294	3177.08
505.502	3918.45
505.71	4594.28
505.918	4121.2
506.126	3406.45
506.334	3469.94
506.542	4446.82
506.75	4272.75
506.958	3975.79
507.166	3857.01
507.374	4006.51
507.582	4762.21
507.79	3844.72
507.998	3588.72
508.206	4604.52
508.414	4491.88
508.622	3730.03
508.83	3758.71
509.037	4305.51
509.245	3969.65
509.453	3691.12
509.661	3648.12
509.869	4600.42
510.077	4229.74
510.285	4086.38
510.492	3469.94
510.7	5057.12
510.908	4276.84
511.116	3854.96
511.324	3881.58
511.531	4358.76
511.739	4692.58
511.947	4213.35
512.155	4473.45
512.362	4708.96
512.57	4108.91
512.778	3850.86
512.985	3822.19
513.193	4483.69
513.401	4878.94
513.608	4067.95
513.816	4125.29
514.024	4678.24
514.231	4797.03
514.439	4096.62
514.646	4031.09
514.854	4856.42
515.061	4872.8
515.269	4172.4
515.477	4041.33
515.684	4768.35
515.892	4964.96
516.099	3867.25
516.307	3891.82
516.514	5169.76
516.722	5280.35
516.929	4166.25
517.136	4090.48
517.344	4944.48
517.551	4870.75
517.759	4063.85
517.966	4352.62
518.173	4880.99
518.381	5036.64
518.588	4328.04
518.796	4266.6
519.003	5157.47
519.21	4878.94
519.418	4237.93
519.625	4915.81
519.832	4901.47
520.039	5106.27
520.247	4113
520.454	4352.62
520.661	5177.95
520.868	5061.21
521.076	4418.15
521.283	4485.73
521.49	5513.81
521.697	5235.29
521.904	4524.65
522.112	4702.82
522.319	5517.91
522.526	5268.06
522.733	4536.93
522.94	4493.93
523.147	5309.02
523.354	5128.8
523.561	4457.06
523.768	4756.07
523.975	5325.4
524.183	5220.95
524.39	5044.83
524.597	4495.97
524.804	5143.13
525.011	5024.35
525.218	4641.38
525.425	4641.38
525.632	5771.86
525.838	5136.99
526.045	4682.34
526.252	4868.7
526.459	6818.37
526.666	7080.51
526.873	4702.82
527.08	4696.67
527.287	5896.78
527.494	5675.6
527.701	4668
527.907	4485.73
528.114	5483.1
528.321	5616.21
528.528	4852.32
528.735	4975.2
528.941	5358.17
529.148	5364.31
529.355	4862.56
529.562	5032.54
529.768	6400.59
529.975	5479
530.182	5046.88
530.388	4917.86
530.595	5741.14
530.802	5343.83
531.008	5431.9
531.215	5249.63
531.422	6644.29
531.628	6490.7
531.835	5177.95
532.042	5220.95
532.248	5773.91
532.455	5950.03
532.661	5159.52
532.868	5126.75
533.074	5943.89
533.281	6142.54
533.487	5270.11
533.694	5194.33
533.9	5646.93
534.107	5767.76
534.313	5085.79
534.52	5122.65
534.726	5749.33
534.933	6406.73
535.139	5331.55
535.345	5040.73
535.552	6246.99
535.758	6130.25
535.965	5468.76
536.171	5337.69
536.377	6154.83
536.584	6640.2
536.79	5458.52
536.996	5665.36
537.203	6351.43
537.409	6554.18
537.615	5501.53
537.821	5857.87
538.028	6736.45
538.234	6216.27
538.44	5620.31
538.646	5440.09
538.853	6052.43
539.059	6169.16
539.265	6152.78
539.471	5390.94
539.677	6361.67
539.883	6296.14
540.09	7156.29
540.296	6433.35
540.502	6343.24
540.708	6285.9
540.914	6144.59
541.12	5839.44
541.326	6632.01
541.532	6543.94
541.738	6150.73
541.944	5724.76
542.15	6634.05
542.356	6310.47
542.562	5847.63
542.768	5886.54
542.974	6775.36
543.18	6853.19
543.386	6040.14
543.592	5712.47
543.798	7338.55
544.004	6791.75
544.21	5802.58
544.415	6130.25
544.621	6715.97
544.827	7207.48
545.033	5833.3
545.239	6494.79
545.445	6431.3
545.651	6666.82
545.856	5954.13
546.062	5909.07
546.268	6822.47
546.474	6769.22
546.679	6031.95
546.885	6160.97
547.091	6593.09
547.297	7197.24
547.502	6074.96
547.708	5864.02
547.914	6531.66
548.119	7092.8
548.325	5818.96
548.531	6044.24
548.736	7457.34
548.942	6740.55
549.147	6287.95
549.353	6517.32
549.559	7113.28
549.764	6906.43
549.97	6077.01
550.175	6285.9
550.381	6961.73
550.586	6593.09
550.792	6152.78
550.997	6216.27
551.203	7062.08
551.408	7127.61
551.614	6191.69
551.819	6062.67
552.025	7533.11
552.23	7191.1
552.435	6195.79
552.641	6799.94
552.846	6589
553.052	7664.18
553.257	6904.39
553.462	6462.02
553.668	6994.5
553.873	7021.12
554.078	6373.96
554.283	6359.63
554.489	7193.15
554.694	7125.57
554.899	6406.73
555.105	6675.01
555.31	7373.37
555.515	7199.29
555.72	6746.69
555.925	7862.83
556.131	7426.62
556.336	7307.84
556.541	6580.81
556.746	6322.76
556.951	7602.74
557.156	7297.6
557.361	6838.85
557.567	7014.98
557.772	7520.82
557.977	7533.11
558.182	6658.63
558.387	6566.47
558.592	7148.09
558.797	7780.92
559.002	6720.07
559.207	7070.27
559.412	7696.95
559.617	7832.12
559.822	6732.36
560.027	6654.53
560.232	7295.55
560.437	7471.67
560.642	6740.55
560.847	6683.2
561.051	7301.69
561.256	7551.54
561.461	6910.53
561.666	6769.22
561.871	7250.49
562.076	7916.08
562.281	6992.45
562.485	6824.51
562.69	7606.84
562.895	7440.95
563.1	6965.82
563.305	6959.68
563.509	7881.27
563.714	8071.73
563.919	6804.03
564.123	6961.73
564.328	7502.39
564.533	8026.67
564.737	7256.64
564.942	6894.15
565.147	7725.62
565.351	7705.14
565.556	6971.97
565.761	7064.13
565.965	7782.96
566.17	7510.58
566.374	7039.55
566.579	6871.62
566.784	7881.27
566.988	7666.23
567.193	6900.29
567.397	7213.63
567.602	7500.34
567.806	7537.21
568.011	7121.47
568.215	7029.31
568.42	7539.26
568.624	7946.8
568.828	7137.85
569.033	7488.06
569.237	8266.28
569.442	8161.84
569.646	7184.96
569.85	7232.06
570.055	7940.66
570.259	8049.2
570.463	7670.33
570.668	7166.53
570.872	8000.05
571.076	7746.1
571.281	7416.38
571.485	7354.94
571.689	7883.31
571.893	8139.31
572.098	7782.96
572.302	7463.48
572.506	7987.76
572.71	7993.9
572.914	7391.8
573.119	7217.72
573.323	8311.34
573.527	8426.03
573.731	7363.13
573.935	7240.25
574.139	7979.57
574.343	7899.7
574.547	7383.61
574.751	7533.11
574.955	8172.08
575.159	8229.42
575.364	7617.08
575.568	7516.73
575.772	8198.7
575.976	8260.14
576.18	7610.93
576.383	7379.51
576.587	8456.75
576.791	8266.28
576.995	7131.71
577.199	7408.19
577.403	7893.55
577.607	8524.33
577.811	7490.1
578.015	7815.73
578.219	8180.27
578.422	8411.69
578.626	7690.81
578.83	7969.33
579.034	8559.14
579.238	8421.93
579.442	7694.9
579.645	8278.57
579.849	8124.97
580.053	8512.04
580.257	7850.55
580.46	7963.19
580.664	8632.87
580.868	8628.77
581.071	8079.92
581.275	7985.71
581.479	8213.04
581.682	8675.88
581.886	7791.16
582.09	8020.53
582.293	8700.45
582.497	8784.42
582.7	8274.48
582.904	8041.01
583.107	8710.69
583.311	8796.71
583.515	8016.43
583.718	8071.73
583.922	8788.52
584.125	9427.48
584.329	7979.57
584.532	8172.08
584.735	9021.99
584.939	8809
585.142	7653.94
585.346	7979.57
585.549	8636.97
585.753	8727.08
585.956	8010.29
586.159	8550.95
586.363	9069.09
586.566	9005.6
586.769	7993.9
586.973	7961.14
587.176	8634.92
587.379	8847.91
587.582	8448.55
587.786	8624.68
587.989	8901.15
588.192	10072.59
588.395	8444.46
588.599	8872.48
588.802	8897.06
589.005	9007.65
589.208	8612.39
589.411	8456.75
589.615	8999.46
589.818	9335.32
590.021	8727.08
590.224	8653.35
590.427	9271.84
590.63	9198.11
590.833	8241.71
591.036	8366.64
591.239	8899.11
591.442	8950.31
591.645	8682.02
591.848	8481.32
592.051	8784.42
592.254	9151.01
592.457	8690.21
592.66	8649.25
592.863	9009.7
593.066	9280.03
593.269	8479.27
593.472	8548.9
593.675	9134.62
593.878	9097.76
594.081	8610.34
594.284	8505.9
594.486	9280.03
594.689	9191.97
594.892	8817.19
595.095	8872.48
595.298	9421.34
595.5	9009.7
595.703	8788.52
595.906	8907.3
596.109	9382.43
596.311	9388.57
596.514	8479.27
596.717	8866.34
596.92	9699.86
597.122	9484.83
597.325	8415.79
597.528	8565.29
597.73	9835.03
597.933	9640.47
598.136	8825.38
598.338	8466.99
598.541	9683.48
598.743	9789.97
598.946	9024.03
599.148	8901.15
599.351	9851.41
599.554	9501.21
599.756	9009.7
599.959	9032.22
600.161	9767.45
600.363	10050.07
600.566	9441.82
600.768	8938.02
600.971	9746.97
601.173	9636.38
601.376	8890.92
601.578	9157.15
601.78	9789.97
601.983	10555.91
602.185	8921.63
602.388	9284.12
602.59	9777.69
602.792	9660.95
602.995	9476.63
603.197	9173.53
603.399	9943.57
603.601	10156.56
603.804	9042.46
604.006	9239.07
604.208	9433.63
604.41	9271.84
604.613	9411.1
604.815	9009.7
605.017	10045.97
605.219	9237.02
605.421	9869.84
605.623	9093.66
605.826	9951.76
606.028	10291.73
606.23	9380.38
606.432	9224.73
606.634	10109.46
606.836	10066.45
607.038	9130.53
607.24	9480.73
607.442	9994.77
607.644	9695.77
607.846	9497.11
608.048	9011.75
608.25	10203.66
608.452	9462.3
608.654	9431.58
608.856	8809
609.058	9697.81
609.26	10201.61
609.462	9495.07
609.664	9427.48
609.866	9966.1
610.067	9904.66
610.269	9660.95
610.471	9378.33
610.673	10009.11
610.875	10035.73
611.077	8991.27
611.278	9368.09
611.48	9937.43
611.682	9955.86
611.884	9343.52
612.085	9503.26
612.287	9931.28
612.489	9888.28
612.69	9122.34
612.892	9486.87
613.094	10611.21
613.295	10027.54
613.497	9093.66
613.699	9392.67
613.9	10433.04
614.102	9988.63
614.304	9429.53
614.505	9361.95
614.707	9853.46
614.908	10119.7
615.11	9460.25
615.311	9536.03
615.513	10099.22
615.714	9904.66
615.916	9216.54
616.117	9775.64
616.319	10060.31
616.52	10297.87
616.722	9355.8
616.923	9644.57
617.124	10131.98
617.326	10154.51
617.527	9628.18
617.729	9728.53
617.93	10076.69
618.131	10189.33
618.333	9493.02
618.534	9468.44
618.735	10129.94
618.937	10312.21
619.138	9480.73
619.339	9239.07
619.54	10191.38
619.742	10050.07
619.943	9568.79
620.144	9630.23
620.345	10746.37
620.546	10283.53
620.748	9566.74
620.949	9640.47
621.15	10142.22
621.351	9953.81
621.552	9452.06
621.753	9108
621.954	9867.8
622.155	10502.67
622.356	9359.9
622.558	9904.66
622.759	10404.36
622.96	10562.06
623.161	9511.45
623.362	9617.94
623.563	10146.32
623.764	10222.09
623.965	9617.94
624.166	10105.36
624.366	10131.98
624.567	10220.05
624.768	9443.87
624.969	9546.27
625.17	9976.34
625.371	10320.4
625.572	9830.93
625.773	9792.02
625.973	10459.66
626.174	10531.34
626.375	9773.59
626.576	9910.8
626.777	10441.23
626.977	10627.59
627.178	9898.52
627.379	9865.75
627.58	10121.74
627.78	10023.44
627.981	9669.14
628.182	9720.34
628.382	10359.31
628.583	9892.37
628.784	9445.91
628.984	9906.71
629.185	10576.39
629.386	10445.32
629.586	9953.81
629.787	9599.51
629.987	10357.26
630.188	10586.63
630.388	9888.28
630.589	10215.95
630.79	10963.46
630.99	10265.1
631.191	9943.57
631.391	10228.24
631.591	10420.75
631.792	10621.45
631.992	10123.79
632.193	9851.41
632.393	10615.3
632.594	10430.99
632.794	9636.38
632.994	10134.03
633.195	10183.18
633.395	10029.59
633.595	9953.81
633.796	10043.92
633.996	10531.34
634.196	10641.93
634.397	9490.97
634.597	9953.81
634.797	10195.47
634.997	10824.2
635.198	10433.04
635.398	9900.56
635.598	10443.28
635.798	10637.83
635.998	10349.07
636.199	9699.86
636.399	10226.19
636.599	10209.81
636.799	9841.17
636.999	10234.38
637.199	10560.01
637.399	11037.19
637.599	9695.77
637.799	10177.04
637.999	10408.46
638.199	10783.24
638.399	9978.39
638.599	9771.54
638.799	10633.74
638.999	10695.18
639.199	10418.7
639.399	10033.68
639.599	10637.83
639.799	10492.43
639.999	9906.71
640.199	10031.63
640.399	10662.41
640.599	10660.36
640.799	10330.64
640.998	10508.81
641.198	10869.25
641.398	10754.57
641.598	10347.02
641.798	10267.15
641.997	11772.41
642.197	10439.18
642.397	10541.58
642.597	10041.87
642.796	10451.47
642.996	10580.49
643.196	10420.75
643.395	9839.12
643.595	10502.67
643.795	10512.91
643.994	9964.05
644.194	10263.05
644.394	11334.14
644.593	11205.12
644.793	9968.15
644.992	10332.68
645.192	11115.01
645.392	10428.94
645.591	10723.85
645.791	10443.28
645.99	11063.81
646.19	10834.44
646.389	10154.51
646.589	10230.29
646.788	10768.9
646.987	10838.53
647.187	10922.5
647.386	10607.11
647.586	10906.12
647.785	11145.73
647.984	10144.27
648.184	10656.26
648.383	10762.76
648.582	10867.2
648.782	10320.4
648.981	10510.86
649.18	10635.78
649.38	10539.53
649.579	10504.71
649.778	10156.56
649.977	11160.06
650.177	10940.93
650.376	10252.81
650.575	10160.66
650.774	11102.72
650.973	10500.62
651.173	9972.24
651.372	10572.3
651.571	10582.54
651.77	11155.97
651.969	10473.99
652.168	10443.28
652.367	10721.8
652.566	10889.73
652.765	10469.9
652.964	11115.01
653.163	11440.64
653.362	10885.64
653.561	10426.89
653.76	10582.54
653.959	10834.44
654.158	11024.9
654.357	10590.73
654.556	10527.24
654.755	11057.67
654.954	11184.64
655.153	10332.68
655.352	10611.21
655.551	11158.02
655.749	10897.92
655.948	10594.83
656.147	10527.24
656.346	11147.78
656.545	11053.57
656.743	10758.66
656.942	10560.01
657.141	10877.44
657.34	10873.35
657.538	10314.25
657.737	10418.7
657.936	11192.83
658.135	11000.32
658.333	10568.2
658.532	10904.07
658.731	11612.67
658.929	11342.33
659.128	11072
659.326	10560.01
659.525	11540.99
659.724	11049.47
659.922	10152.46
660.121	10193.42
660.319	10957.32
660.518	10756.61
660.716	10588.68
660.915	10420.75
661.113	11504.12
661.312	10930.69
661.51	10670.6
661.709	10392.08
661.907	11010.56
662.105	11262.46
662.304	10672.65
662.502	10985.99
662.701	11328
662.899	11045.38
663.097	11147.78
663.296	10789.38
663.494	11411.96
663.692	11438.59
663.891	10512.91
664.089	10502.67
664.287	11139.58
664.485	11112.96
664.684	10629.64
664.882	10854.92
665.08	11012.61
665.278	11221.5
665.476	10603.02
665.675	11016.71
665.873	11362.81
666.071	11307.52
666.269	10709.51
666.467	10930.69
666.665	11311.61
666.863	11186.69
667.061	11065.86
667.259	10707.46
667.457	10940.93
667.655	11362.81
667.853	10443.28
668.051	11178.5
668.249	10975.75
668.447	11434.49
668.645	10777.09
668.843	11033.09
669.041	11504.12
669.239	11016.71
669.437	10897.92
669.635	11004.42
669.833	11160.06
670.031	11188.74
670.229	10889.73
670.426	11074.05
670.624	10983.94
670.822	10799.62
671.02	10691.08
671.218	10854.92
671.415	10967.56
671.613	10947.08
671.811	10957.32
672.009	10877.44
672.206	11608.57
672.404	11028.99
672.602	10891.78
672.799	11127.3
672.997	11710.97
673.195	11168.26
673.392	10988.03
673.59	10588.68
673.788	11194.88
673.985	10519.05
674.183	10856.97
674.38	10764.81
674.578	11155.97
674.775	11006.47
674.973	10553.87
675.17	10486.28
675.368	11336.19
675.565	10805.77
675.763	10746.37
675.96	10861.06
676.158	11133.44
676.355	11203.07
676.553	10668.55
676.75	10945.03
676.947	10879.49
677.145	10969.6
677.342	10666.5
677.539	10818.05
677.737	11426.3
677.934	11575.8
678.131	11092.48
678.329	10760.71
678.526	11590.14
678.723	11180.54
678.92	11059.71
679.118	10791.43
679.315	11082.24
679.512	11483.64
679.709	10822.15
679.906	10863.11
680.104	11434.49
680.301	11092.48
680.498	10596.87
680.695	10691.08
680.892	11012.61
681.089	11026.95
681.286	10729.99
681.483	10248.72
681.68	10859.01
681.877	11198.98
682.075	10674.7
682.272	10775.05
682.469	10942.98
682.665	10783.24
682.862	10535.43
683.059	10349.07
683.256	10820.1
683.453	11297.28
683.65	10648.07
683.847	10758.66
684.044	10899.97
684.241	10820.1
684.438	10963.46
684.635	10467.85
684.831	11467.26
685.028	11360.77
685.225	10414.6
685.422	10693.13
685.619	10826.25
685.815	10746.37
686.012	10476.04
686.209	10332.68
686.405	10512.91
686.602	10803.72
686.799	10330.64
686.996	10295.82
687.192	10580.49
687.389	11590.14
687.586	10281.49
687.782	10623.5
687.979	11379.2
688.175	10959.36
688.372	10396.17
688.568	10652.17
688.765	10631.69
688.962	10873.35
689.158	10545.67
689.355	10095.12
689.551	10799.62
689.748	10754.57
689.944	10617.35
690.14	10334.73
690.337	10760.71
690.533	10793.48
690.73	10476.04
690.926	10545.67
691.123	10752.52
691.319	10850.82
691.515	9955.86
691.712	10578.44
691.908	10613.26
692.104	10727.94
692.301	10437.13
692.497	10076.69
692.693	10801.67
692.889	10633.74
693.086	10660.36
693.282	10107.41
693.478	10932.74
693.674	11139.58
693.87	10361.36
694.067	10119.7
694.263	10811.91
694.459	10574.35
694.655	10596.87
694.851	10496.52
695.047	10727.94
695.243	10738.18
695.439	10304.01
695.635	10277.39
695.831	10809.86
696.027	10584.59
696.224	10070.55
696.42	10897.92
696.615	11049.47
696.811	11016.71
697.007	10168.85
697.203	10215.95
697.399	10729.99
697.595	10828.29
697.791	10070.55
697.987	10304.01
698.183	10502.67
698.379	10463.76
698.575	10160.66
698.77	10373.64
698.966	10641.93
699.162	10818.05
699.358	10088.98
699.554	10439.18
699.749	10789.38
699.945	10643.98
700.141	10205.71
700.337	10314.25
700.532	10064.4
700.728	10162.7
700.924	9837.08
701.119	9923.09
701.315	10494.47
701.511	10172.94
701.706	10224.14
701.902	9660.95
702.097	10619.4
702.293	10445.32
702.489	10009.11
702.684	10027.54
702.88	10639.88
703.075	10256.91
703.271	10041.87
703.466	9857.56
703.662	10152.46
703.857	10336.78
704.053	9990.67
704.248	10191.38
704.443	10877.44
704.639	10629.64
704.834	10164.75
705.03	10238.48
705.225	10502.67
705.42	10682.89
705.616	10426.89
705.811	10023.44
706.006	10258.96
706.202	10332.68
706.397	10193.42
706.592	9679.38
706.787	10924.55
706.983	10492.43
707.178	10453.52
707.373	10107.41
707.568	10455.56
707.763	10476.04
707.959	10039.83
708.154	9959.95
708.349	10433.04
708.544	10699.27
708.739	10211.85
708.934	9927.19
709.129	10590.73
709.324	10654.22
709.519	10000.91
709.714	9835.03
709.909	10631.69
710.104	10652.17
710.299	10062.35
710.494	10308.11
710.689	10402.32
710.884	10246.67
711.079	9980.43
711.274	10189.33
711.469	10578.44
711.664	10535.43
711.859	10152.46
712.054	10224.14
712.249	10392.08
712.443	10568.2
712.638	9757.21
712.833	9800.21
713.028	10291.73
713.223	10166.8
713.417	10316.3
713.612	9935.38
713.807	10560.01
714.002	11166.21
714.196	9990.67
714.391	9849.36
714.586	10566.15
714.78	10584.59
714.975	9746.97
715.17	9769.49
715.364	10242.57
715.559	10621.45
715.754	9419.29
715.948	9579.03
716.143	10488.33
716.337	10168.85
716.532	10166.8
716.726	9886.23
716.921	10383.88
717.115	10387.98
717.31	9654.81
717.504	10824.2
717.699	10191.38
717.893	10344.97
718.088	9624.09
718.282	9730.58
718.476	10123.79
718.671	10496.52
718.865	9867.8
719.059	9716.25
719.254	10283.53
719.448	10426.89
719.642	12335.6
719.837	9341.47
720.031	11880.95
720.225	10334.73
720.419	9529.88
720.614	9370.14
720.808	9849.36
721.002	9894.42
721.196	9509.4
721.39	9595.42
721.585	10136.08
721.779	10222.09
721.973	9730.58
722.167	9280.03
722.361	9765.4
722.555	10328.59
722.749	9583.13
722.943	9570.84
723.137	9738.77
723.331	10097.17
723.525	9746.97
723.719	9607.7
723.913	10185.23
724.107	10650.12
724.301	9122.34
724.495	9517.59
724.689	10510.86
724.883	10127.89
725.077	9423.39
725.271	9355.8
725.465	10000.91
725.659	9890.32
725.853	9673.24
726.046	9452.06
726.24	9642.52
726.434	9921.04
726.628	9472.54
726.822	9411.1
727.015	10199.57
727.209	10377.74
727.403	9544.22
727.596	9177.63
727.79	9988.63
727.984	10189.33
728.177	9447.96
728.371	9550.36
728.565	10103.31
728.758	9693.72
728.952	9271.84
729.146	9337.37
729.339	10045.97
729.533	10000.91
729.726	9521.69
729.92	9130.53
730.113	10150.42
730.307	9878.04
730.5	9695.77
730.694	9509.4
730.887	9728.53
731.081	10261.01
731.274	9263.65
731.468	9501.21
731.661	9738.77
731.854	9697.81
732.048	9349.66
732.241	9384.48
732.435	9898.52
732.628	9853.46
732.821	9521.69
733.014	9325.08
733.208	9749.01
733.401	10115.6
733.594	9581.08
733.788	9304.6
733.981	10091.02
734.174	9955.86
734.367	9323.04
734.56	9640.47
734.754	10246.67
734.947	9882.13
735.14	9450.01
735.333	9386.52
735.526	10385.93
735.719	9638.42
735.912	9318.94
736.105	9329.18
736.298	9935.38
736.491	10011.15
736.684	9118.24
736.877	9261.6
737.07	10209.81
737.263	10533.39
737.456	9509.4
737.649	8981.03
737.842	10123.79
738.035	10158.61
738.228	9460.25
738.421	9626.14
738.614	10195.47
738.807	10244.62
739	9179.68
739.192	9357.85
739.385	9957.91
739.578	9507.35
739.771	9716.25
739.964	9140.77
740.156	9982.48
740.349	9871.89
740.542	9619.99
740.735	8999.46
740.927	9579.03
741.12	9642.52
741.313	9249.31
741.505	9423.39
741.698	9749.01
741.891	9742.87
742.083	9497.11
742.276	9060.9
742.468	9931.28
742.661	9718.29
742.854	8978.98
743.046	8954.4
743.239	9814.55
743.431	9873.94
743.624	9337.37
743.816	8802.85
744.009	9497.11
744.201	9583.13
744.393	9499.16
744.586	9142.82
744.778	9730.58
744.971	9753.11
745.163	9194.01
745.355	9501.21
745.548	9681.43
745.74	9640.47
745.932	9181.73
746.125	8778.28
746.317	9777.69
746.509	9679.38
746.702	9024.03
746.894	9267.74
747.086	9773.59
747.278	9794.07
747.471	9394.72
747.663	9312.8
747.855	9792.02
748.047	10201.61
748.239	9194.01
748.431	9167.39
748.623	9990.67
748.815	9837.08
749.008	9019.94
749.2	8931.87
749.392	9654.81
749.584	9730.58
749.776	9226.78
749.968	9458.2
750.16	9878.04
750.352	9601.56
750.544	9165.34
750.736	8995.36
750.928	9642.52
751.12	9755.16
751.311	9011.75
751.503	9163.29
751.695	9568.79
751.887	9632.28
752.079	8749.61
752.271	9036.32
752.463	10115.6
752.654	9572.89
752.846	9058.85
753.038	8864.29
753.23	9476.63
753.421	9579.03
753.613	8974.88
753.805	9380.38
753.997	9341.47
754.188	9558.55
754.38	8903.2
754.572	9165.34
754.763	9435.67
754.955	9644.57
755.146	9056.8
755.338	9005.6
755.53	9824.79
755.721	9595.42
755.913	8864.29
756.104	8852
756.296	9427.48
756.487	9638.42
756.679	8700.45
756.87	8657.45
757.062	9232.93
757.253	9380.38
757.445	8661.54
757.636	9210.4
757.827	9378.33
758.019	9941.52
758.21	8573.48
758.401	8823.33
758.593	9912.85
758.784	9783.83
758.975	8702.5
759.167	8614.44
759.358	9210.4
759.549	9648.66
759.74	8702.5
759.932	8436.27
760.123	9222.69
760.314	9345.56
760.505	8593.96
760.696	8598.06
760.888	9597.46
761.079	9155.1
761.27	8593.96
761.461	8503.85
761.652	9300.51
761.843	9067.04
762.034	8874.53
762.225	9234.97
762.416	9208.35
762.607	8821.28
762.798	8329.77
762.989	8661.54
763.18	10385.93
763.371	9165.34
763.562	8677.93
763.753	8507.94
763.944	8915.49
764.135	8931.87
764.326	8651.3
764.517	8602.15
764.708	9265.69
764.899	9124.38
765.089	8303.15
765.28	8591.91
765.471	8931.87
765.662	9108
765.853	8546.86
766.043	8194.61
766.234	9048.61
766.425	9138.72
766.615	8479.27
766.806	8249.9
766.997	9165.34
767.187	8917.54
767.378	8229.42
767.569	8120.88
767.759	8993.31
767.95	8669.73
768.141	8806.95
768.331	8149.55
768.522	9021.99
768.712	8993.31
768.903	8239.66
769.093	8184.37
769.284	8878.63
769.474	9126.43
769.665	7774.77
769.855	7924.27
770.046	9046.56
770.236	8712.74
770.426	8438.31
770.617	8045.1
770.807	8675.88
770.998	8825.38
771.188	8497.7
771.378	8233.52
771.569	8929.83
771.759	8774.18
771.949	7770.68
772.139	7813.68
772.33	8389.16
772.52	8692.26
772.71	7969.33
772.9	7885.36
773.09	8655.4
773.281	8935.97
773.471	7877.17
773.661	8020.53
773.851	8516.14
774.041	8518.18
774.231	7660.09
774.421	8231.47
774.611	8702.5
774.802	8553
774.992	7961.14
775.182	7588.41
775.372	8469.03
775.562	8921.63
775.752	7797.3
775.942	7862.83
776.131	8788.52
776.321	8528.42
776.511	7998
776.701	7674.42
776.891	8741.41
777.081	8223.28
777.271	7862.83
777.461	7699
777.651	8454.7
777.84	8499.75
778.03	7998
778.22	7977.52
778.41	8405.55
778.599	8182.32
778.789	7825.97
778.979	7690.81
779.169	8362.54
779.358	7828.02
779.548	8288.81
779.738	7412.28
779.927	8305.2
780.117	7807.54
780.307	7594.55
780.496	7318.08
780.686	8362.54
780.875	8852
781.065	7705.14
781.254	7559.74
781.444	8256.04
781.633	8264.24
781.823	7598.65
782.012	7545.4
782.202	8016.43
782.391	8155.69
782.581	7569.98
782.77	7973.43
782.96	8225.33
783.149	7965.23
783.338	7281.21
783.528	7344.7
783.717	8393.26
783.906	8362.54
784.096	7590.45
784.285	7342.65
784.474	7885.36
784.663	7940.66
784.853	7465.53
785.042	7557.69
785.231	7918.13
785.42	8118.83
785.61	7744.05
785.799	7172.67
785.988	8309.29
786.177	7948.85
786.366	7477.82
786.555	7998
786.744	7930.42
786.933	8043.06
787.122	7389.75
787.312	7397.95
787.501	7873.07
787.69	8065.58
787.879	7389.75
788.068	7354.94
788.257	7854.64
788.445	8022.58
788.634	7322.17
788.823	7199.29
789.012	8321.58
789.201	7963.19
789.39	7348.79
789.579	7191.1
789.768	7967.28
789.957	7735.86
790.145	7346.75
790.334	6752.84
790.523	7561.78
790.712	7617.08
790.9	7268.92
791.089	6855.23
791.278	7729.72
791.467	7795.25
791.655	7721.52
791.844	8149.55
792.033	7727.67
792.221	7688.76
792.41	7023.17
792.599	7002.69
792.787	7518.78
792.976	7852.59
793.164	6853.19
793.353	7275.07
793.541	7686.71
793.73	7819.83
793.918	7250.49
794.107	7127.61
794.295	7602.74
794.484	7242.3
794.672	7023.17
794.861	7109.18
795.049	7404.09
795.238	8071.73
795.426	6883.91
795.614	7230.01
795.803	7610.93
795.991	8086.06
796.179	6937.15
796.368	6920.77
796.556	7717.43
796.744	7602.74
796.932	6867.52
797.121	6844.99
797.309	7625.27
797.497	7674.42
797.685	6888
797.874	6836.8
798.062	7731.76
798.25	7723.57
798.438	6758.98
798.626	6910.53
798.814	7725.62
799.002	7985.71
799.19	7092.8
799.378	7074.37
799.566	7682.61
799.755	7748.15
799.943	7244.35
800.131	6863.43
800.318	7395.9
800.506	7502.39
800.694	6617.67
800.882	7092.8
801.07	7852.59
801.258	7639.61
801.446	7023.17
801.634	7184.96
801.822	7518.78
802.01	7760.44
802.197	7039.55
802.385	6953.54
802.573	7776.82
802.761	7389.75
802.949	7006.78
803.136	6718.02
803.324	7594.55
803.512	7645.75
803.699	7215.68
803.887	6791.75
804.075	7639.61
804.262	7664.18
804.45	6896.19
804.638	7180.86
804.825	7256.64
805.013	7168.57
805.201	6961.73
805.388	6818.37
805.576	7240.25
805.763	7766.58
805.951	6961.73
806.138	6953.54
806.326	7703.09
806.513	7432.76
806.701	7002.69
806.888	6902.34
807.075	7709.24
807.263	7897.65
807.45	6756.93
807.638	7189.05
807.825	7926.32
808.012	7742
808.2	7170.62
808.387	7230.01
808.574	7774.77
808.761	7920.18
808.949	6900.29
809.136	7086.65
809.323	7742
809.51	7549.5
809.698	7256.64
809.885	7242.3
810.072	7756.34
810.259	7821.88
810.446	7182.91
810.633	6935.1
810.82	7592.5
811.008	8038.96
811.195	7328.31
811.382	7076.41
811.569	7770.68
811.756	7324.22
811.943	7119.42
812.13	7100.99
812.317	7647.8
812.504	7465.53
812.691	7262.78
812.878	7270.97
813.064	8274.48
813.251	7569.98
813.438	7060.03
813.625	7289.4
813.812	7785.01
813.999	7627.32
814.186	7137.85
814.372	6969.92
814.559	7825.97
814.746	7989.81
814.933	7017.02
815.12	7283.26
815.306	7576.12
815.493	7432.76
815.68	7127.61
815.866	7035.46
816.053	7649.85
816.24	7805.49
816.426	7191.1
816.613	6947.39
816.799	7586.36
816.986	8110.64
817.173	7158.33
817.359	6914.63
817.546	7668.28
817.732	7203.39
817.919	6875.71
818.105	7420.47
818.292	7473.72
818.478	7725.62
818.665	7328.31
818.851	6920.77
819.037	8219.18
819.224	7621.17
819.41	6578.76
819.597	6982.21
819.783	8254
819.969	7455.29
820.156	6875.71
820.342	6863.43
820.528	8950.31
820.714	7184.96
820.901	7182.91
821.087	6861.38
821.273	7584.31
821.459	7492.15
821.646	6722.12
821.832	6797.89
822.018	7623.22
822.204	7543.35
822.39	7043.65
822.576	6892.1
822.762	7604.79
822.948	7828.02
823.134	7047.74
823.32	6820.42
823.507	7285.31
823.693	7469.62
823.879	7653.94
824.065	6828.61
824.25	7559.74
824.436	7449.15
824.622	7053.89
824.808	6801.99
824.994	7293.5
825.18	7430.71
825.366	6449.74
825.552	6742.6
825.738	7223.87
825.923	7612.98
826.109	7068.22
826.295	6742.6
826.481	7225.92
826.667	7262.78
826.852	6959.68
827.038	6490.7
827.224	7596.6
827.409	7559.74
827.595	6416.97
827.781	6877.76
827.966	7649.85
828.152	7574.07
828.338	6670.92
828.523	6439.5
828.709	7248.44
828.894	7295.55
829.08	6738.5
829.266	6658.63
829.451	7125.57
829.637	7379.51
829.822	6744.64
830.008	6697.54
830.193	7416.38
830.378	7799.35
830.564	6728.26
830.749	6449.74
830.935	7221.82
831.12	7135.81
831.305	6707.78
831.491	6752.84
831.676	6939.2
831.861	7238.2
832.047	6560.33
832.232	6388.3
832.417	7268.92
832.602	7383.61
832.788	6310.47
832.973	6472.26
833.158	7125.57
833.343	7133.76
833.528	6820.42
833.714	6662.73
833.899	6955.58
834.084	7615.03
834.269	6707.78
834.454	6589
834.639	7100.99
834.824	7125.57
835.009	6709.83
835.194	6924.86
835.379	7473.72
835.564	7486.01
835.749	6808.13
835.934	6363.72
836.119	7166.53
836.304	7082.56
836.489	6392.39
836.674	6740.55
836.859	6959.68
837.044	7088.7
837.228	6437.45
837.413	5941.84
837.598	7035.46
837.783	6953.54
837.968	6396.49
838.152	6224.46
838.337	6226.51
838.522	7301.69
838.707	6955.58
838.891	6591.05
839.076	6849.09
839.261	6777.41
839.445	6496.84
839.63	6679.11
839.815	7223.87
839.999	6744.64
840.184	6226.51
840.368	6261.32
840.553	7111.23
840.737	6881.86
840.922	6093.39
841.106	5937.74
841.291	6660.68
841.475	6832.71
841.66	6038.09
841.844	6132.3
842.029	7283.26
842.213	6644.29
842.397	6003.28
842.582	5773.91
842.766	6638.15
842.951	6724.16
843.135	5980.75
843.319	5888.59
843.504	6734.4
843.688	7182.91
843.872	5677.65
844.056	5993.04
844.241	6785.6
844.425	6607.43
844.609	6349.39
844.793	5669.46
844.977	6617.67
845.161	6636.1
845.346	5591.64
845.53	5864.02
845.714	6507.08
845.898	7117.37
846.082	5771.86
846.266	5818.96
846.45	6474.31
846.634	6769.22
846.818	5921.36
847.002	6228.56
847.186	6720.07
847.37	6124.11
847.554	5796.43
847.738	6103.63
847.922	6548.04
848.106	6519.37
848.29	5724.76
848.473	5759.57
848.657	6494.79
848.841	6234.7
849.025	5724.76
849.209	5671.51
849.392	6683.2
849.576	6349.39
849.76	5530.2
849.944	6199.88
850.127	6629.96
850.311	6015.57
850.495	5818.96
850.678	5587.54
850.862	6572.61
851.046	6634.05
851.229	6212.17
851.413	5603.93
851.596	6787.65
851.78	6357.58
851.964	6074.96
852.147	5898.83
852.331	6773.32
852.514	6660.68
852.698	5831.25
852.881	5364.31
853.065	6281.8
853.248	6132.3
853.431	5786.19
853.615	5761.62
853.798	7051.84
853.982	6470.22
854.165	5855.83
854.348	5759.57
854.532	5980.75
854.715	6038.09
854.898	5569.11
855.081	5395.03
855.265	6646.34
855.448	6746.69
855.631	5438.04
855.814	5507.67
855.997	6154.83
856.181	6359.63
856.364	5696.08
856.547	5378.65
856.73	6236.75
856.913	6068.81
857.096	5458.52
857.279	5595.73
857.462	5962.32
857.645	6324.81
857.828	5810.77
858.011	5683.8
858.194	6056.53
858.377	6077.01
858.56	5253.72
858.743	5329.5
858.926	5872.21
859.109	5749.33
859.292	5378.65
859.475	5155.42
859.658	5929.55
859.841	6138.44
860.023	5204.57
860.206	5255.77
860.389	5765.71
860.572	5958.22
860.755	5243.48
860.937	5620.31
861.12	5773.91
861.303	5753.43
861.486	5270.11
861.668	5114.46
861.851	5513.81
862.034	5999.18
862.216	5431.9
862.399	5134.94
862.581	5886.54
862.764	5947.98
862.947	5266.01
863.129	5130.84
863.312	5405.27
863.494	5849.68
863.677	5683.8
863.859	4807.27
864.042	6015.57
864.224	5753.43
864.406	5247.58
864.589	4850.27
864.771	5700.18
864.954	5739.09
865.136	4995.68
865.318	4768.35
865.501	6126.16
865.683	5171.8
865.865	4950.62
866.048	5141.08
866.23	6044.24
866.412	5646.93
866.594	4706.91
866.777	5298.78
866.959	5540.44
867.141	5403.22
867.323	5306.97
867.505	5167.71
867.687	5462.62
867.869	5448.28
868.052	5055.07
868.234	4930.14
868.416	5726.8
868.598	5798.48
868.78	5028.45
868.962	4817.51
869.144	5907.02
869.326	5466.71
869.508	4983.39
869.69	4778.59
869.872	5376.6
870.054	6066.77
870.236	4747.87
870.417	4891.23
870.599	5333.59
870.781	5997.14
870.963	5253.72
871.145	4674.15
871.327	5311.07
871.508	5683.8
871.69	5077.6
871.872	5007.97
872.054	5479
872.235	5526.1
872.417	5053.02
872.599	4676.2
872.78	6167.12
872.962	5483.1
873.144	4766.31
873.325	4891.23
873.507	5753.43
873.689	5708.37
873.87	4799.07
874.052	5247.58
874.233	5374.55
874.415	6115.92
874.596	5089.89
874.778	4842.08
874.959	5511.77
875.141	5773.91
875.322	4981.34
875.503	4856.42
875.685	5663.32
875.866	5212.76
876.048	4850.27
876.229	4901.47
876.41	5298.78
876.592	5569.11
876.773	5024.35
876.954	4891.23
877.136	5829.2
877.317	5392.98
877.498	4747.87
877.679	5079.65
877.86	5483.1
878.042	5378.65
878.223	4938.34
878.404	5618.26
878.585	5618.26
878.766	5845.59
878.947	5513.81
879.128	5225.05
879.309	5685.84
879.49	5892.69
879.672	5145.18
879.853	5255.77
880.034	5593.69
880.215	5587.54
880.396	5126.75
880.576	4997.73
880.757	5458.52
880.938	6171.21
881.119	4975.2
881.3	5034.59
881.481	5593.69
881.662	6361.67
881.843	4807.27
882.023	4975.2
882.204	6042.19
882.385	5438.04
882.566	4866.66
882.747	4921.95
882.927	5571.16
883.108	5519.96
883.289	4891.23
883.469	5448.28
883.65	5648.98
883.831	5730.9
884.011	5380.7
884.192	5126.75
884.373	5882.45
884.553	5687.89
884.734	5298.78
884.914	5519.96
885.095	6828.61
885.275	5980.75
885.456	5462.62
885.636	5071.45
885.817	5753.43
885.997	5917.26
886.178	5167.71
886.358	5159.52
886.538	5933.65
886.719	7584.31
886.899	4952.67
887.08	5382.74
887.26	5904.98
887.44	5704.28
887.621	5227.1
887.801	5446.23
887.981	6429.26
888.161	6175.31
888.342	5388.89
888.522	5503.57
888.702	5950.03
888.882	6052.43
889.062	5485.14
889.242	5075.55
889.423	6230.6
889.603	6089.29
889.783	5501.53
889.963	5177.95
890.143	5882.45
890.323	6083.15
890.503	5349.98
890.683	5376.6
890.863	5679.7
891.043	5792.34
891.223	5327.45
891.403	5616.21
891.583	5964.37
891.763	5990.99
891.943	5339.74
892.122	5728.85
892.302	5689.94
892.482	5702.23
892.662	5591.64
892.842	5288.54
893.022	5601.88
893.201	5816.91
893.381	5306.97
893.561	4950.62
893.741	5986.9
893.92	5448.28
894.1	5440.09
894.28	5274.2
894.459	6044.24
894.639	5685.84
894.819	5063.26
894.998	5171.8
895.178	5823.06
895.357	5562.97
895.537	5110.36
895.716	4979.29
895.896	5591.64
896.075	5988.94
896.255	5272.15
896.434	4844.13
896.614	6185.55
896.793	5796.43
896.973	5372.5
897.152	5147.23
897.331	5571.16
897.511	5833.3
897.69	4799.07
897.87	5255.77
898.049	5669.46
898.228	5644.88
898.407	5114.46
898.587	5263.96
898.766	5290.59
898.945	5567.06
899.124	5466.71
899.304	5012.06
899.483	5515.86
899.662	5990.99
899.841	4805.22
900.02	4962.91
900.199	5591.64
900.378	5487.19
900.557	4694.63
900.737	4930.14
900.916	5216.86
901.095	5349.98
901.274	5143.13
901.453	4475.49
901.632	5018.21
901.811	4942.43
901.989	4729.44
902.168	4643.43
902.347	5321.31
902.526	5130.84
902.705	4737.63
902.884	4817.51
903.063	5603.93
903.242	5536.34
903.42	4448.87
903.599	4811.36
903.778	5329.5
903.957	5511.77
904.135	5055.07
904.314	4514.41
904.493	5268.06
904.672	4995.68
904.85	4858.46
905.029	4733.54
905.207	5077.6
905.386	5616.21
905.565	4237.93
905.743	4588.13
905.922	5093.98
906.1	4991.58
906.279	4215.4
906.457	4389.48
906.636	4975.2
906.814	4682.34
906.993	4323.94
907.171	3955.31
907.35	4899.42
907.528	5198.43
907.707	4436.58
907.885	4057.71
908.063	4940.38
908.242	4391.53
908.42	4233.83
908.598	3797.62
908.777	4825.7
908.955	4420.2
909.133	4360.81
909.311	3996.27
909.49	4432.49
909.668	4510.31
909.846	4082.28
910.024	3801.71
910.202	4532.84
910.38	4829.79
910.559	3967.6
910.737	4022.89
910.915	4639.33
911.093	4717.15
911.271	4170.35
911.449	4332.14
911.627	4704.87
911.805	5390.94
911.983	4270.7
912.161	4287.08
912.339	4733.54
912.517	4924
912.695	4391.53
912.872	4276.84
913.05	4899.42
913.228	4954.72
913.406	4375.14
913.584	4287.08
913.762	5081.69
913.939	4778.59
914.117	4387.43
914.295	4268.65
914.473	4618.85
914.65	5077.6
914.828	4203.11
915.006	4276.84
915.184	4635.24
915.361	5018.21
915.539	4389.48
915.716	4682.34
915.894	4862.56
916.072	4883.04
916.249	4797.03
916.427	4498.02
916.604	4512.36
916.782	4958.82
916.959	4213.35
917.137	4338.28
917.314	4713.06
917.492	4653.67
917.669	4315.75
917.847	4309.61
918.024	4684.39
918.201	4328.04
918.379	4190.83
918.556	4252.27
918.733	4835.94
918.911	4579.94
919.088	4618.85
919.265	4186.73
919.442	4792.93
919.62	4711.01
919.797	4002.41
919.974	4065.9
920.151	4790.88
920.328	4553.32
920.506	3928.69
920.683	4678.24
920.86	4522.6
921.037	4594.28
921.214	4221.55
921.391	3902.06
921.568	4612.71
921.745	4332.14
921.922	4072.04
922.099	4006.51
922.276	4545.13
922.453	4371.05
922.63	4051.56
922.807	4581.99
922.984	4473.45
923.161	4391.53
923.338	3938.93
923.514	3983.98
923.691	4631.14
923.868	4526.69
924.045	3936.88
924.222	3754.61
924.399	4297.32
924.575	4391.53
924.752	4067.95
924.929	4211.31
925.105	4237.93
925.282	4022.89
925.459	4057.71
925.635	4215.4
925.812	4479.59
925.989	4203.11
926.165	4029.04
926.342	3717.75
926.518	4260.46
926.695	4192.87
926.871	3840.62
927.048	3678.83
927.224	4524.65
927.401	3983.98
927.577	3932.78
927.754	3652.21
927.93	4592.23
928.107	4285.03
928.283	3537.52
928.459	4004.46
928.636	4375.14
928.812	4141.68
928.988	3621.49
929.165	3476.09
929.341	3992.17
929.517	4270.7
929.693	4149.87
929.87	3287.67
930.046	4309.61
930.222	3832.43
930.398	3383.93
930.574	3730.03
930.751	3918.45
930.927	3949.17
931.103	3484.28
931.279	3385.97
931.455	3844.72
931.631	4086.38
931.807	3293.82
931.983	3119.74
932.159	3457.65
932.335	3766.9
932.511	3308.15
932.687	3363.45
932.863	3633.78
933.039	3918.45
933.215	3031.68
933.391	3015.29
933.566	3627.64
933.742	3586.68
933.918	3175.03
934.094	2937.47
934.27	3345.02
934.445	3394.17
934.621	3205.75
934.797	3011.2
934.973	3476.09
935.148	3291.77
935.324	2884.22
935.5	2624.13
935.675	3562.1
935.851	3394.17
936.027	3019.39
936.202	2931.33
936.378	3396.21
936.553	3015.29
936.729	3545.72
936.904	2634.37
937.08	2876.03
937.255	2841.22
937.431	2589.32
937.606	2466.44
937.782	2744.96
937.957	3017.34
938.133	2501.25
938.308	2321.03
938.483	2704
938.659	2515.59
938.834	2503.3
939.009	2099.85
939.185	2849.41
939.36	2247.3
939.535	1716.88
939.71	2243.21
939.886	2761.34
940.061	2531.97
940.236	2583.17
940.411	2128.52
940.586	2419.33
940.761	2445.96
940.937	2081.42
941.112	1981.07
941.287	2314.89
941.462	2155.15
941.637	1776.27
941.812	1991.31
941.987	2237.06
942.162	2247.3
942.337	2001.55
942.512	1809.04
942.687	2574.98
942.862	2198.15
943.037	1571.47
943.212	1432.21
943.386	2083.47
943.561	2161.29
943.736	2032.27
943.911	2427.53
944.086	2660.99
944.26	2345.61
944.435	1716.88
944.61	1905.29
944.785	2255.5
944.959	2763.39
945.134	1845.9
945.309	1612.43
945.483	1911.44
945.658	2433.67
945.833	1417.88
946.007	1497.75
946.182	2437.77
946.357	2136.71
946.531	1806.99
946.706	1696.4
946.88	1946.25
947.055	2230.92
947.229	1804.94
947.404	1680.02
947.578	2175.63
947.752	2318.98
947.927	1555.09
948.101	1677.97
948.276	2828.93
948.45	2273.93
948.624	2179.72
948.799	1741.46
948.973	2280.07
949.147	2065.04
949.321	1774.22
949.496	1888.91
949.67	2495.11
949.844	2062.99
950.018	1938.06
950.193	1878.67
950.367	2882.17
950.541	2253.45
950.715	1933.97
950.889	2036.36
951.063	2196.11
951.237	2452.1
951.411	1682.07
951.585	1675.92
951.759	2378.37
951.933	2536.07
952.107	1757.84
952.281	2040.46
952.455	2671.23
952.629	2476.68
952.803	1927.82
952.977	1880.72
953.151	2431.62
953.325	2208.39
953.499	2110.09
953.672	1788.56
953.846	2257.54
954.02	2378.37
954.194	1890.96
954.368	1909.39
954.541	2699.91
954.715	2521.73
954.889	2056.84
955.062	1809.04
955.236	2271.88
955.41	2501.25
955.583	2255.5
955.757	1856.14
955.93	2411.14
956.104	2255.5
956.278	1956.49
956.451	2028.17
956.625	2517.64
956.798	2765.44
956.972	2515.59
957.145	1946.25
957.319	2675.33
957.492	2437.77
957.665	2267.78
957.839	1864.33
958.012	2314.89
958.185	2300.55
958.359	2087.56
958.532	2194.06
958.705	2452.1
958.879	2187.91
959.052	2261.64
959.225	1868.43
959.398	2517.64
959.572	2417.29
959.745	1919.63
959.918	2013.84
960.091	2466.44
960.264	2757.25
960.438	1946.25
960.611	1946.25
960.784	2728.58
960.957	2284.17
961.13	2611.84
961.303	1841.81
961.476	2355.85
961.649	2775.68
961.822	1915.53
961.995	2228.87
962.168	2290.31
962.341	2708.1
962.514	1983.12
962.686	1917.58
962.859	2382.47
963.032	2599.55
963.205	2140.81
963.378	1745.55
963.551	2378.37
963.723	2286.22
963.896	2112.14
964.069	2257.54
964.242	2355.85
964.414	3039.87
964.587	2142.86
964.76	2210.44
964.932	2478.72
965.105	2515.59
965.278	2126.47
965.45	1987.21
965.623	2605.7
965.795	2624.13
965.968	2112.14
966.14	2099.85
966.313	2491.01
966.485	2300.55
966.658	1976.97
966.83	2091.66
967.003	2615.94
967.175	2460.29
967.348	1968.78
967.52	2067.08
967.692	2833.02
967.865	2611.84
968.037	2065.04
968.209	2458.25
968.382	2529.92
968.554	2531.97
968.726	1983.12
968.898	1903.25
969.071	2613.89
969.243	2431.62
969.415	1964.68
969.587	2183.82
969.759	2615.94
969.932	2370.18
970.104	2048.65
970.276	1581.71
970.448	2288.26
970.62	2308.74
970.792	2177.67
970.964	2132.62
971.136	2701.95
971.308	2519.68
971.48	1915.53
971.652	1876.62
971.824	2501.25
971.996	2331.27
972.168	1917.58
972.339	1952.4
972.511	2353.8
972.683	2376.33
972.855	2251.4
973.027	1761.94
973.199	2572.93
973.37	2497.16
973.542	2185.87
973.714	2169.48
973.886	1974.92
974.057	2462.34
974.229	1991.31
974.401	1794.7
974.572	1987.21
974.744	1909.39
974.915	1723.02
975.087	1702.54
975.259	2585.22
975.43	2038.41
975.602	1698.45
975.773	1624.72
975.945	2095.75
976.116	2409.09
976.288	1718.93
976.459	2075.28
976.63	2022.03
976.802	2075.28
976.973	1716.88
977.145	1995.4
977.316	2884.22
977.487	2482.82
977.659	2054.8
977.83	1948.3
978.001	2429.57
978.172	2349.7
978.344	1673.87
978.515	1817.23
978.686	2073.23
978.857	2556.55
979.028	1710.74
979.2	1632.91
979.371	2484.87
979.542	2032.27
979.713	1899.15
979.884	1319.57
980.055	2118.28
980.226	2122.38
980.397	1616.53
980.568	1587.86
980.739	2185.87
980.91	1923.73
981.081	1964.68
981.252	1712.78
981.423	2105.99
981.594	2091.66
981.765	1544.85
981.936	1643.15
982.106	1925.77
982.277	2409.09
982.448	1538.71
982.619	1962.64
982.79	1641.11
982.96	2112.14
983.131	1841.81
983.302	1319.57
983.472	1972.88
983.643	2054.8
983.814	1747.6
983.984	1663.63
984.155	1983.12
984.326	2034.32
984.496	1727.12
984.667	1598.1
984.837	1706.64
985.008	2405
985.178	2038.41
985.349	1583.76
985.519	1800.85
985.69	1645.2
985.86	1452.69
986.031	1485.46
986.201	1903.25
986.371	1989.26
986.542	1383.06
986.712	1346.2
986.882	1927.82
987.053	1999.5
987.223	1368.73
987.393	1821.33
987.563	1735.31
987.734	2022.03
987.904	2013.84
988.074	1460.88
988.244	1612.43
988.414	1831.57
988.585	1342.1
988.755	1663.63
988.925	1727.12
989.095	2284.17
989.265	1262.23
989.435	1516.18
989.605	1995.4
989.775	2081.42
989.945	1835.66
990.115	1198.74
990.285	1825.42
990.455	1782.42
990.625	1522.32
990.795	1202.84
990.965	2124.43
991.134	1571.47
991.304	1251.99
991.474	1233.56
991.644	1858.19
991.814	2069.13
991.984	1049.24
992.153	1176.22
992.323	1594
992.493	1854.09
992.662	1057.43
992.832	1516.18
993.002	1682.07
993.171	1831.57
993.341	975.52
993.511	1237.66
993.68	1690.26
993.85	1876.62
994.019	1098.39
994.189	1055.39
994.358	1602.19
994.528	1585.81
994.697	854.69
994.867	1006.24
995.036	1847.95
995.206	1378.97
995.375	1051.29
995.544	1499.8
995.714	1987.21
995.883	1548.95
996.052	1354.39
996.222	793.25
996.391	1936.01
996.56	1626.77
996.73	1061.53
996.899	946.84
997.068	1864.33
997.237	1659.54
997.406	998.04
997.576	834.21
997.745	1962.64
997.914	1483.41
998.083	770.72
998.252	1057.43
998.421	1727.12
998.59	1342.1
998.759	912.03
998.928	772.77
999.097	1669.78
999.266	1538.71
999.435	1366.68
999.604	658.08
999.773	1850
999.942	1376.92
1000.111	760.48
1000.28	719.52
1000.448	1376.92
1000.617	1399.45
1000.786	1188.5
1000.955	713.38
1001.124	1716.88
1001.292	2083.47
1001.461	983.71
1001.63	711.33
1001.798	1456.79
1001.967	1606.29
1002.136	764.58
1002.304	760.48
1002.473	1653.39
1002.642	1419.93
1002.81	879.26
1002.979	866.97
1003.147	1694.35
1003.316	1639.06
1003.484	830.11
1003.653	852.64
1003.821	1563.28
1003.99	1381.01
1004.158	1129.11
1004.327	1094.3
1004.495	1458.84
1004.663	1387.16
1004.832	1014.43
1005	666.27
1005.168	1419.93
1005.337	1338.01
1005.505	541.35
1005.673	1131.16
1005.842	1596.05
1006.01	1276.57
1006.178	582.31
1006.346	721.57
1006.514	1262.23
1006.683	1745.55
1006.851	686.75
1007.019	1030.81
1007.187	1131.16
1007.355	826.01
1007.523	567.97
1007.691	461.48
1007.859	1032.86
1008.027	1780.37
1008.195	649.89
1008.363	602.79
1008.531	1125.02
1008.699	1288.86
1008.867	441
1009.035	686.75
1009.203	1755.79
1009.37	1057.43
1009.538	653.98
1009.706	1481.36
1009.874	1100.44
1010.042	1262.23
1010.209	539.3
1010.377	449.19
1010.545	1258.14
1010.713	1254.04
1010.88	559.78
1011.048	557.73
1011.216	1137.31
1011.383	1366.68
1011.551	600.74
1011.718	461.48
1011.886	1237.66
1012.054	1407.64
1012.221	432.8
1012.389	475.81
1012.556	1022.62
1012.724	1464.98
1012.891	662.18
1013.058	285.35
1013.226	1153.69
1013.393	1204.89
1013.561	309.93
1013.728	295.59
1013.895	1391.25
1014.063	1188.5
1014.23	211.62
1014.397	475.81
1014.565	1260.18
1014.732	977.56
1014.899	332.45
1015.066	350.89
1015.233	1256.09
1015.401	1346.2
1015.568	522.91
1015.735	705.18
1015.902	1227.42
1016.069	1284.76
1016.236	363.17
1016.403	262.82
1016.57	729.76
1016.737	1569.43
1016.904	512.67
1017.071	303.78
1017.238	844.45
1017.405	1016.48
1017.572	477.86
1017.739	807.58
1017.906	1575.57
1018.073	1247.9
1018.24	254.63
1018.407	570.02
1018.573	1102.49
1018.74	1122.97
1018.907	449.19
1019.074	174.76
1019.241	1061.53
1019.407	944.8
1019.574	252.58
1019.741	295.59
1019.907	1360.53
1020.074	1303.19
1020.241	53.93
1020.407	135.85
1020.574	840.35
1020.74	885.41
1020.907	285.35
1021.073	311.97
1021.24	1532.56
1021.406	1067.67
1021.573	162.47
1021.739	242.34
1021.906	1110.68
1022.072	864.93
1022.239	324.26
1022.405	369.32
1022.571	989.85
1022.738	901.79
1022.904	283.3
1023.07	424.61
1023.237	1014.43
1023.403	1149.59
1023.569	404.13
1023.735	328.36
1023.902	993.95
1024.068	895.65
1024.234	162.47
1024.4	322.21
1024.566	705.18
1024.732	866.97
1024.898	193.19
1025.065	4.78
1025.231	799.39
1025.397	696.99
1025.563	268.97
1025.729	92.84
1025.895	481.96
1026.061	676.51
1026.227	-9.56
1026.392	291.49
1026.558	1071.77
1026.724	1039
1026.89	209.58
1027.056	348.84
1027.222	850.59
1027.388	842.4
1027.553	213.67
1027.719	78.51
1027.885	1213.08
1028.051	817.82
1028.216	23.21
1028.382	260.77
1028.548	955.04
1028.713	776.86
1028.879	-25.94
1029.045	391.84
1029.21	1057.43
1029.376	975.52
1029.541	238.25
1029.707	219.82
1029.873	907.93
1030.038	957.08
1030.204	209.58
1030.369	121.51
1030.534	901.79
1030.7	621.22
1030.865	344.74
1031.031	74.41
1031.196	813.73
1031.361	789.15
1031.527	105.13
1031.692	35.5
1031.857	412.32
1032.023	862.88
1032.188	94.89
1032.353	88.75
1032.518	959.13
1032.684	832.16
1032.849	-95.57
1033.014	215.72
1033.179	711.33
1033.344	797.34
1033.509	293.54
1033.674	119.46
1033.839	811.68
1034.004	735.9
1034.17	105.13
1034.335	17.07
1034.5	625.31
1034.664	539.3
1034.829	66.22
1034.994	324.26
1035.159	518.82
1035.324	740
1035.489	170.66
1035.654	96.94
1035.819	1374.87
1035.984	645.79
1036.148	162.47
1036.313	76.46
1036.478	903.84
1036.643	651.94
1036.807	51.88
1036.972	-118.1
1037.137	1268.38
1037.301	584.35
1037.466	-171.35
1037.631	316.07
1037.795	854.69
1037.96	580.26
1038.124	389.8
1038.289	-107.86
1038.454	551.59
1038.618	860.83
1038.783	240.3
1038.947	154.28
1039.111	567.97
1039.276	584.35
1039.44	-5.46
1039.605	762.53
1039.769	615.07
1039.933	516.77
1040.098	119.46
1040.262	395.94
1040.426	803.49
1040.591	649.89
1040.755	-17.75
1040.919	78.51
1041.083	946.84
1041.248	520.87
1041.412	-177.49
1041.576	-109.91
1041.74	551.59
1041.904	645.79
1042.068	-48.47
1042.232	70.31
1042.397	1125.02
1042.561	606.88
1042.725	-306.51
1042.889	72.36
1043.053	676.51
1043.217	492.2
1043.381	96.94
1043.544	-91.48
1043.708	643.74
1043.872	516.77
1044.036	-218.45
1044.2	-77.14
1044.364	828.06
1044.528	799.39
1044.691	7950.9
1044.855	-130.39
1045.019	797.34
1045.183	723.62
1045.346	78.51
1045.51	-148.82
1045.674	701.09
1045.837	588.45
1046.001	-42.32
1046.165	-9.56
1046.328	1077.91
1046.492	502.44
1046.655	268.97
1046.819	33.45
1046.983	555.68
1047.146	469.67
1047.31	92.84
1047.473	-200.02
1047.636	600.74
1047.8	354.98
1047.963	43.69
1048.127	-105.81
1048.29	346.79
