345.52	-1368.56
345.736	-1368.56
345.952	-1368.56
346.168	-1327.6
346.384	-1339.88
346.6	-176.64
346.816	-250.36
347.032	-195.07
347.248	507.38
347.464	-332.28
347.68	-215.55
347.896	-66.05
348.112	421.37
348.328	-121.34
348.544	46.59
348.76	165.37
348.975	216.57
349.191	-332.28
349.407	-397.82
349.623	210.43
349.839	83.45
350.055	-274.94
350.27	-14.85
350.486	179.71
350.702	220.67
350.918	364.03
351.133	-205.31
351.349	163.33
351.565	538.1
351.781	-373.24
351.996	-12.8
352.212	179.71
352.428	167.42
352.644	-436.73
352.859	-258.56
353.075	208.38
353.291	85.5
353.506	-203.26
353.722	-422.39
353.938	34.3
354.153	517.62
354.369	339.45
354.584	-264.7
354.8	261.63
355.016	-96.77
355.231	-492.02
355.447	-133.63
355.662	404.99
355.878	798.2
356.093	-463.35
356.309	19.97
356.524	-123.39
356.74	550.39
356.955	-436.73
357.171	-164.35
357.386	202.24
357.602	-41.47
357.817	-61.95
358.033	-219.64
358.248	390.65
358.464	353.79
358.679	-317.95
358.895	-420.35
359.11	85.5
359.325	255.48
359.541	425.47
359.756	-74.24
359.972	-121.34
360.187	435.71
360.402	-317.95
360.618	-213.5
360.833	1580.52
361.048	224.76
361.264	-221.69
361.479	32.26
361.694	187.9
361.909	261.63
362.125	-401.91
362.34	-164.35
362.555	351.74
362.77	151.04
362.986	-397.82
363.201	-258.56
363.416	265.72
363.631	28.16
363.847	-379.39
364.062	-313.85
364.277	155.13
364.492	19.97
364.707	-213.5
364.922	-416.25
365.138	257.53
365.353	343.55
365.568	-414.2
365.783	-238.08
365.998	435.71
366.213	478.71
366.428	-360.95
366.643	165.37
366.858	214.52
367.073	251.39
367.288	-145.92
367.503	-328.19
367.718	60.93
367.933	458.23
368.148	-332.28
368.363	-6.66
368.578	255.48
368.793	464.38
369.008	-143.87
369.223	-397.82
369.438	294.4
369.653	267.77
369.868	-375.29
370.083	-340.47
370.298	212.48
370.513	515.58
370.728	85.5
370.943	-272.89
371.157	-55.81
371.372	779.76
371.587	-422.39
371.802	-406.01
372.017	81.41
372.232	431.61
372.446	-2.56
372.661	-346.62
372.876	126.46
373.091	261.63
373.306	-137.73
373.52	-418.3
373.735	48.64
373.95	591.35
374.165	-274.94
374.379	-246.27
374.594	-100.86
374.809	396.79
375.023	67.07
375.238	-383.48
375.453	249.34
375.667	-111.1
375.882	-313.85
376.097	-301.56
376.311	-4.61
376.526	335.35
376.741	-369.15
376.955	204.28
377.17	437.75
377.384	959.99
377.599	-25.09
377.813	-449.02
378.028	777.72
378.242	394.75
378.457	-205.31
378.672	-365.05
378.886	13.82
379.101	169.47
379.315	-489.98
379.53	-215.55
379.744	427.51
379.958	323.07
380.173	-221.69
380.387	-326.14
380.602	357.88
380.816	24.06
381.031	-150.01
381.245	-285.18
381.459	196.09
381.674	1066.48
381.888	-489.98
382.103	288.25
382.317	138.75
382.531	372.22
382.746	-37.38
382.96	-252.41
383.174	89.6
383.388	710.13
383.603	42.5
383.817	-377.34
384.031	97.79
384.246	544.25
384.46	32.26
384.674	773.62
384.888	15.87
385.103	237.05
385.317	-502.26
385.531	11.78
385.745	781.81
385.959	482.81
386.174	-336.38
386.388	-326.14
386.602	161.28
386.816	9.73
387.03	-164.35
387.244	-197.12
387.458	192
387.672	400.89
387.887	-512.5
388.101	-250.36
388.315	302.59
388.529	99.84
388.743	-254.46
388.957	-313.85
389.171	503.29
389.385	5.63
389.599	-334.33
389.813	-14.85
390.027	210.43
390.241	833.01
390.455	-246.27
390.669	-55.81
390.883	52.74
391.097	574.97
391.311	108.03
391.525	-252.41
391.738	478.71
391.952	521.72
392.166	-12.8
392.38	-391.67
392.594	468.47
392.808	376.31
393.022	-86.53
393.236	-152.06
393.449	232.96
393.663	486.9
393.877	-295.42
394.091	-88.57
394.305	71.17
394.518	52.74
394.732	-285.18
394.946	-121.34
395.16	755.19
395.373	105.98
395.587	-360.95
395.801	-287.23
396.015	419.32
396.228	245.24
396.442	-420.35
396.656	-492.02
396.869	376.31
397.083	777.72
397.297	-133.63
397.51	-313.85
397.724	214.52
397.938	189.95
398.151	-578.04
398.365	-401.91
398.578	308.73
398.792	544.25
399.005	34.3
399.219	-252.41
399.433	216.57
399.646	439.8
399.86	95.74
400.073	198.14
400.287	200.19
400.5	278.01
400.714	101.89
400.927	-133.63
401.141	534.01
401.354	1791.46
401.567	599.54
401.781	-403.96
401.994	253.44
402.208	757.24
402.421	-23.04
402.635	-190.97
402.848	9.73
403.061	298.49
403.275	-57.86
403.488	-338.43
403.701	552.44
403.915	597.49
404.128	67.07
404.341	-219.64
404.555	773.62
404.768	13.82
404.981	148.99
405.195	-176.64
405.408	349.69
405.621	392.7
405.834	79.36
406.048	-223.74
406.261	593.4
406.474	351.74
406.687	-238.08
406.9	-4.61
407.114	321.02
407.327	577.02
407.54	-334.33
407.753	-422.39
407.966	-23.04
408.179	310.78
408.392	-184.83
408.605	-485.88
408.819	339.45
409.032	474.62
409.245	-264.7
409.458	122.37
409.671	241.15
409.884	402.94
410.097	-375.29
410.31	28.16
410.523	587.26
410.736	230.91
410.949	-23.04
411.162	-172.54
411.375	509.43
411.588	323.07
411.801	-20.99
412.014	-252.41
412.227	44.54
412.44	302.59
412.653	-147.97
412.865	140.8
413.078	486.9
413.291	390.65
413.504	65.02
413.717	-268.8
413.93	540.15
414.143	19.97
414.356	62.98
414.568	-410.11
414.781	427.51
414.994	443.9
415.207	-66.05
415.42	24.06
415.632	388.6
415.845	794.1
416.058	-377.34
416.271	-254.46
416.483	304.64
416.696	552.44
416.909	-195.07
417.121	-254.46
417.334	212.48
417.547	507.38
417.759	-264.7
417.972	-188.93
418.185	79.36
418.397	388.6
418.61	-162.3
418.823	-107.01
419.035	568.82
419.248	351.74
419.46	-104.96
419.673	-59.9
419.885	171.52
420.098	347.64
420.311	-104.96
420.523	-451.07
420.736	482.81
420.948	259.58
421.161	-133.63
421.373	-406.01
421.586	171.52
421.798	38.4
422.01	-418.3
422.223	118.27
422.435	108.03
422.648	599.54
422.86	-188.93
423.073	-199.16
423.285	241.15
423.497	34.3
423.71	-111.1
423.922	-125.44
424.134	581.11
424.347	814.58
424.559	218.62
424.771	361.98
424.984	404.99
425.196	407.03
425.408	-360.95
425.621	-240.12
425.833	415.23
426.045	687.61
426.257	-348.67
426.47	15.87
426.682	187.9
426.894	269.82
427.106	-94.72
427.318	-25.09
427.531	177.66
427.743	361.98
427.955	-14.85
428.167	724.47
428.379	138.75
428.591	222.72
428.804	1.54
429.016	-115.2
429.228	372.22
429.44	527.86
429.652	13532.47
429.864	-313.85
430.076	347.64
430.288	321.02
430.5	116.22
430.712	81.41
430.924	374.27
431.136	470.52
431.348	-176.64
431.56	-166.4
431.772	179.71
431.984	161.28
432.196	-270.84
432.408	-61.95
432.62	298.49
432.832	445.95
433.044	347.64
433.256	132.61
433.468	439.8
433.679	103.93
433.891	-293.37
434.103	249.34
434.315	781.81
434.527	486.9
434.739	114.17
434.95	19.97
435.162	466.42
435.374	44.54
435.586	69.12
435.798	-10.75
436.009	296.44
436.221	265.72
436.433	38.4
436.645	-68.09
436.856	271.87
437.068	736.76
437.28	-137.73
437.491	226.81
437.703	595.45
437.915	415.23
438.126	-78.33
438.338	466.42
438.55	284.16
438.761	302.59
438.973	38.4
439.184	-74.24
439.396	200.19
439.608	355.83
439.819	-127.49
440.031	103.93
440.242	554.49
440.454	491
440.665	-8.7
440.877	196.09
441.088	615.93
441.3	478.71
441.511	-266.75
441.723	-20.99
441.934	882.16
442.146	628.21
442.357	110.08
442.569	591.35
442.78	640.5
442.991	1060.34
443.203	605.69
443.414	-8.7
443.626	865.78
443.837	368.12
444.048	-66.05
444.26	-248.32
444.471	581.11
444.682	499.19
444.894	-215.55
445.105	-178.69
445.316	810.48
445.528	603.64
445.739	214.52
445.95	114.17
446.161	470.52
446.373	574.97
446.584	67.07
446.795	50.69
447.006	695.8
447.217	671.22
447.429	-182.78
447.64	-205.31
447.851	1367.53
448.062	687.61
448.273	-188.93
448.484	65.02
448.695	613.88
448.907	605.69
449.118	261.63
449.329	433.66
449.54	413.18
449.751	312.83
449.962	-33.28
450.173	-94.72
450.384	652.79
450.595	871.92
450.806	-51.71
451.017	200.19
451.228	851.44
451.439	577.02
451.65	151.04
451.861	-279.04
452.072	421.37
452.283	585.21
452.494	364.03
452.705	192
452.915	1164.78
453.126	630.26
453.337	304.64
453.548	-25.09
453.759	1017.33
453.97	1029.62
454.181	695.8
454.391	85.5
454.602	617.97
454.813	1117.68
455.024	214.52
455.235	-2.56
455.445	767.48
455.656	630.26
455.867	474.62
456.078	159.23
456.288	458.23
456.499	871.92
456.71	-2.56
456.921	636.41
457.131	697.85
457.342	550.39
457.553	181.76
457.763	282.11
457.974	599.54
458.184	888.31
458.395	77.31
458.606	-8.7
458.816	949.75
459.027	1048.05
459.237	421.37
459.448	75.26
459.659	839.16
459.869	1723.88
460.08	-72.19
460.29	450.04
460.501	1070.58
460.711	671.22
460.922	-111.1
461.132	208.38
461.343	1605.1
461.553	511.48
461.764	60.93
461.974	302.59
462.184	931.31
462.395	970.23
462.605	298.49
462.816	105.98
463.026	962.03
463.236	888.31
463.447	142.85
463.657	138.75
463.867	1043.95
464.078	581.11
464.288	308.73
464.498	261.63
464.709	851.44
464.919	933.36
465.129	429.56
465.339	189.95
465.55	839.16
465.76	1068.53
465.97	335.35
466.18	275.96
466.391	1113.58
466.601	873.97
466.811	503.29
467.021	138.75
467.231	1121.77
467.441	1179.12
467.651	368.12
467.862	-55.81
468.072	781.81
468.282	1007.09
468.492	177.66
468.702	474.62
468.912	996.85
469.122	1725.93
469.332	767.48
469.542	351.74
469.752	1310.19
469.962	912.88
470.172	298.49
470.382	400.89
470.592	1215.98
470.802	1060.34
471.012	636.41
471.222	450.04
471.432	1029.62
471.642	1201.65
471.852	708.09
472.062	355.83
472.272	1140.21
472.482	1009.14
472.691	599.54
472.901	423.42
473.111	871.92
473.321	1701.35
473.531	486.9
473.741	773.62
473.95	1312.24
474.16	1285.61
474.37	900.59
474.58	509.43
474.79	1646.05
474.999	1230.32
475.209	552.44
475.419	722.42
475.628	1302
475.838	1564.14
476.048	853.49
476.258	544.25
476.467	1463.79
476.677	1125.87
476.886	1091.06
477.096	900.59
477.306	1215.98
477.515	1447.4
477.725	1078.77
477.935	988.66
478.144	1971.68
478.354	1373.68
478.563	976.37
478.773	845.3
478.982	1584.62
479.192	1453.55
479.401	1007.09
479.611	898.55
479.82	1160.69
480.03	1525.22
480.239	968.18
480.449	765.43
480.658	1666.53
480.868	1435.11
481.077	1138.16
481.287	1005.04
481.496	1498.6
481.705	1754.6
481.915	1533.42
482.124	1394.15
482.333	1787.36
482.543	2082.27
482.752	1441.26
482.961	998.9
483.171	1779.17
483.38	1527.27
483.589	1254.89
483.799	1156.59
484.008	1719.78
484.217	1486.31
484.426	1299.95
484.636	1129.97
484.845	1869.28
485.054	1482.22
485.263	1885.67
485.472	1295.85
485.682	2026.98
485.891	1748.45
486.1	1189.36
486.309	1351.15
486.518	2227.68
486.727	2768.34
486.936	1318.38
487.146	1646.05
487.355	2170.33
487.564	1861.09
487.773	1437.16
487.982	1502.7
488.191	1793.51
488.4	2182.62
488.609	1392.11
488.818	1531.37
489.027	2487.77
489.236	2428.38
489.445	1498.6
489.654	1244.65
489.863	2391.52
490.072	1961.44
490.281	2119.14
490.49	1758.69
490.698	2403.8
490.907	2721.24
491.116	1670.63
491.325	1586.66
491.534	2465.24
491.743	2168.29
491.952	1721.83
492.16	1799.65
492.369	2637.27
492.578	2684.38
492.787	1875.43
492.996	1539.56
493.204	2088.42
493.413	2647.51
493.622	1500.65
493.831	1404.39
494.039	2784.73
494.248	2164.19
494.457	1801.7
494.665	1607.14
494.874	2504.15
495.083	2983.38
495.291	1791.46
495.5	1752.55
495.709	2461.15
495.917	2416.09
496.126	2149.86
496.335	1818.08
496.543	2457.05
496.752	2430.43
496.96	2377.18
497.169	1766.89
497.377	2452.95
497.586	2528.73
497.794	2180.57
498.003	1621.48
498.211	2543.07
498.42	2590.17
498.628	2082.27
498.837	1834.47
499.045	2653.66
499.254	2553.31
499.462	2031.07
499.671	2065.89
499.879	3583.43
500.087	2725.33
500.296	1895.91
500.504	2121.18
500.713	2622.94
500.921	3155.41
501.129	2047.46
501.338	1986.02
501.546	2827.73
501.754	2674.14
501.962	2110.94
502.171	2051.55
502.379	2674.14
502.587	2930.13
502.795	2211.29
503.004	2141.66
503.212	3063.25
503.42	2975.19
503.628	2299.36
503.837	2280.93
504.045	2805.21
504.253	3296.72
504.461	2076.13
504.669	1975.78
504.877	3360.2
505.085	2858.45
505.294	2041.31
505.502	2436.57
505.71	3182.03
505.918	2817.49
506.126	2123.23
506.334	2325.98
506.542	2913.75
506.75	2874.84
506.958	2641.37
507.166	2368.99
507.374	2639.32
507.582	3139.02
507.79	2442.71
507.998	2332.12
508.206	3333.58
508.414	3151.31
508.622	2397.66
508.83	2309.6
509.037	3075.54
509.245	2733.53
509.453	2315.74
509.661	2192.86
509.869	3196.37
510.077	2866.64
510.285	2731.48
510.492	2016.74
510.7	3577.29
510.908	2885.08
511.116	2479.58
511.324	2338.27
511.531	2790.87
511.739	3186.13
511.947	2805.21
512.155	2971.09
512.362	3321.29
512.57	2792.92
512.778	2366.94
512.985	2330.08
513.193	3157.46
513.401	3390.92
513.608	2559.45
513.816	2555.35
514.024	3130.83
514.231	3364.3
514.439	2610.65
514.646	2631.13
514.854	3407.31
515.061	3329.49
515.269	2700.76
515.477	2598.36
515.684	3266
515.892	3440.08
516.099	2385.37
516.307	2491.87
516.514	3628.49
516.722	3827.14
516.929	2635.22
517.136	2538.97
517.344	3550.67
517.551	3519.95
517.759	2532.83
517.966	2743.77
518.173	3202.51
518.381	3218.89
518.588	2915.8
518.796	2770.39
519.003	3585.48
519.21	3458.51
519.418	2813.4
519.625	3300.81
519.832	3466.7
520.039	3501.51
520.247	2545.11
520.454	2926.04
520.661	3503.56
520.868	3562.95
521.076	2962.9
521.283	2907.6
521.49	3915.2
521.697	3587.53
521.904	3012.05
522.112	3014.1
522.319	3628.49
522.526	3579.34
522.733	3003.86
522.94	2786.77
523.147	3560.91
523.354	3491.27
523.561	2764.25
523.768	3190.22
523.975	3939.78
524.183	3560.91
524.39	3372.49
524.597	2792.92
524.804	3341.77
525.011	3605.96
525.218	2962.9
525.425	2960.85
525.632	4179.39
525.838	3587.53
526.045	2964.95
526.252	3122.64
526.459	5207.47
526.666	5352.88
526.873	3096.02
527.08	2973.14
527.287	4111.81
527.494	3829.19
527.701	2983.38
527.907	2999.76
528.114	3915.2
528.321	3874.24
528.528	3155.41
528.735	3165.65
528.941	3591.63
529.148	3524.04
529.355	3300.81
529.562	3282.38
529.768	4443.58
529.975	3603.91
530.182	3397.07
530.388	3100.11
530.595	4054.47
530.802	3411.4
531.008	3585.48
531.215	3251.66
531.422	4527.55
531.628	4545.98
531.835	3329.49
532.042	3481.03
532.248	3997.12
532.455	3986.88
532.661	3456.46
532.868	3263.95
533.074	4038.08
533.281	4441.53
533.487	3292.62
533.694	3354.06
533.9	3911.11
534.107	3792.33
534.313	3268.05
534.52	3376.59
534.726	4025.79
534.933	4644.28
535.139	3435.98
535.345	3184.08
535.552	4429.24
535.758	4267.45
535.965	3347.92
536.171	3509.71
536.377	4183.49
536.584	4814.26
536.79	3429.84
536.996	3753.41
537.203	4414.91
537.409	4457.92
537.615	3573.19
537.821	3628.49
538.028	4924.85
538.234	4068.8
538.44	3569.1
538.646	3708.36
538.853	4066.75
539.059	4111.81
539.265	4197.82
539.471	3294.67
539.677	4380.09
539.883	4234.69
540.09	5408.17
540.296	4316.61
540.502	4255.17
540.708	4142.53
540.914	4120
541.12	3724.74
541.326	4447.68
541.532	4500.92
541.738	4099.52
541.944	3775.94
542.15	4636.09
542.356	4320.7
542.562	3739.08
542.768	3866.05
542.974	4732.34
543.18	4644.28
543.386	4038.08
543.592	3562.95
543.798	5199.28
544.004	4771.26
544.21	3777.99
544.415	4081.09
544.621	4609.47
544.827	5326.25
545.033	3990.98
545.239	4289.98
545.445	4423.1
545.651	4709.82
545.856	4050.37
546.062	3935.68
546.268	4509.12
546.474	4689.34
546.679	3923.4
546.885	3947.97
547.091	4472.25
547.297	5037.49
547.502	4070.85
547.708	3677.64
547.914	4558.27
548.119	4824.5
548.325	3853.77
548.531	3833.29
548.736	5385.65
548.942	4484.54
549.147	3986.88
549.353	4353.47
549.559	5023.16
549.764	4974
549.97	4076.99
550.175	4036.03
550.381	4785.59
550.586	4406.72
550.792	4130.24
550.997	4136.38
551.203	4892.09
551.408	4986.29
551.614	3777.99
551.819	4009.41
552.025	5236.14
552.23	4875.7
552.435	4261.31
552.641	4513.21
552.846	4572.6
553.052	5361.07
553.257	4570.55
553.462	4169.15
553.668	4588.99
553.873	4988.34
554.078	4089.28
554.283	4443.58
554.489	4955.57
554.694	4752.82
554.899	4081.09
555.105	4662.71
555.31	5111.22
555.515	5141.94
555.72	4414.91
555.925	5373.36
556.131	5150.13
556.336	4965.81
556.541	4283.84
556.746	4294.08
556.951	5246.38
557.156	5043.64
557.361	4474.3
557.567	4642.23
557.772	5225.9
557.977	5252.53
558.182	4339.13
558.387	4464.06
558.592	4695.48
558.797	5504.43
559.002	4533.69
559.207	4492.73
559.412	5287.34
559.617	5514.67
559.822	4562.36
560.027	4437.44
560.232	4914.61
560.437	5109.17
560.642	4130.24
560.847	4480.44
561.051	4894.13
561.256	5205.42
561.461	4455.87
561.666	4349.37
561.871	5039.54
562.076	5567.92
562.281	4697.53
562.485	4459.96
562.69	5279.15
562.895	5242.29
563.1	4648.38
563.305	4246.98
563.509	5328.3
563.714	5641.64
563.919	4509.12
564.123	4677.05
564.328	5225.9
564.533	5422.51
564.737	4728.25
564.942	4345.28
565.147	5361.07
565.351	5297.58
565.556	4769.21
565.761	4697.53
565.965	5545.39
566.17	5336.49
566.374	4648.38
566.579	4652.47
566.784	5342.64
566.988	5260.72
567.193	4527.55
567.397	4691.38
567.602	5078.45
567.806	5262.77
568.011	4844.98
568.215	4898.23
568.42	5131.7
568.624	5481.9
568.828	4718.01
569.033	4976.05
569.237	5547.44
569.442	5442.99
569.646	4660.66
569.85	4703.67
570.055	5373.36
570.259	5475.76
570.463	5250.48
570.668	4863.41
570.872	5354.93
571.076	5535.15
571.281	5041.59
571.485	4883.89
571.689	5389.74
571.893	5428.65
572.098	5057.97
572.302	4783.54
572.506	5434.8
572.71	5578.15
572.914	4758.97
573.119	4750.78
573.323	5930.41
573.527	5813.67
573.731	4896.18
573.935	4683.19
574.139	5471.66
574.343	5262.77
574.547	4910.52
574.751	4924.85
574.955	5645.74
575.159	5639.59
575.364	4935.09
575.568	4826.55
575.772	5574.06
575.976	5662.12
576.18	4758.97
576.383	4902.33
576.587	5774.76
576.791	5686.7
576.995	4736.44
577.199	4675
577.403	5500.33
577.607	5533.1
577.811	4906.42
578.015	5146.03
578.219	5674.41
578.422	5698.99
578.626	5170.61
578.83	5451.18
579.034	6073.76
579.238	5811.62
579.442	4957.62
579.645	5752.23
579.849	5707.18
580.053	5909.93
580.257	5211.57
580.46	5418.41
580.664	6057.38
580.868	5868.97
581.071	5408.17
581.275	5424.56
581.479	5574.06
581.682	5907.88
581.886	5066.16
582.09	5281.2
582.293	5930.41
582.497	5944.74
582.7	5449.13
582.904	5193.14
583.107	5856.68
583.311	5889.45
583.515	5119.41
583.718	5248.43
583.922	6055.33
584.125	6692.25
584.329	5365.17
584.532	5377.45
584.735	6032.8
584.939	5883.3
585.142	5322.16
585.346	5320.11
585.549	5942.69
585.753	5993.89
585.956	5248.43
586.159	5508.52
586.363	6352.29
586.566	5983.65
586.769	5426.61
586.973	5150.13
587.176	6116.77
587.379	6188.45
587.582	5711.27
587.786	5744.04
587.989	6077.86
588.192	7142.8
588.395	5500.33
588.599	5987.75
588.802	6139.3
589.005	6190.5
589.208	5594.54
589.411	5361.07
589.615	6223.27
589.818	6415.77
590.021	5961.13
590.224	5598.63
590.427	6614.43
590.63	6161.83
590.833	5273.01
591.036	5522.86
591.239	5971.36
591.442	5993.89
591.645	5873.06
591.848	5518.76
592.051	6063.52
592.254	6163.87
592.457	5838.25
592.66	5776.81
592.863	6008.23
593.066	6671.77
593.269	5602.73
593.472	5698.99
593.675	6161.83
593.878	6317.47
594.081	5668.27
594.284	5449.13
594.486	6378.91
594.689	6311.33
594.892	5897.64
595.095	5801.38
595.298	6348.19
595.5	6176.16
595.703	5873.06
595.906	5995.94
596.109	6438.3
596.311	6356.38
596.514	5506.48
596.717	5997.99
596.92	6673.82
597.122	6620.57
597.325	5504.43
597.528	5559.72
597.73	6788.5
597.933	6706.59
598.136	5733.8
598.338	5533.1
598.541	6841.75
598.743	6786.46
598.946	5785
599.148	5793.19
599.351	6790.55
599.554	6530.46
599.756	6088.1
599.959	5866.92
600.161	6620.57
600.363	6933.91
600.566	6249.89
600.768	5954.98
600.971	6782.36
601.173	6737.31
601.376	5893.54
601.578	6102.43
601.78	6471.07
601.983	7273.87
602.185	5846.44
602.388	6294.94
602.59	6716.83
602.792	6733.21
602.995	6362.53
603.197	6063.52
603.399	6729.11
603.601	7179.67
603.804	6096.29
604.006	6137.25
604.208	6473.12
604.41	6258.08
604.613	6262.18
604.815	5971.36
605.017	6974.87
605.219	6487.45
605.421	6811.03
605.623	6241.7
605.826	7200.15
606.028	7110.04
606.23	6112.67
606.432	6038.95
606.634	6624.67
606.836	6968.73
607.038	6073.76
607.24	6430.11
607.442	6964.63
607.644	6720.92
607.846	6069.67
608.048	5815.72
608.25	7040.4
608.452	6366.62
608.654	6325.66
608.856	5703.08
609.058	6671.77
609.26	7017.88
609.462	6245.79
609.664	6063.52
609.866	6899.09
610.067	6704.54
610.269	6331.81
610.471	6161.83
610.673	6581.66
610.875	6974.87
611.077	5963.17
611.278	6241.7
611.48	6647.19
611.682	7177.62
611.884	6315.42
612.085	6161.83
612.287	6651.29
612.489	6714.78
612.69	6194.59
612.892	6469.02
613.094	7312.78
613.295	6784.41
613.497	6008.23
613.699	6352.29
613.9	6964.63
614.102	6823.32
614.304	6344.1
614.505	6208.93
614.707	6692.25
614.908	6952.34
615.11	6100.39
615.311	6526.36
615.513	6974.87
615.714	6565.28
615.916	6270.37
616.117	6639
616.319	6956.44
616.52	6923.67
616.722	6163.87
616.923	6290.85
617.124	7222.67
617.326	6944.15
617.527	6612.38
617.729	6626.71
617.93	6829.46
618.131	6991.25
618.333	6167.97
618.534	6503.84
618.735	7052.69
618.937	7126.42
619.138	6542.75
619.339	6260.13
619.54	7087.51
619.742	6808.98
619.943	6555.04
620.144	6503.84
620.345	7409.04
620.546	6993.3
620.748	6346.14
620.949	6499.74
621.15	7128.47
621.351	6829.46
621.552	6120.87
621.753	6192.55
621.954	6661.53
622.155	7413.13
622.356	6276.51
622.558	6598.04
622.759	7337.36
622.96	7433.61
623.161	6413.73
623.362	6276.51
623.563	7185.81
623.764	6991.25
623.965	6344.1
624.166	6770.07
624.366	6745.5
624.567	7118.23
624.768	6073.76
624.969	6231.46
625.17	6706.59
625.371	6905.24
625.572	6630.81
625.773	6325.66
625.973	7126.42
626.174	7392.66
626.375	6526.36
626.576	6690.2
626.777	7239.06
626.977	7398.8
627.178	6567.32
627.379	6679.96
627.58	7062.93
627.78	6690.2
627.981	6378.91
628.182	6665.63
628.382	6989.21
628.583	6872.47
628.784	6456.73
628.984	6960.53
629.185	7028.12
629.386	7304.59
629.586	6714.78
629.787	6526.36
629.987	7044.5
630.188	7392.66
630.388	6712.73
630.589	6856.09
630.79	7861.64
630.99	6909.33
631.191	6626.71
631.391	6708.63
631.591	7179.67
631.792	7331.22
631.992	6819.22
632.193	6659.48
632.393	7488.91
632.594	7167.38
632.794	6483.36
632.994	6817.18
633.195	6843.8
633.395	6956.44
633.595	6571.42
633.796	6854.04
633.996	7122.32
634.196	7069.08
634.397	6329.76
634.597	6667.67
634.797	7015.83
634.997	7513.49
635.198	6872.47
635.398	6626.71
635.598	7210.39
635.798	7126.42
635.998	6993.3
636.199	6438.3
636.399	7073.17
636.599	6905.24
636.799	6458.78
636.999	6966.68
637.199	7296.4
637.399	7579.02
637.599	6626.71
637.799	6753.69
637.999	7114.13
638.199	7388.56
638.399	6716.83
638.599	6649.24
638.799	7538.06
638.999	7564.68
639.199	6847.9
639.399	6938.01
639.599	7323.02
639.799	7204.24
639.999	6546.84
640.199	6763.93
640.399	7124.37
640.599	7519.63
640.799	6780.31
640.998	7005.59
641.198	7282.06
641.398	7431.57
641.598	6974.87
641.798	6843.8
641.997	8455.55
642.197	7069.08
642.397	7069.08
642.597	6772.12
642.796	7157.14
642.996	7345.55
643.196	7036.31
643.395	6503.84
643.595	7153.04
643.795	7013.78
643.994	6806.94
644.194	6964.63
644.394	7726.47
644.593	7738.76
644.793	6784.41
644.992	6811.03
645.192	7564.68
645.392	6981.01
645.591	7142.8
645.791	7126.42
645.99	7503.25
646.19	7439.76
646.389	6925.72
646.589	6946.2
646.788	7474.57
646.987	7550.35
647.187	7548.3
647.386	7374.22
647.586	7337.36
647.785	7902.6
647.984	6831.51
648.184	7028.12
648.383	7421.33
648.582	7271.83
648.782	6856.09
648.981	7175.57
649.18	7218.58
649.38	7228.82
649.579	6960.53
649.778	6835.61
649.977	7763.34
650.177	7540.11
650.376	6905.24
650.575	6866.33
650.774	7712.14
650.973	7398.8
651.173	6813.08
651.372	7077.27
651.571	7277.97
651.77	7656.84
651.969	7019.92
652.168	6983.06
652.367	7259.54
652.566	7372.18
652.765	6866.33
652.964	7619.98
653.163	7773.58
653.362	7339.41
653.561	6905.24
653.76	7245.2
653.959	7425.42
654.158	7628.17
654.357	7273.87
654.556	6948.25
654.755	7734.67
654.954	7746.95
655.153	7089.56
655.352	7210.39
655.551	7648.65
655.749	7525.77
655.948	7308.69
656.147	7394.7
656.346	7619.98
656.545	7495.05
656.743	7071.12
656.942	7257.49
657.141	7433.61
657.34	7374.22
657.538	6972.82
657.737	7165.33
657.936	7646.6
658.135	7314.83
658.333	7173.52
658.532	7320.98
658.731	7951.75
658.929	7781.77
659.128	7490.96
659.326	6962.58
659.525	7718.28
659.724	7646.6
659.922	6981.01
660.121	6892.95
660.319	7505.29
660.518	7253.39
660.716	7036.31
660.915	6780.31
661.113	7808.39
661.312	7347.6
661.51	7470.48
661.709	7052.69
661.907	7574.92
662.105	7646.6
662.304	6948.25
662.502	7105.94
662.701	7830.92
662.899	7290.26
663.097	7886.22
663.296	7228.82
663.494	7929.22
663.692	7996.81
663.891	6993.3
664.089	6997.4
664.287	7882.12
664.485	7691.66
664.684	7089.56
664.882	7103.89
665.08	7599.5
665.278	7529.87
665.476	7001.49
665.675	7486.86
665.873	8111.49
666.071	7751.05
666.269	6974.87
666.467	7540.11
666.665	7835.02
666.863	7601.55
667.061	7452.05
667.259	7275.92
667.457	7390.61
667.655	7843.21
667.853	6958.49
668.051	7435.66
668.249	7447.95
668.447	7818.63
668.645	6983.06
668.843	7478.67
669.041	7749
669.239	7382.42
669.437	7265.68
669.635	7327.12
669.833	7675.27
670.031	7622.03
670.229	7280.02
670.426	7183.76
670.624	7472.53
670.822	7599.5
671.02	6995.35
671.218	7286.16
671.415	7439.76
671.613	7794.06
671.811	7501.2
672.009	7204.24
672.206	7904.65
672.404	7601.55
672.602	7423.37
672.799	7427.47
672.997	7716.23
673.195	7736.71
673.392	7499.15
673.59	7056.79
673.788	7851.4
673.985	7089.56
674.183	7359.89
674.38	7316.88
674.578	7699.85
674.775	7615.88
674.973	6991.25
675.17	6985.11
675.368	7890.31
675.565	7533.97
675.763	7282.06
675.96	7224.72
676.158	7773.58
676.355	7677.32
676.553	7103.89
676.75	7114.13
676.947	7357.84
677.145	7462.29
677.342	7214.48
677.539	7265.68
677.737	7820.68
677.934	8086.92
678.131	7155.09
678.329	7222.67
678.526	8174.98
678.723	7912.84
678.92	7318.93
679.118	7304.59
679.315	7302.54
679.512	7990.66
679.709	7370.13
679.906	7349.65
680.104	7644.56
680.301	7593.36
680.498	6847.9
680.695	7112.08
680.892	7310.74
681.089	7431.57
681.286	7191.95
681.483	6722.97
681.68	7382.42
681.877	7740.81
682.075	7140.76
682.272	7144.85
682.469	7478.67
682.665	7656.84
682.862	6938.01
683.059	6931.86
683.256	7568.78
683.453	7857.54
683.65	7159.19
683.847	7249.3
684.044	7650.7
684.241	7390.61
684.438	7169.43
684.635	6954.39
684.831	8091.01
685.028	7980.42
685.225	6888.85
685.422	7495.05
685.619	7406.99
685.815	7183.76
686.012	7040.4
686.209	6919.57
686.405	7210.39
686.602	7292.3
686.799	6761.88
686.996	6897.05
687.192	7345.55
687.389	8162.69
687.586	6704.54
687.782	7044.5
687.979	7921.03
688.175	7394.7
688.372	6874.52
688.568	7257.49
688.765	7421.33
688.962	7691.66
689.158	7249.3
689.355	6806.94
689.551	7693.71
689.748	7472.53
689.944	7007.64
690.14	6991.25
690.337	7562.64
690.533	7499.15
690.73	7105.94
690.926	7095.7
691.123	7452.05
691.319	7447.95
691.515	6614.43
691.712	7118.23
691.908	7325.07
692.104	7130.52
692.301	7208.34
692.497	6725.02
692.693	7445.9
692.889	7298.45
693.086	7191.95
693.282	6827.42
693.478	7208.34
693.674	7912.84
693.87	7130.52
694.067	6876.57
694.263	7630.22
694.459	7280.02
694.655	7194
694.851	7134.61
695.047	7554.44
695.243	7529.87
695.439	7177.62
695.635	6882.71
695.831	7495.05
696.027	7130.52
696.224	6718.87
696.42	7144.85
696.615	7579.02
696.811	7331.22
697.007	6774.17
697.203	6815.13
697.399	7488.91
697.595	7208.34
697.791	6911.38
697.987	7009.69
698.183	7091.6
698.379	6952.34
698.575	6731.16
698.77	7087.51
698.966	7316.88
699.162	7441.81
699.358	6847.9
699.554	7060.88
699.749	7527.82
699.945	7355.79
700.141	7050.64
700.337	7028.12
700.532	7222.67
700.728	6905.24
700.924	6610.33
701.119	6493.6
701.315	7159.19
701.511	7060.88
701.706	6825.37
701.902	6487.45
702.097	7462.29
702.293	7173.52
702.489	6956.44
702.684	6579.61
702.88	7433.61
703.075	7034.26
703.271	6800.79
703.466	6587.8
703.662	6958.49
703.857	7257.49
704.053	6831.51
704.248	6913.43
704.443	7624.08
704.639	7378.32
704.834	7081.36
705.03	6839.7
705.225	7017.88
705.42	7503.25
705.616	6913.43
705.811	6612.38
706.006	6835.61
706.202	7241.11
706.397	6790.55
706.592	6546.84
706.787	7398.8
706.983	7060.88
707.178	7183.76
707.373	6794.65
707.568	7017.88
707.763	7329.17
707.959	6639
708.154	6667.67
708.349	7175.57
708.544	7228.82
708.739	7216.53
708.934	6563.23
709.129	7331.22
709.324	7320.98
709.519	6559.13
709.714	6518.17
709.909	7284.11
710.104	7478.67
710.299	6675.87
710.494	6821.27
710.689	7153.04
710.884	7241.11
711.079	6741.4
711.274	6817.18
711.469	7310.74
711.664	7222.67
711.859	6765.98
712.054	6813.08
712.249	7396.75
712.443	7136.66
712.638	6479.26
712.833	6530.46
713.028	7110.04
713.223	6903.19
713.417	7163.28
713.612	6466.97
713.807	7519.63
714.002	7892.36
714.196	6931.86
714.391	6655.39
714.586	7157.14
714.78	7427.47
714.975	6612.38
715.17	6817.18
715.364	6907.29
715.559	7425.42
715.754	5997.99
715.948	6534.56
716.143	7728.52
716.337	7101.84
716.532	6993.3
716.726	6794.65
716.921	7110.04
717.115	7318.93
717.31	6315.42
717.504	7542.16
717.699	6929.81
717.893	7212.43
718.088	6462.88
718.282	6372.77
718.476	6825.37
718.671	6913.43
718.865	6552.99
719.059	6399.39
719.254	6669.72
719.448	7230.87
719.642	9137.52
719.837	6180.26
720.031	8514.94
720.225	6895
720.419	6530.46
720.614	6305.18
720.808	6858.14
721.002	6700.44
721.196	6454.69
721.39	6653.34
721.585	6950.29
721.779	7298.45
721.973	6653.34
722.167	6137.25
722.361	6946.2
722.555	7323.02
722.749	6483.36
722.943	6604.19
723.137	6614.43
723.331	6858.14
723.525	6432.16
723.719	6385.05
723.913	7005.59
724.107	7372.18
724.301	6135.2
724.495	6442.4
724.689	7343.5
724.883	6976.92
725.077	6360.48
725.271	6315.42
725.465	7001.49
725.659	6677.91
725.853	6618.52
726.046	6323.62
726.24	6507.93
726.434	7054.74
726.628	6456.73
726.822	6448.54
727.015	6946.2
727.209	7237.01
727.403	6380.96
727.596	5971.36
727.79	6708.63
727.984	7060.88
728.177	6479.26
728.371	6401.44
728.565	6999.45
728.758	6710.68
728.952	6471.07
729.146	6368.67
729.339	6958.49
729.533	6817.18
729.726	6430.11
729.92	6372.77
730.113	7144.85
730.307	6729.11
730.5	6540.7
730.694	6219.17
730.887	6692.25
731.081	6749.59
731.274	5979.56
731.468	6407.58
731.661	6634.91
731.854	6522.27
732.048	6315.42
732.241	6196.64
732.435	6682.01
732.628	6686.11
732.821	6315.42
733.014	6147.49
733.208	6544.8
733.401	6944.15
733.594	6135.2
733.788	6258.08
733.981	6878.62
734.174	7187.86
734.367	6196.64
734.56	6520.22
734.754	7060.88
734.947	6735.26
735.14	6364.57
735.333	6151.59
735.526	7308.69
735.719	6653.34
735.912	6141.35
736.105	6167.97
736.298	6987.16
736.491	6792.6
736.684	6370.72
736.877	6213.03
737.07	7024.02
737.263	7298.45
737.456	6348.19
737.649	6174.11
737.842	6796.7
738.035	7044.5
738.228	6479.26
738.421	6606.24
738.614	7124.37
738.807	7036.31
739	6106.53
739.192	6172.07
739.385	6933.91
739.578	6948.25
739.771	6825.37
739.964	6186.4
740.156	6983.06
740.349	6817.18
740.542	6765.98
740.735	6047.14
740.927	6399.39
741.12	6610.33
741.313	6051.24
741.505	6544.8
741.698	6913.43
741.891	6806.94
742.083	6557.08
742.276	6155.68
742.468	6895
742.661	6725.02
742.854	6448.54
743.046	6159.78
743.239	6620.57
743.431	6819.22
743.624	6081.96
743.816	5907.88
744.009	6546.84
744.201	6702.49
744.393	6489.5
744.586	5909.93
744.778	6688.15
744.971	6507.93
745.163	6067.62
745.355	6598.04
745.548	6661.53
745.74	6946.2
745.932	6157.73
746.125	6098.34
746.317	7120.28
746.509	6886.81
746.702	6081.96
746.894	6151.59
747.086	6905.24
747.278	7069.08
747.471	6417.82
747.663	6266.27
747.855	6864.28
748.047	7024.02
748.239	6084
748.431	6215.07
748.623	7075.22
748.815	6700.44
749.008	5963.17
749.2	5979.56
749.392	6426.01
749.584	6776.22
749.776	6249.89
749.968	6354.34
750.16	6933.91
750.352	6725.02
750.544	6229.41
750.736	6092.2
750.928	6643.1
751.12	6919.57
751.311	6409.63
751.503	6227.36
751.695	6395.29
751.887	6694.3
752.079	5842.34
752.271	6053.28
752.463	7142.8
752.654	6557.08
752.846	6096.29
753.038	6028.71
753.23	6239.65
753.421	6620.57
753.613	6034.85
753.805	6479.26
753.997	6663.58
754.188	6763.93
754.38	5905.83
754.572	6006.18
754.763	6436.25
754.955	6731.16
755.146	6028.71
755.338	5940.65
755.53	6866.33
755.721	6536.6
755.913	5713.32
756.104	5772.71
756.296	6446.49
756.487	6634.91
756.679	6004.13
756.87	5922.21
757.062	6325.66
757.253	6278.56
757.445	5776.81
757.636	6069.67
757.827	6440.35
758.019	6995.35
758.21	5780.9
758.401	5805.48
758.593	6837.66
758.784	6536.6
758.975	5680.55
759.167	5799.34
759.358	6393.25
759.549	6727.07
759.74	5711.27
759.932	5907.88
760.123	6387.1
760.314	6485.41
760.505	5993.89
760.696	5741.99
760.888	6495.64
761.079	6368.67
761.27	5836.2
761.461	5752.23
761.652	6497.69
761.843	6008.23
762.034	5817.77
762.225	6606.24
762.416	6256.03
762.607	6303.14
762.798	5662.12
762.989	5815.72
763.18	7574.92
763.371	6292.9
763.562	5752.23
763.753	5676.46
763.944	6215.07
764.135	6268.32
764.326	6061.48
764.517	5825.96
764.708	6487.45
764.899	6268.32
765.089	5602.73
765.28	5481.9
765.471	6075.81
765.662	6401.44
765.853	5823.91
766.043	5639.59
766.234	6290.85
766.425	6137.25
766.615	5684.65
766.806	5344.69
766.997	6430.11
767.187	6038.95
767.378	5574.06
767.569	5506.48
767.759	6096.29
767.95	5942.69
768.141	5676.46
768.331	5584.3
768.522	5979.56
768.712	6342.05
768.903	5445.04
769.093	5631.4
769.284	6210.98
769.474	6170.02
769.665	5297.58
769.855	5275.06
770.046	6393.25
770.236	6069.67
770.426	5834.15
770.617	5373.36
770.807	5922.21
770.998	6290.85
771.188	5643.69
771.378	5483.95
771.569	6290.85
771.759	5926.31
771.949	5299.63
772.139	5154.23
772.33	5905.83
772.52	5871.01
772.71	5318.06
772.9	5307.82
773.09	5918.12
773.281	6167.97
773.471	5275.06
773.661	5346.73
773.851	5903.78
774.041	5959.08
774.231	5156.27
774.421	5901.73
774.611	5991.84
774.802	5995.94
774.992	5500.33
775.182	5164.47
775.372	6096.29
775.562	6182.31
775.752	5344.69
775.942	5440.94
776.131	6358.43
776.321	5987.75
776.511	5252.53
776.701	5211.57
776.891	6333.86
777.081	5676.46
777.271	5348.78
777.461	5219.76
777.651	5821.86
777.84	5924.26
778.03	5508.52
778.22	5156.27
778.41	5789.1
778.599	5725.61
778.789	5301.68
778.979	5051.83
779.169	5676.46
779.358	5686.7
779.548	5627.31
779.738	4961.72
779.927	5768.62
780.117	5514.67
780.307	4984.24
780.496	4677.05
780.686	5901.73
780.875	6262.18
781.065	5129.65
781.254	5094.83
781.444	5696.94
781.633	5547.44
781.823	4976.05
782.012	5115.31
782.202	5488.04
782.391	5465.52
782.581	4963.76
782.77	5268.91
782.96	5825.96
783.149	5438.89
783.338	4933.04
783.528	4840.89
783.717	5797.29
783.906	5991.84
784.096	5215.66
784.285	5004.72
784.474	5387.69
784.663	5463.47
784.853	4861.37
785.042	5025.2
785.231	5457.32
785.42	5555.63
785.61	5430.7
785.799	5019.06
785.988	5924.26
786.177	5236.14
786.366	4965.81
786.555	5332.4
786.744	5535.15
786.933	5520.81
787.122	4697.53
787.312	4761.02
787.501	5436.85
787.69	5729.7
787.879	4785.59
788.068	4912.57
788.257	5143.99
788.445	5475.76
788.634	4912.57
788.823	4742.58
789.012	5848.49
789.201	5680.55
789.39	4861.37
789.579	5064.11
789.768	5516.72
789.957	5299.63
790.145	4652.47
790.334	4410.81
790.523	5062.07
790.712	5242.29
790.9	4875.7
791.089	4488.64
791.278	5397.93
791.467	5375.41
791.655	5299.63
791.844	5594.54
792.033	5488.04
792.221	5234.1
792.41	4863.41
792.599	4400.57
792.787	5252.53
792.976	5264.82
793.164	4558.27
793.353	4689.34
793.541	5238.19
793.73	5379.5
793.918	4744.63
794.107	4675
794.295	5410.22
794.484	5225.9
794.672	4842.93
794.861	4824.5
795.049	5320.11
795.238	5684.65
795.426	4468.16
795.614	4767.16
795.803	5514.67
795.991	5739.94
796.179	4793.78
796.368	4591.03
796.556	5338.54
796.744	5143.99
796.932	4474.3
797.121	4548.03
797.309	5180.85
797.497	5391.79
797.685	4654.52
797.874	4621.75
798.062	5182.9
798.25	5451.18
798.438	4373.95
798.626	4603.32
798.814	5324.21
799.002	5565.87
799.19	4693.43
799.378	4736.44
799.566	5191.09
799.755	5479.85
799.943	5072.31
800.131	4627.9
800.318	5197.23
800.506	5332.4
800.694	4447.68
800.882	4761.02
801.07	5596.59
801.258	5193.14
801.446	4601.27
801.634	4656.57
801.822	5199.28
802.01	5406.13
802.197	4644.28
802.385	4836.79
802.573	5602.73
802.761	5303.73
802.949	4605.37
803.136	4556.22
803.324	5320.11
803.512	5078.45
803.699	4775.35
803.887	4289.98
804.075	5402.03
804.262	5189.04
804.45	4580.79
804.638	4810.17
804.825	5017.01
805.013	5053.87
805.201	4574.65
805.388	4550.07
805.576	5105.07
805.763	5352.88
805.951	4554.17
806.138	4720.06
806.326	5688.75
806.513	5143.99
806.701	4668.86
806.888	4576.7
807.075	5469.61
807.263	5440.94
807.45	4660.66
807.638	4738.49
807.825	5553.58
808.012	5479.85
808.2	4816.31
808.387	5305.78
808.574	5238.19
808.761	5629.35
808.949	4576.7
809.136	4847.03
809.323	5262.77
809.51	5399.98
809.698	5064.11
809.885	5168.56
810.072	5475.76
810.259	5682.6
810.446	5100.98
810.633	4652.47
810.82	5340.59
811.008	5813.67
811.195	4898.23
811.382	4971.96
811.569	5512.62
811.756	5014.96
811.943	4869.56
812.13	4625.85
812.317	5397.93
812.504	5094.83
812.691	4754.87
812.878	4795.83
813.064	5678.51
813.251	5332.4
813.438	4900.28
813.625	4967.86
813.812	5451.18
813.999	5330.35
814.186	4953.52
814.372	4691.38
814.559	5395.89
814.746	5602.73
814.933	4545.98
815.12	4922.8
815.306	5199.28
815.493	5143.99
815.68	4613.56
815.866	4701.62
816.053	5578.15
816.24	5529
816.426	4818.36
816.613	4529.59
816.799	5199.28
816.986	5715.37
817.173	4963.76
817.359	4750.78
817.546	5320.11
817.732	4947.38
817.919	4451.77
818.105	4902.33
818.292	5330.35
818.478	5475.76
818.665	5090.74
818.851	4636.09
819.037	6036.9
819.224	5344.69
819.41	4482.49
819.597	4521.4
819.783	6032.8
819.969	5344.69
820.156	4703.67
820.342	4576.7
820.528	6765.98
820.714	5103.03
820.901	5105.07
821.087	4634.04
821.273	5371.31
821.459	5217.71
821.646	4527.55
821.832	4756.92
822.018	5354.93
822.204	5279.15
822.39	4769.21
822.576	4785.59
822.762	5336.49
822.948	5500.33
823.134	5090.74
823.32	4771.26
823.507	5000.63
823.693	5191.09
823.879	5266.86
824.065	4591.03
824.25	4976.05
824.436	5186.99
824.622	4703.67
824.808	4421.05
824.994	5115.31
825.18	5057.97
825.366	4447.68
825.552	4523.45
825.738	5299.63
825.923	5426.61
826.109	4808.12
826.295	4386.24
826.481	4986.29
826.667	4982.2
826.852	4726.2
827.038	4390.33
827.224	5457.32
827.409	5473.71
827.595	4259.26
827.781	4713.91
827.966	5352.88
828.152	5647.79
828.338	4437.44
828.523	4115.91
828.709	4996.53
828.894	5266.86
829.08	4427.2
829.266	4414.91
829.451	5025.2
829.637	5105.07
829.822	4523.45
830.008	4494.78
830.193	4926.9
830.378	5424.56
830.564	4648.38
830.749	4244.93
830.935	5156.27
831.12	4754.87
831.305	4033.99
831.491	4519.36
831.676	4640.19
831.861	4851.13
832.047	4335.04
832.232	4050.37
832.417	5029.3
832.602	5156.27
832.788	4320.7
832.973	4283.84
833.158	4916.66
833.343	4810.17
833.528	4646.33
833.714	4365.76
833.899	4810.17
834.084	5270.96
834.269	4611.51
834.454	4289.98
834.639	5127.6
834.824	5074.35
835.009	4625.85
835.194	4597.18
835.379	5055.92
835.564	5543.34
835.749	4734.39
835.934	4072.9
836.119	5105.07
836.304	4935.09
836.489	4281.79
836.674	4672.95
836.859	4724.15
837.044	5111.22
837.228	4222.4
837.413	4163.01
837.598	4769.21
837.783	5014.96
837.968	4433.34
838.152	4036.03
838.337	4257.22
838.522	5199.28
838.707	5125.55
838.891	4558.27
839.076	4822.45
839.261	4752.82
839.445	4394.43
839.63	4509.12
839.815	5305.78
839.999	4517.31
840.184	4138.43
840.368	4117.95
840.553	5100.98
840.737	4797.88
840.922	3915.2
841.106	3880.39
841.291	4459.96
841.475	4953.52
841.66	4412.86
841.844	4281.79
842.029	5373.36
842.213	4642.23
842.397	4335.04
842.582	3972.55
842.766	4816.31
842.951	5031.35
843.135	4228.54
843.319	4132.29
843.504	4730.3
843.688	5408.17
843.872	3728.84
844.056	3958.21
844.241	4957.62
844.425	4797.88
844.609	4316.61
844.793	4021.7
844.977	4844.98
845.161	4801.97
845.346	3890.63
845.53	4015.55
845.714	4533.69
845.898	4914.61
846.082	3800.52
846.266	4062.66
846.45	4376
846.634	4758.97
846.818	3825.09
847.002	4056.51
847.186	4480.44
847.37	4093.38
847.554	3821
847.738	3982.79
847.922	4738.49
848.106	4595.13
848.29	3825.09
848.473	3808.71
848.657	4644.28
848.841	4273.6
849.025	4011.46
849.209	3827.14
849.392	4541.88
849.576	4332.99
849.76	3732.94
849.944	4027.84
850.127	4869.56
850.311	4255.17
850.495	3722.7
850.678	3689.93
850.862	4388.29
851.046	4726.2
851.229	4324.8
851.413	3669.45
851.596	4785.59
851.78	4249.02
851.964	4111.81
852.147	3966.4
852.331	4971.96
852.514	4672.95
852.698	3829.19
852.881	3591.63
853.065	4365.76
853.248	4314.56
853.431	3843.53
853.615	3911.11
853.798	5172.66
853.982	4562.36
854.165	3952.07
854.348	3644.87
854.532	4263.36
854.715	4181.44
854.898	3796.42
855.081	3616.2
855.265	4869.56
855.448	4971.96
855.631	3538.38
855.814	3751.37
855.997	4457.92
856.181	4365.76
856.364	3827.14
856.547	3524.04
856.73	4603.32
856.913	4396.48
857.096	3608.01
857.279	3974.6
857.462	4355.52
857.645	4431.29
857.828	3923.4
858.011	3931.59
858.194	4222.4
858.377	4158.91
858.56	3435.98
858.743	3851.72
858.926	4105.67
859.109	4216.26
859.292	3579.34
859.475	3454.41
859.658	4300.22
859.841	4304.32
860.023	3390.92
860.206	3378.64
860.389	4140.48
860.572	4257.22
860.755	3605.96
860.937	3536.33
861.12	3980.74
861.303	4210.11
861.486	3702.22
861.668	3433.93
861.851	3872.2
862.034	4234.69
862.216	3784.13
862.399	3423.69
862.581	4251.07
862.764	4318.65
862.947	3560.91
863.129	3345.87
863.312	3784.13
863.494	4390.33
863.677	3972.55
863.859	3139.02
864.042	4236.74
864.224	3945.92
864.406	3773.89
864.589	3276.24
864.771	3913.16
864.954	3886.53
865.136	3478.99
865.318	3333.58
865.501	4705.72
865.683	3581.39
865.865	3501.51
866.048	3196.37
866.23	4206.02
866.412	3818.95
866.594	3313.1
866.777	3796.42
866.959	3896.77
867.141	3784.13
867.323	3763.65
867.505	3677.64
867.687	3741.13
867.869	3892.68
868.052	3354.06
868.234	3243.47
868.416	3952.07
868.598	4132.29
868.78	3311.05
868.962	3296.72
869.144	4308.41
869.326	3866.05
869.508	3253.71
869.69	3120.59
869.872	3632.58
870.054	4408.76
870.236	2997.71
870.417	3235.28
870.599	3798.47
870.781	4240.83
870.963	3546.57
871.145	3198.42
871.327	3663.3
871.508	4103.62
871.69	3345.87
871.872	3333.58
872.054	3777.99
872.235	3784.13
872.417	3331.53
872.599	2923.99
872.78	4388.29
872.962	3775.94
873.144	2866.64
873.325	3290.57
873.507	3993.03
873.689	3925.44
873.87	3286.48
874.052	3493.32
874.233	3749.32
874.415	4277.69
874.596	3255.76
874.778	2969.04
874.959	3806.66
875.141	4062.66
875.322	3157.46
875.503	3120.59
875.685	3950.02
875.866	3560.91
876.048	3247.57
876.229	3145.17
876.41	3681.74
876.592	3986.88
876.773	3259.85
876.954	3042.77
877.136	4203.97
877.317	3640.78
877.498	3022.29
877.679	3311.05
877.86	3986.88
878.042	3950.02
878.223	3114.45
878.404	3900.87
878.585	4007.36
878.766	5797.29
878.947	3698.12
879.128	3524.04
879.309	3868.1
879.49	4138.43
879.672	3493.32
879.853	3370.44
880.034	3812.81
880.215	4023.75
880.396	3456.46
880.576	3382.73
880.757	3726.79
880.938	4363.71
881.119	3286.48
881.3	3386.83
881.481	3851.72
881.662	4806.07
881.843	3227.09
882.023	3194.32
882.204	4302.27
882.385	3851.72
882.566	3280.33
882.747	3280.33
882.927	3902.92
883.108	3993.03
883.289	3218.89
883.469	3540.43
883.65	3974.6
883.831	3861.96
884.011	3728.84
884.192	3382.73
884.373	4103.62
884.553	3925.44
884.734	3603.91
884.914	3931.59
885.095	5062.07
885.275	4232.64
885.456	3644.87
885.636	3188.18
885.817	3796.42
885.997	4062.66
886.178	3333.58
886.358	3444.17
886.538	3866.05
886.719	5682.6
886.899	3304.91
887.08	3444.17
887.26	4158.91
887.44	3810.76
887.621	3358.16
887.801	3560.91
887.981	4486.59
888.161	4396.48
888.342	3669.45
888.522	3554.76
888.702	4289.98
888.882	4287.93
889.062	3616.2
889.242	3100.11
889.423	4408.76
889.603	4203.97
889.783	3614.15
889.963	3548.62
890.143	4056.51
890.323	4289.98
890.503	3382.73
890.683	3530.19
890.863	4025.79
891.043	3915.2
891.223	3651.02
891.403	3796.42
891.583	4201.92
891.763	4244.93
891.943	3526.09
892.122	3884.48
892.302	4091.33
892.482	4251.07
892.662	3876.29
892.842	3677.64
893.022	4160.96
893.201	4048.32
893.381	3644.87
893.561	3395.02
893.741	4038.08
893.92	3763.65
894.1	3847.62
894.28	3556.81
894.459	4261.31
894.639	4054.47
894.819	3362.25
894.998	3667.4
895.178	4394.43
895.357	3788.23
895.537	3304.91
895.716	3194.32
895.896	3765.7
896.075	4468.16
896.255	3419.6
896.434	3034.58
896.614	4523.45
896.793	4224.45
896.973	3440.08
897.152	3505.61
897.331	3651.02
897.511	3722.7
897.69	3096.02
897.87	3462.6
898.049	3868.1
898.228	3812.81
898.407	3632.58
898.587	3544.52
898.766	3675.59
898.945	3952.07
899.124	3802.57
899.304	3347.92
899.483	4099.52
899.662	4224.45
899.841	3433.93
900.02	3339.73
900.199	3966.4
900.378	3974.6
900.557	3036.63
900.737	3153.36
900.916	3706.31
901.095	3886.53
901.274	3816.9
901.453	2938.32
901.632	3501.51
901.811	3540.43
901.989	3161.55
902.168	3124.69
902.347	3935.68
902.526	3644.87
902.705	3300.81
902.884	3433.93
903.063	4134.34
903.242	3900.87
903.42	3003.86
903.599	3309.01
903.778	3732.94
903.957	4181.44
904.135	3503.56
904.314	3130.83
904.493	3671.5
904.672	3425.74
904.85	3130.83
905.029	3200.46
905.207	3558.86
905.386	4195.78
905.565	2801.11
905.743	2842.07
905.922	3628.49
906.1	3638.73
906.279	2700.76
906.457	3063.25
906.636	3386.83
906.814	3325.39
906.993	2983.38
907.171	2817.49
907.35	3452.36
907.528	4017.6
907.707	3173.84
907.885	2794.97
908.063	3567.05
908.242	3196.37
908.42	3024.34
908.598	2538.97
908.777	3554.76
908.955	3165.65
909.133	3046.87
909.311	2713.05
909.49	3173.84
909.668	3210.7
909.846	2852.31
910.024	2663.9
910.202	3206.61
910.38	3419.6
910.559	2653.66
910.737	2715.09
910.915	3241.42
911.093	3337.68
911.271	2801.11
911.449	2964.95
911.627	3442.12
911.805	4076.99
911.983	2868.69
912.161	2856.4
912.339	3288.53
912.517	3771.85
912.695	3274.19
912.872	3022.29
913.05	3464.65
913.228	3573.19
913.406	2923.99
913.584	2768.34
913.762	3730.89
913.939	3376.59
914.117	2858.45
914.295	2938.32
914.473	3300.81
914.65	3724.74
914.828	2907.6
915.006	2936.28
915.184	3292.62
915.361	3440.08
915.539	3128.78
915.716	3196.37
915.894	3300.81
916.072	3663.3
916.249	3274.19
916.427	3145.17
916.604	3319.25
916.782	3507.66
916.959	2860.5
917.137	2774.49
917.314	3429.84
917.492	3454.41
917.669	3034.58
917.847	3005.91
918.024	3177.94
918.201	3196.37
918.379	2989.52
918.556	2866.64
918.733	3403.21
918.911	3063.25
919.088	3155.41
919.265	2725.33
919.442	3446.22
919.62	3626.44
919.797	2934.23
919.974	2702.81
920.151	3481.03
920.328	3282.38
920.506	2735.57
920.683	3362.25
920.86	3022.29
921.037	3294.67
921.214	2850.26
921.391	2676.18
921.568	3296.72
921.745	3157.46
921.922	2825.68
922.099	2706.9
922.276	3337.68
922.453	3169.74
922.63	2696.66
922.807	3139.02
922.984	3442.12
923.161	3227.09
923.338	2819.54
923.514	2782.68
923.691	3233.23
923.868	3411.4
924.045	2772.44
924.222	2536.92
924.399	3069.39
924.575	3155.41
924.752	2932.18
924.929	2692.57
925.105	3069.39
925.282	2825.68
925.459	2956.75
925.635	2661.85
925.812	3157.46
925.989	3050.96
926.165	2770.39
926.342	2477.53
926.518	3038.67
926.695	2815.45
926.871	2614.74
927.048	2545.11
927.224	3362.25
927.401	2934.23
927.577	2745.81
927.754	2303.45
927.93	3376.59
928.107	3280.33
928.283	2571.74
928.459	2571.74
928.636	2936.28
928.812	2950.61
928.988	2395.61
929.165	2328.03
929.341	2989.52
929.517	3081.68
929.693	2919.89
929.87	2196.96
930.046	3038.67
930.222	2809.3
930.398	2432.47
930.574	2590.17
930.751	2739.67
930.927	2846.16
931.103	2541.02
931.279	2526.68
931.455	2735.57
931.631	2907.6
931.807	2311.64
931.983	2145.76
932.159	2514.39
932.335	2923.99
932.511	2321.88
932.687	2358.75
932.863	2682.33
933.039	2969.04
933.215	2192.86
933.391	2057.7
933.566	2729.43
933.742	2624.98
933.918	2170.33
934.094	1924.58
934.27	2459.1
934.445	2483.67
934.621	2311.64
934.797	2039.26
934.973	2608.6
935.148	2270.69
935.324	1748.45
935.5	1713.64
935.675	2579.93
935.851	2342.36
936.027	2043.36
936.202	2084.32
936.378	2592.22
936.553	2223.58
936.729	2698.71
936.904	1914.34
937.08	1994.21
937.255	2076.13
937.431	1785.32
937.606	1664.49
937.782	1957.35
937.957	2317.79
938.133	1756.65
938.308	1476.07
938.483	1951.2
938.659	1805.8
938.834	1672.68
939.009	1347.05
939.185	2072.03
939.36	1711.59
939.535	1170.93
939.71	1572.33
939.886	2004.45
940.061	1756.65
940.236	1918.43
940.411	1359.34
940.586	1967.59
940.761	1859.04
940.937	1426.92
941.112	1349.1
941.287	1605.1
941.462	1590.76
941.637	1191.41
941.812	1381.87
941.987	1766.89
942.162	1613.29
942.337	1261.04
942.512	1121.77
942.687	1996.26
942.862	1740.26
943.037	996.85
943.212	867.83
943.386	1361.39
943.561	1705.45
943.736	1406.44
943.911	1875.43
944.086	1957.35
944.26	1639.91
944.435	1273.32
944.61	1451.5
944.785	1711.59
944.959	2143.71
945.134	1277.42
945.309	1046
945.483	1326.57
945.658	1828.32
945.833	953.84
946.007	908.79
946.182	2006.5
946.357	1531.37
946.531	1093.1
946.706	1172.97
946.88	1361.39
947.055	1670.63
947.229	1138.16
947.404	1105.39
947.578	1617.38
947.752	1578.47
947.927	1076.72
948.101	957.94
948.276	2041.31
948.45	1621.48
948.624	1533.42
948.799	1150.45
948.973	1547.75
949.147	1410.54
949.321	1263.08
949.496	1242.61
949.67	1996.26
949.844	1502.7
950.018	1263.08
950.193	1283.56
950.367	2264.54
950.541	1582.57
950.715	1220.08
950.889	1492.46
951.063	1725.93
951.237	1844.71
951.411	1039.86
951.585	1238.51
951.759	1861.09
951.933	1789.41
952.107	1193.45
952.281	1555.94
952.455	1867.24
952.629	1830.37
952.803	1240.56
952.977	1289.71
953.151	1883.62
953.325	1650.15
953.499	1476.07
953.672	1113.58
953.846	1588.71
954.02	1721.83
954.194	1187.31
954.368	1258.99
954.541	2106.85
954.715	1797.6
954.889	1385.96
955.062	1220.08
955.236	1607.14
955.41	1703.4
955.583	1615.34
955.757	1172.97
955.93	1719.78
956.104	1424.87
956.278	1261.04
956.451	1304.04
956.625	1902.05
956.798	2051.55
956.972	1746.41
957.145	1213.93
957.319	1983.97
957.492	1854.95
957.665	1650.15
957.839	1291.76
958.012	1809.89
958.185	1670.63
958.359	1457.64
958.532	1576.42
958.705	1730.02
958.879	1773.03
959.052	1572.33
959.225	1076.72
959.398	1773.03
959.572	1820.13
959.745	1304.04
959.918	1502.7
960.091	1846.76
960.264	1979.87
960.438	1404.39
960.611	1093.1
960.784	2022.88
960.957	1639.91
961.13	2125.28
961.303	1287.66
961.476	1830.37
961.649	2215.39
961.822	1304.04
961.995	1566.18
962.168	1584.62
962.341	2002.4
962.514	1371.63
962.686	1222.13
962.859	1842.66
963.032	2098.66
963.205	1385.96
963.378	1095.15
963.551	1693.16
963.723	1623.53
963.896	1564.14
964.069	1689.06
964.242	1740.26
964.414	2285.02
964.587	1517.03
964.76	1555.94
964.932	1852.9
965.105	1928.67
965.278	1357.29
965.45	1424.87
965.623	2006.5
965.795	2026.98
965.968	1359.34
966.14	1222.13
966.313	1682.92
966.485	1916.39
966.658	1287.66
966.83	1349.1
967.003	1897.96
967.175	1818.08
967.348	1365.48
967.52	1297.9
967.692	2276.83
967.865	2074.08
968.037	1359.34
968.209	1680.87
968.382	1902.05
968.554	1916.39
968.726	1353.2
968.898	1142.25
969.071	1994.21
969.243	1826.28
969.415	1365.48
969.587	1584.62
969.759	2203.1
969.932	1727.97
970.104	1396.2
970.276	929.27
970.448	1605.1
970.62	1734.12
970.792	1488.36
970.964	1414.63
971.136	2129.38
971.308	1848.8
971.48	1256.94
971.652	1365.48
971.824	2018.79
971.996	1639.91
972.168	1404.39
972.339	1517.03
972.511	1885.67
972.683	1775.08
972.855	1629.67
973.027	1342.96
973.199	2061.79
973.37	1854.95
973.542	1433.07
973.714	1490.41
973.886	1514.98
974.057	1824.23
974.229	1250.8
974.401	1351.15
974.572	1560.04
974.744	1373.68
974.915	1002.99
975.087	1205.74
975.259	2031.07
975.43	1426.92
975.602	1097.2
975.773	1115.63
975.945	1562.09
976.116	1930.72
976.288	1121.77
976.459	1490.41
976.63	1482.22
976.802	1586.66
976.973	1054.19
977.145	1445.35
977.316	2209.25
977.487	2461.15
977.659	1457.64
977.83	1220.08
978.001	2014.69
978.172	1711.59
978.344	1091.06
978.515	1244.65
978.686	1658.34
978.857	1945.06
979.028	1101.3
979.2	1150.45
979.371	1934.82
979.542	1551.85
979.713	1408.49
979.884	835.06
980.055	1537.51
980.226	1693.16
980.397	1170.93
980.568	1132.01
980.739	1752.55
980.91	1435.11
981.081	1424.87
981.252	1066.48
981.423	1564.14
981.594	1603.05
981.765	1093.1
981.936	1326.57
982.106	1437.16
982.277	1992.16
982.448	964.08
982.619	1418.73
982.79	1345
982.96	1551.85
983.131	1390.06
983.302	822.77
983.472	1498.6
983.643	1535.46
983.814	1248.75
983.984	978.42
984.155	1388.01
984.326	1594.86
984.496	1166.83
984.667	1172.97
984.837	1166.83
985.008	1846.76
985.178	1584.62
985.349	1175.02
985.519	1435.11
985.69	1160.69
985.86	1048.05
986.031	990.7
986.201	1416.68
986.371	1512.94
986.542	910.83
986.712	792.05
986.882	1541.61
987.053	1422.83
987.223	855.54
987.393	1437.16
987.563	1318.38
987.734	1631.72
987.904	1592.81
988.074	953.84
988.244	1244.65
988.414	1326.57
988.585	824.82
988.755	1150.45
988.925	1357.29
989.095	1715.69
989.265	876.02
989.435	1177.07
989.605	1484.27
989.775	1603.05
989.945	1435.11
990.115	712.18
990.285	1383.91
990.455	1371.63
990.625	1138.16
990.795	779.76
990.965	1629.67
991.134	1242.61
991.304	792.05
991.474	880.11
991.644	1402.35
991.814	1723.88
991.984	665.08
992.153	841.2
992.323	1140.21
992.493	1410.54
992.662	771.57
992.832	1050.1
993.002	1111.54
993.171	1474.03
993.341	669.17
993.511	826.87
993.68	1162.73
993.85	1351.15
994.019	597.49
994.189	628.21
994.358	1211.89
994.528	1119.73
994.697	437.75
994.867	781.81
995.036	1416.68
995.206	1041.9
995.375	714.23
995.544	1127.92
995.714	1545.7
995.883	1269.23
996.052	1070.58
996.222	519.67
996.391	1510.89
996.56	1308.14
996.73	689.65
996.899	433.66
997.068	1564.14
997.237	1277.42
997.406	603.64
997.576	468.47
997.745	1525.22
997.914	1203.69
998.083	392.7
998.252	587.26
998.421	1185.26
998.59	1011.18
998.759	581.11
998.928	335.35
999.097	1361.39
999.266	1129.97
999.435	1082.86
999.604	329.21
999.773	1492.46
999.942	1132.01
1000.111	419.32
1000.28	437.75
1000.448	941.55
1000.617	943.6
1000.786	853.49
1000.955	339.45
1001.124	1334.76
1001.292	1750.5
1001.461	607.73
1001.63	468.47
1001.798	1273.32
1001.967	1302
1002.136	450.04
1002.304	417.27
1002.473	1560.04
1002.642	1043.95
1002.81	718.33
1002.979	630.26
1003.147	1363.44
1003.316	1422.83
1003.484	536.06
1003.653	683.51
1003.821	1248.75
1003.99	896.5
1004.158	794.1
1004.327	716.28
1004.495	1166.83
1004.663	1080.82
1004.832	792.05
1005	409.08
1005.168	968.18
1005.337	959.99
1005.505	292.35
1005.673	943.6
1005.842	1250.8
1006.01	910.83
1006.178	140.8
1006.346	536.06
1006.514	845.3
1006.683	1476.07
1006.851	417.27
1007.019	777.72
1007.187	777.72
1007.355	601.59
1007.523	241.15
1007.691	187.9
1007.859	687.61
1008.027	1590.76
1008.195	439.8
1008.363	175.61
1008.531	896.5
1008.699	1072.62
1008.867	83.45
1009.035	433.66
1009.203	1244.65
1009.37	904.69
1009.538	372.22
1009.706	1258.99
1009.874	839.16
1010.042	888.31
1010.209	220.67
1010.377	226.81
1010.545	1060.34
1010.713	986.61
1010.88	366.07
1011.048	425.47
1011.216	839.16
1011.383	1125.87
1011.551	476.66
1011.718	196.09
1011.886	992.75
1012.054	1097.2
1012.221	230.91
1012.389	269.82
1012.556	847.35
1012.724	1265.13
1012.891	538.1
1013.058	46.59
1013.226	949.75
1013.393	1048.05
1013.561	132.61
1013.728	118.27
1013.895	1158.64
1014.063	986.61
1014.23	56.83
1014.397	275.96
1014.565	1125.87
1014.732	753.14
1014.899	126.46
1015.066	95.74
1015.233	1046
1015.401	1064.43
1015.568	294.4
1015.735	542.2
1015.902	1046
1016.069	1179.12
1016.236	253.44
1016.403	26.11
1016.57	538.1
1016.737	1474.03
1016.904	253.44
1017.071	38.4
1017.238	654.84
1017.405	828.92
1017.572	208.38
1017.739	572.92
1017.906	1273.32
1018.073	1150.45
1018.24	122.37
1018.407	318.97
1018.573	849.4
1018.74	775.67
1018.907	288.25
1019.074	-70.14
1019.241	900.59
1019.407	728.56
1019.574	144.89
1019.741	175.61
1019.907	1146.35
1020.074	1252.84
1020.241	-133.63
1020.407	-61.95
1020.574	644.6
1020.74	771.57
1020.907	122.37
1021.073	69.12
1021.24	1457.64
1021.406	1033.71
1021.573	-102.91
1021.739	46.59
1021.906	1095.15
1022.072	730.61
1022.239	116.22
1022.405	204.28
1022.571	802.29
1022.738	689.65
1022.904	224.76
1023.07	269.82
1023.237	744.95
1023.403	959.99
1023.569	116.22
1023.735	206.33
1023.902	863.73
1024.068	822.77
1024.234	-129.53
1024.4	69.12
1024.566	572.92
1024.732	787.96
1024.898	108.03
1025.065	-268.8
1025.231	677.37
1025.397	503.29
1025.563	140.8
1025.729	-35.33
1025.895	257.53
1026.061	511.48
1026.227	-156.16
1026.392	245.24
1026.558	810.48
1026.724	886.26
1026.89	122.37
1027.056	198.14
1027.222	507.38
1027.388	687.61
1027.553	118.27
1027.719	-109.05
1027.885	1164.78
1028.051	671.22
1028.216	-244.22
1028.382	108.03
1028.548	703.99
1028.713	546.3
1028.879	-193.02
1029.045	335.35
1029.21	953.84
1029.376	753.14
1029.541	46.59
1029.707	-16.9
1029.873	847.35
1030.038	638.45
1030.204	-2.56
1030.369	36.35
1030.534	732.66
1030.7	527.86
1030.865	99.84
1031.031	-47.62
1031.196	671.22
1031.361	597.49
1031.527	-20.99
1031.692	-90.62
1031.857	366.07
1032.023	724.47
1032.188	15.87
1032.353	26.11
1032.518	843.25
1032.684	536.06
1032.849	-231.93
1033.014	48.64
1033.179	611.83
1033.344	703.99
1033.509	175.61
1033.674	-86.53
1033.839	732.66
1034.004	730.61
1034.17	-39.42
1034.335	-158.21
1034.5	513.53
1034.664	505.34
1034.829	-29.18
1034.994	140.8
1035.159	388.6
1035.324	753.14
1035.489	130.56
1035.654	-25.09
1035.819	1289.71
1035.984	591.35
1036.148	67.07
1036.313	-39.42
1036.478	816.63
1036.643	445.95
1036.807	-31.23
1036.972	-205.31
1037.137	1162.73
1037.301	503.29
1037.466	-262.65
1037.631	196.09
1037.795	683.51
1037.96	400.89
1038.124	220.67
1038.289	-107.01
1038.454	525.82
1038.618	685.56
1038.783	30.21
1038.947	65.02
1039.111	423.42
1039.276	579.06
1039.44	-152.06
1039.605	779.76
1039.769	437.75
1039.933	400.89
1040.098	-8.7
1040.262	343.55
1040.426	699.89
1040.591	542.2
1040.755	-121.34
1040.919	-74.24
1041.083	806.39
1041.248	355.83
1041.412	-266.75
1041.576	-162.3
1041.74	384.51
1041.904	493.05
1042.068	-90.62
1042.232	-49.66
1042.397	1005.04
1042.561	441.85
1042.725	-285.18
1042.889	26.11
1043.053	478.71
1043.217	484.86
1043.381	-47.62
1043.544	-201.21
1043.708	572.92
1043.872	316.92
1044.036	-363
1044.2	-276.99
1044.364	720.37
1044.528	730.61
1044.691	4935.09
1044.855	-254.46
1045.019	542.2
1045.183	603.64
1045.346	-49.66
1045.51	-291.32
1045.674	648.69
1045.837	482.81
1046.001	-139.77
1046.165	-98.81
1046.328	1025.52
1046.492	417.27
1046.655	175.61
1046.819	-8.7
1046.983	443.9
1047.146	329.21
1047.31	-57.86
1047.473	-430.59
1047.636	384.51
1047.8	286.2
1047.963	13.82
1048.127	-242.17
1048.29	251.39
