345.52	-1306.6
345.736	-1306.6
345.952	-1306.6
346.168	-1318.89
346.384	-1259.5
346.6	-198.65
346.816	-266.24
347.032	-141.31
347.248	569.34
347.464	-391.16
347.68	-245.76
347.896	-4.1
348.112	399.35
348.328	-135.17
348.544	-28.67
348.76	217.08
348.975	225.28
349.191	-372.73
349.407	-421.88
349.623	221.18
349.839	145.41
350.055	-235.52
350.27	14.34
350.486	149.5
350.702	217.08
350.918	434.17
351.133	-147.45
351.349	229.37
351.565	606.2
351.781	-391.16
351.996	-34.82
352.212	184.32
352.428	104.45
352.644	-327.67
352.859	-311.29
353.075	346.11
353.291	81.92
353.506	-155.65
353.722	-399.35
353.938	49.15
354.153	520.18
354.369	335.87
354.584	-329.72
354.8	258.04
355.016	-122.88
355.231	-428.03
355.447	-137.21
355.662	430.07
355.878	714.74
356.093	-516.09
356.309	-26.62
356.524	-34.82
356.74	464.89
356.955	-421.88
357.171	-112.64
357.386	223.23
357.602	-10.24
357.817	-86.01
358.033	-294.91
358.248	344.06
358.464	241.66
358.679	-225.28
358.895	-456.7
359.11	110.59
359.325	184.32
359.541	372.73
359.756	-22.53
359.972	-217.08
360.187	524.28
360.402	-333.82
360.618	-139.26
360.833	1732.58
361.048	241.66
361.264	-208.89
361.479	-59.39
361.694	309.24
361.909	253.95
362.125	-292.86
362.34	-126.97
362.555	389.11
362.77	299
362.986	-477.18
363.201	-251.9
363.416	249.85
363.631	65.54
363.847	-372.73
364.062	-247.8
364.277	227.32
364.492	28.67
364.707	-266.24
364.922	-421.88
365.138	270.33
365.353	391.16
365.568	-493.56
365.783	-172.03
365.998	380.92
366.213	655.35
366.428	-389.11
366.643	208.89
366.858	317.44
367.073	278.52
367.288	-253.95
367.503	-315.39
367.718	94.21
367.933	563.19
368.148	-305.15
368.363	-131.07
368.578	243.71
368.793	585.72
369.008	-81.92
369.223	-425.98
369.438	393.21
369.653	92.16
369.868	-372.73
370.083	-299
370.298	237.56
370.513	421.88
370.728	133.12
370.943	-194.56
371.157	49.15
371.372	802.8
371.587	-385.02
371.802	-413.69
372.017	256
372.232	509.94
372.446	-71.68
372.661	-317.44
372.876	135.17
373.091	376.83
373.306	-178.17
373.52	-389.11
373.735	-2.05
373.95	679.93
374.165	-184.32
374.379	-221.18
374.594	-22.53
374.809	518.14
375.023	32.77
375.238	-303.1
375.453	313.34
375.667	26.62
375.882	-241.66
376.097	-337.91
376.311	6.14
376.526	442.36
376.741	-342.01
376.955	299
377.17	595.96
377.384	1079.28
377.599	53.25
377.813	-440.31
378.028	868.34
378.242	335.87
378.457	-143.36
378.672	-391.16
378.886	49.15
379.101	208.89
379.315	-442.36
379.53	-131.07
379.744	473.08
379.958	299
380.173	-190.46
380.387	-317.44
380.602	387.07
380.816	86.01
381.031	-221.18
381.245	-176.13
381.459	253.95
381.674	1189.87
381.888	-475.13
382.103	256
382.317	77.82
382.531	434.17
382.746	-106.49
382.96	-200.7
383.174	169.98
383.388	765.94
383.603	67.58
383.817	-483.32
384.031	135.17
384.246	501.75
384.46	10.24
384.674	751.6
384.888	-12.29
385.103	456.7
385.317	-458.74
385.531	-20.48
385.745	839.67
385.959	495.61
386.174	-245.76
386.388	-262.14
386.602	180.22
386.816	172.03
387.03	-86.01
387.244	-71.68
387.458	331.77
387.672	444.41
387.887	-344.06
388.101	-331.77
388.315	374.78
388.529	274.43
388.743	-227.32
388.957	-372.73
389.171	548.86
389.385	71.68
389.599	-206.84
389.813	8.19
390.027	118.78
390.241	827.38
390.455	-153.6
390.669	-59.39
390.883	71.68
391.097	555
391.311	268.28
391.525	-184.32
391.738	540.66
391.952	528.38
392.166	92.16
392.38	-368.63
392.594	511.99
392.808	391.16
393.022	-133.12
393.236	-159.74
393.449	319.48
393.663	618.49
393.877	-239.61
394.091	-2.05
394.305	188.41
394.518	180.22
394.732	-321.53
394.946	-126.97
395.16	907.25
395.373	239.61
395.587	-239.61
395.801	-278.52
396.015	401.4
396.228	329.72
396.442	-317.44
396.656	-389.11
396.869	413.69
397.083	770.04
397.297	-83.97
397.51	-180.22
397.724	356.35
397.938	278.52
398.151	-401.4
398.365	-221.18
398.578	460.79
398.792	634.87
399.005	233.47
399.219	-180.22
399.433	284.67
399.646	573.43
399.86	202.75
400.073	266.24
400.287	290.81
400.5	385.02
400.714	161.79
400.927	126.97
401.141	638.97
401.354	1826.79
401.567	698.36
401.781	-399.35
401.994	339.96
402.208	811
402.421	90.11
402.635	-57.34
402.848	106.49
403.061	479.22
403.275	83.97
403.488	-206.84
403.701	692.21
403.915	729.08
404.128	159.74
404.341	-102.4
404.555	811
404.768	143.36
404.981	176.13
405.195	12.29
405.408	520.18
405.621	460.79
405.834	212.99
406.048	-221.18
406.261	530.42
406.474	606.2
406.687	-196.6
406.9	45.06
407.114	397.31
407.327	610.29
407.54	-202.75
407.753	-393.21
407.966	155.65
408.179	395.26
408.392	-57.34
408.605	-251.9
408.819	462.84
409.032	507.9
409.245	-73.73
409.458	253.95
409.671	405.5
409.884	555
410.097	-245.76
410.31	176.13
410.523	731.12
410.736	278.52
410.949	83.97
411.162	53.25
411.375	557.05
411.588	487.42
411.801	131.07
412.014	-172.03
412.227	311.29
412.44	366.59
412.653	-45.06
412.865	296.96
413.078	653.3
413.291	514.04
413.504	200.7
413.717	-98.3
413.93	694.26
414.143	204.8
414.356	96.25
414.568	-186.37
414.781	587.77
414.994	569.34
415.207	110.59
415.42	145.41
415.632	497.66
415.845	978.93
416.058	-235.52
416.271	-135.17
416.483	466.94
416.696	774.13
416.909	-153.6
417.121	-53.25
417.334	296.96
417.547	724.98
417.759	-145.41
417.972	-96.25
418.185	262.14
418.397	524.28
418.61	-20.48
418.823	-2.05
419.035	856.05
419.248	540.66
419.46	47.1
419.673	204.8
419.885	372.73
420.098	548.86
420.311	61.44
420.523	-245.76
420.736	616.44
420.948	483.32
421.161	8.19
421.373	-212.99
421.586	290.81
421.798	245.76
422.01	-184.32
422.223	264.19
422.435	208.89
422.648	831.48
422.86	59.39
423.073	59.39
423.285	466.94
423.497	317.44
423.71	-24.58
423.922	24.58
424.134	710.65
424.347	958.45
424.559	423.93
424.771	585.72
424.984	565.24
425.196	583.67
425.408	-137.21
425.621	-63.49
425.833	757.75
426.045	837.62
426.257	-161.79
426.47	147.45
426.682	409.59
426.894	604.15
427.106	71.68
427.318	124.93
427.531	417.79
427.743	559.1
427.955	270.33
428.167	868.34
428.379	421.88
428.591	376.83
428.804	210.94
429.016	65.54
429.228	557.05
429.44	704.5
429.652	13559.6
429.864	-12.29
430.076	579.58
430.288	718.84
430.5	276.48
430.712	268.28
430.924	630.77
431.136	894.96
431.348	-77.82
431.56	151.55
431.772	473.08
431.984	475.13
432.196	0
432.408	139.26
432.62	585.72
432.832	780.28
433.044	550.9
433.256	393.21
433.468	778.23
433.679	303.1
433.891	-81.92
434.103	471.03
434.315	960.5
434.527	833.52
434.739	468.98
434.95	378.87
435.162	608.25
435.374	331.77
435.586	303.1
435.798	126.97
436.009	511.99
436.221	546.81
436.433	315.39
436.645	155.65
436.856	577.53
437.068	1019.89
437.28	219.13
437.491	595.96
437.703	778.23
437.915	770.04
438.126	157.69
438.338	641.01
438.55	602.1
438.761	604.15
438.973	286.72
439.184	243.71
439.396	630.77
439.608	583.67
439.819	192.51
440.031	425.98
440.242	833.52
440.454	917.49
440.665	264.19
440.877	546.81
441.088	976.88
441.3	798.71
441.511	65.54
441.723	241.66
441.934	1114.1
442.146	892.91
442.357	380.92
442.569	899.06
442.78	1073.14
442.991	1490.92
443.203	956.4
443.414	327.68
443.626	1249.26
443.837	804.85
444.048	235.52
444.26	147.45
444.471	911.35
444.682	837.62
444.894	352.25
445.105	184.32
445.316	1093.62
445.528	1017.84
445.739	518.14
445.95	374.78
446.161	798.71
446.373	962.55
446.584	524.28
446.795	434.17
447.006	1140.72
447.217	958.45
447.429	237.56
447.64	231.42
447.851	1720.29
448.062	1034.22
448.273	210.94
448.484	321.53
448.695	1009.65
448.907	1040.37
449.118	536.57
449.329	860.15
449.54	770.04
449.751	753.65
449.962	409.59
450.173	385.02
450.384	995.31
450.595	1216.49
450.806	391.16
451.017	540.66
451.228	1210.35
451.439	1044.46
451.65	516.09
451.861	118.78
452.072	866.29
452.283	888.82
452.494	755.7
452.705	505.85
452.915	1630.18
453.126	1023.98
453.337	796.66
453.548	425.98
453.759	1421.29
453.97	1431.53
454.181	1130.48
454.391	536.57
454.602	1126.38
454.813	1564.65
455.024	612.34
455.235	567.29
455.445	1406.95
455.656	1064.94
455.867	827.38
456.078	673.78
456.288	956.4
456.499	1329.13
456.71	561.14
456.921	1140.72
457.131	1124.33
457.342	1130.48
457.553	722.93
457.763	684.02
457.974	1040.37
458.184	1302.51
458.395	499.7
458.606	413.69
458.816	1464.3
459.027	1517.54
459.237	985.07
459.448	663.54
459.659	1413.1
459.869	2056.16
460.08	540.66
460.29	976.88
460.501	1538.02
460.711	1191.92
460.922	608.25
461.132	626.68
461.343	2160.61
461.553	1052.66
461.764	763.89
461.974	819.19
462.184	1558.5
462.395	1572.84
462.605	872.43
462.816	614.39
463.026	1589.22
463.236	1499.11
463.447	759.8
463.657	720.89
463.867	1560.55
464.078	1419.24
464.288	958.45
464.498	899.06
464.709	1492.97
464.919	1540.07
465.129	1112.05
465.339	929.78
465.55	1468.39
465.76	1710.05
465.97	999.41
466.18	933.87
466.391	1839.08
466.601	1595.37
466.811	1064.94
467.021	839.67
467.231	1818.6
467.441	1847.27
467.651	1103.86
467.862	819.19
468.072	1581.03
468.282	1687.53
468.492	1040.37
468.702	1474.54
468.912	1730.53
469.122	2553.82
469.332	1658.85
469.542	1165.29
469.752	2310.11
469.962	1777.64
470.172	1191.92
470.382	1269.74
470.592	2189.28
470.802	1976.29
471.012	1603.56
471.222	1312.75
471.432	1974.24
471.642	2090.98
471.852	1658.85
472.062	1292.27
472.272	1970.15
472.482	1923.04
472.691	1482.73
472.901	1441.77
473.111	1822.69
473.321	2580.44
473.531	1462.25
473.741	1777.64
473.95	2299.87
474.16	2176.99
474.37	1884.13
474.58	1495.02
474.79	2777.05
474.999	2258.91
475.209	1570.79
475.419	1841.12
475.628	2416.6
475.838	2686.93
476.048	2074.59
476.258	1619.94
476.467	2668.5
476.677	2228.19
476.886	2297.82
477.096	2174.94
477.306	2375.64
477.515	2682.84
477.725	2234.33
477.935	2144.22
478.144	3065.81
478.354	2576.34
478.563	2164.7
478.773	1972.19
478.982	2947.03
479.192	2818.01
479.401	2334.68
479.611	2113.5
479.82	2496.47
480.03	2883.54
480.239	2263.01
480.449	2209.76
480.658	3119.06
480.868	2957.27
481.077	2408.41
481.287	2389.98
481.496	2920.4
481.705	3327.95
481.915	2922.45
482.124	2846.68
482.333	3006.42
482.543	3581.9
482.752	2969.55
482.961	2625.5
483.171	3301.33
483.38	3121.1
483.589	2795.48
483.799	2756.57
484.008	3172.3
484.217	3160.02
484.426	2926.55
484.636	2863.06
484.845	3514.31
485.054	3014.61
485.263	3469.26
485.472	2887.64
485.682	3581.9
485.891	3475.4
486.1	2846.68
486.309	3002.32
486.518	3878.85
486.727	4454.33
486.936	3088.34
487.146	3450.83
487.355	3858.37
487.564	3565.51
487.773	3219.41
487.982	3143.63
488.191	3616.71
488.4	4132.8
488.609	3399.63
488.818	3469.26
489.027	4329.41
489.236	4335.55
489.445	3456.97
489.654	3243.98
489.863	4353.98
490.072	4069.31
490.281	4093.89
490.49	3575.75
490.698	4405.18
490.907	4736.95
491.116	3719.11
491.325	3413.96
491.534	4356.03
491.743	3928
491.952	3784.65
492.16	3940.29
492.369	4456.38
492.578	4683.7
492.787	3944.39
492.996	3608.52
493.204	4478.91
493.413	4800.44
493.622	3723.21
493.831	3534.79
494.039	5017.52
494.248	4136.9
494.457	3850.18
494.665	3727.3
494.874	4659.13
495.083	5107.63
495.291	4073.41
495.5	3960.77
495.709	4679.61
495.917	4761.53
496.126	4282.3
496.335	4014.02
496.543	4702.14
496.752	4763.58
496.96	4659.13
497.169	4116.42
497.377	4714.42
497.586	4810.68
497.794	4505.53
498.003	4138.94
498.211	4892.6
498.42	5003.19
498.628	4435.9
498.837	4251.58
499.045	4997.04
499.254	4765.62
499.462	4442.04
499.671	4253.63
499.879	5803.94
500.087	5259.18
500.296	4298.69
500.504	4413.37
500.713	5025.72
500.921	5595.05
501.129	4540.35
501.338	4511.68
501.546	5326.77
501.754	5189.55
501.962	4663.22
502.171	4513.72
502.379	5207.98
502.587	5490.6
502.795	4741.05
503.004	4874.17
503.212	5599.15
503.42	5586.86
503.628	5023.67
503.837	5054.39
504.045	5449.64
504.253	6070.18
504.461	4716.47
504.669	4728.76
504.877	5910.44
505.085	5713.83
505.294	4687.8
505.502	5234.61
505.71	5955.49
505.918	5453.74
506.126	4882.36
506.334	4913.08
506.542	5738.41
506.75	5576.62
506.958	5392.3
507.166	5009.33
507.374	5478.32
507.582	5955.49
507.79	5226.42
507.998	4984.76
508.206	6072.23
508.414	6002.6
508.622	5078.96
508.83	5330.86
509.037	5887.91
509.245	5486.51
509.453	5312.43
509.661	5113.78
509.869	6096.8
510.077	5724.07
510.285	5550
510.492	4921.27
510.7	6473.63
510.908	5803.94
511.116	5443.5
511.324	5228.46
511.531	5674.92
511.739	6178.72
511.947	5588.91
512.155	5920.68
512.362	6133.67
512.57	5756.84
512.778	5457.84
512.985	5011.38
513.193	5963.69
513.401	6383.52
513.608	5447.6
513.816	5433.26
514.024	6281.12
514.231	6205.35
514.439	5695.4
514.646	5640.11
514.854	6596.51
515.061	6352.8
515.269	5726.12
515.477	5781.42
515.684	6094.76
515.892	6315.94
516.099	5621.67
516.307	5636.01
516.514	6721.43
516.722	6819.74
516.929	5871.53
517.136	5658.54
517.344	6588.32
517.551	6623.13
517.759	5762.98
517.966	5967.78
518.173	6385.57
518.381	6651.8
518.588	5955.49
518.796	5889.96
519.003	6774.68
519.21	6606.75
519.418	6006.69
519.625	6528.92
519.832	6602.65
520.039	6805.4
520.247	5681.07
520.454	6145.95
520.661	6659.99
520.868	6866.84
521.076	5959.59
521.283	6088.61
521.49	7266.19
521.697	6856.6
521.904	6315.94
522.112	6168.48
522.319	7010.2
522.526	7098.26
522.733	6305.7
522.94	6213.54
523.147	7014.29
523.354	6879.13
523.561	6287.26
523.768	6436.77
523.975	7323.54
524.183	6977.43
524.39	6700.95
524.597	6258.59
524.804	7233.43
525.011	6993.81
525.218	6432.67
525.425	6467.49
525.632	7569.29
525.838	6977.43
526.045	6621.08
526.252	6692.76
526.459	8857.46
526.666	9002.87
526.873	6692.76
527.08	6621.08
527.287	7620.49
527.494	7589.77
527.701	6684.57
527.907	6555.55
528.114	7577.48
528.321	7557
528.528	6805.4
528.735	6819.74
528.941	7223.19
529.148	7204.75
529.355	6905.75
529.562	6807.45
529.768	8220.55
529.975	7311.25
530.182	7008.15
530.388	6938.52
530.595	7833.48
530.802	7153.55
531.008	7346.06
531.215	6954.9
531.422	8568.7
531.628	8519.55
531.835	7358.35
532.042	7243.67
532.248	7749.51
532.455	7726.99
532.661	7155.6
532.868	7045.01
533.074	7985.03
533.281	8261.51
533.487	7022.48
533.694	7202.71
533.9	7810.95
534.107	7843.72
534.313	7276.43
534.52	7180.18
534.726	7802.76
534.933	8316.8
535.139	7348.11
535.345	7288.72
535.552	8499.07
535.758	8435.58
535.965	7442.32
536.171	7393.17
536.377	8101.76
536.584	8759.16
536.79	7319.44
536.996	7741.32
537.203	8435.58
537.409	8710.01
537.615	7401.36
537.821	7974.79
538.028	8882.04
538.234	8265.6
538.44	7765.9
538.646	7702.41
538.853	7978.89
539.059	8159.11
539.265	8236.93
539.471	7579.53
539.677	8470.4
539.883	8241.03
540.09	9602.93
540.296	8617.85
540.502	8609.66
540.708	8370.05
540.914	8103.81
541.12	8025.99
541.326	8847.23
541.532	8724.35
541.738	8079.24
541.944	7960.45
542.15	8705.92
542.356	8560.51
542.562	7905.16
542.768	8109.96
542.974	9023.35
543.18	8875.9
543.386	8134.53
543.592	8105.86
543.798	9582.45
544.004	9316.21
544.21	8101.76
544.415	8451.97
544.621	8986.49
544.827	9740.14
545.033	8134.53
545.239	8636.28
545.445	8945.53
545.651	8945.53
545.856	8351.62
546.062	8007.56
546.268	8753.02
546.474	9095.03
546.679	8155.01
546.885	8177.54
547.091	8761.21
547.297	9410.42
547.502	8619.9
547.708	8118.15
547.914	8802.17
548.119	9402.22
548.325	8458.11
548.531	8122.24
548.736	9451.38
548.942	8763.26
549.147	8472.45
549.353	8765.31
549.559	9609.07
549.764	9473.9
549.97	8513.41
550.175	8390.53
550.381	9424.75
550.586	8871.8
550.792	8517.5
550.997	8638.33
551.203	9422.7
551.408	9531.25
551.614	8580.99
551.819	8640.38
552.025	10016.62
552.23	9406.32
552.435	8664.96
552.641	9265.01
552.846	9420.66
553.052	9924.46
553.257	9189.24
553.462	8865.66
553.668	9377.65
553.873	9588.59
554.078	9041.78
554.283	8861.56
554.489	9688.94
554.694	9547.63
554.899	8976.25
555.105	9269.11
555.31	9883.5
555.515	9676.65
555.72	9105.27
555.925	10041.19
556.131	9934.7
556.336	9813.87
556.541	9060.21
556.746	8836.99
556.951	10110.82
557.156	9938.79
557.361	9121.65
557.567	9557.87
557.772	10112.87
557.977	10043.24
558.182	8986.49
558.387	9217.91
558.592	9699.18
558.797	10424.16
559.002	9293.68
559.207	9424.75
559.412	10127.21
559.617	10364.77
559.822	9215.86
560.027	9082.74
560.232	9811.82
560.437	10088.29
560.642	9265.01
560.847	9394.03
561.051	9807.72
561.256	10049.38
561.461	9330.55
561.666	9238.39
561.871	9873.26
562.076	10405.73
562.281	9537.39
562.485	9346.93
562.69	10461.02
562.895	10264.42
563.1	9633.65
563.305	9193.33
563.509	10172.26
563.714	10835.8
563.919	9318.26
564.123	9441.14
564.328	9967.46
564.533	10624.86
564.737	9764.72
564.942	9637.74
565.147	10329.95
565.351	10395.49
565.556	9623.41
565.761	9781.1
565.965	10430.3
566.17	10182.5
566.374	9559.92
566.579	9658.22
566.784	10465.12
566.988	10266.47
567.193	9631.6
567.397	9680.75
567.602	9957.22
567.806	10315.62
568.011	9758.57
568.215	9994.09
568.42	10297.19
568.624	10682.2
568.828	9781.1
569.033	10114.92
569.237	10792.8
569.442	10704.73
569.646	9670.51
569.85	9983.85
570.055	10798.94
570.259	10714.97
570.463	10608.48
570.668	10045.29
570.872	10624.86
571.076	10817.37
571.281	10198.88
571.485	9772.91
571.689	10499.94
571.893	10833.75
572.098	10383.2
572.302	10063.72
572.506	10739.55
572.71	10938.2
572.914	10073.96
573.119	10024.81
573.323	11048.79
573.527	11108.18
573.731	10256.23
573.935	10194.79
574.139	10960.73
574.343	10800.99
574.547	10352.48
574.751	10284.9
574.955	10776.41
575.159	11151.19
575.364	10463.07
575.568	10422.11
575.772	10930.01
575.976	11155.29
576.18	10215.27
576.383	10418.02
576.587	11442
576.791	10874.71
576.995	10131.3
577.199	10286.95
577.403	11007.83
577.607	11085.65
577.811	10432.35
578.015	10573.66
578.219	11157.33
578.422	11366.23
578.626	10649.44
578.83	10741.6
579.034	11538.26
579.238	11466.58
579.442	10741.6
579.645	11237.2
579.849	11145.05
580.053	11265.88
580.257	10809.18
580.46	10958.68
580.664	11364.18
580.868	11444.05
581.071	10661.73
581.275	10823.51
581.479	10952.54
581.682	11573.07
581.886	10696.54
582.09	10956.63
582.293	11431.76
582.497	11927.37
582.7	11138.9
582.904	10956.63
583.107	11487.06
583.311	11550.54
583.515	10829.66
583.718	11001.69
583.922	11622.22
584.125	12265.28
584.329	11145.05
584.532	10911.58
584.735	12080.97
584.939	11724.62
585.142	10936.15
585.346	10891.1
585.549	11544.4
585.753	11491.15
585.956	10989.4
586.159	11288.4
586.363	11923.27
586.566	11540.3
586.769	10932.06
586.973	10817.37
587.176	11607.89
587.379	11726.67
587.582	11544.4
587.786	11575.12
587.989	11951.95
588.192	12902.2
588.395	11538.26
588.599	11677.52
588.802	11870.03
589.005	11900.75
589.208	11370.32
589.411	11462.48
589.615	12181.32
589.818	12461.89
590.021	11843.4
590.224	11671.37
590.427	12570.43
590.63	12150.6
590.833	11272.02
591.036	11298.64
591.239	12250.95
591.442	11779.92
591.645	11820.88
591.848	11673.42
592.051	12183.37
592.254	12273.48
592.457	11808.59
592.66	11761.48
592.863	12195.65
593.066	12437.31
593.269	11505.49
593.472	11487.06
593.675	12040.01
593.878	12285.76
594.081	11659.09
594.284	11403.09
594.486	12248.9
594.689	12355.4
594.892	11923.27
595.095	12023.62
595.298	12443.46
595.5	12236.61
595.703	11939.66
595.906	11900.75
596.109	12828.48
596.311	12590.91
596.514	11628.37
596.717	12138.31
596.92	12869.44
597.122	12898.11
597.325	11753.29
597.528	11874.12
597.73	13023.03
597.933	12857.15
598.136	12005.19
598.338	11673.42
598.541	12926.78
598.743	13188.92
598.946	12009.29
599.148	12205.89
599.351	13055.8
599.554	12689.21
599.756	12146.5
599.959	12459.84
600.161	12969.79
600.363	13616.94
600.566	12678.97
600.768	12228.42
600.971	13127.48
601.173	12834.62
601.376	12199.75
601.578	12349.25
601.78	12871.48
601.983	13408.05
602.185	12107.59
602.388	12658.49
602.59	12973.88
602.792	13186.87
602.995	12621.63
603.197	12347.2
603.399	13121.34
603.601	13313.84
603.804	12390.21
604.006	12465.99
604.208	12699.45
604.41	12687.17
604.613	12943.16
604.815	12443.46
605.017	13571.89
605.219	12994.36
605.421	13324.08
605.623	12607.3
605.826	13578.03
606.028	13616.94
606.23	12744.51
606.432	12457.79
606.634	13483.83
606.836	13584.18
607.038	12496.71
607.24	12422.98
607.442	13240.12
607.644	13070.14
607.846	12730.17
608.048	12476.23
608.25	13229.88
608.452	12861.24
608.654	12689.21
608.856	12197.7
609.058	12959.55
609.26	13406
609.462	12820.28
609.664	12748.61
609.866	13389.62
610.067	13412.15
610.269	13137.72
610.471	12500.8
610.673	12971.83
610.875	13451.06
611.077	12539.71
611.278	12662.59
611.48	13303.6
611.682	13860.65
611.884	12773.18
612.085	12640.06
612.287	13238.07
612.489	13229.88
612.69	12371.78
612.892	12697.41
613.094	13786.93
613.295	13125.43
613.497	12605.25
613.699	12740.41
613.9	13668.14
614.102	13455.15
614.304	13012.79
614.505	12668.73
614.707	13365.04
614.908	13635.38
615.11	12529.47
615.311	12959.55
615.513	13508.4
615.714	13467.44
615.916	12601.15
616.117	12953.4
616.319	13338.42
616.52	13399.86
616.722	12687.17
616.923	12713.79
617.124	13657.9
617.326	13336.37
617.527	12879.68
617.729	13322.04
617.93	13541.17
618.131	13621.04
618.333	12769.09
618.534	13004.6
618.735	13518.64
618.937	13770.54
619.138	13010.75
619.339	12648.26
619.54	13659.95
619.742	13446.96
619.943	12898.11
620.144	12955.45
620.345	13854.51
620.546	13350.71
620.748	13135.67
620.949	13244.21
621.15	13831.98
621.351	13723.44
621.552	12959.55
621.753	12863.29
621.954	13326.13
622.155	14114.6
622.356	12930.87
622.558	13500.21
622.759	13864.75
622.96	14245.67
623.161	13066.04
623.362	12926.78
623.563	13487.92
623.764	13604.66
623.965	13006.65
624.166	13272.89
624.366	13371.19
624.567	14026.54
624.768	12666.69
624.969	12867.39
625.17	13307.7
625.371	13535.03
625.572	13276.98
625.773	13240.12
625.973	13764.4
626.174	13918
626.375	13504.31
626.576	13387.57
626.777	14008.11
626.977	14135.08
627.178	13313.84
627.379	13289.27
627.58	13610.8
627.78	13690.67
627.981	13156.15
628.182	13242.17
628.382	13913.9
628.583	13446.96
628.784	13139.77
628.984	13315.89
629.185	13918
629.386	13891.37
629.586	13680.43
629.787	13094.71
629.987	13741.87
630.188	13965.1
630.388	13180.73
630.589	13369.14
630.79	14489.38
630.99	13938.48
631.191	13393.72
631.391	13743.92
631.591	14026.54
631.792	14122.79
631.992	13326.13
632.193	13672.24
632.393	14153.51
632.594	13852.46
632.794	13305.65
632.994	13649.71
633.195	13901.61
633.395	13813.55
633.595	13471.54
633.796	13657.9
633.996	14243.62
634.196	14157.61
634.397	13285.17
634.597	13727.53
634.797	13778.73
634.997	14608.16
635.198	13860.65
635.398	13201.21
635.598	13877.04
635.798	14120.74
635.998	13946.67
636.199	13371.19
636.399	14049.07
636.599	13846.32
636.799	13541.17
636.999	14073.64
637.199	14266.15
637.399	14323.49
637.599	13352.76
637.799	13657.9
637.999	14317.35
638.199	14192.42
638.399	13995.82
638.599	13524.79
638.799	14485.28
638.999	14581.54
639.199	13897.52
639.399	13766.45
639.599	14448.42
639.799	13971.24
639.999	13453.11
640.199	13850.41
640.399	14128.94
640.599	14042.92
640.799	13819.69
640.998	13887.28
641.198	14319.4
641.398	14315.3
641.598	14083.88
641.798	13864.75
641.997	15462.16
642.197	14083.88
642.397	14081.83
642.597	13844.27
642.796	14184.23
642.996	14253.86
643.196	14165.8
643.395	13655.86
643.595	14272.29
643.795	14151.46
643.994	13766.45
644.194	13864.75
644.394	14735.14
644.593	14774.05
644.793	13670.19
644.992	14137.13
645.192	14460.71
645.392	14071.59
645.591	14370.6
645.791	14126.89
645.99	14626.59
646.19	14335.78
646.389	14014.25
646.589	13965.1
646.788	14493.47
646.987	14829.34
647.187	14501.67
647.386	14427.94
647.586	14645.02
647.785	14952.22
647.984	14016.3
648.184	14317.35
648.383	14489.38
648.582	14282.53
648.782	13950.76
648.981	14192.42
649.18	14266.15
649.38	14245.67
649.579	14145.32
649.778	13975.34
649.977	14833.44
650.177	14817.05
650.376	14016.3
650.575	14012.2
650.774	14831.39
650.973	14655.26
651.173	13946.67
651.372	14300.97
651.571	14491.43
651.77	15054.62
651.969	14286.63
652.168	14565.15
652.367	14210.86
652.566	14780.19
652.765	14008.11
652.964	14628.64
653.163	15220.5
653.362	14724.9
653.561	14053.16
653.76	14526.24
653.959	14456.61
654.158	15056.67
654.357	14556.96
654.556	14194.47
654.755	14917.4
654.954	14782.24
655.153	14319.4
655.352	14583.59
655.551	15095.58
655.749	14728.99
655.948	14184.23
656.147	14581.54
656.346	14305.06
656.545	14876.45
656.743	14374.69
656.942	14536.48
657.141	14583.59
657.34	14589.73
657.538	14137.13
657.737	14438.18
657.936	14978.84
658.135	14890.78
658.333	14278.44
658.532	14855.97
658.731	15136.54
658.929	15169.3
659.128	14696.22
659.326	14014.25
659.525	15292.18
659.724	14966.56
659.922	14323.49
660.121	14204.71
660.319	14858.01
660.518	14403.36
660.716	14124.84
660.915	14141.22
661.113	15058.71
661.312	14253.86
661.51	14454.56
661.709	14149.42
661.907	14819.1
662.105	14804.77
662.304	14323.49
662.502	14376.74
662.701	14995.23
662.899	14743.33
663.097	14950.17
663.296	14278.44
663.494	15267.61
663.692	15310.61
663.891	14473
664.089	14264.1
664.287	14786.33
664.485	15044.38
664.684	14440.23
664.882	14640.93
665.08	15230.74
665.278	15027.99
665.476	14491.43
665.675	14995.23
665.873	15372.05
666.071	15460.12
666.269	14608.16
666.467	14872.35
666.665	15079.19
666.863	15144.73
667.061	14704.42
667.259	14407.46
667.457	14933.79
667.655	14911.26
667.853	14577.44
668.051	15005.47
668.249	14718.75
668.447	15177.5
668.645	14368.55
668.843	14778.14
669.041	15027.99
669.239	14849.82
669.437	14690.08
669.635	14819.1
669.833	14788.38
670.031	14978.84
670.229	14468.9
670.426	14747.42
670.624	14884.64
670.822	14679.84
671.02	14507.81
671.218	14782.24
671.415	14884.64
671.613	14901.02
671.811	14774.05
672.009	14583.59
672.206	15347.48
672.404	14552.87
672.602	14757.66
672.799	14544.67
672.997	15173.4
673.195	15165.21
673.392	14802.72
673.59	14255.91
673.788	15081.24
673.985	14440.23
674.183	14823.2
674.38	14409.51
674.578	15077.15
674.775	14790.43
674.973	14346.02
675.17	14247.72
675.368	14962.46
675.565	14712.61
675.763	14610.21
675.96	14565.15
676.158	14886.68
676.355	15005.47
676.553	14458.66
676.75	14354.21
676.947	14618.4
677.145	14747.42
677.342	14503.71
677.539	14483.23
677.737	15212.31
677.934	15159.06
678.131	14583.59
678.329	14534.43
678.526	15597.33
678.723	14993.18
678.92	14679.84
679.118	14634.78
679.315	14776.09
679.512	15138.59
679.709	14620.45
679.906	14532.39
680.104	15171.35
680.301	14825.25
680.498	14130.98
680.695	14294.82
680.892	14685.98
681.089	14694.18
681.286	14448.42
681.483	14182.18
681.68	14520.1
681.877	15079.19
682.075	14550.82
682.272	14296.87
682.469	14710.56
682.665	14683.94
682.862	14171.94
683.059	14237.48
683.256	14610.21
683.453	14645.02
683.65	14577.44
683.847	14536.48
684.044	14671.65
684.241	14284.58
684.438	14286.63
684.635	13860.65
684.831	15154.97
685.028	14886.68
685.225	13879.08
685.422	14595.87
685.619	14464.8
685.815	14585.63
686.012	14010.15
686.209	13954.86
686.405	14397.22
686.602	14597.92
686.799	13793.07
686.996	14292.77
687.192	14450.47
687.389	15400.73
687.586	13915.95
687.782	14128.94
687.979	15042.33
688.175	14636.83
688.372	13866.8
688.568	14120.74
688.765	14176.04
688.962	14681.89
689.158	14343.97
689.355	13627.18
689.551	14399.27
689.748	14505.76
689.944	14337.83
690.14	13969.19
690.337	14624.54
690.533	14812.96
690.73	14102.31
690.926	14245.67
691.123	14192.42
691.319	14417.7
691.515	13930.28
691.712	14090.02
691.908	14360.36
692.104	14341.93
692.301	14137.13
692.497	13862.7
692.693	14632.74
692.889	14139.18
693.086	14266.15
693.282	13854.51
693.478	14452.52
693.674	14894.88
693.87	14044.97
694.067	13725.49
694.263	14264.1
694.459	13999.91
694.655	14026.54
694.851	13961
695.047	14673.7
695.243	14438.18
695.439	13877.04
695.635	13682.48
695.831	14188.33
696.027	14153.51
696.224	13825.84
696.42	14362.4
696.615	14741.28
696.811	14501.67
697.007	13397.81
697.203	13920.04
697.399	14309.16
697.595	14219.05
697.791	13702.96
697.987	14145.32
698.183	14149.42
698.379	14034.73
698.575	13756.21
698.77	13938.48
698.966	14186.28
699.162	14317.35
699.358	13547.31
699.554	13899.56
699.749	14417.7
699.945	14542.63
700.141	13956.91
700.337	13860.65
700.532	13979.43
700.728	13965.1
700.924	13528.88
701.119	13631.28
701.315	14018.35
701.511	14083.88
701.706	13784.88
701.902	13463.35
702.097	13860.65
702.293	13995.82
702.489	13637.42
702.684	13651.76
702.88	14331.69
703.075	14087.98
703.271	13838.12
703.466	13481.78
703.662	13856.56
703.857	14061.35
704.053	13719.34
704.248	13874.99
704.443	14417.7
704.639	14087.98
704.834	13561.65
705.03	13616.94
705.225	13920.04
705.42	14290.73
705.616	13842.22
705.811	13580.08
706.006	13606.7
706.202	13868.84
706.397	13561.65
706.592	13213.49
706.787	13840.17
706.983	13469.49
707.178	13973.29
707.373	13545.27
707.568	13897.52
707.763	13944.62
707.959	13363
708.154	13313.84
708.349	13827.89
708.544	14229.29
708.739	13649.71
708.934	13737.77
709.129	14114.6
709.324	13932.33
709.519	13242.17
709.714	13164.34
709.909	13954.86
710.104	14044.97
710.299	13358.9
710.494	13393.72
710.689	13614.9
710.884	13745.97
711.079	13174.58
711.274	13504.31
711.469	13844.27
711.664	14237.48
711.859	13393.72
712.054	13662
712.249	13774.64
712.443	13682.48
712.638	13350.71
712.833	13272.89
713.028	13721.39
713.223	13537.07
713.417	13559.6
713.612	13375.28
713.807	14092.07
714.002	14401.32
714.196	13504.31
714.391	13025.08
714.586	13686.58
714.78	14135.08
714.975	13313.84
715.17	13221.69
715.364	13508.4
715.559	14075.69
715.754	12951.35
715.948	12810.04
716.143	13913.9
716.337	13463.35
716.532	13578.03
716.726	13193.01
716.921	13645.62
717.115	13899.56
717.31	12840.76
717.504	14155.56
717.699	13643.57
717.893	13504.31
718.088	13051.7
718.282	12959.55
718.476	13356.85
718.671	13602.61
718.865	13082.42
719.059	13051.7
719.254	13199.16
719.448	13934.38
719.642	15671.06
719.837	12799.8
720.031	15370.01
720.225	13444.91
720.419	13088.57
720.614	12611.39
720.808	13719.34
721.002	13250.36
721.196	12955.45
721.39	12924.73
721.585	13557.55
721.779	13698.86
721.973	13016.89
722.167	12672.83
722.361	13201.21
722.555	13647.66
722.749	12873.53
722.943	12898.11
723.137	13031.23
723.331	13377.33
723.525	12787.52
723.719	13063.99
723.913	13498.16
724.107	13674.29
724.301	12754.75
724.495	13061.94
724.689	13758.25
724.883	13444.91
725.077	12799.8
725.271	12781.37
725.465	13115.19
725.659	13053.75
725.853	12947.26
726.046	12414.79
726.24	12871.48
726.434	13457.2
726.628	12973.88
726.822	12846.91
727.015	13606.7
727.209	13918
727.403	12801.85
727.596	12533.57
727.79	13287.22
727.984	13559.6
728.177	13006.65
728.371	12885.82
728.565	13352.76
728.758	12916.54
728.952	12619.58
729.146	12752.7
729.339	13285.17
729.533	13104.95
729.726	12672.83
729.92	12638.02
730.113	13455.15
730.307	13172.53
730.5	12791.61
730.694	12435.27
730.887	13029.18
731.081	13156.15
731.274	12361.54
731.468	12658.49
731.661	13029.18
731.854	12953.4
732.048	12599.1
732.241	12590.91
732.435	13059.9
732.628	12934.97
732.821	12863.29
733.014	12494.66
733.208	13008.7
733.401	13264.69
733.594	12801.85
733.788	12691.26
733.981	13053.75
734.174	13414.2
734.367	12513.09
734.56	12898.11
734.754	13305.65
734.947	13166.39
735.14	12359.49
735.333	12724.03
735.526	13535.03
735.719	13117.24
735.912	12545.86
736.105	12625.73
736.298	13066.04
736.491	13059.9
736.684	12541.76
736.877	12478.27
737.07	13217.59
737.263	13471.54
737.456	12584.77
737.649	12175.17
737.842	13279.03
738.035	13068.09
738.228	12341.06
738.421	12789.56
738.614	13399.86
738.807	13268.79
739	12140.36
739.192	12361.54
739.385	13076.28
739.578	13195.06
739.771	12930.87
739.964	12486.47
740.156	13356.85
740.349	13311.8
740.542	12791.61
740.735	12357.44
740.927	12541.76
741.12	12721.98
741.313	12365.64
741.505	12732.22
741.698	13215.54
741.891	13147.96
742.083	12871.48
742.276	12447.55
742.468	13492.02
742.661	13109.05
742.854	12474.18
743.046	12173.13
743.239	13018.94
743.431	13135.67
743.624	12429.12
743.816	12119.88
744.009	12767.04
744.201	12799.8
744.393	12539.71
744.586	12068.68
744.778	12894.01
744.971	12695.36
745.163	12508.99
745.355	12601.15
745.548	12783.42
745.74	13100.86
745.932	12332.87
746.125	12392.26
746.317	13221.69
746.509	12992.31
746.702	12453.7
746.894	12388.16
747.086	12992.31
747.278	13104.95
747.471	12668.73
747.663	12375.88
747.855	12783.42
748.047	13250.36
748.239	12459.84
748.431	12164.93
748.623	13313.84
748.815	13119.29
749.008	12265.28
749.2	12205.89
749.392	12926.78
749.584	13246.26
749.776	12707.65
749.968	12748.61
750.16	13406
750.352	12738.37
750.544	12355.4
750.736	12277.57
750.928	12666.69
751.12	12953.4
751.311	12500.8
751.503	12525.38
751.695	12808
751.887	12767.04
752.079	12076.87
752.271	12312.39
752.463	13215.54
752.654	12586.82
752.846	12365.64
753.038	12250.95
753.23	12539.71
753.421	12734.27
753.613	12154.69
753.805	12408.64
753.997	12685.12
754.188	12861.24
754.38	12121.93
754.572	11902.79
754.763	12504.9
754.955	12564.29
755.146	12169.03
755.338	11992.91
755.53	12756.8
755.721	12562.24
755.913	11872.07
756.104	11953.99
756.296	12566.34
756.487	12441.41
756.679	11702.09
756.87	11650.89
757.062	12226.37
757.253	12164.93
757.445	11951.95
757.636	12050.25
757.827	12394.31
758.019	12998.46
758.21	11577.17
758.401	11626.32
758.593	12918.59
758.784	12527.42
758.975	11812.68
759.167	11841.36
759.358	12289.86
759.549	12644.16
759.74	11937.61
759.932	11773.77
760.123	12482.37
760.314	12498.75
760.505	11984.71
760.696	11634.51
760.888	12490.56
761.079	12242.76
761.27	11661.13
761.461	11528.02
761.652	12365.64
761.843	11997
762.034	11859.79
762.225	12158.79
762.416	12324.68
762.607	11915.08
762.798	11495.25
762.989	11677.52
763.18	13094.71
763.371	12416.83
763.562	11534.16
763.753	11480.91
763.944	12019.53
764.135	11870.03
764.326	11781.96
764.517	11708.24
764.708	11921.23
764.899	12230.47
765.089	10970.97
765.28	11341.65
765.471	11568.98
765.662	12101.45
765.853	11374.42
766.043	11265.88
766.234	11827.02
766.425	11765.58
766.615	11267.92
766.806	11022.17
766.997	11941.71
767.187	11859.79
767.378	11298.64
767.569	10973.02
767.759	12011.34
767.95	11491.15
768.141	11282.26
768.331	11016.02
768.522	11702.09
768.712	12224.33
768.903	10954.58
769.093	11118.42
769.284	11679.57
769.474	11837.26
769.665	10966.87
769.855	10762.08
770.046	11943.75
770.236	11759.44
770.426	11362.13
770.617	11116.37
770.807	11530.06
770.998	12083.02
771.188	11292.5
771.378	10698.59
771.569	11722.57
771.759	11732.81
771.949	10370.91
772.139	10571.61
772.33	11384.66
772.52	11489.1
772.71	10585.95
772.9	10676.06
773.09	11362.13
773.281	12017.48
773.471	10667.87
773.661	10860.38
773.851	11040.6
774.041	11173.72
774.231	10493.79
774.421	11085.65
774.611	11493.2
774.802	11325.27
774.992	10743.64
775.182	10512.22
775.372	11579.22
775.562	11501.39
775.752	10819.42
775.942	10600.29
776.131	11528.02
776.321	11323.22
776.511	10530.66
776.701	10471.26
776.891	11538.26
777.081	11165.53
777.271	10919.77
777.461	10557.28
777.651	11030.36
777.84	11304.79
778.03	10739.55
778.22	10461.02
778.41	11181.91
778.599	11106.13
778.789	10714.97
778.979	10534.75
779.169	11173.72
779.358	10784.6
779.548	11171.67
779.738	10202.98
779.927	10923.87
780.117	10596.19
780.307	10272.61
780.496	9932.65
780.686	11063.13
780.875	11700.05
781.065	10200.93
781.254	10035.05
781.444	10817.37
781.633	10653.53
781.823	10147.69
782.012	10526.56
782.202	10553.18
782.391	10643.29
782.581	10098.53
782.77	10383.2
782.96	11114.33
783.149	10458.98
783.338	10082.15
783.528	9793.39
783.717	10899.29
783.906	10856.28
784.096	10426.21
784.285	9824.11
784.474	10563.42
784.663	10413.92
784.853	9951.08
785.042	10299.23
785.231	10526.56
785.42	10456.93
785.61	10245.99
785.799	10108.77
785.988	10862.43
786.177	10450.78
786.366	10094.44
786.555	10487.65
786.744	10542.94
786.933	10458.98
787.122	9709.42
787.312	9727.85
787.501	10323.81
787.69	10393.44
787.879	9989.99
788.068	9813.87
788.257	10137.45
788.445	10340.19
788.634	9971.56
788.823	9824.11
789.012	10995.54
789.201	10643.29
789.39	9719.66
789.579	9717.61
789.768	10557.28
789.957	10477.41
790.145	9736.04
790.334	9391.98
790.523	9832.3
790.712	10237.8
790.9	9688.94
791.089	9346.93
791.278	10352.48
791.467	10026.85
791.655	10176.36
791.844	10544.99
792.033	10192.74
792.221	10301.28
792.41	9613.17
792.599	9240.44
792.787	10153.83
792.976	10266.47
793.164	9617.26
793.353	9656.17
793.541	10420.07
793.73	10291.04
793.918	9588.59
794.107	9383.79
794.295	10114.92
794.484	10059.62
794.672	9510.77
794.861	9420.66
795.049	9926.5
795.238	10565.47
795.426	9572.21
795.614	9459.57
795.803	10166.12
795.991	10420.07
796.179	9379.7
796.368	9361.27
796.556	9918.31
796.744	9850.73
796.932	9301.87
797.121	9285.49
797.309	9897.83
797.497	10127.21
797.685	9432.94
797.874	9500.53
798.062	9924.46
798.25	10383.2
798.438	9021.3
798.626	9418.61
798.814	10055.53
799.002	10305.38
799.19	9396.08
799.378	9455.47
799.566	10217.32
799.755	10256.23
799.943	9729.9
800.131	9385.84
800.318	10082.15
800.506	9895.78
800.694	9252.72
800.882	9633.65
801.07	10289
801.258	10153.83
801.446	9361.27
801.634	9445.23
801.822	9678.7
802.01	10141.54
802.197	9289.59
802.385	9729.9
802.573	10153.83
802.761	9809.77
802.949	9437.04
803.136	9049.97
803.324	10053.48
803.512	9785.19
803.699	9461.62
803.887	9176.95
804.075	10041.19
804.262	9936.74
804.45	9334.64
804.638	9621.36
804.825	9656.17
805.013	9881.45
805.201	9504.62
805.388	9355.12
805.576	9949.03
805.763	10198.88
805.951	9494.38
806.138	9398.13
806.326	10291.04
806.513	9912.17
806.701	9281.39
806.888	9262.96
807.075	10041.19
807.263	10266.47
807.45	9428.85
807.638	9523.05
807.825	10424.16
808.012	10094.44
808.2	9516.91
808.387	10045.29
808.574	10178.4
808.761	10194.79
808.949	9299.83
809.136	9527.15
809.323	10020.71
809.51	10041.19
809.698	10076.01
809.885	9695.08
810.072	10305.38
810.259	10366.82
810.446	9748.33
810.633	9455.47
810.82	10028.9
811.008	10426.21
811.195	9932.65
811.382	9613.17
811.569	10307.43
811.756	9899.88
811.943	9531.25
812.13	9459.57
812.317	10176.36
812.504	10094.44
812.691	9791.34
812.878	9822.06
813.064	10436.45
813.251	10106.73
813.438	9367.41
813.625	9645.93
813.812	10006.38
813.999	10219.36
814.186	9705.32
814.372	9422.7
814.559	10272.61
814.746	10471.26
814.933	9779.05
815.12	9690.99
815.306	10141.54
815.493	10139.49
815.68	9656.17
815.866	9361.27
816.053	10301.28
816.24	10286.95
816.426	9740.14
816.613	9363.31
816.799	10010.47
816.986	10321.76
817.173	9678.7
817.359	9213.81
817.546	10145.64
817.732	9703.28
817.919	9275.25
818.105	9738.09
818.292	10022.76
818.478	10186.6
818.665	9656.17
818.851	9297.78
819.037	10770.27
819.224	10211.17
819.41	9365.36
819.597	9275.25
819.783	10813.27
819.969	10088.29
820.156	9279.35
820.342	9275.25
820.528	11464.53
820.714	9981.8
820.901	9572.21
821.087	9310.07
821.273	10162.02
821.459	9856.87
821.646	9398.13
821.832	9158.52
822.018	10024.81
822.204	9875.31
822.39	9377.65
822.576	9320.31
822.762	10039.14
822.948	10176.36
823.134	9799.53
823.32	9297.78
823.507	9482.1
823.693	9969.51
823.879	9766.76
824.065	9027.45
824.25	9629.55
824.436	9807.72
824.622	9187.19
824.808	9121.65
824.994	9916.26
825.18	9668.46
825.366	9013.11
825.552	8888.18
825.738	9805.67
825.923	10082.15
826.109	9351.03
826.295	8804.22
826.481	9666.41
826.667	9543.53
826.852	9551.73
827.038	9029.49
827.224	10053.48
827.409	9965.42
827.595	8931.19
827.781	9539.44
827.966	10227.56
828.152	9969.51
828.338	9193.33
828.523	9037.69
828.709	9815.91
828.894	9815.91
829.08	8982.39
829.266	8941.43
829.451	9371.51
829.637	9797.48
829.822	8884.09
830.008	9023.35
830.193	9453.42
830.378	9840.49
830.564	9074.55
830.749	8552.32
830.935	9604.97
831.12	9232.24
831.305	8568.7
831.491	8972.15
831.676	9064.31
831.861	9451.38
832.047	8892.28
832.232	8535.93
832.417	9492.34
832.602	9482.1
832.788	8691.58
832.973	8558.46
833.158	9482.1
833.343	9342.83
833.528	9023.35
833.714	8859.51
833.899	9236.34
834.084	9858.92
834.269	9127.8
834.454	8732.54
834.639	9465.71
834.824	9355.12
835.009	8816.51
835.194	8873.85
835.379	9666.41
835.564	9734
835.749	8959.86
835.934	8275.84
836.119	9342.83
836.304	9252.72
836.489	8679.29
836.674	9019.25
836.859	9228.15
837.044	9713.52
837.228	8716.16
837.413	8646.52
837.598	9379.7
837.783	9105.27
837.968	8552.32
838.152	8271.75
838.337	8552.32
838.522	9586.54
838.707	9314.16
838.891	8660.86
839.076	9209.72
839.261	9213.81
839.445	8804.22
839.63	8628.09
839.815	9592.69
839.999	8900.47
840.184	8236.93
840.368	8636.28
840.553	9119.6
840.737	8841.08
840.922	8155.01
841.106	8228.74
841.291	8507.26
841.475	8910.71
841.66	8396.67
841.844	8298.37
842.029	9277.3
842.213	8753.02
842.397	8517.5
842.582	8001.41
842.766	8873.85
842.951	8923
843.135	8318.85
843.319	8329.09
843.504	9019.25
843.688	9391.98
843.872	8112
844.056	8230.79
844.241	8986.49
844.425	8601.47
844.609	8378.24
844.793	7923.59
844.977	8937.34
845.161	8691.58
845.346	7944.07
845.53	7835.53
845.714	8685.44
845.898	9125.75
846.082	7894.92
846.266	8075.14
846.45	8458.11
846.634	8744.83
846.818	7864.2
847.002	8155.01
847.186	8796.03
847.37	8267.65
847.554	7890.82
847.738	8353.66
847.922	8537.98
848.106	8601.47
848.29	7757.71
848.473	7763.85
848.657	8527.74
848.841	8347.52
849.025	7614.35
849.209	7554.96
849.392	8542.08
849.576	8241.03
849.76	7337.87
849.944	7995.27
850.127	8757.11
850.311	8079.24
850.495	7718.79
850.678	7507.85
850.862	8552.32
851.046	8669.05
851.229	8142.72
851.413	7669.64
851.596	8785.79
851.78	8327.04
851.964	7835.53
852.147	7929.74
852.331	8802.17
852.514	8531.84
852.698	7763.85
852.881	7380.88
853.065	8167.3
853.248	8003.46
853.431	7706.51
853.615	7643.02
853.798	8992.63
853.982	8279.94
854.165	7800.71
854.348	7530.38
854.532	7823.24
854.715	8130.44
854.898	7589.77
855.081	7587.72
855.265	8769.4
855.448	8867.7
855.631	7397.26
855.814	7612.3
855.997	8150.92
856.181	8165.25
856.364	7659.4
856.547	7315.34
856.73	8294.27
856.913	8071.04
857.096	7344.02
857.279	7862.15
857.462	7982.98
857.645	7995.27
857.828	7690.12
858.011	7749.51
858.194	8040.33
858.377	8116.1
858.56	7440.27
858.743	7380.88
858.926	7694.22
859.109	7657.36
859.292	7358.35
859.475	7133.08
859.658	8116.1
859.841	7989.13
860.023	6979.48
860.206	7204.75
860.389	7614.35
860.572	7976.84
860.755	7403.41
860.937	7319.44
861.12	7540.62
861.303	7901.06
861.486	7421.84
861.668	7159.7
861.851	7688.07
862.034	8017.8
862.216	7403.41
862.399	7036.82
862.581	7794.57
862.764	7956.36
862.947	7341.97
863.129	6883.22
863.312	7200.66
863.494	7708.55
863.677	7776.14
863.859	6870.94
864.042	7880.58
864.224	7600.01
864.406	7260.05
864.589	6803.35
864.771	7493.52
864.954	7430.03
865.136	7102.36
865.318	6561.69
865.501	8132.48
865.683	6985.62
865.865	6690.71
866.048	6774.68
866.23	7577.48
866.412	7341.97
866.594	6651.8
866.777	7047.06
866.959	7368.59
867.141	7178.13
867.323	7137.17
867.505	6893.46
867.687	7247.76
867.869	7421.84
868.052	6713.24
868.234	6872.98
868.416	7139.22
868.598	7595.92
868.78	6635.42
868.962	6698.91
869.144	7462.8
869.326	7030.68
869.508	6694.81
869.69	6467.49
869.872	7102.36
870.054	7792.52
870.236	6504.35
870.417	6713.24
870.599	7188.37
870.781	7724.94
870.963	7010.2
871.145	6709.15
871.327	7083.92
871.508	7444.37
871.69	6696.86
871.872	6674.33
872.054	7169.94
872.235	7403.41
872.417	6733.72
872.599	6537.12
872.78	7847.82
872.962	7126.93
873.144	6438.81
873.325	6657.95
873.507	7511.95
873.689	7360.4
873.87	6608.8
874.052	6948.76
874.233	7096.21
874.415	7860.1
874.596	6664.09
874.778	6612.89
874.959	7260.05
875.141	7569.29
875.322	6717.34
875.503	6545.31
875.685	7204.75
875.866	6750.11
876.048	6553.5
876.229	6596.51
876.41	7171.99
876.592	7317.39
876.773	6612.89
876.954	6422.43
877.136	7481.23
877.317	7155.6
877.498	6545.31
877.679	6778.78
877.86	7274.39
878.042	7096.21
878.223	6606.75
878.404	7333.78
878.585	7591.82
878.766	9154.42
878.947	7116.69
879.128	6848.41
879.309	7395.22
879.49	7604.11
879.672	6909.85
879.853	6754.2
880.034	7307.15
880.215	7389.07
880.396	6805.4
880.576	6655.9
880.757	7231.38
880.938	7958.41
881.119	6688.67
881.3	6750.11
881.481	7249.81
881.662	8173.44
881.843	6541.21
882.023	6709.15
882.204	7735.18
882.385	7382.93
882.566	6614.94
882.747	6834.07
882.927	7475.09
883.108	7384.98
883.289	6659.99
883.469	7161.75
883.65	7352.21
883.831	7184.27
884.011	7333.78
884.192	6866.84
884.373	7667.6
884.553	7382.93
884.734	7241.62
884.914	7585.68
885.095	8701.82
885.275	7874.44
885.456	7210.9
885.636	6893.46
885.817	7565.2
885.997	7643.02
886.178	6821.78
886.358	7006.1
886.538	7452.56
886.719	9105.27
886.899	6825.88
887.08	7198.61
887.26	7651.21
887.44	7409.55
887.621	6885.27
887.801	7161.75
887.981	8019.85
888.161	7933.83
888.342	7135.12
888.522	7006.1
888.702	7757.71
888.882	7790.47
889.062	7241.62
889.242	6864.79
889.423	7995.27
889.603	7888.78
889.783	7331.73
889.963	7057.3
890.143	7909.26
890.323	7978.89
890.503	7208.85
890.683	7266.19
890.863	7544.72
891.043	7634.83
891.223	7419.79
891.403	7292.82
891.583	7663.5
891.763	7806.86
891.943	7401.36
892.122	7479.18
892.302	7729.03
892.482	7679.88
892.662	7475.09
892.842	7206.8
893.022	7815.05
893.201	7690.12
893.381	7081.88
893.561	7151.51
893.741	7815.05
893.92	7401.36
894.1	7374.74
894.28	7384.98
894.459	7819.14
894.639	7597.96
894.819	7061.4
894.998	7161.75
895.178	7626.64
895.357	7542.67
895.537	6981.53
895.716	6711.19
895.896	7335.82
896.075	7860.1
896.255	7094.16
896.434	6666.14
896.614	7964.55
896.793	7511.95
896.973	7151.51
897.152	7045.01
897.331	7243.67
897.511	7405.45
897.69	6637.47
897.87	6930.33
898.049	7593.87
898.228	7507.85
898.407	7137.17
898.587	7071.64
898.766	7053.2
898.945	7362.45
899.124	7196.56
899.304	6719.39
899.483	7235.47
899.662	7892.87
899.841	6569.88
900.02	6573.98
900.199	7268.24
900.378	7358.35
900.557	6606.75
900.737	6526.88
900.916	7020.44
901.095	7153.55
901.274	7024.53
901.453	6350.75
901.632	6889.37
901.811	6930.33
901.989	6504.35
902.168	6576.03
902.347	7323.54
902.526	6746.01
902.705	6492.06
902.884	6737.82
903.063	7569.29
903.242	7161.75
903.42	6244.26
903.599	6717.34
903.778	7159.7
903.957	7507.85
904.135	6758.3
904.314	6365.09
904.493	7036.82
904.672	6643.61
904.85	6418.33
905.029	6303.65
905.207	6885.27
905.386	7219.09
905.565	5777.32
905.743	6012.84
905.922	6645.66
906.1	6571.93
906.279	5875.62
906.457	5889.96
906.636	6494.11
906.814	6354.85
906.993	5861.29
907.171	5887.91
907.35	6324.13
907.528	6973.33
907.707	6246.3
907.885	5709.74
908.063	6526.88
908.242	6340.51
908.42	5693.35
908.598	5363.63
908.777	6375.33
908.955	6164.39
909.133	5832.61
909.311	5504.94
909.49	5935.01
909.668	6021.03
909.846	5650.35
910.024	5365.68
910.202	6090.66
910.38	6354.85
910.559	5646.25
910.737	5633.96
910.915	6213.54
911.093	6326.18
911.271	5787.56
911.449	5830.57
911.627	6340.51
911.805	6993.81
911.983	5824.42
912.161	5805.99
912.339	6315.94
912.517	6868.89
912.695	6111.14
912.872	6039.46
913.05	6344.61
913.228	6561.69
913.406	5828.52
913.584	5801.9
913.762	6635.42
913.939	6246.3
914.117	5697.45
914.295	5588.91
914.473	6197.15
914.65	6414.24
914.828	5767.08
915.006	5728.17
915.184	6107.04
915.361	6385.57
915.539	6045.6
915.716	6238.11
915.894	6303.65
916.072	6373.28
916.249	6377.37
916.427	5951.4
916.604	6191.01
916.782	6449.05
916.959	5599.15
917.137	5685.16
917.314	6170.53
917.492	6328.22
917.669	5730.22
917.847	5832.61
918.024	6260.64
918.201	5867.43
918.379	5730.22
918.556	5851.05
918.733	6055.84
918.911	5937.06
919.088	6074.28
919.265	5463.98
919.442	6121.38
919.62	6260.64
919.797	5492.65
919.974	5271.47
920.151	6211.49
920.328	5834.66
920.506	5324.72
920.683	6160.29
920.86	5810.09
921.037	6047.65
921.214	5545.9
921.391	5437.36
921.568	6002.6
921.745	5967.78
921.922	5582.76
922.099	5490.6
922.276	6145.95
922.453	5883.81
922.63	5394.35
922.807	5818.28
922.984	5978.02
923.161	5636.01
923.338	5576.62
923.514	5418.93
923.691	5916.58
923.868	6064.04
924.045	5539.76
924.222	5306.29
924.399	5859.24
924.575	5832.61
924.752	5623.72
924.929	5558.19
925.105	5646.25
925.282	5537.71
925.459	5570.48
925.635	5363.63
925.812	5801.9
925.989	5646.25
926.165	5373.87
926.342	4892.6
926.518	5339.05
926.695	5300.14
926.871	5074.87
927.048	4941.75
927.224	5914.53
927.401	5259.18
927.577	5197.74
927.754	4831.16
927.93	5691.31
928.107	5636.01
928.283	4937.65
928.459	5101.49
928.636	5541.8
928.812	5308.34
928.988	4841.4
929.165	4718.52
929.341	5466.03
929.517	5543.85
929.693	5552.04
929.87	4702.14
930.046	5324.72
930.222	5312.43
930.398	4747.19
930.574	4919.22
930.751	5207.98
930.927	5300.14
931.103	4724.66
931.279	4757.43
931.455	5062.58
931.631	5296.05
931.807	4423.61
931.983	4358.08
932.159	4468.67
932.335	5029.81
932.511	4347.84
932.687	4276.16
932.863	4755.38
933.039	4937.65
933.215	4274.11
933.391	4063.17
933.566	4790.2
933.742	4855.73
933.918	4358.08
934.094	4093.89
934.27	4655.03
934.445	4546.49
934.621	4304.83
934.797	4093.89
934.973	4597.69
935.148	4315.07
935.324	3878.85
935.5	3704.78
935.675	4405.18
935.851	4480.96
936.027	3977.16
936.202	3985.35
936.378	4376.51
936.553	4083.65
936.729	4472.76
936.904	3456.97
937.08	3635.14
937.255	3641.29
937.431	3626.95
937.606	3321.81
937.782	3577.8
937.957	3923.91
938.133	3430.35
938.308	3157.97
938.483	3497.93
938.659	3301.33
938.834	3205.07
939.009	2877.4
939.185	3438.54
939.36	3149.78
939.535	2498.52
939.71	2936.79
939.886	3502.03
940.061	3241.93
940.236	3233.74
940.411	2922.45
940.586	3278.8
940.761	3241.93
940.937	2891.73
941.112	2695.13
941.287	3010.51
941.462	2975.7
941.637	2428.89
941.812	2869.2
941.987	2877.4
942.162	2953.17
942.337	2666.46
942.512	2398.17
942.687	3145.68
942.862	2949.08
943.037	2387.93
943.212	2146.27
943.386	2785.24
943.561	2803.67
943.736	2807.77
943.911	3119.06
944.086	3098.58
944.26	2965.46
944.435	2443.23
944.61	2731.99
944.785	2805.72
944.959	3442.64
945.134	2654.17
945.309	2408.41
945.483	2566.1
945.658	3002.32
945.833	2105.31
946.007	2320.35
946.182	3088.34
946.357	2613.21
946.531	2457.56
946.706	2349.02
946.88	2688.98
947.055	2861.01
947.229	2441.18
947.404	2416.6
947.578	2961.36
947.752	2865.11
947.927	2371.55
948.101	2090.98
948.276	3381.2
948.45	2998.23
948.624	2836.44
948.799	2523.1
948.973	2924.5
949.147	2633.69
949.321	2342.88
949.496	2641.88
949.67	3117.01
949.844	2666.46
950.018	2547.67
950.193	2473.95
950.367	3434.44
950.541	2850.77
950.715	2549.72
950.889	2885.59
951.063	2973.65
951.237	3024.85
951.411	2432.99
951.585	2508.76
951.759	3153.87
951.933	3137.49
952.107	2453.47
952.281	2975.7
952.455	3416.01
952.629	3086.29
952.803	2611.16
952.977	2600.92
953.151	3264.46
953.325	2852.82
953.499	2813.91
953.672	2461.66
953.846	2996.18
954.02	2963.41
954.194	2777.05
954.368	2586.58
954.541	3260.37
954.715	3166.16
954.889	2809.81
955.062	2633.69
955.236	2916.31
955.41	3141.58
955.583	2971.6
955.757	2547.67
955.93	3121.1
956.104	2994.13
956.278	2629.59
956.451	2701.27
956.625	3348.43
956.798	3459.02
956.972	3241.93
957.145	2740.18
957.319	3665.86
957.492	3137.49
957.665	2969.55
957.839	2756.57
958.012	3219.41
958.185	3014.61
958.359	2920.4
958.532	3006.42
958.705	3170.26
958.879	3080.14
959.052	3028.95
959.225	2516.95
959.398	3311.57
959.572	3237.84
959.745	2678.74
959.918	2695.13
960.091	3280.85
960.264	3440.59
960.438	2717.65
960.611	2676.7
960.784	3575.75
960.957	2949.08
961.13	3459.02
961.303	2686.93
961.476	3219.41
961.649	3491.79
961.822	2553.82
961.995	2916.31
962.168	3211.22
962.341	3325.9
962.514	2787.29
962.686	2772.95
962.859	3276.75
963.032	3229.65
963.205	2660.31
963.378	2351.07
963.551	2969.55
963.723	2775
963.896	2842.58
964.069	2922.45
964.242	3215.31
964.414	3592.14
964.587	2844.63
964.76	2791.38
964.932	3375.05
965.105	3121.1
965.278	2852.82
965.45	2766.81
965.623	3149.78
965.795	3385.29
965.968	2926.55
966.14	2779.09
966.313	3174.35
966.485	3053.52
966.658	2674.65
966.83	2729.94
967.003	3280.85
967.175	3170.26
967.348	2564.06
967.52	2766.81
967.692	3600.33
967.865	3493.83
968.037	2760.66
968.209	3133.39
968.382	3231.69
968.554	3401.68
968.726	2736.09
968.898	2574.3
969.071	3346.38
969.243	3147.73
969.415	2648.02
969.587	2987.99
969.759	3373
969.932	3063.76
970.104	2736.09
970.276	2226.14
970.448	2975.7
970.62	3022.8
970.792	2856.92
970.964	2768.85
971.136	3549.13
971.308	3186.64
971.48	2609.11
971.652	2623.45
971.824	3246.03
971.996	2834.39
972.168	2523.1
972.339	2670.55
972.511	2930.64
972.683	2869.2
972.855	2930.64
973.027	2392.03
973.199	3200.98
973.37	3164.11
973.542	2793.43
973.714	2809.81
973.886	2701.27
974.057	3039.19
974.229	2478.04
974.401	2516.95
974.572	2711.51
974.744	2662.36
974.915	2430.94
975.087	2422.75
975.259	3153.87
975.43	2697.17
975.602	2396.12
975.773	2365.4
975.945	2670.55
976.116	3006.42
976.288	2373.6
976.459	2688.98
976.63	2705.37
976.802	3039.19
976.973	2222.05
977.145	2768.85
977.316	3391.44
977.487	3071.95
977.659	2656.22
977.83	2484.19
978.001	3090.38
978.172	2936.79
978.344	2303.96
978.515	2338.78
978.686	2766.81
978.857	3387.34
979.028	2420.7
979.2	2306.01
979.371	3037.14
979.542	2781.14
979.713	2453.47
979.884	1984.48
980.055	2721.75
980.226	2731.99
980.397	2437.08
980.568	2248.67
980.739	3043.28
980.91	2674.65
981.081	2668.5
981.252	2277.34
981.423	2688.98
981.594	2754.52
981.765	2228.19
981.936	2449.37
982.106	2406.36
982.277	2953.17
982.448	2078.69
982.619	2498.52
982.79	2383.84
982.96	2664.41
983.131	2457.56
983.302	1927.14
983.472	2619.35
983.643	2549.72
983.814	2387.93
983.984	2228.19
984.155	2500.57
984.326	2615.26
984.496	2275.29
984.667	2131.94
984.837	2183.13
985.008	2914.26
985.178	2680.79
985.349	2281.44
985.519	2500.57
985.69	2285.53
985.86	2088.93
986.031	2066.4
986.201	2523.1
986.371	2459.61
986.542	1859.56
986.712	1742.82
986.882	2480.09
987.053	2508.76
987.223	1949.67
987.393	2310.11
987.563	2267.1
987.734	2615.26
987.904	2643.93
988.074	1892.32
988.244	2310.11
988.414	2574.3
988.585	1933.28
988.755	2027.49
988.925	2322.4
989.095	2777.05
989.265	1830.88
989.435	2031.59
989.605	2441.18
989.775	2658.26
989.945	2242.53
990.115	1665
990.285	2260.96
990.455	2478.04
990.625	2054.11
990.795	1748.97
990.965	2623.45
991.134	2328.54
991.304	1755.11
991.474	1781.73
991.644	2275.29
991.814	2533.34
991.984	1626.09
992.153	1808.36
992.323	1976.29
992.493	2293.73
992.662	1589.22
992.832	1968.1
993.002	1920.99
993.171	2263.01
993.341	1490.92
993.511	1611.75
993.68	1925.09
993.85	2273.25
994.019	1445.87
994.189	1339.37
994.358	2162.66
994.528	2017.25
994.697	1316.84
994.867	1458.15
995.036	2160.61
995.206	1892.32
995.375	1433.58
995.544	1826.79
995.714	2310.11
995.883	2101.22
996.052	1925.09
996.222	1279.98
996.391	2336.73
996.56	2111.46
996.73	1480.68
996.899	1277.93
997.068	2328.54
997.237	2154.46
997.406	1488.87
997.576	1269.74
997.745	2269.15
997.914	1929.19
998.083	1228.78
998.252	1472.49
998.421	2037.73
998.59	1716.2
998.759	1388.52
998.928	1120.24
999.097	2072.54
999.266	2113.5
999.435	1773.54
999.604	1023.98
999.773	2267.1
999.942	1740.77
1000.111	1026.03
1000.28	1097.71
1000.448	1753.06
1000.617	1628.14
1000.786	1572.84
1000.955	1230.83
1001.124	2095.07
1001.292	2453.47
1001.461	1265.64
1001.63	1048.56
1001.798	2004.96
1001.967	2080.74
1002.136	1134.57
1002.304	1204.21
1002.473	2080.74
1002.642	1783.78
1002.81	1220.59
1002.979	1163.25
1003.147	2064.35
1003.316	2115.55
1003.484	1206.25
1003.653	1255.4
1003.821	1851.36
1003.99	1628.14
1004.158	1556.46
1004.327	1374.19
1004.495	1849.32
1004.663	1728.49
1004.832	1497.07
1005	995.31
1005.168	1775.59
1005.337	1564.65
1005.505	909.3
1005.673	1394.67
1005.842	1886.18
1006.01	1599.46
1006.178	1032.18
1006.346	1198.06
1006.514	1560.55
1006.683	2119.65
1006.851	1083.38
1007.019	1460.2
1007.187	1460.2
1007.355	1085.42
1007.523	804.85
1007.691	841.72
1007.859	1372.14
1008.027	2011.11
1008.195	940.02
1008.363	753.65
1008.531	1497.07
1008.699	1607.66
1008.867	739.32
1009.035	968.69
1009.203	1976.29
1009.37	1540.07
1009.538	1007.6
1009.706	1681.38
1009.874	1462.25
1010.042	1560.55
1010.209	802.8
1010.377	774.13
1010.545	1605.61
1010.713	1583.08
1010.88	827.38
1011.048	925.68
1011.216	1507.31
1011.383	1730.53
1011.551	1009.65
1011.718	608.25
1011.886	1499.11
1012.054	1632.23
1012.221	716.79
1012.389	741.36
1012.556	1398.76
1012.724	1699.81
1012.891	960.5
1013.058	473.08
1013.226	1607.66
1013.393	1396.71
1013.561	608.25
1013.728	581.62
1013.895	1552.36
1014.063	1449.96
1014.23	507.9
1014.397	767.99
1014.565	1478.63
1014.732	1308.65
1014.899	573.43
1015.066	536.57
1015.233	1546.22
1015.401	1605.61
1015.568	702.45
1015.735	1015.79
1015.902	1519.59
1016.069	1667.05
1016.236	753.65
1016.403	450.55
1016.57	1066.99
1016.737	1818.6
1016.904	753.65
1017.071	544.76
1017.238	1017.84
1017.405	1175.53
1017.572	602.1
1017.739	845.81
1017.906	1708.01
1018.073	1542.12
1018.24	571.38
1018.407	806.9
1018.573	1282.03
1018.74	1320.94
1018.907	606.2
1019.074	385.02
1019.241	1304.56
1019.407	1175.53
1019.574	507.9
1019.741	436.22
1019.907	1486.83
1020.074	1757.16
1020.241	243.71
1020.407	460.79
1020.574	1112.05
1020.74	1191.92
1020.907	581.62
1021.073	464.89
1021.24	1826.79
1021.406	1245.17
1021.573	337.91
1021.739	598.01
1021.906	1398.76
1022.072	1073.14
1022.239	557.05
1022.405	499.7
1022.571	1204.21
1022.738	1155.05
1022.904	491.51
1023.07	657.4
1023.237	1028.08
1023.403	1427.43
1023.569	573.43
1023.735	598.01
1023.902	1138.67
1024.068	1153.01
1024.234	258.04
1024.4	483.32
1024.566	909.3
1024.732	1105.9
1024.898	481.27
1025.065	219.13
1025.231	1050.61
1025.397	950.26
1025.563	505.85
1025.729	344.06
1025.895	610.29
1026.061	831.48
1026.227	126.97
1026.392	671.73
1026.558	1083.38
1026.724	1206.25
1026.89	425.98
1027.056	475.13
1027.222	905.2
1027.388	1032.18
1027.553	464.89
1027.719	344.06
1027.885	1429.48
1028.051	940.02
1028.216	90.11
1028.382	477.18
1028.548	1046.51
1028.713	929.78
1028.879	249.85
1029.045	540.66
1029.21	1351.66
1029.376	1103.86
1029.541	413.69
1029.707	389.11
1029.873	1083.38
1030.038	1093.62
1030.204	192.51
1030.369	391.16
1030.534	1011.7
1030.7	798.71
1030.865	438.27
1031.031	303.1
1031.196	1046.51
1031.361	917.49
1031.527	251.9
1031.692	344.06
1031.857	696.31
1032.023	1015.79
1032.188	169.98
1032.353	266.24
1032.518	1101.81
1032.684	813.04
1032.849	49.15
1033.014	296.96
1033.179	888.82
1033.344	993.26
1033.509	405.5
1033.674	266.24
1033.839	870.39
1034.004	913.39
1034.17	274.43
1034.335	110.59
1034.5	776.18
1034.664	589.82
1034.829	194.56
1034.994	409.59
1035.159	634.87
1035.324	940.02
1035.489	323.58
1035.654	143.36
1035.819	1574.89
1035.984	800.76
1036.148	344.06
1036.313	339.96
1036.478	1044.46
1036.643	688.12
1036.807	86.01
1036.972	86.01
1037.137	1351.66
1037.301	759.8
1037.466	-2.05
1037.631	309.24
1037.795	903.15
1037.96	638.97
1038.124	473.08
1038.289	32.77
1038.454	722.93
1038.618	1040.37
1038.783	397.31
1038.947	348.15
1039.111	534.52
1039.276	659.45
1039.44	110.59
1039.605	966.64
1039.769	692.21
1039.933	659.45
1040.098	233.47
1040.262	557.05
1040.426	860.15
1040.591	776.18
1040.755	90.11
1040.919	161.79
1041.083	1140.72
1041.248	638.97
1041.412	-122.88
1041.576	38.91
1041.74	718.84
1041.904	636.92
1042.068	129.02
1042.232	161.79
1042.397	1191.92
1042.561	806.9
1042.725	-180.22
1042.889	315.39
1043.053	739.32
1043.217	714.74
1043.381	176.13
1043.544	-77.82
1043.708	782.32
1043.872	587.77
1044.036	-202.75
1044.2	-69.63
1044.364	946.16
1044.528	921.59
1044.691	7966.6
1044.855	-49.15
1045.019	718.84
1045.183	815.09
1045.346	239.61
1045.51	-36.86
1045.674	897.01
1045.837	714.74
1046.001	-32.77
1046.165	124.93
1046.328	1093.62
1046.492	532.47
1046.655	366.59
1046.819	227.32
1046.983	593.91
1047.146	518.14
1047.31	182.27
1047.473	-188.41
1047.636	534.52
1047.8	520.18
1047.963	212.99
1048.127	-45.06
1048.29	434.17
