345.52	-1224
345.736	-1224
345.952	-1224
346.168	-1348.93
346.384	-1328.45
346.6	-247.12
346.816	-316.75
347.032	-177.49
347.248	576.16
347.464	-341.33
347.68	-200.02
347.896	-32.08
348.112	389.8
348.328	-128.34
348.544	-30.04
348.76	266.92
348.975	240.29
349.191	-339.28
349.407	-357.71
349.623	250.53
349.839	152.23
350.055	-236.88
350.27	25.26
350.486	209.58
350.702	305.83
350.918	344.74
351.133	-52.56
351.349	221.86
351.565	514.72
351.781	-304.46
351.996	66.22
352.212	203.43
352.428	264.87
352.644	-259.41
352.859	-261.46
353.075	295.59
353.291	160.42
353.506	-124.24
353.722	-408.91
353.938	31.4
354.153	598.69
354.369	283.3
354.584	-230.74
354.8	324.26
355.016	-38.23
355.231	-353.62
355.447	-60.76
355.662	506.53
355.878	838.3
356.093	-451.92
356.309	-30.04
356.524	51.88
356.74	475.81
356.955	-433.49
357.171	-130.39
357.386	219.82
357.602	21.16
357.817	-54.61
358.033	-222.55
358.248	410.28
358.464	359.08
358.679	-175.44
358.895	-365.9
359.11	137.9
359.325	223.91
359.541	420.52
359.756	6.83
359.972	-99.67
360.187	600.74
360.402	-283.99
360.618	-167.25
360.833	1632.91
361.048	178.86
361.264	-175.44
361.479	51.88
361.694	318.12
361.909	277.16
362.125	-281.94
362.34	-120.15
362.555	365.22
362.77	359.08
362.986	-404.82
363.201	-193.87
363.416	352.93
363.631	60.07
363.847	-343.38
364.062	-206.16
364.277	273.06
364.492	144.04
364.707	-163.15
364.922	-382.29
365.138	299.69
365.353	502.43
365.568	-421.2
365.783	-144.72
365.998	438.95
366.213	670.37
366.428	-216.4
366.643	158.38
366.858	287.4
367.073	363.17
367.288	-163.15
367.503	-279.89
367.718	111.27
367.933	524.96
368.148	-189.78
368.363	-30.04
368.578	266.92
368.793	545.44
369.008	-101.72
369.223	-251.22
369.438	391.84
369.653	260.77
369.868	-365.9
370.083	-292.18
370.298	318.12
370.513	553.63
370.728	146.09
370.943	-193.87
371.157	35.5
371.372	766.62
371.587	-353.62
371.802	-347.47
372.017	193.19
372.232	625.31
372.446	-13.65
372.661	-148.82
372.876	256.68
373.091	359.08
373.306	-132.44
373.52	-351.57
373.735	107.18
373.95	653.98
374.165	-189.78
374.379	-95.57
374.594	88.75
374.809	547.49
375.023	129.7
375.238	-222.55
375.453	367.27
375.667	-1.37
375.882	-175.44
376.097	-279.89
376.311	150.18
376.526	443.04
376.741	-314.7
376.955	215.72
377.17	662.18
377.384	1075.87
377.599	168.62
377.813	-326.99
378.028	856.73
378.242	387.75
378.457	-25.94
378.672	-341.33
378.886	141.99
379.101	148.14
379.315	-374.1
379.53	-54.61
379.744	563.87
379.958	461.48
380.173	-138.58
380.387	-167.25
380.602	455.33
380.816	129.7
381.031	-34.13
381.245	-150.87
381.459	346.79
381.674	1106.59
381.888	-314.7
382.103	314.02
382.317	203.43
382.531	506.53
382.746	80.55
382.96	-159.06
383.174	268.97
383.388	832.16
383.603	283.3
383.817	-243.03
384.031	268.97
384.246	631.46
384.46	129.7
384.674	887.45
384.888	141.99
385.103	467.62
385.317	-316.75
385.531	213.67
385.745	965.28
385.959	400.04
386.174	-177.49
386.388	-154.96
386.602	309.93
386.816	273.06
387.03	-15.7
387.244	49.83
387.458	346.79
387.672	545.44
387.887	-298.32
388.101	-103.76
388.315	539.3
388.529	264.87
388.743	-44.37
388.957	-165.2
389.171	703.14
389.385	162.47
389.599	-136.53
389.813	127.66
390.027	330.41
390.241	957.08
390.455	-5.46
390.669	133.8
390.883	203.43
391.097	799.39
391.311	330.41
391.525	-56.66
391.738	645.79
391.952	615.07
392.166	189.1
392.38	-177.49
392.594	625.31
392.808	502.43
393.022	92.84
393.236	82.6
393.449	424.61
393.663	656.03
393.877	-183.63
394.091	70.31
394.305	354.98
394.518	303.78
394.732	-83.28
394.946	92.84
395.16	928.41
395.373	383.65
395.587	-132.44
395.801	-38.23
396.015	555.68
396.228	516.77
396.442	-267.6
396.656	-247.12
396.869	586.4
397.083	1043.1
397.297	154.28
397.51	51.88
397.724	514.72
397.938	502.43
398.151	-243.03
398.365	-189.78
398.578	572.07
398.792	805.53
399.005	291.49
399.219	31.4
399.433	455.33
399.646	699.04
399.86	301.73
400.073	379.56
400.287	449.19
400.5	551.59
400.714	357.03
400.927	223.91
401.141	764.57
401.354	1976.97
401.567	815.77
401.781	-173.39
401.994	578.21
402.208	1004.19
402.421	170.66
402.635	96.94
402.848	281.25
403.061	699.04
403.275	277.16
403.488	-87.38
403.701	838.3
403.915	830.11
404.128	359.08
404.341	109.22
404.555	1036.95
404.768	273.06
404.981	496.29
405.195	125.61
405.408	746.14
405.621	750.24
405.834	518.82
406.048	-73.04
406.261	821.92
406.474	805.53
406.687	119.46
406.9	314.02
407.114	629.41
407.327	725.66
407.54	-46.42
407.753	-5.46
407.966	305.83
408.179	598.69
408.392	144.04
408.605	-77.14
408.819	602.79
409.032	688.8
409.245	203.43
409.458	588.45
409.671	594.59
409.884	750.24
410.097	-48.47
410.31	375.46
410.523	936.6
410.736	541.35
410.949	260.77
411.162	141.99
411.375	651.94
411.588	668.32
411.801	395.94
412.014	125.61
412.227	443.04
412.44	690.85
412.653	191.14
412.865	543.39
413.078	852.64
413.291	725.66
413.504	379.56
413.717	86.7
413.93	836.25
414.143	463.52
414.356	395.94
414.568	-46.42
414.781	826.01
414.994	879.26
415.207	340.65
415.42	488.1
415.632	664.22
415.845	1145.5
416.058	68.27
416.271	141.99
416.483	758.43
416.696	1024.67
416.909	174.76
417.121	219.82
417.334	615.07
417.547	838.3
417.759	189.1
417.972	275.11
418.185	594.59
418.397	873.12
418.61	223.91
418.823	260.77
419.035	1149.59
419.248	875.17
419.46	344.74
419.673	479.91
419.885	682.66
420.098	791.2
420.311	281.25
420.523	80.55
420.736	920.22
420.948	832.16
421.161	314.02
421.373	178.86
421.586	586.4
421.798	563.87
422.01	37.55
422.223	670.37
422.435	436.9
422.648	1028.76
422.86	316.07
423.073	414.37
423.285	793.25
423.497	602.79
423.71	311.97
423.922	377.51
424.134	1163.93
424.347	1192.6
424.559	707.23
424.771	797.34
424.984	932.51
425.196	926.36
425.408	215.72
425.621	236.2
425.833	946.84
426.045	1208.98
426.257	322.21
426.47	541.35
426.682	733.86
426.894	901.79
427.106	400.04
427.318	502.43
427.531	819.87
427.743	969.37
427.955	653.98
428.167	1335.96
428.379	805.53
428.591	787.1
428.804	662.18
429.016	461.48
429.228	979.61
429.44	1170.07
429.652	14270.93
429.864	412.32
430.076	928.41
430.288	1071.77
430.5	791.2
430.712	639.65
430.924	1108.63
431.136	1225.37
431.348	416.42
431.56	576.16
431.772	758.43
431.984	787.1
432.196	432.8
432.408	559.78
432.62	912.03
432.832	1258.14
433.044	903.84
433.256	742.05
433.468	1251.99
433.679	823.97
433.891	420.52
434.103	936.6
434.315	1528.47
434.527	1260.18
434.739	840.35
434.95	793.25
435.162	1137.31
435.374	803.49
435.586	797.34
435.798	666.27
436.009	1000.09
436.221	991.9
436.433	836.25
436.645	696.99
436.856	1022.62
437.068	1667.73
437.28	606.88
437.491	1256.09
437.703	1415.83
437.915	1251.99
438.126	815.77
438.338	1323.67
438.55	1055.39
438.761	1139.35
438.973	783.01
439.184	889.5
439.396	1153.69
439.608	1133.21
439.819	619.17
440.031	985.76
440.242	1516.18
440.454	1381.01
440.665	912.03
440.877	1059.48
441.088	1520.28
441.3	1428.12
441.511	658.08
441.723	834.21
441.934	1669.78
442.146	1501.84
442.357	1082.01
442.569	1319.57
442.78	1575.57
442.991	2015.88
443.203	1469.08
443.414	830.11
443.626	1786.51
443.837	1282.71
444.048	783.01
444.26	723.62
444.471	1469.08
444.682	1407.64
444.894	799.39
445.105	817.82
445.316	1694.35
445.528	1559.19
445.739	1170.07
445.95	1145.5
446.161	1436.31
446.373	1585.81
446.584	1161.88
446.795	928.41
447.006	1759.89
447.217	1725.07
447.429	903.84
447.64	862.88
447.851	2370.18
448.062	1823.37
448.273	809.63
448.484	1067.67
448.695	1663.63
448.907	1684.11
449.118	1274.52
449.329	1538.71
449.54	1493.65
449.751	1495.7
449.962	1133.21
450.173	1061.53
450.384	1675.92
450.595	2105.99
450.806	1231.51
451.017	1200.79
451.228	1944.2
451.439	1792.66
451.65	1278.62
451.861	869.02
452.072	1602.19
452.283	1649.3
452.494	1473.17
452.705	1229.46
452.915	2353.8
453.126	1796.75
453.337	1424.02
453.548	1251.99
453.759	2222.73
453.97	2202.25
454.181	1893.01
454.391	1409.69
454.602	1884.81
454.813	2288.26
455.024	1411.73
455.235	1254.04
455.445	2116.23
455.656	1878.67
455.867	1727.12
456.078	1485.46
456.288	1796.75
456.499	2210.44
456.71	1364.63
456.921	1837.71
457.131	2120.33
457.342	1925.77
457.553	1401.49
457.763	1594
457.974	1827.47
458.184	2112.14
458.395	1532.56
458.606	1366.68
458.816	2388.61
459.027	2480.77
459.237	1862.29
459.448	1626.77
459.659	2386.57
459.869	3230.33
460.08	1426.07
460.29	1976.97
460.501	2513.54
460.711	2251.4
460.922	1493.65
461.132	1581.71
461.343	3152.51
461.553	2206.34
461.764	1714.83
461.974	1893.01
462.184	2581.12
462.395	2658.95
462.605	1907.34
462.816	1600.15
463.026	2566.79
463.236	2478.72
463.447	2011.79
463.657	1878.67
463.867	2710.15
464.078	2519.68
464.288	1960.59
464.498	2165.39
464.709	2701.95
464.919	2568.84
465.129	2151.05
465.339	1893.01
465.55	2726.53
465.76	2916.99
465.97	2175.63
466.18	2044.56
466.391	2994.81
466.601	2892.41
466.811	2316.94
467.021	2091.66
467.231	3103.36
467.441	3105.4
467.651	2431.62
467.862	2079.37
468.072	2953.85
468.282	3019.39
468.492	2306.7
468.702	2671.23
468.912	3207.8
469.122	3773.04
469.332	3013.24
469.542	2593.41
469.752	3678.83
469.962	3256.95
470.172	2632.32
470.382	2640.51
470.592	3703.41
470.802	3447.41
471.012	3099.26
471.222	2837.12
471.432	3367.54
471.642	3639.92
471.852	3154.55
472.062	2814.59
472.272	3586.68
472.482	3396.21
472.691	3050.11
472.901	2998.91
473.111	3553.91
473.321	4325.99
473.531	3203.71
473.741	3576.44
473.95	4039.28
474.16	4010.61
474.37	3525.24
474.58	3277.43
474.79	4586.08
474.999	3998.32
475.209	3500.66
475.419	3658.35
475.628	4287.08
475.838	4561.51
476.048	3895.92
476.258	3570.29
476.467	4573.8
476.677	4264.55
476.886	4340.33
477.096	3891.82
477.306	4282.99
477.515	4645.48
477.725	4020.85
477.935	4305.51
478.144	5141.08
478.354	4495.97
478.563	4278.89
478.773	4035.18
478.982	4942.43
479.192	5022.3
479.401	4397.67
479.611	4362.86
479.82	4770.4
480.03	5065.31
480.239	4371.05
480.449	4401.77
480.658	5405.27
480.868	5270.11
481.077	4876.9
481.287	4835.94
481.496	5405.27
481.705	5573.21
481.915	5292.63
482.124	5345.88
482.333	5624.4
482.543	6036.05
482.752	5233.24
482.961	4946.53
483.171	5943.89
483.38	5552.73
483.589	5448.28
483.799	5427.8
484.008	5884.5
484.217	5679.7
484.426	5583.45
484.636	5438.04
484.845	6302.28
485.054	5698.13
485.263	6230.6
485.472	5775.95
485.682	6345.29
485.891	6251.08
486.1	5636.69
486.309	5790.29
486.518	6734.4
486.727	7340.6
486.936	5810.77
487.146	6210.12
487.355	7055.93
487.564	6527.56
487.773	6349.39
487.982	6169.16
488.191	6642.25
488.4	6994.5
488.609	6251.08
488.818	6404.68
489.027	7338.55
489.236	7180.86
489.445	6691.4
489.654	6437.45
489.863	7424.57
490.072	7199.29
490.281	7324.22
490.49	6888
490.698	7709.24
490.907	8098.35
491.116	6873.67
491.325	6855.23
491.534	7664.18
491.743	7471.67
491.952	7191.1
492.16	7197.24
492.369	7957.04
492.578	8153.65
492.787	7246.4
492.996	7197.24
493.204	7729.72
493.413	8284.72
493.622	7348.79
493.831	7193.15
494.039	8430.12
494.248	7895.6
494.457	7635.51
494.665	7440.95
494.874	8407.59
495.083	8886.82
495.291	7866.93
495.5	7692.85
495.709	8415.79
495.917	8522.28
496.126	8110.64
496.335	7715.38
496.543	8563.24
496.752	8753.7
496.96	8399.4
497.169	7778.87
497.377	8735.27
497.586	8802.85
497.794	8587.82
498.003	7979.57
498.211	8731.17
498.42	9052.7
498.628	8522.28
498.837	8378.92
499.045	8944.16
499.254	8970.79
499.462	8473.13
499.671	8399.4
499.879	10064.4
500.087	9316.89
500.296	8458.79
500.504	8665.64
500.713	9253.41
500.921	9771.54
501.129	8503.85
501.338	8720.93
501.546	9554.46
501.754	9333.28
501.962	8903.2
502.171	8733.22
502.379	9695.77
502.587	9626.14
502.795	9132.58
503.004	8854.05
503.212	9986.58
503.42	9919
503.628	9316.89
503.837	9466.39
504.045	9939.47
504.253	10347.02
504.461	9224.73
504.669	9130.53
504.877	10394.12
505.085	10107.41
505.294	9153.05
505.502	9816.6
505.71	10562.06
505.918	9849.36
506.126	9302.56
506.334	9482.78
506.542	10340.88
506.75	9857.56
506.958	10131.98
507.166	9792.02
507.374	10109.46
507.582	10566.15
507.79	9845.27
507.998	9767.45
508.206	10824.2
508.414	10455.56
508.622	9779.73
508.83	9763.35
509.037	10719.75
509.245	10072.59
509.453	9912.85
509.661	9941.52
509.869	10832.39
510.077	10365.45
510.285	10285.58
510.492	9673.24
510.7	11348.48
510.908	10570.25
511.116	10242.57
511.324	10289.68
511.531	10869.25
511.739	11000.32
511.947	10635.78
512.155	10852.87
512.362	11072
512.57	10670.6
512.778	10267.15
512.985	10109.46
513.193	10996.23
513.401	11287.04
513.608	10596.87
513.816	10478.09
514.024	11434.49
514.231	11440.64
514.439	10537.48
514.646	10627.59
514.854	11641.34
515.061	11164.16
515.269	10852.87
515.477	10756.61
515.684	11221.5
515.892	11418.11
516.099	10463.75
516.307	10639.88
516.514	12116.47
516.722	11950.58
516.929	10859.01
517.136	10891.78
517.344	11864.57
517.551	11758.07
517.759	11031.04
517.966	11358.72
518.173	11862.52
518.381	11934.2
518.588	11418.11
518.796	11309.57
519.003	12243.44
519.21	12163.57
519.418	11303.42
519.625	12005.88
519.832	11919.86
520.039	12341.74
520.247	11164.16
520.454	11618.81
520.661	12208.62
520.868	12259.82
521.076	11631.1
521.283	11753.98
521.49	13058.53
521.697	12452.33
521.904	11561.47
522.112	11950.58
522.319	12624.36
522.526	12599.79
522.733	11821.56
522.94	11758.07
523.147	12401.13
523.354	12452.33
523.561	11839.99
523.768	12440.04
523.975	12904.93
524.183	12691.94
524.39	12401.13
524.597	12044.79
524.804	12599.79
525.011	12589.55
525.218	12143.09
525.425	12323.31
525.632	13433.31
525.838	12837.35
526.045	12208.62
526.252	12415.47
526.459	14567.88
526.666	14723.53
526.873	12411.37
527.08	12597.74
527.287	13664.73
527.494	13318.62
527.701	12626.41
527.907	12372.46
528.114	13429.21
528.321	13322.72
528.528	12679.66
528.735	13105.63
528.941	13351.39
529.148	13042.15
529.355	13216.22
529.562	12771.82
529.768	14272.98
529.975	13349.34
530.182	13148.64
530.388	12524.01
530.595	14004.69
530.802	13232.61
531.008	13572.57
531.215	13292
531.422	14680.52
531.628	14590.41
531.835	13208.03
532.042	13617.63
532.248	14178.77
532.455	13971.93
532.661	13402.59
532.868	13287.9
533.074	14146
533.281	14299.6
533.487	13480.41
533.694	13586.91
533.9	14189.01
534.107	14109.14
534.313	13650.39
534.52	13363.68
534.726	14350.8
534.933	15018.44
535.139	13634.01
535.345	13447.65
535.552	14873.03
535.758	14766.54
535.965	14174.67
536.171	13642.2
536.377	14756.3
536.584	15276.48
536.79	14098.9
536.996	14565.84
537.203	15067.59
537.409	15247.81
537.615	14027.22
537.821	14395.85
538.028	15571.39
538.234	14569.93
538.44	14600.65
538.646	14440.91
538.853	14782.92
539.059	14897.61
539.265	15008.2
539.471	14051.8
539.677	15245.76
539.883	15167.94
540.09	16099.76
540.296	15516.09
540.502	15360.45
540.708	15342.02
540.914	15100.36
541.12	14641.61
541.326	15555.01
541.532	15706.56
541.738	15026.63
541.944	14928.33
542.15	16148.92
542.356	15438.27
542.562	15010.25
542.768	15241.67
542.974	15944.12
543.18	16306.61
543.386	15440.32
543.592	14944.71
543.798	16415.15
544.004	16370.1
544.21	15210.95
544.415	15614.4
544.621	16310.71
544.827	16742.83
545.033	15524.29
545.239	16036.28
545.445	16159.16
545.651	16112.05
545.856	15481.28
546.062	15356.35
546.268	15843.77
546.474	16089.53
546.679	15530.43
546.885	15425.98
547.091	15966.65
547.297	16617.9
547.502	15710.65
547.708	15329.73
547.914	16196.02
548.119	17107.37
548.325	15407.55
548.531	15530.43
548.736	16978.34
548.942	16148.92
549.147	15751.61
549.353	16263.6
549.559	16941.48
549.764	16773.55
549.97	15561.15
550.175	15954.36
550.381	16912.81
550.586	16312.75
550.792	16054.71
550.997	16146.87
551.203	16927.14
551.408	17136.04
551.614	15952.31
551.819	16267.7
552.025	17562.01
552.23	17260.96
552.435	16267.7
552.641	16939.43
552.846	16804.27
553.052	17668.51
553.257	16753.07
553.462	16544.17
553.668	17111.46
553.873	17426.85
554.078	16462.26
554.283	16886.18
554.489	17541.53
554.694	17258.92
554.899	16839.08
555.105	17224.1
555.31	17697.18
555.515	18035.1
555.72	17166.76
555.925	17979.8
556.131	17815.96
556.336	17502.62
556.541	17090.98
556.746	16871.85
556.951	18133.4
557.156	17910.17
557.361	17058.21
557.567	17789.34
557.772	18090.39
557.977	18119.06
558.182	17279.4
558.387	17215.91
558.592	17791.39
558.797	18555.28
559.002	17459.62
559.207	17754.52
559.412	17955.22
559.617	18618.77
559.822	17238.44
560.027	17371.55
560.232	17848.73
560.437	18016.66
560.642	16902.57
560.847	17506.72
561.051	18024.86
561.256	18045.34
561.461	17572.25
561.666	17361.31
561.871	18065.81
562.076	18596.24
562.281	17680.8
562.485	17381.79
562.69	18497.94
562.895	18221.46
563.1	17654.17
563.305	17680.8
563.509	18698.64
563.714	18975.11
563.919	17551.77
564.123	18026.9
564.328	18358.67
564.533	18905.48
564.737	17805.72
564.942	17834.39
565.147	18837.9
565.351	18784.65
565.556	17699.23
565.761	18211.22
565.965	18997.64
566.17	18633.1
566.374	18084.25
566.579	17940.89
566.784	18540.94
566.988	18741.64
567.193	17795.48
567.397	18401.68
567.602	18651.53
567.806	18876.81
568.011	18401.68
568.215	18383.25
568.42	18749.84
568.624	18973.07
568.828	18510.22
569.033	18835.85
569.237	19790.2
569.442	19390.85
569.646	18200.98
569.85	18784.65
570.055	19446.15
570.259	19599.74
570.463	19343.75
570.668	18659.73
570.872	19290.5
571.076	19298.69
571.281	18987.4
571.485	19083.66
571.689	19540.35
571.893	19790.2
572.098	19007.88
572.302	18889.1
572.506	19624.32
572.71	19601.79
572.914	18921.87
573.119	18809.23
573.323	19872.12
573.527	19861.88
573.731	18911.63
573.935	19075.46
574.139	19761.53
574.343	19667.33
574.547	19061.13
574.751	18966.92
574.955	19599.74
575.159	20091.26
575.364	18678.16
575.568	18882.95
575.772	19794.3
575.976	19732.86
576.18	19155.33
576.383	19296.64
576.587	20251
576.791	19765.63
576.995	19227.01
577.199	19413.38
577.403	19419.52
577.607	19917.18
577.811	19306.88
578.015	19657.09
578.219	20095.35
578.422	20384.12
578.626	19589.5
578.83	19753.34
579.034	20425.07
579.238	20283.77
579.442	19550.59
579.645	20388.21
579.849	20298.1
580.053	20695.41
580.257	19986.81
580.46	20113.78
580.664	21004.65
580.868	20502.9
581.071	20054.39
581.275	19966.33
581.479	19956.09
581.682	20930.92
581.886	19704.19
582.09	20035.96
582.293	20810.09
582.497	20765.04
582.7	20271.48
582.904	20083.06
583.107	20785.52
583.311	20611.44
583.515	20285.81
583.718	20541.81
583.922	21217.64
584.125	21870.94
584.329	19956.09
584.532	20779.37
584.735	21342.56
584.939	20810.09
585.142	20537.71
585.346	20269.43
585.549	21049.71
585.753	20994.41
585.956	20468.08
586.159	20824.43
586.363	21506.4
586.566	21236.07
586.769	20529.52
586.973	20672.88
587.176	21416.29
587.379	21045.61
587.582	20978.03
587.786	20869.48
587.989	21256.55
588.192	22382.93
588.395	20885.87
588.599	21686.62
588.802	21819.74
589.005	21709.15
589.208	21299.56
589.411	21012.84
589.615	21627.23
589.818	22079.83
590.021	21696.86
590.224	21379.43
590.427	22045.02
590.63	21856.61
590.833	20990.31
591.036	21070.19
591.239	21948.76
591.442	21694.82
591.645	22131.03
591.848	21717.34
592.051	22169.94
592.254	22208.86
592.457	21619.04
592.66	21244.26
592.863	22108.51
593.066	22368.6
593.269	21399.91
593.472	21459.3
593.675	22497.62
593.878	22505.81
594.081	21766.49
594.284	21395.81
594.486	22128.98
594.689	22448.47
594.892	21797.21
595.095	21899.61
595.298	22534.48
595.5	22045.02
595.703	21901.66
595.906	22088.03
596.109	22991.18
596.311	22761.81
596.514	21586.27
596.717	22120.79
596.92	22815.05
597.122	22966.6
597.325	22004.06
597.528	21993.82
597.73	23484.74
597.933	23232.84
598.136	22382.93
598.338	21852.51
598.541	23646.53
598.743	23384.39
598.946	22319.45
599.148	22313.3
599.351	23175.5
599.554	22810.96
599.756	22477.14
599.959	22647.12
600.161	22937.93
600.363	23630.15
600.566	22901.07
600.768	22704.46
600.971	23269.7
601.173	23198.02
601.376	22573.39
601.578	22755.66
601.78	23454.02
601.983	23820.61
602.185	22634.83
602.388	23255.37
602.59	23464.26
602.792	23574.85
602.995	22907.21
603.197	22669.65
603.399	23396.68
603.601	23605.57
603.804	22534.48
604.006	22835.53
604.208	22919.5
604.41	23003.47
604.613	23234.89
604.815	22755.66
605.017	24107.32
605.219	23654.72
605.421	23707.97
605.623	23296.33
605.826	24267.06
606.028	24416.57
606.23	23406.92
606.432	23120.2
606.634	24176.95
606.836	24152.38
607.038	22974.8
607.24	23386.44
607.442	24254.78
607.644	24019.26
607.846	23425.35
608.048	23062.86
608.25	23974.2
608.452	23863.61
608.654	23351.62
608.856	23148.87
609.058	24021.31
609.26	24461.62
609.462	23406.92
609.664	23691.59
609.866	23976.25
610.067	24187.19
610.269	23435.59
610.471	23114.06
610.673	23968.06
610.875	24326.46
611.077	23415.11
611.278	23507.27
611.48	23685.44
611.682	24279.35
611.884	23898.43
612.085	23435.59
612.287	24158.52
612.489	24006.97
612.69	23417.16
612.892	23660.87
613.094	24525.11
613.295	23970.11
613.497	23398.73
613.699	23589.19
613.9	24498.48
614.102	24467.77
614.304	23546.18
614.505	23425.35
614.707	23923.01
614.908	24334.65
615.11	23443.78
615.311	23845.18
615.513	24258.87
615.714	24138.04
615.916	23523.65
616.117	23746.88
616.319	24279.35
616.52	24185.15
616.722	23325
616.923	23669.06
617.124	24647.99
617.326	23968.06
617.527	24041.79
617.729	23892.29
617.93	24422.71
618.131	24725.81
618.333	23826.75
618.534	23980.35
618.735	24467.77
618.937	24795.44
619.138	23650.63
619.339	23851.33
619.54	24346.94
619.742	24267.06
619.943	24170.81
620.144	24074.56
620.345	24992.05
620.546	24635.7
620.748	24191.29
620.949	24039.74
621.15	24699.19
621.351	24418.61
621.552	24052.03
621.753	23738.69
621.954	24107.32
622.155	24850.74
622.356	23945.53
622.558	24111.42
622.759	25223.47
622.96	25182.51
623.161	23984.44
623.362	23777.6
623.563	24686.9
623.764	24863.02
623.965	23910.72
624.166	24768.82
624.366	24516.92
624.567	24543.54
624.768	23806.27
624.969	24056.12
625.17	24580.4
625.371	24699.19
625.572	24168.76
625.773	23998.78
625.973	24801.58
626.174	25088.3
626.375	24535.35
626.576	24228.15
626.777	24965.42
626.977	24895.79
627.178	24729.91
627.379	24396.09
627.58	24795.44
627.78	24762.67
627.981	24318.26
628.182	24510.77
628.382	24971.57
628.583	24846.64
628.784	24146.23
628.984	24533.3
629.185	24842.54
629.386	24836.4
629.586	24500.53
629.787	24496.44
629.987	25090.35
630.188	25116.97
630.388	24559.92
630.589	24729.91
630.79	25821.47
630.99	25168.17
631.191	24647.99
631.391	24772.91
631.591	24869.17
631.792	25366.82
631.992	25012.52
632.193	24840.5
632.393	25708.83
632.594	25305.38
632.794	24594.74
632.994	25213.23
633.195	25248.04
633.395	25559.33
633.595	24729.91
633.796	24889.65
633.996	25149.74
634.196	25106.73
634.397	24768.82
634.597	24764.72
634.797	24987.95
634.997	25403.69
635.198	25205.03
635.398	24508.72
635.598	25403.69
635.798	25676.07
635.998	25037.1
636.199	24641.84
636.399	25110.83
636.599	25205.03
636.799	24822.06
636.999	25168.17
637.199	25555.24
637.399	25336.1
637.599	24965.42
637.799	25090.35
637.999	25114.92
638.199	25766.18
638.399	24946.99
638.599	24926.51
638.799	26179.87
638.999	25864.48
639.199	25700.64
639.399	25571.62
639.599	25887.01
639.799	25606.44
639.999	25205.03
640.199	24809.78
640.399	25372.97
640.599	25516.33
640.799	25409.83
640.998	25536.8
641.198	25657.64
641.398	25469.22
641.598	25342.25
641.798	25340.2
641.997	26767.63
642.197	25499.94
642.397	25418.02
642.597	24998.19
642.796	25846.05
642.996	25936.16
643.196	25332.01
643.395	25346.34
643.595	25706.79
643.795	25692.45
643.994	25489.7
644.194	25616.68
644.394	26243.35
644.593	26044.7
644.793	25295.14
644.992	25653.54
645.192	26132.76
645.392	25481.51
645.591	25510.18
645.791	25751.84
645.99	26229.02
646.19	25622.82
646.389	25807.14
646.589	25418.02
646.788	25983.26
646.987	25768.23
647.187	26081.56
647.386	25602.34
647.586	26171.68
647.785	26622.23
647.984	25657.64
648.184	25962.78
648.383	25684.26
648.582	25700.64
648.782	25528.61
648.981	25893.15
649.18	25960.73
649.38	26120.48
649.579	25807.14
649.778	25571.62
649.977	26982.67
650.177	26628.37
650.376	25878.82
650.575	25450.79
650.774	26648.85
650.973	26206.49
651.173	25440.55
651.372	25989.41
651.571	26212.63
651.77	26505.49
651.969	25669.92
652.168	26022.17
652.367	26075.42
652.566	26220.83
652.765	26026.27
652.964	26562.84
653.163	26802.45
653.362	26534.17
653.561	25729.31
653.76	25981.21
653.959	26661.14
654.158	27029.77
654.357	26589.46
654.556	26011.93
654.755	26695.96
654.954	26659.09
655.153	25905.44
655.352	26599.7
655.551	27058.45
655.749	26704.15
655.948	26276.12
656.147	26773.78
656.346	27144.46
656.545	26861.84
656.743	25923.87
656.942	26530.07
657.141	26706.2
657.34	26759.44
657.538	26140.96
657.737	26218.78
657.936	26628.37
658.135	26241.31
658.333	26192.15
658.532	26468.63
658.731	26915.09
658.929	27076.88
659.128	26730.77
659.326	26235.16
659.525	27175.18
659.724	26442.01
659.922	25815.33
660.121	25991.45
660.319	26614.04
660.518	26419.48
660.716	26222.87
660.915	25956.64
661.113	27328.78
661.312	26601.75
661.51	26552.6
661.709	26315.03
661.907	27007.25
662.105	27220.24
662.304	26097.95
662.502	26646.8
662.701	27083.02
662.899	26442.01
663.097	27089.17
663.296	26353.94
663.494	27146.51
663.692	27148.56
663.891	26323.22
664.089	26147.1
664.287	27123.98
664.485	26880.27
664.684	26399
664.882	26632.47
665.08	26517.78
665.278	26910.99
665.476	26308.89
665.675	27044.11
665.873	27310.35
666.071	27468.04
666.269	26192.15
666.467	27050.25
666.665	27244.81
666.863	26872.08
667.061	26798.35
667.259	26485.01
667.457	27011.34
667.655	27195.66
667.853	26364.18
668.051	26779.92
668.249	26730.77
668.447	26921.23
668.645	26222.87
668.843	26999.05
669.041	27244.81
669.239	26222.87
669.437	26577.17
669.635	26849.55
669.833	26990.86
670.031	27027.73
670.229	26771.73
670.426	26806.55
670.624	26847.5
670.822	26759.44
671.02	26394.9
671.218	26665.24
671.415	26411.29
671.613	26646.8
671.811	26923.28
672.009	26626.32
672.206	27269.39
672.404	26636.56
672.602	26736.91
672.799	26673.43
672.997	27246.86
673.195	27001.1
673.392	26652.95
673.59	26194.2
673.788	26495.25
673.985	26278.17
674.183	26396.95
674.38	26325.27
674.578	26878.22
674.775	26538.26
674.973	25872.67
675.17	26280.22
675.368	26923.28
675.565	26579.22
675.763	26693.91
675.96	26173.72
676.158	26622.23
676.355	26384.66
676.553	25987.36
676.75	26337.56
676.947	26659.09
677.145	26503.45
677.342	26235.16
677.539	26552.6
677.737	26921.23
677.934	26964.24
678.131	26458.39
678.329	26536.21
678.526	27351.31
678.723	26886.42
678.92	26290.46
679.118	26501.4
679.315	26106.14
679.512	26898.7
679.709	26331.42
679.906	25811.23
680.104	26779.92
680.301	26470.68
680.498	25401.64
680.695	25815.33
680.892	26669.33
681.089	26509.59
681.286	26261.79
681.483	25729.31
681.68	26429.72
681.877	26618.13
682.075	25995.55
682.272	26224.92
682.469	26579.22
682.665	26364.18
682.862	25944.35
683.059	25813.28
683.256	26556.69
683.453	26501.4
683.65	26169.63
683.847	26333.46
684.044	26186.01
684.241	26132.76
684.438	26282.27
684.635	25454.89
684.831	26867.98
685.028	26716.43
685.225	25620.77
685.422	25882.91
685.619	26296.6
685.815	25995.55
686.012	25800.99
686.209	25932.06
686.405	26093.85
686.602	26124.57
686.799	25878.82
686.996	25626.92
687.192	25661.73
687.389	26730.77
687.586	25315.62
687.782	25475.37
687.979	26353.94
688.175	25626.92
688.372	25010.48
688.568	25256.23
688.765	25682.21
688.962	25786.66
689.158	25393.45
689.355	25252.14
689.551	25950.49
689.748	25823.52
689.944	25563.43
690.14	25430.31
690.337	25850.14
690.533	25860.38
690.73	25383.21
690.926	25366.82
691.123	25854.24
691.319	26093.85
691.515	25223.47
691.712	25465.13
691.908	26032.41
692.104	25522.47
692.301	25581.86
692.497	25096.49
692.693	25995.55
692.889	25815.33
693.086	25241.9
693.282	25094.44
693.478	25633.06
693.674	26208.54
693.87	25370.92
694.067	25180.46
694.263	25585.96
694.459	25669.92
694.655	25536.8
694.851	25624.87
695.047	25798.94
695.243	25903.39
695.439	25469.22
695.635	25248.04
695.831	25686.31
696.027	25434.41
696.224	25348.39
696.42	25399.59
696.615	25790.75
696.811	25665.83
697.007	24512.82
697.203	24559.92
697.399	25278.76
697.595	25342.25
697.791	24738.1
697.987	25090.35
698.183	25307.43
698.379	25067.82
698.575	25014.57
698.77	25143.59
698.966	25616.68
699.162	25714.98
699.358	24486.2
699.554	25377.06
699.749	25760.03
699.945	25602.34
700.141	25168.17
700.337	25305.38
700.532	25059.63
700.728	25080.11
700.924	24543.54
701.119	24402.23
701.315	25182.51
701.511	25002.29
701.706	24854.83
701.902	24381.75
702.097	25162.03
702.293	25219.37
702.489	24863.02
702.684	24709.43
702.88	25522.47
703.075	25086.25
703.271	24826.16
703.466	24576.31
703.662	25342.25
703.857	25332.01
704.053	24922.41
704.248	24551.73
704.443	25612.58
704.639	25481.51
704.834	24990
705.03	24920.37
705.225	25096.49
705.42	25446.69
705.616	24842.54
705.811	24310.07
706.006	24856.88
706.202	24924.46
706.397	24779.06
706.592	24385.85
706.787	24944.94
706.983	25076.01
707.178	24924.46
707.373	24672.56
707.568	24953.13
707.763	25334.06
707.959	24590.64
708.154	24758.58
708.349	24709.43
708.544	25116.97
708.739	24658.23
708.934	24426.81
709.129	25088.3
709.324	25194.79
709.519	24680.75
709.714	24428.85
709.909	25235.75
710.104	25041.2
710.299	24504.63
710.494	24344.89
710.689	24727.86
710.884	24787.25
711.079	23947.58
711.274	24092.99
711.469	24908.08
711.664	24647.99
711.859	24523.06
712.054	24209.72
712.249	24674.61
712.443	24787.25
712.638	23761.22
712.833	24195.39
713.028	24426.81
713.223	24348.98
713.417	24641.84
713.612	24162.62
713.807	25205.03
714.002	25844
714.196	24611.12
714.391	24191.29
714.586	24627.51
714.78	24684.85
714.975	24402.23
715.17	23902.53
715.364	24846.64
715.559	24920.37
715.754	23540.04
715.948	24017.21
716.143	24906.03
716.337	24277.3
716.532	24348.98
716.726	24387.89
716.921	24394.04
717.115	24762.67
717.31	23646.53
717.504	25223.47
717.699	24584.5
717.893	24738.1
718.088	23900.48
718.282	23445.83
718.476	23970.11
718.671	24445.24
718.865	23859.52
719.059	23587.14
719.254	23779.65
719.448	24496.44
719.642	26466.58
719.837	23439.68
720.031	26218.78
720.225	24222.01
720.419	24058.17
720.614	23476.55
720.808	24125.75
721.002	23945.53
721.196	23597.38
721.39	23458.12
721.585	23898.43
721.779	24207.67
721.973	23474.5
722.167	23169.35
722.361	23996.73
722.555	24117.56
722.749	23003.47
722.943	23421.25
723.137	23640.39
723.331	24027.45
723.525	23408.97
723.719	23320.9
723.913	23828.8
724.107	24123.71
724.301	22796.62
724.495	23146.83
724.689	24174.91
724.883	23634.24
725.077	23069
725.271	22942.03
725.465	23624
725.659	23247.18
725.853	23165.26
726.046	23089.48
726.24	23175.5
726.434	23480.64
726.628	23052.62
726.822	23116.11
727.015	23812.42
727.209	24006.97
727.403	23490.88
727.596	22788.43
727.79	23632.19
727.984	23486.79
728.177	23109.96
728.371	23333.19
728.565	23421.25
728.758	23318.85
728.952	22864.21
729.146	23038.28
729.339	23636.29
729.533	23288.14
729.726	22858.06
729.92	23189.83
730.113	23570.75
730.307	23767.36
730.5	23200.07
730.694	23109.96
730.887	23380.29
731.081	23937.34
731.274	23023.95
731.468	23150.92
731.661	23325
731.854	23312.71
732.048	23062.86
732.241	22880.59
732.435	23779.65
732.628	23388.49
732.821	23005.52
733.014	22868.3
733.208	23335.24
733.401	23746.88
733.594	23079.24
733.788	23050.57
733.981	23435.59
734.174	23734.59
734.367	23021.9
734.56	23241.03
734.754	24002.88
734.947	23630.15
735.14	23075.15
735.333	23460.16
735.526	24133.95
735.719	23337.29
735.912	23030.09
736.105	22987.08
736.298	23902.53
736.491	23705.92
736.684	22946.12
736.877	22751.57
737.07	23490.88
737.263	24105.27
737.456	23038.28
737.649	22784.33
737.842	23329.09
738.035	23925.05
738.228	23093.58
738.421	23099.72
738.614	23673.15
738.807	23712.06
739	22634.83
739.192	22694.22
739.385	23132.49
739.578	23304.52
739.771	23271.75
739.964	22638.93
740.156	23662.91
740.349	23001.42
740.542	23195.98
740.735	22544.72
740.927	22790.48
741.12	22843.73
741.313	22423.89
741.505	22882.64
741.698	23105.87
741.891	23273.8
742.083	23019.85
742.276	22925.64
742.468	23214.41
742.661	23052.62
742.854	22565.2
743.046	22702.42
743.239	22894.93
743.431	23105.87
743.624	22772.05
743.816	22462.8
744.009	22853.97
744.201	23048.52
744.393	22817.1
744.586	22243.67
744.778	23105.87
744.971	23007.56
745.163	22356.31
745.355	22645.07
745.548	22643.03
745.74	22999.37
745.932	22309.21
746.125	22798.67
746.317	23382.34
746.509	23009.61
746.702	22647.12
746.894	22479.19
747.086	23230.79
747.278	23228.74
747.471	22755.66
747.663	22522.19
747.855	23468.36
748.047	23335.24
748.239	22518.1
748.431	22618.45
748.623	23488.84
748.815	23198.02
749.008	22450.52
749.2	22526.29
749.392	22712.66
749.584	23169.35
749.776	22608.21
749.968	22651.22
750.16	23187.78
750.352	22890.83
750.544	22448.47
750.736	22446.42
750.928	22829.39
751.12	22925.64
751.311	22546.77
751.503	22362.45
751.695	22987.08
751.887	22747.47
752.079	21991.77
752.271	22276.44
752.463	23128.39
752.654	22483.28
752.846	21901.66
753.038	21850.46
753.23	22243.67
753.421	22862.16
753.613	21985.63
753.805	22448.47
753.997	22419.8
754.188	22720.85
754.38	22012.25
754.572	21975.39
754.763	22118.75
754.955	22245.72
755.146	21737.82
755.338	21860.7
755.53	22462.8
755.721	22083.93
755.913	21481.83
756.104	21506.4
756.296	22153.56
756.487	22626.64
756.679	21700.96
756.87	21580.13
757.062	22143.32
757.253	22247.77
757.445	21922.14
757.636	22186.33
757.827	22509.91
758.019	22843.73
758.21	21252.45
758.401	21365.09
758.593	22221.14
758.784	22016.35
758.975	21342.56
759.167	21330.28
759.358	22028.63
759.549	22258.01
759.74	21410.15
759.932	21287.27
760.123	21858.65
760.314	21786.97
760.505	21213.54
760.696	20932.97
760.888	21907.8
761.079	21719.39
761.27	21320.04
761.461	21139.82
761.652	21692.77
761.843	21490.02
762.034	21356.9
762.225	21600.61
762.416	21592.42
762.607	21430.63
762.798	21043.56
762.989	20869.48
763.18	22686.03
763.371	21154.15
763.562	21074.28
763.753	21277.03
763.944	21680.48
764.135	21332.33
764.326	21061.99
764.517	20676.98
764.708	21414.24
764.899	21346.66
765.089	20210.04
765.28	20146.55
765.471	20924.78
765.662	21291.37
765.853	20914.54
766.043	20369.78
766.234	21000.55
766.425	20980.07
766.615	20545.91
766.806	20449.65
766.997	21098.86
767.187	20830.57
767.378	20410.74
767.569	20095.35
767.759	20824.43
767.95	20398.45
768.141	20324.72
768.331	20298.1
768.522	20633.97
768.712	20906.35
768.903	20066.68
769.093	20115.83
769.284	20703.6
769.474	20679.02
769.665	19863.93
769.855	19788.16
770.046	21090.66
770.236	20326.77
770.426	19995
770.617	19728.77
770.807	20558.19
770.998	20824.43
771.188	20134.26
771.378	19798.4
771.569	20896.11
771.759	20857.2
771.949	19540.35
772.139	19804.54
772.33	20420.98
772.52	20359.54
772.71	19857.79
772.9	19886.46
773.09	20547.95
773.281	20619.63
773.471	19886.46
773.661	19894.65
773.851	20390.26
774.041	20427.12
774.231	19503.49
774.421	19831.16
774.611	20373.88
774.802	20451.7
774.992	19405.19
775.182	19147.14
775.372	19937.66
775.562	20218.23
775.752	19493.25
775.942	19294.6
776.131	20240.76
776.321	19890.56
776.511	19378.56
776.701	19048.84
776.891	20083.06
777.081	19736.96
777.271	19491.2
777.461	19343.75
777.651	20287.86
777.84	20279.67
778.03	19210.63
778.22	19227.01
778.41	19495.3
778.599	19638.65
778.789	19157.38
778.979	18733.45
779.169	19282.31
779.358	19290.5
779.548	19468.67
779.738	18567.57
779.927	19104.14
780.117	19179.91
780.307	18588.05
780.496	18186.65
780.686	19337.6
780.875	19693.95
781.065	18819.47
781.254	18811.28
781.444	19442.05
781.633	19116.42
781.823	18629.01
782.012	18821.52
782.202	19470.72
782.391	18985.35
782.581	18614.67
782.77	19124.61
782.96	19427.71
783.149	18921.87
783.338	18424.21
783.528	18364.82
783.717	19278.21
783.906	19315.08
784.096	18424.21
784.285	18315.67
784.474	18807.18
784.663	18721.16
784.853	18254.23
785.042	18479.5
785.231	19081.61
785.42	18858.38
785.61	18403.73
785.799	18512.27
785.988	19130.76
786.177	18069.91
786.366	18266.52
786.555	18860.43
786.744	18639.25
786.933	18749.84
787.122	17918.36
787.312	17967.51
787.501	18586
787.69	18762.12
787.879	17691.04
788.068	17934.74
788.257	18047.38
788.445	18471.31
788.634	17799.58
788.823	17693.08
789.012	18725.26
789.201	18837.9
789.39	17482.14
789.579	17490.34
789.768	18246.04
789.957	18332.05
790.145	17500.58
790.334	17256.87
790.523	17811.87
790.712	18164.12
790.9	17621.41
791.089	17117.61
791.278	18176.41
791.467	18311.57
791.655	17990.04
791.844	18284.95
792.033	17992.09
792.221	17981.85
792.41	17275.3
792.599	16964.01
792.787	18184.6
792.976	17975.7
793.164	17283.49
793.353	17406.37
793.541	17975.7
793.73	18028.95
793.918	17152.42
794.107	17279.4
794.295	17430.94
794.484	17664.41
794.672	17195.43
794.861	17220
795.049	17645.98
795.238	18053.53
795.426	17007.02
795.614	17332.64
795.803	18016.66
795.991	18151.83
796.179	17410.47
796.368	17119.65
796.556	17715.61
796.744	17430.94
796.932	17033.64
797.121	17189.28
797.309	17576.35
797.497	17713.56
797.685	17084.84
797.874	16984.49
798.062	17691.04
798.25	17799.58
798.438	16959.91
798.626	17088.93
798.814	17654.17
799.002	17936.79
799.19	16916.9
799.378	17090.98
799.566	17441.18
799.755	17635.74
799.943	16986.54
800.131	17007.02
800.318	17193.38
800.506	17791.39
800.694	16638.38
800.882	17326.5
801.07	18160.02
801.258	17748.38
801.446	17181.09
801.634	17185.19
801.822	17523.1
802.01	17897.88
802.197	17318.31
802.385	17412.51
802.573	17834.39
802.761	17779.1
802.949	16959.91
803.136	16728.49
803.324	17648.03
803.512	17471.9
803.699	17021.35
803.887	16755.11
804.075	17932.7
804.262	17684.89
804.45	16927.14
804.638	16959.91
804.825	17484.19
805.013	17559.97
805.201	17242.53
805.388	16820.65
805.576	17303.97
805.763	17686.94
805.951	16589.23
806.138	17105.32
806.326	17967.51
806.513	17357.22
806.701	16972.2
806.888	16890.28
807.075	17807.77
807.263	17899.93
807.45	17174.95
807.638	17007.02
807.825	17975.7
808.012	17992.09
808.2	17054.12
808.387	17543.58
808.574	17750.43
808.761	17910.17
808.949	16912.81
809.136	16820.65
809.323	17357.22
809.51	17738.14
809.698	17455.52
809.885	17537.44
810.072	18166.17
810.259	18157.97
810.446	17602.97
810.633	17168.8
810.82	17985.94
811.008	18475.41
811.195	17695.13
811.382	17232.29
811.569	18084.25
811.756	17523.1
811.943	17234.34
812.13	17236.39
812.317	17981.85
812.504	17623.45
812.691	17684.89
812.878	17254.82
813.064	18391.44
813.251	17623.45
813.438	17248.68
813.625	17371.55
813.812	18039.19
813.999	18000.28
814.186	17609.12
814.372	17467.81
814.559	18213.27
814.746	18094.49
814.933	17025.45
815.12	17795.48
815.306	18078.1
815.493	17590.69
815.68	17047.97
815.866	17207.72
816.053	18004.38
816.24	18008.47
816.426	17226.15
816.613	17209.76
816.799	17832.35
816.986	18160.02
817.173	17015.21
817.359	17054.12
817.546	17947.03
817.732	17095.08
817.919	17107.37
818.105	17594.78
818.292	17951.13
818.478	18149.78
818.665	17615.26
818.851	17596.83
819.037	18561.42
819.224	18409.87
819.41	17107.37
819.597	17217.96
819.783	18413.97
819.969	18012.57
820.156	17217.96
820.342	17109.41
820.528	19327.36
820.714	17430.94
820.901	17504.67
821.087	17002.92
821.273	17807.77
821.459	17631.65
821.646	16802.22
821.832	16865.71
822.018	17766.81
822.204	17281.44
822.39	17277.35
822.576	16951.72
822.762	17707.42
822.948	17578.4
823.134	17324.45
823.32	16994.73
823.507	17316.26
823.693	17584.54
823.879	17553.82
824.065	16714.16
824.25	17123.75
824.436	17277.35
824.622	16773.55
824.808	16527.79
824.994	17127.85
825.18	17076.65
825.366	16705.96
825.552	16701.87
825.738	17512.86
825.923	17525.15
826.109	16894.38
826.295	16460.21
826.481	17103.27
826.667	16763.31
826.852	17217.96
827.038	16462.26
827.224	17531.3
827.409	17478.05
827.595	16009.65
827.781	16751.02
827.966	17385.89
828.152	16986.54
828.338	16277.94
828.523	15919.54
828.709	16810.41
828.894	16634.28
829.08	16294.32
829.266	15890.87
829.451	16578.99
829.637	16767.4
829.822	16271.79
830.008	15690.17
830.193	16368.05
830.378	16796.07
830.564	16095.67
830.749	15759.8
830.935	16396.72
831.12	16060.85
831.305	15780.28
831.491	16046.52
831.676	16368.05
831.861	16761.26
832.047	16052.66
832.232	15909.3
832.417	16429.49
832.602	16607.66
832.788	15985.08
832.973	15825.34
833.158	16419.25
833.343	16193.97
833.528	15913.4
833.714	15993.27
833.899	16390.58
834.084	16816.55
834.269	16132.53
834.454	15905.21
834.639	16486.83
834.824	16622
835.009	15870.39
835.194	16253.36
835.379	16736.68
835.564	16783.79
835.749	15968.69
835.934	15419.84
836.119	15989.17
836.304	16267.7
836.489	15479.23
836.674	15839.67
836.859	16064.95
837.044	16495.02
837.228	15868.34
837.413	15358.4
837.598	16230.83
837.783	16599.47
837.968	15528.38
838.152	15368.64
838.337	15692.22
838.522	16390.58
838.707	16230.83
838.891	15804.86
839.076	15937.98
839.261	16193.97
839.445	15778.23
839.63	15626.68
839.815	16228.79
839.999	15847.86
840.184	15544.77
840.368	15323.58
840.553	16175.54
840.737	15849.91
840.922	15104.45
841.106	15131.08
841.291	15753.66
841.475	15720.89
841.66	14852.55
841.844	15145.41
842.029	16423.34
842.213	15677.88
842.397	15194.56
842.582	14690.76
842.766	15954.36
842.951	16015.8
843.135	15206.85
843.319	14836.17
843.504	15747.51
843.688	15972.79
843.872	14389.71
844.056	14924.23
844.241	15577.53
844.425	15352.26
844.609	14875.08
844.793	14551.5
844.977	15243.71
845.161	15362.5
845.346	14320.08
845.53	14418.38
845.714	15391.17
845.898	15534.53
846.082	14264.78
846.266	14569.93
846.45	15225.28
846.634	15126.98
846.818	14582.22
847.002	14725.58
847.186	15235.52
847.37	14830.02
847.554	14252.5
847.738	14576.08
847.922	15081.92
848.106	15012.29
848.29	14289.36
848.473	14203.35
848.657	15155.65
848.841	14928.33
849.025	14238.16
849.209	14172.63
849.392	14860.74
849.576	14604.75
849.76	13928.92
849.944	14172.63
850.127	15106.5
850.311	14617.04
850.495	14021.08
850.678	13769.18
850.862	14991.81
851.046	15088.07
851.229	14553.55
851.413	13953.49
851.596	15194.56
851.78	14856.65
851.964	14514.64
852.147	14275.02
852.331	15227.33
852.514	14940.61
852.698	14168.53
852.881	13652.44
853.065	14406.09
853.248	14279.12
853.431	14191.06
853.615	14029.27
853.798	15110.6
853.982	14496.21
854.165	13855.19
854.348	13736.41
854.532	14225.87
854.715	14225.87
854.898	13754.84
855.081	13670.87
855.265	14852.55
855.448	14944.71
855.631	13523.42
855.814	13773.27
855.997	14320.08
856.181	14277.07
856.364	13691.35
856.547	13562.33
856.73	14537.16
856.913	14494.16
857.096	13566.43
857.279	13844.95
857.462	14068.18
857.645	14264.78
857.828	13773.27
858.011	13545.95
858.194	13781.46
858.377	13877.72
858.56	13187.55
858.743	13294.05
858.926	13765.08
859.109	13822.42
859.292	13349.34
859.475	13083.11
859.658	13849.05
859.841	13601.24
860.023	12970.47
860.206	12853.73
860.389	13515.23
860.572	13648.35
860.755	13162.98
860.937	13058.53
861.12	13318.62
861.303	13693.4
861.486	12958.18
861.668	12556.78
861.851	13453.79
862.034	13556.19
862.216	13066.72
862.399	12603.88
862.581	13265.38
862.764	13371.87
862.947	12542.44
863.129	12304.88
863.312	12782.06
863.494	13421.02
863.677	13195.75
863.859	12462.57
864.042	13369.82
864.224	13257.18
864.406	13046.24
864.589	12218.86
864.771	12999.14
864.954	12982.76
865.136	12878.31
865.318	12605.93
865.501	13697.5
865.683	12669.42
865.865	12243.44
866.048	12601.83
866.23	13287.9
866.412	13083.11
866.594	12534.25
866.777	12669.42
866.959	12804.58
867.141	12765.67
867.323	12513.77
867.505	12454.38
867.687	12448.24
867.869	12675.56
868.052	12163.57
868.234	12354.03
868.416	12765.67
868.598	12790.25
868.78	12005.88
868.962	11858.42
869.144	12911.08
869.326	12468.72
869.508	11905.52
869.69	11960.82
869.872	12716.52
870.054	13126.11
870.236	11756.02
870.417	11856.37
870.599	12741.1
870.781	13306.34
870.963	12231.15
871.145	12257.78
871.327	12364.27
871.508	12974.56
871.69	12335.6
871.872	12284.4
872.054	12730.86
872.235	12884.45
872.417	12083.7
872.599	11852.28
872.78	13545.95
872.962	12503.53
873.144	12012.02
873.325	11872.76
873.507	12866.02
873.689	12644.84
873.87	11919.86
874.052	12384.75
874.233	12341.74
874.415	13001.19
874.596	11981.3
874.778	11858.42
874.959	12435.95
875.141	12737
875.322	11778.55
875.503	11801.08
875.685	12669.42
875.866	12243.44
876.048	12044.79
876.229	11839.99
876.41	12376.56
876.592	12632.55
876.773	12061.17
876.954	11850.23
877.136	12839.4
877.317	12274.16
877.498	11631.1
877.679	12229.1
877.86	12593.64
878.042	12501.48
878.223	11883
878.404	12808.68
878.585	12495.34
878.766	14352.85
878.947	12560.87
879.128	12315.12
879.309	12524.01
879.49	13011.43
879.672	12335.6
879.853	11839.99
880.034	12702.18
880.215	12757.48
880.396	12290.54
880.576	12243.44
880.757	12524.01
880.938	13099.49
881.119	12218.86
881.3	11954.68
881.481	12646.89
881.662	13732.31
881.843	11663.86
882.023	12028.4
882.204	13081.06
882.385	12876.26
882.566	12212.72
882.747	12304.88
882.927	12859.88
883.108	12962.28
883.289	12077.55
883.469	12675.56
883.65	12749.29
883.831	12941.8
884.011	12593.64
884.192	12456.43
884.373	13095.39
884.553	13087.2
884.734	12540.4
884.914	13009.38
885.095	14176.72
885.275	13390.3
885.456	12956.13
885.636	12392.94
885.817	13175.27
885.997	13480.41
886.178	12540.4
886.358	12659.18
886.538	13201.89
886.719	14893.51
886.899	12722.66
887.08	12585.45
887.26	13347.29
887.44	12749.29
887.621	12376.56
887.801	12630.51
887.981	13724.12
888.161	13685.21
888.342	12397.04
888.522	12548.59
888.702	13265.38
888.882	13365.73
889.062	12693.99
889.242	12249.58
889.423	13351.39
889.603	13146.59
889.783	12831.21
889.963	12749.29
890.143	13203.94
890.323	13779.42
890.503	12677.61
890.683	12845.54
890.863	13152.74
891.043	13498.84
891.223	12904.93
891.403	12941.8
891.583	13036
891.763	13613.53
891.943	13070.82
892.122	13140.45
892.302	13347.29
892.482	13240.8
892.662	13150.69
892.842	12935.65
893.022	13455.84
893.201	13318.62
893.381	13003.24
893.561	12890.6
893.741	13644.25
893.92	13238.75
894.1	12870.12
894.28	12857.83
894.459	13810.14
894.639	13255.14
894.819	12601.83
894.998	13019.62
895.178	13619.67
895.357	13273.57
895.537	12782.06
895.716	12765.67
895.896	13281.76
896.075	13554.14
896.255	12753.38
896.434	12288.5
896.614	13664.73
896.793	13306.34
896.973	12802.54
897.152	12509.68
897.331	13113.83
897.511	13070.82
897.69	12317.17
897.87	12612.07
898.049	13023.72
898.228	12773.86
898.407	12560.87
898.587	12708.33
898.766	12683.75
898.945	12874.21
899.124	12728.81
899.304	12044.79
899.483	12696.04
899.662	13214.18
899.841	12288.5
900.02	12251.63
900.199	12747.24
900.378	12767.72
900.557	11981.3
900.737	11837.94
900.916	12513.77
901.095	12554.73
901.274	12323.31
901.453	11778.55
901.632	12231.15
901.811	12087.79
901.989	11665.91
902.168	11571.71
902.347	12456.43
902.526	12009.97
902.705	11602.43
902.884	11895.29
903.063	12415.47
903.242	12368.37
903.42	11553.27
903.599	11919.86
903.778	12268.02
903.957	12476.91
904.135	11577.85
904.314	11229.7
904.493	11713.02
904.672	11414.01
904.85	11328
905.029	11602.43
905.207	11557.37
905.386	12220.91
905.565	10674.7
905.743	10705.42
905.922	11178.5
906.1	11428.35
906.279	10383.88
906.457	10603.02
906.636	10988.03
906.814	11127.3
906.993	10381.84
907.171	10324.49
907.35	10979.84
907.528	11397.63
907.707	10521.1
907.885	10336.78
908.063	10924.55
908.242	10633.74
908.42	10150.42
908.598	9865.75
908.777	10748.42
908.955	10416.65
909.133	10410.51
909.311	9767.45
909.49	10430.99
909.668	10635.78
909.846	10050.07
910.024	9925.14
910.202	10891.78
910.38	11022.85
910.559	10340.88
910.737	10496.52
910.915	10910.21
911.093	11004.42
911.271	10598.92
911.449	10557.96
911.627	11442.68
911.805	11952.63
911.983	10611.21
912.161	10455.56
912.339	10979.84
912.517	11266.56
912.695	10848.77
912.872	10437.13
913.05	11299.33
913.228	11362.81
913.406	10766.85
913.584	10467.85
913.762	11397.63
913.939	11022.85
914.117	10422.8
914.295	10336.78
914.473	10816.01
914.65	11192.83
914.828	10455.56
915.006	10570.25
915.184	10850.82
915.361	11184.64
915.539	10643.98
915.716	10816.01
915.894	10996.23
916.072	10992.13
916.249	10985.99
916.427	10611.21
916.604	10705.42
916.782	11033.09
916.959	10068.5
917.137	10117.65
917.314	10910.21
917.492	10752.52
917.669	10418.7
917.847	10226.19
918.024	10539.53
918.201	10332.68
918.379	10377.74
918.556	10439.18
918.733	10967.56
918.911	10228.24
919.088	10406.41
919.265	9980.43
919.442	10637.83
919.62	10768.9
919.797	10119.7
919.974	9884.18
920.151	10590.73
920.328	10467.85
920.506	9953.81
920.683	10576.39
920.86	10439.18
921.037	10484.23
921.214	10015.25
921.391	9843.22
921.568	10672.65
921.745	10189.33
921.922	9890.32
922.099	9746.97
922.276	10412.56
922.453	10316.3
922.63	9796.12
922.807	10129.94
922.984	10437.13
923.161	9808.4
923.338	9880.08
923.514	9687.57
923.691	10250.77
923.868	10422.8
924.045	9667.1
924.222	9550.36
924.399	9888.28
924.575	10162.7
924.752	9789.97
924.929	10074.64
925.105	9933.33
925.282	9619.99
925.459	9660.95
925.635	9540.12
925.812	10289.68
925.989	9673.24
926.165	9619.99
926.342	9134.62
926.518	9706.01
926.695	9773.59
926.871	9292.32
927.048	9208.35
927.224	9941.52
927.401	9298.46
927.577	9370.14
927.754	8841.76
927.93	9789.97
928.107	9849.36
928.283	9017.89
928.459	9239.07
928.636	9769.49
928.812	9632.28
928.988	8702.5
929.165	8497.7
929.341	9159.2
929.517	9292.32
929.693	9407
929.87	8403.5
930.046	9525.79
930.222	9144.86
930.398	8448.55
930.574	8782.37
930.751	9001.51
930.927	8782.37
931.103	8624.68
931.279	8507.94
931.455	8876.58
931.631	8999.46
931.807	8233.52
931.983	8043.06
932.159	8301.1
932.335	8692.26
932.511	8106.54
932.687	8153.65
932.863	8526.38
933.039	8737.32
933.215	7701.05
933.391	7639.61
933.566	8178.22
933.742	8458.79
933.918	7731.76
934.094	7555.64
934.27	7928.37
934.445	7979.57
934.621	7742
934.797	7389.75
934.973	7973.42
935.148	7619.13
935.324	7135.81
935.5	6894.15
935.675	7885.36
935.851	7580.22
936.027	7158.33
936.202	7045.7
936.378	7629.37
936.553	7174.72
936.729	7428.67
936.904	6500.94
937.08	6607.43
937.255	6603.33
937.431	6349.39
937.606	6042.19
937.782	6494.79
937.957	6650.44
938.133	6034
938.308	5728.85
938.483	6148.68
938.659	5956.18
938.834	5757.52
939.009	5360.22
939.185	5761.62
939.36	5700.18
939.535	4803.17
939.71	5435.99
939.886	5966.42
940.061	5499.48
940.236	5663.32
940.411	5132.89
940.586	5460.57
940.761	5536.34
940.937	5077.6
941.112	4645.48
941.287	5126.75
941.462	5175.9
941.637	4622.95
941.812	4887.14
941.987	5003.87
942.162	4952.67
942.337	4704.87
942.512	4553.32
942.687	5462.62
942.862	5233.24
943.037	4409.96
943.212	4221.55
943.386	4801.12
943.561	4817.51
943.736	4688.48
943.911	5104.22
944.086	5184.09
944.26	4782.69
944.435	4481.64
944.61	4749.92
944.785	4813.41
944.959	5577.3
945.134	4401.77
945.309	4412.01
945.483	4524.65
945.658	5012.06
945.833	4233.83
946.007	4239.98
946.182	5245.53
946.357	4854.37
946.531	4332.14
946.706	4416.1
946.88	4545.13
947.055	4950.62
947.229	4215.4
947.404	4373.1
947.578	4885.09
947.752	4872.8
947.927	4295.27
948.101	4334.18
948.276	5411.42
948.45	4973.15
948.624	5018.21
948.799	4557.41
948.973	4956.77
949.147	4633.19
949.321	4655.72
949.496	4682.34
949.67	5331.55
949.844	4893.28
950.018	4770.4
950.193	4674.15
950.367	5585.49
950.541	5110.36
950.715	4788.83
950.889	4995.68
951.063	5091.93
951.237	5227.1
951.411	4647.52
951.585	4639.33
951.759	5257.82
951.933	5321.31
952.107	4719.2
952.281	5212.76
952.455	5622.36
952.629	5366.36
952.803	5028.45
952.977	4811.36
953.151	5511.77
953.325	5339.74
953.499	5112.41
953.672	4770.4
953.846	5329.5
954.02	5339.74
954.194	5034.59
954.368	4917.86
954.541	5569.11
954.715	5390.94
954.889	5104.22
955.062	4889.18
955.236	5339.74
955.41	5489.24
955.583	5335.64
955.757	4983.39
955.93	5444.18
956.104	5231.19
956.278	4915.81
956.451	4979.29
956.625	5474.9
956.798	6025.81
956.972	5446.23
957.145	4954.72
957.319	5866.07
957.492	5204.57
957.665	5210.72
957.839	4872.8
958.012	5435.99
958.185	5261.91
958.359	5014.11
958.532	5431.9
958.705	5458.52
958.879	5358.17
959.052	5116.51
959.225	4778.59
959.398	5669.46
959.572	5532.25
959.745	5030.49
959.918	5263.96
960.091	5657.17
960.264	5556.82
960.438	4917.86
960.611	4952.67
960.784	5884.5
960.957	5505.62
961.13	5585.49
961.303	5098.08
961.476	5493.33
961.649	6048.33
961.822	5223
961.995	5261.91
962.168	5605.97
962.341	5735
962.514	5214.81
962.686	5130.84
962.859	5573.21
963.032	5673.56
963.205	5151.32
963.378	4885.09
963.551	5487.19
963.723	5194.33
963.896	5306.97
964.069	5421.66
964.242	5562.97
964.414	6027.85
964.587	5200.48
964.76	5229.15
964.932	5589.59
965.105	5620.31
965.278	5003.87
965.45	4954.72
965.623	5554.77
965.795	5556.82
965.968	5075.55
966.14	4979.29
966.313	5401.18
966.485	5284.44
966.658	4774.5
966.83	5057.12
967.003	5577.3
967.175	5585.49
967.348	4928.1
967.52	5134.94
967.692	5763.67
967.865	5704.28
968.037	5163.61
968.209	5235.29
968.382	5550.68
968.554	5657.17
968.726	5069.41
968.898	4940.38
969.071	5655.12
969.243	5370.46
969.415	4885.09
969.587	5061.21
969.759	5892.69
969.932	5388.89
970.104	4950.62
970.276	4381.29
970.448	5216.86
970.62	5194.33
970.792	4924
970.964	4969.05
971.136	5728.85
971.308	5368.41
971.48	4770.4
971.652	4827.74
971.824	5562.97
971.996	5192.28
972.168	4803.17
972.339	4995.68
972.511	5200.48
972.683	5204.57
972.855	4897.38
973.027	4663.91
973.199	5253.72
973.37	5151.32
973.542	4903.52
973.714	4989.53
973.886	4633.19
974.057	5079.65
974.229	4559.46
974.401	4733.54
974.572	4817.51
974.744	4475.49
974.915	4412.01
975.087	4452.97
975.259	5294.68
975.43	4799.07
975.602	4403.82
975.773	4473.45
975.945	4837.98
976.116	4864.61
976.288	4362.86
976.459	4733.54
976.63	4647.52
976.802	5053.02
976.973	4323.94
977.145	4721.25
977.316	5567.06
977.487	5878.35
977.659	4680.29
977.83	4643.43
978.001	5159.52
978.172	4979.29
978.344	4190.83
978.515	4532.84
978.686	4713.06
978.857	5212.76
979.028	4317.8
979.2	4207.21
979.371	5024.35
979.542	4528.74
979.713	4524.65
979.884	3875.44
980.055	4653.67
980.226	4782.69
980.397	4307.56
980.568	4061.8
980.739	4715.11
980.91	4389.48
981.081	4434.53
981.252	4158.06
981.423	4530.79
981.594	4559.46
981.765	4229.74
981.936	4366.95
982.106	4434.53
982.277	4891.23
982.448	3930.73
982.619	4586.08
982.79	4252.27
982.96	4557.41
983.131	4381.29
983.302	3914.35
983.472	4555.37
983.643	4567.65
983.814	4278.89
983.984	3922.54
984.155	4311.66
984.326	4508.26
984.496	4239.98
984.667	3854.96
984.837	4102.76
985.008	4819.55
985.178	4278.89
985.349	3805.81
985.519	4280.94
985.69	4065.9
985.86	3959.41
986.031	3857.01
986.201	4428.39
986.371	4307.56
986.542	3623.54
986.712	3635.83
986.882	4070
987.053	4139.63
987.223	3582.58
987.393	4158.06
987.563	3996.27
987.734	4409.96
987.904	4364.9
988.074	3590.77
988.244	3871.34
988.414	4035.18
988.585	3707.51
988.755	3820.14
988.925	3994.22
989.095	4366.95
989.265	3369.59
989.435	3691.12
989.605	4188.78
989.775	4168.3
989.945	4108.91
990.115	3310.2
990.285	3986.03
990.455	3910.25
990.625	3656.31
990.795	3345.02
990.965	4303.46
991.134	3721.84
991.304	3451.51
991.474	3357.3
991.644	3885.68
991.814	4135.53
991.984	2914.94
992.153	3379.83
992.323	3611.25
992.493	3814
992.662	3218.04
992.832	3625.59
993.002	3689.07
993.171	4029.04
993.341	2857.6
993.511	3035.77
993.68	3672.69
993.85	3748.47
994.019	3191.42
994.189	3003
994.358	3529.33
994.528	3494.52
994.697	2843.26
994.867	3191.42
995.036	3834.48
995.206	3476.09
995.375	3070.59
995.544	3285.62
995.714	3904.11
995.883	3578.48
996.052	3420.79
996.222	2747.01
996.391	3918.45
996.56	3641.97
996.73	3091.07
996.899	2865.79
997.068	3908.21
997.237	3605.11
997.406	2773.63
997.576	2724.48
997.745	3857.01
997.914	3375.74
998.083	2677.38
998.252	2867.84
998.421	3398.26
998.59	3199.61
998.759	2720.39
998.928	2734.72
999.097	3590.77
999.266	3418.74
999.435	3222.14
999.604	2525.83
999.773	3525.24
999.942	3172.99
1000.111	2470.53
1000.28	2488.96
1000.448	3144.31
1000.617	3060.35
1000.786	2962.05
1000.955	2427.53
1001.124	3392.12
1001.292	3852.91
1001.461	2706.05
1001.63	2409.09
1001.798	3345.02
1001.967	3242.62
1002.136	2480.77
1002.304	2396.81
1002.473	3359.35
1002.642	3052.16
1002.81	2716.29
1002.979	2427.53
1003.147	3252.86
1003.316	3404.41
1003.484	2519.68
1003.653	2378.37
1003.821	3039.87
1003.99	2747.01
1004.158	2826.88
1004.327	2560.64
1004.495	3080.83
1004.663	2884.22
1004.832	2693.76
1005	2089.61
1005.168	2968.19
1005.337	2863.74
1005.505	2083.47
1005.673	2577.03
1005.842	3013.24
1006.01	2792.06
1006.178	2097.8
1006.346	2361.99
1006.514	2644.61
1006.683	3259
1006.851	2124.43
1007.019	2607.75
1007.187	2685.57
1007.355	2247.3
1007.523	1829.52
1007.691	2015.88
1007.859	2527.88
1008.027	3347.06
1008.195	1997.45
1008.363	1974.92
1008.531	2648.71
1008.699	2667.14
1008.867	1919.63
1009.035	2032.27
1009.203	3029.63
1009.37	2579.08
1009.538	1956.49
1009.706	2919.04
1009.874	2482.82
1010.042	2554.5
1010.209	1796.75
1010.377	1727.12
1010.545	2572.93
1010.713	2527.88
1010.88	1847.95
1011.048	1905.29
1011.216	2466.44
1011.383	2747.01
1011.551	1940.11
1011.718	1731.22
1011.886	2427.53
1012.054	2556.55
1012.221	1698.45
1012.389	1755.79
1012.556	2341.51
1012.724	2794.11
1012.891	2040.46
1013.058	1464.98
1013.226	2460.29
1013.393	2450.05
1013.561	1637.01
1013.728	1456.79
1013.895	2628.23
1014.063	2333.32
1014.23	1497.75
1014.397	1659.54
1014.565	2361.99
1014.732	2177.67
1014.899	1569.43
1015.066	1501.84
1015.233	2515.59
1015.401	2491.01
1015.568	1723.02
1015.735	1874.57
1015.902	2429.57
1016.069	2577.03
1016.236	1626.77
1016.403	1346.2
1016.57	1786.51
1016.737	2806.4
1016.904	1665.68
1017.071	1360.53
1017.238	1888.91
1017.405	1993.36
1017.572	1518.23
1017.739	1995.4
1017.906	2554.5
1018.073	2431.62
1018.24	1264.28
1018.407	1559.19
1018.573	2077.32
1018.74	1958.54
1018.907	1471.12
1019.074	1116.83
1019.241	2149
1019.407	1903.25
1019.574	1260.18
1019.741	1278.62
1019.907	2323.08
1020.074	2376.33
1020.241	920.22
1020.407	1141.4
1020.574	1723.02
1020.74	1923.73
1020.907	1290.9
1021.073	1231.51
1021.24	2599.55
1021.406	2099.85
1021.573	1182.36
1021.739	1153.69
1021.906	2192.01
1022.072	1878.67
1022.239	1260.18
1022.405	1256.09
1022.571	2005.64
1022.738	1694.35
1022.904	1190.55
1023.07	1366.68
1023.237	1794.7
1023.403	2042.51
1023.569	1170.07
1023.735	1215.13
1023.902	1913.49
1024.068	1897.1
1024.234	889.5
1024.4	1141.4
1024.566	1573.52
1024.732	1749.65
1024.898	1149.59
1025.065	834.21
1025.231	1612.43
1025.397	1430.16
1025.563	1055.39
1025.729	936.6
1025.895	1266.33
1026.061	1561.23
1026.227	744.1
1026.392	1149.59
1026.558	1735.31
1026.724	1815.18
1026.89	1071.77
1027.056	1061.53
1027.222	1471.12
1027.388	1495.7
1027.553	1047.19
1027.719	871.07
1027.885	2048.65
1028.051	1561.23
1028.216	707.23
1028.382	1000.09
1028.548	1561.23
1028.713	1469.08
1028.879	744.1
1029.045	1235.61
1029.21	1954.44
1029.376	1698.45
1029.541	952.99
1029.707	967.32
1029.873	1598.1
1030.038	1723.02
1030.204	881.31
1030.369	854.69
1030.534	1634.96
1030.7	1358.49
1030.865	952.99
1031.031	699.04
1031.196	1548.95
1031.361	1428.12
1031.527	828.06
1031.692	854.69
1031.857	1206.94
1032.023	1594
1032.188	787.1
1032.353	758.43
1032.518	1606.29
1032.684	1426.07
1032.849	557.73
1033.014	957.08
1033.179	1434.26
1033.344	1565.33
1033.509	983.71
1033.674	830.11
1033.839	1475.22
1034.004	1561.23
1034.17	713.38
1034.335	608.93
1034.5	1364.63
1034.664	1280.66
1034.829	725.66
1034.994	948.89
1035.159	1194.65
1035.324	1391.25
1035.489	727.71
1035.654	707.23
1035.819	1952.4
1035.984	1297.05
1036.148	817.82
1036.313	774.81
1036.478	1491.6
1036.643	1108.63
1036.807	670.37
1036.972	623.27
1037.137	1809.04
1037.301	1241.75
1037.466	453.28
1037.631	789.15
1037.795	1325.72
1037.96	1077.91
1038.124	889.5
1038.289	576.16
1038.454	1110.68
1038.618	1421.97
1038.783	780.96
1038.947	676.51
1039.111	1004.19
1039.276	1127.07
1039.44	520.87
1039.605	1366.68
1039.769	1122.97
1039.933	1129.11
1040.098	711.33
1040.262	838.3
1040.426	1352.34
1040.591	1194.65
1040.755	514.72
1040.919	672.42
1041.083	1387.16
1041.248	1010.33
1041.412	285.35
1041.576	354.98
1041.74	1039
1041.904	1180.31
1042.068	461.48
1042.232	592.55
1042.397	1483.41
1042.561	1012.38
1042.725	240.29
1042.889	496.29
1043.053	1260.18
1043.217	1026.71
1043.381	565.92
1043.544	328.36
1043.708	1280.66
1043.872	973.47
1044.036	178.86
1044.2	232.1
1044.364	1362.58
1044.528	1211.03
1044.691	6187.6
1044.855	408.23
1045.019	1114.78
1045.183	1153.69
1045.346	537.25
1045.51	291.49
1045.674	1272.47
1045.837	1016.48
1046.001	354.98
1046.165	436.9
1046.328	1651.35
1046.492	854.69
1046.655	727.71
1046.819	438.95
1046.983	985.76
1047.146	948.89
1047.31	547.49
1047.473	250.53
1047.636	932.51
1047.8	803.49
1047.963	488.1
1048.127	311.97
1048.29	780.96
