345.52	-1396.03
345.736	-1396.03
345.952	-1396.03
346.168	-1353.02
346.384	-1365.31
346.6	-191.83
346.816	-245.07
347.032	-126.29
347.248	455.33
347.464	-374.1
347.68	-320.85
347.896	-52.56
348.112	383.65
348.328	-93.52
348.544	101.03
348.76	191.14
348.975	273.06
349.191	-367.95
349.407	-396.62
349.623	219.82
349.839	162.47
350.055	-259.41
350.27	-1.37
350.486	146.09
350.702	207.53
350.918	459.43
351.133	-267.6
351.349	125.61
351.565	494.24
351.781	-365.9
351.996	64.17
352.212	191.14
352.428	131.75
352.644	-335.18
352.859	-298.32
353.075	307.88
353.291	170.66
353.506	-255.31
353.722	-460.11
353.938	-17.75
354.153	508.58
354.369	254.63
354.584	-273.75
354.8	307.88
355.016	-99.67
355.231	-433.49
355.447	-25.94
355.662	445.09
355.878	852.64
356.093	-523.6
356.309	10.92
356.524	6.83
356.74	504.48
356.955	-441.68
357.171	-73.04
357.386	266.92
357.602	-62.8
357.817	-54.61
358.033	-200.02
358.248	467.62
358.464	357.03
358.679	-210.26
358.895	-415.05
359.11	70.31
359.325	211.62
359.541	441
359.756	37.55
359.972	-89.43
360.187	529.06
360.402	-271.7
360.618	-144.72
360.833	1718.93
361.048	152.23
361.264	-173.39
361.479	37.55
361.694	264.87
361.909	262.82
362.125	-355.66
362.34	-175.44
362.555	373.41
362.77	234.15
362.986	-415.05
363.201	-249.17
363.416	344.74
363.631	80.55
363.847	-292.18
364.062	-234.83
364.277	182.95
364.492	4.78
364.707	-142.68
364.922	-453.97
365.138	357.03
365.353	510.63
365.568	-466.25
365.783	-253.27
365.998	428.71
366.213	619.17
366.428	-257.36
366.643	193.19
366.858	387.75
367.073	326.31
367.288	-187.73
367.503	-243.03
367.718	141.99
367.933	588.45
368.148	-243.03
368.363	-58.71
368.578	268.97
368.793	602.79
369.008	-150.87
369.223	-396.62
369.438	377.51
369.653	385.7
369.868	-431.44
370.083	-386.38
370.298	217.77
370.513	567.97
370.728	215.72
370.943	-210.26
371.157	-13.65
371.372	717.47
371.587	-324.94
371.802	-308.56
372.017	219.82
372.232	592.55
372.446	-34.13
372.661	-251.22
372.876	254.63
373.091	412.32
373.306	-97.62
373.52	-308.56
373.735	101.03
373.95	764.58
374.165	-130.39
374.379	-111.96
374.594	8.87
374.809	563.87
375.023	107.18
375.238	-322.9
375.453	410.28
375.667	19.11
375.882	-105.81
376.097	-273.75
376.311	98.99
376.526	408.23
376.741	-279.89
376.955	412.32
377.17	635.55
377.384	1065.63
377.599	152.23
377.813	-326.99
378.028	877.21
378.242	375.46
378.457	-118.1
378.672	-288.08
378.886	137.9
379.101	248.49
379.315	-322.9
379.53	-187.73
379.744	471.72
379.958	395.94
380.173	-206.16
380.387	-218.45
380.602	395.94
380.816	129.7
381.031	-40.28
381.245	-126.29
381.459	371.37
381.674	1102.49
381.888	-415.05
382.103	338.6
382.317	207.53
382.531	520.87
382.746	-3.41
382.96	-163.15
383.174	273.06
383.388	805.53
383.603	217.77
383.817	-324.94
384.031	219.82
384.246	647.84
384.46	107.18
384.674	920.22
384.888	117.42
385.103	535.2
385.317	-363.86
385.531	199.34
385.745	901.79
385.959	590.5
386.174	-210.26
386.388	-150.87
386.602	289.45
386.816	221.86
387.03	76.46
387.244	23.21
387.458	459.43
387.672	516.77
387.887	-326.99
388.101	-128.34
388.315	473.76
388.529	332.45
388.743	-111.96
388.957	-101.72
389.171	758.43
389.385	123.56
389.599	-124.24
389.813	123.56
390.027	371.37
390.241	914.08
390.455	17.07
390.669	131.75
390.883	219.82
391.097	846.49
391.311	322.21
391.525	-30.04
391.738	766.62
391.952	651.94
392.166	180.9
392.38	-171.35
392.594	686.75
392.808	598.69
393.022	43.69
393.236	23.21
393.449	336.55
393.663	742.05
393.877	-105.81
394.091	98.99
394.305	371.37
394.518	318.12
394.732	-62.8
394.946	33.45
395.16	969.37
395.373	371.37
395.587	-75.09
395.801	-1.37
396.015	567.97
396.228	627.36
396.442	-150.87
396.656	-273.75
396.869	694.94
397.083	1018.52
397.297	105.13
397.51	15.02
397.724	637.6
397.938	557.73
398.151	-183.63
398.365	-77.14
398.578	674.46
398.792	813.73
399.005	346.79
399.219	103.08
399.433	469.67
399.646	662.18
399.86	420.52
400.073	494.24
400.287	543.39
400.5	647.84
400.714	445.09
400.927	221.86
401.141	733.86
401.354	2173.58
401.567	787.1
401.781	-50.52
401.994	625.31
402.208	1045.15
402.421	201.38
402.635	133.8
402.848	342.69
403.061	725.66
403.275	219.82
403.488	27.31
403.701	821.92
403.915	881.31
404.128	389.8
404.341	164.52
404.555	1110.68
404.768	426.66
404.981	512.67
405.195	240.3
405.408	795.29
405.621	740
405.834	494.24
406.048	135.85
406.261	936.6
406.474	838.3
406.687	133.8
406.9	320.17
407.114	694.94
407.327	924.32
407.54	70.31
407.753	21.16
407.966	451.24
408.179	705.18
408.392	113.32
408.605	-44.37
408.819	750.24
409.032	873.12
409.245	260.77
409.458	559.78
409.671	707.23
409.884	928.41
410.097	139.94
410.31	502.44
410.523	1190.55
410.736	617.12
410.949	430.76
411.162	307.88
411.375	907.93
411.588	711.33
411.801	578.21
412.014	264.87
412.227	598.69
412.44	750.24
412.653	391.84
412.865	684.7
413.078	1028.76
413.291	971.42
413.504	459.43
413.717	189.1
413.93	1053.34
414.143	529.06
414.356	602.79
414.568	141.99
414.781	932.51
414.994	944.8
415.207	490.15
415.42	606.88
415.632	852.64
415.845	1389.21
416.058	209.58
416.271	240.3
416.483	993.95
416.696	1147.55
416.909	359.08
417.121	318.12
417.334	723.62
417.547	1034.91
417.759	314.02
417.972	414.37
418.185	723.62
418.397	893.6
418.61	508.58
418.823	354.98
419.035	1258.14
419.248	916.12
419.46	522.91
419.673	576.16
419.885	866.97
420.098	961.18
420.311	436.9
420.523	209.58
420.736	1168.02
420.948	928.41
421.161	539.3
421.373	314.02
421.586	774.81
421.798	707.23
422.01	281.25
422.223	858.78
422.435	705.18
422.648	1245.85
422.86	494.24
423.073	543.39
423.285	1002.14
423.497	830.11
423.71	467.62
423.922	619.17
424.134	1313.43
424.347	1421.97
424.559	905.88
424.771	1077.91
424.984	1114.78
425.196	1041.05
425.408	389.8
425.621	504.48
425.833	1229.46
426.045	1464.98
426.257	428.71
426.47	727.71
426.682	869.02
426.894	1082.01
427.106	590.5
427.318	715.42
427.531	1043.1
427.743	1251.99
427.955	928.41
428.167	1473.17
428.379	993.95
428.591	1053.34
428.804	830.11
429.016	633.51
429.228	1235.61
429.44	1417.88
429.652	14559.69
429.864	596.64
430.076	1180.31
430.288	1301.14
430.5	1010.33
430.712	1002.14
430.924	1307.29
431.136	1403.54
431.348	631.46
431.56	819.87
431.772	1071.77
431.984	1071.77
432.196	752.29
432.408	940.7
432.62	1159.83
432.832	1430.16
433.044	1258.14
433.256	1163.93
433.468	1489.56
433.679	1010.33
433.891	762.53
434.103	1307.29
434.315	1870.48
434.527	1542.8
434.739	1233.56
434.95	1034.91
435.162	1428.12
435.374	1049.24
435.586	1137.31
435.798	903.84
436.009	1280.66
436.221	1295
436.433	1018.52
436.645	996
436.856	1426.07
437.068	1878.67
437.28	991.9
437.491	1501.84
437.703	1634.96
437.915	1708.69
438.126	1178.26
438.338	1546.9
438.55	1376.92
438.761	1460.88
438.973	1190.55
439.184	1227.42
439.396	1440.4
439.608	1624.72
439.819	993.95
440.031	1389.21
440.242	1819.28
440.454	1723.02
440.665	1407.64
440.877	1540.76
441.088	2017.93
441.3	1747.6
441.511	1059.48
441.723	1120.92
441.934	2007.69
442.146	1886.86
442.357	1491.6
442.569	1768.08
442.78	1845.9
442.991	2372.23
443.203	1839.76
443.414	1305.24
443.626	2202.25
443.837	1723.02
444.048	1254.04
444.26	1094.3
444.471	1905.29
444.682	1921.68
444.894	1202.84
445.105	1362.58
445.316	2271.88
445.528	2091.66
445.739	1567.38
445.95	1583.76
446.161	1753.74
446.373	1972.88
446.584	1510.04
446.795	1421.97
447.006	2222.73
447.217	2187.91
447.429	1446.55
447.64	1280.66
447.851	2716.29
448.062	2118.28
448.273	1319.57
448.484	1493.65
448.695	2028.17
448.907	2103.95
449.118	1675.92
449.329	1995.4
449.54	1903.25
449.751	1911.44
449.962	1557.14
450.173	1497.75
450.384	2134.67
450.595	2605.7
450.806	1602.19
451.017	1610.39
451.228	2495.11
451.439	2278.02
451.65	1753.74
451.861	1362.58
452.072	2114.19
452.283	2124.43
452.494	2042.51
452.705	1622.67
452.915	2714.24
453.126	2337.42
453.337	1993.36
453.548	1743.5
453.759	2699.91
453.97	2685.57
454.181	2501.25
454.391	1919.63
454.602	2243.21
454.813	2792.06
455.024	1938.06
455.235	1763.98
455.445	2710.15
455.656	2468.49
455.867	2294.41
456.078	2052.75
456.288	2278.02
456.499	2749.06
456.71	1921.68
456.921	2280.07
457.131	2529.92
457.342	2460.29
457.553	2108.04
457.763	2124.43
457.974	2503.3
458.184	2648.71
458.395	2005.64
458.606	1976.97
458.816	2871.93
459.027	2980.48
459.237	2464.39
459.448	2263.69
459.659	2828.93
459.869	3740.27
460.08	2237.06
460.29	2607.75
460.501	3043.96
460.711	3078.78
460.922	2210.44
461.132	2296.46
461.343	3732.08
461.553	2693.76
461.764	2464.39
461.974	2581.12
462.184	3134.07
462.395	3281.53
462.605	2687.62
462.816	2445.96
463.026	3254.91
463.236	3254.91
463.447	2599.55
463.657	2636.42
463.867	3418.74
464.078	3203.71
464.288	2755.2
464.498	2794.11
464.709	3408.5
464.919	3326.58
465.129	3076.73
465.339	2812.54
465.55	3494.52
465.76	3603.06
465.97	3060.35
466.18	2914.94
466.391	3861.1
466.601	3603.06
466.811	3185.27
467.021	2865.79
467.231	3963.5
467.441	3869.3
467.651	3256.95
467.862	2757.25
468.072	3824.24
468.282	3832.43
468.492	3230.33
468.702	3648.12
468.912	4029.04
469.122	4788.83
469.332	3852.91
469.542	3437.17
469.752	4498.02
469.962	4131.44
470.172	3519.09
470.382	3818.1
470.592	4485.73
470.802	4369
471.012	4018.8
471.222	3875.44
471.432	4385.38
471.642	4657.76
471.852	4061.8
472.062	3857.01
472.272	4668
472.482	4557.41
472.691	4102.76
472.901	4016.75
473.111	4506.21
473.321	5384.79
473.531	4205.16
473.741	4534.89
473.95	5421.66
474.16	5128.8
474.37	4868.7
474.58	4362.86
474.79	5593.69
474.999	5390.94
475.209	4708.96
475.419	4997.73
475.628	5489.24
475.838	5972.56
476.048	5077.6
476.258	4809.31
476.467	5935.7
476.677	5550.68
476.886	5589.59
477.096	5341.79
477.306	5890.64
477.515	6203.98
477.725	5624.4
477.935	5638.74
478.144	6642.25
478.354	5947.98
478.563	5812.82
478.773	5642.84
478.982	6593.09
479.192	6601.29
479.401	6146.64
479.611	5966.42
479.82	6287.95
480.03	6632.01
480.239	5970.51
480.449	5952.08
480.658	7230.01
480.868	6883.91
481.077	6441.54
481.287	6365.77
481.496	7146.05
481.705	7393.85
481.915	7215.68
482.124	7090.75
482.333	7346.75
482.543	7805.49
482.752	7074.37
482.961	6965.82
483.171	7731.76
483.38	7551.54
483.589	7266.88
483.799	7135.81
484.008	7688.76
484.217	7627.32
484.426	7563.83
484.636	7199.29
484.845	8092.21
485.054	7703.09
485.263	8249.9
485.472	7729.72
485.682	8436.27
485.891	8170.03
486.1	7645.75
486.309	8063.54
486.518	8665.64
486.727	9427.48
486.936	7883.31
487.146	8190.51
487.355	9112.1
487.564	8624.68
487.773	8546.86
487.982	8460.84
488.191	8825.38
488.4	9216.54
488.609	8294.96
488.818	8479.27
489.027	9456.15
489.236	9667.1
489.445	8870.44
489.654	8630.82
489.863	9722.39
490.072	9427.48
490.281	9691.67
490.49	9169.44
490.698	9933.33
490.907	10357.26
491.116	9355.8
491.325	9269.79
491.534	10013.2
491.743	9689.62
491.952	9769.49
492.16	9712.15
492.369	10451.47
492.578	10619.4
492.787	9826.84
492.996	9683.48
493.204	10238.48
493.413	10848.77
493.622	9945.62
493.831	9579.03
494.039	11004.42
494.248	10519.05
494.457	9898.52
494.665	9968.15
494.874	10854.92
495.083	11598.33
495.291	10279.44
495.5	10209.81
495.709	11203.07
495.917	11063.81
496.126	10961.41
496.335	10590.73
496.543	11295.23
496.752	11241.98
496.96	11160.06
497.169	10807.81
497.377	11315.71
497.586	11842.04
497.794	11196.93
498.003	10818.05
498.211	11643.38
498.42	11862.52
498.628	11217.41
498.837	11348.48
499.045	11823.61
499.254	11846.13
499.462	11522.55
499.671	11264.51
499.879	12923.37
500.087	12280.3
500.296	11588.09
500.504	11803.13
500.713	12147.19
500.921	12626.41
501.129	11799.03
501.338	11678.2
501.546	12546.54
501.754	12511.72
501.962	11682.3
502.171	11731.45
502.379	12673.51
502.587	12732.9
502.795	12075.51
503.004	11903.48
503.212	13017.57
503.42	12990.95
503.628	12562.92
503.837	12464.62
504.045	13040.1
504.253	13412.83
504.461	12483.05
504.669	12175.86
504.877	13881.81
505.085	13439.45
505.294	12438
505.502	13021.67
505.71	13580.76
505.918	13339.1
506.126	12757.48
506.334	12536.3
506.542	13455.84
506.75	13478.36
506.958	13390.3
507.166	13064.68
507.374	13527.52
507.582	14045.65
507.79	13410.78
507.998	13289.95
508.206	14152.15
508.414	13949.4
508.622	13242.85
508.83	13203.94
509.037	13883.86
509.245	13449.69
509.453	13345.25
509.661	13230.56
509.869	14285.26
510.077	13988.31
510.285	13885.91
510.492	13093.35
510.7	14832.07
510.908	14262.74
511.116	13687.26
511.324	13599.2
511.531	14160.34
511.739	14729.67
511.947	14103
512.155	14475.73
512.362	14731.72
512.57	14111.19
512.778	13957.59
512.985	13672.92
513.193	14653.9
513.401	15049.16
513.608	14225.87
513.816	14123.48
514.024	14713.29
514.231	14850.5
514.439	14328.27
514.646	14260.69
514.854	15411.65
515.061	14989.77
515.269	14496.21
515.477	14522.83
515.684	15243.71
515.892	15569.34
516.099	14236.11
516.307	14453.2
516.514	15774.14
516.722	15759.8
516.929	14655.95
517.136	14502.35
517.344	15516.09
517.551	15468.99
517.759	14813.64
517.966	15047.11
518.173	15536.57
518.381	15651.26
518.588	15237.57
518.796	15092.16
519.003	15749.56
519.21	16294.32
519.418	15339.97
519.625	15786.43
519.832	15743.42
520.039	16214.45
520.247	15051.2
520.454	15466.94
520.661	16312.75
520.868	16071.09
521.076	15569.34
521.283	15659.45
521.49	16771.5
521.697	16318.9
521.904	15806.91
522.112	15491.52
522.319	16724.4
522.526	16423.34
522.733	15940.02
522.94	16040.37
523.147	16507.31
523.354	16744.88
523.561	15997.37
523.768	16198.07
523.975	16751.02
524.183	16789.93
524.39	16626.09
524.597	16165.3
524.804	16658.86
525.011	16609.71
525.218	16310.71
525.425	16368.05
525.632	17428.9
525.838	16871.85
526.045	16593.33
526.252	16847.27
526.459	18936.2
526.666	19046.79
526.873	16597.42
527.08	16726.44
527.287	17547.68
527.494	17418.66
527.701	16755.12
527.907	16658.86
528.114	17572.25
528.321	17615.26
528.528	16736.68
528.735	17101.22
528.941	17469.86
529.148	17490.34
529.355	17263.01
529.562	17037.73
529.768	18434.45
529.975	17775
530.182	17244.58
530.388	17023.4
530.595	18039.19
530.802	17883.55
531.008	17863.07
531.215	17602.97
531.422	19134.85
531.628	18995.59
531.835	17672.6
532.042	17910.17
532.248	18422.16
532.455	18606.48
532.661	17910.17
532.868	17781.15
533.074	18471.31
533.281	19034.5
533.487	18051.48
533.694	18045.34
533.9	19028.36
534.107	18829.71
534.313	18311.57
534.52	17932.7
534.726	18762.12
534.933	19566.98
535.139	18565.52
535.345	18381.2
535.552	19421.57
535.758	19313.03
535.965	18626.96
536.171	18729.36
536.377	19192.2
536.584	20134.26
536.79	18477.46
536.996	19124.61
537.203	19638.65
537.409	20019.58
537.615	19204.49
537.821	19331.46
538.028	20373.88
538.234	19636.61
538.44	18973.07
538.646	19327.36
538.853	19612.03
539.059	19315.08
539.265	19855.74
539.471	19331.46
539.677	19915.13
539.883	20099.45
540.09	21078.38
540.296	19923.32
540.502	20261.24
540.708	19831.16
540.914	20240.76
541.12	19669.37
541.326	20676.98
541.532	20681.07
541.738	20052.34
541.944	19712.38
542.15	20416.88
542.356	20457.84
542.562	19822.97
542.768	20142.46
542.974	20994.41
543.18	20820.33
543.386	20175.22
543.592	20064.63
543.798	21649.76
544.004	21240.17
544.21	20377.97
544.415	20609.39
544.621	21287.27
544.827	21852.51
545.033	20425.08
545.239	21010.79
545.445	21160.3
545.651	21289.32
545.856	20785.52
546.062	20838.76
546.268	21432.68
546.474	21459.3
546.679	20824.43
546.885	21035.37
547.091	21588.32
547.297	21836.13
547.502	20965.74
547.708	20883.82
547.914	21490.02
548.119	21889.37
548.325	21049.71
548.531	20478.32
548.736	22321.49
548.942	21330.28
549.147	20973.93
549.353	21682.53
549.559	22372.69
549.764	21997.92
549.97	20883.82
550.175	21498.21
550.381	22237.53
550.586	21928.28
550.792	21746.01
550.997	21240.17
551.203	22585.68
551.408	22421.84
551.614	21537.12
551.819	21803.36
552.025	22985.04
552.23	22430.04
552.435	22094.17
552.641	22378.84
552.846	22419.8
553.052	23333.19
553.257	22405.46
553.462	22344.02
553.668	22507.86
553.873	22939.98
554.078	21981.53
554.283	22151.51
554.489	22929.74
554.694	22575.44
554.899	22204.76
555.105	22554.96
555.31	22765.9
555.515	23183.69
555.72	22475.09
555.925	23431.49
556.131	23505.22
556.336	23130.44
556.541	22753.62
556.746	22407.51
556.951	23226.7
557.156	23417.16
557.361	22741.33
557.567	23232.84
557.772	23796.03
557.977	24011.07
558.182	23118.15
558.387	22876.49
558.592	23349.57
558.797	24121.66
559.002	23198.02
559.207	22995.28
559.412	24080.7
559.617	24164.67
559.822	22993.23
560.027	23124.3
560.232	23867.71
560.437	23998.78
560.642	22964.56
560.847	23257.42
561.051	23943.49
561.256	24154.43
561.461	23634.24
561.666	23439.69
561.871	24480.05
562.076	24834.35
562.281	23818.56
562.485	23372.1
562.69	24412.47
562.895	24117.56
563.1	23494.98
563.305	23482.69
563.509	24416.57
563.714	24740.15
563.919	23396.68
564.123	23468.36
564.328	24105.27
564.533	24764.72
564.737	23982.4
564.942	23767.36
565.147	24600.88
565.351	24668.47
565.556	23836.99
565.761	23968.06
565.965	25024.81
566.17	24275.26
566.374	23875.9
566.579	24090.94
566.784	24543.54
566.988	24768.82
567.193	24099.13
567.397	24332.6
567.602	24891.69
567.806	24865.07
568.011	24316.22
568.215	24299.83
568.42	24760.62
568.624	25350.44
568.828	24353.08
569.033	24707.38
569.237	25299.24
569.442	25483.56
569.646	24103.23
569.85	24475.96
570.055	25489.7
570.259	25315.62
570.463	25041.2
570.668	24602.93
570.872	25141.55
571.076	25452.84
571.281	24672.56
571.485	24994.09
571.689	25583.91
571.893	25618.72
572.098	24922.41
572.302	25004.33
572.506	25608.48
572.71	25891.1
572.914	25250.09
573.119	25041.2
573.323	26183.96
573.527	25960.73
573.731	25514.28
573.935	25274.67
574.139	25997.6
574.343	25930.01
574.547	25590.05
574.751	25219.37
574.955	26257.69
575.159	26341.66
575.364	25231.66
575.568	25362.73
575.772	25817.38
575.976	26257.69
576.18	25227.56
576.383	25506.09
576.587	26583.32
576.791	26482.97
576.995	25501.99
577.199	25504.04
577.403	25880.86
577.607	26419.48
577.811	25776.42
578.015	26093.85
578.219	26843.41
578.422	26771.73
578.626	26296.6
578.83	26249.5
579.034	26908.94
579.238	26913.04
579.442	25800.99
579.645	26753.3
579.849	27011.34
580.053	26806.55
580.257	26319.13
580.46	26462.49
580.664	27214.09
580.868	26980.62
581.071	26542.36
581.275	26472.73
581.479	26618.13
581.682	27437.32
581.886	26384.66
582.09	26796.31
582.293	27230.48
582.497	27719.94
582.7	27013.39
582.904	26986.77
583.107	27552.01
583.311	27564.29
583.515	26722.58
583.718	26937.62
583.922	27975.94
584.125	28463.35
584.329	26931.47
584.532	27201.8
584.735	28014.85
584.939	27603.21
585.142	26956.05
585.346	27013.39
585.549	27986.18
585.753	28016.9
585.956	27748.61
586.159	27855.11
586.363	28168.44
586.566	28330.23
586.769	27293.96
586.973	27330.83
587.176	28008.7
587.379	28072.19
587.582	28012.8
587.786	27633.92
587.989	28356.86
588.192	29133.04
588.395	27963.65
588.599	28293.37
588.802	28477.69
589.005	28272.89
589.208	28076.29
589.411	28229.88
589.615	28406.01
589.818	29225.2
590.021	28315.9
590.224	28391.67
590.427	28874.99
590.63	29192.43
590.833	27543.81
591.036	27808
591.239	29014.26
591.442	28319.99
591.645	28621.05
591.848	28328.19
592.051	29112.56
592.254	28926.19
592.457	28418.3
592.66	28748.02
592.863	29151.47
593.066	29812.96
593.269	28619
593.472	28547.32
593.675	29532.39
593.878	29372.65
594.081	28909.81
594.284	28940.53
594.486	29440.23
594.689	29475.05
594.892	28782.84
595.095	29327.6
595.298	29591.78
595.5	29460.71
595.703	29497.58
595.906	29229.29
596.109	30306.52
596.311	30019.81
596.514	29090.03
596.717	29313.26
596.92	30374.11
597.122	30193.89
597.325	29153.52
597.528	29264.11
597.73	30914.77
597.933	30128.35
598.136	29747.43
598.338	28866.8
598.541	30533.85
598.743	30619.86
598.946	29346.03
599.148	29563.11
599.351	30673.11
599.554	30609.62
599.756	29837.54
599.959	30294.24
600.161	30763.22
600.363	31099.09
600.566	30556.38
600.768	30212.32
600.971	30957.78
601.173	30822.61
601.376	30415.07
601.578	30232.8
601.78	31051.98
601.983	31312.08
602.185	30052.58
602.388	30546.14
602.59	30724.31
602.792	30701.78
602.995	30384.35
603.197	30460.12
603.399	31260.88
603.601	31467.72
603.804	30228.7
604.006	30521.56
604.208	30996.69
604.41	30580.95
604.613	31113.42
604.815	30370.01
605.017	31394
605.219	31299.79
605.421	31221.97
605.623	30886.1
605.826	31236.3
606.028	31258.83
606.23	30386.39
606.432	30367.96
606.634	31244.49
606.836	31049.94
607.038	30251.23
607.24	30619.86
607.442	31344.84
607.644	31320.27
607.846	30976.21
608.048	30849.24
608.25	32096.45
608.452	30949.59
608.654	31150.29
608.856	30490.84
609.058	31045.84
609.26	31641.8
609.462	30681.3
609.664	30879.96
609.866	31510.73
610.067	31410.38
610.269	30914.77
610.471	30941.39
610.673	31494.35
610.875	31649.99
611.077	31185.1
611.278	31189.2
611.48	31416.52
611.682	31924.42
611.884	31455.43
612.085	30841.04
612.287	31637.7
612.489	31563.98
612.69	31174.86
612.892	31463.63
613.094	32252.09
613.295	30998.74
613.497	30816.47
613.699	31293.65
613.9	31893.7
614.102	31582.41
614.304	31117.52
614.505	30918.87
614.707	31635.66
614.908	31858.88
615.11	30879.96
615.311	31353.04
615.513	31590.6
615.714	32059.59
615.916	30836.95
616.117	31166.67
616.319	31766.73
616.52	31899.84
616.722	30941.39
616.923	31387.85
617.124	31715.53
617.326	31701.19
617.527	31437
617.729	31615.18
617.93	32069.83
618.131	32202.94
618.333	31213.77
618.534	31811.78
618.735	32073.92
618.937	32340.16
619.138	31152.34
619.339	31181.01
619.54	32166.08
619.742	31918.28
619.943	31772.87
620.144	31846.6
620.345	32428.22
620.546	32409.79
620.748	31819.97
620.949	31756.49
621.15	33001.65
621.351	32131.26
621.552	31432.91
621.753	31733.96
621.954	32442.56
622.155	32667.83
622.356	32006.34
622.558	32358.59
622.759	32776.37
622.96	32979.12
623.161	31875.27
623.362	31893.7
623.563	32217.28
623.764	32229.57
623.965	31586.5
624.166	32180.42
624.366	32057.54
624.567	32635.06
624.768	31520.97
624.969	31496.39
625.17	31858.88
625.371	32651.45
625.572	31881.41
625.773	31271.12
625.973	32295.1
626.174	32733.37
626.375	31975.62
626.576	31887.56
626.777	32528.57
626.977	32852.15
627.178	31838.4
627.379	32168.13
627.58	32360.64
627.78	32284.86
627.981	31752.39
628.182	32360.64
628.382	32893.11
628.583	32379.07
628.784	31905.99
628.984	32161.98
629.185	32884.92
629.386	32929.97
629.586	32002.24
629.787	32364.73
629.987	32889.01
630.188	33405.1
630.388	32321.73
630.589	32291.01
630.79	32833.72
630.99	32635.06
631.191	32153.79
631.391	32571.58
631.591	32706.74
631.792	32762.04
631.992	32432.32
632.193	32078.02
632.393	33048.75
632.594	32655.54
632.794	31848.64
632.994	32831.67
633.195	32710.84
633.395	32823.48
633.595	32336.06
633.796	32686.26
633.996	32919.73
634.196	32952.5
634.397	32344.25
634.597	32137.41
634.797	32864.44
634.997	33157.3
635.198	32442.56
635.398	32561.34
635.598	33433.77
635.798	33374.38
635.998	32991.41
636.199	32383.16
636.399	32880.82
636.599	32444.6
636.799	32553.15
636.999	32972.98
637.199	33468.59
637.399	33386.67
637.599	32915.64
637.799	32716.98
637.999	33560.75
638.199	33726.63
638.399	33296.56
638.599	32768.18
638.799	33654.95
638.999	33958.05
639.199	33058.99
639.399	33257.65
639.599	33843.37
639.799	33439.92
639.999	32729.27
640.199	33106.1
640.399	33515.69
640.599	33095.86
640.799	33593.51
640.998	33366.19
641.198	33978.53
641.398	33919.14
641.598	33300.65
641.798	33499.31
641.997	35045.52
642.197	33661.1
642.397	33779.88
642.597	33265.84
642.796	33849.51
642.996	33867.94
643.196	33470.64
643.395	33220.78
643.595	33878.18
643.795	33996.96
643.994	33861.8
644.194	33413.29
644.394	34633.88
644.593	34601.11
644.793	34029.73
644.992	33501.36
645.192	34414.75
645.392	34078.88
645.591	34173.09
645.791	33568.94
645.99	34220.19
646.19	34128.03
646.389	33538.22
646.589	33910.95
646.788	34199.71
646.987	34042.02
647.187	34533.53
647.386	33620.14
647.586	33869.99
647.785	34605.21
647.984	33630.38
648.184	33824.93
648.383	34017.44
648.582	33919.14
648.782	33958.05
648.981	33679.53
649.18	34107.55
649.38	34203.81
649.579	34117.79
649.778	34289.82
649.977	35014.8
650.177	34795.67
650.376	34035.88
650.575	33988.77
650.774	34957.46
650.973	34150.56
651.173	33894.57
651.372	34560.16
651.571	34353.31
651.77	34812.06
651.969	34160.8
652.168	34582.68
652.367	34326.69
652.566	34740.38
652.765	34381.98
652.964	35199.12
653.163	35360.91
653.362	34719.9
653.561	34482.33
653.76	34384.03
653.959	34582.68
654.158	35104.92
654.357	33796.26
654.556	34267.3
654.755	34664.6
654.954	34484.38
655.153	33530.03
655.352	34404.51
655.551	35205.27
655.749	34701.47
655.948	34242.72
656.147	34642.07
656.346	34875.54
656.545	34695.32
656.743	34259.1
656.942	34310.3
657.141	34496.67
657.34	34318.5
657.538	33953.96
657.737	34361.5
657.936	35309.71
658.135	34588.83
658.333	34136.23
658.532	34916.5
658.731	35254.42
658.929	35010.71
659.128	34226.34
659.326	34277.54
659.525	35629.19
659.724	34656.41
659.922	34508.96
660.121	34152.61
660.319	34861.21
660.518	34601.11
660.716	34488.48
660.915	34545.82
661.113	35516.56
661.312	34816.15
661.51	34906.26
661.709	34418.85
661.907	35422.35
662.105	35514.51
662.304	34861.21
662.502	34953.37
662.701	35553.42
662.899	34785.43
663.097	35358.86
663.296	34414.75
663.494	35545.23
663.692	35604.62
663.891	35223.7
664.089	34775.19
664.287	35747.98
664.485	35485.84
664.684	35197.07
664.882	35076.24
665.08	35268.75
665.278	35709.07
665.476	34939.03
665.675	35496.08
665.873	35627.15
666.071	35872.9
666.269	34777.24
666.467	35324.05
666.665	35709.07
666.863	35055.76
667.061	34830.49
667.259	34861.21
667.457	35195.03
667.655	35149.97
667.853	34490.52
668.051	34738.33
668.249	35041.43
668.447	35465.36
668.645	34298.02
668.843	35160.21
669.041	35502.22
669.239	35307.66
669.437	34709.66
669.635	35391.63
669.833	35256.46
670.031	35285.14
670.229	34746.52
670.426	35143.83
670.624	34941.08
670.822	35293.33
671.02	34857.11
671.218	35066
671.415	35354.77
671.613	35287.18
671.811	34672.79
672.009	34945.17
672.206	35426.45
672.404	35399.82
672.602	34820.25
672.799	34900.12
672.997	34891.93
673.195	35461.26
673.392	34351.26
673.59	34355.36
673.788	35078.29
673.985	34705.56
674.183	34924.69
674.38	34830.49
674.578	35033.24
674.775	34898.07
674.973	34052.26
675.17	34459.8
675.368	34801.82
675.565	35319.95
675.763	34635.93
675.96	34576.54
676.158	35037.33
676.355	34715.8
676.553	34605.21
676.75	34535.58
676.947	35074.2
677.145	34893.97
677.342	34873.49
677.539	34867.35
677.737	35121.3
677.934	35227.79
678.131	34783.38
678.329	34738.33
678.526	35833.99
678.723	35104.92
678.92	35053.72
679.118	34680.99
679.315	34248.86
679.512	35057.81
679.709	34580.64
679.906	34363.55
680.104	35270.8
680.301	34926.74
680.498	34052.26
680.695	34386.08
680.892	34594.97
681.089	34750.62
681.286	34187.43
681.483	33947.81
681.68	34640.03
681.877	34904.21
682.075	34228.38
682.272	34484.38
682.469	34652.31
682.665	34461.85
682.862	34214.05
683.059	34496.67
683.256	34101.41
683.453	34654.36
683.65	33845.41
683.847	34183.33
684.044	34289.82
684.241	34064.55
684.438	34214.05
684.635	33466.54
684.831	34850.97
685.028	35139.73
685.225	33671.34
685.422	34064.55
685.619	33943.72
685.815	33960.1
686.012	33820.84
686.209	33370.29
686.405	34068.64
686.602	34132.13
686.799	33341.61
686.996	33362.09
687.192	33939.62
687.389	34758.81
687.586	33632.43
687.782	33808.55
687.979	34820.25
688.175	33990.82
688.372	33468.59
688.568	33743.02
688.765	33896.61
688.962	34060.45
689.158	33874.09
689.355	33640.62
689.551	33935.52
689.748	34179.23
689.944	33673.38
690.14	33487.02
690.337	33919.14
690.533	34160.8
690.73	33271.98
690.926	33388.72
691.123	33417.39
691.319	34252.96
691.515	33464.49
691.712	33583.27
691.908	34074.79
692.104	34044.07
692.301	33587.37
692.497	32977.08
692.693	34080.93
692.889	33988.77
693.086	33536.17
693.282	32880.82
693.478	34031.78
693.674	34480.28
693.87	33314.99
694.067	33388.72
694.263	33493.16
694.459	33743.02
694.655	33618.09
694.851	33689.77
695.047	33759.4
695.243	33976.48
695.439	33353.9
695.635	33233.07
695.831	33781.93
696.027	33675.43
696.224	33003.7
696.42	33618.09
696.615	33657
696.811	33810.6
697.007	32856.25
697.203	32497.85
697.399	33425.58
697.595	33304.75
697.791	32975.03
697.987	33337.52
698.183	33267.89
698.379	32774.33
698.575	33079.47
698.77	32909.49
698.966	33183.92
699.162	33583.27
699.358	32813.24
699.554	32960.69
699.749	33286.32
699.945	33196.21
700.141	32825.53
700.337	32657.59
700.532	33020.08
700.728	32927.92
700.924	32448.7
701.119	32528.57
701.315	32886.96
701.511	33030.32
701.706	32669.88
701.902	32303.29
702.097	32653.5
702.293	32891.06
702.489	32622.78
702.684	32309.44
702.88	33247.41
703.075	32635.06
703.271	32436.41
703.466	32241.85
703.662	32383.16
703.857	32706.74
704.053	32090.31
704.248	32544.95
704.443	33210.54
704.639	32880.82
704.834	32536.76
705.03	32358.59
705.225	32794.81
705.42	32614.58
705.616	32266.43
705.811	32209.09
706.006	32915.64
706.202	32512.19
706.397	32393.4
706.592	32071.87
706.787	32522.43
706.983	32172.22
707.178	32440.51
707.373	32055.49
707.568	32297.15
707.763	32065.73
707.959	31541.45
708.154	31908.04
708.349	32477.37
708.544	32667.83
708.739	31604.94
708.934	31779.01
709.129	32184.51
709.324	32395.45
709.519	31946.95
709.714	31340.75
709.909	32469.18
710.104	32192.7
710.299	31273.17
710.494	31865.03
710.689	32456.89
710.884	31686.86
711.079	31406.28
711.274	31785.16
711.469	32587.96
711.664	32383.16
711.859	32104.64
712.054	32264.38
712.249	32823.48
712.443	32610.49
712.638	31875.27
712.833	31828.17
713.028	32129.22
713.223	31824.07
713.417	31711.43
713.612	31715.53
713.807	32766.13
714.002	32751.8
714.196	31549.64
714.391	31703.24
714.586	32192.7
714.78	32407.74
714.975	31256.78
715.17	31408.33
715.364	31832.26
715.559	32405.69
715.754	30937.3
715.948	31181.01
716.143	32090.31
716.337	32010.43
716.532	31838.4
716.726	31570.12
716.921	32174.27
717.115	32303.29
717.31	30996.69
717.504	32495.8
717.699	31715.53
717.893	32026.82
718.088	31164.62
718.282	31170.77
718.476	31484.11
718.671	31914.18
718.865	31312.08
719.059	30873.81
719.254	31490.25
719.448	31826.12
719.642	33747.11
719.837	30353.63
720.031	33022.13
720.225	31350.99
720.419	30798.04
720.614	30769.37
720.808	31236.3
721.002	31271.12
721.196	30812.37
721.39	30644.44
721.585	31508.68
721.779	31258.83
721.973	30720.21
722.167	30327
722.361	30957.78
722.555	31416.52
722.749	30335.2
722.943	30769.37
723.137	30558.42
723.331	30771.41
723.525	30503.13
723.719	30404.83
723.913	31056.08
724.107	31076.56
724.301	30709.97
724.495	30408.92
724.689	31379.66
724.883	31246.54
725.077	30154.97
725.271	30247.13
725.465	30677.21
725.659	30507.23
725.853	30531.8
726.046	30054.62
726.24	30621.91
726.434	30523.61
726.628	30443.74
726.822	30486.75
727.015	31404.24
727.209	31215.82
727.403	30580.95
727.596	30515.42
727.79	31242.45
727.984	31314.12
728.177	30419.16
728.371	30666.97
728.565	31138
728.758	30873.81
728.952	30853.33
729.146	30357.72
729.339	31455.43
729.533	30947.54
729.726	30728.41
729.92	30347.48
730.113	31525.07
730.307	31162.58
730.5	30732.5
730.694	30978.26
730.887	30965.97
731.081	31293.65
731.274	30216.41
731.468	30320.86
731.661	30888.15
731.854	30994.64
732.048	30232.8
732.241	30263.52
732.435	30994.64
732.628	30376.16
732.821	30206.17
733.014	30169.31
733.208	30773.46
733.401	31049.94
733.594	30056.67
733.788	30144.73
733.981	30937.3
734.174	31170.77
734.367	30382.3
734.56	30595.29
734.754	30877.91
734.947	30503.13
735.14	30017.76
735.333	30183.65
735.526	31318.22
735.719	30204.13
735.912	30165.21
736.105	30240.99
736.298	30595.29
736.491	30984.4
736.684	29821.16
736.877	30028
737.07	30965.97
737.263	31232.21
737.456	30052.58
737.649	30052.58
737.842	30570.71
738.035	30636.25
738.228	29839.59
738.421	30290.14
738.614	30859.48
738.807	30771.41
739	29737.19
739.192	29751.52
739.385	30441.69
739.578	29999.33
739.771	30009.57
739.964	29419.75
740.156	30310.62
740.349	30173.41
740.542	30263.52
740.735	29573.35
740.927	30173.41
741.12	30488.79
741.313	29827.3
741.505	30025.95
741.698	30656.73
741.891	30173.41
742.083	29860.07
742.276	29911.27
742.468	30542.04
742.661	30114.02
742.854	29188.33
743.046	29421.8
743.239	29878.5
743.431	30267.61
743.624	29315.31
743.816	29294.83
744.009	29884.64
744.201	30148.83
744.393	29587.69
744.586	29167.85
744.778	30128.35
744.971	29991.14
745.163	29415.66
745.355	29270.25
745.548	29532.39
745.74	29704.42
745.932	29018.35
746.125	29182.19
746.317	30388.44
746.509	29638.89
746.702	29122.8
746.894	28985.58
747.086	29688.04
747.278	29735.14
747.471	29274.35
747.663	29616.36
747.855	30034.14
748.047	30427.35
748.239	29569.26
748.431	29794.53
748.623	30515.42
748.815	29944.03
749.008	29438.19
749.2	29552.87
749.392	29849.83
749.584	29982.95
749.776	29362.41
749.968	29612.26
750.16	29853.92
750.352	29575.4
750.544	29227.24
750.736	29094.13
750.928	29679.85
751.12	29395.18
751.311	28856.56
751.503	29196.53
751.695	29632.74
751.887	29386.99
752.079	29090.03
752.271	28827.89
752.463	29886.69
752.654	29133.04
752.846	28784.88
753.038	28293.37
753.23	29176.05
753.421	29036.78
753.613	28688.63
753.805	29098.22
753.997	29300.97
754.188	29638.89
754.38	28778.74
754.572	28739.83
754.763	29085.93
754.955	29147.37
755.146	28827.89
755.338	28895.47
755.53	29526.25
755.721	29319.4
755.913	27971.84
756.104	28496.12
756.296	29034.74
756.487	29288.68
756.679	28242.17
756.87	27889.92
757.062	28958.96
757.253	29014.26
757.445	28121.34
757.636	28473.59
757.827	28791.03
758.019	29720.81
758.21	28363
758.401	28377.34
758.593	29298.92
758.784	29219.05
758.975	27822.34
759.167	27996.42
759.358	28700.92
759.549	29102.32
759.74	28076.29
759.932	28537.08
760.123	28580.09
760.314	28444.92
760.505	27992.32
760.696	27762.95
760.888	28653.81
761.079	28240.12
761.27	27734.28
761.461	27664.64
761.652	28709.11
761.843	28283.13
762.034	27918.59
762.225	28293.37
762.416	28545.27
762.607	27787.52
762.798	27265.29
762.989	27474.18
763.18	29223.15
763.371	27851.01
763.562	27289.87
763.753	27416.84
763.944	27703.56
764.135	27715.84
764.326	27672.84
764.517	26976.53
764.708	27611.4
764.899	27543.81
765.089	26810.64
765.28	26949.9
765.471	27236.62
765.662	27613.45
765.853	27398.41
766.043	26806.55
766.234	28000.51
766.425	27519.24
766.615	27281.67
766.806	26896.66
766.997	27711.75
767.187	27326.73
767.378	26923.28
767.569	26042.65
767.759	27273.48
767.95	27054.35
768.141	27058.45
768.331	26765.59
768.522	27386.12
768.712	27859.2
768.903	26597.65
769.093	26394.9
769.284	27093.26
769.474	27037.97
769.665	26044.7
769.855	26188.06
770.046	27121.93
770.236	26831.12
770.426	26173.72
770.617	26104.09
770.807	26267.93
770.998	26368.28
771.188	26013.98
771.378	25989.41
771.569	26695.96
771.759	26468.63
771.949	25688.35
772.139	25520.42
772.33	26104.09
772.52	26464.53
772.71	25790.75
772.9	25624.87
773.09	26618.13
773.281	26677.52
773.471	25800.99
773.661	25774.37
773.851	26431.77
774.041	26464.53
774.231	25774.37
774.421	26116.38
774.611	26528.02
774.802	25800.99
774.992	25479.46
775.182	25188.65
775.372	26054.94
775.562	26269.98
775.752	25602.34
775.942	25215.27
776.131	26153.24
776.321	25825.57
776.511	25002.29
776.701	24887.6
776.891	26030.37
777.081	25295.14
777.271	25198.89
777.461	25551.14
777.651	25813.28
777.84	25839.9
778.03	25086.25
778.22	24992.05
778.41	25532.71
778.599	25319.72
778.789	25344.3
778.979	24887.6
779.169	25712.93
779.358	25379.11
779.548	25833.76
779.738	24750.39
779.927	25174.31
780.117	25268.52
780.307	24756.53
780.496	24420.66
780.686	25258.28
780.875	25676.07
781.065	24891.69
781.254	24680.75
781.444	25137.45
781.633	25325.86
781.823	24551.73
782.012	24283.45
782.202	25356.58
782.391	24690.99
782.581	24291.64
782.77	24617.27
782.96	25381.16
783.149	24549.68
783.338	24561.97
783.528	24072.51
783.717	24971.57
783.906	25372.97
784.096	24586.55
784.285	24314.17
784.474	24379.7
784.663	24670.51
784.853	24056.12
785.042	24031.55
785.231	24693.04
785.42	24525.11
785.61	23847.23
785.799	23888.19
785.988	24781.1
786.177	24258.87
786.366	23773.5
786.555	24037.69
786.744	24179
786.933	24269.11
787.122	23470.4
787.312	23865.66
787.501	24269.11
787.69	24422.71
787.879	23779.65
788.068	23322.95
788.257	23857.47
788.445	23750.98
788.634	23425.35
788.823	23564.61
789.012	24533.3
789.201	24326.46
789.39	23335.24
789.579	23208.26
789.768	23843.13
789.957	23638.34
790.145	23175.5
790.334	22714.7
790.523	23312.71
790.712	23929.15
790.9	23531.84
791.089	23081.29
791.278	23873.85
791.467	23640.39
791.655	23769.41
791.844	24199.48
792.033	23527.75
792.221	23578.95
792.41	22710.61
792.599	22540.63
792.787	23742.78
792.976	23621.95
793.164	22876.49
793.353	22858.06
793.541	23425.35
793.73	23419.21
793.918	22663.5
794.107	22753.62
794.295	23474.5
794.484	23011.66
794.672	22417.75
794.861	22514
795.049	22982.99
795.238	23482.69
795.426	22569.3
795.614	22665.55
795.803	23341.38
795.991	23533.89
796.179	22399.32
796.368	22485.33
796.556	23292.23
796.744	22452.56
796.932	22311.25
797.121	22374.74
797.309	23060.81
797.497	23273.8
797.685	22380.89
797.874	22409.56
798.062	23054.67
798.25	23142.73
798.438	22409.56
798.626	22421.84
798.814	23026
799.002	23210.31
799.19	22337.88
799.378	22198.62
799.566	23089.48
799.755	22937.93
799.943	22526.29
800.131	22239.58
800.318	22688.08
800.506	22774.1
800.694	22030.68
800.882	22362.45
801.07	23464.26
801.258	23034.19
801.446	22495.57
801.634	22360.41
801.822	22880.59
802.01	23257.42
802.197	22485.33
802.385	22530.39
802.573	23185.74
802.761	23023.95
802.949	22528.34
803.136	22036.83
803.324	23478.6
803.512	22866.25
803.699	22542.67
803.887	22380.89
804.075	23021.9
804.262	22888.78
804.45	22409.56
804.638	22608.21
804.825	22810.96
805.013	22749.52
805.201	22528.34
805.388	22176.09
805.576	22770
805.763	23503.17
805.951	22280.53
806.138	22516.05
806.326	23355.72
806.513	23165.26
806.701	22526.29
806.888	22655.31
807.075	23370.05
807.263	23470.4
807.45	22507.86
807.638	22602.07
807.825	23699.78
808.012	23134.54
808.2	22483.28
808.387	23183.69
808.574	22972.75
808.761	23114.06
808.949	22120.79
809.136	22128.99
809.323	23230.79
809.51	23374.15
809.698	22987.08
809.885	22980.94
810.072	23480.64
810.259	23597.38
810.446	22905.17
810.633	22810.96
810.82	23462.21
811.008	23918.91
811.195	23060.81
811.382	22921.55
811.569	23195.98
811.756	22823.25
811.943	23021.9
812.13	22735.18
812.317	23128.39
812.504	23423.3
812.691	22860.11
812.878	22821.2
813.064	23644.48
813.251	23308.62
813.438	22757.71
813.625	23195.98
813.812	23288.14
813.999	23195.98
814.186	22856.01
814.372	22499.67
814.559	23333.19
814.746	23286.09
814.933	22626.64
815.12	22620.5
815.306	22966.6
815.493	23060.81
815.68	22518.1
815.866	22729.04
816.053	23515.46
816.24	23204.17
816.426	22540.63
816.613	22546.77
816.799	23382.34
816.986	23564.61
817.173	22796.62
817.359	22362.45
817.546	22739.28
817.732	22624.59
817.919	22554.96
818.105	22708.56
818.292	23238.98
818.478	23320.9
818.665	22925.64
818.851	22845.77
819.037	24076.6
819.224	23480.64
819.41	22579.54
819.597	22583.63
819.783	24033.6
819.969	23632.19
820.156	22886.73
820.342	22526.29
820.528	24860.98
820.714	22954.32
820.901	22806.86
821.087	22368.6
821.273	23165.26
821.459	22962.51
821.646	22391.12
821.832	22042.97
822.018	23085.39
822.204	22481.24
822.39	22114.65
822.576	22227.29
822.762	22604.11
822.948	22743.38
823.134	22325.59
823.32	21864.8
823.507	22348.12
823.693	22706.51
823.879	22548.82
824.065	21985.63
824.25	22518.1
824.436	22497.62
824.622	22061.4
824.808	21807.45
824.994	22241.62
825.18	22348.12
825.366	21223.78
825.552	21569.89
825.738	22655.31
825.923	23007.56
826.109	22260.06
826.295	21952.86
826.481	22686.03
826.667	22380.89
826.852	22409.56
827.038	21875.04
827.224	22831.44
827.409	22659.41
827.595	21602.66
827.781	22159.7
827.966	22839.63
828.152	22540.63
828.338	21782.88
828.523	21244.26
828.709	21950.81
828.894	21703.01
829.08	21397.86
829.266	21072.23
829.451	21954.91
829.637	22262.1
829.822	21272.93
830.008	21260.65
830.193	21836.13
830.378	21991.77
830.564	21154.15
830.749	20617.58
830.935	21610.85
831.12	21469.54
831.305	20816.24
831.491	20975.98
831.676	20951.4
831.861	21752.16
832.047	21119.34
832.232	20566.38
832.417	21678.43
832.602	21573.99
832.788	20439.41
832.973	20500.85
833.158	21236.07
833.343	21184.87
833.528	21021.03
833.714	20975.98
833.899	21279.08
834.084	21721.44
834.269	21430.63
834.454	20875.63
834.639	21594.47
834.824	21348.71
835.009	20801.9
835.194	20595.06
835.379	21655.9
835.564	21508.45
835.749	20707.69
835.934	20431.22
836.119	21100.9
836.304	20851.05
836.489	20341.11
836.674	21025.13
836.859	20795.76
837.044	21481.83
837.228	20498.8
837.413	20306.29
837.598	21217.64
837.783	20994.41
837.968	20832.62
838.152	20617.58
838.337	20558.19
838.522	21440.87
838.707	21494.11
838.891	20648.3
839.076	20871.53
839.261	20975.98
839.445	20750.7
839.63	20332.92
839.815	21088.62
839.999	20722.03
840.184	20306.29
840.368	20085.11
840.553	20963.69
840.737	20519.28
840.922	19831.16
841.106	20042.1
841.291	20472.18
841.475	20494.71
841.66	19949.95
841.844	20128.12
842.029	21301.61
842.213	20502.9
842.397	19868.03
842.582	19265.92
842.766	20490.61
842.951	20386.16
843.135	19673.47
843.319	19722.62
843.504	20111.74
843.688	20697.45
843.872	19173.77
844.056	19370.37
844.241	19874.17
844.425	19722.62
844.609	19808.64
844.793	19149.19
844.977	20160.89
845.161	19634.56
845.346	19073.42
845.53	19165.57
845.714	19673.47
845.898	20111.74
846.082	18829.71
846.266	19220.87
846.45	19487.11
846.634	19788.16
846.818	19169.67
847.002	19448.19
847.186	19888.51
847.37	19122.57
847.554	18803.08
847.738	19515.78
847.922	19685.76
848.106	19767.68
848.29	18981.26
848.473	19081.61
848.657	19786.11
848.841	19829.12
849.025	18971.02
849.209	18729.36
849.392	19626.37
849.576	19147.14
849.76	18174.36
849.944	18948.49
850.127	19663.23
850.311	19110.28
850.495	18495.89
850.678	18295.19
850.862	19292.55
851.046	19421.57
851.229	18844.04
851.413	17979.8
851.596	19253.64
851.78	18944.39
851.964	18919.82
852.147	18420.11
852.331	19151.24
852.514	19239.3
852.698	18491.79
852.881	18016.66
853.065	18835.85
853.248	18682.25
853.431	18313.62
853.615	18190.74
853.798	19693.95
853.982	18753.93
854.165	18047.38
854.348	18127.25
854.532	18233.75
854.715	18069.91
854.898	17740.19
855.081	17865.11
855.265	18878.86
855.448	19128.71
855.631	17643.93
855.814	18071.96
855.997	18334.1
856.181	18422.16
856.364	17901.98
856.547	17625.5
856.73	18618.77
856.913	18536.85
857.096	17533.34
857.279	17633.69
857.462	18022.81
857.645	18200.98
857.828	17770.91
858.011	17813.91
858.194	17695.13
858.377	18020.76
858.56	17170.85
858.743	17629.6
858.926	17967.51
859.109	18018.71
859.292	17308.07
859.475	17183.14
859.658	18047.38
859.841	18035.1
860.023	17250.72
860.206	17031.59
860.389	17783.2
860.572	17879.45
860.755	17230.24
860.937	17158.56
861.12	17379.75
861.303	17668.51
861.486	17220
861.668	16710.06
861.851	17234.34
862.034	17486.24
862.216	17162.66
862.399	16552.37
862.581	17215.91
862.764	17119.65
862.947	16628.14
863.129	16515.5
863.312	16619.95
863.494	17471.9
863.677	17115.56
863.859	16249.27
864.042	17000.87
864.224	17326.5
864.406	16986.54
864.589	16095.67
864.771	16896.42
864.954	16535.98
865.136	16431.54
865.318	15835.58
865.501	17222.05
865.683	16351.67
865.865	16624.05
866.048	16372.14
866.23	17160.61
866.412	16736.68
866.594	16046.52
866.777	16386.48
866.959	16753.07
867.141	16441.78
867.323	16366
867.505	16382.38
867.687	16763.31
867.869	16869.8
868.052	16585.13
868.234	16273.84
868.416	16701.87
868.598	17076.65
868.78	16081.33
868.962	15661.5
869.144	16677.29
869.326	16488.88
869.508	15983.03
869.69	16005.56
869.872	16470.45
870.054	17004.97
870.236	15417.79
870.417	15913.4
870.599	16546.22
870.781	17156.52
870.963	16398.77
871.145	16198.07
871.327	16263.6
871.508	16632.24
871.69	16177.59
871.872	15950.26
872.054	16308.66
872.235	16470.45
872.417	16155.06
872.599	15415.74
872.78	17181.09
872.962	16273.84
873.144	15606.2
873.325	15729.08
873.507	16497.07
873.689	16398.77
873.87	15624.64
874.052	15851.96
874.233	15954.36
874.415	16834.99
874.596	15997.37
874.778	15593.92
874.959	16368.05
875.141	16495.02
875.322	16017.85
875.503	15741.37
875.685	16366
875.866	16038.33
876.048	15636.92
876.229	15563.2
876.41	16343.47
876.592	16810.41
876.773	15909.3
876.954	15419.84
877.136	16533.93
877.317	16398.77
877.498	15735.23
877.679	15952.31
877.86	16423.34
878.042	16488.88
878.223	15743.42
878.404	16906.66
878.585	16910.76
878.766	18223.51
878.947	16271.79
879.128	15868.34
879.309	16124.34
879.49	16650.67
879.672	15944.12
879.853	16114.1
880.034	16665
880.215	16673.2
880.396	16269.75
880.576	15952.31
880.757	16480.69
880.938	16683.44
881.119	16062.9
881.3	15858.1
881.481	16597.42
881.662	17478.05
881.843	15776.19
882.023	16198.07
882.204	17158.56
882.385	17007.02
882.566	16200.12
882.747	16468.4
882.927	16834.99
883.108	17289.63
883.289	16292.27
883.469	16593.33
883.65	17140.13
883.831	16689.58
884.011	16601.52
884.192	16597.42
884.373	17148.33
884.553	16959.91
884.734	16443.82
884.914	17162.66
885.095	18041.24
885.275	17217.96
885.456	16249.27
885.636	15985.08
885.817	17090.98
885.997	17256.87
886.178	16255.41
886.358	17056.17
886.538	16847.27
886.719	18481.55
886.899	16257.46
887.08	16808.36
887.26	17197.48
887.44	16574.89
887.621	16437.68
887.801	16482.74
887.981	17801.63
888.161	17678.75
888.342	16787.88
888.522	16941.48
888.702	17521.06
888.882	17525.15
889.062	16816.55
889.242	16394.67
889.423	17510.82
889.603	17815.96
889.783	17484.19
889.963	16908.71
890.143	17742.24
890.323	17828.25
890.503	17215.91
890.683	17090.98
890.863	17490.34
891.043	17617.31
891.223	17146.28
891.403	17494.43
891.583	17674.65
891.763	17398.18
891.943	16978.34
892.122	16877.99
892.302	17267.11
892.482	17402.27
892.662	17322.4
892.842	17148.33
893.022	17406.37
893.201	17414.56
893.381	16927.14
893.561	16363.95
893.741	17279.4
893.92	16837.03
894.1	17174.95
894.28	16767.4
894.459	17435.04
894.639	17021.35
894.819	16589.23
894.998	16832.94
895.178	17453.47
895.357	17172.9
895.537	16529.84
895.716	16486.83
895.896	17201.57
896.075	17785.24
896.255	16486.83
896.434	16599.47
896.614	17883.55
896.793	17336.74
896.973	16810.41
897.152	16218.55
897.331	16810.41
897.511	17140.13
897.69	16118.2
897.87	16560.56
898.049	17090.98
898.228	17084.84
898.407	16665
898.587	16488.88
898.766	16599.47
898.945	16763.31
899.124	16609.71
899.304	15976.89
899.483	16761.26
899.662	17101.22
899.841	16036.28
900.02	15870.39
900.199	16568.75
900.378	16239.03
900.557	15940.02
900.737	15720.89
900.916	16148.92
901.095	16103.86
901.274	16191.92
901.453	15409.6
901.632	15804.86
901.811	15643.07
901.989	15256
902.168	15288.77
902.347	16175.54
902.526	15794.62
902.705	15260.1
902.884	15507.9
903.063	16153.01
903.242	15849.91
903.42	14852.55
903.599	15294.91
903.778	15618.49
903.957	16003.51
904.135	15237.57
904.314	14815.69
904.493	15509.95
904.672	15204.8
904.85	14666.19
905.029	14565.84
905.207	15088.07
905.386	15593.92
905.565	13881.81
905.743	14447.05
905.922	14612.94
906.1	14655.95
906.279	13672.92
906.457	13777.37
906.636	14428.62
906.814	14277.07
906.993	13646.3
907.171	13564.38
907.35	14344.66
907.528	14920.14
907.707	14223.83
907.885	13457.89
908.063	14098.9
908.242	13859.29
908.42	13425.12
908.598	13208.03
908.777	13998.55
908.955	14012.88
909.133	13548
909.311	13109.73
909.49	13580.76
909.668	13820.38
909.846	13523.42
910.024	13545.95
910.202	14039.51
910.38	14223.83
910.559	13513.18
910.737	13427.17
910.915	14232.02
911.093	14000.6
911.271	13820.38
911.449	13896.15
911.627	14578.12
911.805	14926.28
911.983	13652.44
912.161	13570.52
912.339	14227.92
912.517	14721.48
912.695	14014.93
912.872	13904.34
913.05	14402
913.228	14342.61
913.406	13656.54
913.584	13693.4
913.762	14684.62
913.939	14346.7
914.117	13695.45
914.295	13566.43
914.473	14199.25
914.65	14739.91
914.828	13515.23
915.006	13560.28
915.184	14031.32
915.361	14535.12
915.539	13961.69
915.716	13945.3
915.894	14696.91
916.072	14494.16
916.249	14668.23
916.427	14176.72
916.604	14402
916.782	14434.77
916.959	13758.94
917.137	13599.2
917.314	14004.69
917.492	14029.27
917.669	13791.7
917.847	13722.07
918.024	14100.95
918.201	13797.85
918.379	13734.36
918.556	13371.87
918.733	14272.98
918.911	13552.09
919.088	13709.79
919.265	13480.41
919.442	13941.21
919.62	14057.94
919.797	13326.82
919.974	13326.82
920.151	14354.9
920.328	13758.94
920.506	13236.7
920.683	13973.97
920.86	13634.01
921.037	13621.72
921.214	13287.9
921.391	12927.46
921.568	13576.67
921.745	13122.02
921.922	13052.39
922.099	12874.21
922.276	13371.87
922.453	13476.32
922.63	12843.49
922.807	13312.48
922.984	13670.87
923.161	13369.82
923.338	13040.1
923.514	13126.11
923.691	13664.73
923.868	13814.23
924.045	12825.06
924.222	12798.44
924.399	13304.29
924.575	13351.39
924.752	12605.93
924.929	12833.25
925.105	13072.87
925.282	12800.49
925.459	12773.86
925.635	12833.25
925.812	13201.89
925.989	12851.69
926.165	12653.03
926.342	12069.36
926.518	12870.12
926.695	12650.99
926.871	12151.28
927.048	12208.62
927.224	12841.45
927.401	12204.53
927.577	12055.03
927.754	11749.88
927.93	12646.89
928.107	12831.21
928.283	11678.2
928.459	12024.31
928.636	12323.31
928.812	12253.68
928.988	11708.92
929.165	11557.37
929.341	11950.58
929.517	12048.88
929.693	12192.24
929.87	11270.65
930.046	11993.59
930.222	11651.58
930.398	11209.22
930.574	11471.36
930.751	11727.35
930.927	11678.2
931.103	11143.68
931.279	11184.64
931.455	11491.84
931.631	11612.67
931.807	10744.33
931.983	10572.3
932.159	10832.39
932.335	11006.47
932.511	10641.93
932.687	10596.87
932.863	10672.65
933.039	10813.96
933.215	10289.68
933.391	10080.78
933.566	10723.85
933.742	10590.73
933.918	9945.62
934.094	9777.69
934.27	10301.97
934.445	10293.77
934.621	9984.53
934.797	9781.78
934.973	10205.71
935.148	10027.54
935.324	9320.99
935.5	9185.82
935.675	10043.92
935.851	9914.9
936.027	9400.86
936.202	9243.17
936.378	9556.5
936.553	9523.74
936.729	9656.86
936.904	8694.31
937.08	8688.17
937.255	8458.79
937.431	8313.39
937.606	8061.49
937.782	8456.75
937.957	8643.11
938.133	7832.12
938.308	7594.55
938.483	7983.66
938.659	7760.44
938.834	7506.49
939.009	7221.82
939.185	7633.46
939.36	7154.24
939.535	6498.89
939.71	7215.68
939.886	7453.24
940.061	7090.75
940.236	7268.92
940.411	6677.06
940.586	7076.41
940.761	7025.22
940.937	6765.12
941.112	6330.95
941.287	6810.18
941.462	6568.52
941.637	6034
941.812	6349.39
941.987	6380.11
942.162	6351.43
942.337	6249.04
942.512	5962.32
942.687	6652.49
942.862	6457.93
943.037	5769.81
943.212	5708.37
943.386	6195.79
943.561	6312.52
943.736	6208.08
943.911	6619.72
944.086	6550.09
944.26	6316.62
944.435	5917.26
944.61	6203.98
944.785	6386.25
944.959	6959.68
945.134	5712.47
945.309	5790.29
945.483	5823.06
945.658	6259.28
945.833	5526.1
946.007	5653.08
946.182	6486.6
946.357	6146.64
946.531	5761.62
946.706	5743.19
946.88	6007.38
947.055	6345.29
947.229	5882.45
947.404	5745.23
947.578	6322.76
947.752	6382.15
947.927	5861.97
948.101	5745.23
948.276	6957.63
948.45	6515.27
948.624	6621.77
948.799	6130.25
948.973	6545.99
949.147	6404.68
949.321	6081.1
949.496	6042.19
949.67	7010.88
949.844	6410.82
950.018	6226.51
950.193	6222.41
950.367	7242.3
950.541	6599.24
950.715	6390.35
950.889	6357.58
951.063	6591.05
951.237	6801.99
951.411	6195.79
951.585	6277.71
951.759	6648.39
951.933	6875.71
952.107	6359.63
952.281	6668.87
952.455	7277.12
952.629	7043.65
952.803	6480.46
952.977	6507.08
953.151	7184.96
953.325	6840.9
953.499	6840.9
953.672	6072.91
953.846	6754.88
954.02	6812.23
954.194	6455.88
954.368	6474.31
954.541	7129.66
954.715	6928.96
954.889	6877.76
955.062	6617.67
955.236	6967.87
955.41	7129.66
955.583	7057.98
955.757	6531.65
955.93	6853.19
956.104	6918.72
956.278	6539.85
956.451	6738.5
956.625	7240.25
956.798	7569.98
956.972	7283.26
957.145	6443.59
957.319	7363.13
957.492	7060.03
957.665	6914.63
957.839	6601.29
958.012	7139.9
958.185	7031.36
958.359	6707.78
958.532	6994.5
958.705	7232.06
958.879	7135.81
959.052	6865.47
959.225	6675.01
959.398	7334.46
959.572	7225.92
959.745	6728.26
959.918	6828.61
960.091	7277.12
960.264	7422.52
960.438	6623.81
960.611	6523.46
960.784	7459.38
960.957	7117.37
961.13	7273.02
961.303	6793.8
961.476	7252.54
961.649	7445.05
961.822	6599.24
961.995	6875.71
962.168	7133.76
962.341	7354.94
962.514	6648.39
962.686	6804.03
962.859	7139.9
963.032	7385.66
963.205	6914.63
963.378	6416.97
963.551	6976.06
963.723	7051.84
963.896	6957.63
964.069	6996.54
964.242	7076.41
964.414	7649.85
964.587	6703.68
964.76	6859.33
964.932	7291.45
965.105	7103.04
965.278	6670.92
965.45	6521.42
965.623	7227.96
965.795	7307.84
965.968	6730.31
966.14	6640.2
966.313	7160.38
966.485	7260.73
966.658	6484.55
966.83	6732.36
967.003	7207.48
967.175	7203.39
967.348	6502.98
967.52	6705.73
967.692	7582.26
967.865	7254.59
968.037	6773.32
968.209	6998.59
968.382	7236.16
968.554	7070.27
968.726	6490.7
968.898	6644.29
969.071	7225.92
969.243	7152.19
969.415	6599.24
969.587	6834.75
969.759	7234.11
969.932	6836.8
970.104	6492.74
970.276	6064.72
970.448	6789.7
970.62	6597.19
970.792	6666.82
970.964	6410.82
971.136	7242.3
971.308	6769.22
971.48	6156.88
971.652	6285.9
971.824	7184.96
971.996	6808.13
972.168	6296.14
972.339	6339.15
972.511	6781.51
972.683	6623.81
972.855	6576.71
973.027	6165.07
973.199	6982.21
973.37	7096.89
973.542	6365.77
973.714	6439.5
973.886	6435.4
974.057	6902.34
974.229	6173.26
974.401	6238.8
974.572	6464.07
974.744	6296.14
974.915	6070.86
975.087	6025.81
975.259	6728.26
975.43	6408.78
975.602	5976.66
975.773	5778
975.945	6175.31
976.116	6541.89
976.288	5847.63
976.459	6316.62
976.63	6195.79
976.802	6386.25
976.973	5810.77
977.145	5988.94
977.316	6867.52
977.487	6519.37
977.659	5960.27
977.83	6056.53
978.001	6711.88
978.172	6496.84
978.344	5794.39
978.515	6005.33
978.686	6218.32
978.857	6662.72
979.028	5782.1
979.2	5796.43
979.371	6648.39
979.542	6138.44
979.713	6111.82
979.884	5487.19
980.055	6107.73
980.226	6140.49
980.397	5749.33
980.568	5591.64
980.739	6146.64
980.91	5714.52
981.081	5825.11
981.252	5638.74
981.423	5859.92
981.594	5876.31
981.765	5474.9
981.936	5773.91
982.106	5784.15
982.277	6115.92
982.448	5452.38
982.619	5794.39
982.79	5603.93
982.96	5790.29
983.131	5737.04
983.302	4991.58
983.472	5712.47
983.643	5925.46
983.814	5550.68
983.984	5180
984.155	5532.25
984.326	6005.33
984.496	5347.93
984.667	5143.13
984.837	5347.93
985.008	5732.95
985.178	5579.35
985.349	5077.6
985.519	5440.09
985.69	5370.46
985.86	5083.74
986.031	5093.98
986.201	5655.12
986.371	5618.26
986.542	5100.12
986.712	4754.02
986.882	5610.07
987.053	5487.19
987.223	4760.16
987.393	5413.46
987.563	5495.38
987.734	5540.44
987.904	5630.55
988.074	4948.58
988.244	5268.06
988.414	5372.5
988.585	4833.89
988.755	4934.24
988.925	5270.11
989.095	5919.31
989.265	4749.92
989.435	5098.08
989.605	5605.97
989.775	5479
989.945	5323.35
990.115	4706.91
990.285	5255.77
990.455	5313.11
990.625	4969.05
990.795	4723.3
990.965	5339.74
991.134	4751.97
991.304	4498.02
991.474	4375.14
991.644	4989.53
991.814	5249.63
991.984	4184.68
992.153	4549.22
992.323	4606.56
992.493	5016.16
992.662	4358.76
992.832	4538.98
993.002	4674.15
993.171	4895.33
993.341	4104.81
993.511	4248.17
993.68	4538.98
993.85	4713.06
994.019	3998.32
994.189	4035.18
994.358	4631.14
994.528	4592.23
994.697	3955.31
994.867	4137.58
995.036	4919.9
995.206	4524.65
995.375	4094.57
995.544	4350.57
995.714	4911.71
995.883	4506.21
996.052	4479.59
996.222	3594.87
996.391	4954.72
996.56	4602.47
996.73	3844.72
996.899	3807.86
997.068	4706.91
997.237	4596.32
997.406	3904.11
997.576	3719.79
997.745	4819.55
997.914	4307.56
998.083	3598.96
998.252	3844.72
998.421	4518.5
998.59	4164.2
998.759	3678.83
998.928	3517.04
999.097	4508.26
999.266	4373.1
999.435	3965.55
999.604	3279.48
999.773	4420.2
999.942	4133.48
1000.111	3306.1
1000.28	3230.33
1000.448	4026.99
1000.617	3809.9
1000.786	3670.64
1000.955	3259
1001.124	4352.62
1001.292	4600.42
1001.461	3451.51
1001.63	3336.82
1001.798	4115.05
1001.967	3981.93
1002.136	3148.41
1002.304	3254.91
1002.473	4139.63
1002.642	3822.19
1002.81	3369.59
1002.979	3437.17
1003.147	4137.58
1003.316	4041.33
1003.484	3271.29
1003.653	3181.18
1003.821	3857.01
1003.99	3510.9
1004.158	3416.69
1004.327	3426.93
1004.495	3816.05
1004.663	3760.75
1004.832	3398.26
1005	3033.72
1005.168	3844.72
1005.337	3369.59
1005.505	2900.61
1005.673	3435.13
1005.842	3973.74
1006.01	3342.97
1006.178	2898.56
1006.346	3084.92
1006.514	3521.14
1006.683	3936.88
1006.851	3084.92
1007.019	3254.91
1007.187	3412.6
1007.355	3007.1
1007.523	2683.52
1007.691	2722.43
1007.859	3134.07
1008.027	3854.96
1008.195	2738.82
1008.363	2564.74
1008.531	3328.63
1008.699	3408.5
1008.867	2517.64
1009.035	2765.44
1009.203	3713.65
1009.37	3404.41
1009.538	2681.47
1009.706	3478.13
1009.874	3248.76
1010.042	3197.56
1010.209	2708.1
1010.377	2585.22
1010.545	3248.76
1010.713	3224.19
1010.88	2470.53
1011.048	2626.18
1011.216	3074.68
1011.383	3345.02
1011.551	2476.68
1011.718	2472.58
1011.886	3060.35
1012.054	3279.48
1012.221	2347.65
1012.389	2310.79
1012.556	2955.9
1012.724	3314.3
1012.891	2691.71
1013.058	2200.2
1013.226	3101.31
1013.393	3068.54
1013.561	2192.01
1013.728	2187.91
1013.895	3240.57
1014.063	3025.53
1014.23	2134.67
1014.397	2382.47
1014.565	2964.09
1014.732	2779.78
1014.899	2058.89
1015.066	2058.89
1015.233	2902.65
1015.401	2896.51
1015.568	2175.63
1015.735	2511.49
1015.902	2939.52
1016.069	3000.96
1016.236	2185.87
1016.403	1821.33
1016.57	2433.67
1016.737	3185.27
1016.904	2163.34
1017.071	2015.88
1017.238	2486.92
1017.405	2628.23
1017.572	2105.99
1017.739	2478.72
1017.906	3148.41
1018.073	2892.41
1018.24	1843.85
1018.407	2249.35
1018.573	2636.42
1018.74	2607.75
1018.907	2085.51
1019.074	1741.46
1019.241	2609.79
1019.407	2509.44
1019.574	1837.71
1019.741	1862.29
1019.907	2863.74
1020.074	2947.71
1020.241	1522.32
1020.407	1606.29
1020.574	2370.18
1020.74	2517.64
1020.907	1768.08
1021.073	1608.34
1021.24	3074.68
1021.406	2501.25
1021.573	1634.96
1021.739	1677.97
1021.906	2558.6
1022.072	2232.97
1022.239	1868.43
1022.405	1837.71
1022.571	2335.37
1022.738	2206.34
1022.904	1616.53
1023.07	1794.7
1023.237	2341.51
1023.403	2407.05
1023.569	1665.68
1023.735	1649.3
1023.902	2298.5
1024.068	2265.74
1024.234	1444.5
1024.4	1610.39
1024.566	1976.97
1024.732	2085.51
1024.898	1548.95
1025.065	1227.42
1025.231	2075.28
1025.397	1964.68
1025.563	1542.8
1025.729	1315.48
1025.895	1669.78
1026.061	1886.86
1026.227	1053.34
1026.392	1594
1026.558	2181.77
1026.724	2212.49
1026.89	1387.16
1027.056	1567.38
1027.222	1854.09
1027.388	1962.64
1027.553	1391.25
1027.719	1370.77
1027.885	2308.74
1028.051	1940.11
1028.216	1043.1
1028.382	1315.48
1028.548	1952.4
1028.713	1854.09
1028.879	985.76
1029.045	1567.38
1029.21	2214.54
1029.376	2060.94
1029.541	1268.38
1029.707	1163.93
1029.873	2022.03
1030.038	2054.8
1030.204	1325.72
1030.369	1295
1030.534	1870.48
1030.7	1653.39
1030.865	1280.66
1031.031	1131.16
1031.196	1905.29
1031.361	1690.26
1031.527	1114.78
1031.692	1258.14
1031.857	1514.13
1032.023	1931.92
1032.188	1145.5
1032.353	1112.73
1032.518	2149
1032.684	1575.57
1032.849	930.46
1033.014	1217.18
1033.179	1753.74
1033.344	1763.98
1033.509	1305.24
1033.674	1055.39
1033.839	1766.03
1034.004	1796.75
1034.17	1088.15
1034.335	795.29
1034.5	1581.71
1034.664	1540.76
1034.829	1055.39
1034.994	1108.63
1035.159	1399.45
1035.324	1739.41
1035.489	1055.39
1035.654	946.84
1035.819	2388.61
1035.984	1665.68
1036.148	1110.68
1036.313	1026.72
1036.478	1811.09
1036.643	1606.29
1036.807	930.46
1036.972	893.6
1037.137	2253.45
1037.301	1428.12
1037.466	680.61
1037.631	1202.84
1037.795	1540.76
1037.96	1438.36
1038.124	1131.16
1038.289	807.58
1038.454	1471.12
1038.618	1653.39
1038.783	973.47
1038.947	1098.39
1039.111	1245.85
1039.276	1411.73
1039.44	815.77
1039.605	1692.3
1039.769	1389.21
1039.933	1295
1040.098	989.85
1040.262	1159.83
1040.426	1581.71
1040.591	1424.02
1040.755	705.18
1040.919	740
1041.083	1657.49
1041.248	1385.11
1041.412	527.01
1041.576	719.52
1041.74	1362.58
1041.904	1235.61
1042.068	713.38
1042.232	764.58
1042.397	1727.12
1042.561	1389.21
1042.725	508.58
1042.889	920.22
1043.053	1299.09
1043.217	1280.66
1043.381	731.81
1043.544	486.05
1043.708	1460.88
1043.872	1094.3
1044.036	338.6
1044.2	486.05
1044.364	1542.8
1044.528	1643.15
1044.691	3918.45
1044.855	621.22
1045.019	1413.78
1045.183	1407.64
1045.346	735.9
1045.51	522.91
1045.674	1417.88
1045.837	1307.29
1046.001	596.64
1046.165	613.03
1046.328	1735.31
1046.492	1092.25
1046.655	862.88
1046.819	660.13
1046.983	1090.2
1047.146	1002.14
1047.31	701.09
1047.473	410.28
1047.636	1168.02
1047.8	1036.95
1047.963	637.6
1048.127	541.35
1048.29	985.76
