345.52	-1332.2
345.736	-1332.2
345.952	-1332.2
346.168	-1295.34
346.384	-1270.76
346.6	-230.4
346.816	-291.84
347.032	-179.2
347.248	547.83
347.464	-289.79
347.68	-275.45
347.896	-41.98
348.112	388.09
348.328	-117.76
348.544	56.32
348.76	173.05
348.975	261.12
349.191	-349.18
349.407	-392.19
349.623	130.05
349.839	82.94
350.055	-293.88
350.27	-72.7
350.486	181.25
350.702	240.64
350.918	330.75
351.133	-128
351.349	123.9
351.565	472.06
351.781	-414.71
351.996	-39.94
352.212	123.9
352.428	107.52
352.644	-416.76
352.859	-304.12
353.075	257.02
353.291	5.12
353.506	-267.26
353.722	-408.57
353.938	23.55
354.153	488.44
354.369	289.79
354.584	-310.27
354.8	263.16
355.016	-70.65
355.231	-435.19
355.447	-95.23
355.662	435.19
355.878	795.64
356.093	-488.44
356.309	-140.29
356.524	-115.71
356.74	498.68
356.955	-470.01
357.171	-123.9
357.386	267.26
357.602	-78.85
357.817	-103.42
358.033	-238.59
358.248	361.47
358.464	306.17
358.679	-250.88
358.895	-498.68
359.11	121.85
359.325	111.61
359.541	474.1
359.756	-7.17
359.972	-203.77
360.187	480.25
360.402	-316.41
360.618	-279.55
360.833	1532.9
361.048	111.61
361.264	-242.68
361.479	-56.32
361.694	263.16
361.909	289.79
362.125	-461.82
362.34	-254.97
362.555	357.37
362.77	211.96
362.986	-470.01
363.201	-195.58
363.416	267.26
363.631	54.27
363.847	-340.99
364.062	-316.41
364.277	146.43
364.492	97.28
364.707	-216.06
364.922	-441.34
365.138	326.65
365.353	369.66
365.568	-467.96
365.783	-164.86
365.998	332.79
366.213	613.37
366.428	-357.37
366.643	50.18
366.858	435.19
367.073	289.79
367.288	-164.86
367.503	-316.41
367.718	72.7
367.933	441.34
368.148	-349.18
368.363	-68.61
368.578	267.26
368.793	492.54
369.008	-121.85
369.223	-316.41
369.438	365.56
369.653	244.73
369.868	-394.23
370.083	-345.08
370.298	220.16
370.513	500.73
370.728	150.53
370.943	-242.68
371.157	-50.18
371.372	683
371.587	-418.81
371.802	-463.86
372.017	46.08
372.232	601.08
372.446	-13.31
372.661	-273.4
372.876	297.98
373.091	353.27
373.306	-72.7
373.52	-474.1
373.735	35.84
373.95	603.13
374.165	-275.45
374.379	-242.68
374.594	7.17
374.809	482.3
375.023	21.5
375.238	-254.97
375.453	343.03
375.667	23.55
375.882	-345.08
376.097	-392.19
376.311	19.46
376.526	261.12
376.741	-320.51
376.955	238.59
377.17	568.31
377.384	1027.06
377.599	19.46
377.813	-541.69
378.028	916.47
378.242	308.22
378.457	-44.03
378.672	-357.37
378.886	-19.46
379.101	148.48
379.315	-449.53
379.53	-164.86
379.744	369.66
379.958	353.27
380.173	-308.22
380.387	-283.64
380.602	300.03
380.816	11.26
381.031	-166.91
381.245	-246.78
381.459	248.83
381.674	1119.21
381.888	-424.95
382.103	349.18
382.317	46.08
382.531	445.43
382.746	-58.37
382.96	-271.36
383.174	195.58
383.388	740.34
383.603	199.68
383.817	-394.23
384.031	179.2
384.246	519.16
384.46	-48.13
384.674	709.62
384.888	27.65
385.103	383.99
385.317	-459.77
385.531	44.03
385.745	805.88
385.959	455.67
386.174	-402.43
386.388	-316.41
386.602	164.86
386.816	23.55
387.03	-166.91
387.244	-58.37
387.458	246.78
387.672	375.8
387.887	-429.05
388.101	-324.6
388.315	381.95
388.529	166.91
388.743	-179.2
388.957	-275.45
389.171	465.91
389.385	37.89
389.599	-371.71
389.813	-23.55
390.027	150.53
390.241	820.21
390.455	-168.96
390.669	-31.74
390.883	113.66
391.097	611.32
391.311	148.48
391.525	-248.83
391.738	574.46
391.952	551.93
392.166	29.7
392.38	-379.9
392.594	453.63
392.808	386.04
393.022	-39.94
393.236	-140.29
393.449	248.83
393.663	639.99
393.877	-275.45
394.091	-113.66
394.305	207.87
394.518	109.57
394.732	-285.69
394.946	-80.89
395.16	805.88
395.373	216.06
395.587	-300.03
395.801	-230.4
396.015	353.27
396.228	383.99
396.442	-363.51
396.656	-447.48
396.869	359.42
397.083	836.6
397.297	-7.17
397.51	-160.77
397.724	343.03
397.938	355.32
398.151	-480.25
398.365	-383.99
398.578	375.8
398.792	687.09
399.005	179.2
399.219	-222.2
399.433	248.83
399.646	570.36
399.86	121.85
400.073	242.68
400.287	388.09
400.5	285.69
400.714	134.14
400.927	-82.94
401.141	613.37
401.354	1993.7
401.567	611.32
401.781	-318.46
401.994	367.61
402.208	771.06
402.421	37.89
402.635	-103.42
402.848	76.8
403.061	467.96
403.275	-7.17
403.488	-222.2
403.701	609.27
403.915	683
404.128	121.85
404.341	-128
404.555	820.21
404.768	173.05
404.981	234.49
405.195	-162.81
405.408	558.07
405.621	515.06
405.834	297.98
406.048	-209.92
406.261	566.26
406.474	474.1
406.687	-207.87
406.9	74.75
407.114	355.32
407.327	586.74
407.54	-257.02
407.753	-361.47
407.966	181.25
408.179	433.15
408.392	-195.58
408.605	-279.55
408.819	410.62
409.032	547.83
409.245	-78.85
409.458	230.4
409.671	359.42
409.884	627.7
410.097	-173.05
410.31	220.16
410.523	676.85
410.736	246.78
410.949	11.26
411.162	-115.71
411.375	594.93
411.588	416.76
411.801	80.89
412.014	-130.05
412.227	191.49
412.44	383.99
412.653	-7.17
412.865	240.64
413.078	642.04
413.291	513.02
413.504	27.65
413.717	-168.96
413.93	633.85
414.143	115.71
414.356	82.94
414.568	-257.02
414.781	519.16
414.994	547.83
415.207	179.2
415.42	95.23
415.632	459.77
415.845	1051.63
416.058	-246.78
416.271	-82.94
416.483	545.78
416.696	801.78
416.909	-109.57
417.121	-56.32
417.334	326.65
417.547	629.75
417.759	-89.09
417.972	-31.74
418.185	279.55
418.397	527.35
418.61	-15.36
418.823	-9.22
419.035	828.4
419.248	541.69
419.46	21.5
419.673	216.06
419.885	293.88
420.098	584.7
420.311	-46.08
420.523	-199.68
420.736	609.27
420.948	431.1
421.161	-3.07
421.373	-144.38
421.586	302.08
421.798	187.39
422.01	-138.24
422.223	304.12
422.435	171.01
422.648	713.72
422.86	-25.6
423.073	87.04
423.285	437.24
423.497	199.68
423.71	-54.27
423.922	80.89
424.134	762.87
424.347	1037.3
424.559	396.28
424.771	504.82
424.984	652.28
425.196	607.22
425.408	-173.05
425.621	-35.84
425.833	785.4
426.045	953.33
426.257	-76.8
426.47	203.77
426.682	371.71
426.894	521.21
427.106	-29.7
427.318	230.4
427.531	412.67
427.743	613.37
427.955	209.92
428.167	785.4
428.379	406.52
428.591	349.18
428.804	269.31
429.016	76.8
429.228	623.61
429.44	711.67
429.652	13570.86
429.864	-54.27
430.076	517.11
430.288	496.63
430.5	248.83
430.712	357.37
430.924	576.5
431.136	752.63
431.348	-19.46
431.56	138.24
431.772	367.61
431.984	416.76
432.196	115.71
432.408	205.82
432.62	494.58
432.832	797.68
433.044	582.65
433.256	261.12
433.468	904.18
433.679	353.27
433.891	58.37
434.103	574.46
434.315	990.19
434.527	752.63
434.739	265.21
434.95	242.68
435.162	687.09
435.374	289.79
435.586	347.13
435.798	189.44
436.009	521.21
436.221	533.5
436.433	277.5
436.645	148.48
436.856	644.09
437.068	1014.77
437.28	158.72
437.491	605.17
437.703	830.45
437.915	746.48
438.126	195.58
438.338	752.63
438.55	535.54
438.761	599.03
438.973	293.88
439.184	285.69
439.396	541.69
439.608	740.34
439.819	105.47
440.031	412.67
440.242	793.59
440.454	783.35
440.665	263.16
440.877	592.89
441.088	996.34
441.3	799.73
441.511	-37.89
441.723	261.12
441.934	1137.65
442.146	967.67
442.357	429.05
442.569	891.89
442.78	965.62
442.991	1436.65
443.203	902.13
443.414	359.42
443.626	1201.13
443.837	705.53
444.048	222.2
444.26	146.43
444.471	930.8
444.682	824.31
444.894	345.08
445.105	183.29
445.316	1106.93
445.528	930.8
445.739	482.3
445.95	545.78
446.161	783.35
446.373	1014.77
446.584	451.58
446.795	326.65
447.006	1156.08
447.217	1033.2
447.429	304.12
447.64	246.78
447.851	1700.84
448.062	1018.86
448.273	152.57
448.484	338.94
448.695	1006.58
448.907	1059.82
449.118	545.78
449.329	820.21
449.54	754.68
449.751	728.05
449.962	383.99
450.173	330.75
450.384	1037.3
450.595	1364.97
450.806	410.62
451.017	592.89
451.228	1285.1
451.439	1106.93
451.65	592.89
451.861	64.51
452.072	850.93
452.283	859.12
452.494	719.86
452.705	535.54
452.915	1477.61
453.126	1057.78
453.337	689.14
453.548	480.25
453.759	1438.7
453.97	1358.83
454.181	1082.35
454.391	570.36
454.602	1016.82
454.813	1479.66
455.024	650.23
455.235	580.6
455.445	1315.82
455.656	1014.77
455.867	820.21
456.078	592.89
456.288	850.93
456.499	1410.03
456.71	500.73
456.921	979.95
457.131	1260.52
457.342	1100.78
457.553	775.16
457.763	648.18
457.974	1194.99
458.184	1283.05
458.395	652.28
458.606	492.54
458.816	1567.72
459.027	1584.1
459.237	955.38
459.448	656.37
459.659	1373.16
459.869	2114.53
460.08	451.58
460.29	1016.82
460.501	1543.14
460.711	1303.53
460.922	474.1
461.132	678.9
461.343	2227.17
461.553	951.28
461.764	615.41
461.974	834.55
462.184	1489.9
462.395	1635.3
462.605	863.22
462.816	728.05
463.026	1596.39
463.236	1493.99
463.447	709.62
463.657	863.22
463.867	1629.16
464.078	1240.05
464.288	932.85
464.498	912.37
464.709	1604.58
464.919	1520.62
465.129	932.85
465.339	867.31
465.55	1559.53
465.76	1727.46
465.97	1086.45
466.18	1065.97
466.391	1799.14
466.601	1643.49
466.811	1174.51
467.021	812.02
467.231	1840.1
467.441	1733.61
467.651	1174.51
467.862	752.63
468.072	1489.9
468.282	1645.54
468.492	934.9
468.702	1373.16
468.912	1713.13
469.122	2395.1
469.332	1510.38
469.542	1149.93
469.752	2180.06
469.962	1827.81
470.172	1264.62
470.382	1252.33
470.592	2241.5
470.802	1987.55
471.012	1631.21
471.222	1387.5
471.432	1999.84
471.642	1987.55
471.852	1539.05
472.062	1287.15
472.272	1885.16
472.482	1854.44
472.691	1367.02
472.901	1401.83
473.111	1762.28
473.321	2540.51
473.531	1477.61
473.741	1874.92
473.95	2229.21
474.16	2276.32
474.37	1911.78
474.58	1407.98
474.79	2759.64
474.999	2178.01
475.209	1586.15
475.419	1885.16
475.628	2395.1
475.838	2710.49
476.048	1958.88
476.258	1551.34
476.467	2550.75
476.677	2253.79
476.886	2321.37
477.096	2145.25
477.306	2415.58
477.515	2507.74
477.725	2161.63
477.935	2319.32
478.144	3144.66
478.354	2513.88
478.563	2235.36
478.773	2063.33
478.982	2788.31
479.192	2859.99
479.401	2266.08
479.611	2137.06
479.82	2407.39
480.03	2812.89
480.239	2325.47
480.449	2153.44
480.658	3015.63
480.868	2874.32
481.077	2474.97
481.287	2388.96
481.496	2882.52
481.705	3277.77
481.915	2921.43
482.124	2745.3
482.333	3183.57
482.543	3529.67
482.752	2898.9
482.961	2587.61
483.171	3285.97
483.38	2989.01
483.589	2786.26
483.799	2651.1
484.008	3118.03
484.217	3136.46
484.426	2825.17
484.636	2784.21
484.845	3523.53
485.054	3111.89
485.263	3513.29
485.472	2931.67
485.682	3625.93
485.891	3550.15
486.1	2802.65
486.309	3072.98
486.518	3627.98
486.727	4336.57
486.936	2970.58
487.146	3169.23
487.355	3849.16
487.564	3521.48
487.773	3253.2
487.982	3232.72
488.191	3695.56
488.4	4041.67
488.609	3197.9
488.818	3300.3
489.027	4225.98
489.236	4344.77
489.445	3488.71
489.654	3187.66
489.863	4406.2
490.072	4066.24
490.281	4037.57
490.49	3611.59
490.698	4348.86
490.907	4838.33
491.116	3580.87
491.325	3589.07
491.534	4359.1
491.743	4070.34
491.952	3781.57
492.16	3890.12
492.369	4383.68
492.578	4598.71
492.787	3832.77
492.996	3679.18
493.204	4252.61
493.413	4809.65
493.622	3691.46
493.831	3509.19
494.039	4801.46
494.248	4404.16
494.457	3638.22
494.665	3808.2
494.874	4778.94
495.083	5254.06
495.291	4144.06
495.5	3908.55
495.709	4832.18
495.917	4582.33
496.126	4262.85
496.335	4025.28
496.543	4727.74
496.752	4776.89
496.96	4602.81
497.169	4037.57
497.377	4694.97
497.586	4823.99
497.794	4385.73
498.003	3926.98
498.211	4795.32
498.42	4967.35
498.628	4457.4
498.837	4252.61
499.045	4928.44
499.254	4733.88
499.462	4428.73
499.671	4342.72
499.879	5802.92
500.087	5219.25
500.296	4273.09
500.504	4340.67
500.713	4996.02
500.921	5548.97
501.129	4426.68
501.338	4426.68
501.546	5221.3
501.754	5112.75
501.962	4598.71
502.171	4359.1
502.379	5368.75
502.587	5532.59
502.795	4537.27
503.004	4787.13
503.212	5626.79
503.42	5581.74
503.628	4756.41
503.837	4946.87
504.045	5432.24
504.253	5962.66
504.461	4688.82
504.669	4594.62
504.877	6046.63
505.085	5655.47
505.294	4823.99
505.502	5204.91
505.71	6103.97
505.918	5653.42
506.126	4801.46
506.334	4864.95
506.542	5628.84
506.75	5667.75
506.958	5290.93
507.166	5039.03
507.374	5350.32
507.582	6022.05
507.79	5319.6
507.998	5245.87
508.206	6239.14
508.414	5948.33
508.622	5067.7
508.83	5307.31
509.037	5737.38
509.245	5491.63
509.453	5077.94
509.661	4936.63
509.869	6103.97
510.077	5632.94
510.285	5610.41
510.492	4842.42
510.7	6374.3
510.908	5663.66
511.116	5311.41
511.324	5233.58
511.531	5798.82
511.739	6128.55
511.947	5696.43
512.155	5929.89
512.362	6126.5
512.57	5829.54
512.778	5422
512.985	5266.35
513.193	5993.38
513.401	6284.19
513.608	5538.73
513.816	5622.7
514.024	6122.4
514.231	6144.93
514.439	5786.54
514.646	5788.58
514.854	6511.52
515.061	6300.58
515.269	5708.71
515.477	5620.65
515.684	6269.86
515.892	6486.94
516.099	5467.05
516.307	5553.07
516.514	6835.1
516.722	6806.42
516.929	5737.38
517.136	5667.75
517.344	6546.33
517.551	6658.97
517.759	5690.28
517.966	5972.9
518.173	6482.85
518.381	6611.87
518.588	5933.99
518.796	5759.91
519.003	6835.1
519.21	6536.09
519.418	5995.43
519.625	6513.56
519.832	6626.2
520.039	6767.51
520.247	5643.18
520.454	6146.98
520.661	6622.11
520.868	6847.38
521.076	6235.04
521.283	6089.64
521.49	7218.07
521.697	7074.71
521.904	5970.85
522.112	6249.38
522.319	6976.41
522.526	6845.34
522.733	6196.13
522.94	6265.76
523.147	6837.14
523.354	6681.5
523.561	6140.83
523.768	6601.63
523.975	7087
524.183	6914.97
524.39	6779.8
524.597	6185.89
524.804	6857.62
525.011	6849.43
525.218	6386.59
525.425	6362.01
525.632	7441.29
525.838	6998.93
526.045	6495.13
526.252	6826.9
526.459	8778.62
526.666	8811.39
526.873	6603.68
527.08	6615.96
527.287	7521.17
527.494	7474.06
527.701	6495.13
527.907	6536.09
528.114	7576.46
528.321	7242.64
528.528	6712.22
528.735	6740.89
528.941	7324.56
529.148	7369.62
529.355	6800.28
529.562	6747.03
529.768	8283.01
529.975	7087
530.182	6816.66
530.388	6833.05
530.595	7627.66
530.802	7121.81
531.008	7345.04
531.215	7109.52
531.422	8559.49
531.628	8424.32
531.835	7043.99
532.042	7029.65
532.248	7494.54
532.455	7699.34
532.661	6990.74
532.868	7168.91
533.074	7957.38
533.281	8100.74
533.487	6896.53
533.694	6982.55
533.9	7615.37
534.107	7687.05
534.313	7254.93
534.52	7205.78
534.726	7871.37
534.933	8326.02
535.139	7048.08
535.345	6982.55
535.552	8498.05
535.758	8145.8
535.965	7453.58
536.171	7297.94
536.377	8170.37
536.584	8498.05
536.79	7453.58
536.996	7687.05
537.203	8211.33
537.409	8465.28
537.615	7576.46
537.821	7867.27
538.028	8840.06
538.234	7988.1
538.44	7689.1
538.646	7691.15
538.853	8158.08
539.059	8018.82
539.265	8297.35
539.471	7338.9
539.677	8358.78
539.883	8350.59
540.09	9485.17
540.296	8434.56
540.502	8338.3
540.708	8481.66
540.914	8354.69
541.12	7793.55
541.326	8627.07
541.532	8612.73
541.738	8131.46
541.944	7969.67
542.15	8723.32
542.356	8530.81
542.562	7955.33
542.768	8086.4
542.974	8940.41
543.18	9087.86
543.386	8090.5
543.592	7781.26
543.798	9481.07
544.004	8893.3
544.21	7850.89
544.415	8424.32
544.621	8913.78
544.827	9407.34
545.033	7967.62
545.239	8549.25
545.445	8594.3
545.651	9001.85
545.856	8309.63
546.062	8182.66
546.268	8862.58
546.474	8901.5
546.679	8266.63
546.885	8457.09
547.091	8731.51
547.297	9515.89
547.502	8465.28
547.708	8256.39
547.914	8874.87
548.119	9503.6
548.325	8223.62
548.531	8194.95
548.736	9800.55
548.942	8995.7
549.147	8264.58
549.353	8883.06
549.559	9542.51
549.764	9196.4
549.97	8330.11
550.175	8440.7
550.381	9302.9
550.586	9001.85
550.792	8557.44
550.997	8622.97
551.203	9472.88
551.408	9499.5
551.614	8465.28
551.819	8600.44
552.025	9984.87
552.23	9548.65
552.435	8737.66
552.641	9227.12
552.846	9298.8
553.052	9767.79
553.257	9028.47
553.462	8706.94
553.668	9147.25
553.873	9524.08
554.078	8811.39
554.283	8838.01
554.489	9712.49
554.694	9460.59
554.899	8936.31
555.105	9296.75
555.31	9554.8
555.515	9866.09
555.72	9313.14
555.925	10183.52
556.131	9712.49
556.336	9728.88
556.541	9040.76
556.746	9079.67
556.951	9886.57
557.156	9870.19
557.361	9280.37
557.567	9583.47
557.772	10015.59
557.977	9794.41
558.182	9153.4
558.387	9165.68
558.592	9640.81
558.797	10265.44
559.002	9364.34
559.207	9366.39
559.412	10011.5
559.617	10550.11
559.822	9325.43
560.027	9122.68
560.232	9771.88
560.437	10247.01
560.642	9239.41
560.847	9442.16
561.051	9890.67
561.256	10091.37
561.461	9481.07
561.666	9458.54
561.871	9933.67
562.076	10300.26
562.281	9542.51
562.485	9335.67
562.69	10271.59
562.895	10113.89
563.1	9421.68
563.305	9241.46
563.509	10230.63
563.714	10509.15
563.919	9509.74
564.123	9669.48
564.328	10099.56
564.533	10638.17
564.737	9651.05
564.942	9552.75
565.147	10373.99
565.351	10566.49
565.556	9628.53
565.761	9737.07
565.965	10695.52
566.17	10312.55
566.374	9534.32
566.579	9655.15
566.784	10404.71
566.988	10431.33
567.193	9474.93
567.397	9882.47
567.602	10306.4
567.806	10373.99
568.011	9980.78
568.215	9669.48
568.42	10316.64
568.624	10505.06
568.828	9757.55
569.033	10031.97
569.237	10707.8
569.442	10593.12
569.646	9575.28
569.85	9976.68
570.055	10767.2
570.259	10652.51
570.463	10474.34
570.668	9765.74
570.872	10531.68
571.076	10537.82
571.281	10079.08
571.485	9956.2
571.689	10580.83
571.893	10609.5
572.098	10122.09
572.302	10111.85
572.506	10734.43
572.71	10863.45
572.914	10220.39
573.119	10034.02
573.323	11000.66
573.527	11178.84
573.731	10130.28
573.935	9849.71
574.139	10703.71
574.343	10533.73
574.547	10359.65
574.751	10543.97
574.955	11066.2
575.159	10984.28
575.364	10357.6
575.568	10255.2
575.772	10902.36
575.976	11117.4
576.18	10191.72
576.383	10388.32
576.587	11162.45
576.791	11125.59
576.995	10185.57
577.199	10169.19
577.403	10834.78
577.607	10961.75
577.811	10195.81
578.015	10601.31
578.219	11107.16
578.422	11150.17
578.626	10740.57
578.83	10847.07
579.034	11475.79
579.238	11324.24
579.442	10488.67
579.645	11123.54
579.849	11219.8
580.053	11352.91
580.257	10574.69
580.46	10726.24
580.664	11590.48
580.868	11488.08
581.071	10908.51
581.275	10910.55
581.479	10947.42
581.682	11604.81
581.886	10593.12
582.09	10935.13
582.293	11983.69
582.497	11889.48
582.7	11127.64
582.904	10818.39
583.107	11545.42
583.311	11539.28
583.515	10777.44
583.718	11017.05
583.922	11594.58
584.125	12329.8
584.329	10632.03
584.532	11133.78
584.735	12022.6
584.939	11572.05
585.142	10789.72
585.346	10969.94
585.549	11856.72
585.753	11674.45
585.956	11088.73
586.159	11477.84
586.363	12057.42
586.566	11707.21
586.769	10955.61
586.973	10996.57
587.176	11772.75
587.379	11631.44
587.582	11461.46
587.786	11500.37
587.989	11961.16
588.192	12774.21
588.395	11428.69
588.599	11572.05
588.802	11914.06
589.005	11952.97
589.208	11473.74
589.411	11500.37
589.615	12133.19
589.818	12514.11
590.021	11760.46
590.224	11557.71
590.427	12256.07
590.63	12337.99
590.833	11436.88
591.036	11502.42
591.239	12024.65
591.442	12073.8
591.645	12065.61
591.848	11735.88
592.051	11991.88
592.254	12407.62
592.457	11881.29
592.66	11658.06
592.863	12165.96
593.066	12424
593.269	11754.32
593.472	11475.79
593.675	12055.37
593.878	12192.58
594.081	11828.04
594.284	11428.69
594.486	12473.15
594.689	12311.36
594.892	11875.15
595.095	12108.62
595.298	12473.15
595.5	12444.48
595.703	12008.26
595.906	11864.91
596.109	12665.66
596.311	12370.76
596.514	11504.46
596.717	12053.32
596.92	12907.32
597.122	12858.17
597.325	11754.32
597.528	11887.43
597.73	13011.77
597.933	13007.67
598.136	11817.8
598.338	11580.24
598.541	13134.65
598.743	12985.15
598.946	11914.06
599.148	12165.96
599.351	13050.68
599.554	12553.02
599.756	12286.79
599.959	12520.26
600.161	12979
600.363	13247.29
600.566	12612.42
600.768	12245.83
600.971	13173.56
601.173	12802.88
601.376	12385.09
601.578	12297.03
601.78	12895.04
601.983	13615.92
602.185	12127.05
602.388	12643.14
602.59	12884.8
602.792	12944.19
602.995	12565.31
603.197	12305.22
603.399	13335.35
603.601	13308.72
603.804	12280.64
604.006	12622.66
604.208	12974.91
604.41	12782.4
604.613	12938.04
604.815	12405.57
605.017	13609.78
605.219	12927.8
605.421	13185.85
605.623	12333.89
605.826	13347.64
606.028	13851.44
606.23	12510.02
606.432	12409.67
606.634	13204.28
606.836	13185.85
607.038	12458.82
607.24	12837.69
607.442	13460.27
607.644	13151.03
607.846	12720.96
608.048	12188.49
608.25	13282.1
608.452	12753.73
608.654	12639.04
608.856	12286.79
609.058	12913.47
609.26	13534
609.462	12651.33
609.664	12680
609.866	13245.24
610.067	13310.77
610.269	12886.84
610.471	12743.49
610.673	13157.18
610.875	13189.94
611.077	12690.24
611.278	12770.11
611.48	13134.65
611.682	13626.16
611.884	12770.11
612.085	12729.15
612.287	12872.51
612.489	12956.47
612.69	12618.56
612.892	12745.53
613.094	13724.46
613.295	13110.07
613.497	12331.84
613.699	13067.06
613.9	13617.97
614.102	13452.08
614.304	12804.92
614.505	12616.51
614.707	13218.61
614.908	13345.59
615.11	12532.54
615.311	13019.96
615.513	13437.75
615.714	13540.15
615.916	12667.71
616.117	13179.7
616.319	13425.46
616.52	13714.22
616.722	12778.3
616.923	12589.89
617.124	13540.15
617.326	13273.91
617.527	12942.14
617.729	13280.05
617.93	13675.31
618.131	13593.39
618.333	12716.86
618.534	13040.44
618.735	13675.31
618.937	13626.16
619.138	12667.71
619.339	12657.47
619.54	13597.49
619.742	13398.84
619.943	13050.68
620.144	12909.37
620.345	13939.5
620.546	13458.23
620.748	13212.47
620.949	13019.96
621.15	13753.13
621.351	13445.94
621.552	12938.04
621.753	12802.88
621.954	13437.75
622.155	14025.51
622.356	12964.67
622.558	13347.64
622.759	13689.65
622.96	14115.62
623.161	13294.39
623.362	12907.32
623.563	13744.94
623.764	13564.72
623.965	12960.57
624.166	13630.26
624.366	13484.85
624.567	13663.02
624.768	12751.68
624.969	12903.23
625.17	13458.23
625.371	13744.94
625.572	13640.5
625.773	13183.8
625.973	13824.81
626.174	14037.8
626.375	13398.84
626.576	13450.03
626.777	13683.5
626.977	14134.06
627.178	13361.97
627.379	13337.4
627.58	13507.38
627.78	13622.06
627.981	13118.26
628.182	13577.01
628.382	13658.93
628.583	13351.73
628.784	13065.02
628.984	13456.18
629.185	13859.63
629.386	13869.87
629.586	13298.49
629.787	13091.64
629.987	14035.75
630.188	13929.26
630.388	13286.2
630.589	13554.48
630.79	14379.81
630.99	13673.26
631.191	13409.08
631.391	13632.3
631.591	14017.32
631.792	14140.2
631.992	13759.28
632.193	13556.53
632.393	13992.75
632.594	13777.71
632.794	13384.5
632.994	13714.22
633.195	13796.14
633.395	13820.72
633.595	13542.19
633.796	13841.2
633.996	14043.95
634.196	14349.09
634.397	13046.58
634.597	13343.54
634.797	13964.07
634.997	14228.26
635.198	13921.07
635.398	13554.48
635.598	14129.96
635.798	14129.96
635.998	14117.67
636.199	13359.92
636.399	13816.62
636.599	13970.22
636.799	13439.79
636.999	14097.19
637.199	14263.08
637.399	14449.44
637.599	13337.4
637.799	13900.59
637.999	14205.74
638.199	14218.02
638.399	13988.65
638.599	13671.22
638.799	14256.93
638.999	14572.32
639.199	13677.36
639.399	13599.54
639.599	14027.56
639.799	14156.58
639.999	13540.15
640.199	13558.58
640.399	14015.27
640.599	14203.69
640.799	13583.15
640.998	13902.64
641.198	14351.14
641.398	14150.44
641.598	14134.06
641.798	13744.94
641.997	15244.06
642.197	13945.64
642.397	14093.1
642.597	13935.4
642.796	14228.26
642.996	14179.11
643.196	14263.08
643.395	13773.61
643.595	14107.43
643.795	14043.95
643.994	14070.57
644.194	13935.4
644.394	14678.82
644.593	14555.94
644.793	13900.59
644.992	14279.46
645.192	14496.55
645.392	14189.35
645.591	14222.12
645.791	14101.29
645.99	14625.57
646.19	14228.26
646.389	14103.34
646.589	13988.65
646.788	14426.92
646.987	14402.34
647.187	14443.3
647.386	14490.4
647.586	14342.95
647.785	14674.72
647.984	13886.25
648.184	14400.29
648.383	14299.94
648.582	14207.78
648.782	13847.34
648.981	14185.26
649.18	14277.41
649.38	14410.53
649.579	14353.19
649.778	14060.33
649.977	14897.95
650.177	14568.23
650.376	14113.58
650.575	14070.57
650.774	14811.93
650.973	14322.47
651.173	13544.24
651.372	14218.02
651.571	14476.07
651.77	14641.95
651.969	14101.29
652.168	14394.15
652.367	14463.78
652.566	14265.13
652.765	14160.68
652.964	14717.73
653.163	14811.93
653.362	14437.16
653.561	13927.21
653.76	14349.09
653.959	14717.73
654.158	14979.87
654.357	14254.89
654.556	14314.28
654.755	15053.59
654.954	14734.11
655.153	14310.18
655.352	14609.19
655.551	15059.74
655.749	14891.8
655.948	14318.37
656.147	14316.33
656.346	14648.1
656.545	14869.28
656.743	14117.67
656.942	14453.54
657.141	14592.8
657.34	14314.28
657.538	14119.72
657.737	14215.98
657.936	14850.85
658.135	14635.81
658.333	14605.09
658.532	14666.53
658.731	15328.02
658.929	15137.56
659.128	14619.42
659.326	14306.09
659.525	15203.1
659.724	14986.01
659.922	13968.17
660.121	14246.69
660.319	14498.59
660.518	14359.33
660.716	14283.56
660.915	14195.5
661.113	14947.1
661.312	14375.72
661.51	14416.68
661.709	13906.73
661.907	14854.94
662.105	15082.27
662.304	14363.43
662.502	14408.48
662.701	14926.62
662.899	14705.44
663.097	15059.74
663.296	14357.28
663.494	15088.41
663.692	15215.38
663.891	14148.39
664.089	14416.68
664.287	14955.29
664.485	15477.52
664.684	14312.23
664.882	14703.39
665.08	15362.84
665.278	14879.52
665.476	14150.44
665.675	14906.14
665.873	15452.95
666.071	15225.62
666.269	14299.94
666.467	14918.43
666.665	15127.32
666.863	14969.63
667.061	14869.28
667.259	14447.4
667.457	15057.69
667.655	15059.74
667.853	14506.79
668.051	14797.6
668.249	14902.04
668.447	15172.38
668.645	14414.63
668.843	15047.45
669.041	15317.78
669.239	14762.78
669.437	14584.61
669.635	14625.57
669.833	14871.33
670.031	14875.42
670.229	14633.76
670.426	14713.63
670.624	14906.14
670.822	14734.11
671.02	14568.23
671.218	14697.25
671.415	15067.93
671.613	15069.98
671.811	14611.23
672.009	14736.16
672.206	15319.83
672.404	14789.41
672.602	14916.38
672.799	14662.43
672.997	15258.39
673.195	15041.31
673.392	14611.23
673.59	14345
673.788	14963.48
673.985	14220.07
674.183	14824.22
674.38	14619.42
674.578	15223.58
674.775	14861.09
674.973	14388
675.17	14334.76
675.368	15098.65
675.565	14822.17
675.763	14361.38
675.96	14172.97
676.158	14773.02
676.355	14828.32
676.553	14072.62
676.75	14504.74
676.947	14644
677.145	14488.35
677.342	14539.55
677.539	14687.01
677.737	15219.48
677.934	15131.42
678.131	14760.73
678.329	14426.92
678.526	15647.51
678.723	14963.48
678.92	14744.35
679.118	14615.33
679.315	14871.33
679.512	14949.15
679.709	14502.69
679.906	14557.99
680.104	15229.72
680.301	14631.71
680.498	14091.05
680.695	14289.7
680.892	14797.6
681.089	14627.62
681.286	14523.17
681.483	13892.4
681.68	14549.79
681.877	14758.69
682.075	14203.69
682.272	14486.31
682.469	15024.92
682.665	14519.07
682.862	13839.15
683.059	14000.94
683.256	14625.57
683.453	14859.04
683.65	14256.93
683.847	14234.41
684.044	14820.13
684.241	14261.03
684.438	14416.68
684.635	13873.96
684.831	14918.43
685.028	15115.03
685.225	13771.57
685.422	14637.86
685.619	14367.52
685.815	14519.07
686.012	14230.31
686.209	14099.24
686.405	14584.61
686.602	14715.68
686.799	14105.38
686.996	14148.39
687.192	14295.85
687.389	15057.69
687.586	13830.96
687.782	14283.56
687.979	15035.16
688.175	14746.4
688.372	13980.46
688.568	14086.95
688.765	14111.53
688.962	14709.54
689.158	14179.11
689.355	13617.97
689.551	14494.5
689.748	14488.35
689.944	13986.6
690.14	13976.36
690.337	14506.79
690.533	14484.26
690.73	14015.27
690.926	14258.98
691.123	14254.89
691.319	14326.57
691.515	13699.89
691.712	14234.41
691.908	14334.76
692.104	14422.82
692.301	14015.27
692.497	13863.72
692.693	14730.02
692.889	14265.13
693.086	14060.33
693.282	13792.05
693.478	14484.26
693.674	14646.05
693.87	14105.38
694.067	13925.16
694.263	14177.06
694.459	14107.43
694.655	14201.64
694.851	13865.77
695.047	14400.29
695.243	14314.28
695.439	13945.64
695.635	13710.13
695.831	14191.4
696.027	14254.89
696.224	13906.73
696.42	13910.83
696.615	14594.85
696.811	14504.74
697.007	13626.16
697.203	13865.77
697.399	14033.71
697.595	14082.86
697.791	13515.57
697.987	13916.97
698.183	14195.5
698.379	13998.89
698.575	13728.56
698.77	13740.85
698.966	14209.83
699.162	14447.4
699.358	13529.91
699.554	13755.18
699.749	14320.42
699.945	14156.58
700.141	13681.46
700.337	13613.87
700.532	13871.92
700.728	14142.25
700.924	13525.81
701.119	13343.54
701.315	14146.34
701.511	14132.01
701.706	13779.76
701.902	13325.11
702.097	14199.59
702.293	14117.67
702.489	13589.3
702.684	13591.34
702.88	14312.23
703.075	14175.02
703.271	13636.4
703.466	13400.88
703.662	13706.03
703.857	13953.84
704.053	13761.33
704.248	13728.56
704.443	14418.72
704.639	14072.62
704.834	13708.08
705.03	13484.85
705.225	14097.19
705.42	14306.09
705.616	13675.31
705.811	13355.83
706.006	13677.36
706.202	13818.67
706.397	13646.64
706.592	13325.11
706.787	14054.19
706.983	13697.84
707.178	13933.36
707.373	13482.8
707.568	13734.7
707.763	13980.46
707.959	13398.84
708.154	13669.17
708.349	13771.57
708.544	14252.84
708.739	13761.33
708.934	13361.97
709.129	13830.96
709.324	14134.06
709.519	13204.28
709.714	13542.19
709.909	14064.43
710.104	13898.54
710.299	13357.88
710.494	13572.91
710.689	13708.08
710.884	13624.11
711.079	13282.1
711.274	13374.26
711.469	14056.23
711.664	13716.27
711.859	13642.54
712.054	13595.44
712.249	13882.16
712.443	13771.57
712.638	13333.3
712.833	13046.58
713.028	13628.21
713.223	13183.8
713.417	13646.64
713.612	13409.08
713.807	14097.19
714.002	14646.05
714.196	13587.25
714.391	13073.21
714.586	13847.34
714.78	13843.24
714.975	13224.76
715.17	13306.68
715.364	13882.16
715.559	13716.27
715.754	12426.05
715.948	12766.01
716.143	14185.26
716.337	13488.95
716.532	13574.96
716.726	13085.5
716.921	13656.88
717.115	13855.53
717.31	12933.95
717.504	14144.3
717.699	13372.21
717.893	13470.51
718.088	12950.33
718.282	12948.28
718.476	13462.32
718.671	13759.28
718.865	13187.89
719.059	13114.17
719.254	13271.86
719.448	13966.12
719.642	15698.7
719.837	12766.01
720.031	15121.18
720.225	13597.49
720.419	12929.85
720.614	12852.03
720.808	13515.57
721.002	13318.96
721.196	13177.65
721.39	12796.73
721.585	13411.12
721.779	13736.75
721.973	13054.78
722.167	12522.3
722.361	13404.98
722.555	13613.87
722.749	12974.91
722.943	12839.74
723.137	12993.34
723.331	13536.05
723.525	12751.68
723.719	12817.21
723.913	13546.29
724.107	13937.45
724.301	12854.08
724.495	13050.68
724.689	13814.57
724.883	13349.68
725.077	12790.59
725.271	12778.3
725.465	13556.53
725.659	13116.22
725.853	13071.16
726.046	12383.04
726.24	12821.31
726.434	13349.68
726.628	13052.73
726.822	12651.33
727.015	13464.37
727.209	13744.94
727.403	12854.08
727.596	12401.47
727.79	13235
727.984	13450.03
728.177	12743.49
728.371	12770.11
728.565	13255.48
728.758	12800.83
728.952	12608.32
729.146	12702.53
729.339	13294.39
729.533	13151.03
729.726	12768.06
729.92	12507.97
730.113	13417.27
730.307	12950.33
730.5	12682.05
730.694	12684.09
730.887	12995.39
731.081	13447.99
731.274	12419.91
731.468	12680
731.661	13007.67
731.854	13124.41
732.048	12600.13
732.241	12374.85
732.435	13052.73
732.628	13052.73
732.821	12516.16
733.014	12524.35
733.208	12680
733.401	13187.89
733.594	12618.56
733.788	12385.09
733.981	13040.44
734.174	13302.58
734.367	12467.01
734.56	12696.38
734.754	13378.36
734.947	13134.65
735.14	12501.83
735.333	12755.77
735.526	13372.21
735.719	12950.33
735.912	12587.84
736.105	12327.75
736.298	13116.22
736.491	13011.77
736.684	12350.28
736.877	12456.77
737.07	13288.25
737.263	13654.83
737.456	12585.79
737.649	12186.44
737.842	13339.44
738.035	13105.98
738.228	12598.08
738.421	12813.12
738.614	13146.94
738.807	13191.99
739	12260.16
739.192	12415.81
739.385	13036.35
739.578	12876.6
739.771	13126.46
739.964	12460.87
740.156	13394.74
740.349	13097.78
740.542	13093.69
740.735	12329.8
740.927	12694.33
741.12	12761.92
741.313	12264.26
741.505	12704.57
741.698	13046.58
741.891	13048.63
742.083	12798.78
742.276	12698.43
742.468	13126.46
742.661	12985.15
742.854	12493.63
743.046	12391.23
743.239	13130.55
743.431	13011.77
743.624	12540.74
743.816	11889.48
744.009	12706.62
744.201	12913.47
744.393	12700.48
744.586	12280.64
744.778	13140.79
744.971	12845.88
745.163	12319.56
745.355	12624.7
745.548	12616.51
745.74	13179.7
745.932	12534.59
746.125	12442.43
746.317	13321.01
746.509	12874.56
746.702	12157.77
746.894	12225.35
747.086	12892.99
747.278	13177.65
747.471	12366.66
747.663	12237.64
747.855	12954.43
748.047	13155.13
748.239	12311.36
748.431	12499.78
748.623	13181.75
748.815	13153.08
749.008	12282.69
749.2	12337.99
749.392	12903.23
749.584	13114.17
749.776	12491.59
749.968	12444.48
750.16	12966.71
750.352	12354.37
750.544	12315.46
750.736	12125
750.928	12819.26
751.12	12733.25
751.311	12241.73
751.503	12514.11
751.695	12753.73
751.887	12729.15
752.079	12168.01
752.271	12032.84
752.463	13263.67
752.654	12645.18
752.846	12260.16
753.038	12000.07
753.23	12575.55
753.421	12518.21
753.613	11987.79
753.805	12419.91
753.997	12704.57
754.188	12839.74
754.38	12112.71
754.572	12032.84
754.763	12383.04
754.955	12534.59
755.146	12186.44
755.338	12065.61
755.53	12833.6
755.721	12471.11
755.913	12059.46
756.104	11967.31
756.296	12229.45
756.487	12745.53
756.679	11500.37
756.87	11813.71
757.062	12247.88
757.253	12223.3
757.445	11795.28
757.636	12127.05
757.827	12524.35
758.019	13075.26
758.21	11494.22
758.401	11606.86
758.593	13013.82
758.784	12766.01
758.975	11639.63
759.167	11682.64
759.358	12200.77
759.549	12710.72
759.74	11461.46
759.932	11668.3
760.123	12266.31
760.314	12307.27
760.505	11957.07
760.696	11709.26
760.888	12356.42
761.079	12421.95
761.27	11737.93
761.461	11336.53
761.652	12452.67
761.843	12024.65
762.034	11973.45
762.225	12116.81
762.416	12022.6
762.607	11899.72
762.798	11483.98
762.989	11627.34
763.18	13185.85
763.371	11993.93
763.562	11518.8
763.753	11412.31
763.944	12153.67
764.135	11955.02
764.326	11932.49
764.517	11641.68
764.708	11920.2
764.899	12170.05
765.089	11111.25
765.28	11307.86
765.471	11449.17
765.662	11873.1
765.853	11514.7
766.043	11203.41
766.234	11688.78
766.425	11729.74
766.615	11203.41
766.806	11062.1
766.997	11809.61
767.187	11733.84
767.378	11010.9
767.569	11131.73
767.759	11690.83
767.95	11387.73
768.141	11307.86
768.331	11279.19
768.522	11750.22
768.712	11850.57
768.903	11137.88
769.093	11234.13
769.284	11803.47
769.474	11799.37
769.665	10988.38
769.855	10738.52
770.046	12061.51
770.236	11658.06
770.426	11334.48
770.617	11088.73
770.807	11471.7
770.998	11768.65
771.188	11070.3
771.378	11055.96
771.569	11807.56
771.759	11332.44
771.949	10928.99
772.139	10685.28
772.33	11305.81
772.52	11498.32
772.71	10689.37
772.9	10627.93
773.09	11369.3
773.281	11639.63
773.471	10582.88
773.661	10828.63
773.851	11053.91
774.041	11408.21
774.231	10556.25
774.421	11015
774.611	11529.04
774.802	11385.68
774.992	10609.5
775.182	10464.1
775.372	11262.8
775.562	11680.59
775.752	11002.71
775.942	10724.19
776.131	11549.52
776.321	11152.21
776.511	10439.52
776.701	10584.93
776.891	11846.48
777.081	11037.53
777.271	10707.8
777.461	10578.78
777.651	11193.17
777.84	11389.78
778.03	10533.73
778.22	10201.96
778.41	11328.34
778.599	11004.76
778.789	10546.02
778.979	10503.01
779.169	10865.5
779.358	10857.31
779.548	10873.69
779.738	10371.94
779.927	10763.1
780.117	10613.6
780.307	10330.98
780.496	9837.42
780.686	11123.54
780.875	11494.22
781.065	10136.42
781.254	10142.57
781.444	11021.14
781.633	10748.76
781.823	10031.97
782.012	10099.56
782.202	10804.06
782.391	10691.42
782.581	10228.58
782.77	10492.77
782.96	10955.61
783.149	10498.91
783.338	9984.87
783.528	9722.73
783.717	10888.03
783.906	10931.03
784.096	10302.31
784.285	10046.31
784.474	10834.78
784.663	10535.78
784.853	9722.73
785.042	10312.55
785.231	10562.4
785.42	10570.59
785.61	10380.13
785.799	9950.06
785.988	10933.08
786.177	10220.39
786.366	10109.8
786.555	10230.63
786.744	10427.23
786.933	10584.93
787.122	9749.36
787.312	9773.93
787.501	10320.74
787.69	10466.14
787.879	9849.71
788.068	9724.78
788.257	10097.51
788.445	10509.15
788.634	9786.22
788.823	9718.64
789.012	10746.72
789.201	10904.41
789.39	9831.27
789.579	9898.86
789.768	10523.49
789.957	10521.44
790.145	9886.57
790.334	9470.83
790.523	10136.42
790.712	10111.85
790.9	9657.2
791.089	9325.43
791.278	10402.66
791.467	10031.97
791.655	10050.41
791.844	10464.1
792.033	10066.79
792.221	10054.5
792.41	9612.14
792.599	9200.5
792.787	10077.03
792.976	10378.08
793.164	9423.73
793.353	9681.77
793.541	10328.93
793.73	10355.55
793.918	9653.1
794.107	9696.11
794.295	10169.19
794.484	10066.79
794.672	9413.49
794.861	9311.09
795.049	9847.66
795.238	10414.95
795.426	9063.29
795.614	9479.02
795.803	10191.72
795.991	10154.85
796.179	9337.71
796.368	9268.08
796.556	10208.1
796.744	9778.03
796.932	9294.71
797.121	9106.29
797.309	9767.79
797.497	10017.64
797.685	9358.19
797.874	9212.79
798.062	10023.78
798.25	10025.83
798.438	9329.52
798.626	9497.46
798.814	10070.89
799.002	10228.58
799.19	9573.23
799.378	9233.27
799.566	10105.7
799.755	10193.76
799.943	9591.66
800.131	9386.86
800.318	9724.78
800.506	10179.43
800.694	9012.09
800.882	9522.03
801.07	10341.22
801.258	9780.07
801.446	9304.95
801.634	9401.2
801.822	9851.75
802.01	9988.97
802.197	9364.34
802.385	9540.46
802.573	10056.55
802.761	9784.17
802.949	9491.31
803.136	9046.9
803.324	10101.61
803.512	9806.7
803.699	9509.74
803.887	9053.05
804.075	10140.52
804.262	9855.85
804.45	9161.59
804.638	9515.89
804.825	9616.24
805.013	9827.18
805.201	9290.61
805.388	9094.01
805.576	10001.26
805.763	9988.97
805.951	9427.82
806.138	9667.44
806.326	10095.46
806.513	9997.16
806.701	9298.8
806.888	9235.32
807.075	10085.22
807.263	10091.37
807.45	9155.44
807.638	9401.2
807.825	10279.78
808.012	10371.94
808.2	9649
808.387	9878.38
808.574	9921.38
808.761	10414.95
808.949	9417.58
809.136	9415.54
809.323	9925.48
809.51	10199.91
809.698	9773.93
809.885	9755.5
810.072	10224.48
810.259	10044.26
810.446	9581.42
810.633	9593.71
810.82	10275.68
811.008	10462.05
811.195	9784.17
811.382	9519.98
811.569	10357.6
811.756	9845.61
811.943	9395.06
812.13	9651.05
812.317	10001.26
812.504	10124.13
812.691	9814.89
812.878	9851.75
813.064	10402.66
813.251	10232.68
813.438	9444.21
813.625	9716.59
813.812	9997.16
813.999	9954.15
814.186	9440.11
814.372	9530.22
814.559	10328.93
814.746	10316.64
814.933	9304.95
815.12	9915.24
815.306	10109.8
815.493	10154.85
815.68	9562.99
815.866	9575.28
816.053	10195.81
816.24	10240.87
816.426	9556.85
816.613	9423.73
816.799	10161
816.986	10554.21
817.173	9542.51
817.359	9151.35
817.546	10077.03
817.732	9495.41
817.919	9276.27
818.105	9716.59
818.292	10156.9
818.478	10101.61
818.665	9849.71
818.851	9677.68
819.037	10857.31
819.224	10130.28
819.41	9235.32
819.597	9530.22
819.783	10722.14
819.969	9937.77
820.156	9649
820.342	9276.27
820.528	11459.41
820.714	9743.21
820.901	9632.62
821.087	9476.98
821.273	10144.61
821.459	9927.53
821.646	9347.95
821.832	9149.3
822.018	10007.4
822.204	9849.71
822.39	9497.46
822.576	9124.72
822.762	9937.77
822.948	10058.6
823.134	9528.17
823.32	9489.26
823.507	9771.88
823.693	9958.25
823.879	10066.79
824.065	9233.27
824.25	9589.61
824.436	9847.66
824.622	9089.91
824.808	9128.82
824.994	9833.32
825.18	9632.62
825.366	8954.74
825.552	9120.63
825.738	9739.12
825.923	10111.85
826.109	9376.62
826.295	9040.76
826.481	9433.97
826.667	9595.76
826.852	9571.18
827.038	8956.79
827.224	9939.82
827.409	10077.03
827.595	8981.37
827.781	9603.95
827.966	10081.13
828.152	10156.9
828.338	9356.15
828.523	8819.58
828.709	9692.01
828.894	9855.85
829.08	9022.33
829.266	8678.27
829.451	9405.3
829.637	9628.53
829.822	9126.77
830.008	9001.85
830.193	9427.82
830.378	9759.6
830.564	8852.34
830.749	8698.75
830.935	9560.94
831.12	9227.12
831.305	8600.44
831.491	8838.01
831.676	8997.75
831.861	9616.24
832.047	8766.33
832.232	8608.64
832.417	9397.1
832.602	9395.06
832.788	8592.25
832.973	8551.29
833.158	9372.53
833.343	9288.56
833.528	9010.04
833.714	8909.69
833.899	9284.47
834.084	9704.3
834.269	9225.08
834.454	8735.61
834.639	9212.79
834.824	9311.09
835.009	8919.93
835.194	8960.89
835.379	9681.77
835.564	9616.24
835.749	9100.15
835.934	8514.43
836.119	9360.24
836.304	9153.4
836.489	8389.5
836.674	8993.65
836.859	9298.8
837.044	9618.29
837.228	8661.88
837.413	8334.21
837.598	9081.72
837.783	9364.34
837.968	8631.16
838.152	8145.8
838.337	8528.77
838.522	9433.97
838.707	9352.05
838.891	8682.36
839.076	8995.7
839.261	8969.08
839.445	8582.01
839.63	8747.9
839.815	9454.45
839.999	9079.67
840.184	8389.5
840.368	8305.54
840.553	9040.76
840.737	8811.39
840.922	8166.28
841.106	8092.55
841.291	8459.13
841.475	9055.09
841.66	8323.97
841.844	8457.09
842.029	9505.65
842.213	8713.08
842.397	8323.97
842.582	8135.56
842.766	8928.12
842.951	8889.21
843.135	8446.85
843.319	8246.15
843.504	8971.13
843.688	9546.61
843.872	7871.37
844.056	8199.04
844.241	8569.73
844.425	8465.28
844.609	8350.59
844.793	7836.55
844.977	8774.52
845.161	8616.83
845.346	7879.56
845.53	8033.16
845.714	8670.08
845.898	8870.78
846.082	7811.98
846.266	8172.42
846.45	8487.81
846.634	8616.83
846.818	7791.5
847.002	8244.1
847.186	8905.59
847.37	8172.42
847.554	7818.12
847.738	8117.12
847.922	8631.16
848.106	8620.92
848.29	7793.55
848.473	7793.55
848.657	8459.13
848.841	8479.61
849.025	7791.5
849.209	7580.56
849.392	8534.91
849.576	8342.4
849.76	7386
849.944	8149.89
850.127	8854.39
850.311	8117.12
850.495	7830.41
850.678	7689.1
850.862	8303.49
851.046	8590.2
851.229	8301.44
851.413	7472.01
851.596	8567.68
851.78	8125.32
851.964	8031.11
852.147	7996.29
852.331	8840.06
852.514	8629.12
852.698	7689.1
852.881	7357.33
853.065	8086.4
853.248	8344.45
853.431	7760.78
853.615	7674.76
853.798	8954.74
853.982	8369.02
854.165	7687.05
854.348	7740.3
854.532	7961.48
854.715	7994.25
854.898	7670.67
855.081	7609.23
855.265	8768.38
855.448	8756.09
855.631	7457.68
855.814	7545.74
855.997	8207.23
856.181	8225.67
856.364	7617.42
856.547	7592.84
856.73	8328.06
856.913	8299.39
857.096	7443.34
857.279	7431.05
857.462	7734.15
857.645	8059.78
857.828	7916.42
858.011	7695.24
858.194	7783.31
858.377	7826.31
858.56	7230.35
858.743	7334.8
858.926	7799.69
859.109	8070.02
859.292	7322.51
859.475	7080.85
859.658	7867.27
859.841	8002.44
860.023	7195.54
860.206	7117.72
860.389	7693.19
860.572	7863.18
860.755	7277.46
860.937	7248.79
861.12	7482.25
861.303	7859.08
861.486	7252.88
861.668	7158.67
861.851	7728.01
862.034	7879.56
862.216	7416.72
862.399	7007.13
862.581	7768.97
862.764	7832.46
862.947	7117.72
863.129	7183.25
863.312	7373.71
863.494	7879.56
863.677	7687.05
863.859	6677.4
864.042	7748.49
864.224	7506.83
864.406	7158.67
864.589	6669.21
864.771	7394.19
864.954	7402.38
865.136	6976.41
865.318	6501.28
865.501	8067.97
865.683	7134.1
865.865	7097.24
866.048	6781.85
866.23	7510.93
866.412	7310.22
866.594	6366.11
866.777	7179.15
866.959	7240.59
867.141	7107.48
867.323	7048.08
867.505	7121.81
867.687	7136.15
867.869	7261.07
868.052	6775.7
868.234	6611.87
868.416	7353.23
868.598	7318.42
868.78	6783.9
868.962	6601.63
869.144	7410.57
869.326	7127.96
869.508	6632.35
869.69	6527.9
869.872	6949.78
870.054	7531.41
870.236	6452.13
870.417	6560.67
870.599	6970.26
870.781	7711.63
870.963	6933.4
871.145	6628.25
871.327	7142.29
871.508	7580.56
871.69	6724.51
871.872	6714.27
872.054	7220.11
872.235	7304.08
872.417	6917.01
872.599	6548.38
872.78	7642
872.962	7201.68
873.144	6292.38
873.325	6564.76
873.507	7652.24
873.689	7289.74
873.87	6521.76
874.052	6912.92
874.233	7115.67
874.415	7601.04
874.596	6853.53
874.778	6609.82
874.959	7283.6
875.141	7410.57
875.322	6683.55
875.503	6591.39
875.685	7369.62
875.866	6851.48
876.048	6493.08
876.229	6388.64
876.41	6826.9
876.592	7256.98
876.773	6480.8
876.954	6345.63
877.136	7437.2
877.317	7121.81
877.498	6564.76
877.679	6675.35
877.86	7150.48
878.042	7132.05
878.223	6597.53
878.404	7078.8
878.585	7334.8
878.766	9153.4
878.947	7025.56
879.128	6835.1
879.309	7123.86
879.49	7564.17
879.672	6765.46
879.853	6880.15
880.034	7240.59
880.215	7502.73
880.396	6800.28
880.576	6826.9
880.757	7254.93
880.938	7859.08
881.119	6777.75
881.3	6742.94
881.481	7209.87
881.662	8219.52
881.843	6536.09
882.023	6773.66
882.204	7668.62
882.385	7359.38
882.566	6712.22
882.747	6777.75
882.927	7441.29
883.108	7433.1
883.289	6669.21
883.469	7183.25
883.65	7308.18
883.831	7472.01
884.011	7191.44
884.192	6767.51
884.373	7480.21
884.553	7404.43
884.734	7150.48
884.914	7551.88
885.095	8876.92
885.275	8043.4
885.456	7209.87
885.636	6880.15
885.817	7545.74
885.997	7648.14
886.178	7084.95
886.358	7121.81
886.538	7676.81
886.719	9118.58
886.899	6857.62
887.08	6990.74
887.26	7701.39
887.44	7242.64
887.621	6970.26
887.801	7078.8
887.981	8053.64
888.161	8057.73
888.342	7125.91
888.522	7132.05
888.702	7889.8
888.882	7861.13
889.062	7107.48
889.242	6896.53
889.423	7893.9
889.603	7783.31
889.783	7369.62
889.963	7150.48
890.143	7639.95
890.323	7857.03
890.503	7076.76
890.683	7076.76
890.863	7586.7
891.043	7506.83
891.223	7080.85
891.403	7320.46
891.583	7754.63
891.763	7830.41
891.943	7242.64
892.122	7588.75
892.302	7656.33
892.482	7754.63
892.662	7338.9
892.842	7113.62
893.022	7625.61
893.201	7494.54
893.381	7275.41
893.561	7074.71
893.741	7664.52
893.92	7326.61
894.1	7207.83
894.28	7222.16
894.459	7822.22
894.639	7510.93
894.819	6796.18
894.998	7054.23
895.178	7719.82
895.357	7529.36
895.537	6876.06
895.716	6777.75
895.896	7476.11
896.075	7945.09
896.255	6933.4
896.434	6724.51
896.614	7914.38
896.793	7510.93
896.973	7117.72
897.152	7019.41
897.331	7287.7
897.511	7523.21
897.69	6722.46
897.87	7013.27
898.049	7564.17
898.228	7193.49
898.407	7109.52
898.587	7000.98
898.766	7115.67
898.945	7316.37
899.124	7066.52
899.304	6658.97
899.483	7412.62
899.662	7740.3
899.841	6634.39
900.02	6646.68
900.199	7525.26
900.378	7224.21
900.557	6724.51
900.737	6685.59
900.916	7056.28
901.095	7302.03
901.274	6964.12
901.453	6474.65
901.632	6933.4
901.811	6865.82
901.989	6429.6
902.168	6331.3
902.347	7177.11
902.526	6890.39
902.705	6402.97
902.884	6736.79
903.063	7551.88
903.242	7222.16
903.42	6405.02
903.599	6701.98
903.778	7248.79
903.957	7453.58
904.135	6669.21
904.314	6265.76
904.493	6814.62
904.672	6697.88
904.85	6296.48
905.029	6273.95
905.207	6679.45
905.386	7181.2
905.565	5878.69
905.743	6042.53
905.922	6589.34
906.1	6499.23
906.279	5825.45
906.457	5876.65
906.636	6357.92
906.814	6261.66
906.993	5835.69
907.171	5747.62
907.35	6466.46
907.528	6794.14
907.707	6484.89
907.885	5516.2
908.063	6548.38
908.242	6077.35
908.42	5893.03
908.598	5413.81
908.777	6327.2
908.955	5985.19
909.133	5794.73
909.311	5424.05
909.49	5825.45
909.668	6060.96
909.846	5565.36
910.024	5413.81
910.202	6212.51
910.38	6333.34
910.559	5610.41
910.737	5739.43
910.915	6097.83
911.093	6267.81
911.271	5692.33
911.449	6036.39
911.627	6337.44
911.805	7076.76
911.983	5927.85
912.161	5778.34
912.339	6216.61
912.517	6634.39
912.695	6212.51
912.872	6003.62
913.05	6515.61
913.228	6380.45
913.406	5905.32
913.584	5729.19
913.762	6654.87
913.939	6310.82
914.117	5721
914.295	5927.85
914.473	6134.69
914.65	6423.45
914.828	5882.79
915.006	5725.1
915.184	6220.71
915.361	6564.76
915.539	5895.08
915.716	6120.35
915.894	6224.8
916.072	6509.47
916.249	6325.15
916.427	6020
916.604	6128.55
916.782	6486.94
916.959	5659.56
917.137	5880.74
917.314	6175.65
917.492	6308.77
917.669	5866.41
917.847	5829.54
918.024	6106.02
918.201	5766.06
918.379	5721
918.556	5784.49
918.733	6267.81
918.911	5985.19
919.088	5931.94
919.265	5612.46
919.442	6101.92
919.62	6130.59
919.797	5686.19
919.974	5442.48
920.151	6249.38
920.328	5929.89
920.506	5362.61
920.683	5999.52
920.86	5966.76
921.037	5960.61
921.214	5630.89
921.391	5528.49
921.568	6044.58
921.745	5852.07
921.922	5630.89
922.099	5534.64
922.276	5977
922.453	5919.65
922.63	5266.35
922.807	5661.61
922.984	6063.01
923.161	5843.88
923.338	5387.18
923.514	5317.55
923.691	6054.82
923.868	6085.54
924.045	5319.6
924.222	5268.4
924.399	5768.1
924.575	6069.16
924.752	5485.48
924.929	5516.2
925.105	5725.1
925.282	5471.15
925.459	5401.52
925.635	5440.43
925.812	5856.17
925.989	5528.49
926.165	5333.93
926.342	5004.21
926.518	5643.18
926.695	5284.78
926.871	5071.79
927.048	5032.88
927.224	5860.26
927.401	5342.13
927.577	5270.45
927.754	4844.47
927.93	5712.81
928.107	5725.1
928.283	4803.51
928.459	5098.42
928.636	5575.59
928.812	5280.69
928.988	4934.58
929.165	4762.55
929.341	5452.72
929.517	5485.48
929.693	5467.05
929.87	4572.09
930.046	5557.16
930.222	5237.68
930.398	4563.9
930.574	4967.35
930.751	5209.01
930.927	5180.34
931.103	4887.48
931.279	4694.97
931.455	5002.16
931.631	5286.83
931.807	4420.54
931.983	4422.59
932.159	4594.62
932.335	4936.63
932.511	4436.92
932.687	4504.51
932.863	4799.41
933.039	4916.15
933.215	4430.78
933.391	4185.02
933.566	4793.27
933.742	4742.07
933.918	4234.18
934.094	4076.48
934.27	4543.42
934.445	4529.08
934.621	4494.27
934.797	4015.04
934.973	4725.69
935.148	4219.84
935.324	3713.99
935.5	3609.54
935.675	4473.79
935.851	4457.4
936.027	4017.09
936.202	3953.6
936.378	4316.09
936.553	3986.37
936.729	4479.93
936.904	3513.29
937.08	3699.66
937.255	3638.22
937.431	3394.51
937.606	3265.49
937.782	3632.07
937.957	4043.71
938.133	3349.45
938.308	3115.98
938.483	3607.5
938.659	3376.08
938.834	3204.05
939.009	2743.25
939.185	3556.3
939.36	3029.97
939.535	2483.16
939.71	3081.17
939.886	3597.26
940.061	3120.08
940.236	3169.23
940.411	2784.21
940.586	3109.84
940.761	3224.53
940.937	2827.22
941.112	2708.44
941.287	2993.11
941.462	2870.23
941.637	2405.34
941.812	2690.01
941.987	2948.05
942.162	3017.68
942.337	2720.73
942.512	2558.94
942.687	3191.76
942.862	2859.99
943.037	2235.36
943.212	2032.61
943.386	2737.11
943.561	2696.15
943.736	2655.19
943.911	3142.61
944.086	3279.82
944.26	2812.89
944.435	2417.63
944.61	2786.26
944.785	3005.39
944.959	3562.44
945.134	2382.81
945.309	2288.61
945.483	2411.48
945.658	2997.2
945.833	2022.37
946.007	2302.94
946.182	3195.86
946.357	2835.41
946.531	2348
946.706	2374.62
946.88	2597.85
947.055	2929.62
947.229	2485.21
947.404	2163.68
947.578	2882.52
947.752	2812.89
947.927	2202.59
948.101	2206.69
948.276	3249.1
948.45	2903
948.624	2837.46
948.799	2319.32
948.973	2831.32
949.147	2601.94
949.321	2507.74
949.496	2483.16
949.67	3107.79
949.844	2694.1
950.018	2530.27
950.193	2495.45
950.367	3548.11
950.541	2718.68
950.715	2628.57
950.889	2735.06
951.063	2802.65
951.237	3042.26
951.411	2356.19
951.585	2378.72
951.759	3027.92
951.933	2935.76
952.107	2522.07
952.281	2810.84
952.455	3349.45
952.629	3144.66
952.803	2579.42
952.977	2569.18
953.151	3173.33
953.325	2876.37
953.499	2929.62
953.672	2429.91
953.846	2964.43
954.02	3058.64
954.194	2571.22
954.368	2696.15
954.541	3318.73
954.715	3097.55
954.889	2808.79
955.062	2587.61
955.236	2931.67
955.41	3202
955.583	2974.67
955.757	2501.59
955.93	3120.08
956.104	2962.39
956.278	2665.43
956.451	2767.83
956.625	3398.6
956.798	3476.43
956.972	3228.62
957.145	2581.46
957.319	3568.59
957.492	3304.4
957.665	2939.86
957.839	2677.72
958.012	3070.93
958.185	2946
958.359	2782.17
958.532	2939.86
958.705	3115.98
958.879	3187.66
959.052	2923.48
959.225	2503.64
959.398	3189.71
959.572	3228.62
959.745	2540.51
959.918	2739.16
960.091	3199.95
960.264	3414.99
960.438	2634.71
960.611	2745.3
960.784	3636.17
960.957	2946
961.13	3296.21
961.303	2612.18
961.476	3140.56
961.649	3435.47
961.822	2733.01
961.995	2923.48
962.168	3070.93
962.341	3390.41
962.514	2825.17
962.686	2647
962.859	3056.59
963.032	3404.75
963.205	2724.82
963.378	2401.24
963.551	3126.22
963.723	2929.62
963.896	2892.76
964.069	3007.44
964.242	3156.94
964.414	3603.4
964.587	2716.63
964.76	2964.43
964.932	3118.03
965.105	3095.5
965.278	2853.84
965.45	2733.01
965.623	3326.93
965.795	3273.68
965.968	2825.17
966.14	2638.81
966.313	3179.47
966.485	3152.85
966.658	2722.77
966.83	2900.95
967.003	3245.01
967.175	3185.62
967.348	2679.77
967.52	2878.42
967.692	3566.54
967.865	3269.58
968.037	2788.31
968.209	3050.45
968.382	3337.17
968.554	3414.99
968.726	2661.34
968.898	2569.18
969.071	3410.89
969.243	3169.23
969.415	2737.11
969.587	2946
969.759	3464.14
969.932	3032.02
970.104	2720.73
970.276	2218.97
970.448	2907.09
970.62	2972.63
970.792	2769.88
970.964	2825.17
971.136	3507.15
971.308	3138.51
971.48	2507.74
971.652	2618.33
971.824	3351.5
971.996	2956.24
972.168	2741.21
972.339	2536.41
972.511	2986.96
972.683	3087.31
972.855	2816.98
973.027	2448.35
973.199	3138.51
973.37	3128.27
973.542	2806.74
973.714	2751.45
973.886	2614.23
974.057	3032.02
974.229	2470.87
974.401	2454.49
974.572	2737.11
974.744	2532.31
974.915	2397.15
975.087	2352.09
975.259	3136.46
975.43	2685.91
975.602	2300.89
975.773	2184.16
975.945	2702.29
976.116	3060.69
976.288	2272.22
976.459	2669.53
976.63	2761.69
976.802	2767.83
976.973	2237.41
977.145	2808.79
977.316	3478.47
977.487	3056.59
977.659	2636.76
977.83	2589.66
978.001	3232.72
978.172	3226.57
978.344	2243.55
978.515	2378.72
978.686	2632.66
978.857	3218.38
979.028	2282.46
979.2	2280.41
979.371	3054.55
979.542	2659.29
979.713	2466.78
979.884	2024.42
980.055	2681.82
980.226	2780.12
980.397	2288.61
980.568	2167.77
980.739	2827.22
980.91	2655.19
981.081	2554.84
981.252	2354.14
981.423	2640.86
981.594	2673.62
981.765	2257.89
981.936	2360.28
982.106	2526.17
982.277	2972.63
982.448	2030.56
982.619	2501.59
982.79	2257.89
982.96	2735.06
983.131	2497.5
983.302	1829.86
983.472	2649.05
983.643	2622.42
983.814	2286.56
983.984	2135.01
984.155	2569.18
984.326	2628.57
984.496	2438.11
984.667	2071.52
984.837	2239.45
985.008	2866.13
985.178	2497.5
985.349	2116.58
985.519	2341.85
985.69	2249.69
985.86	2055.14
986.031	1967.07
986.201	2446.3
986.371	2497.5
986.542	1801.19
986.712	1784.8
986.882	2454.49
987.053	2442.2
987.223	1741.8
987.393	2337.76
987.563	2200.54
987.734	2456.54
987.904	2608.09
988.074	1985.51
988.244	2264.03
988.414	2337.76
988.585	1958.88
988.755	2116.58
988.925	2323.42
989.095	2788.31
989.265	1883.11
989.435	2153.44
989.605	2495.45
989.775	2532.31
989.945	2405.34
990.115	1758.18
990.285	2231.26
990.455	2479.07
990.625	2087.9
990.795	1735.65
990.965	2692.05
991.134	2255.84
991.304	1762.28
991.474	1889.25
991.644	2343.9
991.814	2548.7
991.984	1520.62
992.153	1774.56
992.323	1952.74
992.493	2364.38
992.662	1616.87
992.832	1852.39
993.002	2075.62
993.171	2280.41
993.341	1481.71
993.511	1657.83
993.68	2104.29
993.85	2393.05
994.019	1537
994.189	1479.66
994.358	2081.76
994.528	1971.17
994.697	1281
994.867	1524.71
995.036	2259.93
995.206	1842.15
995.375	1426.41
995.544	1741.8
995.714	2341.85
995.883	2079.71
996.052	1817.57
996.222	1221.61
996.391	2319.32
996.56	1975.27
996.73	1491.95
996.899	1326.06
997.068	2325.47
997.237	2085.86
997.406	1465.32
997.576	1229.81
997.745	2386.91
997.914	1854.44
998.083	1274.86
998.252	1399.79
998.421	1915.87
998.59	1663.97
998.759	1352.68
998.928	1211.37
999.097	2192.35
999.266	2024.42
999.435	1700.84
999.604	1016.82
999.773	2149.34
999.942	1829.86
1000.111	1016.82
1000.28	1086.45
1000.448	1668.07
1000.617	1680.36
1000.786	1659.88
1000.955	1053.68
1001.124	2028.51
1001.292	2407.39
1001.461	1299.44
1001.63	1238
1001.798	1952.74
1001.967	1942.5
1002.136	1147.89
1002.304	1092.59
1002.473	2032.61
1002.642	1670.12
1002.81	1332.2
1002.979	1199.09
1003.147	2038.75
1003.316	2057.18
1003.484	1227.76
1003.653	1166.32
1003.821	1881.06
1003.99	1643.49
1004.158	1506.28
1004.327	1416.17
1004.495	1782.76
1004.663	1670.12
1004.832	1387.5
1005	1006.58
1005.168	1772.52
1005.337	1612.78
1005.505	924.66
1005.673	1483.75
1005.842	1881.06
1006.01	1524.71
1006.178	910.32
1006.346	1108.98
1006.514	1537
1006.683	2141.15
1006.851	1043.44
1007.019	1285.1
1007.187	1502.19
1007.355	1258.48
1007.523	822.26
1007.691	930.8
1007.859	1283.05
1008.027	2173.92
1008.195	953.33
1008.363	881.65
1008.531	1481.71
1008.699	1598.44
1008.867	707.57
1009.035	975.86
1009.203	1874.92
1009.37	1461.23
1009.538	852.98
1009.706	1756.13
1009.874	1430.51
1010.042	1444.84
1010.209	791.54
1010.377	754.68
1010.545	1577.96
1010.713	1483.75
1010.88	928.75
1011.048	912.37
1011.216	1506.28
1011.383	1762.28
1011.551	785.4
1011.718	809.97
1011.886	1510.38
1012.054	1563.62
1012.221	699.38
1012.389	781.3
1012.556	1358.83
1012.724	1735.65
1012.891	965.62
1013.058	574.46
1013.226	1453.03
1013.393	1537
1013.561	607.22
1013.728	633.85
1013.895	1733.61
1014.063	1426.41
1014.23	515.06
1014.397	769.01
1014.565	1428.46
1014.732	1301.48
1014.899	566.26
1015.066	617.46
1015.233	1434.6
1015.401	1510.38
1015.568	795.64
1015.735	959.47
1015.902	1582.06
1016.069	1508.33
1016.236	769.01
1016.403	553.98
1016.57	1068.02
1016.737	1729.51
1016.904	762.87
1017.071	592.89
1017.238	1002.48
1017.405	1238
1017.572	562.17
1017.739	1037.3
1017.906	1575.91
1018.073	1442.79
1018.24	441.34
1018.407	807.92
1018.573	1235.95
1018.74	1213.42
1018.907	723.96
1019.074	355.32
1019.241	1315.82
1019.407	1168.37
1019.574	492.54
1019.741	437.24
1019.907	1475.56
1020.074	1657.83
1020.241	259.07
1020.407	332.79
1020.574	1025.01
1020.74	1129.45
1020.907	498.68
1021.073	424.95
1021.24	1782.76
1021.406	1307.63
1021.573	340.99
1021.739	476.15
1021.906	1477.61
1022.072	1010.67
1022.239	482.3
1022.405	613.37
1022.571	1145.84
1022.738	1045.49
1022.904	451.58
1023.07	728.05
1023.237	1088.5
1023.403	1377.26
1023.569	449.53
1023.735	654.33
1023.902	1235.95
1024.068	1170.41
1024.234	302.08
1024.4	490.49
1024.566	873.46
1024.732	1160.17
1024.898	467.96
1025.065	162.81
1025.231	1000.43
1025.397	920.56
1025.563	490.49
1025.729	322.56
1025.895	572.41
1026.061	889.84
1026.227	125.95
1026.392	519.16
1026.558	1125.36
1026.724	1233.9
1026.89	345.08
1027.056	558.07
1027.222	912.37
1027.388	971.76
1027.553	482.3
1027.719	203.77
1027.885	1362.92
1028.051	867.31
1028.216	128
1028.382	427
1028.548	1080.3
1028.713	975.86
1028.879	273.4
1029.045	488.44
1029.21	1285.1
1029.376	1213.42
1029.541	435.19
1029.707	310.27
1029.873	1100.78
1030.038	1102.83
1030.204	324.6
1030.369	310.27
1030.534	1098.74
1030.7	736.24
1030.865	502.78
1031.031	287.74
1031.196	1006.58
1031.361	969.71
1031.527	297.98
1031.692	295.93
1031.857	539.64
1032.023	1119.21
1032.188	271.36
1032.353	246.78
1032.518	1184.75
1032.684	777.2
1032.849	-60.42
1033.014	402.43
1033.179	857.07
1033.344	1059.82
1033.509	427
1033.674	328.7
1033.839	955.38
1034.004	857.07
1034.17	187.39
1034.335	107.52
1034.5	703.48
1034.664	680.95
1034.829	177.15
1034.994	472.06
1035.159	691.19
1035.324	971.76
1035.489	228.35
1035.654	173.05
1035.819	1553.38
1035.984	895.99
1036.148	363.51
1036.313	205.82
1036.478	1012.72
1036.643	631.8
1036.807	191.49
1036.972	62.46
1037.137	1450.99
1037.301	740.34
1037.466	-87.04
1037.631	318.46
1037.795	957.43
1037.96	777.2
1038.124	470.01
1038.289	58.37
1038.454	701.43
1038.618	805.88
1038.783	293.88
1038.947	314.36
1039.111	486.39
1039.276	723.96
1039.44	64.51
1039.605	912.37
1039.769	631.8
1039.933	689.14
1040.098	244.73
1040.262	580.6
1040.426	910.32
1040.591	781.3
1040.755	62.46
1040.919	316.41
1041.083	969.71
1041.248	633.85
1041.412	-41.98
1041.576	-35.84
1041.74	639.99
1041.904	697.33
1042.068	35.84
1042.232	302.08
1042.397	1082.35
1042.561	750.58
1042.725	-160.77
1042.889	267.26
1043.053	719.86
1043.217	574.46
1043.381	214.01
1043.544	-62.46
1043.708	820.21
1043.872	513.02
1044.036	-185.34
1044.2	-35.84
1044.364	895.99
1044.528	912.37
1044.691	8094.6
1044.855	-3.07
1045.019	779.25
1045.183	756.72
1045.346	191.49
1045.51	-125.95
1045.674	887.79
1045.837	666.61
1046.001	31.74
1046.165	48.13
1046.328	1186.8
1046.492	490.49
1046.655	457.72
1046.819	164.86
1046.983	652.28
1047.146	539.64
1047.31	250.88
1047.473	-189.44
1047.636	678.9
1047.8	496.63
1047.963	297.98
1048.127	-64.51
1048.29	433.15
