345.52	-1284.93
345.736	-1284.93
345.952	-1284.93
346.168	-1291.07
346.384	-1319.75
346.6	-230.23
346.816	-312.14
347.032	-172.88
347.248	478.37
347.464	-285.52
347.68	-271.19
347.896	-0.85
348.112	314.53
348.328	-99.16
348.544	23.72
348.76	269.48
348.975	285.86
349.191	-371.54
349.407	-373.58
349.623	257.19
349.839	158.89
350.055	-170.83
350.27	23.72
350.486	253.09
350.702	234.66
350.918	365.73
351.133	-144.21
351.349	187.56
351.565	507.04
351.781	-402.26
351.996	25.77
352.212	162.98
352.428	150.7
352.644	-232.27
352.859	-254.8
353.075	322.73
353.291	130.22
353.506	-205.65
353.722	-394.06
353.938	21.67
354.153	537.76
354.369	418.98
354.584	-256.85
354.8	230.57
355.016	-11.09
355.231	-365.39
355.447	-0.85
355.662	476.32
355.878	703.65
356.093	-492.37
356.309	-45.91
356.524	-54.1
356.74	531.62
356.955	-371.54
357.171	-39.76
357.386	314.53
357.602	-97.11
357.817	-123.73
358.033	-156.5
358.248	414.88
358.464	343.21
358.679	-101.2
358.895	-375.63
359.11	107.69
359.325	220.33
359.541	535.71
359.756	50.35
359.972	-111.44
360.187	543.91
360.402	-219.99
360.618	-230.23
360.833	1586.32
361.048	156.84
361.264	-164.69
361.479	-80.72
361.694	212.14
361.909	269.48
362.125	-336.72
362.34	-127.83
362.555	404.64
362.77	189.61
362.986	-344.91
363.201	-170.83
363.416	343.21
363.631	99.5
363.847	-318.29
364.062	-176.98
364.277	281.77
364.492	109.74
364.707	-179.03
364.922	-394.06
365.138	300.2
365.353	449.7
365.568	-346.96
365.783	-140.12
365.998	482.47
366.213	623.78
366.428	-254.8
366.643	214.18
366.858	330.92
367.073	359.59
367.288	-88.92
367.503	-254.8
367.718	156.84
367.933	490.66
368.148	-242.51
368.363	23.72
368.578	341.16
368.793	554.15
369.008	-54.1
369.223	-283.47
369.438	480.42
369.653	390.31
369.868	-377.68
370.083	-336.72
370.298	249
370.513	572.58
370.728	132.26
370.943	-203.6
371.157	40.11
371.372	791.71
371.587	-357.2
371.802	-351.06
372.017	183.46
372.232	541.86
372.446	-4.95
372.661	-262.99
372.876	179.37
373.091	359.59
373.306	-111.44
373.52	-449.36
373.735	74.92
373.95	689.31
374.165	-74.58
374.379	-183.12
374.594	21.67
374.809	527.52
375.023	208.04
375.238	-203.6
375.453	406.69
375.667	-9.05
375.882	-209.75
376.097	-215.89
376.311	181.42
376.526	306.34
376.741	-275.28
376.955	355.49
377.17	539.81
377.384	1051.8
377.599	158.89
377.813	-404.3
378.028	951.45
378.242	378.02
378.457	-82.77
378.672	-353.1
378.886	62.63
379.101	242.85
379.315	-324.43
379.53	-172.88
379.744	525.47
379.958	363.69
380.173	-140.12
380.387	-150.36
380.602	447.65
380.816	109.74
381.031	-187.22
381.245	-62.29
381.459	281.77
381.674	3468.41
381.888	-295.76
382.103	367.78
382.317	228.52
382.531	529.57
382.746	76.97
382.96	-203.6
383.174	265.38
383.388	855.2
383.603	199.85
383.817	-287.57
384.031	189.61
384.246	611.49
384.46	99.5
384.674	828.57
384.888	113.83
385.103	511.14
385.317	-383.82
385.531	222.38
385.745	861.34
385.959	576.67
386.174	-168.79
386.388	-193.36
386.602	289.96
386.816	269.48
387.03	40.11
387.244	19.63
387.458	390.31
387.672	521.38
387.887	-316.24
388.101	-203.6
388.315	451.75
388.529	302.25
388.743	-154.45
388.957	-140.12
389.171	638.11
389.385	148.65
389.599	-215.89
389.813	138.41
390.027	314.53
390.241	1014.94
390.455	-19.29
390.669	42.15
390.883	240.81
391.097	826.53
391.311	373.92
391.525	-29.52
391.738	767.13
391.952	619.68
392.166	214.18
392.38	-195.41
392.594	548
392.808	615.59
393.022	19.63
393.236	25.77
393.449	322.73
393.663	677.02
393.877	-62.29
394.091	150.7
394.305	396.45
394.518	236.71
394.732	-99.16
394.946	-39.76
395.16	945.31
395.373	478.37
395.587	-84.82
395.801	-60.24
396.015	558.24
396.228	453.8
396.442	-211.79
396.656	-256.85
396.869	672.93
397.083	937.12
397.297	167.08
397.51	-17.24
397.724	437.41
397.938	507.04
398.151	-260.95
398.365	-183.12
398.578	658.59
398.792	808.09
399.005	312.49
399.219	99.5
399.433	488.61
399.646	672.93
399.86	269.48
400.073	410.79
400.287	525.47
400.5	513.19
400.714	378.02
400.927	189.61
401.141	785.57
401.354	2102.41
401.567	806.05
401.781	-107.35
401.994	552.1
402.208	1031.32
402.421	257.19
402.635	132.26
402.848	230.57
403.061	660.64
403.275	251.05
403.488	11.43
403.701	855.2
403.915	896.16
404.128	406.69
404.341	156.84
404.555	957.6
404.768	302.25
404.981	384.16
405.195	167.08
405.408	777.37
405.621	652.45
405.834	509.09
406.048	31.91
406.261	699.55
406.474	789.66
406.687	-2.9
406.9	351.4
407.114	664.74
407.327	810.14
407.54	15.53
407.753	-70.48
407.966	361.64
408.179	640.16
408.392	109.74
408.605	-50
408.819	615.59
409.032	730.27
409.245	224.42
409.458	550.05
409.671	689.31
409.884	855.2
410.097	72.87
410.31	478.37
410.523	969.88
410.736	504.99
410.949	285.86
411.162	173.22
411.375	892.06
411.588	697.5
411.801	429.22
412.014	183.46
412.227	527.52
412.44	648.35
412.653	302.25
412.865	531.62
413.078	900.25
413.291	836.77
413.504	449.7
413.717	171.18
413.93	875.68
414.143	517.28
414.356	525.47
414.568	3.24
414.781	933.02
414.994	783.52
415.207	449.7
415.42	386.21
415.632	812.19
415.845	1285.27
416.058	-0.85
416.271	138.41
416.483	797.85
416.696	1125.53
416.909	281.77
417.121	208.04
417.334	728.22
417.547	994.46
417.759	150.7
417.972	195.75
418.185	707.74
418.397	849.05
418.61	365.73
418.823	312.49
419.035	1117.34
419.248	795.81
419.46	418.98
419.673	482.47
419.885	830.62
420.098	933.02
420.311	363.69
420.523	5.29
420.736	949.4
420.948	810.14
421.161	441.51
421.373	167.08
421.586	703.65
421.798	568.48
422.01	91.31
422.223	693.41
422.435	566.43
422.648	1180.82
422.86	384.16
423.073	527.52
423.285	785.57
423.497	650.4
423.71	394.4
423.922	449.7
424.134	1203.35
424.347	1248.41
424.559	818.33
424.771	949.4
424.984	943.26
425.196	910.49
425.408	226.47
425.621	332.97
425.833	1078.43
426.045	1359
426.257	283.81
426.47	642.21
426.682	787.61
426.894	937.12
427.106	539.81
427.318	586.91
427.531	973.98
427.743	990.36
427.955	699.55
428.167	1313.94
428.379	836.77
428.591	890.01
428.804	750.75
429.016	515.23
429.228	1059.99
429.44	1150.11
429.652	14334.93
429.864	410.79
430.076	1082.52
430.288	1076.38
430.5	732.32
430.712	861.34
430.924	1229.98
431.136	1219.74
431.348	472.23
431.56	576.67
431.772	928.92
431.984	941.21
432.196	595.11
432.408	754.85
432.62	1146.01
432.832	1252.5
433.044	1035.42
433.256	834.72
433.468	1254.55
433.679	730.27
433.891	502.95
434.103	998.56
434.315	1627.28
434.527	1352.85
434.739	1021.08
434.95	797.85
435.162	1311.89
435.374	967.84
435.586	1045.66
435.798	920.73
436.009	1184.92
436.221	1096.86
436.433	973.98
436.645	816.29
436.856	1178.78
437.068	1633.43
437.28	752.8
437.491	1238.17
437.703	1494.16
437.915	1410.2
438.126	777.37
438.338	1420.44
438.55	1240.22
438.761	1254.55
438.973	877.73
439.184	918.68
439.396	1244.31
439.608	1318.04
439.819	726.18
440.031	1035.42
440.242	1541.27
440.454	1412.25
440.665	1004.7
440.877	1223.83
441.088	1705.1
441.3	1365.14
441.511	683.17
441.723	801.95
441.934	1870.99
442.146	1627.28
442.357	1160.34
442.569	1553.55
442.78	1623.19
442.991	2065.55
443.203	1586.32
443.414	973.98
443.626	1987.72
443.837	1485.97
444.048	1016.99
444.26	787.61
444.471	1645.71
444.682	1539.22
444.894	1025.18
445.105	978.08
445.316	1911.95
445.528	1682.58
445.739	1252.5
445.95	1207.45
446.161	1588.37
446.373	1686.67
446.584	1121.43
446.795	1152.15
447.006	1883.28
447.217	1776.78
447.429	1162.39
447.64	1002.65
447.851	2473.09
448.062	1887.37
448.273	1000.6
448.484	1117.34
448.695	1811.6
448.907	1836.17
449.118	1383.57
449.329	1637.52
449.54	1565.84
449.751	1733.78
449.962	1311.89
450.173	1139.87
450.384	1858.7
450.595	2172.04
450.806	1287.32
451.017	1424.53
451.228	2071.69
451.439	1819.79
451.65	1434.77
451.861	930.97
452.072	1801.36
452.283	1827.98
452.494	1655.95
452.705	1428.63
452.915	2481.28
453.126	2012.3
453.337	1623.19
453.548	1318.04
453.759	2403.46
453.97	2303.11
454.181	2153.61
454.391	1467.54
454.602	1916.05
454.813	2534.53
455.024	1612.95
455.235	1481.88
455.445	2356.36
455.656	2053.26
455.867	1864.85
456.078	1705.1
456.288	1858.7
456.499	2401.41
456.71	1498.26
456.921	2069.64
457.131	2116.75
457.342	2217.1
457.553	1672.34
457.763	1754.26
457.974	2139.27
458.184	2221.19
458.395	1797.26
458.606	1627.28
458.816	2643.07
459.027	2745.47
459.237	2165.9
459.448	1805.46
459.659	2272.39
459.869	3439.73
460.08	1629.33
460.29	2088.07
460.501	2808.96
460.711	2428.04
460.922	1705.1
461.132	1823.89
461.343	3279.99
461.553	2137.23
461.764	1868.94
461.974	2006.16
462.184	2708.61
462.395	2808.96
462.605	2167.95
462.816	1866.89
463.026	2757.76
463.236	2737.28
463.447	2088.07
463.657	2120.84
463.867	2980.99
464.078	2604.16
464.288	2272.39
464.498	2366.6
464.709	2841.73
464.919	2903.17
465.129	2440.33
465.339	2092.17
465.55	2948.22
465.76	3079.29
465.97	2534.53
466.18	2444.42
466.391	3232.89
466.601	3067
466.811	2598.02
467.021	2399.37
467.231	3390.58
467.441	3372.15
467.651	2776.19
467.862	2380.93
468.072	3187.83
468.282	3298.42
468.492	2659.46
468.702	2876.54
468.912	3435.64
469.122	4248.68
469.332	3302.52
469.542	2786.43
469.752	3888.24
469.962	3497.08
470.172	2999.42
470.382	3007.61
470.592	3955.82
470.802	3654.77
471.012	3282.04
471.222	3005.56
471.432	3755.12
471.642	3916.91
471.852	3525.75
472.062	3064.96
472.272	3943.53
472.482	3878
472.691	3331.19
472.901	3339.38
473.111	3781.74
473.321	4596.84
473.531	3425.4
473.741	3794.03
473.95	4369.51
474.16	4236.39
474.37	3974.25
474.58	3703.92
474.79	4885.6
474.999	4416.62
475.209	3861.62
475.419	4121.71
475.628	4699.23
475.838	5037.15
476.048	4369.51
476.258	3923.05
476.467	5209.18
476.677	4623.46
476.886	4639.84
477.096	4709.47
477.306	4848.74
477.515	5264.47
477.725	4736.1
477.935	4734.05
478.144	5778.51
478.354	4965.47
478.563	4805.73
478.773	4578.4
478.982	5473.37
479.192	5481.56
479.401	5096.54
479.611	4901.98
479.82	5133.4
480.03	5407.83
480.239	5008.48
480.449	4832.35
480.658	5940.3
480.868	5790.8
481.077	5325.91
481.287	5350.49
481.496	5805.14
481.705	6267.98
481.915	6134.86
482.124	6114.38
482.333	6020.17
482.543	6388.81
482.752	5928.02
482.961	5639.25
483.171	6544.45
483.38	6392.91
483.589	6089.81
483.799	5913.68
484.008	6552.65
484.217	6222.92
484.426	6243.4
484.636	6022.22
484.845	7087.17
485.054	6495.3
485.263	6868.03
485.472	6378.57
485.682	6913.09
485.891	6827.07
486.1	6220.88
486.309	6507.59
486.518	7328.83
486.727	8084.53
486.936	6591.56
487.146	7060.54
487.355	7629.88
487.564	7449.66
487.773	6790.21
487.982	6870.08
488.191	7435.32
488.4	8002.61
488.609	6931.52
488.818	7085.12
489.027	8201.26
489.236	8184.88
489.445	7402.55
489.654	7363.64
489.863	8250.41
490.072	7783.48
490.281	8074.29
490.49	7717.94
490.698	8424.49
490.907	8752.17
491.116	7695.41
491.325	7478.33
491.534	8416.3
491.743	8274.99
491.952	7908.4
492.16	8131.63
492.369	8725.54
492.578	8737.83
492.787	7971.89
492.996	7945.27
493.204	8483.88
493.413	9047.07
493.622	7967.79
493.831	8049.71
494.039	9126.94
494.248	8838.18
494.457	8338.48
494.665	8322.09
494.874	9219.1
495.083	9665.56
495.291	8516.65
495.5	8498.22
495.709	9501.72
495.917	9260.06
496.126	9133.09
496.335	8801.32
496.543	9405.47
496.752	9473.05
496.96	9464.86
497.169	8676.39
497.377	9407.52
497.586	9782.29
497.794	9370.65
498.003	8805.41
498.211	9821.2
498.42	9929.75
498.628	9301.02
498.837	9276.45
499.045	9829.4
499.254	9942.03
499.462	9534.49
499.671	9389.08
499.879	10882.05
500.087	10118.16
500.296	9395.23
500.504	9698.33
500.713	10077.2
500.921	10748.93
501.129	9845.78
501.338	9847.83
501.546	10400.78
501.754	10279.95
501.962	9907.22
502.171	9741.33
502.379	10609.67
502.587	10834.95
502.795	10075.15
503.004	9950.23
503.212	11099.14
503.42	10976.26
503.628	10208.27
503.837	10277.9
504.045	10781.7
504.253	11414.52
504.461	10150.93
504.669	10259.47
504.877	11621.37
505.085	11369.47
505.294	10345.48
505.502	10810.37
505.71	11414.52
505.918	11099.14
506.126	10609.67
506.334	10484.75
506.542	11250.69
506.75	11111.43
506.958	10886.15
507.166	10914.82
507.374	11213.82
507.582	11746.3
507.79	11082.75
507.998	10701.83
508.206	12092.4
508.414	11738.1
508.622	10796.04
508.83	11101.19
509.037	11537.4
509.245	11375.61
509.453	11039.75
509.661	10941.44
509.869	11881.46
510.077	11609.08
510.285	11369.47
510.492	10908.68
510.7	12432.36
510.908	11830.26
511.116	11256.83
511.324	11420.67
511.531	11824.12
511.739	12057.59
511.947	11811.83
512.155	11932.66
512.362	12129.27
512.57	11897.85
512.778	11611.13
512.985	11447.29
513.193	12035.06
513.401	12628.97
513.608	11701.24
513.816	11846.65
514.024	12690.41
514.231	12512.24
514.439	11973.62
514.646	11947
514.854	13018.08
515.061	12565.48
515.269	11852.79
515.477	12028.92
515.684	12583.91
515.892	12717.03
516.099	12200.94
516.307	12071.92
516.514	13435.87
516.722	13474.78
516.929	12065.78
517.136	12049.39
517.344	12915.69
517.551	12755.94
517.759	12047.35
517.966	12610.54
518.173	12960.74
518.381	13085.67
518.588	12444.65
518.796	12295.15
519.003	13380.57
519.21	13519.84
519.418	12641.26
519.625	13050.85
519.832	13188.07
520.039	13704.15
520.247	12467.18
520.454	12878.82
520.661	13429.73
520.868	13614.04
521.076	12829.67
521.283	13009.89
521.49	14052.31
521.697	13532.12
521.904	12954.6
522.112	13104.1
522.319	13689.82
522.526	14066.64
522.733	12936.17
522.94	13286.37
523.147	13790.17
523.354	13728.73
523.561	13399.01
523.768	13482.97
523.975	14027.73
524.183	13972.44
524.39	13931.48
524.597	13370.33
524.804	13988.82
525.011	13859.8
525.218	13683.67
525.425	13763.54
525.632	14613.45
525.838	14087.12
526.045	13671.39
526.252	13874.13
526.459	16063.41
526.666	16151.48
526.873	14037.97
527.08	13605.85
527.287	14912.46
527.494	14691.27
527.701	13677.53
527.907	13841.37
528.114	14918.6
528.321	14681.03
528.528	14210
528.735	14040.02
528.941	14666.7
529.148	14859.21
529.355	14449.61
529.562	14402.51
529.768	16042.93
529.975	15012.81
530.182	14447.57
530.388	14451.66
530.595	15387.58
530.802	14752.71
531.008	14873.54
531.215	14787.53
531.422	16210.87
531.628	16184.24
531.835	14666.7
532.042	14861.26
532.248	15225.79
532.455	15508.41
532.661	14949.32
532.868	15086.53
533.074	15782.84
533.281	15891.38
533.487	14957.51
533.694	14930.89
533.9	15520.7
534.107	15674.3
534.313	15399.87
534.52	15010.76
534.726	15602.62
534.933	16669.61
535.139	15209.41
535.345	15033.29
535.552	16475.06
535.758	16442.29
535.965	15465.41
536.171	15680.44
536.377	16346.03
536.584	16864.17
536.79	15625.15
536.996	15901.62
537.203	16473.01
537.409	16509.87
537.615	16073.65
537.821	15840.18
538.028	16839.59
538.234	16401.33
538.44	15956.92
538.646	16157.62
538.853	16382.9
539.059	16253.87
539.265	16585.65
539.471	15864.76
539.677	16718.76
539.883	16835.5
540.09	17939.35
540.296	16970.66
540.502	16796.59
540.708	16806.83
540.914	16948.14
541.12	16264.11
541.326	17251.24
541.532	17337.25
541.738	16790.44
541.944	16563.12
542.15	17304.48
542.356	16982.95
542.562	16645.04
542.768	16681.9
542.974	17488.8
543.18	17861.53
543.386	16903.08
543.592	16892.84
543.798	18107.29
544.004	17929.11
544.21	16917.42
544.415	17380.26
544.621	18027.42
544.827	18129.81
545.033	16808.87
545.239	17632.16
545.445	17732.51
545.651	17941.4
545.856	17404.83
546.062	17249.19
546.268	17914.78
546.474	17937.3
546.679	17427.36
546.885	17320.87
547.091	17810.33
547.297	18334.61
547.502	17777.56
547.708	17374.11
547.914	17814.43
548.119	18707.34
548.325	17261.48
548.531	17296.29
548.736	18752.4
548.942	18256.79
549.147	17402.79
549.353	18043.8
549.559	18709.39
549.764	18248.6
549.97	17654.69
550.175	17675.16
550.381	18787.21
550.586	18371.47
550.792	18021.27
550.997	17875.87
551.203	18723.72
551.408	19071.88
551.614	17728.41
551.819	17974.17
552.025	19118.98
552.23	18742.16
552.435	17683.36
552.641	18566.03
552.846	18645.9
553.052	19264.39
553.257	18594.7
553.462	18299.8
553.668	18819.98
553.873	18910.09
554.078	18217.88
554.283	18742.16
554.489	19239.81
554.694	19217.29
554.899	18512.78
555.105	18836.36
555.31	19563.39
555.515	19786.62
555.72	19035.02
555.925	19813.24
556.131	19628.93
556.336	19346.31
556.541	18928.52
556.746	18819.98
556.951	19970.94
557.156	19751.81
557.361	19190.66
557.567	19553.15
557.772	19948.41
557.977	19878.78
558.182	18951.05
558.387	19231.62
558.592	19786.62
558.797	20323.19
559.002	19344.26
559.207	19411.84
559.412	20362.1
559.617	20464.5
559.822	19626.88
560.027	19129.22
560.232	19731.33
560.437	20222.84
560.642	19241.86
560.847	19506.05
561.051	20063.1
561.256	20482.93
561.461	19286.92
561.666	19395.46
561.871	20446.07
562.076	20779.89
562.281	19659.65
562.485	19778.43
562.69	20478.83
562.895	20335.48
563.1	19745.66
563.305	19428.23
563.509	20851.56
563.714	21005.16
563.919	19891.07
564.123	19733.37
564.328	20061.05
564.533	20867.95
564.737	19798.91
564.942	19700.61
565.147	20974.44
565.351	20573.04
565.556	19829.63
565.761	20218.74
565.965	20648.82
566.17	20659.06
566.374	20097.91
566.579	20079.48
566.784	20747.12
566.988	20620.14
567.193	19876.73
567.397	20398.96
567.602	20716.4
567.806	20874.09
568.011	20323.19
568.215	20659.06
568.42	20716.4
568.624	21189.48
568.828	20419.44
569.033	20743.02
569.237	21650.27
569.442	21228.39
569.646	20421.49
569.85	20677.49
570.055	21103.46
570.259	21584.74
570.463	20837.23
570.668	20532.08
570.872	21150.57
571.076	21103.46
571.281	21039.98
571.485	21052.27
571.689	21314.41
571.893	21422.95
572.098	21027.69
572.302	20652.91
572.506	21631.84
572.71	21494.63
572.914	20976.49
573.119	20704.11
573.323	21615.46
573.527	21793.63
573.731	21201.77
573.935	20761.45
574.139	21599.07
574.343	21441.38
574.547	21625.7
574.751	21461.86
574.955	21971.8
575.159	22135.64
575.364	21277.54
575.568	21230.44
575.772	22612.82
575.976	21859.17
576.18	21136.23
576.383	21291.88
576.587	22430.55
576.791	22119.26
576.995	21541.73
577.199	21379.94
577.403	21994.33
577.607	22344.53
577.811	21949.28
578.015	21855.07
578.219	22688.59
578.422	22496.08
578.626	22203.22
578.83	22188.89
579.034	22700.88
579.238	22653.78
579.442	21822.3
579.645	22661.97
579.849	22653.78
580.053	23153.48
580.257	21736.29
580.46	22209.37
580.664	22932.3
580.868	22817.61
581.071	22184.79
581.275	22190.94
581.479	22537.04
581.682	23038.8
581.886	22199.13
582.09	22195.03
582.293	22678.35
582.497	23057.23
582.7	22834
582.904	22643.54
583.107	23036.75
583.311	23208.78
583.515	22256.47
583.718	22543.19
583.922	23274.31
584.125	24083.26
584.329	22532.95
584.532	23018.32
584.735	23632.71
584.939	23122.76
585.142	22440.79
585.346	22553.43
585.549	23227.21
585.753	23702.34
585.956	22594.39
586.159	23049.03
586.363	23503.68
586.566	23561.03
586.769	22489.94
586.973	22578
587.176	23339.85
587.379	23587.65
587.582	23380.81
587.786	23313.22
587.989	23731.01
588.192	24613.68
588.395	23231.3
588.599	23714.62
588.802	23749.44
589.005	23927.61
589.208	23391.05
589.411	23286.6
589.615	23890.75
589.818	24646.45
590.021	23835.45
590.224	23712.58
590.427	24539.96
590.63	24388.41
590.833	23419.72
591.036	23898.94
591.239	24318.78
591.442	24173.37
591.645	24021.82
591.848	23937.85
592.051	24431.41
592.254	24615.73
592.457	23993.15
592.66	24103.74
592.863	24685.36
593.066	24912.69
593.269	24240.95
593.472	24132.41
593.675	24617.78
593.878	25035.56
594.081	24404.79
594.284	23958.33
594.486	24879.92
594.689	24777.52
594.892	24329.02
595.095	24363.83
595.298	25336.62
595.5	24824.62
595.703	24341.3
595.906	24701.75
596.109	24726.32
596.311	24613.68
596.514	23810.88
596.717	24576.82
596.92	25408.29
597.122	25342.76
597.325	24281.91
597.528	24709.94
597.73	25778.98
597.933	25398.06
598.136	24742.71
598.338	24296.25
598.541	25914.14
598.743	25578.28
598.946	24783.66
599.148	24810.29
599.351	25617.19
599.554	25731.87
599.756	25082.67
599.959	24836.91
600.161	25688.87
600.363	26235.67
600.566	25162.54
600.768	25025.32
600.971	25606.95
601.173	25441.06
601.376	24754.99
601.578	25226.03
601.78	25764.64
601.983	26577.69
602.185	25189.16
602.388	25881.38
602.59	26098.46
602.792	25936.67
602.995	25453.35
603.197	25234.22
603.399	26340.12
603.601	26712.85
603.804	25336.62
604.006	25479.97
604.208	25869.09
604.41	25887.52
604.613	25615.14
604.815	25613.09
605.017	26639.12
605.219	25725.73
605.421	26493.72
605.623	25701.15
605.826	26475.29
606.028	26950.42
606.23	25479.97
606.432	25631.52
606.634	26555.16
606.836	26440.47
607.038	25551.65
607.24	26030.88
607.442	26524.44
607.644	26440.47
607.846	25895.71
608.048	25557.8
608.25	26391.32
608.452	26022.69
608.654	25781.03
608.856	25086.76
609.058	26209.05
609.26	26913.55
609.462	26131.23
609.664	26147.61
609.866	26575.64
610.067	26463
610.269	26028.83
610.471	25832.22
610.673	26456.85
610.875	26743.57
611.077	25824.03
611.278	26190.62
611.48	26739.47
611.682	26571.54
611.884	26186.52
612.085	25856.8
612.287	26211.1
612.489	26118.94
612.69	25867.04
612.892	26065.69
613.094	27130.64
613.295	26721.04
613.497	25934.62
613.699	25948.96
613.9	26874.64
614.102	26850.06
614.304	25795.36
614.505	25789.22
614.707	26868.5
614.908	26938.13
615.11	26397.46
615.311	26510.1
615.513	26919.7
615.714	27069.2
615.916	26182.43
616.117	26823.44
616.319	26899.22
616.52	27196.17
616.722	26100.51
616.923	26170.14
617.124	27091.73
617.326	26647.32
617.527	26381.08
617.729	27075.34
617.93	27085.58
618.131	27046.67
618.333	26415.9
618.534	26573.59
618.735	26983.18
618.937	27044.62
619.138	26747.67
619.339	26217.24
619.54	27177.74
619.742	27224.84
619.943	26989.33
620.144	26440.47
620.345	27364.11
620.546	27198.22
620.748	26569.49
620.949	26759.95
621.15	27163.4
621.351	27171.6
621.552	26432.28
621.753	26422.04
621.954	26888.98
622.155	27095.82
622.356	26323.74
622.558	26682.13
622.759	27042.57
622.96	27798.27
623.161	26688.28
623.362	26827.54
623.563	27263.75
623.764	27435.78
623.965	26647.32
624.166	27001.61
624.366	27224.84
624.567	27509.51
624.768	26581.78
624.969	26768.15
625.17	27198.22
625.371	27495.18
625.572	26968.85
625.773	26549.01
625.973	27792.13
626.174	27724.55
626.375	27149.07
626.576	27075.34
626.777	27425.54
626.977	27536.13
627.178	27028.24
627.379	27314.95
627.58	27644.68
627.78	27659.01
627.981	26921.74
628.182	27147.02
628.382	27783.94
628.583	27073.29
628.784	26549.01
628.984	27142.92
629.185	27497.22
629.386	27538.18
629.586	27702.02
629.787	27200.27
629.987	27687.68
630.188	27867.91
630.388	27101.97
630.589	27230.99
630.79	28195.58
630.99	27400.97
631.191	27093.77
631.391	27261.71
631.591	27663.11
631.792	27781.89
631.992	27677.44
632.193	27577.09
632.393	28162.81
632.594	27849.47
632.794	27271.95
632.994	27382.54
633.195	27450.12
633.395	28035.84
633.595	27220.75
633.796	27749.12
633.996	28238.59
634.196	27923.2
634.397	27403.02
634.597	27376.39
634.797	27800.32
634.997	28324.6
635.198	27794.18
635.398	27292.43
635.598	28187.39
635.798	28314.36
635.998	27525.89
636.199	27218.7
636.399	27910.91
636.599	27742.98
636.799	27595.53
636.999	27982.59
637.199	27982.59
637.399	28773.11
637.599	27472.65
637.799	27585.29
637.999	28431.1
638.199	28615.41
638.399	28222.2
638.599	27896.58
638.799	28791.54
638.999	28723.96
639.199	28248.83
639.399	28228.35
639.599	28748.53
639.799	28467.96
639.999	27564.81
640.199	27839.23
640.399	28357.37
640.599	27654.92
640.799	28515.06
640.998	28211.96
641.198	28369.66
641.398	28381.95
641.598	28074.75
641.798	28326.65
641.997	29514.47
642.197	28498.68
642.397	28623.61
642.597	27876.1
642.796	28631.8
642.996	28418.81
643.196	28424.95
643.395	27798.27
643.595	28814.07
643.795	27882.24
643.994	28494.58
644.194	28306.17
644.394	29289.2
644.593	29264.62
644.793	28517.11
644.992	28633.85
645.192	29113.07
645.392	28349.18
645.591	28656.37
645.791	28603.13
645.99	29078.25
646.19	28715.76
646.389	28404.47
646.589	28394.23
646.788	29000.43
646.987	29022.96
647.187	29246.19
647.386	29240.04
647.586	29211.37
647.785	29125.36
647.984	28547.83
648.184	28816.11
648.383	28951.28
648.582	28400.38
648.782	28744.44
648.981	28605.17
649.18	28846.83
649.38	29151.98
649.579	28826.35
649.778	28478.2
649.977	29217.52
650.177	29188.85
650.376	28465.91
650.575	28474.1
650.774	29156.08
650.973	29369.07
651.173	28277.5
651.372	28687.09
651.571	28840.69
651.77	29055.73
651.969	28889.84
652.168	28920.56
652.367	29379.31
652.566	29633.25
652.765	29186.8
652.964	29217.52
653.163	29592.3
653.362	29268.72
653.561	28820.21
653.76	29594.34
653.959	29537
654.158	29971.17
654.357	29467.37
654.556	29031.15
654.755	29371.11
654.954	29661.93
655.153	28527.35
655.352	29407.98
655.551	29510.38
655.749	29332.2
655.948	29045.49
656.147	29170.41
656.346	29483.75
656.545	29709.03
656.743	28766.96
656.942	29078.25
657.141	29457.13
657.34	29283.05
657.538	28736.24
657.737	29242.09
657.936	29813.48
658.135	29741.8
658.333	29242.09
658.532	29737.7
658.731	30214.88
658.929	29717.22
659.128	29354.73
659.326	29039.34
659.525	30190.3
659.724	29692.65
659.922	28785.4
660.121	28855.03
660.319	29549.29
660.518	29739.75
660.716	29307.63
660.915	29338.35
661.113	30431.96
661.312	29647.59
661.51	29483.75
661.709	29219.56
661.907	29874.91
662.105	30186.21
662.304	29346.54
662.502	29385.45
662.701	29725.41
662.899	29616.87
663.097	29797.09
663.296	29547.24
663.494	29756.13
663.692	30249.69
663.891	29244.14
664.089	28887.79
664.287	29819.62
664.485	29850.34
664.684	29403.88
664.882	29502.18
665.08	29946.59
665.278	30092
665.476	29414.12
665.675	29752.04
665.873	30302.94
666.071	30241.5
666.269	29637.35
666.467	29516.52
666.665	30194.4
666.863	29987.55
667.061	29946.59
667.259	29125.36
667.457	29471.46
667.655	29915.87
667.853	29231.85
668.051	29774.56
668.249	29633.25
668.447	30227.17
668.645	29293.29
668.843	30092
669.041	30198.49
669.239	29661.93
669.437	29588.2
669.635	29645.54
669.833	29731.56
670.031	29639.4
670.229	29577.96
670.426	29389.55
670.624	29502.18
670.822	29704.93
671.02	29549.29
671.218	29379.31
671.415	29682.41
671.613	29659.88
671.811	29504.23
672.009	29418.22
672.206	29747.94
672.404	29516.52
672.602	29561.58
672.799	29635.3
672.997	30175.97
673.195	29784.8
673.392	29262.57
673.59	28920.56
673.788	29475.56
673.985	28918.51
674.183	29174.51
674.38	29299.44
674.578	29991.65
674.775	29661.93
674.973	29252.33
675.17	29068.02
675.368	29625.06
675.565	29651.69
675.763	29281
675.96	29387.5
676.158	29649.64
676.355	29623.01
676.553	29403.88
676.75	29217.52
676.947	29688.55
677.145	29520.62
677.342	29221.61
677.539	29086.45
677.737	29797.09
677.934	29625.06
678.131	29352.68
678.329	29186.8
678.526	30200.54
678.723	30003.94
678.92	29469.42
679.118	29170.41
679.315	29145.84
679.512	29747.94
679.709	29133.55
679.906	29358.83
680.104	29770.47
680.301	29786.85
680.498	28984.05
680.695	28912.37
680.892	29231.85
681.089	29604.58
681.286	28877.55
681.483	28881.65
681.68	29401.83
681.877	29764.32
682.075	28961.52
682.272	29104.88
682.469	29131.5
682.665	29102.83
682.862	28500.73
683.059	28642.04
683.256	28926.71
683.453	29006.58
683.65	28957.42
683.847	28941.04
684.044	29045.49
684.241	29094.64
684.438	29125.36
684.635	28308.22
684.831	29670.12
685.028	29913.83
685.225	28812.02
685.422	29446.89
685.619	29450.99
685.815	29180.65
686.012	28730.1
686.209	28449.53
686.405	29258.48
686.602	29281
686.799	28541.69
686.996	28703.48
687.192	28930.8
687.389	29418.22
687.586	28484.34
687.782	28613.37
687.979	29522.66
688.175	29029.1
688.372	28574.45
688.568	28648.18
688.765	28728.05
688.962	28621.56
689.158	28222.2
689.355	28017.41
689.551	28383.99
689.748	28762.87
689.944	28316.41
690.14	28025.6
690.337	28576.5
690.533	28449.53
690.73	28285.69
690.926	28308.22
691.123	28353.27
691.319	28762.87
691.515	27874.05
691.712	28248.83
691.908	28277.5
692.104	28455.67
692.301	28373.75
692.497	28111.61
692.693	28984.05
692.889	28381.95
693.086	28586.74
693.282	28158.72
693.478	28633.85
693.674	29225.71
693.87	28209.92
694.067	28310.27
694.263	28822.26
694.459	28351.23
694.655	28476.15
694.851	28412.67
695.047	28615.41
695.243	28545.78
695.439	28173.05
695.635	27818.75
695.831	28340.99
696.027	28459.77
696.224	27622.15
696.42	28263.16
696.615	28875.51
696.811	28234.49
697.007	27822.85
697.203	27458.31
697.399	28111.61
697.595	27800.32
697.791	27587.33
697.987	27603.72
698.183	27779.84
698.379	27986.69
698.575	27865.86
698.77	27800.32
698.966	28158.72
699.162	28146.43
699.358	27511.56
699.554	27220.75
699.749	28218.11
699.945	27994.88
700.141	27607.81
700.337	27603.72
700.532	27601.67
700.728	27587.33
700.924	27288.33
701.119	27233.04
701.315	27796.23
701.511	27441.93
701.706	27777.79
701.902	27081.49
702.097	28168.96
702.293	28052.22
702.489	27443.98
702.684	27527.94
702.88	28193.53
703.075	27618.05
703.271	27548.42
703.466	27441.93
703.662	27599.62
703.857	28201.72
704.053	27663.11
704.248	27841.28
704.443	28459.77
704.639	27958.02
704.834	27474.7
705.03	27603.72
705.225	27837.19
705.42	28039.93
705.616	27134.73
705.811	27052.81
706.006	27529.99
706.202	27419.4
706.397	27509.51
706.592	27112.2
706.787	27536.13
706.983	27110.16
707.178	27765.51
707.373	26983.18
707.568	27521.8
707.763	27532.04
707.959	26970.9
708.154	27101.97
708.349	27654.92
708.544	27726.6
708.739	27157.26
708.934	26620.69
709.129	27245.32
709.324	27613.96
709.519	26714.9
709.714	26655.51
709.909	27663.11
710.104	27603.72
710.299	27302.67
710.494	27566.85
710.689	26962.7
710.884	27679.49
711.079	26577.69
711.274	27224.84
711.469	27683.59
711.664	27790.08
711.859	26743.57
712.054	26878.74
712.249	27458.31
712.443	27104.01
712.638	26929.94
712.833	26800.91
713.028	27538.18
713.223	27190.03
713.417	27355.91
713.612	27061.01
713.807	27753.22
714.002	28173.05
714.196	27579.14
714.391	26606.36
714.586	27390.73
714.78	27618.05
714.975	26413.85
715.17	26725.14
715.364	27042.57
715.559	27437.83
715.754	25727.78
715.948	26301.21
716.143	27687.68
716.337	26688.28
716.532	27079.44
716.726	26757.91
716.921	26993.42
717.115	27618.05
717.31	26452.76
717.504	27902.72
717.699	27128.59
717.893	27192.08
718.088	26350.36
718.282	26301.21
718.476	26829.59
718.671	27075.34
718.865	26555.16
719.059	26028.83
719.254	26483.48
719.448	27058.96
719.642	28900.08
719.837	25594.66
720.031	28359.42
720.225	26237.72
720.419	25975.58
720.614	25664.29
720.808	26632.98
721.002	26311.45
721.196	26186.52
721.39	25828.13
721.585	26540.82
721.779	26753.81
721.973	25951.01
722.167	25586.47
722.361	26200.86
722.555	26735.38
722.749	25729.83
722.943	25885.47
723.137	25797.41
723.331	26784.53
723.525	25819.94
723.719	26192.67
723.913	26493.72
724.107	27177.74
724.301	25613.09
724.495	25875.23
724.689	27052.81
724.883	26348.31
725.077	25942.81
725.271	26184.48
725.465	26346.26
725.659	26006.3
725.853	26135.32
726.046	25922.34
726.24	26131.23
726.434	26321.69
726.628	25756.45
726.822	25449.25
727.015	26106.65
727.209	26403.61
727.403	25504.55
727.596	25535.27
727.79	26491.67
727.984	26530.58
728.177	25873.18
728.371	25922.34
728.565	26327.83
728.758	26207
728.952	26082.08
729.146	25588.52
729.339	26827.54
729.533	26131.23
729.726	25584.42
729.92	25406.25
730.113	26266.39
730.307	26440.47
730.5	25740.07
730.694	25545.51
730.887	25869.09
731.081	26213.15
731.274	25160.49
731.468	25414.44
731.661	25613.09
731.854	25629.48
732.048	25695.01
732.241	25555.75
732.435	25828.13
732.628	25922.34
732.821	25664.29
733.014	25432.87
733.208	25979.68
733.401	25881.38
733.594	25475.88
733.788	25398.06
733.981	26219.29
734.174	26098.46
734.367	25666.34
734.56	25654.05
734.754	26372.89
734.947	26319.64
735.14	25584.42
735.333	25893.66
735.526	26135.32
735.719	25697.06
735.912	25324.33
736.105	25391.91
736.298	26114.84
736.491	25893.66
736.684	25013.04
736.877	25205.55
737.07	25455.4
737.263	26161.95
737.456	25350.95
737.649	25103.15
737.842	25918.24
738.035	25903.9
738.228	25252.65
738.421	25557.8
738.614	26094.36
738.807	25877.28
739	24668.98
739.192	25094.96
739.385	25951.01
739.578	25983.77
739.771	25789.22
739.964	25049.9
740.156	26221.34
740.349	25662.24
740.542	25371.43
740.735	25006.89
740.927	25338.66
741.12	25576.23
741.313	24947.5
741.505	25242.41
741.698	25709.35
741.891	25647.91
742.083	25223.98
742.276	25463.59
742.468	25678.63
742.661	25574.18
742.854	25094.96
743.046	25074.48
743.239	25768.74
743.431	26014.49
743.624	24793.9
743.816	24718.13
744.009	25457.45
744.201	25731.87
744.393	25439.01
744.586	24789.81
744.778	25783.07
744.971	25649.96
745.163	24920.88
745.355	25209.64
745.548	25402.15
745.74	25377.58
745.932	25041.71
746.125	25031.47
746.317	25803.55
746.509	25537.32
746.702	24996.65
746.894	24906.54
747.086	25613.09
747.278	25522.98
747.471	25162.54
747.663	25043.76
747.855	25244.46
748.047	25574.18
748.239	24978.22
748.431	24744.75
748.623	25541.41
748.815	25180.97
749.008	24443.7
749.2	24816.43
749.392	25258.79
749.584	25430.82
749.776	24916.78
749.968	25021.23
750.16	25932.57
750.352	25094.96
750.544	24724.27
750.736	24488.76
750.928	25488.17
751.12	25473.83
751.311	24333.11
751.503	24949.55
751.695	25006.89
751.887	25234.22
752.079	24253.24
752.271	24744.75
752.463	25791.27
752.654	25113.39
752.846	24752.94
753.038	24472.37
753.23	24777.52
753.421	25195.31
753.613	24236.86
753.805	24945.45
753.997	24924.97
754.188	24892.21
754.38	24396.6
754.572	24103.74
754.763	24329.02
754.955	24642.35
755.146	24410.93
755.338	24021.82
755.53	24806.19
755.721	24628.02
755.913	23581.51
756.104	23853.89
756.296	24496.95
756.487	24949.55
756.679	24032.06
756.87	23843.65
757.062	24130.36
757.253	24425.27
757.445	23929.66
757.636	24216.38
757.827	24486.71
758.019	24912.69
758.21	23636.8
758.401	23544.64
758.593	24879.92
758.784	24585.01
758.975	23536.45
759.167	23538.5
759.358	23829.31
759.549	24156.99
759.74	23210.82
759.932	23421.77
760.123	24070.97
760.314	24222.52
760.505	23425.86
760.696	23393.09
760.888	24015.68
761.079	24109.88
761.27	23386.95
761.461	23176.01
761.652	24240.95
761.843	23849.79
762.034	23540.55
762.225	24032.06
762.416	23900.99
762.607	23604.03
762.798	23024.46
762.989	23145.29
763.18	24734.51
763.371	23501.64
763.562	23204.68
763.753	23034.7
763.944	23470.92
764.135	23628.61
764.326	23018.32
764.517	23133
764.708	23954.24
764.899	23327.56
765.089	22616.91
765.28	22522.71
765.471	22864.72
765.662	23208.78
765.853	22963.02
766.043	22475.6
766.234	23552.84
766.425	23178.06
766.615	22834
766.806	22584.15
766.997	23436.1
767.187	23114.57
767.378	22700.88
767.569	22252.38
767.759	23302.98
767.95	22899.53
768.141	22745.94
768.331	22508.37
768.522	22932.3
768.712	23114.57
768.903	22420.31
769.093	22895.44
769.284	23229.26
769.474	23061.32
769.665	22061.91
769.855	22002.52
770.046	23034.7
770.236	22842.19
770.426	22440.79
770.617	22125.4
770.807	22657.87
770.998	23083.85
771.188	22410.07
771.378	22012.76
771.569	23157.58
771.759	22743.89
771.949	21732.19
772.139	22025.05
772.33	22326.1
772.52	22541.14
772.71	21818.21
772.9	22186.84
773.09	22676.3
773.281	23110.47
773.471	22082.39
773.661	21961.56
773.851	22457.17
774.041	22498.13
774.231	21746.53
774.421	22436.69
774.611	22877.01
774.802	22905.68
774.992	22049.63
775.182	21717.86
775.372	22219.61
775.562	22678.35
775.752	21820.25
775.942	21486.43
776.131	22502.23
776.321	22055.77
776.511	21177.19
776.701	21384.04
776.891	22553.43
777.081	21812.06
777.271	21594.98
777.461	21271.4
777.651	21828.45
777.84	21629.79
778.03	21381.99
778.22	20861.8
778.41	21848.93
778.599	21631.84
778.789	21291.88
778.979	20865.9
779.169	21531.49
779.358	21461.86
779.548	21590.88
779.738	20519.79
779.927	21199.72
780.117	21554.02
780.307	20761.45
780.496	20747.12
780.686	21928.8
780.875	21973.85
781.065	20939.63
781.254	20687.73
781.444	21298.02
781.633	21181.29
781.823	20835.18
782.012	20878.19
782.202	21031.79
782.391	21328.74
782.581	20747.12
782.77	20937.58
782.96	21285.73
783.149	20753.26
783.338	20491.12
783.528	20032.38
783.717	21044.07
783.906	21216.1
784.096	20468.59
784.285	20228.98
784.474	20769.65
784.663	20749.17
784.853	20200.31
785.042	20441.97
785.231	20814.7
785.42	20978.54
785.61	20405.11
785.799	19989.37
785.988	20620.14
786.177	20562.8
786.366	20364.15
786.555	20417.4
786.744	20816.75
786.933	20603.76
787.122	19911.55
787.312	19901.31
787.501	20192.12
787.69	20677.49
787.879	19604.35
788.068	19725.18
788.257	19997.56
788.445	20171.64
788.634	20106.1
788.823	19848.06
789.012	20720.49
789.201	20732.78
789.39	19921.79
789.579	19780.48
789.768	20441.97
789.957	20050.81
790.145	19860.35
790.334	19084.17
790.523	19893.12
790.712	19975.03
790.9	19831.68
791.089	19110.79
791.278	20179.83
791.467	20212.6
791.655	20106.1
791.844	20071.29
792.033	19891.07
792.221	19706.75
792.41	19327.88
792.599	19049.35
792.787	19983.23
792.976	20001.66
793.164	19075.98
793.353	19231.62
793.541	19901.31
793.73	20048.76
793.918	19159.94
794.107	19221.38
794.295	19688.32
794.484	19663.74
794.672	19264.39
794.861	19192.71
795.049	19772.28
795.238	19944.31
795.426	18879.37
795.614	19143.56
795.803	20020.09
795.991	19944.31
796.179	18930.57
796.368	19254.15
796.556	19657.6
796.744	19602.3
796.932	19114.89
797.121	18930.57
797.309	19331.97
797.497	19768.19
797.685	18832.27
797.874	18930.57
798.062	19751.81
798.25	19827.58
798.438	18924.43
798.626	18705.29
798.814	19708.8
799.002	19829.63
799.19	19061.64
799.378	19078.02
799.566	19442.56
799.755	19774.33
799.943	18879.37
800.131	18955.15
800.318	19444.61
800.506	19776.38
800.694	18887.56
800.882	19090.31
801.07	20079.48
801.258	19784.57
801.446	18996.1
801.634	19026.82
801.822	19538.82
802.01	19741.57
802.197	18813.84
802.385	19475.33
802.573	19618.69
802.761	19456.9
802.949	19006.34
803.136	18838.41
803.324	19856.25
803.512	19393.41
803.699	18871.18
803.887	18701.2
804.075	19284.87
804.262	19385.22
804.45	18795.4
804.638	19217.29
804.825	19360.64
805.013	19575.68
805.201	19282.82
805.388	18709.39
805.576	19315.59
805.763	19944.31
805.951	19182.47
806.138	19225.48
806.326	20013.95
806.513	19434.37
806.701	19127.17
806.888	18457.49
807.075	19547.01
807.263	19911.55
807.45	18910.09
807.638	18834.32
807.825	19962.75
808.012	19815.29
808.2	19250.05
808.387	19501.95
808.574	19772.28
808.761	19651.45
808.949	19176.33
809.136	19258.24
809.323	19786.62
809.51	19737.47
809.698	19573.63
809.885	19399.55
810.072	20042.62
810.259	19743.61
810.446	18942.86
810.633	19030.92
810.82	19772.28
811.008	19987.32
811.195	19692.41
811.382	19024.78
811.569	19868.54
811.756	19379.07
811.943	19493.76
812.13	19125.13
812.317	19819.39
812.504	19524.48
812.691	19080.07
812.878	19540.86
813.064	20151.16
813.251	19342.21
813.438	18852.75
813.625	19157.89
813.812	19331.97
813.999	19704.7
814.186	19194.76
814.372	19061.64
814.559	19489.67
814.746	19714.94
814.933	18551.7
815.12	19170.18
815.306	19452.8
815.493	19151.75
815.68	19053.45
815.866	18697.1
816.053	19698.56
816.24	19798.91
816.426	19252.1
816.613	18627.47
816.799	19796.86
816.986	20083.58
817.173	19229.57
817.359	19307.4
817.546	19925.88
817.732	19358.6
817.919	18877.32
818.105	19444.61
818.292	19579.78
818.478	19911.55
818.665	19131.27
818.851	19082.12
819.037	20124.54
819.224	19567.49
819.41	18619.28
819.597	18949
819.783	20142.97
819.969	19661.69
820.156	19035.02
820.342	18647.95
820.528	20609.9
820.714	19606.4
820.901	19098.5
821.087	18736.01
821.273	19495.81
821.459	19026.82
821.646	18746.25
821.832	18469.78
822.018	19665.79
822.204	19366.79
822.39	18664.33
822.576	18615.18
822.762	19426.18
822.948	19360.64
823.134	18789.26
823.32	18545.55
823.507	18817.93
823.693	19192.71
823.879	19213.19
824.065	18500.5
824.25	18738.06
824.436	18979.72
824.622	18070.42
824.808	18187.16
824.994	19118.98
825.18	18789.26
825.366	18252.69
825.552	18307.99
825.738	19194.76
825.923	19250.05
826.109	18654.09
826.295	18172.82
826.481	18815.88
826.667	19032.97
826.852	18568.08
827.038	18193.3
827.224	19053.45
827.409	18746.25
827.595	17793.95
827.781	18496.4
827.966	18992.01
828.152	19164.04
828.338	18586.51
828.523	17781.66
828.709	18690.96
828.894	19094.41
829.08	18457.49
829.266	18492.3
829.451	18862.99
829.637	19039.11
829.822	18561.94
830.008	18178.97
830.193	18799.5
830.378	19196.81
830.564	18013.08
830.749	18107.29
830.935	18768.78
831.12	18328.47
831.305	17859.48
831.491	17953.69
831.676	18183.06
831.861	18340.75
832.047	17826.71
832.232	17513.38
832.417	18568.08
832.602	18625.42
832.788	17789.85
832.973	17666.97
833.158	18299.8
833.343	18447.25
833.528	17705.88
833.714	17677.21
833.899	18103.19
834.084	18269.08
834.269	17707.93
834.454	17341.35
834.639	18174.87
834.824	18289.56
835.009	17382.31
835.194	17558.43
835.379	18355.09
835.564	18209.68
835.749	17587.1
835.934	16855.98
836.119	17894.3
836.304	17920.92
836.489	17189.8
836.674	17736.6
836.859	17888.15
837.044	18203.54
837.228	17314.72
837.413	17245.09
837.598	17820.57
837.783	17951.64
837.968	17445.79
838.152	17060.77
838.337	17359.78
838.522	18111.38
838.707	18109.33
838.891	17417.12
839.076	17695.64
839.261	17654.69
839.445	17243.04
839.63	17071.01
839.815	18170.77
839.999	17435.55
840.184	17089.45
840.368	17271.72
840.553	17763.23
840.737	17423.26
840.922	16573.36
841.106	16743.34
841.291	17236.9
841.475	17576.86
841.66	16718.76
841.844	16640.94
842.029	17669.02
842.213	17185.7
842.397	16690.09
842.582	16083.89
842.766	17185.7
842.951	17363.87
843.135	16653.23
843.319	16552.88
843.504	17286.05
843.688	17775.52
843.872	16317.36
844.056	16395.18
844.241	17169.32
844.425	17179.56
844.609	16860.07
844.793	16483.25
844.977	17206.18
845.161	16882.6
845.346	16106.42
845.53	16139.19
845.714	16909.22
845.898	17245.09
846.082	16292.79
846.266	16460.72
846.45	16970.66
846.634	16935.85
846.818	16090.04
847.002	16546.73
847.186	17011.62
847.37	16442.29
847.554	15877.05
847.738	16200.63
847.922	16694.19
848.106	16563.12
848.29	15940.54
848.473	15723.45
848.657	16575.41
848.841	16241.59
849.025	15682.49
849.209	15403.97
849.392	16522.16
849.576	16559.02
849.76	15119.3
849.944	16120.76
850.127	16602.03
850.311	15973.3
850.495	15416.26
850.678	15571.9
850.862	16440.24
851.046	16487.34
851.229	16145.33
851.413	15610.81
851.596	16436.14
851.78	16135.09
851.964	15711.16
852.147	15412.16
852.331	16511.92
852.514	16616.37
852.698	15571.9
852.881	15330.24
853.065	16133.04
853.248	16085.94
853.431	15586.24
853.615	15606.72
853.798	16489.39
853.982	16075.7
854.165	15580.09
854.348	15240.13
854.532	15881.14
854.715	15858.62
854.898	15557.57
855.081	15410.11
855.265	16401.33
855.448	16677.8
855.631	15291.33
855.814	15408.06
855.997	15844.28
856.181	16212.92
856.364	15619
856.547	15150.02
856.73	15700.92
856.913	15905.72
857.096	14943.17
857.279	15154.12
857.462	15555.52
857.645	15901.62
857.828	15141.83
858.011	15307.71
858.194	15367.1
858.377	15455.17
858.56	14963.65
858.743	14724.04
858.926	15127.49
859.109	15352.77
859.292	14969.8
859.475	14517.2
859.658	15559.61
859.841	15467.45
860.023	14728.14
860.206	14650.32
860.389	15403.97
860.572	15514.56
860.755	14775.24
860.937	14867.4
861.12	15039.43
861.303	15217.6
861.486	14668.75
861.668	14435.28
861.851	14883.78
862.034	15356.86
862.216	14945.22
862.399	14076.88
862.581	15031.24
862.764	15188.93
862.947	14347.22
863.129	14210
863.312	14224.34
863.494	14838.73
863.677	14511.05
863.859	13509.6
864.042	14310.35
864.224	14316.5
864.406	13937.62
864.589	13632.47
864.771	14371.79
864.954	14265.3
865.136	13767.64
865.318	13534.17
865.501	14977.99
865.683	13962.2
865.865	13970.39
866.048	13814.74
866.23	14597.07
866.412	14314.45
866.594	13702.11
866.777	14031.83
866.959	14367.7
867.141	14212.05
867.323	14121.94
867.505	13870.04
867.687	14222.29
867.869	14353.36
868.052	13509.6
868.234	13595.61
868.416	14363.6
868.598	14769.1
868.78	13652.95
868.962	13482.97
869.144	14357.46
869.326	14044.12
869.508	13566.94
869.69	13501.4
869.872	13933.53
870.054	14261.2
870.236	12948.45
870.417	13110.24
870.599	13861.85
870.781	14345.17
870.963	13611.99
871.145	13575.13
871.327	13738.97
871.508	14175.19
871.69	13448.16
871.872	13482.97
872.054	13945.81
872.235	13863.9
872.417	13450.21
872.599	13253.6
872.78	14695.37
872.962	14068.69
873.144	13067.24
873.325	13560.8
873.507	14068.69
873.689	14019.54
873.87	13296.61
874.052	13851.61
874.233	13812.7
874.415	14576.59
874.596	13347.81
874.778	13247.46
874.959	13745.11
875.141	14269.39
875.322	13224.93
875.503	13292.51
875.685	13855.7
875.866	13329.38
876.048	13528.03
876.229	13233.12
876.41	13542.36
876.592	14046.16
876.773	13413.34
876.954	13286.37
877.136	14293.97
877.317	14083.03
877.498	13183.97
877.679	13659.1
877.86	14040.02
878.042	13896.66
878.223	13468.64
878.404	14062.55
878.585	14220.24
878.766	14457.81
878.947	13790.17
879.128	13468.64
879.309	14132.18
879.49	14244.82
879.672	13642.71
879.853	13622.23
880.034	14009.3
880.215	14384.08
880.396	13640.67
880.576	13366.24
880.757	14105.56
880.938	14664.65
881.119	13419.49
881.3	13515.74
881.481	14068.69
881.662	15090.63
881.843	13278.18
882.023	13519.84
882.204	14629.84
882.385	14265.3
882.566	13747.16
882.747	13849.56
882.927	14468.05
883.108	14537.68
883.289	13376.48
883.469	14111.7
883.65	14052.31
883.831	14203.86
884.011	13738.97
884.192	13640.67
884.373	14511.05
884.553	14373.84
884.734	14271.44
884.914	14388.18
885.095	15766.46
885.275	14756.81
885.456	14328.78
885.636	14078.93
885.817	14676.94
885.997	14881.74
886.178	14001.11
886.358	14240.72
886.538	14863.3
886.719	16544.69
886.899	14013.4
887.08	14441.42
887.26	15182.79
887.44	14693.32
887.621	14193.62
887.801	14351.31
887.981	15240.13
888.161	15195.07
888.342	14199.76
888.522	14099.41
888.702	15023.05
888.882	14943.17
889.062	14238.67
889.242	13851.61
889.423	14744.52
889.603	14879.69
889.783	14414.8
889.963	14107.6
890.143	15068.1
890.323	14926.79
890.503	14330.83
890.683	14416.85
890.863	14664.65
891.043	14537.68
891.223	14093.27
891.403	14484.43
891.583	14853.06
891.763	15180.74
891.943	14402.51
892.122	14343.12
892.302	14676.94
892.482	14564.3
892.662	14144.47
892.842	14205.91
893.022	14883.78
893.201	15068.1
893.381	14390.22
893.561	14509.01
893.741	14930.89
893.92	14549.96
894.1	14799.82
894.28	14482.38
894.459	15006.66
894.639	14466
894.819	14003.16
894.998	14255.06
895.178	14867.4
895.357	14472.14
895.537	13900.76
895.716	14005.2
895.896	14427.09
896.075	14830.54
896.255	14011.35
896.434	13259.74
896.614	14912.46
896.793	14767.05
896.973	14283.73
897.152	14142.42
897.331	14285.78
897.511	14519.25
897.69	13503.45
897.87	14128.08
898.049	14498.77
898.228	14255.06
898.407	13992.92
898.587	14017.49
898.766	14037.97
898.945	14281.68
899.124	14193.62
899.304	13800.41
899.483	14527.44
899.662	15074.24
899.841	13474.78
900.02	13695.96
900.199	14242.77
900.378	14121.94
900.557	13253.6
900.737	13292.51
900.916	14017.49
901.095	13814.74
901.274	13573.08
901.453	13194.21
901.632	13489.12
901.811	13700.06
901.989	13310.94
902.168	12798.95
902.347	13736.92
902.526	13276.13
902.705	12721.13
902.884	12686.31
903.063	13448.16
903.242	13485.02
903.42	12637.16
903.599	12878.82
903.778	13104.1
903.957	13448.16
904.135	12753.9
904.314	12495.85
904.493	12960.74
904.672	12792.81
904.85	12346.35
905.029	12280.82
905.207	12801
905.386	13239.26
905.565	11932.66
905.743	12035.06
905.922	12473.32
906.1	12645.35
906.279	11672.57
906.457	12141.55
906.636	12610.54
906.814	12282.86
906.993	11684.86
907.171	11572.22
907.35	12041.2
907.528	12600.3
907.707	12014.58
907.885	11404.28
908.063	12004.34
908.242	11856.89
908.42	11267.07
908.598	10847.24
908.777	11985.91
908.955	11457.53
909.133	11480.06
909.311	10968.07
909.49	11742.2
909.668	11561.98
909.846	10888.2
910.024	10988.55
910.202	11799.54
910.38	11873.27
910.559	11070.47
910.737	11482.11
910.915	11779.06
911.093	11979.76
911.271	11555.83
911.449	12039.15
911.627	12211.18
911.805	12977.12
911.983	11441.15
912.161	11586.55
912.339	12194.8
912.517	12362.73
912.695	12028.92
912.872	11918.32
913.05	12614.63
913.228	12348.4
913.406	11951.09
913.584	11473.92
913.762	12536.81
913.939	12270.58
914.117	11723.77
914.295	11596.79
914.473	12391.41
914.65	12415.98
914.828	11734.01
915.006	11762.68
915.184	12014.58
915.361	12123.12
915.539	11631.61
915.716	12092.4
915.894	12237.81
916.072	12237.81
916.249	12063.73
916.427	11838.45
916.604	11920.37
916.782	12012.53
916.959	11252.73
917.137	11236.35
917.314	11914.23
917.492	11828.21
917.669	11488.25
917.847	11344.89
918.024	11592.7
918.201	11496.44
918.379	11494.4
918.556	11336.7
918.733	11926.52
918.911	11498.49
919.088	11734.01
919.265	11545.59
919.442	11850.74
919.62	11697.14
919.797	11387.9
919.974	11324.41
920.151	11879.41
920.328	11590.65
920.506	11279.36
920.683	11641.85
920.86	11305.98
921.037	11453.44
921.214	11107.33
921.391	10978.31
921.568	11443.2
921.745	11381.76
921.922	11058.18
922.099	10923.01
922.276	11543.55
922.453	11594.75
922.63	10820.61
922.807	11238.4
922.984	11328.51
923.161	11256.83
923.338	10865.67
923.514	10601.48
923.691	11418.62
923.868	11291.65
924.045	10595.34
924.222	10537.99
924.399	11121.66
924.575	11426.81
924.752	10800.13
924.929	10685.45
925.105	10904.58
925.282	10798.09
925.459	10656.78
925.635	10793.99
925.812	11195.39
925.989	10968.07
926.165	10558.47
926.342	10263.57
926.518	10705.93
926.695	10832.9
926.871	10419.21
927.048	10456.08
927.224	10939.4
927.401	10454.03
927.577	10224.65
927.754	9690.13
927.93	10748.93
928.107	10601.48
928.283	9946.13
928.459	10355.72
928.636	10593.29
928.812	10167.31
928.988	9675.8
929.165	9583.64
929.341	9915.41
929.517	10441.74
929.693	10499.08
929.87	9395.23
930.046	10441.74
930.222	9772.05
930.398	9411.61
930.574	9829.4
930.751	9952.27
930.927	9819.16
931.103	9544.73
931.279	9438.23
931.455	9765.91
931.631	10017.81
931.807	9280.54
931.983	9040.93
932.159	9516.06
932.335	9774.1
932.511	9182.24
932.687	9339.93
932.863	9632.79
933.039	9739.29
933.215	9030.69
933.391	8838.18
933.566	9505.82
933.742	9423.9
933.918	8760.36
934.094	8596.52
934.27	9034.78
934.445	8877.09
934.621	8690.73
934.797	8338.48
934.973	8770.6
935.148	8490.03
935.324	7756.85
935.5	7564.34
935.675	8365.1
935.851	8356.91
936.027	7926.83
936.202	7593.01
936.378	8121.39
936.553	7734.32
936.729	8070.19
936.904	7134.27
937.08	7414.84
937.255	7314.49
937.431	6872.13
937.606	6814.79
937.782	6861.89
937.957	7154.75
938.133	6675.52
938.308	6259.79
938.483	6757.44
938.659	6517.83
938.834	6372.43
939.009	5917.78
939.185	6466.63
939.36	6036.56
939.535	5487.7
939.71	6028.37
939.886	6349.9
940.061	5893.2
940.236	6065.23
940.411	5661.78
940.586	6007.89
940.761	6007.89
940.937	5532.76
941.112	5180.51
941.287	5702.74
941.462	5448.79
941.637	4994.14
941.812	5252.19
941.987	5422.17
942.162	5428.31
942.337	5344.35
942.512	5045.34
942.687	5846.1
942.862	5663.83
943.037	4715.62
943.212	4617.32
943.386	5334.11
943.561	5407.83
943.736	5223.51
943.911	5596.25
944.086	5719.12
944.26	5409.88
944.435	4920.42
944.61	5110.88
944.785	5399.64
944.959	5854.29
945.134	4922.46
945.309	4729.95
945.483	4832.35
945.658	5338.2
945.833	4562.02
946.007	4727.91
946.182	5561.43
946.357	5031.01
946.531	4617.32
946.706	4881.5
946.88	4994.14
947.055	5401.69
947.229	4988
947.404	4914.27
947.578	5411.93
947.752	5350.49
947.927	4867.17
948.101	4717.67
948.276	5803.09
948.45	5520.47
948.624	5416.02
948.799	4865.12
948.973	5381.21
949.147	5327.96
949.321	5184.6
949.496	5010.53
949.67	5960.78
949.844	5407.83
950.018	5262.43
950.193	5145.69
950.367	6435.91
950.541	5516.37
950.715	5250.14
950.889	5444.7
951.063	5586.01
951.237	5629.01
951.411	5086.3
951.585	5127.26
951.759	5925.97
951.933	5809.23
952.107	5385.3
952.281	5393.5
952.455	6120.53
952.629	5917.78
952.803	5475.42
952.977	5495.89
953.151	5938.26
953.325	5762.13
953.499	5610.58
953.672	5162.08
953.846	5581.91
954.02	5858.39
954.194	5473.37
954.368	5117.02
954.541	6167.63
954.715	5977.17
954.889	5708.88
955.062	5428.31
955.236	5672.02
955.41	6071.37
955.583	5762.13
955.757	5499.99
955.93	6005.84
956.104	5794.9
956.278	5463.13
956.451	5579.86
956.625	6038.61
956.798	6411.34
956.972	5997.65
957.145	5456.98
957.319	6419.53
957.492	6106.19
957.665	5995.6
957.839	5561.43
958.012	5907.54
958.185	5919.82
958.359	5805.14
958.532	6054.99
958.705	6032.46
958.879	6046.8
959.052	5899.34
959.225	5483.61
959.398	5979.22
959.572	6278.22
959.745	5631.06
959.918	5631.06
960.091	6128.72
960.264	6220.88
960.438	5508.18
960.611	5563.48
960.784	6480.97
960.957	5837.91
961.13	6136.91
961.303	5579.86
961.476	5936.21
961.649	6347.85
961.822	5717.08
961.995	5788.75
962.168	5999.7
962.341	6149.2
962.514	5557.33
962.686	5610.58
962.859	6036.56
963.032	6208.59
963.205	5692.5
963.378	5448.79
963.551	6220.88
963.723	5852.24
963.896	5899.34
964.069	5669.97
964.242	5999.7
964.414	6536.26
964.587	5803.09
964.76	5956.69
964.932	6204.49
965.105	5999.7
965.278	5729.36
965.45	5844.05
965.623	6173.77
965.795	6298.7
965.968	5622.87
966.14	5538.9
966.313	5971.02
966.485	6044.75
966.658	5631.06
966.83	5672.02
967.003	6298.7
967.175	5975.12
967.348	5571.67
967.52	5481.56
967.692	6589.51
967.865	6259.79
968.037	5649.49
968.209	5913.68
968.382	6071.37
968.554	6032.46
968.726	5600.34
968.898	5383.26
969.071	6188.11
969.243	6153.29
969.415	5454.94
969.587	5717.08
969.759	6077.52
969.932	5717.08
970.104	5432.41
970.276	5176.41
970.448	5610.58
970.62	5782.61
970.792	5592.15
970.964	5616.72
971.136	6407.24
971.308	5856.34
971.48	5397.59
971.652	5360.73
971.824	6134.86
971.996	5678.16
972.168	5348.44
972.339	5467.22
972.511	5848.15
972.683	5751.89
972.855	5626.96
973.027	5162.08
973.199	5897.3
973.37	5758.03
973.542	5389.4
973.714	5467.22
973.886	5231.71
974.057	5686.36
974.229	5157.98
974.401	5106.78
974.572	5420.12
974.744	5270.62
974.915	5063.77
975.087	5047.39
975.259	5905.49
975.43	5360.73
975.602	5002.33
975.773	5065.82
975.945	5317.72
976.116	5438.55
976.288	5078.11
976.459	5297.24
976.63	5192.8
976.802	5209.18
976.973	4971.61
977.145	5334.11
977.316	6161.48
977.487	6200.4
977.659	5311.58
977.83	5139.55
978.001	5715.03
978.172	5499.99
978.344	4865.12
978.515	4938.85
978.686	5332.06
978.857	5510.23
979.028	4897.89
979.2	4643.94
979.371	5602.39
979.542	5088.35
979.713	5106.78
979.884	4482.15
980.055	5203.04
980.226	5147.74
980.397	4758.63
980.568	4629.6
980.739	5358.68
980.91	5004.38
981.081	4985.95
981.252	4615.27
981.423	4955.23
981.594	5366.87
981.765	4619.36
981.936	4895.84
982.106	5065.82
982.277	5272.67
982.448	4488.29
982.619	4988
982.79	4740.19
982.96	5225.56
983.131	4906.08
983.302	4271.21
983.472	5129.31
983.643	5078.11
983.814	4760.67
983.984	4465.77
984.155	4828.26
984.326	5114.97
984.496	4652.13
984.667	4457.57
984.837	4588.64
985.008	5387.35
985.178	4918.37
985.349	4463.72
985.519	4658.28
985.69	4605.03
985.86	4437.09
986.031	4203.63
986.201	4807.78
986.371	4684.9
986.542	4111.47
986.712	4121.71
986.882	4695.14
987.053	4568.16
987.223	3998.83
987.393	4519.01
987.563	4410.47
987.734	4615.27
987.904	4689
988.074	4025.45
988.244	4250.73
988.414	4537.45
988.585	3886.19
988.755	4179.05
988.925	4426.86
989.095	4889.7
989.265	3830.9
989.435	4203.63
989.605	4590.69
989.775	4820.07
989.945	4383.85
990.115	3773.55
990.285	4414.57
990.455	4318.31
990.625	4164.72
990.795	3644.53
990.965	4697.19
991.134	4170.86
991.304	3896.43
991.474	3695.73
991.644	4320.36
991.814	4643.94
991.984	3507.32
992.153	3767.41
992.323	4115.56
992.493	4439.14
992.662	3607.67
992.832	3949.68
993.002	3959.92
993.171	4224.11
993.341	3259.51
993.511	3583.09
993.68	4058.22
993.85	4172.91
994.019	3544.18
994.189	3296.38
994.358	3935.34
994.528	4004.97
994.697	3157.11
994.867	3402.87
995.036	4177
995.206	3767.41
995.375	3316.86
995.544	3800.18
995.714	4023.41
995.883	3783.79
996.052	3579
996.222	2966.65
996.391	4158.57
996.56	4082.8
996.73	3282.04
996.899	3159.16
997.068	4045.93
997.237	3857.52
997.406	3187.83
997.576	3081.34
997.745	4095.08
997.914	3705.97
998.083	2753.66
998.252	3165.31
998.421	3806.32
998.59	3488.89
998.759	2997.37
998.928	2905.21
999.097	3873.9
999.266	3751.03
999.435	3470.45
999.604	2833.54
999.773	3986.54
999.942	3490.93
1000.111	2710.66
1000.28	2899.07
1000.448	3259.51
1000.617	3363.96
1000.786	3228.79
1000.955	2786.43
1001.124	3843.18
1001.292	4242.54
1001.461	2915.45
1001.63	2874.49
1001.798	3638.39
1001.967	3677.3
1002.136	2634.88
1002.304	2819.2
1002.473	3673.2
1002.642	3413.11
1002.81	3120.25
1002.979	2800.77
1003.147	3517.56
1003.316	3689.59
1003.484	2845.82
1003.653	2806.91
1003.821	3202.17
1003.99	3120.25
1004.158	3038.33
1004.327	2927.74
1004.495	3378.3
1004.663	3044.48
1004.832	2833.54
1005	2518.15
1005.168	3249.27
1005.337	2925.69
1005.505	2477.19
1005.673	2925.69
1005.842	3210.36
1006.01	3064.96
1006.178	2450.57
1006.346	2577.54
1006.514	2944.13
1006.683	3640.44
1006.851	2481.28
1007.019	2638.98
1007.187	2931.84
1007.355	2593.92
1007.523	2055.31
1007.691	2399.37
1007.859	2679.94
1008.027	3513.46
1008.195	2360.45
1008.363	2215.05
1008.531	2876.54
1008.699	3054.72
1008.867	2131.08
1009.035	2329.74
1009.203	3329.14
1009.37	2837.63
1009.538	2337.93
1009.706	3314.81
1009.874	2679.94
1010.042	2757.76
1010.209	2129.03
1010.377	2145.42
1010.545	2712.71
1010.713	2688.13
1010.88	2215.05
1011.048	2231.43
1011.216	2731.14
1011.383	3148.92
1011.551	2114.7
1011.718	2004.11
1011.886	2866.3
1012.054	2954.37
1012.221	1950.86
1012.389	1809.55
1012.556	2710.66
1012.724	2872.45
1012.891	2190.47
1013.058	1787.02
1013.226	2796.67
1013.393	2598.02
1013.561	1836.17
1013.728	1836.17
1013.895	2819.2
1014.063	2681.99
1014.23	1805.46
1014.397	1834.13
1014.565	2681.99
1014.732	2362.5
1014.899	1688.72
1015.066	1823.89
1015.233	2745.47
1015.401	2509.96
1015.568	1873.04
1015.735	2059.4
1015.902	2731.14
1016.069	2671.75
1016.236	1807.5
1016.403	1504.4
1016.57	2043.02
1016.737	2966.65
1016.904	1813.65
1017.071	1555.6
1017.238	2081.93
1017.405	2327.69
1017.572	1834.13
1017.739	1991.82
1017.906	2862.21
1018.073	2606.21
1018.24	1598.61
1018.407	1914
1018.573	2403.46
1018.74	2305.16
1018.907	1813.65
1019.074	1375.38
1019.241	2378.89
1019.407	2161.8
1019.574	1494.16
1019.741	1557.65
1019.907	2448.52
1020.074	2530.44
1020.241	1156.25
1020.407	1281.18
1020.574	2008.2
1020.74	2157.71
1020.907	1461.4
1021.073	1438.87
1021.24	2751.62
1021.406	2301.06
1021.573	1365.14
1021.739	1463.44
1021.906	2493.57
1022.072	2131.08
1022.239	1424.53
1022.405	1565.84
1022.571	2088.07
1022.738	1858.7
1022.904	1420.44
1023.07	1510.55
1023.237	2010.25
1023.403	2102.41
1023.569	1264.79
1023.735	1377.43
1023.902	2067.6
1024.068	2057.36
1024.234	1092.76
1024.4	1318.04
1024.566	1760.4
1024.732	1934.48
1024.898	1244.31
1025.065	973.98
1025.231	1731.73
1025.397	1649.81
1025.563	1293.46
1025.729	1090.71
1025.895	1295.51
1026.061	1594.51
1026.227	1055.9
1026.392	1232.02
1026.558	1914
1026.724	1893.52
1026.89	1127.58
1027.056	1373.33
1027.222	1729.68
1027.388	1707.15
1027.553	1211.54
1027.719	1047.71
1027.885	2296.97
1028.051	1707.15
1028.216	760.99
1028.382	1123.48
1028.548	1848.46
1028.713	1717.39
1028.879	885.92
1029.045	1318.04
1029.21	1930.38
1029.376	1836.17
1029.541	1078.43
1029.707	1029.27
1029.873	1762.45
1030.038	1825.93
1030.204	996.51
1030.369	1041.56
1030.534	1698.96
1030.7	1420.44
1030.865	1068.19
1031.031	969.88
1031.196	1600.66
1031.361	1533.08
1031.527	900.25
1031.692	902.3
1031.857	1287.32
1032.023	1666.19
1032.188	883.87
1032.353	1000.6
1032.518	1787.02
1032.684	1477.78
1032.849	783.52
1033.014	1051.8
1033.179	1563.79
1033.344	1643.67
1033.509	1055.9
1033.674	890.01
1033.839	1596.56
1034.004	1545.36
1034.17	990.36
1034.335	742.56
1034.5	1408.15
1034.664	1285.27
1034.829	869.53
1034.994	959.64
1035.159	1227.93
1035.324	1524.88
1035.489	994.46
1035.654	771.23
1035.819	2055.31
1035.984	1481.88
1036.148	1027.23
1036.313	838.81
1036.478	1571.99
1036.643	1291.41
1036.807	777.37
1036.972	607.39
1037.137	2002.06
1037.301	1275.03
1037.466	545.95
1037.631	1041.56
1037.795	1473.68
1037.96	1252.5
1038.124	988.32
1038.289	648.35
1038.454	1252.5
1038.618	1510.55
1038.783	951.45
1038.947	937.12
1039.111	1113.24
1039.276	1246.36
1039.44	588.96
1039.605	1488.02
1039.769	1272.98
1039.933	1277.08
1040.098	748.7
1040.262	1041.56
1040.426	1477.78
1040.591	1354.9
1040.755	601.25
1040.919	720.03
1041.083	1578.13
1041.248	1201.3
1041.412	496.8
1041.576	545.95
1041.74	1172.63
1041.904	1209.5
1042.068	474.28
1042.232	699.55
1042.397	1651.86
1042.561	1264.79
1042.725	400.55
1042.889	677.02
1043.053	1311.89
1043.217	1055.9
1043.381	572.58
1043.544	300.2
1043.708	1266.84
1043.872	949.4
1044.036	343.21
1044.2	328.87
1044.364	1359
1044.528	1385.62
1044.691	8358.96
1044.855	433.32
1045.019	1164.44
1045.183	1197.21
1045.346	642.21
1045.51	320.68
1045.674	1281.18
1045.837	1176.73
1046.001	443.56
1046.165	533.67
1046.328	1625.23
1046.492	992.41
1046.655	859.29
1046.819	578.72
1046.983	1059.99
1047.146	900.25
1047.31	599.2
1047.473	253.09
1047.636	1012.89
1047.8	1010.84
1047.963	613.54
1048.127	193.7
1048.29	791.71
