345.52	-1328.11
345.736	-1328.11
345.952	-1328.11
346.168	-1416.17
346.384	-1293.29
346.6	-248.83
346.816	-238.59
347.032	-117.76
347.248	455.67
347.464	-318.46
347.68	-285.69
347.896	1.02
348.112	281.6
348.328	-52.22
348.544	103.42
348.76	140.29
348.975	279.55
349.191	-400.38
349.407	-371.71
349.623	308.22
349.839	95.23
350.055	-285.69
350.27	-56.32
350.486	166.91
350.702	261.12
350.918	508.92
351.133	-111.61
351.349	142.33
351.565	543.74
351.781	-377.85
351.996	-3.07
352.212	119.81
352.428	41.98
352.644	-283.64
352.859	-254.97
353.075	267.26
353.291	148.48
353.506	-144.38
353.722	-476.15
353.938	48.13
354.153	412.67
354.369	332.79
354.584	-336.89
354.8	136.19
355.016	-33.79
355.231	-437.24
355.447	-89.09
355.662	461.82
355.878	758.77
356.093	-506.87
356.309	-52.22
356.524	-41.98
356.74	486.39
356.955	-406.52
357.171	-117.76
357.386	244.73
357.602	-11.26
357.817	-54.27
358.033	-244.73
358.248	451.58
358.464	357.37
358.679	-224.25
358.895	-392.19
359.11	95.23
359.325	115.71
359.541	496.63
359.756	15.36
359.972	-109.57
360.187	502.78
360.402	-383.99
360.618	-158.72
360.833	1649.64
361.048	148.48
361.264	-185.34
361.479	-5.12
361.694	156.67
361.909	308.22
362.125	-306.17
362.34	-105.47
362.555	357.37
362.77	273.4
362.986	-404.47
363.201	-193.53
363.416	193.53
363.631	136.19
363.847	-300.03
364.062	-244.73
364.277	197.63
364.492	17.41
364.707	-158.72
364.922	-404.47
365.138	340.99
365.353	437.24
365.568	-449.53
365.783	-228.35
365.998	527.35
366.213	707.57
366.428	-332.79
366.643	224.25
366.858	302.08
367.073	318.46
367.288	-183.29
367.503	-277.5
367.718	125.95
367.933	476.15
368.148	-345.08
368.363	17.41
368.578	314.36
368.793	500.73
369.008	-95.23
369.223	-328.7
369.438	365.56
369.653	244.73
369.868	-400.38
370.083	-345.08
370.298	242.68
370.513	558.07
370.728	191.49
370.943	-332.79
371.157	1.02
371.372	777.2
371.587	-283.64
371.802	-281.6
372.017	93.18
372.232	472.06
372.446	-29.7
372.661	-320.51
372.876	158.72
373.091	371.71
373.306	-11.26
373.52	-371.71
373.735	52.22
373.95	713.72
374.165	-121.85
374.379	-185.34
374.594	23.55
374.809	508.92
375.023	111.61
375.238	-168.96
375.453	472.06
375.667	1.02
375.882	-211.96
376.097	-228.35
376.311	62.46
376.526	343.03
376.741	-230.4
376.955	353.27
377.17	525.3
377.384	1090.54
377.599	76.8
377.813	-365.56
378.028	877.55
378.242	414.71
378.457	-33.79
378.672	-414.71
378.886	33.79
379.101	177.15
379.315	-400.38
379.53	-89.09
379.744	435.19
379.958	377.85
380.173	-179.2
380.387	-306.17
380.602	377.85
380.816	125.95
381.031	-119.81
381.245	-144.38
381.459	306.17
381.674	3337.17
381.888	-353.27
382.103	332.79
382.317	123.9
382.531	562.17
382.746	13.31
382.96	-254.97
383.174	111.61
383.388	769.01
383.603	238.59
383.817	-318.46
384.031	123.9
384.246	637.94
384.46	70.65
384.674	885.75
384.888	140.29
385.103	363.51
385.317	-359.42
385.531	158.72
385.745	955.38
385.959	607.22
386.174	-197.63
386.388	-220.16
386.602	175.1
386.816	191.49
387.03	-87.04
387.244	21.5
387.458	361.47
387.672	476.15
387.887	-396.28
388.101	-261.12
388.315	465.91
388.529	209.92
388.743	-187.39
388.957	-168.96
389.171	656.37
389.385	72.7
389.599	-211.96
389.813	103.42
390.027	392.19
390.241	922.61
390.455	-119.81
390.669	48.13
390.883	166.91
391.097	719.86
391.311	222.2
391.525	-93.18
391.738	662.52
391.952	553.98
392.166	123.9
392.38	-261.12
392.594	508.92
392.808	465.91
393.022	-13.31
393.236	-37.89
393.449	332.79
393.663	680.95
393.877	-183.29
394.091	125.95
394.305	302.08
394.518	222.2
394.732	-183.29
394.946	-46.08
395.16	924.66
395.373	314.36
395.587	-187.39
395.801	-84.99
396.015	506.87
396.228	394.23
396.442	-252.92
396.656	-326.65
396.869	502.78
397.083	881.65
397.297	162.81
397.51	-58.37
397.724	529.4
397.938	345.08
398.151	-320.51
398.365	-171.01
398.578	476.15
398.792	736.24
399.005	281.6
399.219	-162.81
399.433	459.77
399.646	556.02
399.86	265.21
400.073	297.98
400.287	369.66
400.5	459.77
400.714	295.93
400.927	50.18
401.141	701.43
401.354	1960.93
401.567	662.52
401.781	-189.44
401.994	414.71
402.208	918.51
402.421	146.43
402.635	54.27
402.848	187.39
403.061	607.22
403.275	136.19
403.488	-123.9
403.701	707.57
403.915	834.55
404.128	232.44
404.341	68.61
404.555	943.09
404.768	238.59
404.981	361.47
405.195	132.09
405.408	717.81
405.621	668.66
405.834	363.51
406.048	-105.47
406.261	703.48
406.474	678.9
406.687	105.47
406.9	250.88
407.114	527.35
407.327	861.17
407.54	-101.37
407.753	-140.29
407.966	340.99
408.179	472.06
408.392	44.03
408.605	-136.19
408.819	609.27
409.032	713.72
409.245	62.46
409.458	470.01
409.671	547.83
409.884	736.24
410.097	-93.18
410.31	377.85
410.523	873.46
410.736	377.85
410.949	242.68
411.162	152.57
411.375	764.92
411.588	664.57
411.801	281.6
412.014	68.61
412.227	447.48
412.44	617.46
412.653	195.58
412.865	408.57
413.078	809.97
413.291	769.01
413.504	320.51
413.717	132.09
413.93	840.69
414.143	410.62
414.356	398.33
414.568	-72.7
414.781	699.38
414.994	699.38
415.207	336.89
415.42	257.02
415.632	676.85
415.845	1156.08
416.058	-84.99
416.271	41.98
416.483	748.53
416.696	906.23
416.909	89.09
417.121	185.34
417.334	543.74
417.547	836.6
417.759	152.57
417.972	191.49
418.185	498.68
418.397	723.96
418.61	226.3
418.823	226.3
419.035	1113.07
419.248	764.92
419.46	295.93
419.673	470.01
419.885	683
420.098	807.92
420.311	238.59
420.523	-17.41
420.736	881.65
420.948	732.15
421.161	330.75
421.373	134.14
421.586	392.19
421.798	457.72
422.01	21.5
422.223	590.84
422.435	457.72
422.648	1031.15
422.86	238.59
423.073	361.47
423.285	707.57
423.497	572.41
423.71	293.88
423.922	390.14
424.134	1135.6
424.347	1278.96
424.559	769.01
424.771	775.16
424.984	877.55
425.196	926.71
425.408	230.4
425.621	238.59
425.833	1033.2
426.045	1186.8
426.257	187.39
426.47	453.63
426.682	594.93
426.894	857.07
427.106	308.22
427.318	480.25
427.531	654.33
427.743	914.42
427.955	521.21
428.167	1162.22
428.379	674.81
428.591	672.76
428.804	547.83
429.016	379.9
429.228	951.28
429.44	1059.82
429.652	14189.35
429.864	283.64
430.076	855.03
430.288	959.47
430.5	621.56
430.712	615.41
430.924	1078.26
431.136	1194.99
431.348	297.98
431.56	459.77
431.772	750.58
431.984	795.64
432.196	375.8
432.408	439.29
432.62	922.61
432.832	1084.4
433.044	971.76
433.256	754.68
433.468	1037.3
433.679	750.58
433.891	359.42
434.103	803.83
434.315	1369.07
434.527	1215.47
434.739	795.64
434.95	644.09
435.162	1139.69
435.374	734.2
435.586	764.92
435.798	617.46
436.009	967.67
436.221	963.57
436.433	775.16
436.645	683
436.856	1004.53
437.068	1483.75
437.28	627.7
437.491	1051.63
437.703	1356.78
437.915	1123.31
438.126	652.28
438.338	1207.28
438.55	1094.64
438.761	990.19
438.973	816.12
439.184	787.44
439.396	1039.34
439.608	1164.27
439.819	609.27
440.031	881.65
440.242	1385.45
440.454	1252.33
440.665	723.96
440.877	932.85
441.088	1551.34
441.3	1348.59
441.511	572.41
441.723	756.72
441.934	1541.1
442.146	1342.44
442.357	1025.01
442.569	1311.72
442.78	1508.33
442.991	1844.2
443.203	1446.89
443.414	852.98
443.626	1608.68
443.837	1305.58
444.048	775.16
444.26	707.57
444.471	1450.99
444.682	1332.2
444.894	734.2
445.105	721.91
445.316	1623.02
445.528	1416.17
445.739	1092.59
445.95	1012.72
446.161	1281
446.373	1410.03
446.584	975.86
446.795	951.28
447.006	1733.61
447.217	1551.34
447.429	904.18
447.64	705.53
447.851	2405.34
448.062	1672.17
448.273	781.3
448.484	877.55
448.695	1571.82
448.907	1522.66
449.118	1180.65
449.329	1373.16
449.54	1407.98
449.751	1321.96
449.962	996.34
450.173	1000.43
450.384	1565.67
450.595	1946.59
450.806	1063.92
451.017	1121.26
451.228	1776.61
451.439	1715.17
451.65	1170.41
451.861	771.06
452.072	1418.22
452.283	1780.71
452.494	1373.16
452.705	1045.49
452.915	2235.36
453.126	1651.69
453.337	1354.73
453.548	1141.74
453.759	2194.4
453.97	1993.7
454.181	1780.71
454.391	1180.65
454.602	1756.13
454.813	2171.87
455.024	1358.83
455.235	1244.14
455.445	1999.84
455.656	1749.99
455.867	1614.82
456.078	1426.41
456.288	1616.87
456.499	1987.55
456.71	1266.67
456.921	1803.24
457.131	1881.06
457.342	1788.9
457.553	1364.97
457.763	1565.67
457.974	1942.5
458.184	1942.5
458.395	1414.12
458.606	1240.05
458.816	2327.52
459.027	2331.61
459.237	1645.54
459.448	1459.18
459.659	2149.34
459.869	3079.12
460.08	1309.68
460.29	1711.08
460.501	2434.01
460.711	2132.96
460.922	1424.36
461.132	1637.35
461.343	2919.38
461.553	1895.4
461.764	1672.17
461.974	1623.02
462.184	2309.08
462.395	2393.05
462.605	1784.8
462.816	1580.01
463.026	2493.4
463.236	2304.99
463.447	1702.89
463.657	1831.91
463.867	2597.85
464.078	2362.33
464.288	2087.9
464.498	1934.31
464.709	2573.27
464.919	2431.96
465.129	1965.03
465.339	1838.05
465.55	2374.62
465.76	2739.16
465.97	2104.29
466.18	2018.27
466.391	2960.34
466.601	2696.15
466.811	2317.28
467.021	1840.1
467.231	2968.53
467.441	2814.93
467.651	2311.13
467.862	1881.06
468.072	2704.34
468.282	2919.38
468.492	2114.53
468.702	2526.17
468.912	2903
469.122	3623.88
469.332	2825.17
469.542	2399.2
469.752	3490.76
469.962	3027.92
470.172	2462.68
470.382	2487.26
470.592	3507.15
470.802	3288.01
471.012	2767.83
471.222	2626.52
471.432	3169.23
471.642	3406.8
471.852	3027.92
472.062	2589.66
472.272	3384.27
472.482	3238.86
472.691	2974.67
472.901	2683.86
473.111	3265.49
473.321	4039.62
473.531	2909.14
473.741	3294.16
473.95	3771.33
474.16	3652.55
474.37	3402.7
474.58	3152.85
474.79	4416.44
474.999	3773.38
475.209	3247.05
475.419	3496.91
475.628	4027.33
475.838	4277.18
476.048	3607.5
476.258	3322.83
476.467	4338.62
476.677	4051.91
476.886	4060.1
477.096	3802.05
477.306	4135.87
477.515	4535.23
477.725	3974.08
477.935	3840.97
478.144	4957.11
478.354	4189.12
478.563	4019.14
478.773	3761.09
478.982	4754.36
479.192	4756.41
479.401	4101.06
479.611	4176.83
479.82	4629.43
480.03	4850.61
480.239	4191.17
480.449	4195.26
480.658	5178.29
480.868	5122.99
481.077	4625.34
481.287	4627.39
481.496	5120.95
481.705	5360.56
481.915	5192.62
482.124	4934.58
482.333	5276.59
482.543	5753.77
482.752	5135.28
482.961	4807.61
483.171	5620.65
483.38	5378.99
483.589	5088.18
483.799	4807.61
484.008	5501.87
484.217	5735.34
484.426	5284.78
484.636	5055.41
484.845	5862.31
485.054	5409.71
485.263	5798.82
485.472	5200.82
485.682	6003.62
485.891	5874.6
486.1	5245.87
486.309	5520.3
486.518	6267.81
486.727	7054.23
486.936	5442.48
487.146	5837.73
487.355	6388.64
487.564	6259.62
487.773	5907.37
487.982	5915.56
488.191	6353.82
488.4	6820.76
488.609	5960.61
488.818	6169.51
489.027	6998.93
489.236	6984.6
489.445	6292.38
489.654	6110.11
489.863	7244.69
490.072	6806.42
490.281	7023.51
490.49	6695.83
490.698	7130
490.907	7691.15
491.116	6421.41
491.325	6411.17
491.534	7429.01
491.743	7187.35
491.952	6835.1
492.16	7048.08
492.369	7521.17
492.578	7754.63
492.787	6890.39
492.996	6613.92
493.204	7244.69
493.413	7957.38
493.622	6966.17
493.831	6691.74
494.039	8252.29
494.248	7545.74
494.457	7089.04
494.665	7031.7
494.874	8014.73
495.083	8612.73
495.291	7439.25
495.5	7170.96
495.709	8113.03
495.917	7826.31
496.126	7639.95
496.335	7377.81
496.543	7963.53
496.752	8219.52
496.96	7912.33
497.169	7601.04
497.377	8010.63
497.586	8059.78
497.794	7818.12
498.003	7422.86
498.211	8272.77
498.42	8526.72
498.628	8008.58
498.837	7863.18
499.045	8555.39
499.254	8524.67
499.462	7977.86
499.671	7957.38
499.879	9388.91
500.087	8897.4
500.296	7951.24
500.504	8168.32
500.713	8883.06
500.921	9380.72
501.129	8110.98
501.338	8219.52
501.546	9118.58
501.754	9046.9
501.962	8491.9
502.171	8377.22
502.379	9098.1
502.587	9382.77
502.795	8594.3
503.004	8555.39
503.212	9442.16
503.42	9259.89
503.628	8469.37
503.837	8913.78
504.045	9378.67
504.253	9620.33
504.461	8745.85
504.669	8635.26
504.877	9675.63
505.085	9786.22
505.294	8700.8
505.502	9309.04
505.71	9872.23
505.918	9696.11
506.126	8784.76
506.334	8924.02
506.542	9892.71
506.75	9700.2
506.958	9431.92
507.166	9165.68
507.374	9665.39
507.582	10242.92
507.79	9446.26
507.998	9423.73
508.206	10392.42
508.414	10081.13
508.622	9407.34
508.83	9444.21
509.037	9872.23
509.245	9610.09
509.453	9380.72
509.661	9364.34
509.869	10320.74
510.077	9976.68
510.285	10005.35
510.492	8983.41
510.7	10634.08
510.908	10128.23
511.116	9720.68
511.324	9821.03
511.531	10249.06
511.739	10484.58
511.947	10388.32
512.155	10214.24
512.362	10503.01
512.57	10027.88
512.778	9583.47
512.985	9624.43
513.193	10437.47
513.401	10869.59
513.608	10296.16
513.816	9886.57
514.024	10802.01
514.231	10662.75
514.439	10066.79
514.646	10074.98
514.854	11019.1
515.061	10812.25
515.269	10259.3
515.477	10441.57
515.684	10707.8
515.892	11150.17
516.099	10359.65
516.307	10066.79
516.514	11340.63
516.722	11352.91
516.929	10040.17
517.136	10337.12
517.344	11305.81
517.551	11467.6
517.759	10232.68
517.966	10779.48
518.173	11107.16
518.381	11502.42
518.588	10826.59
518.796	10709.85
519.003	11625.29
519.21	11539.28
519.418	10720.09
519.625	11246.42
519.832	11330.39
520.039	11475.79
520.247	10472.29
520.454	11033.43
520.661	11830.09
520.868	11701.07
521.076	10986.33
521.283	11127.64
521.49	12096.33
521.697	12008.26
521.904	11072.34
522.112	11289.43
522.319	12065.61
522.526	11975.5
522.733	11455.31
522.94	11197.27
523.147	11844.43
523.354	11768.65
523.561	11328.34
523.768	11572.05
523.975	12383.04
524.183	12043.08
524.39	12055.37
524.597	11295.57
524.804	11944.78
525.011	12008.26
525.218	11434.83
525.425	11457.36
525.632	12489.54
525.838	12014.41
526.045	11555.66
526.252	11946.83
526.459	14158.63
526.666	14265.13
526.873	11801.42
527.08	11928.39
527.287	12747.58
527.494	12661.57
527.701	11799.37
527.907	12002.12
528.114	12659.52
528.321	12673.85
528.528	12235.59
528.735	12194.63
528.941	12677.95
529.148	12317.51
529.355	12280.64
529.562	12026.7
529.768	13390.64
529.975	12405.57
530.182	12348.23
530.388	12145.48
530.595	12997.43
530.802	12596.03
531.008	12700.48
531.215	12446.53
531.422	13947.69
531.628	14070.57
531.835	12434.24
532.042	12690.24
532.248	13173.56
532.455	13361.97
532.661	12913.47
532.868	12565.31
533.074	13351.73
533.281	13906.73
533.487	12716.86
533.694	13069.11
533.9	13325.11
534.107	13468.47
534.313	12913.47
534.52	12809.02
534.726	13837.1
534.933	14185.26
535.139	13083.45
535.345	12665.66
535.552	14185.26
535.758	14050.09
535.965	13357.88
536.171	13490.99
536.377	14054.19
536.584	14531.36
536.79	13282.1
536.996	13636.4
537.203	14177.06
537.409	14148.39
537.615	13443.89
537.821	14015.27
538.028	14660.38
538.234	14031.66
538.44	13804.33
538.646	13716.27
538.853	14005.03
539.059	14091.05
539.265	14379.81
539.471	13632.3
539.677	14539.55
539.883	14697.25
540.09	15325.97
540.296	14404.39
540.502	14512.93
540.708	14510.88
540.914	14617.38
541.12	13810.48
541.326	14963.48
541.532	15020.83
541.738	14211.88
541.944	14263.08
542.15	14838.56
542.356	14721.82
542.562	14226.21
542.768	14156.58
542.974	15342.36
543.18	15340.31
543.386	14539.55
543.592	14127.91
543.798	15991.56
544.004	15647.51
544.21	14291.75
544.415	14738.21
544.621	15344.41
544.827	16057.1
545.033	14551.84
545.239	15057.69
545.445	15248.15
545.651	15526.68
545.856	14623.52
546.062	14732.06
546.268	15336.21
546.474	15530.77
546.679	14867.23
546.885	15035.16
547.091	15485.72
547.297	15923.98
547.502	14725.92
547.708	14609.19
547.914	15416.08
548.119	15981.32
548.325	14981.92
548.531	14904.09
548.736	16339.72
548.942	15231.77
549.147	15020.83
549.353	15498
549.559	16036.62
549.764	15731.47
549.97	14924.57
550.175	15061.79
550.381	15880.97
550.586	15448.85
550.792	15199
550.997	15123.23
551.203	15991.56
551.408	16413.45
551.614	15053.59
551.819	15627.03
552.025	16581.38
552.23	16022.28
552.435	15520.53
552.641	16024.33
552.846	16046.86
553.052	16728.83
553.257	15946.51
553.462	15647.51
553.668	16104.2
553.873	16233.22
554.078	15737.62
554.283	15868.69
554.489	16757.5
554.694	16532.23
554.899	15905.55
555.105	16364.29
555.31	16835.33
555.515	16730.88
555.72	16378.63
555.925	17259.26
556.131	17033.98
556.336	16597.76
556.541	16360.2
556.746	16149.26
556.951	17083.13
557.156	16943.87
557.361	16483.08
557.567	16642.82
557.772	17214.2
557.977	17392.37
558.182	16325.38
558.387	16259.85
558.592	17015.55
558.797	17707.76
559.002	16464.64
559.207	16712.45
559.412	17031.93
559.617	17623.8
559.822	16366.34
560.027	16042.76
560.232	17142.52
560.437	17263.35
560.642	16372.49
560.847	16648.96
561.051	17502.96
561.256	17312.5
561.461	16806.66
561.666	16554.76
561.871	17025.79
562.076	17996.53
562.281	16861.95
562.485	16669.44
562.69	17707.76
562.895	17111.8
563.1	16904.96
563.305	16620.29
563.509	17476.34
563.714	18027.24
563.919	16866.05
564.123	16878.33
564.328	17494.77
564.533	18074.35
564.737	16757.5
564.942	16962.3
565.147	17793.78
565.351	17746.67
565.556	17015.55
565.761	17236.73
565.965	17916.65
566.17	17642.23
566.374	17001.21
566.579	17027.84
566.784	17871.6
566.988	17785.58
567.193	16937.73
567.397	17478.39
567.602	17615.6
567.806	17822.45
568.011	17306.36
568.215	17380.09
568.42	17779.44
568.624	18037.48
568.828	17328.89
569.033	17810.16
569.237	18375.4
569.442	18219.75
569.646	17208.06
569.85	17726.19
570.055	18229.99
570.259	18385.64
570.463	18055.92
570.668	17865.46
570.872	18074.35
571.076	18213.61
571.281	17892.08
571.485	17818.35
571.689	18350.82
571.893	18647.78
572.098	17937.13
572.302	18035.44
572.506	18707.17
572.71	18522.85
572.914	17863.41
573.119	17750.77
573.323	19043.04
573.527	18950.88
573.731	18037.48
573.935	18062.06
574.139	18815.71
574.343	18541.29
574.547	18307.82
574.751	18098.92
574.955	19069.66
575.159	18905.82
575.364	18156.27
575.568	17869.55
575.772	18848.48
575.976	18905.82
576.18	18076.4
576.383	18158.31
576.587	19145.44
576.791	18963.17
576.995	18029.29
577.199	18301.67
577.403	18666.21
577.607	19358.42
577.811	18293.48
578.015	18610.92
578.219	19172.06
578.422	19077.85
578.626	18766.56
578.83	19002.08
579.034	19563.22
579.238	19550.93
579.442	18686.69
579.645	19286.75
579.849	19444.44
580.053	19524.31
580.257	18791.14
580.46	18914.02
580.664	19839.7
580.868	19583.7
581.071	19210.97
581.275	19002.08
581.479	19446.49
581.682	19997.39
581.886	19065.57
582.09	19397.34
582.293	19808.98
582.497	20128.46
582.7	19407.58
582.904	19047.13
583.107	19851.99
583.311	19651.28
583.515	19325.66
583.718	19426.01
583.922	20064.97
584.125	20832.96
584.329	19139.29
584.532	19729.11
584.735	20443.85
584.939	19913.42
585.142	19110.62
585.346	19167.96
585.549	19989.2
585.753	20298.44
585.956	19389.14
586.159	19884.75
586.363	20587.21
586.566	20050.64
586.769	19643.09
586.973	19503.83
587.176	20646.6
587.379	20617.93
587.582	20003.53
587.786	20026.06
587.989	20357.83
588.192	21514.94
588.395	19849.94
588.599	20304.59
588.802	20404.94
589.005	20404.94
589.208	19868.37
589.411	19870.42
589.615	20404.94
589.818	20732.61
590.021	20304.59
590.224	20153.04
590.427	21050.05
590.63	20865.73
590.833	20064.97
591.036	20048.59
591.239	21119.68
591.442	20652.74
591.645	20669.12
591.848	20454.09
592.051	21078.72
592.254	21052.09
592.457	20417.22
592.66	20667.08
592.863	21162.69
593.066	21342.91
593.269	20511.43
593.472	20466.38
593.675	21107.39
593.878	21586.61
594.081	20562.63
594.284	20237
594.486	21201.6
594.689	21363.39
594.892	20644.55
595.095	20605.64
595.298	21385.91
595.5	21234.36
595.703	21136.06
595.906	20957.89
596.109	21471.93
596.311	21721.78
596.514	20767.43
596.717	21426.87
596.92	21889.71
597.122	21981.87
597.325	20810.43
597.528	20988.61
597.73	22440.62
597.933	22006.45
598.136	20878.02
598.338	20515.53
598.541	22258.35
598.743	22379.18
598.946	21418.68
599.148	21549.75
599.351	22102.7
599.554	22018.74
599.756	21426.87
599.959	21699.25
600.161	22065.84
600.363	22397.61
600.566	21852.85
600.768	21521.08
600.971	22235.82
601.173	22096.56
601.376	21772.98
601.578	21695.16
601.78	22348.46
601.983	23122.59
602.185	21615.29
602.388	22061.74
602.59	22604.46
602.792	22594.22
602.995	22119.09
603.197	21775.03
603.399	22713
603.601	22921.89
603.804	21410.49
604.006	21725.88
604.208	21936.82
604.41	21746.36
604.613	21897.91
604.815	21666.49
605.017	22526.63
605.219	21988.02
605.421	22532.78
605.623	21811.89
605.826	22735.53
606.028	23067.3
606.23	21865.14
606.432	21428.92
606.634	22633.13
606.836	22520.49
607.038	21770.93
607.24	22043.31
607.442	22629.03
607.644	22723.24
607.846	22182.57
608.048	21775.03
608.25	23091.87
608.452	22459.05
608.654	22315.69
608.856	21856.95
609.058	22676.13
609.26	22872.74
609.462	22188.72
609.664	22360.75
609.866	22624.93
610.067	22854.31
610.269	22270.64
610.471	22184.62
610.673	22534.82
610.875	22899.36
611.077	22137.52
611.278	22155.95
611.48	22880.93
611.682	23149.21
611.884	22342.32
612.085	22211.25
612.287	22434.47
612.489	22739.62
612.69	22168.24
612.892	22647.46
613.094	23509.66
613.295	22706.85
613.497	22088.37
613.699	22405.8
613.9	23175.84
614.102	23268
614.304	22473.39
614.505	22235.82
614.707	22692.52
614.908	23347.87
615.11	22213.29
615.311	22663.85
615.513	23122.59
615.714	23270.04
615.916	22094.51
616.117	22854.31
616.319	23175.84
616.52	23440.03
616.722	22416.04
616.923	22450.86
617.124	23589.53
617.326	23032.48
617.527	22743.72
617.729	22764.2
617.93	23286.43
618.131	23143.07
618.333	22342.32
618.534	22629.03
618.735	23095.97
618.937	23405.21
619.138	22424.23
619.339	22401.71
619.54	23280.28
619.742	23081.63
619.943	22594.22
620.144	22788.77
620.345	23489.18
620.546	23177.89
620.748	22762.15
620.949	22936.23
621.15	23554.71
621.351	23358.11
621.552	22586.02
621.753	22518.44
621.954	23194.27
622.155	23728.79
622.356	22624.93
622.558	23196.32
622.759	23573.14
622.96	23923.35
623.161	22678.18
623.362	22901.41
623.563	23569.05
623.764	23276.19
623.965	22723.24
624.166	23433.88
624.366	23100.06
624.567	23804.56
624.768	22708.9
624.969	22803.11
625.17	23440.03
625.371	23450.27
625.572	23052.96
625.773	22995.62
625.973	23693.97
626.174	24167.06
626.375	22989.47
626.576	23276.19
626.777	23532.18
626.977	23921.3
627.178	23237.28
627.379	22962.85
627.58	23351.96
627.78	23618.2
627.981	23024.29
628.182	23239.33
628.382	23790.23
628.583	23233.18
628.784	23315.1
628.984	23351.96
629.185	23751.32
629.386	23995.03
629.586	23188.13
629.787	23231.13
629.987	24083.09
630.188	23839.38
630.388	23429.79
630.589	23470.75
630.79	24519.31
630.99	23712.41
631.191	23153.31
631.391	23220.89
631.591	23843.48
631.792	23773.85
631.992	23569.05
632.193	23446.17
632.393	24078.99
632.594	23974.55
632.794	23063.2
632.994	23274.14
633.195	23704.21
633.395	23759.51
633.595	23214.75
633.796	23335.58
633.996	23935.63
634.196	24085.14
634.397	23337.63
634.597	23624.34
634.797	23888.53
634.997	24355.47
635.198	23829.14
635.398	23384.73
635.598	24353.42
635.798	24138.38
635.998	23730.84
636.199	23562.9
636.399	23755.41
636.599	23872.15
636.799	23929.49
636.999	24093.33
637.199	24304.27
637.399	24672.9
637.599	23669.4
637.799	23775.89
637.999	24306.32
638.199	24382.09
638.399	24132.24
638.599	23470.75
638.799	24672.9
638.999	24646.28
639.199	24371.85
639.399	24416.91
639.599	24851.08
639.799	24390.28
639.999	24040.08
640.199	23923.35
640.399	24662.66
640.599	24232.59
640.799	24318.6
640.998	24257.17
641.198	24543.88
641.398	24466.06
641.598	24187.53
641.798	24062.61
641.997	25696.89
642.197	24488.59
642.397	24244.88
642.597	24099.47
642.796	24525.45
642.996	24625.8
643.196	24228.49
643.395	23923.35
643.595	24472.2
643.795	24095.38
643.994	24146.58
644.194	24230.54
644.394	24973.95
644.593	24988.29
644.793	23937.68
644.992	24449.67
645.192	24752.77
645.392	24519.31
645.591	24496.78
645.791	24644.23
645.99	25014.91
646.19	24728.2
646.389	24261.26
646.589	24437.39
646.788	24949.38
646.987	25082.5
647.187	25170.56
647.386	24828.55
647.586	24898.18
647.785	25254.53
647.984	24289.93
648.184	24597.13
648.383	24910.47
648.582	24822.41
648.782	24455.82
648.981	24851.08
649.18	24687.24
649.38	25010.82
649.579	24629.9
649.778	24808.07
649.977	25363.07
650.177	25440.89
650.376	24574.6
650.575	24240.78
650.774	25250.43
650.973	25053.83
651.173	24160.91
651.372	24779.4
651.571	25068.16
651.77	25006.72
651.969	24412.81
652.168	24662.66
652.367	25137.79
652.566	25322.11
652.765	24930.95
652.964	25264.77
653.163	25391.74
653.362	25297.53
653.561	24423.05
653.76	24978.05
653.959	25340.54
654.158	25922.16
654.357	25158.27
654.556	24470.15
654.755	25852.53
654.954	25592.44
655.153	24642.18
655.352	24717.96
655.551	25524.86
655.749	25375.36
655.948	24830.6
656.147	24996.48
656.346	25133.7
656.545	25217.66
656.743	24744.58
656.942	25279.1
657.141	25543.29
657.34	25313.92
657.538	25002.63
657.737	25100.93
657.936	25735.8
658.135	25336.45
658.333	25209.47
658.532	25643.64
658.731	26126.96
658.929	25721.46
659.128	25178.75
659.326	24973.95
659.525	25926.26
659.724	25641.59
659.922	24633.99
660.121	25021.06
660.319	25408.12
660.518	24898.18
660.716	25012.87
660.915	24935.04
661.113	25852.53
661.312	25178.75
661.51	25350.78
661.709	25076.35
661.907	25735.8
662.105	25676.41
662.304	24920.71
662.502	25569.91
662.701	25903.73
662.899	25731.7
663.097	25668.22
663.296	25059.97
663.494	25881.21
663.692	25934.45
663.891	25066.11
664.089	25244.29
664.287	25657.98
664.485	25875.06
664.684	25105.02
664.882	25498.23
665.08	25778.81
665.278	25586.3
665.476	25213.57
665.675	25655.93
665.873	26036.85
666.071	26268.27
666.269	25234.05
666.467	25598.59
666.665	25743.99
666.863	25774.71
667.061	25348.73
667.259	25113.22
667.457	25551.48
667.655	25711.22
667.853	25127.55
668.051	25369.21
668.249	25639.54
668.447	25524.86
668.645	25031.3
668.843	25608.83
669.041	25930.36
669.239	25549.43
669.437	25217.66
669.635	25764.47
669.833	25531
670.031	25668.22
670.229	25463.42
670.426	25227.9
670.624	25277.05
670.822	25295.49
671.02	24869.51
671.218	25416.32
671.415	25293.44
671.613	25414.27
671.811	25066.11
672.009	24971.91
672.206	25819.77
672.404	25510.52
672.602	25619.07
672.799	25137.79
672.997	25877.11
673.195	25741.94
673.392	25301.63
673.59	25062.02
673.788	25920.12
673.985	24799.88
674.183	25199.23
674.38	25135.74
674.578	25752.18
674.775	25531
674.973	24969.86
675.17	25086.59
675.368	25481.85
675.565	25064.07
675.763	24949.38
675.96	24547.98
676.158	25252.48
676.355	25307.77
676.553	25096.83
676.75	25084.55
676.947	25338.49
677.145	25037.44
677.342	24830.6
677.539	25006.72
677.737	25311.87
677.934	25690.74
678.131	24689.29
678.329	24801.93
678.526	25799.29
678.723	25760.37
678.92	25207.42
679.118	24851.08
679.315	25074.31
679.512	25700.98
679.709	24867.46
679.906	24892.04
680.104	25666.17
680.301	25576.06
680.498	24414.86
680.695	24760.97
680.892	24957.57
681.089	25422.46
681.286	25045.63
681.483	24296.08
681.68	24656.52
681.877	25256.57
682.075	24849.03
682.272	24464.01
682.469	25109.12
682.665	24865.41
682.862	24296.08
683.059	24201.87
683.256	24920.71
683.453	24988.29
683.65	24892.04
683.847	24451.72
684.044	25178.75
684.241	24720.01
684.438	24556.17
684.635	24050.32
684.831	25363.07
685.028	25617.02
685.225	24003.22
685.422	24685.19
685.619	24738.44
685.815	24728.2
686.012	24738.44
686.209	24552.07
686.405	24464.01
686.602	24728.2
686.799	23868.05
686.996	24611.46
687.192	24394.38
687.389	25657.98
687.586	24220.3
687.782	24345.23
687.979	25006.72
688.175	24715.91
688.372	24314.51
688.568	24492.68
688.765	24478.35
688.962	24982.15
689.158	24246.93
689.355	24105.62
689.551	24699.53
689.748	24615.56
689.944	24128.14
690.14	24060.56
690.337	24826.5
690.533	25080.45
690.73	24552.07
690.926	24435.34
691.123	24464.01
691.319	24334.99
691.515	23849.62
691.712	24296.08
691.908	24441.48
692.104	24547.98
692.301	24330.89
692.497	24009.36
692.693	24724.1
692.889	24271.5
693.086	24480.39
693.282	23696.02
693.478	24253.07
693.674	24982.15
693.87	24107.66
694.067	23958.16
694.263	24124.05
694.459	24476.3
694.655	24378
694.851	24287.89
695.047	24464.01
695.243	24832.65
695.439	23788.18
695.635	23698.07
695.831	24371.85
696.027	23919.25
696.224	23650.97
696.42	24265.36
696.615	24922.76
696.811	24748.68
697.007	24019.6
697.203	24038.03
697.399	24177.3
697.595	24468.11
697.791	23845.52
697.987	24076.94
698.183	24531.59
698.379	24515.21
698.575	24009.36
698.77	24232.59
698.966	24382.09
699.162	24431.24
699.358	23722.65
699.554	23530.14
699.749	24586.89
699.945	24238.73
700.141	23779.99
700.337	23728.79
700.532	23659.16
700.728	23976.59
700.924	23075.49
701.119	23507.61
701.315	23919.25
701.511	23759.51
701.706	23857.81
701.902	23368.35
702.097	24050.32
702.293	24236.69
702.489	23433.88
702.684	23462.55
702.88	24306.32
703.075	23595.67
703.271	23382.68
703.466	23499.42
703.662	23818.9
703.857	23659.16
704.053	23528.09
704.248	23462.55
704.443	24072.85
704.639	23882.39
704.834	23667.35
705.03	23693.97
705.225	23866
705.42	24023.7
705.616	23532.18
705.811	23581.34
706.006	23648.92
706.202	23702.17
706.397	23196.32
706.592	23179.93
706.787	23790.23
706.983	23362.2
707.178	23868.05
707.373	23298.72
707.568	23759.51
707.763	23898.77
707.959	23112.35
708.154	23442.07
708.349	23403.16
708.544	23765.65
708.739	23536.28
708.934	22674.09
709.129	23667.35
709.324	23833.24
709.519	23483.03
709.714	23136.93
709.909	23954.07
710.104	23741.08
710.299	23204.51
710.494	23429.79
710.689	23872.15
710.884	23681.69
711.079	23165.6
711.274	23155.36
711.469	23968.4
711.664	23755.41
711.859	23485.08
712.054	23255.71
712.249	23736.98
712.443	23554.71
712.638	23073.44
712.833	22833.83
713.028	23732.89
713.223	22923.94
713.417	23243.42
713.612	23026.34
713.807	23757.46
714.002	24586.89
714.196	23081.63
714.391	22825.64
714.586	23530.14
714.78	23542.42
714.975	22923.94
715.17	23048.86
715.364	23177.89
715.559	23433.88
715.754	22049.46
715.948	22528.68
716.143	23675.54
716.337	23237.28
716.532	23585.43
716.726	23157.41
716.921	23364.25
717.115	23523.99
717.31	22540.97
717.504	24048.27
717.699	23065.25
717.893	23343.77
718.088	22321.84
718.282	22297.26
718.476	23093.92
718.671	23143.07
718.865	22301.36
719.059	22287.02
719.254	22788.77
719.448	23253.66
719.642	25115.26
719.837	22074.03
720.031	24785.54
720.225	23141.02
720.419	22479.53
720.614	22094.51
720.808	22522.54
721.002	22710.95
721.196	22389.42
721.39	22393.51
721.585	22538.92
721.779	22930.08
721.973	22256.3
722.167	21588.66
722.361	22426.28
722.555	22948.51
722.749	22123.18
722.943	22266.54
723.137	22254.25
723.331	22823.59
723.525	22112.94
723.719	21912.24
723.913	22639.27
724.107	22872.74
724.301	22241.96
724.495	22342.32
724.689	23028.38
724.883	22682.28
725.077	21953.2
725.271	22112.94
725.465	22696.61
725.659	22264.49
725.853	21854.9
726.046	21797.56
726.24	21971.63
726.434	22610.6
726.628	22090.41
726.822	21770.93
727.015	22942.37
727.209	23108.26
727.403	22082.22
727.596	21549.75
727.79	22504.1
727.984	22436.52
728.177	22065.84
728.371	22151.85
728.565	22309.55
728.758	22137.52
728.952	21858.99
729.146	22047.41
729.339	22694.57
729.533	22463.15
729.726	22045.36
729.92	21967.54
730.113	22643.37
730.307	22303.4
730.5	22139.57
730.694	22162.09
730.887	22500.01
731.081	22649.51
731.274	21656.25
731.468	21979.82
731.661	22207.15
731.854	22014.64
732.048	21695.16
732.241	21881.52
732.435	22500.01
732.628	22430.38
732.821	22248.11
733.014	22244.01
733.208	22188.72
733.401	22254.25
733.594	21781.17
733.788	21791.41
733.981	22377.13
734.174	22364.84
734.367	21686.97
734.56	21758.64
734.754	22553.26
734.947	22291.12
735.14	21502.65
735.333	21891.76
735.526	22526.63
735.719	22289.07
735.912	21865.14
736.105	21779.12
736.298	22303.4
736.491	22383.27
736.684	21793.46
736.877	21942.96
737.07	22487.72
737.263	23028.38
737.456	21711.54
737.649	21678.77
737.842	22289.07
738.035	22549.16
738.228	21736.12
738.421	22196.91
738.614	22366.89
738.807	22799.01
739	21349.05
739.192	21668.53
739.385	22346.41
739.578	22082.22
739.771	22010.54
739.964	21131.97
740.156	22233.77
740.349	22174.38
740.542	22413.99
740.735	21316.28
740.927	21770.93
741.12	21973.68
741.313	21447.35
741.505	22024.88
741.698	21959.34
741.891	22362.79
742.083	21598.9
742.276	21310.14
742.468	22246.06
742.661	21959.34
742.854	21217.98
743.046	21160.64
743.239	21949.11
743.431	22352.55
743.624	21334.71
743.816	21203.64
744.009	21889.71
744.201	21928.63
744.393	21734.07
744.586	21062.33
744.778	21932.72
744.971	21852.85
745.163	21312.19
745.355	21766.84
745.548	21893.81
745.74	22061.74
745.932	21551.8
746.125	21721.78
746.317	22594.22
746.509	22129.33
746.702	21220.03
746.894	21310.14
747.086	21953.2
747.278	22102.7
747.471	21490.36
747.663	21516.98
747.855	22229.68
748.047	22407.85
748.239	21265.08
748.431	21684.92
748.623	22387.37
748.815	22043.31
749.008	21093.05
749.2	21301.95
749.392	21691.06
749.584	21891.76
749.776	21494.46
749.968	21711.54
750.16	21713.59
750.352	21799.6
750.544	21500.6
750.736	21048
750.928	21506.74
751.12	21418.68
751.311	20880.07
751.503	21111.49
751.695	21603
751.887	21625.53
752.079	20869.83
752.271	20775.62
752.463	22088.37
752.654	21514.94
752.846	21021.38
753.038	20814.53
753.23	21330.62
753.421	21355.19
753.613	20855.49
753.805	21478.07
753.997	21404.35
754.188	21570.23
754.38	20943.55
754.572	20990.66
754.763	21306.04
754.955	21213.88
755.146	20841.15
755.338	20890.31
755.53	21582.52
755.721	21383.87
755.913	20705.99
756.104	20687.56
756.296	21551.8
756.487	21353.15
756.679	20681.41
756.87	20443.85
757.062	20681.41
757.253	21029.57
757.445	20423.37
757.636	20533.96
757.827	20927.17
758.019	21516.98
758.21	20337.35
758.401	20251.34
758.593	21463.74
758.784	21213.88
758.975	20011.73
759.167	20218.57
759.358	20990.66
759.549	20961.98
759.74	20220.62
759.932	20505.29
760.123	20802.24
760.314	21158.59
760.505	20308.68
760.696	19954.38
760.888	20898.5
761.079	20472.52
761.27	19952.34
761.461	19692.24
761.652	20671.17
761.843	20333.26
762.034	20132.56
762.225	20376.27
762.416	20443.85
762.607	20308.68
762.798	19948.24
762.989	19995.34
763.18	21447.35
763.371	20394.7
763.562	19897.04
763.753	19856.08
763.944	20269.77
764.135	20118.22
764.326	20208.33
764.517	19841.75
764.708	20652.74
764.899	20359.88
765.089	19495.64
765.28	19501.78
765.471	19886.8
765.662	20685.51
765.853	19819.22
766.043	19262.17
766.234	20304.59
766.425	20085.45
766.615	19532.5
766.806	19229.4
766.997	20003.53
767.187	19743.44
767.378	19348.18
767.569	18920.16
767.759	19897.04
767.95	19712.72
768.141	19624.66
768.331	19522.26
768.522	19964.62
768.712	20251.34
768.903	19448.54
769.093	19366.62
769.284	19743.44
769.474	19733.2
769.665	19024.61
769.855	19122.91
770.046	20357.83
770.236	19428.06
770.426	19395.29
770.617	18905.82
770.807	19221.21
770.998	20087.5
771.188	19253.98
771.378	19045.09
771.569	19536.6
771.759	19651.28
771.949	18375.4
772.139	18522.85
772.33	19186.4
772.52	19243.74
772.71	18901.73
772.9	18322.15
773.09	19315.42
773.281	19526.36
773.471	18633.44
773.661	18916.06
773.851	19038.94
774.041	19088.09
774.231	18592.48
774.421	18805.47
774.611	19479.25
774.802	18959.07
774.992	18678.5
775.182	18410.22
775.372	19012.32
775.562	19077.85
775.752	18332.39
775.942	18223.85
776.131	19206.87
776.321	18834.14
776.511	18121.45
776.701	18076.4
776.891	18932.45
777.081	18408.17
777.271	18004.72
777.461	17982.19
777.651	18873.06
777.84	18531.05
778.03	17771.25
778.22	18117.36
778.41	18909.92
778.599	18309.86
778.789	17822.45
778.979	17826.54
779.169	18244.33
779.358	18164.46
779.548	18281.19
779.738	17570.55
779.927	18408.17
780.117	18385.64
780.307	17685.23
780.496	17548.02
780.686	18442.98
780.875	18807.52
781.065	18123.5
781.254	17887.98
781.444	18391.78
781.633	18279.15
781.823	17746.67
782.012	17918.7
782.202	18326.25
782.391	18096.88
782.581	17748.72
782.77	18019.05
782.96	18735.84
783.149	17963.76
783.338	17535.73
783.528	17373.94
783.717	18547.43
783.906	18502.37
784.096	17726.19
784.285	17410.81
784.474	17937.13
784.663	18008.81
784.853	17310.46
785.042	17666.8
785.231	17930.99
785.42	18133.74
785.61	17691.38
785.799	17158.91
785.988	18242.28
786.177	17957.61
786.366	17654.51
786.555	17801.97
786.744	17908.46
786.933	17754.87
787.122	17345.27
787.312	17492.73
787.501	17763.06
787.69	18021.1
787.879	17064.7
788.068	16853.76
788.257	17132.28
788.445	17220.35
788.634	17345.27
788.823	16917.25
789.012	17890.03
789.201	17791.73
789.39	17185.53
789.579	16876.29
789.768	17666.8
789.957	17775.34
790.145	16872.19
790.334	16100.11
790.523	16831.23
790.712	17337.08
790.9	17044.22
791.089	16225.03
791.278	17324.79
791.467	17404.66
791.655	17378.04
791.844	17844.98
792.033	17101.56
792.221	17279.74
792.41	16577.28
792.599	16323.33
792.787	17375.99
792.976	17048.32
793.164	16409.35
793.353	16233.22
793.541	17220.35
793.73	16904.96
793.918	16614.15
794.107	16151.31
794.295	16978.68
794.484	16640.77
794.672	16440.07
794.861	16016.14
795.049	16673.54
795.238	17179.39
795.426	16200.46
795.614	16329.48
795.803	17095.42
795.991	17335.03
796.179	15940.36
796.368	16003.85
796.556	17085.18
796.744	16818.94
796.932	16270.09
797.121	15936.27
797.309	16669.44
797.497	16673.54
797.685	16077.58
797.874	16036.62
798.062	16802.56
798.25	16808.7
798.438	15977.23
798.626	16014.09
798.814	16829.18
799.002	16696.07
799.19	16214.79
799.378	16163.59
799.566	16501.51
799.755	16898.81
799.943	16251.66
800.131	16222.98
800.318	16550.66
800.506	16663.3
800.694	15864.59
800.882	16401.16
801.07	17148.67
801.258	16804.61
801.446	16261.9
801.634	16376.58
801.822	16476.93
802.01	16732.93
802.197	16053
802.385	16253.7
802.573	17038.08
802.761	16687.87
802.949	16216.84
803.136	15848.21
803.324	16952.06
803.512	16458.5
803.699	16179.98
803.887	16083.72
804.075	16827.14
804.262	16782.08
804.45	16358.15
804.638	16567.04
804.825	16603.91
805.013	16681.73
805.201	16216.84
805.388	15966.99
805.576	16685.83
805.763	16747.26
805.951	16245.51
806.138	16413.45
806.326	16892.67
806.513	16722.69
806.701	16204.55
806.888	16302.86
807.075	17255.16
807.263	17163
807.45	16061.19
807.638	16311.05
807.825	17029.88
808.012	17179.39
808.2	16589.57
808.387	16593.67
808.574	16980.73
808.761	16909.05
808.949	16210.7
809.136	16540.42
809.323	16915.2
809.51	17101.56
809.698	16591.62
809.885	16847.61
810.072	17156.86
810.259	16921.34
810.446	16132.87
810.633	16517.89
810.82	16997.12
811.008	17365.75
811.195	16878.33
811.382	16581.38
811.569	17173.24
811.756	16739.07
811.943	16343.81
812.13	16409.35
812.317	17083.13
812.504	17011.45
812.691	16687.87
812.878	16700.16
813.064	17113.85
813.251	17324.79
813.438	16411.4
813.625	16810.75
813.812	16771.84
813.999	17052.41
814.186	16675.59
814.372	16542.47
814.559	17171.19
814.746	17107.71
814.933	16372.49
815.12	16698.11
815.306	16794.37
815.493	16608
815.68	16409.35
815.866	16411.4
816.053	16921.34
816.24	17363.7
816.426	16456.45
816.613	16065.29
816.799	16802.56
816.986	17246.97
817.173	16163.59
817.359	16143.11
817.546	17255.16
817.732	16835.33
817.919	16048.91
818.105	16526.08
818.292	16886.53
818.478	17062.65
818.665	16648.96
818.851	16259.85
819.037	17873.65
819.224	17099.52
819.41	15909.65
819.597	16245.51
819.783	17564.4
819.969	16820.99
820.156	16497.41
820.342	16440.07
820.528	18260.71
820.714	16687.87
820.901	16722.69
821.087	16028.43
821.273	17083.13
821.459	16892.67
821.646	16104.2
821.832	15989.52
822.018	16952.06
822.204	16433.93
822.39	16253.7
822.576	16106.25
822.762	16923.39
822.948	16605.95
823.134	16132.87
823.32	15688.46
823.507	16222.98
823.693	16554.76
823.879	16552.71
824.065	15602.45
824.25	16433.93
824.436	16110.35
824.622	16108.3
824.808	15813.39
824.994	16462.6
825.18	16478.98
825.366	15696.66
825.552	16001.8
825.738	16548.61
825.923	16796.42
826.109	16145.16
826.295	15573.78
826.481	16214.79
826.667	16061.19
826.852	16159.5
827.038	15618.83
827.224	16368.39
827.409	16364.29
827.595	15242.01
827.781	15911.69
827.966	16792.32
828.152	16573.19
828.338	15672.08
828.523	15420.18
828.709	16259.85
828.894	16362.25
829.08	15657.75
829.266	15418.13
829.451	16108.3
829.637	16249.61
829.822	15680.27
830.008	15416.08
830.193	16112.39
830.378	16669.44
830.564	15670.03
830.749	15567.63
830.935	15721.23
831.12	15754
831.305	15385.37
831.491	15389.46
831.676	15348.5
831.861	15913.74
832.047	15252.25
832.232	15121.18
832.417	15954.7
832.602	16032.52
832.788	15117.08
832.973	14912.28
833.158	15581.97
833.343	15444.76
833.528	15250.2
833.714	15315.73
833.899	15448.85
834.084	15911.69
834.269	15313.69
834.454	14697.25
834.639	15569.68
834.824	15473.43
835.009	15061.79
835.194	15006.49
835.379	15887.12
835.564	15880.97
835.749	15192.86
835.934	14811.93
836.119	15528.72
836.304	15414.04
836.489	14603.04
836.674	15108.89
836.859	15313.69
837.044	15694.61
837.228	14773.02
837.413	14590.75
837.598	15305.49
837.783	15287.06
837.968	14875.42
838.152	14351.14
838.337	14469.92
838.522	15553.3
838.707	15385.37
838.891	14900
839.076	15160.09
839.261	15162.14
839.445	14861.09
839.63	14730.02
839.815	15813.39
839.999	14994.2
840.184	14195.5
840.368	14508.83
840.553	15076.12
840.737	14824.22
840.922	14109.48
841.106	14144.3
841.291	14349.09
841.475	15102.75
841.66	14596.9
841.844	14410.53
842.029	15543.06
842.213	14648.1
842.397	14510.88
842.582	13851.44
842.766	14955.29
842.951	15180.57
843.135	14336.81
843.319	14322.47
843.504	15377.17
843.688	15350.55
843.872	13894.44
844.056	13962.03
844.241	14889.76
844.425	14674.72
844.609	14449.44
844.793	13679.41
844.977	14748.45
845.161	14512.93
845.346	13726.51
845.53	13818.67
845.714	14623.52
845.898	14992.16
846.082	14000.94
846.266	14021.42
846.45	14422.82
846.634	14779.17
846.818	14105.38
847.002	14144.3
847.186	14635.81
847.37	14033.71
847.554	13609.78
847.738	13937.45
847.922	14168.87
848.106	14326.57
848.29	13384.5
848.473	13720.37
848.657	14195.5
848.841	14301.99
849.025	13456.18
849.209	13724.46
849.392	14455.59
849.576	14263.08
849.76	13341.49
849.944	13792.05
850.127	14959.39
850.311	14005.03
850.495	13333.3
850.678	13577.01
850.862	14058.28
851.046	14279.46
851.229	14056.23
851.413	13032.25
851.596	14527.27
851.78	13959.98
851.964	13624.11
852.147	13665.07
852.331	14463.78
852.514	14320.42
852.698	13689.65
852.881	13181.75
853.065	13902.64
853.248	13628.21
853.431	13329.2
853.615	13402.93
853.798	14435.11
853.982	13916.97
854.165	13495.09
854.348	13151.03
854.532	13263.67
854.715	13568.82
854.898	12913.47
855.081	12915.51
855.265	13951.79
855.448	13912.88
855.631	12481.35
855.814	12524.35
855.997	13263.67
856.181	13439.79
856.364	13009.72
856.547	12675.9
856.73	13513.52
856.913	13230.9
857.096	12391.23
857.279	12960.57
857.462	13298.49
857.645	13249.33
857.828	12708.67
858.011	12817.21
858.194	13060.92
858.377	13161.27
858.56	12438.34
858.743	12700.48
858.926	12913.47
859.109	13155.13
859.292	12585.79
859.475	12372.8
859.658	13329.2
859.841	13194.04
860.023	12577.6
860.206	12602.18
860.389	12841.79
860.572	13194.04
860.755	12438.34
860.937	12370.76
861.12	12905.28
861.303	12956.47
861.486	12258.12
861.668	12237.64
861.851	12782.4
862.034	12755.77
862.216	12366.66
862.399	12081.99
862.581	12653.37
862.764	12690.24
862.947	12059.46
863.129	11758.41
863.312	12204.87
863.494	12628.8
863.677	12239.69
863.859	11608.91
864.042	12477.25
864.224	12444.48
864.406	11963.21
864.589	11506.51
864.771	12184.39
864.954	12155.72
865.136	11733.84
865.318	11473.74
865.501	12794.68
865.683	11955.02
865.865	11572.05
866.048	11635.53
866.23	12337.99
866.412	12190.53
866.594	11514.7
866.777	11832.14
866.959	11891.53
867.141	12163.91
867.323	12010.31
867.505	11621.2
867.687	12094.28
867.869	12215.11
868.052	11445.07
868.234	11520.85
868.416	12344.13
868.598	12505.92
868.78	11766.6
868.962	11633.49
869.144	12309.32
869.326	11967.31
869.508	11543.38
869.69	11350.87
869.872	11709.26
870.054	12548.93
870.236	11092.82
870.417	11459.41
870.599	12006.22
870.781	12442.43
870.963	11729.74
871.145	11385.68
871.327	11936.59
871.508	12092.23
871.69	11432.79
871.872	11443.03
872.054	11842.38
872.235	11946.83
872.417	11500.37
872.599	11195.22
872.78	12475.2
872.962	11948.87
873.144	11227.99
873.325	11418.45
873.507	12395.33
873.689	12067.66
873.87	11357.01
874.052	11588.43
874.233	12053.32
874.415	12579.65
874.596	11645.77
874.778	11141.97
874.959	11873.1
875.141	12190.53
875.322	11594.58
875.503	11381.59
875.685	12008.26
875.866	11580.24
876.048	11377.49
876.229	11191.13
876.41	11979.59
876.592	12088.14
876.773	11619.15
876.954	11410.26
877.136	12419.91
877.317	12000.07
877.498	11381.59
877.679	11447.12
877.86	12065.61
878.042	11920.2
878.223	11580.24
878.404	12174.15
878.585	12395.33
878.766	12432.19
878.947	11799.37
879.128	11561.81
879.309	12397.38
879.49	12315.46
879.672	11731.79
879.853	11680.59
880.034	11969.35
880.215	12260.16
880.396	11721.55
880.576	11578.19
880.757	12022.6
880.938	12561.22
881.119	11686.73
881.3	11701.07
881.481	12172.1
881.662	13175.61
881.843	11555.66
882.023	11680.59
882.204	12585.79
882.385	12337.99
882.566	11770.7
882.747	11807.56
882.927	12360.52
883.108	12469.06
883.289	11639.63
883.469	12163.91
883.65	12368.71
883.831	12557.12
884.011	12038.98
884.192	11723.6
884.373	12567.36
884.553	12522.3
884.734	12028.74
884.914	12532.54
885.095	13861.68
885.275	12839.74
885.456	12342.08
885.636	11918.15
885.817	12491.59
885.997	12819.26
886.178	11744.08
886.358	12116.81
886.538	12327.75
886.719	14451.49
886.899	11844.43
887.08	12063.56
887.26	12723.01
887.44	12227.4
887.621	11836.24
887.801	12270.4
887.981	13028.15
888.161	12964.67
888.342	12026.7
888.522	11983.69
888.702	12704.57
888.882	12780.35
889.062	12180.29
889.242	11819.85
889.423	12651.33
889.603	12569.41
889.783	12340.04
889.963	12135.24
890.143	12624.7
890.323	12888.89
890.503	12172.1
890.683	12231.49
890.863	12647.23
891.043	12729.15
891.223	12405.57
891.403	12534.59
891.583	12813.12
891.763	12768.06
891.943	12360.52
892.122	12356.42
892.302	12680
892.482	12827.45
892.662	12106.57
892.842	12165.96
893.022	12624.7
893.201	12796.73
893.381	12159.81
893.561	12069.7
893.741	12622.66
893.92	12303.17
894.1	12084.04
894.28	12184.39
894.459	12923.71
894.639	12477.25
894.819	11961.16
894.998	12149.57
895.178	12772.16
895.357	12534.59
895.537	11762.51
895.716	11893.58
895.896	12522.3
896.075	12712.77
896.255	11533.14
896.434	11582.29
896.614	12872.51
896.793	12548.93
896.973	11811.66
897.152	11856.72
897.331	12157.77
897.511	12297.03
897.69	11606.86
897.87	11744.08
898.049	12276.55
898.228	12133.19
898.407	11881.29
898.587	11713.36
898.766	11948.87
898.945	12153.67
899.124	12127.05
899.304	11549.52
899.483	12397.38
899.662	12641.09
899.841	11438.93
900.02	11733.84
900.199	12383.04
900.378	12188.49
900.557	11254.61
900.737	11299.67
900.916	11748.17
901.095	11543.38
901.274	11625.29
901.453	10896.22
901.632	11457.36
901.811	11367.25
901.989	10945.37
902.168	10937.18
902.347	11793.23
902.526	11277.14
902.705	10916.7
902.884	10976.09
903.063	11746.12
903.242	11592.53
903.42	10695.52
903.599	11115.35
903.778	11258.71
903.957	11551.57
904.135	10820.44
904.314	10675.04
904.493	11297.62
904.672	10865.5
904.85	10470.24
905.029	10548.06
905.207	10834.78
905.386	11715.41
905.565	10085.22
905.743	10154.85
905.922	10818.39
906.1	10775.39
906.279	10165.09
906.457	9978.73
906.636	10720.09
906.814	10488.67
906.993	10031.97
907.171	9905
907.35	10480.48
907.528	10756.96
907.707	10193.76
907.885	9538.41
908.063	10603.36
908.242	10181.48
908.42	9675.63
908.598	9384.82
908.777	10206.05
908.955	9952.1
909.133	9945.96
909.311	9499.5
909.49	10031.97
909.668	10095.46
909.846	9622.38
910.024	9628.53
910.202	10048.36
910.38	10365.79
910.559	9542.51
910.737	10015.59
910.915	10302.31
911.093	10400.61
911.271	9880.43
911.449	10021.74
911.627	10552.16
911.805	11002.71
911.983	10085.22
912.161	9902.95
912.339	10300.26
912.517	10832.73
912.695	10386.27
912.872	10167.14
913.05	10775.39
913.228	10550.11
913.406	10271.59
913.584	10050.41
913.762	10832.73
913.939	10441.57
914.117	10025.83
914.295	10031.97
914.473	10416.99
914.65	10685.28
914.828	10079.08
915.006	9646.96
915.184	10144.61
915.361	10324.83
915.539	9988.97
915.716	10210.15
915.894	10384.23
916.072	10204
916.249	10247.01
916.427	10019.69
916.604	10195.81
916.782	10462.05
916.959	9739.12
917.137	9905
917.314	10427.23
917.492	10343.27
917.669	9792.36
917.847	10091.37
918.024	10324.83
918.201	9847.66
918.379	9626.48
918.556	9732.97
918.733	10392.42
918.911	9909.1
919.088	10009.45
919.265	9782.12
919.442	10148.71
919.62	10234.72
919.797	9716.59
919.974	9462.64
920.151	10300.26
920.328	9839.47
920.506	9319.28
920.683	10167.14
920.86	9945.96
921.037	10124.13
921.214	9540.46
921.391	9546.61
921.568	10126.18
921.745	9843.56
921.922	9538.41
922.099	9483.12
922.276	9685.87
922.453	9909.1
922.63	9106.29
922.807	9638.76
922.984	9618.29
923.161	9358.19
923.338	9423.73
923.514	9012.09
923.691	9917.29
923.868	9984.87
924.045	9087.86
924.222	9014.13
924.399	9687.92
924.575	9534.32
924.752	8901.5
924.929	9216.88
925.105	9169.78
925.282	9122.68
925.459	9005.94
925.635	9319.28
925.812	9653.1
925.989	9425.78
926.165	9177.97
926.342	8878.97
926.518	9241.46
926.695	9065.33
926.871	8670.08
927.048	8708.99
927.224	9542.51
927.401	8758.14
927.577	8987.51
927.754	8430.46
927.93	9106.29
928.107	9053.05
928.283	8217.47
928.459	8694.65
928.636	9046.9
928.812	9116.53
928.988	8184.71
929.165	8063.88
929.341	8596.35
929.517	8991.61
929.693	8997.75
929.87	7945.09
930.046	8827.77
930.222	8665.98
930.398	8045.45
930.574	8295.3
930.751	8446.85
930.927	8418.18
931.103	7955.33
931.279	8143.75
931.455	8475.52
931.631	8463.23
931.807	7764.87
931.983	7582.6
932.159	7869.32
932.335	8233.86
932.511	7723.91
932.687	7850.89
932.863	8004.49
933.039	7988.1
933.215	7555.98
933.391	7375.76
933.566	7758.73
933.742	7766.92
933.918	7283.6
934.094	7025.56
934.27	7586.7
934.445	7488.4
934.621	7521.17
934.797	7046.04
934.973	7390.1
935.148	7105.43
935.324	6837.14
935.5	6388.64
935.675	7205.78
935.851	6925.21
936.027	6562.72
936.202	6341.54
936.378	6900.63
936.553	6445.98
936.729	6957.97
936.904	6065.06
937.08	6372.25
937.255	6192.03
937.431	5929.89
937.606	5721
937.782	6114.21
937.957	6060.96
938.133	5596.07
938.308	5407.66
938.483	5854.12
938.659	5604.27
938.834	5508.01
939.009	5137.33
939.185	5835.69
939.36	5276.59
939.535	4680.63
939.71	5200.82
939.886	5673.9
940.061	5262.26
940.236	5428.14
940.411	4875.19
940.586	5299.12
940.761	5454.76
940.937	4959.16
941.112	4756.41
941.287	5030.84
941.462	4975.54
941.637	4350.91
941.812	4586.43
941.987	4844.47
942.162	4721.59
942.337	4594.62
942.512	4295.61
942.687	5143.47
942.862	4799.41
943.037	4217.79
943.212	3857.35
943.386	4555.71
943.561	4479.93
943.736	4588.47
943.911	4899.77
944.086	5002.16
944.26	4645.82
944.435	4084.67
944.61	4473.79
944.785	4602.81
944.959	5043.12
945.134	4260.8
945.309	4170.69
945.483	4359.1
945.658	4754.36
945.833	3744.71
946.007	3994.56
946.182	4803.51
946.357	4404.16
946.531	3998.66
946.706	4211.65
946.88	4197.31
947.055	4670.39
947.229	4156.35
947.404	4162.5
947.578	4639.67
947.752	4641.72
947.927	4279.23
948.101	4117.44
948.276	5241.78
948.45	4975.54
948.624	4838.33
948.799	4307.9
948.973	4836.28
949.147	4613.05
949.321	4357.05
949.496	4621.24
949.67	5118.9
949.844	4742.07
950.018	4322.24
950.193	4416.44
950.367	5368.75
950.541	4873.14
950.715	4527.03
950.889	4664.25
951.063	4957.11
951.237	5098.42
951.411	4346.81
951.585	4481.98
951.759	5270.45
951.933	5157.81
952.107	4395.96
952.281	4844.47
952.455	5385.13
952.629	5116.85
952.803	4584.38
952.977	4664.25
953.151	4979.64
953.325	4901.81
953.499	4871.09
953.672	4512.7
953.846	5086.13
954.02	4944.82
954.194	4643.77
954.368	4422.59
954.541	5477.29
954.715	5260.21
954.889	4871.09
955.062	4445.12
955.236	4797.37
955.41	5225.39
955.583	5039.03
955.757	4408.25
955.93	5143.47
956.104	4975.54
956.278	4535.23
956.451	4660.15
956.625	5290.93
956.798	5411.76
956.972	5313.45
957.145	4613.05
957.319	5657.51
957.492	5217.2
957.665	5082.03
957.839	4672.44
958.012	5194.67
958.185	5051.31
958.359	4953.01
958.532	5069.75
958.705	5088.18
958.879	4989.88
959.052	4674.49
959.225	4367.29
959.398	5149.62
959.572	5254.06
959.745	4598.71
959.918	4705.21
960.091	5305.26
960.264	5422
960.438	4725.69
960.611	4510.65
960.784	5430.19
960.957	5055.41
961.13	5305.26
961.303	4723.64
961.476	5239.73
961.649	5458.86
961.822	4776.89
961.995	4983.73
962.168	5110.71
962.341	5428.14
962.514	4930.48
962.686	4828.09
962.859	5088.18
963.032	5309.36
963.205	4780.98
963.378	4486.08
963.551	5108.66
963.723	5161.91
963.896	4920.24
964.069	4877.24
964.242	5231.54
964.414	5645.23
964.587	4860.85
964.76	5063.6
964.932	5204.91
965.105	5061.55
965.278	4780.98
965.45	4656.06
965.623	5407.66
965.795	5204.91
965.968	4797.37
966.14	4682.68
966.313	5088.18
966.485	5125.04
966.658	4479.93
966.83	4627.39
967.003	5104.56
967.175	5206.96
967.348	4719.54
967.52	4770.74
967.692	5495.72
967.865	5282.74
968.037	4629.43
968.209	4848.57
968.382	5252.02
968.554	5280.69
968.726	4701.11
968.898	4604.86
969.071	5462.96
969.243	5133.23
969.415	4740.02
969.587	4838.33
969.759	5327.79
969.932	4897.72
970.104	4719.54
970.276	4303.81
970.448	4858.81
970.62	4848.57
970.792	4735.93
970.964	4557.75
971.136	5317.55
971.308	5108.66
971.48	4457.4
971.652	4547.51
971.824	5274.54
971.996	4752.31
972.168	4512.7
972.339	4613.05
972.511	4731.83
972.683	4914.1
972.855	4797.37
973.027	4230.08
973.199	5045.17
973.37	4957.11
973.542	4383.68
973.714	4375.49
973.886	4500.41
974.057	4899.77
974.229	4064.19
974.401	4246.46
974.572	4535.23
974.744	4535.23
974.915	4094.91
975.087	4369.34
975.259	4948.92
975.43	4563.9
975.602	4137.92
975.773	4139.97
975.945	4588.47
976.116	4823.99
976.288	4142.02
976.459	4510.65
976.63	4471.74
976.802	4500.41
976.973	4094.91
977.145	4416.44
977.316	5139.38
977.487	5333.93
977.659	4301.76
977.83	4242.37
978.001	4885.43
978.172	4830.13
978.344	3959.75
978.515	4273.09
978.686	4477.88
978.857	4948.92
979.028	3953.6
979.2	4015.04
979.371	4823.99
979.542	4522.94
979.713	4101.06
979.884	3738.57
980.055	4477.88
980.226	4578.23
980.397	4154.3
980.568	3818.44
980.739	4719.54
980.91	4201.41
981.081	4279.23
981.252	4006.85
981.423	4438.97
981.594	4420.54
981.765	3920.84
981.936	4185.02
982.106	4357.05
982.277	4586.43
982.448	3861.45
982.619	4035.52
982.79	4156.35
982.96	4330.43
983.131	4049.86
983.302	3511.24
983.472	4225.98
983.643	4244.42
983.814	3941.32
983.984	3763.14
984.155	4058.05
984.326	4332.48
984.496	3871.68
984.667	3808.2
984.837	3857.35
985.008	4580.28
985.178	4127.68
985.349	3769.29
985.519	4125.63
985.69	3886.02
985.86	3777.48
986.031	3441.61
986.201	4324.29
986.371	3994.56
986.542	3558.35
986.712	3369.93
986.882	4033.47
987.053	4047.81
987.223	3486.67
987.393	3949.51
987.563	3775.43
987.734	4002.75
987.904	4254.66
988.074	3390.41
988.244	3769.29
988.414	3765.19
988.585	3230.67
988.755	3605.45
988.925	3748.81
989.095	4088.77
989.265	3269.58
989.435	3587.02
989.605	3877.83
989.775	3900.36
989.945	3787.72
990.115	3032.02
990.285	3783.62
990.455	3810.25
990.625	3505.1
990.795	3070.93
990.965	4017.09
991.134	3562.44
991.304	3099.6
991.474	3077.07
991.644	3632.07
991.814	3875.78
991.984	2694.1
992.153	3099.6
992.323	3392.46
992.493	3740.61
992.662	2952.15
992.832	3392.46
993.002	3400.65
993.171	3789.77
993.341	2802.65
993.511	2941.91
993.68	3331.02
993.85	3705.8
994.019	2903
994.189	2681.82
994.358	3265.49
994.528	3234.77
994.697	2569.18
994.867	2839.51
995.036	3623.88
995.206	3249.1
995.375	2898.9
995.544	3312.59
995.714	3763.14
995.883	3312.59
996.052	3087.31
996.222	2583.51
996.391	3638.22
996.56	3343.31
996.73	2716.63
996.899	2591.7
997.068	3722.18
997.237	3255.25
997.406	2659.29
997.576	2493.4
997.745	3656.65
997.914	3206.1
998.083	2348
998.252	2708.44
998.421	3220.43
998.59	2925.52
998.759	2538.46
998.928	2202.59
999.097	3322.83
999.266	3154.9
999.435	2880.47
999.604	2376.67
999.773	3447.76
999.942	2825.17
1000.111	2286.56
1000.28	2272.22
1000.448	2855.89
1000.617	2794.45
1000.786	2800.6
1000.955	2241.5
1001.124	3158.99
1001.292	3670.98
1001.461	2421.72
1001.63	2298.84
1001.798	3048.4
1001.967	3003.35
1002.136	2253.79
1002.304	2286.56
1002.473	3032.02
1002.642	2853.84
1002.81	2534.36
1002.979	2505.69
1003.147	3118.03
1003.316	3222.48
1003.484	2298.84
1003.653	2259.93
1003.821	2859.99
1003.99	2687.96
1004.158	2612.18
1004.327	2499.55
1004.495	2853.84
1004.663	2747.35
1004.832	2483.16
1005	1981.41
1005.168	2749.4
1005.337	2632.66
1005.505	1860.58
1005.673	2532.31
1005.842	2872.28
1006.01	2546.65
1006.178	2014.18
1006.346	2104.29
1006.514	2438.11
1006.683	3105.74
1006.851	1938.4
1007.019	2356.19
1007.187	2520.03
1007.355	2180.06
1007.523	1764.33
1007.691	1915.87
1007.859	2307.04
1008.027	3130.32
1008.195	1946.59
1008.363	1786.85
1008.531	2456.54
1008.699	2681.82
1008.867	1704.93
1009.035	1903.59
1009.203	2841.56
1009.37	2391
1009.538	1846.24
1009.706	2773.97
1009.874	2442.2
1010.042	2386.91
1010.209	1594.34
1010.377	1739.75
1010.545	2454.49
1010.713	2266.08
1010.88	1727.46
1011.048	1829.86
1011.216	2284.51
1011.383	2638.81
1011.551	1778.66
1011.718	1719.27
1011.886	2401.24
1012.054	2622.42
1012.221	1590.25
1012.389	1678.31
1012.556	2337.76
1012.724	2517.98
1012.891	1735.65
1013.058	1342.44
1013.226	2247.65
1013.393	2327.52
1013.561	1557.48
1013.728	1303.53
1013.895	2517.98
1014.063	2241.5
1014.23	1246.19
1014.397	1493.99
1014.565	2335.71
1014.732	1934.31
1014.899	1401.83
1015.066	1383.4
1015.233	2251.74
1015.401	2167.77
1015.568	1524.71
1015.735	1653.73
1015.902	2278.37
1016.069	2288.61
1016.236	1473.51
1016.403	1268.72
1016.57	1772.52
1016.737	2513.88
1016.904	1362.92
1017.071	1262.57
1017.238	1727.46
1017.405	2051.04
1017.572	1360.88
1017.739	1795.04
1017.906	2526.17
1018.073	2208.73
1018.24	1139.69
1018.407	1594.34
1018.573	2030.56
1018.74	2042.85
1018.907	1491.95
1019.074	1090.54
1019.241	1913.83
1019.407	1737.7
1019.574	1104.88
1019.741	1033.2
1019.907	2171.87
1020.074	2225.12
1020.241	924.66
1020.407	963.57
1020.574	1655.78
1020.74	1856.48
1020.907	1182.7
1021.073	1082.35
1021.24	2509.79
1021.406	2038.75
1021.573	1006.58
1021.739	1168.37
1021.906	2094.05
1022.072	1690.6
1022.239	1123.31
1022.405	1297.39
1022.571	1749.99
1022.738	1686.5
1022.904	1174.51
1023.07	1336.3
1023.237	1641.45
1023.403	1831.91
1023.569	1016.82
1023.735	1276.91
1023.902	1774.56
1024.068	1741.8
1024.234	848.88
1024.4	959.47
1024.566	1532.9
1024.732	1655.78
1024.898	1053.68
1025.065	742.39
1025.231	1510.38
1025.397	1446.89
1025.563	1092.59
1025.729	893.94
1025.895	1078.26
1026.061	1387.5
1026.227	615.41
1026.392	1070.06
1026.558	1618.92
1026.724	1739.75
1026.89	895.99
1027.056	1070.06
1027.222	1387.5
1027.388	1549.29
1027.553	893.94
1027.719	920.56
1027.885	2036.7
1028.051	1553.38
1028.216	584.7
1028.382	898.03
1028.548	1631.21
1028.713	1381.35
1028.879	715.77
1029.045	1125.36
1029.21	1788.9
1029.376	1543.14
1029.541	869.36
1029.707	912.37
1029.873	1614.82
1030.038	1598.44
1030.204	809.97
1030.369	721.91
1030.534	1483.75
1030.7	1168.37
1030.865	906.23
1031.031	715.77
1031.196	1362.92
1031.361	1393.64
1031.527	707.57
1031.692	764.92
1031.857	1070.06
1032.023	1508.33
1032.188	676.85
1032.353	701.43
1032.518	1598.44
1032.684	1276.91
1032.849	560.12
1033.014	822.26
1033.179	1397.74
1033.344	1500.14
1033.509	818.16
1033.674	683
1033.839	1403.88
1034.004	1315.82
1034.17	732.15
1034.335	508.92
1034.5	1188.85
1034.664	1106.93
1034.829	605.17
1034.994	822.26
1035.159	1041.39
1035.324	1414.12
1035.489	728.05
1035.654	668.66
1035.819	1745.89
1035.984	1272.81
1036.148	781.3
1036.313	662.52
1036.478	1358.83
1036.643	1045.49
1036.807	607.22
1036.972	377.85
1037.137	1713.13
1037.301	1154.03
1037.466	287.74
1037.631	670.71
1037.795	1336.3
1037.96	994.29
1038.124	869.36
1038.289	420.86
1038.454	1078.26
1038.618	1246.19
1038.783	646.13
1038.947	746.48
1039.111	969.71
1039.276	1119.21
1039.44	453.63
1039.605	1307.63
1039.769	1035.25
1039.933	1074.16
1040.098	592.89
1040.262	961.52
1040.426	1166.32
1040.591	1184.75
1040.755	510.97
1040.919	457.72
1041.083	1420.27
1041.248	1000.43
1041.412	340.99
1041.576	408.57
1041.74	945.14
1041.904	1088.5
1042.068	363.51
1042.232	568.31
1042.397	1450.99
1042.561	1051.63
1042.725	140.29
1042.889	531.45
1043.053	998.38
1043.217	898.03
1043.381	486.39
1043.544	156.67
1043.708	1074.16
1043.872	910.32
1044.036	140.29
1044.2	205.82
1044.364	1213.42
1044.528	1225.71
1044.691	8539.01
1044.855	203.77
1045.019	1018.86
1045.183	1192.94
1045.346	463.86
1045.51	214.01
1045.674	1049.58
1045.837	1020.91
1046.001	371.71
1046.165	336.89
1046.328	1479.66
1046.492	889.84
1046.655	697.33
1046.819	443.39
1046.983	916.47
1047.146	816.12
1047.31	494.58
1047.473	107.52
1047.636	762.87
1047.8	771.06
1047.963	474.1
1048.127	195.58
1048.29	658.42
