345.52	-1291.59
345.736	-1291.59
345.952	-1291.59
346.168	-1344.83
346.384	-1332.55
346.6	-271.7
346.816	-283.99
347.032	-222.55
347.248	527.01
347.464	-279.89
347.68	-200.02
347.896	6.83
348.112	447.14
348.328	-154.96
348.544	8.87
348.76	189.1
348.975	234.15
349.191	-374.1
349.407	-341.33
349.623	150.18
349.839	47.79
350.055	-298.32
350.27	-11.61
350.486	203.43
350.702	215.72
350.918	305.83
351.133	-134.48
351.349	172.71
351.565	514.72
351.781	-480.59
351.996	88.75
352.212	137.9
352.428	164.52
352.644	-357.71
352.859	-286.03
353.075	326.31
353.291	170.66
353.506	-200.02
353.722	-408.91
353.938	-54.61
354.153	465.57
354.369	217.77
354.584	-384.34
354.8	191.14
355.016	-120.15
355.231	-419.15
355.447	-159.06
355.662	307.88
355.878	813.73
356.093	-546.12
356.309	-107.86
356.524	-68.95
356.74	500.39
356.955	-466.25
357.171	-107.86
357.386	223.91
357.602	-60.76
357.817	-46.42
358.033	-255.31
358.248	342.69
358.464	346.79
358.679	-300.37
358.895	-460.11
359.11	41.64
359.325	96.94
359.541	574.11
359.756	-87.38
359.972	-105.81
360.187	615.07
360.402	-275.79
360.618	-214.35
360.833	1649.3
361.048	117.42
361.264	-294.22
361.479	-52.56
361.694	199.34
361.909	225.96
362.125	-386.38
362.34	-187.73
362.555	293.54
362.77	258.73
362.986	-427.34
363.201	-310.61
363.416	252.58
363.631	8.87
363.847	-257.36
364.062	-253.27
364.277	199.34
364.492	-11.61
364.707	-333.14
364.922	-486.73
365.138	217.77
365.353	354.98
365.568	-404.82
365.783	-216.4
365.998	348.84
366.213	572.07
366.428	-337.23
366.643	119.46
366.858	203.43
367.073	291.49
367.288	-214.35
367.503	-341.33
367.718	15.02
367.933	506.53
368.148	-361.81
368.363	-58.71
368.578	252.58
368.793	488.1
369.008	-210.26
369.223	-423.25
369.438	365.22
369.653	287.4
369.868	-398.67
370.083	-443.73
370.298	201.38
370.513	565.92
370.728	166.57
370.943	-339.28
371.157	0.68
371.372	778.91
371.587	-470.35
371.802	-410.96
372.017	51.88
372.232	457.38
372.446	-68.95
372.661	-333.14
372.876	158.38
373.091	242.34
373.306	-150.87
373.52	-492.88
373.735	0.68
373.95	567.97
374.165	-300.37
374.379	-181.59
374.594	51.88
374.809	420.52
375.023	12.97
375.238	-288.08
375.453	324.26
375.667	-34.13
375.882	-382.29
376.097	-337.23
376.311	76.46
376.526	338.6
376.741	-374.1
376.955	174.76
377.17	469.67
377.384	965.28
377.599	-30.04
377.813	-466.25
378.028	846.49
378.242	215.72
378.457	-120.15
378.672	-447.82
378.886	55.98
379.101	172.71
379.315	-486.73
379.53	-167.25
379.744	422.56
379.958	223.91
380.173	-308.56
380.387	-341.33
380.602	344.74
380.816	68.27
381.031	-146.77
381.245	-142.68
381.459	154.28
381.674	3232.38
381.888	-537.93
382.103	225.96
382.317	47.79
382.531	414.37
382.746	-83.28
382.96	-263.51
383.174	58.03
383.388	643.74
383.603	58.03
383.817	-404.82
384.031	98.99
384.246	484
384.46	23.21
384.674	785.05
384.888	-1.37
385.103	309.93
385.317	-511.31
385.531	-11.61
385.745	785.05
385.959	477.86
386.174	-324.94
386.388	-462.16
386.602	156.33
386.816	107.18
387.03	-152.92
387.244	-103.76
387.458	250.53
387.672	402.08
387.887	-437.58
388.101	-292.18
388.315	277.16
388.529	182.95
388.743	-314.7
388.957	-306.51
389.171	541.35
389.385	-27.99
389.599	-306.51
389.813	-11.61
390.027	160.42
390.241	742.05
390.455	-212.31
390.669	-120.15
390.883	2.73
391.097	547.49
391.311	133.8
391.525	-298.32
391.738	524.96
391.952	424.61
392.166	-3.41
392.38	-357.71
392.594	496.29
392.808	367.27
393.022	-44.37
393.236	-259.41
393.449	228.01
393.663	625.31
393.877	-228.69
394.091	-142.68
394.305	170.66
394.518	43.69
394.732	-316.75
394.946	-240.98
395.16	711.33
395.373	193.19
395.587	-267.6
395.801	-197.97
396.015	305.83
396.228	348.84
396.442	-357.71
396.656	-496.97
396.869	412.32
397.083	768.67
397.297	-56.66
397.51	-132.44
397.724	219.82
397.938	209.58
398.151	-419.15
398.365	-413.01
398.578	412.32
398.792	506.53
399.005	189.1
399.219	-253.27
399.433	350.89
399.646	494.24
399.86	82.6
400.073	197.29
400.287	266.92
400.5	262.82
400.714	49.83
400.927	-118.1
401.141	447.14
401.354	1839.76
401.567	430.76
401.781	-425.29
401.994	232.1
402.208	723.62
402.421	-48.47
402.635	-99.67
402.848	0.68
403.061	414.37
403.275	-75.09
403.488	-261.46
403.701	443.04
403.915	561.83
404.128	68.27
404.341	-91.48
404.555	746.14
404.768	-1.37
404.981	64.17
405.195	-224.59
405.408	369.32
405.621	430.76
405.834	170.66
406.048	-351.57
406.261	490.15
406.474	524.96
406.687	-249.17
406.9	53.93
407.114	260.77
407.327	547.49
407.54	-329.04
407.753	-439.63
407.966	80.55
408.179	262.82
408.392	-183.63
408.605	-421.2
408.819	412.32
409.032	461.48
409.245	-62.8
409.458	156.33
409.671	336.55
409.884	549.54
410.097	-298.32
410.31	164.52
410.523	600.74
410.736	195.24
410.949	-19.8
411.162	-144.72
411.375	471.72
411.588	344.74
411.801	78.51
412.014	-183.63
412.227	86.7
412.44	258.73
412.653	-17.75
412.865	197.29
413.078	561.83
413.291	486.05
413.504	76.46
413.717	-245.07
413.93	633.5
414.143	92.84
414.356	121.51
414.568	-281.94
414.781	397.99
414.994	418.47
415.207	131.75
415.42	53.93
415.632	387.75
415.845	860.83
416.058	-314.7
416.271	-210.26
416.483	373.41
416.696	617.12
416.909	-111.96
417.121	-118.1
417.334	207.53
417.547	576.16
417.759	-118.1
417.972	-99.67
418.185	223.91
418.397	404.13
418.61	-81.24
418.823	-148.82
419.035	684.7
419.248	420.52
419.46	12.97
419.673	94.89
419.885	309.93
420.098	527.01
420.311	-71
420.523	-449.87
420.736	488.1
420.948	416.42
421.161	-95.57
421.373	-353.62
421.586	98.99
421.798	68.27
422.01	-304.46
422.223	125.61
422.435	66.22
422.648	584.35
422.86	-109.91
423.073	19.11
423.285	365.22
423.497	96.94
423.71	-154.96
423.922	-30.04
424.134	699.04
424.347	817.82
424.559	246.44
424.771	406.18
424.984	520.87
425.196	459.43
425.408	-220.5
425.621	-134.48
425.833	545.44
426.045	740
426.257	-218.45
426.47	51.88
426.682	350.89
426.894	367.27
427.106	-62.8
427.318	-52.56
427.531	340.65
427.743	445.09
427.955	53.93
428.167	866.97
428.379	322.21
428.591	297.64
428.804	94.89
429.016	-87.38
429.228	518.82
429.44	658.08
429.652	13799.9
429.864	-202.07
430.076	330.41
430.288	469.67
430.5	133.8
430.712	129.7
430.924	494.24
431.136	633.5
431.348	-95.57
431.56	-66.9
431.772	287.4
431.984	271.01
432.196	-148.82
432.408	-5.46
432.62	418.47
432.832	639.65
433.044	379.56
433.256	240.29
433.468	518.82
433.679	170.66
433.891	-126.29
434.103	320.17
434.315	875.17
434.527	598.69
434.739	166.57
434.95	55.98
435.162	422.56
435.374	121.51
435.586	172.71
435.798	113.32
436.009	367.27
436.221	287.4
436.433	113.32
436.645	103.08
436.856	416.42
437.068	735.9
437.28	-11.61
437.491	453.28
437.703	772.77
437.915	492.2
438.126	-9.56
438.338	502.43
438.55	412.32
438.761	457.38
438.973	139.94
439.184	121.51
439.396	479.91
439.608	455.33
439.819	12.97
440.031	219.82
440.242	705.18
440.454	729.76
440.665	90.79
440.877	420.52
441.088	866.97
441.3	623.27
441.511	-116.05
441.723	144.04
441.934	1026.71
442.146	742.05
442.357	250.53
442.569	756.38
442.78	760.48
442.991	1217.18
443.203	682.66
443.414	74.41
443.626	1026.71
443.837	633.5
444.048	137.9
444.26	-15.7
444.471	731.81
444.682	627.36
444.894	88.75
445.105	41.64
445.316	883.36
445.528	813.73
445.739	422.56
445.95	318.12
446.161	690.85
446.373	666.27
446.584	250.53
446.795	139.94
447.006	965.28
447.217	920.22
447.429	109.22
447.64	35.5
447.851	1473.17
448.062	926.36
448.273	98.99
448.484	244.39
448.695	735.9
448.907	778.91
449.118	299.69
449.329	563.87
449.54	541.35
449.751	578.21
449.962	207.53
450.173	135.85
450.384	809.63
450.595	971.42
450.806	258.73
451.017	275.11
451.228	973.47
451.439	758.43
451.65	242.34
451.861	-56.66
452.072	572.07
452.283	797.34
452.494	580.26
452.705	248.49
452.915	1288.85
453.126	828.06
453.337	572.07
453.548	244.39
453.759	1247.9
453.97	1192.6
454.181	815.77
454.391	373.41
454.602	830.11
454.813	1282.71
455.024	346.79
455.235	242.34
455.445	1129.11
455.656	848.54
455.867	567.97
456.078	428.71
456.288	680.61
456.499	1120.92
456.71	328.36
456.921	774.81
457.131	869.02
457.342	944.8
457.553	447.14
457.763	477.86
457.974	858.78
458.184	1057.43
458.395	301.73
458.606	244.39
458.816	1219.22
459.027	1227.42
459.237	707.23
459.448	340.65
459.659	1174.17
459.869	1970.83
460.08	191.14
460.29	756.38
460.501	1389.21
460.711	1059.48
460.922	256.68
461.132	334.5
461.343	1903.25
461.553	653.98
461.764	359.08
461.974	649.89
462.184	1319.57
462.395	1239.7
462.605	559.78
462.816	314.02
463.026	1125.02
463.236	1204.89
463.447	508.58
463.657	535.2
463.867	1399.45
464.078	1055.39
464.288	529.06
464.498	670.37
464.709	1272.47
464.919	1254.04
465.129	707.23
465.339	502.43
465.55	1059.48
465.76	1397.4
465.97	707.23
466.18	656.03
466.391	1389.21
466.601	1256.09
466.811	838.3
467.021	428.71
467.231	1483.41
467.441	1489.56
467.651	696.99
467.862	395.94
468.072	1243.8
468.282	1340.05
468.492	653.98
468.702	901.79
468.912	1329.81
469.122	2120.33
469.332	1135.26
469.542	731.81
469.752	1796.75
469.962	1428.12
470.172	770.72
470.382	860.83
470.592	1823.37
470.802	1561.23
471.012	1194.65
471.222	934.56
471.432	1581.71
471.642	1624.72
471.852	1170.07
472.062	860.83
472.272	1448.6
472.482	1317.53
472.691	1030.81
472.901	834.21
473.111	1364.63
473.321	2116.23
473.531	932.51
473.741	1333.91
473.95	1798.8
474.16	1653.39
474.37	1340.05
474.58	1065.63
474.79	2165.39
474.999	1675.92
475.209	1165.98
475.419	1266.33
475.628	1747.6
475.838	2218.63
476.048	1340.05
476.258	1036.95
476.467	2085.51
476.677	1723.02
476.886	1530.52
477.096	1487.51
477.306	1882.77
477.515	2019.98
477.725	1585.81
477.935	1600.15
478.144	2574.98
478.354	1794.7
478.563	1510.04
478.773	1473.17
478.982	2316.94
479.192	2079.37
479.401	1602.19
479.611	1540.76
479.82	1956.49
480.03	2189.96
480.239	1485.46
480.449	1346.2
480.658	2448.01
480.868	2259.59
481.077	1876.62
481.287	1677.97
481.496	2151.05
481.705	2558.6
481.915	2062.99
482.124	2085.51
482.333	2359.94
482.543	2783.87
482.752	1968.78
482.961	1825.42
483.171	2382.47
483.38	2189.96
483.589	1995.4
483.799	1911.44
484.008	2364.04
484.217	2364.04
484.426	2101.9
484.636	1780.37
484.845	2787.97
485.054	2296.46
485.263	2673.28
485.472	2024.08
485.682	2718.34
485.891	2615.94
486.1	1833.61
486.309	2077.32
486.518	2941.57
486.727	3543.67
486.936	2073.23
487.146	2321.03
487.355	3115.64
487.564	2685.57
487.773	2359.94
487.982	2386.57
488.191	2654.85
488.4	3035.77
488.609	2329.22
488.818	2398.85
489.027	3215.99
489.236	3363.45
489.445	2323.08
489.654	2370.18
489.863	3283.58
490.072	2982.53
490.281	3152.51
490.49	2574.98
490.698	3363.45
490.907	3779.18
491.116	2554.5
491.325	2583.17
491.534	3443.32
491.743	3066.49
491.952	2771.58
492.16	2810.5
492.369	3527.28
492.578	3537.52
492.787	2878.08
492.996	2611.84
493.204	3240.57
493.413	3629.68
493.622	2433.67
493.831	2595.46
494.039	3885.68
494.248	3379.83
494.457	2916.99
494.665	2751.1
494.874	3654.26
495.083	4252.27
495.291	2919.04
495.5	2740.86
495.709	3644.02
495.917	3480.18
496.126	3166.84
496.335	2859.65
496.543	3508.85
496.752	3676.79
496.96	3412.6
497.169	2837.12
497.377	3476.09
497.586	3760.75
497.794	3316.34
498.003	2904.7
498.211	3656.31
498.42	3893.87
498.628	3199.61
498.837	3046.01
499.045	3828.34
499.254	3703.41
499.462	3256.95
499.671	3140.22
499.879	4584.04
500.087	3910.25
500.296	3072.64
500.504	3138.17
500.713	3883.63
500.921	4282.99
501.129	3185.27
501.338	3287.67
501.546	3926.64
501.754	3902.06
501.962	3377.78
502.171	3168.89
502.379	3996.27
502.587	4176.49
502.795	3541.62
503.004	3551.86
503.212	4156.01
503.42	4246.12
503.628	3523.19
503.837	3656.31
504.045	4084.33
504.253	4471.4
504.461	3553.91
504.669	3510.9
504.877	4573.8
505.085	4129.39
505.294	3371.64
505.502	3959.41
505.71	4565.6
505.918	4024.94
506.126	3512.95
506.334	3576.44
506.542	4471.4
506.75	4115.05
506.958	3852.91
507.166	3721.84
507.374	4108.91
507.582	4680.29
507.79	3930.73
507.998	3746.42
508.206	4633.19
508.414	4668
508.622	3787.38
508.83	3732.08
509.037	4323.94
509.245	4051.56
509.453	3695.22
509.661	3682.93
509.869	4598.37
510.077	4201.07
510.285	3996.27
510.492	3441.27
510.7	4944.48
510.908	4305.51
511.116	3883.63
511.324	3631.73
511.531	4299.37
511.739	4672.1
511.947	4242.03
512.155	4311.66
512.362	4661.86
512.57	4231.79
512.778	3850.86
512.985	3826.29
513.193	4594.28
513.401	4799.07
513.608	4207.21
513.816	4098.67
514.024	4696.67
514.231	4848.22
514.439	4149.87
514.646	4016.75
514.854	5042.78
515.061	4663.91
515.269	4231.79
515.477	4072.04
515.684	4684.39
515.892	4926.05
516.099	3983.98
516.307	4018.8
516.514	5118.56
516.722	5210.72
516.929	4213.35
517.136	4227.69
517.344	5182.04
517.551	5134.94
517.759	4100.72
517.966	4385.38
518.173	4729.44
518.381	4960.86
518.588	4248.17
518.796	4147.82
519.003	5266.01
519.21	4880.99
519.418	4217.45
519.625	4819.55
519.832	4971.1
520.039	5124.7
520.247	4039.28
520.454	4498.02
520.661	5030.49
520.868	5132.89
521.076	4233.83
521.283	4616.8
521.49	5591.64
521.697	5202.52
521.904	4567.65
522.112	4717.15
522.319	5317.21
522.526	5198.43
522.733	4547.17
522.94	4420.2
523.147	5159.52
523.354	5218.91
523.561	4532.84
523.768	4928.1
523.975	5642.84
524.183	5259.87
524.39	5126.75
524.597	4338.28
524.804	5263.96
525.011	5223
525.218	4672.1
525.425	4516.45
525.632	5747.28
525.838	5227.1
526.045	4942.43
526.252	4754.02
526.459	6965.82
526.666	7180.86
526.873	4794.98
527.08	4821.6
527.287	5790.29
527.494	5638.74
527.701	4782.69
527.907	4797.03
528.114	5636.69
528.321	5493.33
528.528	5016.16
528.735	4979.29
528.941	5548.63
529.148	5257.82
529.355	5302.87
529.562	4940.38
529.768	6300.23
529.975	5319.26
530.182	5020.25
530.388	4944.48
530.595	5892.69
530.802	5364.31
531.008	5446.23
531.215	5005.92
531.422	6599.24
531.628	6519.37
531.835	5089.88
532.042	5347.93
532.248	5737.04
532.455	6017.61
532.661	5284.44
532.868	5016.16
533.074	6042.19
533.281	6337.1
533.487	5114.46
533.694	5110.36
533.9	5870.16
534.107	5659.22
534.313	5210.72
534.52	5220.95
534.726	5728.85
534.933	6406.73
535.139	5204.57
535.345	5044.83
535.552	6365.77
535.758	6289.99
535.965	5423.7
536.171	5565.01
536.377	6185.55
536.584	6652.49
536.79	5419.61
536.996	5597.78
537.203	6214.22
537.409	6517.32
537.615	5368.41
537.821	5638.74
538.028	6697.54
538.234	6347.34
538.44	5679.7
538.646	5640.79
538.853	5935.7
539.059	5943.89
539.265	6273.61
539.471	5444.18
539.677	6359.63
539.883	6132.3
540.09	7397.95
540.296	6392.39
540.502	6449.74
540.708	6251.08
540.914	6115.92
541.12	5788.24
541.326	6621.77
541.532	6523.46
541.738	5886.54
541.944	5917.26
542.15	6576.71
542.356	6255.18
542.562	5769.81
542.768	5919.31
542.974	6718.02
543.18	6662.72
543.386	5892.69
543.592	5614.16
543.798	7180.86
544.004	6713.92
544.21	5806.67
544.415	6089.29
544.621	6625.86
544.827	7189.05
545.033	5884.5
545.239	6386.25
545.445	6455.88
545.651	6646.34
545.856	5986.9
546.062	6013.52
546.268	6761.03
546.474	6654.53
546.679	6171.21
546.885	6066.77
547.091	6566.47
547.297	7244.35
547.502	6273.61
547.708	5941.84
547.914	6476.36
548.119	7285.31
548.325	5929.55
548.531	5866.07
548.736	7248.44
548.942	6437.45
549.147	6132.3
549.353	6431.3
549.559	7156.29
549.764	7027.26
549.97	6072.91
550.175	6185.55
550.381	7002.69
550.586	6707.78
550.792	6412.87
550.997	6459.98
551.203	7121.47
551.408	7203.39
551.614	6058.57
551.819	6314.57
552.025	7531.06
552.23	7129.66
552.435	6488.65
552.641	6746.69
552.846	6842.95
553.052	7670.33
553.257	6810.18
553.462	6478.41
553.668	7033.41
553.873	7137.85
554.078	6576.71
554.283	6476.36
554.489	7320.12
554.694	7215.68
554.899	6578.76
555.105	6810.18
555.31	7391.8
555.515	7281.21
555.72	6627.91
555.925	7760.44
556.131	7752.24
556.336	7330.36
556.541	6711.88
556.746	6439.5
556.951	7821.88
557.156	7309.88
557.361	6658.63
557.567	7146.05
557.772	7553.59
557.977	7551.54
558.182	6654.53
558.387	6756.93
558.592	7275.07
558.797	7871.03
559.002	6820.42
559.207	6974.02
559.412	7522.87
559.617	7735.86
559.822	6701.64
560.027	6687.3
560.232	7313.98
560.437	7520.82
560.642	6595.14
560.847	6613.57
561.051	7352.89
561.256	7692.85
561.461	6990.4
561.666	6801.99
561.871	7440.95
562.076	7883.31
562.281	6879.81
562.485	6785.6
562.69	7643.7
562.895	7449.14
563.1	6754.88
563.305	6814.27
563.509	7762.48
563.714	8034.86
563.919	7045.7
564.123	7014.98
564.328	7545.4
564.533	7979.57
564.737	7021.12
564.942	6912.58
565.147	7983.66
565.351	8047.15
565.556	7074.37
565.761	7037.5
565.965	8006.19
566.17	7623.22
566.374	7187
566.579	7144
566.784	7975.47
566.988	7752.24
567.193	7062.08
567.397	7383.61
567.602	7670.33
567.806	7780.92
568.011	7285.31
568.215	7352.89
568.42	7617.08
568.624	8032.82
568.828	7320.12
569.033	7662.13
569.237	8047.15
569.442	8198.7
569.646	6990.4
569.85	7424.57
570.055	7985.71
570.259	8004.14
570.463	7752.24
570.668	7414.33
570.872	8145.45
571.076	7838.26
571.281	7553.59
571.485	7641.65
571.689	8094.26
571.893	8045.1
572.098	7674.42
572.302	7332.41
572.506	8294.96
572.71	8147.5
572.914	7428.67
573.119	7404.09
573.323	8403.5
573.527	8340.01
573.731	7387.71
573.935	7303.74
574.139	8219.18
574.343	7977.52
574.547	7522.87
574.751	7545.4
574.955	8280.62
575.159	8268.33
575.364	7559.74
575.568	7346.75
575.772	8337.96
575.976	8229.42
576.18	7297.6
576.383	7397.95
576.587	8432.17
576.791	8210.99
576.995	7410.23
577.199	7508.54
577.403	8059.44
577.607	8753.7
577.811	7602.74
578.015	7821.88
578.219	8294.96
578.422	8350.25
578.626	7868.98
578.83	8020.53
579.034	8532.52
579.238	8434.22
579.442	7705.14
579.645	8407.59
579.849	8043.06
580.053	8569.38
580.257	7897.65
580.46	8020.53
580.664	8708.65
580.868	8616.49
581.071	8141.36
581.275	8104.49
581.479	8237.61
581.682	8587.82
581.886	7615.03
582.09	8010.29
582.293	8690.21
582.497	8649.25
582.7	8188.46
582.904	7893.55
583.107	8593.96
583.311	8753.7
583.515	8034.86
583.718	8210.99
583.922	8725.03
584.125	9380.38
584.329	8006.19
584.532	8202.8
584.735	9079.33
584.939	8800.8
585.142	8041.01
585.346	8018.48
585.549	8759.84
585.753	8858.15
585.956	8202.8
586.159	8450.6
586.363	9099.81
586.566	8927.78
586.769	8127.02
586.973	8088.11
587.176	8935.97
587.379	8944.16
587.582	8628.77
587.786	8655.4
587.989	8931.87
588.192	9947.67
588.395	8544.81
588.599	8935.97
588.802	8999.46
589.005	8999.46
589.208	8497.7
589.411	8469.03
589.615	9132.58
589.818	9173.53
590.021	8624.68
590.224	8507.94
590.427	9368.09
590.63	9179.68
590.833	8047.15
591.036	8290.86
591.239	8960.55
591.442	8909.35
591.645	8737.32
591.848	8421.93
592.051	9085.47
592.254	9083.42
592.457	8720.93
592.66	8702.5
592.863	8997.41
593.066	9464.35
593.269	8489.51
593.472	8579.62
593.675	9148.96
593.878	9030.18
594.081	8651.3
594.284	8528.42
594.486	9194.01
594.689	9167.39
594.892	8653.35
595.095	8792.61
595.298	9540.12
595.5	8997.41
595.703	8809
595.906	8864.29
596.109	9476.63
596.311	9415.19
596.514	8524.33
596.717	8905.25
596.92	9812.5
597.122	9556.5
597.325	8532.52
597.528	8806.95
597.73	9919
597.933	9849.36
598.136	8985.12
598.338	8583.72
598.541	10039.83
598.743	9843.22
598.946	8852
599.148	8903.2
599.351	9544.22
599.554	9554.46
599.756	8860.2
599.959	9185.82
600.161	9773.59
600.363	9937.43
600.566	9200.16
600.768	8895.01
600.971	9581.08
601.173	9679.38
601.376	8866.34
601.578	9146.91
601.78	9636.38
601.983	10129.94
602.185	8987.17
602.388	9505.31
602.59	9779.73
602.792	9597.46
602.995	9355.8
603.197	9013.79
603.399	9822.74
603.601	10119.7
603.804	9062.94
604.006	9091.62
604.208	9517.59
604.41	9296.41
604.613	9388.57
604.815	8962.59
605.017	10007.06
605.219	9441.82
605.421	9927.19
605.623	9255.45
605.826	10045.97
606.028	10385.93
606.23	9099.81
606.432	9208.35
606.634	10086.93
606.836	9972.24
607.038	9255.45
607.24	9411.1
607.442	10107.41
607.644	9908.76
607.846	9288.22
608.048	9079.33
608.25	10019.35
608.452	9789.97
608.654	9474.59
608.856	9288.22
609.058	9898.52
609.26	10019.35
609.462	9398.81
609.664	9323.04
609.866	10240.53
610.067	9955.86
610.269	9478.68
610.471	9275.93
610.673	9677.33
610.875	10033.68
611.077	9196.06
611.278	9466.39
611.48	9931.28
611.682	10195.47
611.884	9591.32
612.085	9404.96
612.287	9751.06
612.489	9873.94
612.69	9157.15
612.892	9505.31
613.094	10543.63
613.295	9845.27
613.497	9163.29
613.699	9470.49
613.9	10308.11
614.102	9927.19
614.304	9527.83
614.505	9169.44
614.707	9869.84
614.908	10111.5
615.11	9230.88
615.311	9576.98
615.513	10222.09
615.714	10039.83
615.916	9187.87
616.117	9785.88
616.319	10066.45
616.52	10267.15
616.722	9331.23
616.923	9452.06
617.124	10201.61
617.326	10150.42
617.527	9716.25
617.729	9894.42
617.93	10181.14
618.131	10138.13
618.333	9468.44
618.534	9675.29
618.735	10387.98
618.937	10437.13
619.138	9353.76
619.339	9388.57
619.54	9955.86
619.742	9927.19
619.943	9728.53
620.144	9452.06
620.345	10398.22
620.546	10172.94
620.748	9632.28
620.949	9552.41
621.15	10316.3
621.351	10129.94
621.552	9613.85
621.753	9468.44
621.954	9839.12
622.155	10512.91
622.356	9540.12
622.558	10039.83
622.759	10529.29
622.96	10482.19
623.161	9755.16
623.362	9634.33
623.563	10508.81
623.764	10162.7
623.965	9531.93
624.166	9873.94
624.366	10088.98
624.567	10422.8
624.768	9271.84
624.969	9400.86
625.17	9959.95
625.371	10136.08
625.572	9761.3
625.773	9759.25
625.973	10316.3
626.174	10807.81
626.375	9576.98
626.576	9925.14
626.777	10299.92
626.977	10715.66
627.178	10131.98
627.379	10056.21
627.58	10523.15
627.78	10240.53
627.981	9654.81
628.182	9980.43
628.382	10402.32
628.583	10011.15
628.784	9619.99
628.984	9974.29
629.185	10402.32
629.386	10447.37
629.586	9902.61
629.787	9689.62
629.987	10293.77
630.188	10459.66
630.388	9611.8
630.589	10037.78
630.79	10953.22
630.99	10439.18
631.191	9902.61
631.391	10129.94
631.591	10328.59
631.792	10433.04
631.992	10312.21
632.193	10207.76
632.393	10707.46
632.594	10201.61
632.794	9785.88
632.994	10080.78
633.195	10258.96
633.395	10279.44
633.595	9730.58
633.796	10187.28
633.996	10596.87
634.196	10617.35
634.397	9890.32
634.597	10068.5
634.797	10281.49
634.997	10930.69
635.198	10342.92
635.398	9994.77
635.598	10697.22
635.798	10631.69
635.998	10639.88
636.199	10002.96
636.399	10453.52
636.599	10406.41
636.799	9923.09
636.999	10824.2
637.199	10695.18
637.399	10826.25
637.599	10054.16
637.799	10095.12
637.999	10627.59
638.199	10453.52
638.399	9886.23
638.599	9869.84
638.799	10717.7
638.999	10928.64
639.199	10312.21
639.399	10146.32
639.599	10678.79
639.799	10510.86
639.999	10037.78
640.199	10019.35
640.399	10701.32
640.599	10619.4
640.799	10246.67
640.998	10406.41
641.198	10709.51
641.398	10846.73
641.598	10381.84
641.798	10144.27
641.997	11782.65
642.197	10500.62
642.397	10347.02
642.597	10170.9
642.796	10729.99
642.996	10660.36
643.196	10437.13
643.395	9959.95
643.595	10625.54
643.795	10410.51
643.994	10211.85
644.194	10340.88
644.394	11377.15
644.593	11219.46
644.793	10185.23
644.992	10414.6
645.192	11117.06
645.392	10316.3
645.591	10717.7
645.791	10482.19
645.99	10985.99
646.19	10713.61
646.389	10240.53
646.589	10480.14
646.788	10865.16
646.987	10863.11
647.187	10979.84
647.386	10773
647.586	11067.91
647.785	10977.8
647.984	10334.73
648.184	10590.73
648.383	10828.29
648.582	10508.81
648.782	10226.19
648.981	10643.98
649.18	10727.94
649.38	10844.68
649.579	10560.01
649.778	10430.99
649.977	11256.32
650.177	11293.18
650.376	10308.11
650.575	10256.91
650.774	11153.92
650.973	10842.63
651.173	10312.21
651.372	10594.82
651.571	10789.38
651.77	11115.01
651.969	10328.59
652.168	10684.94
652.367	10811.91
652.566	10975.75
652.765	10484.23
652.964	11166.21
653.163	11407.87
653.362	11106.82
653.561	10455.56
653.76	10650.12
653.959	11158.02
654.158	10920.45
654.357	10924.55
654.556	10336.78
654.755	11436.54
654.954	11217.41
655.153	10629.64
655.352	10967.56
655.551	11221.5
655.749	11039.23
655.948	10770.95
656.147	10856.96
656.346	11096.58
656.545	11211.26
656.743	10822.15
656.942	10781.19
657.141	11006.47
657.34	11043.33
657.538	10584.59
657.737	10631.69
657.936	11176.45
658.135	10840.58
658.333	10861.06
658.532	11018.75
658.731	11237.89
658.929	11272.7
659.128	11143.68
659.326	10562.06
659.525	11219.46
659.724	11280.89
659.922	10437.13
660.121	10447.37
660.319	10856.96
660.518	11061.76
660.716	10394.12
660.915	10467.85
661.113	11270.65
661.312	10891.78
661.51	10811.91
661.709	10514.95
661.907	11180.54
662.105	11553.27
662.304	10623.5
662.502	10981.89
662.701	11282.94
662.899	10979.84
663.097	11328
663.296	10641.93
663.494	11434.49
663.692	11405.82
663.891	10711.56
664.089	10678.79
664.287	11239.94
664.485	11172.35
664.684	10738.18
664.882	10867.2
665.08	11328
665.278	11211.26
665.476	10537.48
665.675	11207.17
665.873	11532.79
666.071	11403.77
666.269	10662.41
666.467	11143.68
666.665	11284.99
666.863	11201.02
667.061	11127.3
667.259	10705.42
667.457	10988.03
667.655	11117.06
667.853	10500.62
668.051	11198.98
668.249	11033.09
668.447	11268.61
668.645	10570.25
668.843	11239.94
669.041	11411.96
669.239	11168.26
669.437	11121.15
669.635	10918.4
669.833	11192.83
670.031	10994.18
670.229	10924.55
670.426	11012.61
670.624	11110.91
670.822	10942.98
671.02	10760.71
671.218	10883.59
671.415	10883.59
671.613	11266.56
671.811	10834.44
672.009	10781.19
672.206	11276.8
672.404	11022.85
672.602	10701.32
672.799	10971.65
672.997	11325.95
673.195	11082.24
673.392	10908.16
673.59	10449.42
673.788	11405.82
673.985	10594.82
674.183	11078.15
674.38	10734.09
674.578	11313.66
674.775	10963.46
674.973	10502.67
675.17	10439.18
675.368	11418.11
675.565	10861.06
675.763	10555.91
675.96	10570.25
676.158	11313.66
676.355	10953.22
676.553	10639.88
676.75	10691.08
676.947	10809.86
677.145	10932.74
677.342	10856.96
677.539	10822.15
677.737	11321.85
677.934	11588.09
678.131	10856.96
678.329	10654.22
678.526	11549.18
678.723	11377.15
678.92	10949.12
679.118	10840.58
679.315	11024.9
679.512	11471.36
679.709	10820.1
679.906	10607.11
680.104	11102.72
680.301	10752.52
680.498	10281.49
680.695	10557.96
680.892	10908.16
681.089	10992.13
681.286	10676.74
681.483	10119.7
681.68	10889.73
681.877	11012.61
682.075	10381.84
682.272	10660.36
682.469	10938.88
682.665	10922.5
682.862	10218
683.059	10416.65
683.256	10883.59
683.453	10996.23
683.65	10707.46
683.847	10846.73
684.044	11037.19
684.241	10678.79
684.438	10793.48
684.635	10463.75
684.831	11588.09
685.028	11534.84
685.225	10394.12
685.422	10850.82
685.619	10850.82
685.815	10758.66
686.012	10623.5
686.209	10629.64
686.405	10641.93
686.602	11016.71
686.799	10201.61
686.996	10238.48
687.192	10557.96
687.389	11362.81
687.586	10226.19
687.782	10373.64
687.979	11334.14
688.175	10981.89
688.372	10512.91
688.568	10498.57
688.765	10799.62
688.962	10828.29
689.158	10377.74
689.355	10027.54
689.551	10887.68
689.748	10818.05
689.944	10381.84
690.14	10258.96
690.337	10791.43
690.533	10938.88
690.73	10723.85
690.926	10365.45
691.123	10754.57
691.319	10891.78
691.515	10328.59
691.712	10705.42
691.908	10756.61
692.104	10795.53
692.301	10605.06
692.497	9980.43
692.693	10826.25
692.889	10744.33
693.086	10340.88
693.282	10170.9
693.478	10637.83
693.674	11409.92
693.87	10574.35
694.067	10281.49
694.263	10734.09
694.459	10727.94
694.655	10734.09
694.851	10406.41
695.047	10734.09
695.243	10795.53
695.439	10500.62
695.635	10066.45
695.831	10947.08
696.027	10508.81
696.224	9976.34
696.42	10744.33
696.615	10873.35
696.811	11049.47
697.007	10197.52
697.203	10084.88
697.399	10787.33
697.595	10672.65
697.791	10115.6
697.987	10336.78
698.183	10353.16
698.379	10570.25
698.575	10056.21
698.77	10174.99
698.966	10512.91
699.162	11012.61
699.358	10254.86
699.554	10119.7
699.749	10822.15
699.945	10676.74
700.141	10312.21
700.337	10308.11
700.532	10209.81
700.728	10205.71
700.924	10035.73
701.119	9812.5
701.315	10652.17
701.511	10199.57
701.706	10226.19
701.902	9800.21
702.097	10523.15
702.293	10566.15
702.489	10082.83
702.684	9933.33
702.88	10895.88
703.075	10199.57
703.271	9927.19
703.466	9923.09
703.662	10138.13
703.857	10555.91
704.053	10355.21
704.248	10234.38
704.443	10902.02
704.639	10711.56
704.834	10193.42
705.03	10021.39
705.225	10406.41
705.42	10523.15
705.616	10025.49
705.811	9890.32
706.006	10549.77
706.202	10324.49
706.397	10338.83
706.592	9781.78
706.787	10443.28
706.983	10172.94
707.178	10420.75
707.373	10146.32
707.568	10287.63
707.763	10662.41
707.959	9814.55
708.154	9939.47
708.349	10246.67
708.544	10619.4
708.739	10203.66
708.934	9873.94
709.129	10625.54
709.324	10498.57
709.519	10027.54
709.714	9652.76
709.909	10535.43
710.104	10596.87
710.299	9902.61
710.494	10015.25
710.689	10334.73
710.884	10314.25
711.079	9919
711.274	10084.88
711.469	10377.74
711.664	10467.85
711.859	9998.87
712.054	10076.69
712.249	10439.18
712.443	10461.71
712.638	9685.53
712.833	9851.41
713.028	10349.07
713.223	10076.69
713.417	10125.84
713.612	9839.12
713.807	10334.73
714.002	11143.68
714.196	10181.14
714.391	9759.25
714.586	10408.46
714.78	10531.34
714.975	9898.52
715.17	9947.67
715.364	10093.07
715.559	10566.15
715.754	9505.31
715.948	9599.51
716.143	10643.98
716.337	10291.73
716.532	10072.59
716.726	9830.93
716.921	10201.61
717.115	10594.82
717.31	9386.52
717.504	10656.26
717.699	10052.11
717.893	10381.84
718.088	9646.62
718.282	9472.54
718.476	10062.35
718.671	10215.95
718.865	9677.33
719.059	9507.35
719.254	9716.25
719.448	10263.05
719.642	12321.26
719.837	9378.33
720.031	11966.96
720.225	10209.81
720.419	9468.44
720.614	9392.67
720.808	9720.34
721.002	9820.69
721.196	9474.59
721.39	9576.98
721.585	10095.12
721.779	10418.7
721.973	9583.13
722.167	9187.87
722.361	9884.18
722.555	10398.22
722.749	9576.98
722.943	9660.95
723.137	9515.55
723.331	10037.78
723.525	9361.95
723.719	9572.89
723.913	10131.98
724.107	10521.1
724.301	9347.61
724.495	9757.21
724.689	10607.11
724.883	10127.89
725.077	9349.66
725.271	9683.48
725.465	10299.92
725.659	9890.32
725.853	9599.51
726.046	9447.96
726.24	9587.22
726.434	9925.14
726.628	9587.22
726.822	9599.51
727.015	10134.03
727.209	10369.55
727.403	9552.41
727.596	9273.89
727.79	9949.71
727.984	10201.61
728.177	9497.11
728.371	9589.27
728.565	10234.38
728.758	9949.71
728.952	9419.29
729.146	9259.55
729.339	10113.55
729.533	9835.03
729.726	9581.08
729.92	9257.5
730.113	10086.93
730.307	10023.44
730.5	9323.04
730.694	9284.12
730.887	9603.61
731.081	9792.02
731.274	9318.94
731.468	9325.08
731.661	9814.55
731.854	9873.94
732.048	9159.2
732.241	9146.91
732.435	9710.1
732.628	9775.64
732.821	9628.18
733.014	9349.66
733.208	9736.73
733.401	9886.23
733.594	9404.96
733.788	9314.84
733.981	9939.47
734.174	9998.87
734.367	9267.74
734.56	9411.1
734.754	9863.7
734.947	9894.42
735.14	9116.19
735.333	9415.19
735.526	10164.75
735.719	9548.31
735.912	9269.79
736.105	9222.69
736.298	9685.53
736.491	9818.64
736.684	9050.66
736.877	9208.35
737.07	9953.81
737.263	10338.83
737.456	9261.6
737.649	9267.74
737.842	10058.26
738.035	9898.52
738.228	9517.59
738.421	9493.02
738.614	10177.04
738.807	10164.75
739	8978.98
739.192	9280.03
739.385	9923.09
739.578	9734.68
739.771	9730.58
739.964	9173.53
740.156	10076.69
740.349	9744.92
740.542	9615.9
740.735	9224.73
740.927	9517.59
741.12	9572.89
741.313	9118.24
741.505	9366.04
741.698	9726.49
741.891	9873.94
742.083	9323.04
742.276	9015.84
742.468	9941.52
742.661	9878.04
742.854	9169.44
743.046	9095.71
743.239	9701.91
743.431	9808.4
743.624	9075.23
743.816	8780.32
744.009	9497.11
744.201	9697.81
744.393	9505.31
744.586	8862.24
744.778	9988.63
744.971	9787.93
745.163	9120.29
745.355	9171.49
745.548	9706.01
745.74	9720.34
745.932	9312.8
746.125	9105.95
746.317	9880.08
746.509	9677.33
746.702	9042.46
746.894	9161.25
747.086	9673.24
747.278	9677.33
747.471	9509.4
747.663	9237.02
747.855	9546.26
748.047	9931.28
748.239	9019.94
748.431	9081.38
748.623	10099.22
748.815	9751.06
749.008	9165.34
749.2	9216.54
749.392	9622.04
749.584	9728.53
749.776	9255.45
749.968	9495.07
750.16	9988.63
750.352	9554.46
750.544	9263.65
750.736	9009.7
750.928	9724.44
751.12	9796.12
751.311	9079.33
751.503	9222.69
751.695	9390.62
751.887	9601.56
752.079	8901.15
752.271	8987.17
752.463	10299.92
752.654	9536.03
752.846	9124.38
753.038	8931.87
753.23	9388.57
753.421	9437.72
753.613	9083.42
753.805	9220.64
753.997	9122.34
754.188	9437.72
754.38	8753.7
754.572	9153.05
754.763	9194.01
754.955	9380.38
755.146	8983.07
755.338	8776.23
755.53	9648.66
755.721	9404.96
755.913	8673.83
756.104	8737.32
756.296	9126.43
756.487	9521.69
756.679	8786.47
756.87	8761.89
757.062	9273.89
757.253	9398.81
757.445	9026.08
757.636	9087.52
757.827	9560.6
758.019	9962
758.21	8727.08
758.401	8559.14
758.593	9800.21
758.784	9734.68
758.975	8669.73
759.167	8700.45
759.358	9069.09
759.549	9480.73
759.74	8426.03
759.932	8653.35
760.123	9234.97
760.314	9316.89
760.505	8735.27
760.696	8450.6
760.888	9245.21
761.079	9103.9
761.27	8712.74
761.461	8518.18
761.652	9574.94
761.843	8901.15
762.034	8581.67
762.225	9185.82
762.416	9095.71
762.607	8976.93
762.798	8596.01
762.989	8395.31
763.18	10392.08
763.371	9243.17
763.562	8587.82
763.753	8665.64
763.944	9009.7
764.135	9021.98
764.326	8796.71
764.517	8598.06
764.708	9163.29
764.899	9079.33
765.089	8239.66
765.28	8204.85
765.471	8704.55
765.662	9171.49
765.853	8423.98
766.043	8159.79
766.234	9067.04
766.425	8811.04
766.615	8264.24
766.806	8235.56
766.997	9013.79
767.187	8919.59
767.378	8186.41
767.569	8196.65
767.759	8962.59
767.95	8690.21
768.141	8591.91
768.331	8380.97
768.522	8952.35
768.712	8981.03
768.903	8147.5
769.093	8362.54
769.284	9081.38
769.474	8952.35
769.665	8139.31
769.855	7932.47
770.046	9011.75
770.236	8710.69
770.426	8495.66
770.617	8014.38
770.807	8733.22
770.998	8907.3
771.188	8415.79
771.378	8297
771.569	8847.91
771.759	8706.6
771.949	7967.28
772.139	7643.7
772.33	8731.17
772.52	8579.62
772.71	8118.83
772.9	7879.22
773.09	8782.37
773.281	8968.74
773.471	8067.63
773.661	7836.21
773.851	8604.2
774.041	8358.44
774.231	7899.7
774.421	8399.4
774.611	8720.93
774.802	8624.68
774.992	8038.96
775.182	7860.79
775.372	8776.23
775.562	8831.52
775.752	8131.12
775.942	7858.74
776.131	8841.76
776.321	8553
776.511	7758.39
776.701	7825.97
776.891	8712.74
777.081	8292.91
777.271	7965.23
777.461	7725.62
777.651	8546.86
777.84	8499.75
778.03	8010.29
778.22	7705.14
778.41	8374.83
778.599	8133.17
778.789	7887.41
778.979	7701.05
779.169	8309.29
779.358	7991.86
779.548	8237.61
779.738	7363.13
779.927	8219.18
780.117	7957.04
780.307	7526.97
780.496	7240.25
780.686	8581.67
780.875	8870.44
781.065	7516.73
781.254	7645.75
781.444	8352.3
781.633	8122.93
781.823	7383.61
782.012	7598.65
782.202	7932.47
782.391	8106.54
782.581	7430.71
782.77	7836.21
782.96	8387.11
783.149	7584.31
783.338	7399.99
783.528	7443
783.717	8198.7
783.906	8219.18
784.096	7549.5
784.285	7359.03
784.474	7715.38
784.663	7797.3
784.853	7361.08
785.042	7647.8
785.231	7959.09
785.42	8174.13
785.61	7699
785.799	7410.23
785.988	8358.44
786.177	7682.61
786.366	7424.57
786.555	7938.61
786.744	7926.32
786.933	8018.48
787.122	6967.87
787.312	7170.62
787.501	7684.66
787.69	7918.13
787.879	7154.24
788.068	7287.36
788.257	7500.34
788.445	7780.92
788.634	7232.06
788.823	6943.3
789.012	8243.76
789.201	8110.64
789.39	7348.79
789.579	7156.29
789.768	7989.81
789.957	7776.82
790.145	7342.65
790.334	6732.36
790.523	7432.76
790.712	7750.2
790.9	7098.94
791.089	6855.23
791.278	7918.13
791.467	7748.15
791.655	7576.12
791.844	7819.83
792.033	7604.79
792.221	7582.26
792.41	7027.26
792.599	6629.96
792.787	7623.22
792.976	7772.72
793.164	6806.08
793.353	7285.31
793.541	7844.4
793.73	7772.72
793.918	7092.8
794.107	7025.22
794.295	7617.08
794.484	7506.49
794.672	7090.75
794.861	7123.52
795.049	7434.81
795.238	8020.53
795.426	6914.63
795.614	7187
795.803	7674.42
795.991	7643.7
796.179	6935.1
796.368	6818.37
796.556	7643.7
796.744	7371.32
796.932	6736.45
797.121	6683.2
797.309	7264.83
797.497	7539.26
797.685	6955.58
797.874	6705.73
798.062	7627.32
798.25	7604.79
798.438	6707.78
798.626	6785.6
798.814	7787.06
799.002	7834.16
799.19	6883.91
799.378	6773.32
799.566	7539.26
799.755	7699
799.943	6933.06
800.131	6896.19
800.318	7510.58
800.506	7612.98
800.694	6589
800.882	7098.94
801.07	7903.79
801.258	7590.45
801.446	6949.44
801.634	7027.26
801.822	7604.79
802.01	7440.95
802.197	6740.55
802.385	7008.83
802.573	7602.74
802.761	7389.75
802.949	6832.71
803.136	6726.21
803.324	7428.67
803.512	7531.06
803.699	6984.26
803.887	6566.47
804.075	7637.56
804.262	7330.36
804.45	6777.41
804.638	7060.03
804.825	7170.62
805.013	7332.41
805.201	6900.29
805.388	6738.5
805.576	7529.02
805.763	7664.18
805.951	6971.97
806.138	7041.6
806.326	7811.64
806.513	7420.47
806.701	6892.1
806.888	6916.67
807.075	7662.13
807.263	7852.59
807.45	6904.39
807.638	6974.02
807.825	7991.86
808.012	7768.63
808.2	6941.25
808.387	7387.71
808.574	7907.89
808.761	8008.24
808.949	6898.24
809.136	7078.46
809.323	7653.94
809.51	7711.28
809.698	7615.03
809.885	7426.62
810.072	7989.81
810.259	8114.73
810.446	7375.42
810.633	7014.98
810.82	7692.85
811.008	8096.3
811.195	7250.49
811.382	7117.37
811.569	7981.62
811.756	7465.53
811.943	7146.05
812.13	6871.62
812.317	7590.45
812.504	7393.85
812.691	7068.22
812.878	7262.78
813.064	7920.18
813.251	7606.84
813.438	7039.55
813.625	7332.41
813.812	7588.41
813.999	7492.15
814.186	7356.99
814.372	7103.04
814.559	7715.38
814.746	8026.67
814.933	7025.22
815.12	7311.93
815.306	7690.81
815.493	7490.1
815.68	7117.37
815.866	6914.63
816.053	7610.93
816.24	7830.07
816.426	7133.76
816.613	6963.78
816.799	7582.26
816.986	8026.67
817.173	7023.17
817.359	6957.63
817.546	7975.47
817.732	7397.95
817.919	6703.68
818.105	7408.19
818.292	7699
818.478	7717.43
818.665	7287.36
818.851	7088.7
819.037	8475.18
819.224	7641.65
819.41	6861.38
819.597	6822.47
819.783	8258.09
819.969	7594.55
820.156	6900.29
820.342	6980.16
820.528	8981.03
820.714	7309.88
820.901	7037.5
821.087	6767.17
821.273	7821.88
821.459	7350.84
821.646	6691.4
821.832	6804.03
822.018	7402.04
822.204	7498.3
822.39	6795.84
822.576	6851.14
822.762	7549.5
822.948	7846.45
823.134	7033.41
823.32	6844.99
823.507	7047.74
823.693	7383.61
823.879	7545.4
824.065	6896.19
824.25	7166.53
824.436	7356.99
824.622	6785.6
824.808	6773.32
824.994	7242.3
825.18	7311.93
825.366	6675.01
825.552	6859.33
825.738	7258.68
825.923	7600.69
826.109	7049.79
826.295	6672.96
826.481	7199.29
826.667	7043.65
826.852	7107.13
827.038	6681.16
827.224	7711.28
827.409	7467.58
827.595	6392.39
827.781	7002.69
827.966	7641.65
828.152	7453.24
828.338	6474.31
828.523	6437.45
828.709	7219.77
828.894	7285.31
829.08	6632.01
829.266	6548.04
829.451	7113.28
829.637	7303.74
829.822	6748.74
830.008	6523.46
830.193	7318.07
830.378	7600.69
830.564	6601.29
830.749	6287.95
830.935	7156.29
831.12	6992.45
831.305	6462.02
831.491	6775.36
831.676	6785.6
831.861	7121.47
832.047	6629.96
832.232	6525.51
832.417	7213.63
832.602	7313.98
832.788	6498.89
832.973	6496.84
833.158	7004.74
833.343	6976.06
833.528	6740.55
833.714	6711.88
833.899	6920.77
834.084	7711.28
834.269	6816.32
834.454	6320.71
834.639	6982.21
834.824	6978.11
835.009	6683.2
835.194	6726.21
835.379	7332.41
835.564	7504.44
835.749	6675.01
835.934	6197.84
836.119	7100.99
836.304	6869.57
836.489	6132.3
836.674	6691.4
836.859	6689.35
837.044	7281.21
837.228	6384.2
837.413	6025.81
837.598	6943.3
837.783	6863.43
837.968	6472.26
838.152	6253.13
838.337	6380.11
838.522	7275.07
838.707	6896.19
838.891	6617.67
839.076	6902.34
839.261	6818.37
839.445	6453.83
839.63	6570.57
839.815	7258.68
839.999	6615.62
840.184	6021.71
840.368	6277.71
840.553	6967.87
840.737	6795.84
840.922	5894.74
841.106	5859.92
841.291	6400.58
841.475	6853.19
841.66	5864.02
841.844	5878.35
842.029	7080.51
842.213	6394.44
842.397	6072.91
842.582	5954.13
842.766	6728.26
842.951	6849.09
843.135	6132.3
843.319	5915.22
843.504	6832.71
843.688	7225.92
843.872	6013.52
844.056	6109.77
844.241	6922.82
844.425	6642.25
844.609	6267.47
844.793	5827.15
844.977	6849.09
845.161	6705.73
845.346	5804.63
845.53	5864.02
845.714	6750.79
845.898	7131.71
846.082	5810.77
846.266	5990.99
846.45	6447.69
846.634	6681.16
846.818	5800.53
847.002	6031.95
847.186	6552.13
847.37	6138.44
847.554	5833.3
847.738	6052.43
847.922	6378.06
848.106	6486.6
848.29	5591.64
848.473	5737.04
848.657	6482.5
848.841	6355.53
849.025	5694.04
849.209	5390.94
849.392	6517.32
849.576	6287.95
849.76	5425.75
849.944	5917.26
850.127	6662.72
850.311	6142.54
850.495	5675.6
850.678	5464.66
850.862	6242.89
851.046	6668.87
851.229	6134.35
851.413	5517.91
851.596	6529.61
851.78	6253.13
851.964	6128.21
852.147	5636.69
852.331	6847.04
852.514	6599.24
852.698	5730.9
852.881	5442.14
853.065	6302.28
853.248	6142.54
853.431	5626.45
853.615	5831.25
853.798	6896.19
853.982	6287.95
854.165	5626.45
854.348	5323.35
854.532	5937.74
854.715	6021.71
854.898	5540.44
855.081	5581.4
855.265	6619.72
855.448	6941.25
855.631	5390.94
855.814	5634.64
855.997	6220.36
856.181	6296.14
856.364	5544.53
856.547	5384.79
856.73	6244.94
856.913	6146.64
857.096	5376.6
857.279	5648.98
857.462	5939.79
857.645	6062.67
857.828	5628.5
858.011	5841.49
858.194	5847.63
858.377	5909.07
858.56	5298.78
858.743	5495.38
858.926	5911.12
859.109	5954.13
859.292	5417.56
859.475	5141.08
859.658	6105.68
859.841	6300.23
860.023	5167.71
860.206	5073.5
860.389	5837.39
860.572	5988.94
860.755	5460.57
860.937	5259.87
861.12	5796.43
861.303	5907.02
861.486	5386.84
861.668	5081.69
861.851	5444.18
862.034	6097.49
862.216	5446.23
862.399	5018.21
862.581	5864.02
862.764	6089.29
862.947	5270.11
863.129	5069.41
863.312	5550.68
863.494	5904.98
863.677	5798.48
863.859	4997.73
864.042	5763.67
864.224	5528.15
864.406	5282.39
864.589	4803.17
864.771	5556.82
864.954	5509.72
865.136	5089.88
865.318	4940.38
865.501	6341.19
865.683	5395.03
865.865	5050.97
866.048	5026.4
866.23	5810.77
866.412	5554.77
866.594	5010.01
866.777	5087.84
866.959	5593.69
867.141	5419.61
867.323	5317.21
867.505	5134.94
867.687	5479
867.869	5569.11
868.052	4821.6
868.234	4940.38
868.416	5472.86
868.598	5771.86
868.78	4819.55
868.962	4786.79
869.144	5696.08
869.326	5618.26
869.508	5048.93
869.69	4737.63
869.872	5180
870.054	5947.98
870.236	4569.7
870.417	4715.11
870.599	5440.09
870.781	5980.75
870.963	5309.02
871.145	4878.94
871.327	5421.66
871.508	5775.95
871.69	4893.28
871.872	4751.97
872.054	5270.11
872.235	5507.67
872.417	5130.84
872.599	4581.99
872.78	6040.14
872.962	5536.34
873.144	4543.08
873.325	4797.03
873.507	5683.8
873.689	5581.4
873.87	4766.31
874.052	4967.01
874.233	5374.55
874.415	5937.74
874.596	4983.39
874.778	4739.68
874.959	5534.29
875.141	5722.71
875.322	5065.31
875.503	4643.43
875.685	5507.67
875.866	5018.21
876.048	4694.63
876.229	4768.35
876.41	5272.15
876.592	5554.77
876.773	4835.94
876.954	4622.95
877.136	5546.58
877.317	5366.36
877.498	4641.38
877.679	4930.14
877.86	5462.62
878.042	5155.42
878.223	4844.13
878.404	5476.95
878.585	5687.89
878.766	7361.08
878.947	5266.01
879.128	5063.26
879.309	5487.19
879.49	5753.43
879.672	5063.26
879.853	5010.01
880.034	5321.31
880.215	5573.21
880.396	5098.08
880.576	4975.2
880.757	5335.64
880.938	6040.14
881.119	4680.29
881.3	4969.05
881.481	5491.29
881.662	6486.6
881.843	4764.26
882.023	4919.9
882.204	5921.36
882.385	5425.75
882.566	4960.86
882.747	4919.9
882.927	5485.14
883.108	5519.96
883.289	4735.59
883.469	5272.15
883.65	5522.01
883.831	5601.88
884.011	5372.5
884.192	4946.53
884.373	5694.04
884.553	5464.66
884.734	5229.15
884.914	5724.76
885.095	6916.67
885.275	6044.24
885.456	5444.18
885.636	5155.42
885.817	5780.05
885.997	5716.56
886.178	4948.58
886.358	5184.09
886.538	5558.87
886.719	7361.08
886.899	5184.09
887.08	5225.05
887.26	5913.17
887.44	5466.71
887.621	5032.54
887.801	5290.59
887.981	6111.82
888.161	6083.15
888.342	5192.28
888.522	5157.47
888.702	5833.3
888.882	5816.91
889.062	5257.82
889.242	4715.11
889.423	6011.47
889.603	5909.07
889.783	5352.02
889.963	5075.55
890.143	5890.64
890.323	5931.6
890.503	5245.53
890.683	5468.76
890.863	5663.32
891.043	5743.19
891.223	5182.04
891.403	5382.74
891.583	5732.95
891.763	5810.77
891.943	5405.27
892.122	5403.22
892.302	5749.33
892.482	5821.01
892.662	5321.31
892.842	5196.38
893.022	5558.87
893.201	5712.47
893.381	5427.8
893.561	5003.87
893.741	5708.37
893.92	5534.29
894.1	5409.37
894.28	5220.95
894.459	5880.4
894.639	5675.6
894.819	5147.23
894.998	5261.91
895.178	5802.58
895.357	5665.36
895.537	4977.25
895.716	4924
895.896	5515.86
896.075	6017.61
896.255	5059.17
896.434	4799.07
896.614	6027.85
896.793	5818.96
896.973	5354.07
897.152	5098.08
897.331	5298.78
897.511	5495.38
897.69	4778.59
897.87	5075.55
898.049	5657.17
898.228	5497.43
898.407	5155.42
898.587	5165.66
898.766	5184.09
898.945	5474.9
899.124	5409.37
899.304	5100.12
899.483	5751.38
899.662	5939.79
899.841	5036.64
900.02	4819.55
900.199	5661.27
900.378	5569.11
900.557	4901.47
900.737	4715.11
900.916	5184.09
901.095	5368.41
901.274	5196.38
901.453	4577.89
901.632	5216.86
901.811	5190.24
901.989	4762.21
902.168	4702.82
902.347	5575.25
902.526	5151.32
902.705	4807.27
902.884	4938.34
903.063	5524.05
903.242	5446.23
903.42	4569.7
903.599	4774.5
903.778	5317.21
903.957	5565.01
904.135	4840.03
904.314	4565.6
904.493	5093.98
904.672	4942.43
904.85	4751.97
905.029	4649.57
905.207	4926.05
905.386	5479
905.565	4182.63
905.743	4459.11
905.922	4977.25
906.1	5003.87
906.279	4061.8
906.457	4248.17
906.636	4880.99
906.814	4688.48
906.993	4217.45
907.171	4121.2
907.35	4864.61
907.528	5296.73
907.707	4489.83
907.885	4039.28
908.063	4688.48
908.242	4465.25
908.42	4080.24
908.598	3721.84
908.777	4756.07
908.955	4536.93
909.133	4143.72
909.311	3986.03
909.49	4567.65
909.668	4606.56
909.846	4086.38
910.024	3977.84
910.202	4477.54
910.38	4969.05
910.559	4033.13
910.737	4239.98
910.915	4715.11
911.093	4680.29
911.271	4278.89
911.449	4229.74
911.627	4649.57
911.805	5261.91
911.983	4237.93
912.161	3889.78
912.339	4551.27
912.517	4975.2
912.695	4506.21
912.872	4123.24
913.05	4930.14
913.228	4792.93
913.406	4246.12
913.584	4135.53
913.762	4926.05
913.939	4776.55
914.117	4325.99
914.295	4164.2
914.473	4811.36
914.65	5014.11
914.828	4287.08
915.006	4131.44
915.184	4637.28
915.361	4901.47
915.539	4430.44
915.716	4469.35
915.894	4770.4
916.072	4934.24
916.249	4600.42
916.427	4450.92
916.604	4463.21
916.782	4846.18
916.959	4010.61
917.137	4016.75
917.314	4614.76
917.492	4637.28
917.669	4303.46
917.847	4244.07
918.024	4584.04
918.201	4420.2
918.379	4278.89
918.556	4170.35
918.733	4817.51
918.911	4325.99
919.088	4338.28
919.265	4061.8
919.442	4653.67
919.62	4565.6
919.797	4141.68
919.974	3803.76
920.151	4924
920.328	4551.27
920.506	3959.41
920.683	4512.36
920.86	4401.77
921.037	4563.56
921.214	4235.88
921.391	3994.22
921.568	4653.67
921.745	4393.58
921.922	4008.56
922.099	3983.98
922.276	4434.53
922.453	4479.59
922.63	3852.91
922.807	4377.19
922.984	4579.94
923.161	4209.26
923.338	4037.23
923.514	3844.72
923.691	4682.34
923.868	4588.13
924.045	3873.39
924.222	3957.36
924.399	4545.13
924.575	4510.31
924.752	4086.38
924.929	3943.02
925.105	4297.32
925.282	4194.92
925.459	4031.09
925.635	4199.02
925.812	4391.53
925.989	4311.66
926.165	3955.31
926.342	3580.53
926.518	4106.86
926.695	3908.21
926.871	3758.71
927.048	3672.69
927.224	4446.82
927.401	3877.49
927.577	3910.25
927.754	3467.89
927.93	4227.69
928.107	4418.15
928.283	3383.93
928.459	3641.97
928.636	4315.75
928.812	3988.08
928.988	3465.85
929.165	3170.94
929.341	3885.68
929.517	4049.52
929.693	4074.09
929.87	3199.61
930.046	4024.94
930.222	3902.06
930.398	3134.07
930.574	3576.44
930.751	3844.72
930.927	3803.76
931.103	3367.54
931.279	3658.35
931.455	3783.28
931.631	3967.6
931.807	3232.38
931.983	2972.29
932.159	3476.09
932.335	3781.23
932.511	3310.2
932.687	3283.58
932.863	3637.88
933.039	3811.95
933.215	3150.46
933.391	2960
933.566	3576.44
933.742	3695.22
933.918	3041.92
934.094	2953.85
934.27	3431.03
934.445	3512.95
934.621	3254.9
934.797	2888.32
934.973	3394.17
935.148	3283.58
935.324	2808.45
935.5	2546.31
935.675	3476.09
935.851	3254.9
936.027	2880.13
936.202	2888.32
936.378	3367.54
936.553	2951.81
936.729	3400.31
936.904	2656.9
937.08	2632.32
937.255	2716.29
937.431	2497.16
937.606	2396.81
937.782	2681.47
937.957	3093.12
938.133	2411.14
938.308	2323.08
938.483	2849.41
938.659	2413.19
938.834	2486.92
939.009	2034.32
939.185	2714.24
939.36	2269.83
939.535	1665.68
939.71	2290.31
939.886	2826.88
940.061	2452.1
940.236	2448.01
940.411	2089.61
940.586	2509.44
940.761	2462.34
940.937	1989.26
941.112	1886.86
941.287	2327.18
941.462	2247.3
941.637	1723.02
941.812	1944.2
941.987	2179.72
942.162	2099.85
942.337	1925.77
942.512	1813.13
942.687	2644.61
942.862	2302.6
943.037	1536.66
943.212	1444.5
943.386	2077.32
943.561	2149
943.736	1954.44
943.911	2421.38
944.086	2501.25
944.26	2132.62
944.435	1751.7
944.61	1993.36
944.785	2290.31
944.959	2787.97
945.134	1852.05
945.309	1753.74
945.483	1839.76
945.658	2312.84
945.833	1495.7
946.007	1585.81
946.182	2435.72
946.357	2042.51
946.531	1571.47
946.706	1675.92
946.88	1870.48
947.055	2165.39
947.229	1839.76
947.404	1743.5
947.578	2153.1
947.752	2169.48
947.927	1520.28
948.101	1538.71
948.276	2560.64
948.45	2187.91
948.624	2173.58
948.799	1665.68
948.973	2118.28
949.147	1852.05
949.321	1778.32
949.496	1870.48
949.67	2431.62
949.844	2132.62
950.018	1706.64
950.193	1729.17
950.367	2738.82
950.541	2081.42
950.715	1841.81
950.889	2073.23
951.063	2292.36
951.237	2337.41
951.411	1643.15
951.585	1694.35
951.759	2323.08
951.933	2382.47
952.107	1790.61
952.281	2196.11
952.455	2640.51
952.629	2407.05
952.803	1940.11
952.977	1823.37
953.151	2583.17
953.325	2146.95
953.499	2103.95
953.672	1628.82
953.846	2220.68
954.02	2165.39
954.194	1858.19
954.368	1936.01
954.541	2546.31
954.715	2278.02
954.889	2022.03
955.062	1833.61
955.236	2001.55
955.41	2364.04
955.583	2249.35
955.757	1739.41
955.93	2415.24
956.104	2192.01
956.278	1829.52
956.451	1989.26
956.625	2478.72
956.798	2673.28
956.972	2286.22
957.145	1813.13
957.319	2654.85
957.492	2462.34
957.665	2323.08
957.839	1829.52
958.012	2376.33
958.185	2228.87
958.359	2069.13
958.532	2149
958.705	2462.34
958.879	2302.6
959.052	1993.36
959.225	1700.5
959.398	2501.25
959.572	2359.94
959.745	1819.28
959.918	1972.88
960.091	2337.41
960.264	2622.08
960.438	1880.72
960.611	1770.13
960.784	2564.74
960.957	2241.16
961.13	2644.61
961.303	1870.48
961.476	2429.57
961.649	2880.13
961.822	1936.01
961.995	2077.32
962.168	2343.56
962.341	2581.12
962.514	1976.97
962.686	1911.44
962.859	2423.43
963.032	2468.48
963.205	1794.7
963.378	1763.98
963.551	2288.26
963.723	2241.16
963.896	2153.1
964.069	2157.19
964.242	2450.05
964.414	2765.44
964.587	1974.92
964.76	2095.75
964.932	2491.01
965.105	2417.29
965.278	1788.56
965.45	1981.07
965.623	2456.2
965.795	2413.19
965.968	1927.82
966.14	1833.61
966.313	2331.27
966.485	2271.88
966.658	1895.05
966.83	1823.37
967.003	2486.92
967.175	2378.37
967.348	1927.82
967.52	2077.32
967.692	2882.17
967.865	2546.31
968.037	1923.73
968.209	2177.67
968.382	2460.29
968.554	2632.32
968.726	1819.28
968.898	1806.99
969.071	2642.56
969.243	2400.9
969.415	1972.88
969.587	2101.9
969.759	2796.16
969.932	2280.07
970.104	1948.3
970.276	1577.62
970.448	2140.81
970.62	2212.49
970.792	2087.56
970.964	2062.99
971.136	2804.35
971.308	2341.51
971.48	1737.36
971.652	1825.42
971.824	2572.93
971.996	2235.02
972.168	1897.1
972.339	1938.06
972.511	2153.1
972.683	2249.35
972.855	2036.36
973.027	1749.65
973.199	2507.4
973.37	2509.44
973.542	1952.4
973.714	2077.32
973.886	2001.55
974.057	2355.85
974.229	1850
974.401	1829.52
974.572	2054.8
974.744	1993.36
974.915	1755.79
975.087	1761.94
975.259	2589.32
975.43	1976.97
975.602	1704.59
975.773	1661.59
975.945	2177.67
976.116	2392.71
976.288	1665.68
976.459	2071.18
976.63	1962.64
976.802	2122.38
976.973	1637.01
977.145	1997.45
977.316	2722.43
977.487	2837.12
977.659	1929.87
977.83	1839.76
978.001	2572.93
978.172	2232.97
978.344	1598.1
978.515	1677.97
978.686	2091.66
978.857	2538.12
979.028	1745.55
979.2	1587.86
979.371	2327.18
979.542	2067.08
979.713	1743.5
979.884	1315.48
980.055	1919.63
980.226	2118.28
980.397	1604.24
980.568	1624.72
980.739	2300.55
980.91	1991.31
981.081	1905.29
981.252	1735.31
981.423	1927.82
981.594	2124.43
981.765	1583.76
981.936	1706.64
982.106	1936.01
982.277	2222.73
982.448	1378.97
982.619	1833.61
982.79	1723.02
982.96	2079.37
983.131	1809.04
983.302	1264.28
983.472	1763.98
983.643	1997.45
983.814	1538.71
983.984	1485.46
984.155	1921.68
984.326	2042.51
984.496	1577.62
984.667	1518.23
984.837	1561.23
985.008	2355.85
985.178	1983.12
985.349	1616.53
985.519	1811.09
985.69	1641.11
985.86	1448.6
986.031	1290.9
986.201	1944.2
986.371	1829.52
986.542	1295
986.712	1202.84
986.882	1929.87
987.053	1763.98
987.223	1387.16
987.393	1716.88
987.563	1577.62
987.734	1897.1
987.904	2054.8
988.074	1344.15
988.244	1718.93
988.414	1725.07
988.585	1237.66
988.755	1534.61
988.925	1772.18
989.095	2269.83
989.265	1122.97
989.435	1487.51
989.605	1989.26
989.775	1985.16
989.945	1725.07
990.115	1075.87
990.285	1632.91
990.455	1716.88
990.625	1381.01
990.795	1125.02
990.965	2009.74
991.134	1682.06
991.304	1243.8
991.474	1301.14
991.644	1800.85
991.814	1989.26
991.984	1006.24
992.153	1329.81
992.323	1518.23
992.493	1829.52
992.662	1059.48
992.832	1346.2
993.002	1575.57
993.171	1864.33
993.341	955.04
993.511	1247.9
993.68	1579.67
993.85	1768.08
994.019	1014.43
994.189	998.04
994.358	1657.49
994.528	1634.96
994.697	791.2
994.867	1092.25
995.036	1780.37
995.206	1483.41
995.375	1096.35
995.544	1331.86
995.714	1985.16
995.883	1567.38
996.052	1444.5
996.222	715.42
996.391	1981.07
996.56	1688.21
996.73	991.9
996.899	842.4
997.068	1868.43
997.237	1610.39
997.406	1012.38
997.576	838.3
997.745	1870.48
997.914	1374.87
998.083	778.91
998.252	1010.33
998.421	1532.56
998.59	1313.43
998.759	1098.39
998.928	686.75
999.097	1774.22
999.266	1649.3
999.435	1215.13
999.604	740
999.773	1831.57
999.942	1485.46
1000.111	594.59
1000.28	608.93
1000.448	1272.47
1000.617	1223.32
1000.786	1288.85
1000.955	666.27
1001.124	1686.16
1001.292	2048.65
1001.461	895.64
1001.63	844.45
1001.798	1591.95
1001.967	1450.64
1002.136	723.62
1002.304	809.63
1002.473	1671.83
1002.642	1319.57
1002.81	889.5
1002.979	850.59
1003.147	1550.99
1003.316	1585.81
1003.484	748.19
1003.653	891.55
1003.821	1372.82
1003.99	1215.13
1004.158	1116.83
1004.327	899.74
1004.495	1338.01
1004.663	1288.85
1004.832	1118.87
1005	563.87
1005.168	1333.91
1005.337	1190.55
1005.505	479.91
1005.673	1086.11
1005.842	1548.95
1006.01	1182.36
1006.178	606.88
1006.346	703.14
1006.514	1176.22
1006.683	1688.21
1006.851	686.75
1007.019	907.93
1007.187	1063.58
1007.355	717.47
1007.523	455.33
1007.691	438.95
1007.859	916.12
1008.027	1641.11
1008.195	606.88
1008.363	463.52
1008.531	1145.5
1008.699	1297.05
1008.867	385.7
1009.035	692.9
1009.203	1620.63
1009.37	1120.92
1009.538	527.01
1009.706	1452.69
1009.874	1088.15
1010.042	1118.87
1010.209	449.19
1010.377	402.08
1010.545	1206.94
1010.713	1137.31
1010.88	436.9
1011.048	615.07
1011.216	1116.83
1011.383	1405.59
1011.551	576.16
1011.718	463.52
1011.886	1147.55
1012.054	1159.83
1012.221	336.55
1012.389	510.63
1012.556	1077.91
1012.724	1428.12
1012.891	653.98
1013.058	170.66
1013.226	1200.79
1013.393	1176.22
1013.561	293.54
1013.728	156.33
1013.895	1348.25
1014.063	1096.35
1014.23	223.91
1014.397	406.18
1014.565	1241.75
1014.732	912.03
1014.899	250.53
1015.066	309.93
1015.233	1241.75
1015.401	1143.45
1015.568	467.62
1015.735	656.03
1015.902	1245.85
1016.069	1225.37
1016.236	496.29
1016.403	248.49
1016.57	768.67
1016.737	1479.32
1016.904	387.75
1017.071	240.29
1017.238	690.85
1017.405	930.46
1017.572	375.46
1017.739	832.16
1017.906	1383.06
1018.073	1301.14
1018.24	166.57
1018.407	570.02
1018.573	1116.83
1018.74	1022.62
1018.907	461.48
1019.074	72.36
1019.241	1022.62
1019.407	866.97
1019.574	205.48
1019.741	203.43
1019.907	1323.67
1020.074	1323.67
1020.241	-52.56
1020.407	117.42
1020.574	746.14
1020.74	920.22
1020.907	217.77
1021.073	193.19
1021.24	1553.04
1021.406	864.93
1021.573	41.64
1021.739	154.28
1021.906	1180.31
1022.072	942.75
1022.239	283.3
1022.405	371.36
1022.571	909.98
1022.738	768.67
1022.904	230.06
1023.07	453.28
1023.237	852.64
1023.403	1012.38
1023.569	350.89
1023.735	322.21
1023.902	1012.38
1024.068	864.93
1024.234	12.97
1024.4	146.09
1024.566	789.15
1024.732	854.69
1024.898	213.67
1025.065	-19.8
1025.231	764.57
1025.397	682.66
1025.563	256.68
1025.729	125.61
1025.895	412.32
1026.061	600.74
1026.227	-52.56
1026.392	279.21
1026.558	842.4
1026.724	1018.52
1026.89	105.13
1027.056	432.8
1027.222	746.14
1027.388	725.66
1027.553	135.85
1027.719	144.04
1027.885	1206.94
1028.051	672.42
1028.216	-13.65
1028.382	176.81
1028.548	783.01
1028.713	719.52
1028.879	-58.71
1029.045	367.27
1029.21	1012.38
1029.376	897.69
1029.541	207.53
1029.707	135.85
1029.873	922.27
1030.038	907.93
1030.204	88.75
1030.369	133.8
1030.534	795.29
1030.7	496.29
1030.865	289.45
1031.031	76.46
1031.196	789.15
1031.361	686.75
1031.527	51.88
1031.692	70.31
1031.857	453.28
1032.023	830.11
1032.188	17.07
1032.353	207.53
1032.518	907.93
1032.684	629.41
1032.849	-132.44
1033.014	252.58
1033.179	617.12
1033.344	836.25
1033.509	154.28
1033.674	127.66
1033.839	740
1034.004	735.9
1034.17	105.13
1034.335	-48.47
1034.5	658.08
1034.664	510.63
1034.829	72.36
1034.994	207.53
1035.159	373.41
1035.324	862.88
1035.489	160.42
1035.654	-9.56
1035.819	1342.1
1035.984	598.69
1036.148	160.42
1036.313	115.37
1036.478	772.77
1036.643	617.12
1036.807	62.12
1036.972	-71
1037.137	1264.28
1037.301	588.45
1037.466	-271.7
1037.631	191.14
1037.795	748.19
1037.96	508.58
1038.124	318.12
1038.289	-62.8
1038.454	598.69
1038.618	836.25
1038.783	166.57
1038.947	121.51
1039.111	520.87
1039.276	574.11
1039.44	-50.52
1039.605	760.48
1039.769	463.52
1039.933	475.81
1040.098	129.7
1040.262	420.52
1040.426	678.56
1040.591	643.74
1040.755	-38.23
1040.919	27.31
1041.083	930.46
1041.248	567.97
1041.412	-150.87
1041.576	-79.19
1041.74	486.05
1041.904	653.98
1042.068	-107.86
1042.232	113.32
1042.397	1125.02
1042.561	690.85
1042.725	-267.6
1042.889	55.98
1043.053	559.78
1043.217	494.24
1043.381	-36.18
1043.544	-175.44
1043.708	696.99
1043.872	412.32
1044.036	-234.83
1044.2	-214.35
1044.364	848.54
1044.528	809.63
1044.691	5290.59
1044.855	-152.92
1045.019	688.8
1045.183	674.46
1045.346	17.07
1045.51	-193.87
1045.674	723.62
1045.837	608.93
1046.001	-58.71
1046.165	-38.23
1046.328	1112.73
1046.492	402.08
1046.655	244.39
1046.819	35.5
1046.983	512.67
1047.146	348.84
1047.31	80.55
1047.473	-304.46
1047.636	420.52
1047.8	334.5
1047.963	129.7
1048.127	-154.96
1048.29	240.29
