345.52	-1289.88
345.736	-1289.88
345.952	-1289.88
346.168	-1371.8
346.384	-1341.08
346.6	-183.98
346.816	-237.22
347.032	-253.61
347.248	504.14
347.464	-317.09
347.68	-198.31
347.896	-71.34
348.112	315.73
348.328	-61.1
348.544	45.4
348.76	209.23
348.975	248.15
349.191	-382.63
349.407	-482.98
349.623	213.33
349.839	63.83
350.055	-229.03
350.27	12.63
350.486	104.79
350.702	153.94
350.918	418.13
351.133	-169.64
351.349	147.8
351.565	469.33
351.781	-323.24
351.996	18.77
352.212	178.51
352.428	119.12
352.644	-306.85
352.859	-347.81
353.075	248.15
353.291	67.92
353.506	-165.54
353.722	-339.62
353.938	-44.71
354.153	549.2
354.369	250.19
354.584	-329.38
354.8	153.94
355.016	-177.83
355.231	-407.2
355.447	-97.96
355.662	371.02
355.878	741.71
356.093	-556.71
356.309	-93.87
356.524	-102.06
356.74	440.65
356.955	-403.11
357.171	-114.34
357.386	223.57
357.602	-114.34
357.817	-149.16
358.033	-278.18
358.248	323.92
358.464	305.49
358.679	-253.61
358.895	-378.53
359.11	104.79
359.325	123.22
359.541	475.47
359.756	-100.01
359.972	-143.02
360.187	498
360.402	-343.72
360.618	-198.31
360.833	1524.03
361.048	115.03
361.264	-243.37
361.479	-147.11
361.694	188.75
361.909	151.89
362.125	-257.7
362.34	-220.84
362.555	321.87
362.77	233.81
362.986	-423.59
363.201	-188.07
363.416	248.15
363.631	20.82
363.847	-425.64
364.062	-321.19
364.277	227.67
364.492	-36.52
364.707	-257.7
364.922	-466.6
365.138	196.95
365.353	411.98
365.568	-421.54
365.783	-192.17
365.998	362.83
366.213	524.62
366.428	-310.95
366.643	106.84
366.858	270.67
367.073	295.25
367.288	-237.22
367.503	-304.81
367.718	90.45
367.933	442.7
368.148	-374.44
368.363	-57
368.578	192.85
368.793	518.48
369.008	-288.42
369.223	-370.34
369.438	272.72
369.653	229.71
369.868	-495.27
370.083	-331.43
370.298	215.38
370.513	516.43
370.728	110.93
370.943	-243.37
371.157	49.49
371.372	631.12
371.587	-429.73
371.802	-382.63
372.017	76.12
372.232	444.75
372.446	-93.87
372.661	-394.92
372.876	143.7
373.091	233.81
373.306	-261.8
373.52	-452.26
373.735	45.4
373.95	524.62
374.165	-249.51
374.379	-233.13
374.594	31.06
374.809	454.99
375.023	47.44
375.238	-319.14
375.453	258.39
375.667	-24.23
375.882	-317.09
376.097	-294.57
376.311	12.63
376.526	295.25
376.741	-437.92
376.955	164.18
377.17	471.37
377.384	919.88
377.599	-57
377.813	-544.42
378.028	878.92
378.242	325.97
378.457	-149.16
378.672	-396.96
378.886	90.45
379.101	112.98
379.315	-523.94
379.53	-257.7
379.744	420.17
379.958	321.87
380.173	-231.08
380.387	-356.01
380.602	266.58
380.816	-32.43
381.031	-245.41
381.245	-294.57
381.459	330.06
381.674	3244.32
381.888	-489.12
382.103	198.99
382.317	24.92
382.531	364.88
382.746	-130.73
382.96	-237.22
383.174	57.68
383.388	686.41
383.603	20.82
383.817	-474.79
384.031	147.8
384.246	444.75
384.46	-71.34
384.674	797
384.888	4.44
385.103	295.25
385.317	-480.93
385.531	31.06
385.745	776.52
385.959	471.37
386.174	-331.43
386.388	-345.77
386.602	145.75
386.816	43.35
387.03	-198.31
387.244	-126.63
387.458	221.52
387.672	368.98
387.887	-442.02
388.101	-304.81
388.315	362.83
388.529	131.41
388.743	-284.33
388.957	-331.43
389.171	436.56
389.385	61.78
389.599	-306.85
389.813	10.58
390.027	182.61
390.241	682.31
390.455	-253.61
390.669	-81.58
390.883	80.21
391.097	620.88
391.311	131.41
391.525	-276.13
391.738	553.29
391.952	401.74
392.166	-50.86
392.38	-405.16
392.594	416.08
392.808	362.83
393.022	-157.35
393.236	-157.35
393.449	219.47
393.663	495.95
393.877	-351.91
394.091	-110.25
394.305	149.84
394.518	125.27
394.732	-421.54
394.946	-202.41
395.16	694.6
395.373	176.47
395.587	-331.43
395.801	-315.05
396.015	348.5
396.228	289.1
396.442	-319.14
396.656	-497.32
396.869	278.87
397.083	655.69
397.297	-128.68
397.51	-210.6
397.724	244.05
397.938	248.15
398.151	-423.59
398.365	-472.74
398.578	401.74
398.792	520.53
399.005	176.47
399.219	-290.47
399.433	276.82
399.646	401.74
399.86	100.69
400.073	125.27
400.287	223.57
400.5	371.02
400.714	35.16
400.927	-169.64
401.141	475.47
401.354	1806.65
401.567	465.23
401.781	-390.82
401.994	225.62
402.208	596.3
402.421	-83.63
402.635	-194.22
402.848	-54.95
403.061	371.02
403.275	-126.63
403.488	-284.33
403.701	495.95
403.915	565.58
404.128	31.06
404.341	-202.41
404.555	643.4
404.768	43.35
404.981	37.2
405.195	-204.46
405.408	389.46
405.621	371.02
405.834	121.17
406.048	-419.49
406.261	397.65
406.474	457.04
406.687	-321.19
406.9	-42.67
407.114	303.44
407.327	495.95
407.54	-370.34
407.753	-353.96
407.966	-24.23
408.179	303.44
408.392	-276.13
408.605	-415.4
408.819	368.98
409.032	444.75
409.245	-136.87
409.458	37.2
409.671	215.38
409.884	459.09
410.097	-376.48
410.31	49.49
410.523	569.68
410.736	217.43
410.949	-65.19
411.162	-200.36
411.375	418.13
411.588	334.16
411.801	22.87
412.014	-233.13
412.227	86.36
412.44	264.53
412.653	-200.36
412.865	127.32
413.078	461.13
413.291	391.5
413.504	-40.62
413.717	-286.37
413.93	518.48
414.143	-67.24
414.356	-65.19
414.568	-343.72
414.781	321.87
414.994	364.88
415.207	-20.14
415.42	-36.52
415.632	280.91
415.845	782.67
416.058	-145.06
416.271	-364.2
416.483	381.26
416.696	592.2
416.909	-269.99
417.121	-255.65
417.334	209.23
417.547	549.2
417.759	-294.57
417.972	-231.08
418.185	110.93
418.397	278.87
418.61	-181.93
418.823	-255.65
419.035	545.1
419.248	407.89
419.46	-188.07
419.673	-46.76
419.885	164.18
420.098	332.11
420.311	-192.17
420.523	-417.44
420.736	438.61
420.948	321.87
421.161	-155.3
421.373	-382.63
421.586	82.26
421.798	2.39
422.01	-407.2
422.223	72.02
422.435	-18.09
422.648	489.81
422.86	-247.46
423.073	-102.06
423.285	319.82
423.497	18.77
423.71	-349.86
423.922	-155.3
424.134	512.33
424.347	713.03
424.559	78.16
424.771	217.43
424.984	317.78
425.196	321.87
425.408	-302.76
425.621	-224.94
425.833	483.66
426.045	706.89
426.257	-390.82
426.47	-26.28
426.682	207.19
426.894	293.2
427.106	-224.94
427.318	6.49
427.531	221.52
427.743	311.63
427.955	-36.52
428.167	627.02
428.379	133.46
428.591	180.56
428.804	29.01
429.016	-167.59
429.228	385.36
429.44	450.89
429.652	13533.32
429.864	-310.95
430.076	225.62
430.288	280.91
430.5	12.63
430.712	-13.99
430.924	362.83
431.136	526.67
431.348	-196.26
431.56	-126.63
431.772	172.37
431.984	172.37
432.196	-253.61
432.408	-155.3
432.62	217.43
432.832	452.94
433.044	207.19
433.256	39.25
433.468	385.36
433.679	20.82
433.891	-349.86
434.103	211.28
434.315	688.46
434.527	409.94
434.739	16.73
434.95	-122.54
435.162	352.59
435.374	-30.38
435.586	24.92
435.798	-204.46
436.009	125.27
436.221	178.51
436.433	-69.29
436.645	-173.74
436.856	162.13
437.068	704.84
437.28	-190.12
437.491	233.81
437.703	545.1
437.915	436.56
438.126	-61.1
438.338	354.64
438.55	252.24
438.761	258.39
438.973	-128.68
439.184	-13.99
439.396	207.19
439.608	344.4
439.819	-194.22
440.031	-40.62
440.242	573.77
440.454	557.39
440.665	8.53
440.877	139.6
441.088	592.2
441.3	409.94
441.511	-349.86
441.723	-91.82
441.934	745.8
442.146	479.57
442.357	55.64
442.569	469.33
442.78	604.49
442.991	1028.42
443.203	424.27
443.414	-122.54
443.626	778.57
443.837	377.17
444.048	-151.21
444.26	-206.5
444.471	461.13
444.682	459.09
444.894	-190.12
445.105	-163.5
445.316	663.88
445.528	536.91
445.739	20.82
445.95	125.27
446.161	356.69
446.373	524.62
446.584	8.53
446.795	-73.39
447.006	692.55
447.217	688.46
447.429	-218.79
447.64	-235.18
447.851	1311.04
448.062	645.45
448.273	-253.61
448.484	-59.05
448.695	553.29
448.907	604.49
449.118	74.07
449.329	444.75
449.54	242
449.751	405.84
449.962	-44.71
450.173	-149.16
450.384	487.76
450.595	729.42
450.806	-71.34
451.017	26.96
451.228	756.04
451.439	635.21
451.65	135.51
451.861	-339.62
452.072	393.55
452.283	520.53
452.494	252.24
452.705	-65.19
452.915	1044.81
453.126	512.33
453.337	254.29
453.548	-93.87
453.759	876.87
453.97	856.39
454.181	569.68
454.391	-63.15
454.602	559.44
454.813	936.26
455.024	43.35
455.235	2.39
455.445	825.67
455.656	495.95
455.867	371.02
456.078	74.07
456.288	393.55
456.499	758.09
456.71	-69.29
456.921	315.73
457.131	561.48
457.342	483.66
457.553	143.7
457.763	139.6
457.974	481.61
458.184	584.01
458.395	-106.15
458.606	-106.15
458.816	936.26
459.027	860.49
459.237	360.78
459.448	-85.67
459.659	713.03
459.869	1517.89
460.08	-196.26
460.29	239.95
460.501	872.78
460.711	522.57
460.922	-102.06
461.132	72.02
461.343	1364.29
461.553	385.36
461.764	-30.38
461.974	67.92
462.184	747.85
462.395	844.1
462.605	100.69
462.816	-159.4
463.026	772.43
463.236	694.6
463.447	-34.47
463.657	80.21
463.867	864.58
464.078	592.2
464.288	88.4
464.498	268.63
464.709	684.36
464.919	774.47
465.129	223.57
465.339	69.97
465.55	641.36
465.76	821.58
465.97	221.52
466.18	160.08
466.391	973.13
466.601	717.13
466.811	303.44
467.021	-22.19
467.231	954.69
467.441	983.37
467.651	186.71
467.862	-183.98
468.072	676.17
468.282	704.84
468.492	102.74
468.702	282.96
468.912	723.27
469.122	1485.12
469.332	639.31
469.542	166.23
469.752	1106.24
469.962	747.85
470.172	166.23
470.382	139.6
470.592	1216.83
470.802	864.58
471.012	434.51
471.222	143.7
471.432	858.44
471.642	868.68
471.852	581.96
472.062	237.91
472.272	876.87
472.482	721.23
472.691	260.43
472.901	274.77
473.111	627.02
473.321	1356.1
473.531	285.01
473.741	629.07
473.95	1020.23
474.16	926.02
474.37	524.62
474.58	180.56
474.79	1397.06
474.999	1007.94
475.209	371.02
475.419	500.05
475.628	1098.05
475.838	1360.19
476.048	706.89
476.258	246.1
476.467	1163.59
476.677	870.73
476.886	829.77
477.096	581.96
477.306	973.13
477.515	1286.47
477.725	850.25
477.935	641.36
478.144	1526.08
478.354	1055.05
478.563	680.27
478.773	336.21
478.982	1315.14
479.192	1210.69
479.401	706.89
479.611	606.54
479.82	917.83
480.03	1198.4
480.239	463.18
480.449	526.67
480.658	1444.16
480.868	1179.97
481.077	868.68
481.287	620.88
481.496	1106.24
481.705	1513.79
481.915	1143.11
482.124	1036.61
482.333	1286.47
482.543	1575.23
482.752	1044.81
482.961	721.23
483.171	1442.11
483.38	1165.64
483.589	848.2
483.799	803.15
484.008	1362.24
484.217	1278.27
484.426	872.78
484.636	731.47
484.845	1519.93
485.054	1108.29
485.263	1407.3
485.472	960.84
485.682	1657.15
485.891	1315.14
486.1	741.71
486.309	952.65
486.518	1782.07
486.727	2396.46
486.936	801.1
487.146	1321.28
487.355	1868.09
487.564	1397.06
487.773	901.45
487.982	971.08
488.191	1446.21
488.4	1825.08
488.609	991.56
488.818	1061.19
489.027	1853.75
489.236	1880.38
489.445	1110.34
489.654	936.26
489.863	1982.78
490.072	1499.45
490.281	1839.42
490.49	1290.56
490.698	1878.33
490.907	2289.97
491.116	1222.98
491.325	1057.09
491.534	1999.16
491.743	1540.41
491.952	1245.51
492.16	1237.31
492.369	1925.43
492.578	2005.3
492.787	1300.8
492.996	1202.5
493.204	1610.04
493.413	2099.51
493.622	1020.23
493.831	1005.89
494.039	2152.76
494.248	1610.04
494.457	1341.76
494.665	962.89
494.874	2036.02
495.083	2455.86
495.291	1235.27
495.5	1179.97
495.709	2101.56
495.917	1759.55
496.126	1448.26
496.335	1141.06
496.543	1882.42
496.752	1923.38
496.96	1700.16
497.169	1124.68
497.377	1876.28
497.586	2007.35
497.794	1630.52
498.003	1130.82
498.211	2011.45
498.42	2095.41
498.628	1567.04
498.837	1360.19
499.045	2023.73
499.254	1990.97
499.462	1474.88
499.671	1229.12
499.879	2885.93
500.087	2062.65
500.296	1229.12
500.504	1499.45
500.713	1984.82
500.921	2525.49
501.129	1411.39
501.338	1339.71
501.546	2085.17
501.754	2091.32
501.962	1587.52
502.171	1364.29
502.379	2150.71
502.587	2214.2
502.795	1659.2
503.004	1614.14
503.212	2312.5
503.42	2421.04
503.628	1708.35
503.837	1679.68
504.045	2322.74
504.253	2720.04
504.461	1452.35
504.669	1319.23
504.877	2658.6
505.085	2304.31
505.294	1456.45
505.502	1958.2
505.71	2654.51
505.918	2068.79
506.126	1542.46
506.334	1544.51
506.542	2218.29
506.75	2261.3
506.958	1982.78
507.166	1775.93
507.374	2009.4
507.582	2572.59
507.79	1837.37
507.998	1583.42
508.206	2572.59
508.414	2552.11
508.622	1710.4
508.83	1732.92
509.037	2304.31
509.245	1937.72
509.453	1657.15
509.661	1515.84
509.869	2476.34
510.077	2152.76
510.285	2027.83
510.492	1435.97
510.7	2916.65
510.908	2216.24
511.116	1839.42
511.324	1636.67
511.531	2240.82
511.739	2662.7
511.947	2154.8
512.155	2296.11
512.362	2380.08
512.57	2109.75
512.778	1831.23
512.985	1534.27
513.193	2339.12
513.401	2693.42
513.608	1818.94
513.816	1794.36
514.024	2443.57
514.231	2492.72
514.439	1827.13
514.646	1904.95
514.854	2887.98
515.061	2523.44
515.269	1958.2
515.477	1990.97
515.684	2380.08
515.892	2634.03
516.099	1675.58
516.307	1798.46
516.514	2861.35
516.722	2976.04
516.929	2003.25
517.136	1837.37
517.344	2855.21
517.551	2695.47
517.759	1786.17
517.966	2117.94
518.173	2584.88
518.381	2527.53
518.588	2179.38
518.796	1898.81
519.003	2761
519.21	2730.28
519.418	1988.92
519.625	2535.73
519.832	2578.73
520.039	2648.36
520.247	1747.26
520.454	2173.24
520.661	2752.81
520.868	2812.2
521.076	2064.69
521.283	2142.52
521.49	3074.34
521.697	2789.67
521.904	2146.61
522.112	2169.14
522.319	3035.43
522.526	2771.24
522.733	1978.68
522.94	2029.88
523.147	2765.1
523.354	2640.17
523.561	1902.9
523.768	2523.44
523.975	3041.57
524.183	2783.53
524.39	2533.68
524.597	1943.86
524.804	2738.48
525.011	2613.55
525.218	2224.44
525.425	2152.76
525.632	3238.18
525.838	2648.36
526.045	2109.75
526.252	2349.36
526.459	4487.44
526.666	4516.11
526.873	2347.31
527.08	2140.47
527.287	3158.31
527.494	3019.05
527.701	2195.76
527.907	2193.72
528.114	2930.98
528.321	2885.93
528.528	2261.3
528.735	2259.25
528.941	2746.67
529.148	2769.2
529.355	2433.33
529.562	2457.9
529.768	3531.04
529.975	2797.87
530.182	2445.62
530.388	2302.26
530.595	3129.64
530.802	2513.2
531.008	2693.42
531.215	2410.8
531.422	3797.28
531.628	3756.32
531.835	2443.57
532.042	2505.01
532.248	3148.07
532.455	3094.82
532.661	2380.08
532.868	2279.73
533.074	3148.07
533.281	3408.16
533.487	2375.99
533.694	2443.57
533.9	2998.57
534.107	2806.06
534.313	2560.3
534.52	2269.49
534.726	3141.93
534.933	3494.18
535.139	2386.22
535.345	2384.18
535.552	3555.62
535.758	3301.67
535.965	2631.98
536.171	2648.36
536.377	3336.48
536.584	3727.64
536.79	2498.86
536.996	2896.17
537.203	3434.78
537.409	3559.71
537.615	2697.52
537.821	2832.68
538.028	3926.3
538.234	3221.8
538.44	2840.87
538.646	2783.53
538.853	3201.32
539.059	3080.49
539.265	3342.63
539.471	2351.41
539.677	3408.16
539.883	3273
540.09	4452.63
540.296	3408.16
540.502	3305.76
540.708	3109.16
540.914	3322.15
541.12	2722.09
541.326	3459.36
541.532	3338.53
541.738	3051.81
541.944	2900.27
542.15	3543.33
542.356	3301.67
542.562	2750.76
542.768	2892.07
542.974	3703.07
543.18	3713.31
543.386	2982.18
543.592	2552.11
543.798	4174.1
544.004	3731.74
544.21	2797.87
544.415	3000.62
544.621	3653.92
544.827	4139.29
545.033	2740.52
545.239	3209.51
545.445	3227.94
545.651	3690.78
545.856	2840.87
546.062	2834.73
546.268	3457.31
546.474	3612.96
546.679	2887.98
546.885	3023.14
547.091	3459.36
547.297	3799.32
547.502	3066.15
547.708	2730.28
547.914	3348.77
548.119	3948.83
548.325	2836.78
548.531	2875.69
548.736	4118.81
548.942	3371.3
549.147	2793.77
549.353	3139.88
549.559	3854.62
549.764	3784.99
549.97	2781.48
550.175	2992.42
550.381	3799.32
550.586	3498.27
550.792	3166.5
550.997	2953.51
551.203	3944.73
551.408	3973.4
551.614	2943.27
551.819	2963.75
552.025	4145.43
552.23	3756.32
552.435	3006.76
552.641	3402.02
552.846	3551.52
553.052	4313.36
553.257	3377.44
553.462	3070.25
553.668	3678.49
553.873	3817.76
554.078	2998.57
554.283	3051.81
554.489	3873.05
554.694	3684.64
554.899	3035.43
555.105	3326.24
555.31	4028.7
555.515	3971.35
555.72	3299.62
555.925	4364.56
556.131	4067.61
556.336	3891.48
556.541	3182.88
556.746	2992.42
556.951	4145.43
557.156	3979.54
557.361	3201.32
557.567	3432.74
557.772	4120.85
557.977	4147.48
558.182	3223.84
558.387	3268.9
558.592	3709.21
558.797	4589.84
559.002	3320.1
559.207	3363.11
559.412	4219.16
559.617	4331.8
559.822	3103.01
560.027	3100.97
560.232	3754.27
560.437	4026.65
560.642	2908.46
560.847	3184.93
561.051	3895.58
561.256	4086.04
561.461	3422.5
561.666	3113.25
561.871	3727.64
562.076	4344.08
562.281	3383.59
562.485	3162.41
562.69	4022.55
562.895	4059.42
563.1	3424.55
563.305	3164.45
563.509	4217.11
563.714	4501.78
563.919	3277.09
564.123	3342.63
564.328	3854.62
564.533	4276.5
564.737	3518.75
564.942	3309.86
565.147	4161.81
565.351	4215.06
565.556	3485.98
565.761	3641.63
565.965	4284.69
566.17	3873.05
566.374	3449.12
566.579	3330.34
566.784	4221.2
566.988	3901.72
567.193	3227.94
567.397	3649.82
567.602	3885.34
567.806	4157.72
568.011	3582.24
568.215	3639.58
568.42	4083.99
568.624	4174.1
568.828	3479.84
569.033	3762.46
569.237	4337.94
569.442	4415.76
569.646	3309.86
569.85	3502.37
570.055	4176.15
570.259	4096.28
570.463	3944.73
570.668	3512.61
570.872	4014.36
571.076	4088.09
571.281	3692.83
571.485	3623.2
571.689	4165.91
571.893	4456.72
572.098	3842.33
572.302	3414.31
572.506	4231.44
572.71	4276.5
572.914	3492.13
573.119	3285.28
573.323	4292.88
573.527	4417.81
573.731	3723.55
573.935	3506.46
574.139	4333.84
574.343	4180.25
574.547	3635.49
574.751	3649.82
574.955	4258.07
575.159	4475.15
575.364	3633.44
575.568	3580.19
575.772	4323.6
575.976	4421.91
576.18	3631.39
576.383	3600.67
576.587	4708.62
576.791	4421.91
576.995	3342.63
577.199	3563.81
577.403	4165.91
577.607	4270.36
577.811	3631.39
578.015	3948.83
578.219	4419.86
578.422	4401.43
578.626	3864.86
578.83	4157.72
579.034	4894.99
579.238	4524.3
579.442	3698.97
579.645	4469.01
579.849	4391.19
580.053	4772.11
580.257	3825.95
580.46	4096.28
580.664	4573.46
580.868	4548.88
581.071	4219.16
581.275	4079.9
581.479	4196.63
581.682	4677.9
581.886	3766.56
582.09	4151.57
582.293	4548.88
582.497	4632.85
582.7	4184.34
582.904	3934.49
583.107	4514.06
583.311	4426
583.515	3895.58
583.718	4065.56
583.922	4708.62
584.125	5359.88
584.329	3766.56
584.532	4213.01
584.735	4876.55
584.939	4655.37
585.142	3762.46
585.346	3682.59
585.549	4604.18
585.753	4610.32
585.956	4016.41
586.159	4241.68
586.363	4759.82
586.566	4659.47
586.769	3852.57
586.973	3842.33
587.176	4831.5
587.379	4671.76
587.582	4329.75
587.786	4317.46
587.989	4798.73
588.192	5677.31
588.395	4202.77
588.599	4645.13
588.802	4606.22
589.005	4782.35
589.208	4151.57
589.411	4049.18
589.615	4821.26
589.818	4940.04
590.021	4454.67
590.224	4344.08
590.427	5177.61
590.63	4772.11
590.833	3977.5
591.036	3926.3
591.239	4569.36
591.442	4684.05
591.645	4471.06
591.848	4057.37
592.051	4722.96
592.254	4800.78
592.457	4419.86
592.66	4393.23
592.863	4786.44
593.066	5204.23
593.269	4227.35
593.472	4321.56
593.675	4794.64
593.878	4808.97
594.081	4331.8
594.284	4002.07
594.486	4768.01
594.689	4882.7
594.892	4423.95
595.095	4505.87
595.298	5026.06
595.5	4694.29
595.703	4374.8
595.906	4491.54
596.109	4923.66
596.311	5003.53
596.514	4022.55
596.717	4366.61
596.92	5237
597.122	5243.14
597.325	4083.99
597.528	4272.4
597.73	5406.98
597.933	5200.13
598.136	4401.43
598.338	4057.37
598.541	5505.28
598.743	5230.85
598.946	4469.01
599.148	4391.19
599.351	5218.57
599.554	5071.11
599.756	4407.57
599.959	4458.77
600.161	5228.81
600.363	5579.01
600.566	4739.34
600.768	4260.12
600.971	5296.39
601.173	5089.54
601.376	4536.59
601.578	4575.5
601.78	5116.17
601.983	5720.32
602.185	4520.21
602.388	4897.03
602.59	5091.59
602.792	5210.37
602.995	4702.48
603.197	4509.97
603.399	5198.09
603.601	5566.72
603.804	4606.22
604.006	4745.48
604.208	4860.17
604.41	4800.78
604.613	4708.62
604.815	4489.49
605.017	5452.03
605.219	4882.7
605.421	5366.02
605.623	4380.95
605.826	5583.1
606.028	5783.81
606.23	4679.95
606.432	4456.72
606.634	5421.31
606.836	5456.13
607.038	4610.32
607.24	4835.6
607.442	5325.06
607.644	5253.38
607.846	4694.29
608.048	4573.46
608.25	5564.67
608.452	4956.43
608.654	4679.95
608.856	4389.14
609.058	5079.3
609.26	5449.99
609.462	4696.33
609.664	4741.39
609.866	5482.75
610.067	5212.42
610.269	4833.55
610.471	4593.94
610.673	5112.07
610.875	5472.51
611.077	4378.9
611.278	4817.16
611.48	5220.61
611.682	5599.49
611.884	4729.1
612.085	4747.53
612.287	5189.89
612.489	5003.53
612.69	4487.44
612.892	4710.67
613.094	5581.06
613.295	5255.43
613.497	4534.54
613.699	4774.16
613.9	5583.1
614.102	5343.49
614.304	4743.44
614.505	4610.32
614.707	5122.31
614.908	5337.35
615.11	4516.11
615.311	4811.02
615.513	5212.42
615.714	5331.2
615.916	4624.65
616.117	5136.65
616.319	5286.15
616.52	5363.97
616.722	4626.7
616.923	4776.2
617.124	5558.53
617.326	5382.4
617.527	4890.89
617.729	5187.85
617.93	5298.44
618.131	5484.8
618.333	4655.37
618.534	4763.92
618.735	5292.29
618.937	5544.19
619.138	4794.64
619.339	4561.17
619.54	5474.56
619.742	5153.03
619.943	4933.9
620.144	4686.09
620.345	5634.3
620.546	5361.92
620.748	4753.68
620.949	4970.76
621.15	5411.07
621.351	5333.25
621.552	4669.71
621.753	4612.37
621.954	5181.7
622.155	5724.41
622.356	4595.98
622.558	5099.78
622.759	5523.71
622.96	5869.82
623.161	4940.04
623.362	4770.06
623.563	5366.02
623.764	5380.36
623.965	4827.4
624.166	5105.93
624.366	5282.05
624.567	5454.08
624.768	4620.56
624.969	4694.29
625.17	5220.61
625.371	5353.73
625.572	5005.58
625.773	4739.34
625.973	5527.81
626.174	5763.33
626.375	5001.48
626.576	4917.51
626.777	5601.54
626.977	5908.73
627.178	5138.69
627.379	5120.26
627.58	5443.84
627.78	5329.16
627.981	4813.07
628.182	5073.16
628.382	5449.99
628.583	5128.46
628.784	4673.81
628.984	5099.78
629.185	5429.51
629.386	5800.19
629.586	5019.91
629.787	4608.27
629.987	5394.69
630.188	5703.93
630.388	4981
630.589	5318.92
630.79	5968.12
630.99	5323.01
631.191	4958.47
631.391	5044.49
631.591	5558.53
631.792	5538.05
631.992	5372.16
632.193	5052.68
632.393	5742.85
632.594	5417.22
632.794	4915.47
632.994	5085.45
633.195	5409.03
633.395	5361.92
633.595	4940.04
633.796	5169.41
633.996	5570.82
634.196	5775.61
634.397	4593.94
634.597	4964.62
634.797	5177.61
634.997	5880.06
635.198	5241.09
635.398	4981
635.598	5566.72
635.798	5456.13
635.998	5368.07
636.199	4870.41
636.399	5341.44
636.599	5105.93
636.799	4878.6
636.999	5329.16
637.199	5570.82
637.399	5945.59
637.599	4931.85
637.799	5406.98
637.999	5359.88
638.199	5759.23
638.399	5026.06
638.599	4931.85
638.799	5748.99
638.999	6000.89
639.199	5329.16
639.399	5251.33
639.599	5634.3
639.799	5513.47
639.999	4880.65
640.199	5073.16
640.399	5562.62
640.599	5986.55
640.799	5017.86
640.998	5294.34
641.198	5488.9
641.398	5685.5
641.598	5214.47
641.798	5193.99
641.997	6725.87
642.197	5449.99
642.397	5495.04
642.597	5187.85
642.796	5689.6
642.996	5710.08
643.196	5366.02
643.395	4907.27
643.595	5617.92
643.795	5214.47
643.994	5175.56
644.194	5220.61
644.394	5888.25
644.593	6037.75
644.793	4964.62
644.992	5341.44
645.192	5884.16
645.392	5449.99
645.591	5521.67
645.791	5112.07
645.99	5878.01
646.19	5380.36
646.389	5083.4
646.589	5171.46
646.788	5640.45
646.987	5720.32
647.187	5609.73
647.386	5554.43
647.586	5744.89
647.785	6082.81
647.984	5112.07
648.184	5536
648.383	5533.95
648.582	5325.06
648.782	5114.12
648.981	5484.8
649.18	5581.06
649.38	5511.43
649.579	5273.86
649.778	5089.54
649.977	6037.75
650.177	5857.53
650.376	5167.37
650.575	5120.26
650.774	5906.68
650.973	5523.71
651.173	4972.81
651.372	5513.47
651.571	5605.63
651.77	5974.27
651.969	5384.45
652.168	5476.61
652.367	5652.74
652.566	5779.71
652.765	5400.83
652.964	5820.67
653.163	5921.02
653.362	5654.78
653.561	5300.48
653.76	5284.1
653.959	5542.14
654.158	6023.42
654.357	5595.39
654.556	5185.8
654.755	5968.12
654.954	5824.76
655.153	5394.69
655.352	5583.1
655.551	5828.86
655.749	5812.48
655.948	5505.28
656.147	5576.96
656.346	5667.07
656.545	5882.11
656.743	5452.03
656.942	5415.17
657.141	5710.08
657.34	5622.02
657.538	5386.5
657.737	5259.53
657.936	5914.88
658.135	5783.81
658.333	5503.23
658.532	5703.93
658.731	6312.18
658.929	5923.07
659.128	5769.47
659.326	5034.25
659.525	6086.9
659.724	5777.66
659.922	5230.85
660.121	5179.65
660.319	5796.09
660.518	5583.1
660.716	5437.7
660.915	5333.25
661.113	6093.05
661.312	5601.54
661.51	5523.71
661.709	5257.48
661.907	5939.45
662.105	6019.32
662.304	5234.95
662.502	5380.36
662.701	5935.35
662.899	5771.52
663.097	5935.35
663.296	5202.18
663.494	6095.1
663.692	6340.85
663.891	5308.68
664.089	5255.43
664.287	5955.83
664.485	6072.57
664.684	5296.39
664.882	5519.62
665.08	5818.62
665.278	5865.72
665.476	5431.55
665.675	5781.76
665.873	6211.83
666.071	6232.31
666.269	5415.17
666.467	5992.7
666.665	5988.6
666.863	5683.45
667.061	5595.39
667.259	5458.18
667.457	5652.74
667.655	5974.27
667.853	5093.64
668.051	5904.64
668.249	5603.58
668.447	6140.15
668.645	5302.53
668.843	5873.92
669.041	6115.58
669.239	5611.78
669.437	5495.04
669.635	5677.31
669.833	5853.44
670.031	5810.43
670.229	5654.78
670.426	5652.74
670.624	5851.39
670.822	5681.41
671.02	5298.44
671.218	5468.42
671.415	5705.98
671.613	5906.68
671.811	5748.99
672.009	5669.12
672.206	5988.6
672.404	5808.38
672.602	5742.85
672.799	5839.1
672.997	6004.99
673.195	5964.03
673.392	5646.59
673.59	5316.87
673.788	5945.59
673.985	5433.6
674.183	5718.27
674.38	5472.51
674.578	5966.07
674.775	5677.31
674.973	5366.02
675.17	5134.6
675.368	6234.36
675.565	5867.77
675.763	5460.23
675.96	5497.09
676.158	5990.65
676.355	6004.99
676.553	5261.57
676.75	5439.75
676.947	5689.6
677.145	5841.15
677.342	5503.23
677.539	5490.95
677.737	6222.07
677.934	6303.99
678.131	5560.58
678.329	5439.75
678.526	6578.42
678.723	5976.31
678.92	5550.34
679.118	5603.58
679.315	5601.54
679.512	6211.83
679.709	5505.28
679.906	5339.4
680.104	6138.1
680.301	5757.18
680.498	5048.58
680.695	5355.78
680.892	5728.51
681.089	5867.77
681.286	5581.06
681.483	5161.22
681.68	5798.14
681.877	5882.11
682.075	5486.85
682.272	5548.29
682.469	5798.14
682.665	5794.04
682.862	5277.96
683.059	5187.85
683.256	5624.06
683.453	5785.85
683.65	5484.8
683.847	5351.68
684.044	5865.72
684.241	5638.4
684.438	5536
684.635	4901.13
684.831	6009.08
685.028	6330.61
685.225	5245.19
685.422	5798.14
685.619	5769.47
685.815	5603.58
686.012	5462.27
686.209	5353.73
686.405	5495.04
686.602	5851.39
686.799	5040.39
686.996	5269.76
687.192	5626.11
687.389	6484.21
687.586	5241.09
687.782	5468.42
687.979	6265.08
688.175	5847.29
688.372	5114.12
688.568	5460.23
688.765	5511.43
688.962	5699.84
689.158	5466.37
689.355	5015.82
689.551	5720.32
689.748	5777.66
689.944	5425.41
690.14	5058.82
690.337	5540.1
690.533	5695.74
690.73	5593.34
690.926	5495.04
691.123	5505.28
691.319	5751.04
691.515	4989.19
691.712	5415.17
691.908	5593.34
692.104	5654.78
692.301	5376.26
692.497	5099.78
692.693	5875.96
692.889	5632.26
693.086	5449.99
693.282	5122.31
693.478	5712.13
693.674	6226.17
693.87	5335.3
694.067	5286.15
694.263	5722.37
694.459	5548.29
694.655	5505.28
694.851	5554.43
695.047	5792
695.243	5798.14
695.439	5503.23
695.635	5341.44
695.831	5806.33
696.027	5431.55
696.224	4907.27
696.42	5488.9
696.615	5921.02
696.811	5775.61
697.007	5005.58
697.203	5251.33
697.399	5777.66
697.595	5734.65
697.791	4966.67
697.987	5359.88
698.183	5357.83
698.379	5513.47
698.575	5173.51
698.77	5241.09
698.966	5697.79
699.162	5853.44
699.358	5216.52
699.554	5372.16
699.749	5837.05
699.945	5712.13
700.141	5380.36
700.337	5353.73
700.532	5484.8
700.728	5228.81
700.924	4917.51
701.119	4854.03
701.315	5632.26
701.511	5257.48
701.706	5468.42
701.902	5005.58
702.097	5687.55
702.293	5628.16
702.489	5140.74
702.684	5032.2
702.88	5763.33
703.075	5415.17
703.271	5030.15
703.466	5032.2
703.662	5447.94
703.857	5329.16
704.053	5081.35
704.248	5216.52
704.443	5947.64
704.639	5748.99
704.834	5439.75
705.03	5214.47
705.225	5681.41
705.42	5753.09
705.616	5357.83
705.811	5173.51
706.006	5462.27
706.202	5419.27
706.397	5284.1
706.592	4757.77
706.787	5658.88
706.983	5335.3
707.178	5560.58
707.373	5130.5
707.568	5660.93
707.763	5783.81
707.959	5050.63
708.154	5079.3
708.349	5468.42
708.544	5570.82
708.739	5433.6
708.934	5069.06
709.129	5746.94
709.324	5841.15
709.519	5040.39
709.714	4909.32
709.909	5691.65
710.104	5753.09
710.299	5013.77
710.494	5224.71
710.689	5652.74
710.884	5480.71
711.079	5210.37
711.274	5497.09
711.469	5742.85
711.664	5888.25
711.859	5189.89
712.054	5181.7
712.249	5792
712.443	5583.1
712.638	4909.32
712.833	4919.56
713.028	5480.71
713.223	5343.49
713.417	5460.23
713.612	4872.46
713.807	5681.41
714.002	6351.09
714.196	5484.8
714.391	4909.32
714.586	5615.87
714.78	5923.07
714.975	5062.92
715.17	5120.26
715.364	5523.71
715.559	5814.52
715.754	4694.29
715.948	4849.93
716.143	6103.29
716.337	5398.79
716.532	5394.69
716.726	5099.78
716.921	5650.69
717.115	5787.9
717.31	4808.97
717.504	6074.62
717.699	5427.46
717.893	5546.24
718.088	4833.55
718.282	4737.29
718.476	5179.65
718.671	5648.64
718.865	4858.12
719.059	4849.93
719.254	5107.98
719.448	5677.31
719.642	7614.69
719.837	4503.82
720.031	7012.59
720.225	5523.71
720.419	5046.54
720.614	4849.93
720.808	5214.47
721.002	5325.06
721.196	4821.26
721.39	4835.6
721.585	5386.5
721.779	5556.48
721.973	4940.04
722.167	4688.14
722.361	5187.85
722.555	5595.39
722.749	4845.84
722.943	4813.07
723.137	5017.86
723.331	5247.24
723.525	4860.17
723.719	4739.34
723.913	5359.88
724.107	5777.66
724.301	4669.71
724.495	5146.89
724.689	6029.56
724.883	5540.1
725.077	4835.6
725.271	4929.8
725.465	5540.1
725.659	5148.93
725.853	5046.54
726.046	4714.77
726.24	5136.65
726.434	5515.52
726.628	4886.79
726.822	4847.88
727.015	5406.98
727.209	5728.51
727.403	5081.35
727.596	4630.8
727.79	5214.47
727.984	5581.06
728.177	4755.72
728.371	4770.06
728.565	5370.12
728.758	5134.6
728.952	4792.59
729.146	4649.23
729.339	5355.78
729.533	5103.88
729.726	4770.06
729.92	4776.2
730.113	5234.95
730.307	5206.28
730.5	4819.21
730.694	4804.88
730.887	4987.15
731.081	5329.16
731.274	4530.45
731.468	4956.43
731.661	5210.37
731.854	5114.12
732.048	4518.16
732.241	4661.52
732.435	5292.29
732.628	5140.74
732.821	4858.12
733.014	4604.18
733.208	5079.3
733.401	5269.76
733.594	4909.32
733.788	4704.53
733.981	5425.41
734.174	5517.57
734.367	4858.12
734.56	4997.39
734.754	5611.78
734.947	5255.43
735.14	4690.19
735.333	4837.64
735.526	5642.5
735.719	5032.2
735.912	4577.55
736.105	4653.33
736.298	5320.96
736.491	5353.73
736.684	4765.96
736.877	4595.98
737.07	5388.55
737.263	5810.43
737.456	4632.85
737.649	4557.07
737.842	5329.16
738.035	5566.72
738.228	4950.28
738.421	5081.35
738.614	5376.26
738.807	5398.79
739	4540.69
739.192	4882.7
739.385	5302.53
739.578	5343.49
739.771	5193.99
739.964	4600.08
740.156	5380.36
740.349	5280
740.542	5171.46
740.735	4608.27
740.927	5013.77
741.12	5112.07
741.313	4716.81
741.505	4882.7
741.698	5302.53
741.891	5327.11
742.083	4825.36
742.276	4565.26
742.468	5484.8
742.661	5185.8
742.854	4894.99
743.046	4626.7
743.239	5359.88
743.431	5292.29
743.624	4710.67
743.816	4276.5
744.009	4970.76
744.201	5173.51
744.393	5116.17
744.586	4550.93
744.778	5234.95
744.971	5341.44
745.163	4780.3
745.355	4997.39
745.548	5206.28
745.74	5325.06
745.932	4649.23
746.125	4516.11
746.317	5513.47
746.509	5415.17
746.702	4536.59
746.894	4800.78
747.086	5323.01
747.278	5384.45
747.471	4921.61
747.663	4911.37
747.855	5216.52
748.047	5533.95
748.239	4620.56
748.431	4788.49
748.623	5521.67
748.815	5280
749.008	4595.98
749.2	4686.09
749.392	5079.3
749.584	5253.38
749.776	4638.99
749.968	4811.02
750.16	5316.87
750.352	4997.39
750.544	4733.2
750.736	4667.66
750.928	5087.5
751.12	5247.24
751.311	4559.12
751.503	4714.77
751.695	5026.06
751.887	5347.59
752.079	4495.63
752.271	4620.56
752.463	5820.67
752.654	5124.36
752.846	4638.99
753.038	4763.92
753.23	4964.62
753.421	5091.59
753.613	4610.32
753.805	5005.58
753.997	5019.91
754.188	5548.29
754.38	4567.31
754.572	4604.18
754.763	4985.1
754.955	5230.85
755.146	4682
755.338	4665.61
755.53	5398.79
755.721	5095.69
755.913	4231.44
756.104	4323.6
756.296	4811.02
756.487	5157.13
756.679	4485.39
756.87	4423.95
757.062	4901.13
757.253	4935.95
757.445	4382.99
757.636	4776.2
757.827	5030.15
758.019	5644.54
758.21	4403.47
758.401	4411.67
758.593	5695.74
758.784	5273.86
758.975	4190.49
759.167	4223.25
759.358	5064.97
759.549	5310.72
759.74	4378.9
759.932	4387.09
760.123	5107.98
760.314	4974.86
760.505	4679.95
760.696	4516.11
760.888	5060.87
761.079	5058.82
761.27	4233.49
761.461	4247.83
761.652	5177.61
761.843	4833.55
762.034	4659.47
762.225	5153.03
762.416	4987.15
762.607	4802.83
762.798	4382.99
762.989	4428.05
763.18	6131.96
763.371	4983.05
763.562	4432.15
763.753	4391.19
763.944	4966.67
764.135	5032.2
764.326	4688.14
764.517	4352.27
764.708	4878.6
764.899	4968.71
765.089	4163.86
765.28	4135.19
765.471	4643.09
765.662	5177.61
765.853	4333.84
766.043	4284.69
766.234	4890.89
766.425	4985.1
766.615	4260.12
766.806	4135.19
766.997	4935.95
767.187	4790.54
767.378	4344.08
767.569	4172.05
767.759	4649.23
767.95	4399.38
768.141	4432.15
768.331	4067.61
768.522	5093.64
768.712	4894.99
768.903	4024.6
769.093	4184.34
769.284	4808.97
769.474	4860.17
769.665	3981.59
769.855	3881.24
770.046	4964.62
770.236	4706.57
770.426	4370.71
770.617	4045.08
770.807	4555.02
770.998	5046.54
771.188	4366.61
771.378	4155.67
771.569	4972.81
771.759	4614.41
771.949	3961.11
772.139	3768.6
772.33	4655.37
772.52	4653.33
772.71	4018.46
772.9	3846.43
773.09	4737.29
773.281	5101.83
773.471	4096.28
773.661	4059.42
773.851	4526.35
774.041	4702.48
774.231	3950.87
774.421	4417.81
774.611	4731.15
774.802	4561.17
774.992	4073.75
775.182	3750.17
775.372	4780.3
775.562	4847.88
775.752	4024.6
775.942	4045.08
776.131	4905.23
776.321	4749.58
776.511	3911.96
776.701	3971.35
776.891	4981
777.081	4509.97
777.271	4227.35
777.461	3922.2
777.651	4727.05
777.84	4735.25
778.03	4092.18
778.22	4063.51
778.41	4391.19
778.599	4497.68
778.789	4202.77
778.979	3932.44
779.169	4352.27
779.358	4225.3
779.548	4358.42
779.738	3629.34
779.927	4638.99
780.117	4237.59
780.307	3909.91
780.496	3520.8
780.686	4542.74
780.875	5110.02
781.065	3844.38
781.254	3903.77
781.444	4428.05
781.633	4325.65
781.823	3924.25
782.012	3817.76
782.202	4268.31
782.391	4423.95
782.581	3817.76
782.77	4147.48
782.96	4581.65
783.149	4083.99
783.338	3768.6
783.528	3533.09
783.717	4598.03
783.906	4636.94
784.096	4010.26
784.285	3784.99
784.474	4399.38
784.663	4200.73
784.853	3719.45
785.042	3899.67
785.231	4458.77
785.42	4354.32
785.61	4112.66
785.799	3846.43
785.988	4712.72
786.177	4112.66
786.366	3926.3
786.555	4215.06
786.744	4333.84
786.933	4342.04
787.122	3625.25
787.312	3592.48
787.501	4131.09
787.69	4464.91
787.879	3686.69
788.068	3744.03
788.257	4063.51
788.445	4407.57
788.634	3701.02
788.823	3647.77
789.012	4821.26
789.201	4565.26
789.39	3811.61
789.579	3590.43
789.768	4190.49
789.957	4286.74
790.145	3606.81
790.334	3399.97
790.523	4110.61
790.712	4186.39
790.9	3793.18
791.089	3334.43
791.278	4339.99
791.467	4303.12
791.655	4120.85
791.844	4481.3
792.033	4100.37
792.221	4092.18
792.41	3459.36
792.599	3383.59
792.787	4102.42
792.976	4323.6
793.164	3422.5
793.353	3512.61
793.541	4147.48
793.73	4286.74
793.918	3701.02
794.107	3733.79
794.295	4262.16
794.484	4030.74
794.672	3664.16
794.861	3649.82
795.049	4155.67
795.238	4548.88
795.426	3383.59
795.614	3684.64
795.803	4233.49
795.991	4415.76
796.179	3440.93
796.368	3531.04
796.556	4233.49
796.744	3901.72
796.932	3563.81
797.121	3424.55
797.309	4006.17
797.497	4182.29
797.685	3391.78
797.874	3322.15
798.062	4157.72
798.25	4567.31
798.438	3434.78
798.626	3477.79
798.814	4194.58
799.002	4415.76
799.19	3576.09
799.378	3621.15
799.566	4133.14
799.755	4333.84
799.943	3770.65
800.131	3635.49
800.318	3856.67
800.506	4186.39
800.694	3277.09
800.882	3649.82
801.07	4481.3
801.258	4040.98
801.446	3658.01
801.634	3528.99
801.822	3938.59
802.01	4270.36
802.197	3387.68
802.385	3569.95
802.573	4378.9
802.761	3977.5
802.949	3467.55
803.136	3242.28
803.324	4165.91
803.512	3977.5
803.699	3690.78
803.887	3275.04
804.075	3985.69
804.262	3918.11
804.45	3162.41
804.638	3641.63
804.825	3926.3
805.013	3836.19
805.201	3602.72
805.388	3393.83
805.576	4028.7
805.763	4213.01
805.951	3420.45
806.138	3604.77
806.326	4462.87
806.513	4147.48
806.701	3504.42
806.888	3402.02
807.075	4333.84
807.263	4231.44
807.45	3475.74
807.638	3594.53
807.825	4335.89
808.012	4366.61
808.2	3410.21
808.387	3969.3
808.574	4237.59
808.761	4512.02
808.949	3453.22
809.136	3715.36
809.323	4055.32
809.51	4245.78
809.698	3954.97
809.885	3768.6
810.072	4165.91
810.259	4249.88
810.446	3580.19
810.633	3420.45
810.82	4223.25
811.008	4475.15
811.195	3848.47
811.382	3645.73
811.569	4376.85
811.756	3959.06
811.943	3584.29
812.13	3580.19
812.317	4124.95
812.504	3957.02
812.691	3608.86
812.878	3797.28
813.064	4626.7
813.251	4253.97
813.438	3522.85
813.625	3840.28
813.812	4077.85
813.999	4122.9
814.186	3717.4
814.372	3391.78
814.559	4421.91
814.746	4606.22
814.933	3543.33
815.12	3692.83
815.306	4090.13
815.493	3969.3
815.68	3572
815.866	3655.97
816.053	4382.99
816.24	4272.4
816.426	3674.4
816.613	3320.1
816.799	4170.01
816.986	4358.42
817.173	3756.32
817.359	3346.72
817.546	4192.53
817.732	3780.89
817.919	3262.76
818.105	3764.51
818.292	4153.62
818.478	4200.73
818.665	3936.54
818.851	3346.72
819.037	5007.62
819.224	4206.87
819.41	3260.71
819.597	3516.7
819.783	4862.22
819.969	4305.17
820.156	3647.77
820.342	3383.59
820.528	5452.03
820.714	3842.33
820.901	3856.67
821.087	3365.15
821.273	4360.47
821.459	4098.33
821.646	3432.74
821.832	3342.63
822.018	4133.14
822.204	3969.3
822.39	3508.51
822.576	3240.23
822.762	4157.72
822.948	4210.97
823.134	3549.47
823.32	3451.17
823.507	3754.27
823.693	4114.71
823.879	4206.87
824.065	3420.45
824.25	3901.72
824.436	3924.25
824.622	3348.77
824.808	3424.55
824.994	3834.14
825.18	4057.37
825.366	3244.32
825.552	3440.93
825.738	3957.02
825.923	4247.83
826.109	3645.73
826.295	3373.35
826.481	4110.61
826.667	3721.5
826.852	3698.97
827.038	3402.02
827.224	4047.13
827.409	4145.43
827.595	3033.38
827.781	3643.68
827.966	4403.47
828.152	4268.31
828.338	3420.45
828.523	3133.73
828.709	4006.17
828.894	3987.74
829.08	3447.07
829.266	3307.81
829.451	3813.66
829.637	3932.44
829.822	3567.9
830.008	3459.36
830.193	4000.02
830.378	4206.87
830.564	3363.11
830.749	3113.25
830.935	4086.04
831.12	3838.23
831.305	3023.14
831.491	3463.46
831.676	3395.87
831.861	3940.63
832.047	3326.24
832.232	3113.25
832.417	4000.02
832.602	4120.85
832.788	3252.52
832.973	3057.96
833.158	3860.76
833.343	3762.46
833.528	3338.53
833.714	3473.7
833.899	3701.02
834.084	4337.94
834.269	3551.52
834.454	3152.17
834.639	3871
834.824	3799.32
835.009	3463.46
835.194	3664.16
835.379	4235.54
835.564	4253.97
835.749	3453.22
835.934	3121.45
836.119	4061.46
836.304	3836.19
836.489	3096.87
836.674	3621.15
836.859	3621.15
837.044	4133.14
837.228	3303.71
837.413	2988.33
837.598	3844.38
837.783	3969.3
837.968	3207.46
838.152	3074.34
838.337	3098.92
838.522	4038.94
838.707	3979.54
838.891	3494.18
839.076	3844.38
839.261	3629.34
839.445	3295.52
839.63	3483.94
839.815	4196.63
839.999	3627.29
840.184	3072.29
840.368	3139.88
840.553	3916.06
840.737	3680.54
840.922	2996.52
841.106	3017
841.291	3467.55
841.475	3819.8
841.66	3152.17
841.844	3076.39
842.029	4366.61
842.213	3475.74
842.397	3146.02
842.582	2738.48
842.766	3766.56
842.951	3854.62
843.135	3299.62
843.319	3150.12
843.504	3762.46
843.688	4227.35
843.872	2842.92
844.056	2892.07
844.241	3705.12
844.425	3645.73
844.609	3258.66
844.793	2877.74
844.977	3756.32
845.161	3572
845.346	2810.15
845.53	3094.82
845.714	3701.02
845.898	4159.77
846.082	2789.67
846.266	2957.61
846.45	3412.26
846.634	3735.84
846.818	2918.7
847.002	3318.05
847.186	3612.96
847.37	3234.08
847.554	2828.59
847.738	3162.41
847.922	3582.24
848.106	3721.5
848.29	2814.25
848.473	2898.22
848.657	3647.77
848.841	3342.63
849.025	2885.93
849.209	2787.63
849.392	3813.66
849.576	3354.91
849.76	2535.73
849.944	3133.73
850.127	3811.61
850.311	3320.1
850.495	2871.59
850.678	2634.03
850.862	3623.2
851.046	3756.32
851.229	3338.53
851.413	2822.44
851.596	3758.36
851.78	3397.92
851.964	3176.74
852.147	2826.54
852.331	4024.6
852.514	3989.78
852.698	2957.61
852.881	2720.04
853.065	3602.72
853.248	3334.43
853.431	3049.77
853.615	3041.57
853.798	4165.91
853.982	3522.85
854.165	3203.36
854.348	2851.11
854.532	3252.52
854.715	3205.41
854.898	2875.69
855.081	2824.49
855.265	3985.69
855.448	3922.2
855.631	2593.07
855.814	2793.77
855.997	3488.03
856.181	3557.66
856.364	2881.83
856.547	2629.93
856.73	3492.13
856.913	3414.31
857.096	2724.14
857.279	3092.77
857.462	3354.91
857.645	3567.9
857.828	3017
858.011	3195.17
858.194	3176.74
858.377	3365.15
858.56	2646.32
858.743	2834.73
858.926	3244.32
859.109	3256.61
859.292	2691.37
859.475	2429.23
859.658	3399.97
859.841	3375.39
860.023	2627.89
860.206	2572.59
860.389	3326.24
860.572	3234.08
860.755	2900.27
860.937	2744.62
861.12	3037.48
861.303	3119.4
861.486	2720.04
861.668	2466.1
861.851	3113.25
862.034	3404.07
862.216	2801.96
862.399	2353.46
862.581	3258.66
862.764	3326.24
862.947	2670.89
863.129	2572.59
863.312	2883.88
863.494	3391.78
863.677	3068.2
863.859	2357.55
864.042	3383.59
864.224	3141.93
864.406	2959.66
864.589	2445.62
864.771	3076.39
864.954	2951.46
865.136	2648.36
865.318	2314.55
865.501	3733.79
865.683	2609.45
865.865	2548.01
866.048	2574.64
866.23	3289.38
866.412	3019.05
866.594	2343.22
866.777	2799.91
866.959	3031.34
867.141	3006.76
867.323	3000.62
867.505	2603.31
867.687	3017
867.869	3115.3
868.052	2427.18
868.234	2472.24
868.416	3113.25
868.598	3305.76
868.78	2599.21
868.962	2404.66
869.144	3232.04
869.326	2914.6
869.508	2478.38
869.69	2470.19
869.872	2670.89
870.054	3580.19
870.236	2179.38
870.417	2347.31
870.599	2945.32
870.781	3397.92
870.963	2771.24
871.145	2386.22
871.327	2863.4
871.508	3260.71
871.69	2568.49
871.872	2558.25
872.054	2916.65
872.235	3010.86
872.417	2656.56
872.599	2271.54
872.78	3690.78
872.962	3064.1
873.144	2150.71
873.325	2500.91
873.507	3229.99
873.689	3103.01
873.87	2292.02
874.052	2558.25
874.233	2959.66
874.415	3617.05
874.596	2480.43
874.778	2197.81
874.959	3186.98
875.141	3215.65
875.322	2611.5
875.503	2359.6
875.685	2955.56
875.866	2636.08
876.048	2484.53
876.229	2163
876.41	3019.05
876.592	3137.83
876.773	2545.97
876.954	2208.05
877.136	3273
877.317	2986.28
877.498	2017.59
877.679	2554.16
877.86	3008.81
878.042	2986.28
878.223	2439.47
878.404	3139.88
878.585	3152.17
878.766	3539.23
878.947	2683.18
879.128	2679.08
879.309	3035.43
879.49	3305.76
879.672	2646.32
879.853	2533.68
880.034	2908.46
880.215	3141.93
880.396	2607.41
880.576	2279.73
880.757	2765.1
880.938	3539.23
881.119	2347.31
881.3	2545.97
881.481	2933.03
881.662	4079.9
881.843	2271.54
882.023	2359.6
882.204	3500.32
882.385	3012.9
882.566	2462
882.747	2464.05
882.927	3062.05
883.108	3088.68
883.289	2310.45
883.469	2763.05
883.65	3002.66
883.831	2982.18
884.011	2818.35
884.192	2511.15
884.373	3232.04
884.553	3260.71
884.734	2763.05
884.914	3154.21
885.095	4378.9
885.275	3404.07
885.456	2887.98
885.636	2392.37
885.817	3047.72
885.997	3299.62
886.178	2390.32
886.358	2556.21
886.538	3215.65
886.719	4776.2
886.899	2367.79
887.08	2732.33
887.26	3301.67
887.44	2875.69
887.621	2453.81
887.801	2656.56
887.981	3641.63
888.161	3565.85
888.342	2609.45
888.522	2552.11
888.702	3330.34
888.882	3410.21
889.062	2744.62
889.242	2351.41
889.423	3602.72
889.603	3281.19
889.783	2709.8
889.963	2578.73
890.143	3217.7
890.323	3348.77
890.503	2564.4
890.683	2603.31
890.863	3086.63
891.043	2994.47
891.223	2574.64
891.403	2918.7
891.583	3225.89
891.763	3352.87
891.943	2705.71
892.122	3146.02
892.302	3211.56
892.482	3258.66
892.662	2844.97
892.842	2767.15
893.022	3121.45
893.201	3203.36
893.381	2875.69
893.561	2541.87
893.741	3244.32
893.92	3084.58
894.1	2842.92
894.28	2646.32
894.459	3393.83
894.639	3164.45
894.819	2435.38
894.998	2681.13
895.178	3299.62
895.357	3006.76
895.537	2548.01
895.716	2457.9
895.896	2998.57
896.075	3561.76
896.255	2617.65
896.434	2214.2
896.614	3680.54
896.793	3197.22
896.973	2812.2
897.152	2617.65
897.331	2898.22
897.511	3223.84
897.69	2289.97
897.87	2584.88
898.049	3019.05
898.228	2916.65
898.407	2777.39
898.587	2875.69
898.766	2857.26
898.945	3197.22
899.124	3031.34
899.304	2670.89
899.483	3242.28
899.662	3547.42
899.841	2433.33
900.02	2431.28
900.199	3262.76
900.378	2943.27
900.557	2298.16
900.737	2373.94
900.916	2885.93
901.095	2734.38
901.274	2853.16
901.453	2236.72
901.632	2709.8
901.811	2758.96
901.989	2318.64
902.168	2289.97
902.347	3150.12
902.526	2718
902.705	2416.94
902.884	2728.24
903.063	3209.51
903.242	3051.81
903.42	2244.92
903.599	2593.07
903.778	3066.15
903.957	3309.86
904.135	2644.27
904.314	2378.03
904.493	2916.65
904.672	2679.08
904.85	2369.84
905.029	2361.65
905.207	2797.87
905.386	3287.33
905.565	2105.65
905.743	2156.85
905.922	2740.52
906.1	2754.86
906.279	1974.58
906.457	2089.27
906.636	2636.08
906.814	2562.35
906.993	2158.9
907.171	1952.06
907.35	2832.68
907.528	3078.44
907.707	2472.24
907.885	2072.89
908.063	2885.93
908.242	2564.4
908.42	2009.4
908.598	1823.03
908.777	2679.08
908.955	2490.67
909.133	2298.16
909.311	1931.58
909.49	2449.71
909.668	2425.14
909.846	1876.28
910.024	1861.94
910.202	2412.85
910.38	2736.43
910.559	1943.86
910.737	2040.12
910.915	2642.22
911.093	2687.28
911.271	2107.7
911.449	2185.52
911.627	2652.46
911.805	3283.24
911.983	2072.89
912.161	2089.27
912.339	2543.92
912.517	2949.42
912.695	2400.56
912.872	2240.82
913.05	2828.59
913.228	2828.59
913.406	2257.2
913.584	2009.4
913.762	2951.46
913.939	2631.98
914.117	2066.74
914.295	2232.63
914.473	2496.82
914.65	2941.22
914.828	2208.05
915.006	2111.8
915.184	2294.07
915.361	2820.39
915.539	2285.87
915.716	2369.84
915.894	2607.41
916.072	2855.21
916.249	2580.78
916.427	2384.18
916.604	2523.44
916.782	2855.21
916.959	2158.9
917.137	2081.08
917.314	2484.53
917.492	2674.99
917.669	2402.61
917.847	2251.06
918.024	2570.54
918.201	2418.99
918.379	2238.77
918.556	2232.63
918.733	2623.79
918.911	2468.14
919.088	2545.97
919.265	2050.36
919.442	2545.97
919.62	2732.33
919.797	2009.4
919.974	1890.62
920.151	2705.71
920.328	2474.29
920.506	1890.62
920.683	2435.38
920.86	2328.88
921.037	2586.93
921.214	2138.42
921.391	1937.72
921.568	2642.22
921.745	2468.14
921.922	2097.46
922.099	2103.61
922.276	2476.34
922.453	2447.66
922.63	1997.11
922.807	2396.46
922.984	2666.8
923.161	2402.61
923.338	2089.27
923.514	1888.57
923.691	2529.58
923.868	2619.69
924.045	2033.97
924.222	1947.96
924.399	2314.55
924.575	2556.21
924.752	2074.93
924.929	2038.07
925.105	2195.76
925.282	2181.43
925.459	2056.5
925.635	2101.56
925.812	2511.15
925.989	2347.31
926.165	2130.23
926.342	1730.87
926.518	2294.07
926.695	2136.37
926.871	1847.61
927.048	1868.09
927.224	2613.55
927.401	2117.94
927.577	2117.94
927.754	1540.41
927.93	2539.82
928.107	2529.58
928.283	1757.5
928.459	1974.58
928.636	2558.25
928.812	2287.92
928.988	1851.71
929.165	1665.34
929.341	2347.31
929.517	2400.56
929.693	2343.22
929.87	1417.54
930.046	2347.31
930.222	2140.47
930.398	1618.24
930.574	1818.94
930.751	2175.28
930.927	2271.54
931.103	1775.93
931.279	1796.41
931.455	2083.13
931.631	2330.93
931.807	1530.17
931.983	1392.96
932.159	1730.87
932.335	2185.52
932.511	1630.52
932.687	1724.73
932.863	1960.25
933.039	2218.29
933.215	1395.01
933.391	1407.3
933.566	1986.87
933.742	2031.93
933.918	1749.31
934.094	1276.23
934.27	1982.78
934.445	1954.1
934.621	1794.36
934.797	1433.92
934.973	2115.89
935.148	1780.03
935.324	1253.7
935.5	1155.4
935.675	2001.21
935.851	2025.78
936.027	1605.95
936.202	1452.35
936.378	2111.8
936.553	1628.48
936.729	2111.8
936.904	1294.66
937.08	1524.03
937.255	1593.66
937.431	1249.6
937.606	1081.67
937.782	1433.92
937.957	1814.84
938.133	1173.83
938.308	1136.96
938.483	1458.5
938.659	1450.3
938.834	1343.81
939.009	952.65
939.185	1638.72
939.36	1179.97
939.535	713.03
939.71	1249.6
939.886	1747.26
940.061	1368.38
940.236	1454.4
940.411	1098.05
940.586	1466.69
940.761	1554.75
940.937	1036.61
941.112	919.88
941.287	1229.12
941.462	1335.62
941.637	770.38
941.812	930.12
941.987	1288.51
942.162	1278.27
942.337	1077.57
942.512	756.04
942.687	1651
942.862	1292.61
943.037	674.12
943.212	547.15
943.386	1108.29
943.561	1227.07
943.736	1167.68
943.911	1503.55
944.086	1474.88
944.26	1319.23
944.435	803.15
944.61	1083.72
944.785	1319.23
944.959	1878.33
945.134	696.65
945.309	827.72
945.483	907.59
945.658	1288.51
945.833	581.96
946.007	655.69
946.182	1612.09
946.357	1124.68
946.531	710.99
946.706	704.84
946.88	774.47
947.055	1280.32
947.229	764.23
947.404	661.84
947.578	1263.94
947.752	1294.66
947.927	721.23
948.101	592.2
948.276	1659.2
948.45	1288.51
948.624	1231.17
948.799	692.55
948.973	1237.31
949.147	1030.47
949.321	811.34
949.496	985.41
949.67	1614.14
949.844	1151.3
950.018	780.62
950.193	983.37
950.367	1972.54
950.541	1231.17
950.715	1081.67
950.889	1130.82
951.063	1249.6
951.237	1362.24
951.411	774.47
951.585	737.61
951.759	1438.02
951.933	1409.34
952.107	807.24
952.281	1122.63
952.455	1677.63
952.629	1417.54
952.803	803.15
952.977	950.6
953.151	1380.67
953.325	1163.59
953.499	1143.11
953.672	665.93
953.846	1136.96
954.02	1241.41
954.194	762.19
954.368	854.34
954.541	1401.15
954.715	1370.43
954.889	1048.9
955.062	741.71
955.236	1100.1
955.41	1429.82
955.583	1184.07
955.757	676.17
955.93	1331.52
956.104	1016.13
956.278	758.09
956.451	856.39
956.625	1413.44
956.798	1667.39
956.972	1423.68
957.145	758.09
957.319	1704.25
957.492	1337.66
957.665	1116.48
957.839	868.68
958.012	1286.47
958.185	1210.69
958.359	1001.8
958.532	1313.09
958.705	1370.43
958.879	1327.43
959.052	1171.78
959.225	608.59
959.398	1409.34
959.572	1450.3
959.745	749.9
959.918	1024.33
960.091	1378.62
960.264	1550.65
960.438	762.19
960.611	813.38
960.784	1585.47
960.957	1216.83
961.13	1485.12
961.303	815.43
961.476	1374.53
961.649	1638.72
961.822	852.3
961.995	1040.71
962.168	1257.79
962.341	1589.57
962.514	876.87
962.686	868.68
962.859	1347.9
963.032	1526.08
963.205	966.98
963.378	657.74
963.551	1335.62
963.723	1122.63
963.896	1136.96
964.069	1120.58
964.242	1358.14
964.414	1804.6
964.587	1018.18
964.76	1198.4
964.932	1352
965.105	1229.12
965.278	866.63
965.45	846.15
965.623	1491.26
965.795	1464.64
965.968	973.13
966.14	868.68
966.313	1331.52
966.485	1354.05
966.658	848.2
966.83	878.92
967.003	1505.6
967.175	1376.58
967.348	880.97
967.52	919.88
967.692	1827.13
967.865	1589.57
968.037	850.25
968.209	1194.31
968.382	1493.31
968.554	1386.82
968.726	950.6
968.898	848.2
969.071	1614.14
969.243	1358.14
969.415	989.51
969.587	1042.76
969.759	1673.53
969.932	1304.9
970.104	1089.86
970.276	483.66
970.448	1225.03
970.62	1327.43
970.792	1036.61
970.964	944.45
971.136	1698.11
971.308	1311.04
971.48	715.08
971.652	803.15
971.824	1579.33
971.996	1253.7
972.168	831.82
972.339	1001.8
972.511	1284.42
972.683	1278.27
972.855	1311.04
973.027	799.05
973.199	1460.54
973.37	1540.41
973.542	903.5
973.714	1040.71
973.886	966.98
974.057	1438.02
974.229	805.19
974.401	815.43
974.572	1128.77
974.744	975.17
974.915	805.19
975.087	770.38
975.259	1597.76
975.43	1026.37
975.602	833.86
975.773	682.31
975.945	1122.63
976.116	1454.4
976.288	782.67
976.459	1118.53
976.63	1081.67
976.802	1272.13
976.973	682.31
977.145	1087.81
977.316	1796.41
977.487	1452.35
977.659	1065.29
977.83	1069.38
978.001	1534.27
978.172	1403.2
978.344	842.06
978.515	823.62
978.686	1192.26
978.857	1700.16
979.028	827.72
979.2	786.76
979.371	1575.23
979.542	1093.96
979.713	1020.23
979.884	430.41
980.055	1145.16
980.226	1182.02
980.397	760.14
980.568	729.42
980.739	1319.23
980.91	1057.09
981.081	1016.13
981.252	764.23
981.423	1225.03
981.594	1245.51
981.765	717.13
981.936	1024.33
982.106	1098.05
982.277	1501.5
982.448	622.92
982.619	1075.52
982.79	868.68
982.96	1233.22
983.131	936.26
983.302	405.84
983.472	1179.97
983.643	1169.73
983.814	840.01
983.984	721.23
984.155	1200.45
984.326	1308.99
984.496	901.45
984.667	831.82
984.837	753.99
985.008	1612.09
985.178	1077.57
985.349	751.95
985.519	1061.19
985.69	860.49
985.86	768.33
986.031	661.84
986.201	1147.2
986.371	1079.62
986.542	547.15
986.712	414.03
986.882	1139.01
987.053	1075.52
987.223	596.3
987.393	1100.1
987.563	866.63
987.734	1345.86
987.904	1343.81
988.074	594.25
988.244	950.6
988.414	987.46
988.585	692.55
988.755	797
988.925	1016.13
989.095	1515.84
989.265	491.85
989.435	788.81
989.605	1261.89
989.775	1311.04
989.945	1093.96
990.115	422.22
990.285	991.56
990.455	1034.57
990.625	721.23
990.795	512.33
990.965	1315.14
991.134	905.54
991.304	541.01
991.474	616.78
991.644	1106.24
991.814	1360.19
991.984	366.93
992.153	616.78
992.323	831.82
992.493	1132.87
992.662	383.31
992.832	815.43
993.002	801.1
993.171	1200.45
993.341	371.02
993.511	532.81
993.68	831.82
993.85	1147.2
994.019	397.65
994.189	295.25
994.358	866.63
994.528	854.34
994.697	133.46
994.867	364.88
995.036	1139.01
995.206	762.19
995.375	338.26
995.544	870.73
995.714	1186.12
995.883	938.31
996.052	815.43
996.222	108.88
996.391	1263.94
996.56	1032.52
996.73	264.53
996.899	184.66
997.068	1249.6
997.237	1001.8
997.406	336.21
997.576	235.86
997.745	1139.01
997.914	878.92
998.083	74.07
998.252	405.84
998.421	973.13
998.59	721.23
998.759	340.3
998.928	86.36
999.097	1194.31
999.266	1061.19
999.435	641.36
999.604	121.17
999.773	1108.29
999.942	788.81
1000.111	143.7
1000.28	76.12
1000.448	729.42
1000.617	753.99
1000.786	633.16
1000.955	65.88
1001.124	1157.44
1001.292	1493.31
1001.461	332.11
1001.63	252.24
1001.798	944.45
1001.967	1012.04
1002.136	190.8
1002.304	192.85
1002.473	987.46
1002.642	747.85
1002.81	289.1
1002.979	305.49
1003.147	1116.48
1003.316	1108.29
1003.484	194.9
1003.653	381.26
1003.821	893.26
1003.99	717.13
1004.158	495.95
1004.327	467.28
1004.495	860.49
1004.663	797
1004.832	426.32
1005	82.26
1005.168	827.72
1005.337	567.63
1005.505	18.77
1005.673	577.87
1005.842	1014.09
1006.01	657.74
1006.178	-13.99
1006.346	133.46
1006.514	725.32
1006.683	1202.5
1006.851	221.52
1007.019	428.37
1007.187	586.06
1007.355	305.49
1007.523	-69.29
1007.691	67.92
1007.859	477.52
1008.027	1349.95
1008.195	176.47
1008.363	100.69
1008.531	586.06
1008.699	678.22
1008.867	-81.58
1009.035	180.56
1009.203	1124.68
1009.37	731.47
1009.538	235.86
1009.706	1003.85
1009.874	680.27
1010.042	739.66
1010.209	49.49
1010.377	16.73
1010.545	735.56
1010.713	729.42
1010.88	112.98
1011.048	145.75
1011.216	620.88
1011.383	934.22
1011.551	190.8
1011.718	-36.52
1011.886	751.95
1012.054	852.3
1012.221	22.87
1012.389	61.78
1012.556	629.07
1012.724	1018.18
1012.891	307.54
1013.058	-173.74
1013.226	885.06
1013.393	733.51
1013.561	-102.06
1013.728	-188.07
1013.895	966.98
1014.063	672.08
1014.23	-188.07
1014.397	155.99
1014.565	860.49
1014.732	590.16
1014.899	-75.43
1015.066	-83.63
1015.233	764.23
1015.401	819.53
1015.568	53.59
1015.735	291.15
1015.902	903.5
1016.069	895.3
1016.236	22.87
1016.403	-79.53
1016.57	340.3
1016.737	1091.91
1016.904	6.49
1017.071	-87.72
1017.238	393.55
1017.405	584.01
1017.572	96.6
1017.739	332.11
1017.906	1136.96
1018.073	966.98
1018.24	-202.41
1018.407	254.29
1018.573	749.9
1018.74	649.55
1018.907	74.07
1019.074	-278.18
1019.241	672.08
1019.407	579.92
1019.574	-118.44
1019.741	-79.53
1019.907	938.31
1020.074	1112.39
1020.241	-329.38
1020.407	-155.3
1020.574	473.42
1020.74	477.52
1020.907	-42.67
1021.073	-118.44
1021.24	1321.28
1021.406	694.6
1021.573	-93.87
1021.739	37.2
1021.906	956.74
1022.072	571.72
1022.239	37.2
1022.405	106.84
1022.571	665.93
1022.738	477.52
1022.904	-75.43
1023.07	170.32
1023.237	469.33
1023.403	844.1
1023.569	-40.62
1023.735	-9.9
1023.902	682.31
1024.068	682.31
1024.234	-255.65
1024.4	-57
1024.566	411.98
1024.732	463.18
1024.898	-3.75
1025.065	-306.85
1025.231	532.81
1025.397	377.17
1025.563	-73.39
1025.729	-163.5
1025.895	190.8
1026.061	379.22
1026.227	-329.38
1026.392	35.16
1026.558	569.68
1026.724	805.19
1026.89	-102.06
1027.056	31.06
1027.222	393.55
1027.388	551.24
1027.553	-30.38
1027.719	-235.18
1027.885	919.88
1028.051	508.24
1028.216	-374.44
1028.382	-69.29
1028.548	639.31
1028.713	508.24
1028.879	-313
1029.045	139.6
1029.21	786.76
1029.376	655.69
1029.541	-122.54
1029.707	-36.52
1029.873	688.46
1030.038	665.93
1030.204	-136.87
1030.369	-73.39
1030.534	516.43
1030.7	368.98
1030.865	4.44
1031.031	-169.64
1031.196	588.11
1031.361	471.37
1031.527	-157.35
1031.692	-110.25
1031.857	211.28
1032.023	670.03
1032.188	-204.46
1032.353	-126.63
1032.518	696.65
1032.684	438.61
1032.849	-290.47
1033.014	-28.33
1033.179	459.09
1033.344	549.2
1033.509	-1.71
1033.674	-79.53
1033.839	604.49
1034.004	541.01
1034.17	-81.58
1034.335	-327.33
1034.5	352.59
1034.664	287.06
1034.829	-140.97
1034.994	4.44
1035.159	272.72
1035.324	526.67
1035.489	-61.1
1035.654	-192.17
1035.819	1059.14
1035.984	553.29
1036.148	49.49
1036.313	-95.91
1036.478	598.35
1036.643	450.89
1036.807	-188.07
1036.972	-282.28
1037.137	1005.89
1037.301	434.51
1037.466	-448.16
1037.631	57.68
1037.795	594.25
1037.96	373.07
1038.124	155.99
1038.289	-239.27
1038.454	444.75
1038.618	641.36
1038.783	-48.81
1038.947	-22.19
1039.111	325.97
1039.276	348.5
1039.44	-169.64
1039.605	667.98
1039.769	360.78
1039.933	352.59
1040.098	-102.06
1040.262	172.37
1040.426	590.16
1040.591	498
1040.755	-159.4
1040.919	-134.82
1041.083	778.57
1041.248	321.87
1041.412	-407.2
1041.576	-249.51
1041.74	366.93
1041.904	379.22
1042.068	-145.06
1042.232	-89.77
1042.397	799.05
1042.561	440.65
1042.725	-480.93
1042.889	-65.19
1043.053	401.74
1043.217	397.65
1043.381	-102.06
1043.544	-321.19
1043.708	532.81
1043.872	262.48
1044.036	-378.53
1044.2	-325.29
1044.364	729.42
1044.528	467.28
1044.691	5519.62
1044.855	-272.04
1045.019	592.2
1045.183	575.82
1045.346	-175.78
1045.51	-278.18
1045.674	538.96
1045.837	407.89
1046.001	-224.94
1046.165	-222.89
1046.328	971.08
1046.492	377.17
1046.655	176.47
1046.819	-132.78
1046.983	287.06
1047.146	338.26
1047.31	-75.43
1047.473	-407.2
1047.636	350.54
1047.8	180.56
1047.963	-16.04
1048.127	-331.43
1048.29	196.95
