345.52	-1317.19
345.736	-1317.19
345.952	-1317.19
346.168	-1341.76
346.384	-1337.66
346.6	-223.57
346.816	-248.15
347.032	-205.14
347.248	519.84
347.464	-307.54
347.68	-217.43
347.896	-31.06
348.112	386.72
348.328	-90.45
348.544	3.75
348.76	169.64
348.975	243.37
349.191	-317.78
349.407	-379.22
349.623	194.22
349.839	177.83
350.055	-291.15
350.27	-84.31
350.486	173.74
350.702	255.65
350.918	360.1
351.133	-117.08
351.349	206.5
351.565	444.07
351.781	-358.74
351.996	-92.5
352.212	235.18
352.428	116.39
352.644	-311.63
352.859	-293.2
353.075	280.23
353.291	190.12
353.506	-145.75
353.722	-500.05
353.938	22.19
354.153	497.32
354.369	247.46
354.584	-399.7
354.8	296.61
355.016	-37.2
355.231	-434.51
355.447	-31.06
355.662	399.01
355.878	800.41
356.093	-534.86
356.309	-72.02
356.524	-88.4
356.74	540.32
356.955	-428.37
357.171	-121.17
357.386	261.8
357.602	-4.44
357.817	-137.56
358.033	-115.03
358.248	392.87
358.464	351.91
358.679	-182.61
358.895	-411.98
359.11	57
359.325	120.49
359.541	450.21
359.756	22.19
359.972	-158.03
360.187	521.89
360.402	-246.1
360.618	-205.14
360.833	1732.24
361.048	95.91
361.264	-98.64
361.479	-26.96
361.694	267.94
361.909	226.98
362.125	-340.3
362.34	-180.56
362.555	405.16
362.77	325.29
362.986	-397.65
363.201	-219.47
363.416	214.7
363.631	177.83
363.847	-305.49
364.062	-192.85
364.277	116.39
364.492	97.96
364.707	-166.23
364.922	-407.89
365.138	249.51
365.353	446.12
365.568	-403.79
365.783	-137.56
365.998	433.83
366.213	669.34
366.428	-332.11
366.643	210.6
366.858	249.51
367.073	347.81
367.288	-174.42
367.503	-119.12
367.718	145.06
367.933	511.65
368.148	-260.43
368.363	-2.39
368.578	237.22
368.793	624.29
369.008	-119.12
369.223	-436.56
369.438	376.48
369.653	251.56
369.868	-385.36
370.083	-334.16
370.298	231.08
370.513	525.99
370.728	108.2
370.943	-182.61
371.157	20.14
371.372	712.35
371.587	-440.65
371.802	-440.65
372.017	194.22
372.232	599.71
372.446	32.43
372.661	-235.86
372.876	167.59
373.091	362.15
373.306	-117.08
373.52	-379.22
373.735	116.39
373.95	652.96
374.165	-227.67
374.379	-217.43
374.594	11.95
374.809	507.55
375.023	145.06
375.238	-291.15
375.453	335.53
375.667	-37.2
375.882	-358.74
376.097	-248.15
376.311	110.25
376.526	386.72
376.741	-360.78
376.955	356.01
377.17	605.86
377.384	1093.27
377.599	18.09
377.813	-395.6
378.028	954.01
378.242	331.43
378.457	-119.12
378.672	-371.02
378.886	128.68
379.101	97.96
379.315	-430.41
379.53	-57.68
379.744	511.65
379.958	310.95
380.173	-141.65
380.387	-168.27
380.602	437.92
380.816	73.39
381.031	-125.27
381.245	-174.42
381.459	290.47
381.674	1121.95
381.888	-371.02
382.103	370.34
382.317	200.36
382.531	528.03
382.746	38.57
382.96	-180.56
383.174	204.46
383.388	765.6
383.603	114.34
383.817	-424.27
384.031	153.26
384.246	597.67
384.46	-12.63
384.674	841.37
384.888	132.78
385.103	448.16
385.317	-379.22
385.531	153.26
385.745	847.52
385.959	556.71
386.174	-262.48
386.388	-225.62
386.602	282.28
386.816	288.42
387.03	-24.92
387.244	-45.4
387.458	370.34
387.672	495.27
387.887	-330.06
388.101	-174.42
388.315	452.26
388.529	257.7
388.743	-117.08
388.957	-196.95
389.171	702.11
389.385	95.91
389.599	-209.23
389.813	124.58
390.027	313
390.241	933.53
390.455	-53.59
390.669	22.19
390.883	140.97
391.097	781.98
391.311	198.31
391.525	-147.8
391.738	591.52
391.952	689.82
392.166	75.43
392.38	-170.32
392.594	552.61
392.808	466.6
393.022	63.15
393.236	32.43
393.449	341.67
393.663	708.26
393.877	-203.09
394.091	3.75
394.305	319.14
394.518	226.98
394.732	-201.04
394.946	-74.07
395.16	911
395.373	329.38
395.587	-196.95
395.801	-88.4
396.015	554.66
396.228	464.55
396.442	-207.19
396.656	-295.25
396.869	568.99
397.083	921.24
397.297	188.07
397.51	18.09
397.724	405.16
397.938	458.4
398.151	-317.78
398.365	-207.19
398.578	552.61
398.792	687.78
399.005	304.81
399.219	-33.11
399.433	485.03
399.646	634.53
399.86	220.84
400.073	403.11
400.287	478.88
400.5	530.08
400.714	165.54
400.927	114.34
401.141	726.69
401.354	2131.59
401.567	710.3
401.781	-182.61
401.994	575.14
402.208	997.02
402.421	130.73
402.635	138.92
402.848	151.21
403.061	646.82
403.275	116.39
403.488	-41.3
403.701	814.75
403.915	818.85
404.128	296.61
404.341	54.95
404.555	902.81
404.768	239.27
404.981	435.88
405.195	161.45
405.408	730.78
405.621	677.54
405.834	444.07
406.048	-86.36
406.261	741.02
406.474	779.93
406.687	48.81
406.9	243.37
407.114	544.42
407.327	855.71
407.54	-16.73
407.753	-74.07
407.966	386.72
408.179	542.37
408.392	-31.06
408.605	-100.69
408.819	530.08
409.032	681.63
409.245	104.11
409.458	399.01
409.671	573.09
409.884	798.37
410.097	-8.53
410.31	382.63
410.523	935.58
410.736	507.55
410.949	333.48
411.162	136.87
411.375	792.22
411.588	669.34
411.801	325.29
412.014	122.54
412.227	460.45
412.44	491.17
412.653	360.1
412.865	620.19
413.078	859.81
413.291	708.26
413.504	362.15
413.717	120.49
413.93	894.62
414.143	382.63
414.356	431.78
414.568	-18.77
414.781	790.17
414.994	763.55
415.207	358.05
415.42	331.43
415.632	716.45
415.845	1173.14
416.058	7.85
416.271	83.63
416.483	695.97
416.696	1005.21
416.909	48.81
417.121	194.22
417.334	644.77
417.547	882.33
417.759	120.49
417.972	165.54
418.185	454.31
418.397	718.5
418.61	288.42
418.823	325.29
419.035	1035.93
419.248	718.5
419.46	226.98
419.673	485.03
419.885	515.75
420.098	736.93
420.311	255.65
420.523	-18.77
420.736	900.76
420.948	712.35
421.161	333.48
421.373	140.97
421.586	628.39
421.798	579.23
422.01	26.28
422.223	523.94
422.435	423.59
422.648	1130.14
422.86	288.42
423.073	356.01
423.285	693.92
423.497	493.22
423.71	300.71
423.922	347.81
424.134	1123.99
424.347	1246.87
424.559	704.16
424.771	820.89
424.984	884.38
425.196	824.99
425.408	147.11
425.621	224.94
425.833	1007.26
426.045	1095.32
426.257	128.68
426.47	499.36
426.682	794.27
426.894	755.36
427.106	376.48
427.318	521.89
427.531	775.84
427.743	964.25
427.955	554.66
428.167	1248.92
428.379	779.93
428.591	824.99
428.804	675.49
429.016	417.44
429.228	1025.69
429.44	986.78
429.652	14056.92
429.864	249.51
430.076	972.44
430.288	992.92
430.5	673.44
430.712	767.65
430.924	1023.64
431.136	1187.48
431.348	313
431.56	480.93
431.772	861.85
431.984	763.55
432.196	329.38
432.408	487.08
432.62	857.76
432.832	1089.18
433.044	906.91
433.256	839.33
433.468	1115.8
433.679	745.12
433.891	339.62
434.103	984.73
434.315	1500.82
434.527	1197.72
434.739	902.81
434.95	616.1
435.162	1029.79
435.374	775.84
435.586	835.23
435.798	605.86
436.009	1029.79
436.221	941.72
436.433	693.92
436.645	685.73
436.856	1062.55
437.068	1490.58
437.28	534.18
437.491	1074.84
437.703	1453.72
437.915	1191.58
438.126	695.97
438.338	1218.2
438.55	1091.23
438.761	1093.27
438.973	804.51
439.184	898.72
439.396	1027.74
439.608	1156.76
439.819	597.67
440.031	913.05
440.242	1406.61
440.454	1386.13
440.665	884.38
440.877	1027.74
441.088	1525.4
441.3	1324.69
441.511	583.33
441.723	808.61
441.934	1664.66
442.146	1439.38
442.357	951.96
442.569	1463.96
442.78	1500.82
442.991	1926.8
443.203	1447.57
443.414	882.33
443.626	1801.87
443.837	1408.66
444.048	861.85
444.26	628.39
444.471	1509.01
444.682	1373.85
444.894	784.03
445.105	751.26
445.316	1623.7
445.528	1644.18
445.739	1130.14
445.95	1205.91
446.161	1461.91
446.373	1558.16
446.584	1103.51
446.795	972.44
447.006	1697.42
447.217	1773.2
447.429	863.9
447.64	829.09
447.851	2285.19
448.062	1619.6
448.273	849.57
448.484	1085.08
448.695	1568.4
448.907	1568.4
449.118	1259.16
449.329	1498.77
449.54	1431.19
449.751	1347.22
449.962	980.64
450.173	1015.45
450.384	1633.94
450.595	1998.48
450.806	1093.27
451.017	1175.19
451.228	1953.42
451.439	1734.29
451.65	1277.59
451.861	810.65
452.072	1529.49
452.283	1767.06
452.494	1494.68
452.705	1191.58
452.915	2233.99
453.126	1836.69
453.337	1320.6
453.548	1242.78
453.759	2217.61
453.97	2211.46
454.181	1861.26
454.391	1283.74
454.602	1818.25
454.813	2354.82
455.024	1455.76
455.235	1259.16
455.445	2084.49
455.656	1885.84
455.867	1676.95
456.078	1382.04
456.288	1697.42
456.499	2035.34
456.71	1314.45
456.921	1805.97
457.131	2004.62
457.342	1861.26
457.553	1611.41
457.763	1570.45
457.974	2080.39
458.184	2070.16
458.395	1478.29
458.606	1402.52
458.816	2252.42
459.027	2381.45
459.237	1857.17
459.448	1586.83
459.659	2254.47
459.869	3165.82
460.08	1365.65
460.29	1848.97
460.501	2487.94
460.711	2188.94
460.922	1449.62
461.132	1726.1
461.343	3114.62
461.553	1969.8
461.764	1697.42
461.974	1834.64
462.184	2643.59
462.395	2414.21
462.605	1967.76
462.816	1670.8
463.026	2567.81
463.236	2428.55
463.447	1765.01
463.657	1900.17
463.867	2621.06
464.078	2471.56
464.288	1898.13
464.498	2129.55
464.709	2645.63
464.919	2653.83
465.129	2238.09
465.339	1969.8
465.55	2598.53
465.76	2862.72
465.97	2193.03
466.18	2199.18
466.391	2915.97
466.601	2717.31
466.811	2418.31
467.021	2045.58
467.231	3194.49
467.441	3088
467.651	2303.62
467.862	1908.37
468.072	2913.92
468.282	3196.54
468.492	2182.79
468.702	2596.48
468.912	3108.48
469.122	3724.91
469.332	2973.31
469.542	2500.23
469.752	3667.57
469.962	3139.19
470.172	2498.18
470.382	2662.02
470.592	3565.17
470.802	3430.01
471.012	3001.98
471.222	2895.49
471.432	3296.89
471.642	3520.12
471.852	3290.74
472.062	2887.29
472.272	3499.64
472.482	3380.86
472.691	2975.36
472.901	2879.1
473.111	3491.45
473.321	4118.12
473.531	3040.89
473.741	3481.21
473.95	3786.35
474.16	3878.51
474.37	3569.27
474.58	3051.13
474.79	4505.19
474.999	3989.1
475.209	3624.56
475.419	3620.47
475.628	4304.49
475.838	4443.75
476.048	3929.71
476.258	3505.78
476.467	4513.38
476.677	4142.7
476.886	4232.81
477.096	4052.59
477.306	4433.51
477.515	4531.81
477.725	4183.66
477.935	4249.19
478.144	5168.73
478.354	4617.83
478.563	4161.13
478.773	4017.77
478.982	4867.68
479.192	4873.82
479.401	4566.63
479.611	4257.39
479.82	4800.1
480.03	4945.5
480.239	4556.39
480.449	4122.22
480.658	5408.34
480.868	5078.62
481.077	4931.17
481.287	4712.03
481.496	5371.48
481.705	5453.4
481.915	5406.3
482.124	5381.72
482.333	5596.76
482.543	5920.34
482.752	5389.91
482.961	5088.86
483.171	5844.56
483.38	5535.32
483.589	5346.91
483.799	5279.32
484.008	5881.42
484.217	5932.62
484.426	5678.68
484.636	5535.32
484.845	6080.08
485.054	5822.03
485.263	6260.3
485.472	5529.17
485.682	6368.84
485.891	6196.81
486.1	5404.25
486.309	5815.89
486.518	6385.23
486.727	7444.03
486.936	5871.19
487.146	6065.74
487.355	6811.2
487.564	6346.31
487.773	6231.63
487.982	6075.98
488.191	6622.79
488.4	7312.96
488.609	6356.55
488.818	6536.77
489.027	7251.52
489.236	7337.53
489.445	6665.8
489.654	6383.18
489.863	7331.39
490.072	7226.94
490.281	7517.75
490.49	7001.66
490.698	7640.63
490.907	8123.95
491.116	7067.2
491.325	6825.54
491.534	7665.21
491.743	7505.46
491.952	7136.83
492.16	7190.08
492.369	8142.38
492.578	7990.83
492.787	7288.38
492.996	7140.93
493.204	7794.23
493.413	8310.32
493.622	7118.4
493.831	7151.17
494.039	8416.81
494.248	7794.23
494.457	7577.14
494.665	7487.03
494.874	8240.68
495.083	8824.36
495.291	7835.19
495.5	7740.98
495.709	8511.02
495.917	8453.67
496.126	8279.6
496.335	7874.1
496.543	8425
496.752	8425
496.96	8291.88
497.169	8076.85
497.377	8603.18
497.586	8832.55
497.794	8328.75
498.003	7878.19
498.211	8730.15
498.42	8959.52
498.628	8314.41
498.837	8089.14
499.045	8805.92
499.254	8781.35
499.462	8480.3
499.671	8363.56
499.879	9948.69
500.087	9145.89
500.296	8470.06
500.504	8580.65
500.713	9012.77
500.921	9600.54
501.129	8549.93
501.338	8637.99
501.546	9498.14
501.754	9221.66
501.962	8838.69
502.171	8537.64
502.379	9543.19
502.587	9926.16
502.795	8975.91
503.004	9111.07
503.212	9778.71
503.42	9909.78
503.628	9365.02
503.837	9381.4
504.045	9713.17
504.253	10399.24
504.461	9352.73
504.669	9137.7
504.877	10393.1
505.085	10008.08
505.294	9254.43
505.502	9580.06
505.71	10536.46
505.918	9985.55
506.126	9336.35
506.334	9373.21
506.542	10305.04
506.75	10415.63
506.958	9983.51
507.166	9586.2
507.374	10032.66
507.582	10608.14
507.79	9897.49
507.998	9838.1
508.206	10610.18
508.414	10739.21
508.622	9881.11
508.83	9928.21
509.037	10616.33
509.245	10110.48
509.453	9860.63
509.661	9788.95
509.869	10860.04
510.077	10245.65
510.285	10401.29
510.492	9721.37
510.7	11279.87
510.908	10515.98
511.116	10229.26
511.324	10090
511.531	10534.41
511.739	10974.72
511.947	10774.02
512.155	10999.3
512.362	11101.7
512.57	10522.12
512.778	10241.55
512.985	10200.59
513.193	10765.83
513.401	11412.99
513.608	10475.02
513.816	10518.03
514.024	11089.41
514.231	11312.64
514.439	10616.33
514.646	10495.5
514.854	11535.87
515.061	11195.9
515.269	10679.82
515.477	10679.82
515.684	11154.94
515.892	11718.14
516.099	10690.06
516.307	10718.73
516.514	11666.94
516.722	11965.94
516.929	10874.37
517.136	10810.89
517.344	11640.31
517.551	11992.56
517.759	11032.07
517.966	11066.88
518.173	12043.76
518.381	11871.73
518.588	11562.49
518.796	11191.81
519.003	12084.72
519.21	11851.25
519.418	11529.72
519.625	11888.12
519.832	12164.59
520.039	11976.18
520.247	11398.65
520.454	11533.82
520.661	12434.92
520.868	12340.72
521.076	11802.1
521.283	11587.07
521.49	12842.47
521.697	12332.53
521.904	11738.62
522.112	11791.86
522.319	12592.62
522.526	12494.32
522.733	11888.12
522.94	11779.57
523.147	12557.8
523.354	12574.19
523.561	11658.74
523.768	12377.58
523.975	13004.26
524.183	12463.6
524.39	12404.21
524.597	12101.11
524.804	12461.55
525.011	12383.73
525.218	12064.24
525.425	12244.46
525.632	13256.16
525.838	12873.19
526.045	12109.3
526.252	12408.3
526.459	14634.44
526.666	14972.36
526.873	12510.7
527.08	12555.76
527.287	13618.65
527.494	13207.01
527.701	12633.58
527.907	12598.76
528.114	13315.55
528.321	13311.46
528.528	12836.33
528.735	12809.7
528.941	13350.37
529.148	13174.24
529.355	12946.92
529.562	12727.78
529.768	14314.96
529.975	13297.12
530.182	12940.77
530.388	12821.99
530.595	13710.81
530.802	13352.41
531.008	13446.62
531.215	13004.26
531.422	14589.39
531.628	14699.98
531.835	13276.64
532.042	13465.05
532.248	13735.39
532.455	13931.99
532.661	13358.56
532.868	13366.75
533.074	14061.01
533.281	14568.91
533.487	13587.93
533.694	13383.13
533.9	14161.36
534.107	13983.19
534.313	13471.2
534.52	13592.03
534.726	14333.39
534.933	14726.6
535.139	13551.07
535.345	13604.32
535.552	14747.08
535.758	14976.45
535.965	14030.29
536.171	14126.55
536.377	14708.17
536.584	15136.2
536.79	14054.87
536.996	14360.02
537.203	14747.08
537.409	15168.96
537.615	14269.9
537.821	14486.99
538.028	15359.42
538.234	14816.71
538.44	14257.62
538.646	14280.14
538.853	14964.17
539.059	14640.59
539.265	15218.11
539.471	14110.16
539.677	15193.54
539.883	14939.59
540.09	15932.86
540.296	15283.65
540.502	15416.77
540.708	15248.83
540.914	15160.77
541.12	14857.67
541.326	15517.12
541.532	15302.08
541.738	15089.09
541.944	14693.83
542.15	15816.12
542.356	15455.68
542.562	15101.38
542.768	15146.44
542.974	15943.1
543.18	16129.46
543.386	14953.93
543.592	15140.29
543.798	16457.14
544.004	15996.34
544.21	15056.32
544.415	15420.86
544.621	16276.91
544.827	16618.93
545.033	15195.59
545.239	15844.79
545.445	15691.2
545.651	15992.25
545.856	15496.64
546.062	15553.98
546.268	16106.93
546.474	16362.93
546.679	15320.51
546.885	15601.08
547.091	16293.3
547.297	16815.53
547.502	15965.62
547.708	15381.95
547.914	16235.95
548.119	16661.93
548.325	15916.47
548.531	15730.11
548.736	17036.71
548.942	16258.48
549.147	15470.01
549.353	16221.62
549.559	16950.7
549.764	16780.71
549.97	15726.01
550.175	15750.59
550.381	16616.88
550.586	16285.11
550.792	16201.14
550.997	15936.95
551.203	16987.56
551.408	17302.95
551.614	15971.77
551.819	16438.7
552.025	17419.68
552.23	17251.75
552.435	16106.93
552.641	16704.94
552.846	16913.83
553.052	17702.3
553.257	16850.35
553.462	16391.6
553.668	16721.32
553.873	17268.13
554.078	16338.35
554.283	16704.94
554.489	17622.43
554.694	17382.82
554.899	16567.73
555.105	17077.67
555.31	17681.82
555.515	17696.16
555.72	17249.7
555.925	17851.8
556.131	17780.12
556.336	17376.67
556.541	17118.63
556.746	17135.01
556.951	17905.05
557.156	17776.03
557.361	17008.04
557.567	17702.3
557.772	18019.74
557.977	18077.08
558.182	17372.58
558.387	17255.84
558.592	17630.62
558.797	18283.92
559.002	17610.14
559.207	17380.77
559.412	18238.87
559.617	18578.83
559.822	17388.96
560.027	17167.78
560.232	18091.41
560.437	18441.62
560.642	17114.53
560.847	17415.58
561.051	18208.15
561.256	18275.73
561.461	17434.02
561.666	17477.02
561.871	17937.82
562.076	18388.37
562.281	17720.73
562.485	17319.33
562.69	18544.02
562.895	17991.06
563.1	17868.19
563.305	17397.15
563.509	18525.58
563.714	18926.99
563.919	17976.73
564.123	17794.46
564.328	18253.2
564.533	18957.71
564.737	17786.27
564.942	17718.68
565.147	18814.35
565.351	18834.83
565.556	18085.27
565.761	18142.61
565.965	19113.35
566.17	18476.43
566.374	17798.56
566.579	17939.86
566.784	18664.85
566.988	18617.74
567.193	17878.43
567.397	18304.4
567.602	18632.08
567.806	18484.62
568.011	18150.81
568.215	18683.28
568.42	18978.19
568.624	19137.93
568.828	18335.12
569.033	18482.58
569.237	19441.03
569.442	19596.67
569.646	18441.62
569.85	18691.47
570.055	19080.58
570.259	19469.7
570.463	19285.38
570.668	18886.03
570.872	19447.17
571.076	19312
571.281	18912.65
571.485	18797.96
571.689	19606.91
571.893	19623.3
572.098	19088.78
572.302	18832.78
572.506	19574.14
572.71	19717.5
572.914	18861.45
573.119	18972.04
573.323	19783.04
573.527	19654.01
573.731	18984.33
573.935	18863.5
574.139	19522.94
574.343	19291.52
574.547	18943.37
574.751	18945.42
574.955	19539.33
575.159	19772.8
575.364	19099.02
575.568	19092.87
575.772	19719.55
575.976	19770.75
576.18	19244.42
576.383	19101.06
576.587	19965.31
576.791	19830.14
576.995	18666.89
577.199	19158.41
577.403	19660.16
577.607	20065.66
577.811	19207.56
578.015	19445.12
578.219	20036.98
578.422	20041.08
578.626	19627.39
578.83	19899.77
579.034	20419.96
579.238	20221.3
579.442	19484.03
579.645	20317.56
579.849	20192.63
580.053	20809.07
580.257	19778.94
580.46	19928.44
580.664	20788.59
580.868	20665.71
581.071	19989.88
581.275	19764.61
581.479	20063.61
581.682	20766.06
581.886	19783.04
582.09	19955.07
582.293	20809.07
582.497	20952.43
582.7	20131.19
582.904	20110.71
583.107	20653.42
583.311	20669.81
583.515	20354.42
583.718	20161.91
583.922	20739.44
584.125	21484.9
584.329	20159.86
584.532	20374.9
584.735	20977
584.939	21095.78
585.142	20082.04
585.346	20065.66
585.549	21267.81
585.753	21081.45
585.956	20241.78
586.159	20737.39
586.363	21445.99
586.566	21396.84
586.769	20333.94
586.973	20223.35
587.176	21093.74
587.379	21278.05
587.582	20993.39
587.786	21095.78
587.989	21572.96
588.192	22377.81
588.395	21271.91
588.599	21716.32
588.802	22189.4
589.005	21753.18
589.208	21081.45
589.411	21222.76
589.615	21622.11
589.818	21990.75
590.021	21679.46
590.224	21118.31
590.427	22185.3
590.63	21611.87
590.833	20862.32
591.036	20759.92
591.239	22078.81
591.442	21722.46
591.645	21812.57
591.848	21742.94
592.051	22416.72
592.254	21845.34
592.457	21589.35
592.66	21462.37
592.863	22138.2
593.066	22617.43
593.269	21484.9
593.472	21413.22
593.675	22197.59
593.878	22334.81
594.081	21759.33
594.284	21654.88
594.486	22558.03
594.689	22132.06
594.892	21704.03
595.095	21775.71
595.298	22543.7
595.5	22439.25
595.703	21974.36
595.906	21908.83
596.109	22472.02
596.311	22666.58
596.514	21761.37
596.717	22017.37
596.92	22799.69
597.122	22705.49
597.325	22037.85
597.528	21970.27
597.73	23301.45
597.933	23485.76
598.136	22457.68
598.338	22011.23
598.541	23348.55
598.743	23424.33
598.946	22299.99
599.148	22506.84
599.351	23045.45
599.554	22887.76
599.756	22394.2
599.959	22379.86
600.161	23272.78
600.363	23557.44
600.566	22840.65
600.768	22623.57
600.971	23348.55
601.173	23106.89
601.376	22814.03
601.578	22762.83
601.78	22744.4
601.983	24065.34
602.185	22484.31
602.388	23248.2
602.59	23278.92
602.792	23227.72
602.995	23135.56
603.197	22652.24
603.399	23250.25
603.601	23725.38
603.804	22728.02
604.006	22781.26
604.208	23409.99
604.41	23084.36
604.613	23231.82
604.815	22965.58
605.017	24083.77
605.219	23205.19
605.421	23901.5
605.623	23313.73
605.826	24071.48
606.028	24280.38
606.23	23582.02
606.432	23188.81
606.634	23991.61
606.836	23981.37
607.038	22912.33
607.24	23141.71
607.442	23942.46
607.644	24016.19
607.846	23360.84
608.048	23067.98
608.25	24313.14
608.452	23758.14
608.654	23258.44
608.856	22994.25
609.058	23848.25
609.26	24032.57
609.462	23192.9
609.664	23737.66
609.866	24073.53
610.067	24177.98
610.269	23657.79
610.471	23201.1
610.673	23952.7
610.875	24085.82
611.077	23340.36
611.278	23186.76
611.48	23878.97
611.682	24450.36
611.884	23663.94
612.085	23276.87
612.287	23977.28
612.489	23999.8
612.69	23336.26
612.892	23874.88
613.094	25027.88
613.295	24096.06
613.497	23424.33
613.699	23690.56
613.9	24180.03
614.102	24347.96
614.304	23500.1
614.505	23192.9
614.707	24077.63
614.908	24141.11
615.11	23432.52
615.311	23567.68
615.513	23934.27
615.714	24466.74
615.916	23450.95
616.117	23770.43
616.319	23690.56
616.52	23948.61
616.722	23424.33
616.923	23598.4
617.124	24438.07
617.326	24235.32
617.527	23727.42
617.729	23921.98
617.93	24210.75
618.131	24649.01
618.333	23663.94
618.534	23915.84
618.735	24673.59
618.937	24651.06
619.138	23967.04
619.339	23565.64
619.54	24657.2
619.742	24284.47
619.943	24073.53
620.144	24085.82
620.345	24716.59
620.546	24827.18
620.748	23954.75
620.949	23964.99
621.15	24913.2
621.351	24616.24
621.552	23577.92
621.753	23704.9
621.954	24403.25
622.155	24933.68
622.356	23618.88
622.558	24210.75
622.759	24737.07
622.96	25005.36
623.161	23614.79
623.362	23809.34
623.563	24593.72
623.764	24513.84
623.965	23817.54
624.166	24458.55
624.366	24452.41
624.567	24859.95
624.768	24098.11
624.969	24139.07
625.17	24429.88
625.371	24292.66
625.572	24554.8
625.773	23973.18
625.973	24505.65
626.174	25134.38
626.375	24249.66
626.576	24370.49
626.777	24941.87
626.977	25154.86
627.178	24352.06
627.379	24444.21
627.58	24802.61
627.78	24651.06
627.981	24278.33
628.182	24360.25
628.382	25027.88
628.583	24560.95
628.784	24141.11
628.984	24425.78
629.185	24816.94
629.386	24859.95
629.586	24556.85
629.787	24280.38
629.987	25132.33
630.188	25361.7
630.388	24667.44
630.589	24694.07
630.79	25722.15
630.99	24970.54
631.191	24651.06
631.391	24806.7
631.591	25005.36
631.792	25310.5
631.992	24943.92
632.193	24968.49
632.393	25480.49
632.594	25333.03
632.794	24448.31
632.994	24933.68
633.195	25113.9
633.395	24782.13
633.595	24710.45
633.796	24806.7
633.996	25699.62
634.196	25097.52
634.397	24325.43
634.597	24810.8
634.797	25330.98
634.997	25683.23
635.198	25193.77
635.398	24696.11
635.598	25330.98
635.798	25591.08
635.998	25441.57
636.199	24706.35
636.399	25171.24
636.599	25019.69
636.799	25025.84
636.999	25118
637.199	25292.07
637.399	25675.04
637.599	24706.35
637.799	24810.8
637.999	25341.22
638.199	25640.23
638.399	25107.76
638.599	24859.95
638.799	25656.61
638.999	25931.04
639.199	25423.14
639.399	25052.46
639.599	25974.05
639.799	25269.55
639.999	24943.92
640.199	25120.04
640.399	25644.32
640.599	25330.98
640.799	25496.87
640.998	25533.73
641.198	25869.6
641.398	25525.54
641.598	25089.32
641.798	25031.98
641.997	26586.39
642.197	25390.38
642.397	25060.65
642.597	25083.18
642.796	25865.5
642.996	25621.8
643.196	25507.11
643.395	25122.09
643.595	25769.25
643.795	25580.84
643.994	25431.33
644.194	25308.46
644.394	26133.79
644.593	26219.8
644.793	25273.64
644.992	25685.28
645.192	25881.89
645.392	25464.1
645.591	25709.86
645.791	25490.73
645.99	26283.29
646.19	25597.22
646.389	25447.72
646.589	25169.19
646.788	25826.59
646.987	25742.63
647.187	25990.43
647.386	25650.47
647.586	25885.98
647.785	26547.48
647.984	25517.35
648.184	26074.4
648.383	25750.82
648.582	25980.19
648.782	25494.82
648.981	25591.08
649.18	25543.97
649.38	25838.88
649.579	25963.81
649.778	25593.12
649.977	26586.39
650.177	26328.34
650.376	25560.36
650.575	25453.86
650.774	26596.63
650.973	26305.82
651.173	25812.26
651.372	25994.53
651.571	26131.74
651.77	26348.82
651.969	25648.42
652.168	26029.34
652.367	26217.75
652.566	26098.97
652.765	25738.53
652.964	26600.72
653.163	26713.36
653.362	26318.11
653.561	25701.67
653.76	25937.18
653.959	26496.28
654.158	26930.45
654.357	26113.31
654.556	25998.62
654.755	26938.64
654.954	26952.98
655.153	25720.1
655.352	26465.56
655.551	27153.68
655.749	26963.22
655.948	26309.91
656.147	26545.43
656.346	26850.58
656.545	27043.09
656.743	26361.11
656.942	26449.18
657.141	26590.48
657.34	26752.27
657.538	26103.07
657.737	26318.11
657.936	26928.4
658.135	26260.76
658.333	26094.88
658.532	26676.5
658.731	26850.58
658.929	26955.02
659.128	26576.15
659.326	26137.88
659.525	27188.49
659.724	26836.24
659.922	25785.63
660.121	25873.7
660.319	26385.69
660.518	26256.67
660.716	26285.34
660.915	26365.21
661.113	27055.37
661.312	26586.39
661.51	26541.33
661.709	26426.65
661.907	26918.16
662.105	26977.55
662.304	26453.27
662.502	26395.93
662.701	27063.57
662.899	26858.77
663.097	26793.23
663.296	26344.73
663.494	27135.24
663.692	27180.3
663.891	26207.51
664.089	25947.42
664.287	26844.43
664.485	27137.29
664.684	26086.68
664.882	26271
665.08	26645.78
665.278	27065.61
665.476	26502.42
665.675	26676.5
665.873	27135.24
666.071	27260.17
666.269	26496.28
666.467	27024.65
666.665	27348.23
666.863	26854.67
667.061	26735.89
667.259	26576.15
667.457	26973.46
667.655	27299.08
667.853	26363.16
668.051	26844.43
668.249	26414.36
668.447	27254.03
668.645	26242.33
668.843	26914.06
669.041	26998.03
669.239	26629.4
669.437	26912.02
669.635	26946.83
669.833	26639.64
670.031	27032.85
670.229	26268.95
670.426	26555.67
670.624	26989.84
670.822	27073.81
671.02	26174.75
671.218	26592.53
671.415	26633.49
671.613	26592.53
671.811	26461.46
672.009	26621.2
672.206	27008.27
672.404	26676.5
672.602	26477.85
672.799	26791.19
672.997	26858.77
673.195	26957.07
673.392	26557.72
673.59	26019.1
673.788	26914.06
673.985	26092.83
674.183	26215.71
674.38	26135.84
674.578	27174.16
674.775	26512.66
674.973	26070.3
675.17	26150.17
675.368	27004.17
675.565	26596.63
675.763	26430.74
675.96	26438.94
676.158	26846.48
676.355	26463.51
676.553	25959.71
676.75	26393.88
676.947	26483.99
677.145	26299.67
677.342	26250.52
677.539	26088.73
677.737	27161.87
677.934	26924.3
678.131	26574.1
678.329	26477.85
678.526	27225.36
678.723	26959.12
678.92	26242.33
679.118	26154.27
679.315	26117.4
679.512	26795.28
679.709	26139.93
679.906	26297.63
680.104	26899.73
680.301	26418.46
680.498	25498.92
680.695	25689.38
680.892	26172.7
681.089	26414.36
681.286	26217.75
681.483	25785.63
681.68	26373.4
681.877	26924.3
682.075	26119.45
682.272	26139.93
682.469	26283.29
682.665	26400.02
682.862	26004.77
683.059	25621.8
683.256	26144.03
683.453	26385.69
683.65	25949.47
683.847	26283.29
684.044	26215.71
684.241	25668.9
684.438	25990.43
684.635	25337.13
684.831	26985.74
685.028	26696.98
685.225	25541.92
685.422	26160.41
685.619	26379.54
685.815	25916.7
686.012	25734.43
686.209	25402.66
686.405	25670.95
686.602	26150.17
686.799	25578.79
686.996	25384.23
687.192	25928.99
687.389	26785.04
687.586	25593.12
687.782	25662.76
687.979	26854.67
688.175	25646.37
688.372	25271.59
688.568	25357.61
688.765	25595.17
688.962	25978.14
689.158	25478.44
689.355	25351.46
689.551	25566.5
689.748	25840.93
689.944	25842.98
690.14	25634.08
690.337	25892.13
690.533	26148.12
690.73	25443.62
690.926	25507.11
691.123	25564.45
691.319	25812.26
691.515	25054.51
691.712	25283.88
691.908	25619.75
692.104	25705.76
692.301	25679.14
692.497	25056.56
692.693	26049.82
692.889	25503.01
693.086	25328.94
693.282	24894.77
693.478	25650.47
693.674	26256.67
693.87	25490.73
694.067	25236.78
694.263	25681.19
694.459	25464.1
694.655	25503.01
694.851	25756.96
695.047	25904.42
695.243	25992.48
695.439	25038.12
695.635	25118
695.831	25439.53
696.027	25423.14
696.224	24827.18
696.42	25627.94
696.615	25675.04
696.811	25427.24
697.007	24722.74
697.203	24907.05
697.399	25296.17
697.595	24974.64
697.791	24855.86
697.987	24982.83
698.183	25419.05
698.379	25013.55
698.575	24694.07
698.77	24929.58
698.966	25476.39
699.162	25218.35
699.358	24790.32
699.554	24952.11
699.749	25554.21
699.945	25287.98
700.141	25077.04
700.337	24827.18
700.532	25027.88
700.728	24806.7
700.924	24749.36
701.119	24683.83
701.315	25234.73
701.511	24866.1
701.706	25152.81
701.902	24208.7
702.097	25019.69
702.293	25560.36
702.489	24466.74
702.684	24663.35
702.88	25376.04
703.075	25144.62
703.271	24554.8
703.466	24739.12
703.662	25093.42
703.857	25267.5
704.053	24915.25
704.248	24728.88
704.443	25603.36
704.639	25322.79
704.834	24583.48
705.03	24794.42
705.225	25253.16
705.42	25378.09
705.616	24937.77
705.811	24503.6
706.006	25238.83
706.202	24814.9
706.397	24417.59
706.592	24247.61
706.787	25023.79
706.983	24556.85
707.178	25480.49
707.373	24509.75
707.568	24784.18
707.763	25236.78
707.959	24390.97
708.154	24450.36
708.349	24876.34
708.544	25122.09
708.739	24708.4
708.934	24298.81
709.129	25050.41
709.324	25095.47
709.519	24536.37
709.714	24315.19
709.909	25122.09
710.104	25005.36
710.299	24362.29
710.494	24464.69
710.689	24798.51
710.884	24548.66
711.079	23936.32
711.274	24229.18
711.469	24624.43
711.664	24886.57
711.859	24638.77
712.054	24253.75
712.249	24923.44
712.443	25179.43
712.638	23997.76
712.833	23741.76
713.028	24456.5
713.223	24157.5
713.417	24519.99
713.612	24089.92
713.807	24935.73
714.002	25380.14
714.196	24587.57
714.391	24161.59
714.586	24669.49
714.78	24720.69
714.975	24122.68
715.17	24089.92
715.364	24685.87
715.559	25072.94
715.754	23332.17
715.948	23868.73
716.143	24790.32
716.337	24227.13
716.532	24456.5
716.726	24145.21
716.921	24372.53
717.115	24450.36
717.31	23725.38
717.504	25185.58
717.699	24216.89
717.893	24393.01
718.088	23629.12
718.282	23520.58
718.476	24046.91
718.671	24184.12
718.865	23559.49
719.059	23657.79
719.254	23741.76
719.448	24491.32
719.642	26572.05
719.837	23461.19
720.031	25998.62
720.225	23823.68
720.419	23950.65
720.614	23516.48
720.808	24077.63
721.002	23774.53
721.196	23559.49
721.39	23696.71
721.585	23956.8
721.779	24493.36
721.973	23389.51
722.167	23211.34
722.361	23958.85
722.555	24388.92
722.749	23094.6
722.943	23338.31
723.137	23655.75
723.331	23897.41
723.525	23453
723.719	23350.6
723.913	24012.09
724.107	24098.11
724.301	23051.59
724.495	23315.78
724.689	23977.28
724.883	23455.04
725.077	22844.75
725.271	23008.59
725.465	23496
725.659	23158.09
725.853	23309.64
726.046	22975.82
726.24	22981.96
726.434	23459.14
726.628	22879.57
726.822	23084.36
727.015	23921.98
727.209	24094.01
727.403	23379.27
727.596	22947.15
727.79	23510.34
727.984	23903.55
728.177	23139.66
728.371	23291.21
728.565	23493.96
728.758	23221.58
728.952	23153.99
729.146	22732.11
729.339	23620.93
729.533	23381.32
729.726	23401.8
729.92	23151.95
730.113	23717.18
730.307	23342.41
730.5	23024.97
730.694	22992.2
730.887	23465.28
731.081	23854.4
731.274	22779.22
731.468	22984.01
731.661	23549.25
731.854	23067.98
732.048	22967.63
732.241	23197
732.435	23334.21
732.628	23377.22
732.821	23242.06
733.014	22938.96
733.208	23205.19
733.401	23657.79
733.594	23061.83
733.788	22818.13
733.981	23731.52
734.174	23719.23
734.367	22988.11
734.56	23371.08
734.754	23590.21
734.947	23700.8
735.14	23108.94
735.333	23522.63
735.526	23829.82
735.719	23131.47
735.912	22551.89
736.105	23149.9
736.298	23625.03
736.491	23721.28
736.684	23035.21
736.877	22863.18
737.07	23627.07
737.263	23854.4
737.456	23020.88
737.649	22852.94
737.842	23717.18
738.035	23598.4
738.228	22922.57
738.421	23342.41
738.614	23766.34
738.807	23778.62
739	22846.8
739.192	22752.59
739.385	23258.44
739.578	23360.84
739.771	23192.9
739.964	22621.52
740.156	23422.28
740.349	23098.7
740.542	23131.47
740.735	22560.08
740.927	22875.47
741.12	22842.7
741.313	22160.73
741.505	23041.36
741.698	23172.43
741.891	23147.85
742.083	22762.83
742.276	22648.15
742.468	23541.06
742.661	23043.4
742.854	22508.88
743.046	22400.34
743.239	23272.78
743.431	23600.45
743.624	22418.77
743.816	22173.02
744.009	23055.69
744.201	23113.03
744.393	22877.52
744.586	22146.39
744.778	22998.35
744.971	22930.76
745.163	22424.92
745.355	22562.13
745.548	22857.04
745.74	23063.88
745.932	22179.16
746.125	22523.22
746.317	23475.52
746.509	22981.96
746.702	22693.2
746.894	22375.77
747.086	22936.91
747.278	23098.7
747.471	22635.86
747.663	22357.33
747.855	23237.96
748.047	23553.35
748.239	22402.39
748.431	22619.47
748.623	23448.9
748.815	23078.22
749.008	22287.7
749.2	22529.36
749.392	22740.3
749.584	22787.41
749.776	22400.34
749.968	22725.97
750.16	23455.04
750.352	22891.85
750.544	22478.16
750.736	22154.58
750.928	22920.52
751.12	22881.61
751.311	22277.46
751.503	22506.84
751.695	22687.06
751.887	22811.98
752.079	22158.68
752.271	22123.87
752.463	23350.6
752.654	22476.12
752.846	22076.76
753.038	22021.47
753.23	22445.4
753.421	22668.62
753.613	22170.97
753.805	22289.75
753.997	22441.3
754.188	22914.38
754.38	21861.73
754.572	21792.09
754.763	22512.98
754.955	22459.73
755.146	21941.6
755.338	21861.73
755.53	22394.2
755.721	22572.37
755.913	21388.64
756.104	21374.31
756.296	22060.38
756.487	22566.23
756.679	21755.23
756.87	21624.16
757.062	21984.6
757.253	22164.82
757.445	21898.59
757.636	22029.66
757.827	22383.96
758.019	23270.73
758.21	21321.06
758.401	21562.72
758.593	22469.97
758.784	22074.71
758.975	21200.23
759.167	21130.6
759.358	21740.89
759.549	22189.4
759.74	21327.21
759.932	21077.35
760.123	21804.38
760.314	21939.55
760.505	21095.78
760.696	21083.5
760.888	21710.18
761.079	21644.64
761.27	21202.28
761.461	20794.73
761.652	22138.2
761.843	21505.38
762.034	21300.58
762.225	21611.87
762.416	21695.84
762.607	21486.95
762.798	20618.61
762.989	21011.82
763.18	22486.36
763.371	21218.66
763.562	20833.64
763.753	20876.65
763.944	21536.1
764.135	21572.96
764.326	21163.37
764.517	21046.63
764.708	21323.11
764.899	21257.57
765.089	20288.89
765.28	20497.78
765.471	20817.26
765.662	21237.09
765.853	20807.02
766.043	20530.55
766.234	21169.51
766.425	20925.8
766.615	20329.84
766.806	20170.1
766.997	20903.28
767.187	20823.4
767.378	20206.97
767.569	20141.43
767.759	20735.34
767.95	20618.61
768.141	20354.42
768.331	20079.99
768.522	20770.16
768.712	20802.93
768.903	19881.34
769.093	19950.97
769.284	20678
769.474	20825.45
769.665	19572.1
769.855	19590.53
770.046	20872.56
770.236	20362.61
770.426	20166.01
770.617	19987.83
770.807	20395.38
770.998	20403.57
771.188	20467.06
771.378	20153.72
771.569	20725.1
771.759	20690.29
771.949	19860.86
772.139	19815.8
772.33	20184.44
772.52	20415.86
772.71	19828.09
772.9	19654.01
773.09	20288.89
773.281	20841.84
773.471	19920.25
773.661	19748.22
773.851	20012.41
774.041	20116.86
774.231	19305.86
774.421	19846.52
774.611	20024.7
774.802	20168.05
774.992	19484.03
775.182	19146.12
775.372	19826.04
775.562	19821.95
775.752	19361.16
775.942	19232.13
776.131	20036.98
776.321	19891.58
776.511	18814.35
776.701	19023.24
776.891	19936.63
777.081	19676.54
777.271	19527.04
777.461	19273.09
777.651	20209.01
777.84	20000.12
778.03	19379.59
778.22	19195.27
778.41	19641.73
778.599	19355.01
778.789	19056.01
778.979	18906.51
779.169	19322.24
779.358	19361.16
779.548	19109.26
779.738	18701.71
779.927	19332.48
780.117	18947.47
780.307	18679.18
780.496	18279.83
780.686	19565.95
780.875	19719.55
781.065	18726.28
781.254	18720.14
781.444	19473.79
781.633	19060.1
781.823	18693.52
782.012	18933.13
782.202	18955.66
782.391	18830.73
782.581	18441.62
782.77	18896.27
782.96	19494.27
783.149	18738.57
783.338	18259.35
783.528	18255.25
783.717	19174.79
783.906	19502.47
784.096	18478.48
784.285	18060.7
784.474	18830.73
784.663	18814.35
784.853	18382.23
785.042	18261.4
785.231	18861.45
785.42	18867.59
785.61	18597.26
785.799	18079.13
785.988	19142.02
786.177	18529.68
786.366	18234.77
786.555	18920.84
786.744	18974.09
786.933	18812.3
787.122	18025.88
787.312	18068.89
787.501	18613.65
787.69	18750.86
787.879	17782.17
788.068	17849.75
788.257	18109.85
788.445	18412.95
788.634	18032.02
788.823	17462.69
789.012	18863.5
789.201	18525.58
789.39	17702.3
789.579	17565.09
789.768	18521.49
789.957	18187.67
790.145	17511.84
790.334	17278.37
790.523	17765.79
790.712	17911.19
790.9	17530.27
791.089	17163.68
791.278	18197.91
791.467	18077.08
791.655	17937.82
791.844	18367.89
792.033	18023.83
792.221	17794.46
792.41	17040.81
792.599	16967.08
792.787	18005.4
792.976	17880.47
793.164	17421.73
793.353	17266.08
793.541	18017.69
793.73	17849.75
793.918	17593.76
794.107	17251.75
794.295	17751.45
794.484	17663.39
794.672	17231.27
794.861	17055.14
795.049	17755.55
795.238	18146.71
795.426	17182.12
795.614	16831.91
795.803	17966.49
795.991	18183.57
796.179	17149.35
796.368	17051.05
796.556	17761.69
796.744	17429.92
796.932	17005.99
797.121	16641.45
797.309	17397.15
797.497	17968.54
797.685	16983.46
797.874	16850.35
798.062	17808.79
798.25	17950.1
798.438	16782.76
798.626	16946.6
798.814	17882.52
799.002	17833.37
799.19	17010.09
799.378	16750
799.566	17477.02
799.755	17679.77
799.943	16881.07
800.131	17024.42
800.318	17528.22
800.506	17571.23
800.694	16811.43
800.882	17089.96
801.07	18009.5
801.258	17687.96
801.446	17147.3
801.634	17292.71
801.822	17450.4
802.01	17751.45
802.197	16971.18
802.385	17348
802.573	17757.6
802.761	17397.15
802.949	17038.76
803.136	16893.35
803.324	17610.14
803.512	17360.29
803.699	17032.61
803.887	16797.1
804.075	17644.96
804.262	17462.69
804.45	16768.43
804.638	17348
804.825	17575.33
805.013	17192.36
805.201	17132.97
805.388	16537.01
805.576	17229.22
805.763	17763.74
805.951	16706.99
806.138	17096.1
806.326	17761.69
806.513	17360.29
806.701	16803.24
806.888	17071.53
807.075	17515.94
807.263	17589.66
807.45	16870.83
807.638	16891.3
807.825	17821.08
808.012	17849.75
808.2	16811.43
808.387	17585.57
808.574	17690.01
808.761	18036.12
808.949	16911.78
809.136	16985.51
809.323	17411.49
809.51	17546.65
809.698	17452.45
809.885	17436.06
810.072	17984.92
810.259	18093.46
810.446	17409.44
810.633	17407.39
810.82	18029.98
811.008	18306.45
811.195	17612.19
811.382	17304.99
811.569	18101.65
811.756	17700.25
811.943	17192.36
812.13	17378.72
812.317	17636.77
812.504	17720.73
812.691	17409.44
812.878	17352.1
813.064	18156.95
813.251	17728.92
813.438	17270.18
813.625	17429.92
813.812	17943.96
813.999	17890.71
814.186	17474.98
814.372	17257.89
814.559	18343.31
814.746	17993.11
814.933	17307.04
815.12	17526.18
815.306	17927.58
815.493	17477.02
815.68	17325.47
815.866	17223.08
816.053	18052.5
816.24	18136.47
816.426	17563.04
816.613	17163.68
816.799	18042.26
816.986	18011.54
817.173	17108.39
817.359	17055.14
817.546	17810.84
817.732	17563.04
817.919	17229.22
818.105	17606.05
818.292	17700.25
818.478	18185.62
818.665	17479.07
818.851	17302.95
819.037	18435.47
819.224	18230.68
819.41	16922.02
819.597	17145.25
819.783	18498.96
819.969	17841.56
820.156	17190.31
820.342	17087.91
820.528	19598.72
820.714	17806.75
820.901	17692.06
821.087	17122.73
821.273	17933.72
821.459	17819.03
821.646	17089.96
821.832	16891.3
822.018	17706.4
822.204	17350.05
822.39	16795.05
822.576	16887.21
822.762	17669.53
822.948	17581.47
823.134	17261.99
823.32	16790.95
823.507	16973.22
823.693	17419.68
823.879	17429.92
824.065	16477.62
824.25	17135.01
824.436	17137.06
824.622	16401.84
824.808	16582.06
824.994	16965.03
825.18	17161.64
825.366	16461.23
825.552	16537.01
825.738	17419.68
825.923	17386.91
826.109	16819.63
826.295	16573.87
826.481	16887.21
826.667	16930.22
826.852	16909.74
827.038	16522.67
827.224	17456.54
827.409	17341.86
827.595	16184.76
827.781	16854.44
827.966	17440.16
828.152	17069.48
828.338	16426.42
828.523	16070.07
828.709	16688.56
828.894	16498.09
829.08	15871.42
829.266	15959.48
829.451	16453.04
829.637	16760.23
829.822	16123.32
830.008	16287.15
830.193	16465.33
830.378	16709.04
830.564	16190.9
830.749	15789.5
830.935	16825.77
831.12	16362.93
831.305	15963.58
831.491	16074.17
831.676	16270.77
831.861	16729.52
832.047	16123.32
832.232	15836.6
832.417	16625.07
832.602	16881.07
832.788	15916.47
832.973	15893.94
833.158	16297.39
833.343	16025.01
833.528	15748.54
833.714	15850.94
833.899	16287.15
834.084	16655.79
834.269	16113.08
834.454	15719.87
834.639	16289.2
834.824	16219.57
835.009	15797.69
835.194	15920.57
835.379	16852.39
835.564	16672.17
835.749	15943.1
835.934	15508.93
836.119	16121.27
836.304	16000.44
836.489	15508.93
836.674	15785.4
836.859	16223.67
837.044	16500.14
837.228	15900.09
837.413	15330.75
837.598	16053.69
837.783	16385.46
837.968	15482.3
838.152	15164.87
838.337	15631.8
838.522	16633.26
838.707	16162.23
838.891	15711.67
839.076	15758.78
839.261	15777.21
839.445	15766.97
839.63	15812.03
839.815	16301.49
839.999	15846.84
840.184	15080.9
840.368	15332.8
840.553	16131.51
840.737	15883.7
840.922	15025.61
841.106	15087.04
841.291	15441.34
841.475	15775.16
841.66	15109.57
841.844	15123.91
842.029	16391.6
842.213	15582.65
842.397	15144.39
842.582	14616.01
842.766	15715.77
842.951	15777.21
843.135	14939.59
843.319	15214.02
843.504	15455.68
843.688	16190.9
843.872	14544.33
844.056	14867.91
844.241	15693.24
844.425	15105.48
844.609	14771.66
844.793	14489.04
844.977	15472.06
845.161	15050.18
845.346	14581.2
845.53	14820.81
845.714	15265.22
845.898	15482.3
846.082	14151.12
846.266	14339.54
846.45	14968.26
846.634	15197.63
846.818	14298.58
847.002	14749.13
847.186	15232.45
847.37	14550.48
847.554	14312.91
847.738	14493.13
847.922	14898.63
848.106	15005.13
848.29	14192.08
848.473	14312.91
848.657	14878.15
848.841	14745.03
849.025	14345.68
849.209	13983.19
849.392	14876.1
849.576	14636.49
849.76	13897.17
849.944	14216.66
850.127	15005.13
850.311	14650.83
850.495	14104.02
850.678	14116.31
850.862	15199.68
851.046	14923.21
851.229	14601.68
851.413	14022.1
851.596	14683.59
851.78	14761.42
851.964	14071.25
852.147	14116.31
852.331	15119.81
852.514	14937.54
852.698	13858.26
852.881	13379.04
853.065	14583.24
853.248	14419.41
853.431	13964.76
853.615	13921.75
853.798	15199.68
853.982	14349.78
854.165	13975
854.348	13690.33
854.532	14067.16
854.715	14288.34
854.898	13952.47
855.081	13544.92
855.265	14894.54
855.448	14941.64
855.631	13493.72
855.814	13522.4
855.997	14378.45
856.181	14364.11
856.364	13936.09
856.547	13442.53
856.73	14579.15
856.913	14446.03
857.096	13352.41
857.279	13637.08
857.462	14024.15
857.645	14067.16
857.828	13618.65
858.011	13430.24
858.194	13866.46
858.377	13723.1
858.56	12955.11
858.743	13311.46
858.926	13714.91
859.109	13862.36
859.292	12893.67
859.475	13043.17
859.658	13827.54
859.841	13719
860.023	12756.46
860.206	12664.3
860.389	13682.14
860.572	13563.36
860.755	12754.41
860.937	12934.63
861.12	13344.22
861.303	13620.7
861.486	12951.01
861.668	13037.03
861.851	13071.84
862.034	13313.5
862.216	12697.06
862.399	12482.03
862.581	13297.12
862.764	13125.09
862.947	12406.25
863.129	12385.77
863.312	12948.97
863.494	13295.07
863.677	13120.99
863.859	12361.2
864.042	13280.74
864.224	13276.64
864.406	12717.54
864.589	12260.85
864.771	13155.81
864.954	13026.79
865.136	12674.54
865.318	12525.04
865.501	13850.07
865.683	12703.21
865.865	12248.56
866.048	12316.14
866.23	13344.22
866.412	12961.25
866.594	12203.5
866.777	12226.03
866.959	12619.24
867.141	12891.62
867.323	12445.16
867.505	12221.94
867.687	12690.92
867.869	12924.39
868.052	12187.12
868.234	12201.46
868.416	12850.66
868.598	13280.74
868.78	12129.78
868.962	11720.18
869.144	13014.5
869.326	12508.65
869.508	11961.84
869.69	12049.91
869.872	12473.84
870.054	13080.04
870.236	12070.39
870.417	11851.25
870.599	12486.12
870.781	13260.26
870.963	12254.7
871.145	12123.63
871.327	12707.3
871.508	13034.98
871.69	12140.02
871.872	12228.08
872.054	12555.76
872.235	12887.53
872.417	12117.49
872.599	11847.16
872.78	13405.66
872.962	12439.02
873.144	11945.46
873.325	12066.29
873.507	13094.37
873.689	12592.62
873.87	11802.1
874.052	12027.38
874.233	12273.14
874.415	12862.95
874.596	12066.29
874.778	11642.36
874.959	12580.33
875.141	12815.85
875.322	11935.22
875.503	11800.05
875.685	12305.9
875.866	11992.56
876.048	11752.95
876.229	11734.52
876.41	12531.18
876.592	12645.87
876.773	12183.02
876.954	11748.86
877.136	12920.29
877.317	12473.84
877.498	11765.24
877.679	12031.48
877.86	12631.53
878.042	12510.7
878.223	11881.97
878.404	12584.43
878.585	12549.61
878.766	14405.07
878.947	12422.64
879.128	12250.61
879.309	12504.56
879.49	13047.27
879.672	12205.55
879.853	12123.63
880.034	12072.43
880.215	12613.1
880.396	12131.83
880.576	12101.11
880.757	12533.23
880.938	13503.96
881.119	12170.74
881.3	12045.81
881.481	12619.24
881.662	13579.74
881.843	11824.63
882.023	11974.13
882.204	13254.11
882.385	12459.5
882.566	12070.39
882.747	12330.48
882.927	12801.51
883.108	12834.28
883.289	12207.6
883.469	12559.85
883.65	12875.24
883.831	12940.77
884.011	12707.3
884.192	12391.92
884.373	13080.04
884.553	13018.6
884.734	12768.74
884.914	13039.08
885.095	14286.29
885.275	13465.05
885.456	12983.78
885.636	12514.8
885.817	13147.62
885.997	13323.74
886.178	12533.23
886.358	12551.66
886.538	12961.25
886.719	14699.98
886.899	12547.56
887.08	12969.44
887.26	13184.48
887.44	12778.98
887.621	12522.99
887.801	12711.4
887.981	13553.12
888.161	13684.19
888.342	12541.42
888.522	12459.5
888.702	13327.84
888.882	13088.23
889.062	12561.9
889.242	12033.52
889.423	13440.48
889.603	13194.72
889.783	12705.26
889.963	12449.26
890.143	13077.99
890.323	13514.2
890.503	12975.59
890.683	12795.37
890.863	13299.17
891.043	13213.15
891.223	12803.56
891.403	13020.64
891.583	13209.06
891.763	13540.83
891.943	13037.03
892.122	12981.73
892.302	13266.4
892.482	13325.79
892.662	13039.08
892.842	12922.34
893.022	13221.34
893.201	13370.85
893.381	12914.15
893.561	12656.11
893.741	13491.68
893.92	12983.78
894.1	12979.68
894.28	12842.47
894.459	13622.75
894.639	13362.65
894.819	12514.8
894.998	12918.25
895.178	13739.48
895.357	13186.53
895.537	12680.68
895.716	12443.12
895.896	13086.18
896.075	13610.46
896.255	12584.43
896.434	12195.31
896.614	13575.64
896.793	13467.1
896.973	12891.62
897.152	12369.39
897.331	13250.02
897.511	13190.63
897.69	12338.67
897.87	12475.88
898.049	12733.93
898.228	12807.66
898.407	12744.17
898.587	12744.17
898.766	12840.42
898.945	12946.92
899.124	12783.08
899.304	12178.93
899.483	12983.78
899.662	13149.67
899.841	12129.78
900.02	12025.33
900.199	12740.07
900.378	12719.59
900.557	11967.99
900.737	11884.02
900.916	12201.46
901.095	12371.44
901.274	12088.82
901.453	11933.17
901.632	12035.57
901.811	12105.2
901.989	11566.59
902.168	11453.95
902.347	12301.81
902.526	12000.76
902.705	11558.39
902.884	11820.53
903.063	12568.04
903.242	12273.14
903.42	11603.45
903.599	11574.78
903.778	12205.55
903.957	12283.38
904.135	11757.05
904.314	11429.37
904.493	11795.96
904.672	11472.38
904.85	11245.06
905.029	11279.87
905.207	11390.46
905.386	12293.62
905.565	10571.27
905.743	10731.01
905.922	11310.59
906.1	11140.61
906.279	10143.25
906.457	10507.79
906.636	11144.7
906.814	10991.11
906.993	10354.19
907.171	10309.13
907.35	10839.56
907.528	11392.51
907.707	10417.68
907.885	9926.16
908.063	10984.96
908.242	10601.99
908.42	10169.87
908.598	9774.61
908.777	10788.36
908.955	10618.38
909.133	10380.81
909.311	10092.05
909.49	10585.61
909.668	10675.72
909.846	10108.43
910.024	9866.77
910.202	10763.78
910.38	11085.31
910.559	10182.16
910.737	10270.22
910.915	11087.36
911.093	11126.27
911.271	10610.18
911.449	10784.26
911.627	11240.96
911.805	11773.43
911.983	10575.37
912.161	10274.32
912.339	10860.04
912.517	11466.24
912.695	10839.56
912.872	10606.09
913.05	11101.7
913.228	11200
913.406	10667.53
913.584	10419.72
913.762	11261.44
913.939	11089.41
914.117	10591.75
914.295	10526.22
914.473	10759.69
914.65	11245.06
914.828	10458.64
915.006	10487.31
915.184	10788.36
915.361	10980.87
915.539	10577.42
915.716	10612.23
915.894	10806.79
916.072	10874.37
916.249	10933.76
916.427	10561.03
916.604	10567.18
916.782	10970.63
916.959	10196.5
917.137	10198.54
917.314	10712.58
917.492	10776.07
917.669	10423.82
917.847	10085.9
918.024	10753.54
918.201	10466.83
918.379	10421.77
918.556	10157.58
918.733	10702.34
918.911	10376.72
919.088	10509.83
919.265	10307.09
919.442	10522.12
919.62	10671.62
919.797	10040.85
919.974	9758.23
920.151	10753.54
920.328	10245.65
920.506	9960.98
920.683	10090
920.86	10133.01
921.037	10429.96
921.214	9852.44
921.391	9666.07
921.568	10380.81
921.745	10384.91
921.922	9848.34
922.099	9909.78
922.276	10227.21
922.453	10171.92
922.63	9565.72
922.807	10110.48
922.984	10190.35
923.161	10159.63
923.338	9881.11
923.514	9567.77
923.691	10346
923.868	10417.68
924.045	9780.76
924.222	9551.38
924.399	10266.13
924.575	10106.38
924.752	9737.75
924.929	9555.48
925.105	9942.55
925.282	9754.13
925.459	9573.91
925.635	9852.44
925.812	9891.35
925.989	9868.82
926.165	9625.11
926.342	9160.22
926.518	9692.69
926.695	9733.65
926.871	9231.9
927.048	9199.13
927.224	9893.4
927.401	9408.03
927.577	9414.17
927.754	8934.95
927.93	9704.98
928.107	9836.05
928.283	8951.33
928.459	9297.44
928.636	9651.74
928.812	9352.73
928.988	8705.57
929.165	8537.64
929.341	9293.34
929.517	9297.44
929.693	9289.24
929.87	8314.41
930.046	9344.54
930.222	8945.19
930.398	8449.58
930.574	8758.82
930.751	8930.85
930.927	8975.91
931.103	8611.37
931.279	8345.13
931.455	8846.88
931.631	8853.03
931.807	8017.46
931.983	7958.07
932.159	8287.79
932.335	8662.57
932.511	8080.94
932.687	7857.71
932.863	8439.34
933.039	8576.55
933.215	7743.03
933.391	7552.57
933.566	8414.76
933.742	8246.83
933.918	7839.28
934.094	7425.59
934.27	8115.76
934.445	7900.72
934.621	7847.47
934.797	7411.26
934.973	7972.4
935.148	7540.28
935.324	6952.51
935.5	6907.46
935.675	7601.72
935.851	7611.96
936.027	7255.61
936.202	6993.47
936.378	7497.27
936.553	7288.38
936.729	7484.98
936.904	6590.02
937.08	6788.68
937.255	6641.22
937.431	6426.18
937.606	6096.46
937.782	6166.09
937.957	6731.33
938.133	5969.49
938.308	5674.58
938.483	6282.83
938.659	5858.9
938.834	5793.36
939.009	5445.21
939.185	6053.45
939.36	5541.46
939.535	4818.53
939.71	5351
939.886	5834.32
940.061	5340.76
940.236	5492.31
940.411	5119.58
940.586	5330.52
940.761	5457.5
940.937	4965.98
941.112	4648.55
941.287	4986.46
941.462	5095
941.637	4497
941.812	4955.74
941.987	4984.41
942.162	4931.17
942.337	4765.28
942.512	4515.43
942.687	5502.55
942.862	5023.33
943.037	4318.82
943.212	4226.67
943.386	4736.61
943.561	4900.45
943.736	4705.89
943.911	5176.92
944.086	5189.21
944.26	4931.17
944.435	4466.28
944.61	4730.47
944.785	4867.68
944.959	5488.21
945.134	4331.11
945.309	4365.93
945.483	4507.24
945.658	4961.89
945.833	4089.45
946.007	4318.82
946.182	5138.01
946.357	4677.22
946.531	4288.11
946.706	4550.25
946.88	4568.68
947.055	5074.53
947.229	4322.92
947.404	4314.73
947.578	4798.05
947.752	5035.61
947.927	4296.3
948.101	4210.28
948.276	5221.98
948.45	5056.09
948.624	4935.26
948.799	4509.29
948.973	4945.5
949.147	4691.56
949.321	4453.99
949.496	4648.55
949.67	5430.87
949.844	4992.61
950.018	4548.2
950.193	4609.64
950.367	5684.82
950.541	4970.08
950.715	4785.76
950.889	4935.26
951.063	5244.51
951.237	5174.88
951.411	4562.53
951.585	4628.07
951.759	5398.1
951.933	5199.45
952.107	4554.34
952.281	5117.53
952.455	5543.51
952.629	5348.95
952.803	5092.96
952.977	4834.91
953.151	5566.04
953.325	5277.27
953.499	5189.21
953.672	4664.93
953.846	5123.68
954.02	5318.23
954.194	4890.21
954.368	4953.7
954.541	5674.58
954.715	5428.82
954.889	5240.41
955.062	4714.08
955.236	5346.91
955.41	5219.93
955.583	5297.75
955.757	4867.68
955.93	5541.46
956.104	5185.12
956.278	4906.59
956.451	5039.71
956.625	5506.65
956.798	5840.47
956.972	5408.34
957.145	4714.08
957.319	5744.21
957.492	5437.02
957.665	5224.03
957.839	4920.93
958.012	5449.3
958.185	5285.47
958.359	5095
958.532	5264.99
958.705	5520.98
958.879	5369.43
959.052	5113.44
959.225	4761.19
959.398	5602.9
959.572	5504.6
959.745	4982.37
959.918	5166.68
960.091	5576.28
960.264	5731.92
960.438	4839.01
960.611	4908.64
960.784	5838.42
960.957	5260.89
961.13	5650
961.303	5004.89
961.476	5443.16
961.649	5830.23
961.822	5017.18
961.995	5346.91
962.168	5394.01
962.341	5686.87
962.514	5052
962.686	5002.85
962.859	5729.88
963.032	5647.96
963.205	5076.57
963.378	4830.82
963.551	5416.54
963.723	5295.71
963.896	5385.82
964.069	5459.54
964.242	5412.44
964.414	6043.21
964.587	5170.78
964.76	5215.84
964.932	5570.13
965.105	5531.22
965.278	4986.46
965.45	5047.9
965.623	5514.84
965.795	5455.45
965.968	4953.7
966.14	4925.02
966.313	5355.1
966.485	5355.1
966.658	4822.63
966.83	4998.75
967.003	5424.73
967.175	5494.36
967.348	4888.16
967.52	5088.86
967.692	5975.63
967.865	5473.88
968.037	5060.19
968.209	5322.33
968.382	5496.41
968.554	5533.27
968.726	4935.26
968.898	4935.26
969.071	5625.43
969.243	5314.14
969.415	5019.23
969.587	5013.09
969.759	5787.22
969.932	5330.52
970.104	5013.09
970.276	4484.71
970.448	5299.8
970.62	5256.79
970.792	4863.58
970.964	5002.85
971.136	5680.72
971.308	5496.41
971.48	4755.04
971.652	4879.97
971.824	5678.68
971.996	5070.43
972.168	4869.73
972.339	4851.3
972.511	5105.24
972.683	5199.45
972.855	5119.58
973.027	4626.02
973.199	5221.98
973.37	5193.31
973.542	4701.79
973.714	4869.73
973.886	4978.27
974.057	5224.03
974.229	4570.72
974.401	4619.88
974.572	4771.43
974.744	4677.22
974.915	4445.8
975.087	4482.66
975.259	5273.18
975.43	4800.1
975.602	4357.74
975.773	4392.55
975.945	4742.75
976.116	5133.92
976.288	4284.01
976.459	4781.67
976.63	4761.19
976.802	4781.67
976.973	4488.81
977.145	4783.71
977.316	5592.66
977.487	5650
977.659	4697.7
977.83	4654.69
978.001	5113.44
978.172	4836.96
978.344	4443.75
978.515	4335.21
978.686	4648.55
978.857	5191.26
979.028	4257.39
979.2	4202.09
979.371	5121.63
979.542	4712.03
979.713	4431.46
979.884	3810.93
980.055	4517.48
980.226	4779.62
980.397	4271.72
980.568	4011.63
980.739	5021.28
980.91	4505.19
981.081	4525.67
981.252	4216.43
981.423	4646.5
981.594	4552.29
981.765	3995.25
981.936	4331.11
982.106	4640.36
982.277	4814.43
982.448	4114.03
982.619	4320.87
982.79	4273.77
982.96	4662.88
983.131	4290.15
983.302	3743.35
983.472	4429.42
983.643	4453.99
983.814	4150.89
983.984	3905.14
984.155	4331.11
984.326	4261.48
984.496	4021.87
984.667	4159.08
984.837	3843.7
985.008	4585.06
985.178	4236.91
985.349	3872.37
985.519	4294.25
985.69	3950.19
985.86	3825.26
986.031	3823.22
986.201	4390.5
986.371	4048.49
986.542	3587.7
986.712	3389.05
986.882	4251.24
987.053	4249.19
987.223	3589.75
987.393	4081.26
987.563	3950.19
987.734	4212.33
987.904	4367.98
988.074	3712.63
988.244	3919.47
988.414	4011.63
988.585	3579.51
988.755	3665.52
988.925	3888.75
989.095	4456.04
989.265	3499.64
989.435	3743.35
989.605	4021.87
989.775	4267.63
989.945	3843.7
990.115	3376.76
990.285	3929.71
990.455	3958.38
990.625	3565.17
990.795	3376.76
990.965	4259.43
991.134	3673.71
991.304	3335.8
991.474	3468.92
991.644	4068.97
991.814	4187.75
991.984	3106.43
992.153	3241.59
992.323	3538.55
992.493	3942
992.662	3210.87
992.832	3501.69
993.002	3540.6
993.171	3950.19
993.341	2975.36
993.511	3231.35
993.68	3569.27
993.85	3757.68
994.019	3165.82
994.189	2879.1
994.358	3415.67
994.528	3618.42
994.697	2813.57
994.867	3092.09
995.036	3708.53
995.206	3415.67
995.375	3090.04
995.544	3446.39
995.714	3847.79
995.883	3591.8
996.052	3214.97
996.222	2715.27
996.391	3901.04
996.56	3450.49
996.73	2897.53
996.899	2733.7
997.068	3763.83
997.237	3432.05
997.406	2860.67
997.576	2782.85
997.745	3815.02
997.914	3356.28
998.083	2707.07
998.252	2848.38
998.421	3446.39
998.59	3077.76
998.759	2795.14
998.928	2506.37
999.097	3458.68
999.266	3473.01
999.435	3161.72
999.604	2406.02
999.773	3700.34
999.942	3120.76
1000.111	2567.81
1000.28	2453.13
1000.448	3137.15
1000.617	3075.71
1000.786	2942.59
1000.955	2492.04
1001.124	3382.9
1001.292	3741.3
1001.461	2721.41
1001.63	2561.67
1001.798	3268.22
1001.967	3255.93
1002.136	2424.45
1002.304	2449.03
1002.473	3159.67
1002.642	3073.66
1002.81	2578.05
1002.979	2649.73
1003.147	3280.5
1003.316	3319.42
1003.484	2455.17
1003.653	2442.89
1003.821	3063.42
1003.99	2905.73
1004.158	2774.66
1004.327	2573.96
1004.495	2924.16
1004.663	2948.73
1004.832	2578.05
1005	2131.59
1005.168	2872.96
1005.337	2717.31
1005.505	1932.94
1005.673	2645.63
1005.842	3090.04
1006.01	2705.03
1006.178	2094.73
1006.346	2195.08
1006.514	2692.74
1006.683	3141.24
1006.851	2256.52
1007.019	2393.73
1007.187	2643.59
1007.355	2367.11
1007.523	1996.43
1007.691	1939.09
1007.859	2350.73
1008.027	3055.23
1008.195	2104.97
1008.363	1914.51
1008.531	2535.04
1008.699	2727.55
1008.867	1810.06
1009.035	2143.88
1009.203	2997.88
1009.37	2586.24
1009.538	2117.26
1009.706	2862.72
1009.874	2584.2
1010.042	2483.84
1010.209	1908.37
1010.377	1785.49
1010.545	2594.44
1010.713	2453.13
1010.88	1930.89
1011.048	1914.51
1011.216	2604.67
1011.383	2782.85
1011.551	1937.04
1011.718	1752.72
1011.886	2594.44
1012.054	2606.72
1012.221	1699.47
1012.389	1719.95
1012.556	2387.59
1012.724	2662.02
1012.891	1781.39
1013.058	1480.34
1013.226	2471.56
1013.393	2432.65
1013.561	1586.83
1013.728	1578.64
1013.895	2705.03
1014.063	2328.2
1014.23	1498.77
1014.397	1629.84
1014.565	2471.56
1014.732	2215.56
1014.899	1414.81
1015.066	1570.45
1015.233	2412.17
1015.401	2311.82
1015.568	1646.23
1015.735	1787.54
1015.902	2446.98
1016.069	2520.71
1016.236	1578.64
1016.403	1367.7
1016.57	1865.36
1016.737	2594.44
1016.904	1545.88
1017.071	1287.83
1017.238	1881.74
1017.405	1965.71
1017.572	1425.04
1017.739	1803.92
1017.906	2489.99
1018.073	2369.16
1018.24	1285.78
1018.407	1611.41
1018.573	2031.24
1018.74	2031.24
1018.907	1580.69
1019.074	1130.14
1019.241	2061.96
1019.407	1975.95
1019.574	1357.46
1019.741	1261.21
1019.907	2184.84
1020.074	2381.45
1020.241	900.76
1020.407	1085.08
1020.574	1795.73
1020.74	1746.58
1020.907	1291.93
1021.073	1117.85
1021.24	2537.09
1021.406	2021
1021.573	1171.1
1021.739	1349.27
1021.906	2201.23
1022.072	1879.69
1022.239	1154.71
1022.405	1349.27
1022.571	1842.83
1022.738	1783.44
1022.904	1146.52
1023.07	1353.37
1023.237	1746.58
1023.403	1980.04
1023.569	1269.4
1023.735	1164.95
1023.902	1791.63
1024.068	1760.91
1024.234	956.06
1024.4	1138.33
1024.566	1717.9
1024.732	1648.27
1024.898	1068.7
1025.065	827.04
1025.231	1502.87
1025.397	1449.62
1025.563	1119.9
1025.729	984.73
1025.895	1136.28
1026.061	1468.05
1026.227	720.54
1026.392	1078.94
1026.558	1678.99
1026.724	1775.25
1026.89	954.01
1027.056	1058.46
1027.222	1453.72
1027.388	1554.07
1027.553	1031.83
1027.719	915.1
1027.885	2037.39
1028.051	1521.3
1028.216	677.54
1028.382	964.25
1028.548	1597.07
1028.713	1533.59
1028.879	806.56
1029.045	1203.86
1029.21	1846.93
1029.376	1717.9
1029.541	884.38
1029.707	1007.26
1029.873	1670.8
1030.038	1672.85
1030.204	878.24
1030.369	865.95
1030.534	1595.03
1030.7	1355.41
1030.865	978.59
1031.031	808.61
1031.196	1461.91
1031.361	1441.43
1031.527	847.52
1031.692	771.74
1031.857	1259.16
1032.023	1580.69
1032.188	829.09
1032.353	784.03
1032.518	1617.55
1032.684	1414.81
1032.849	523.94
1033.014	925.34
1033.179	1416.85
1033.344	1474.2
1033.509	997.02
1033.674	888.48
1033.839	1500.82
1034.004	1394.33
1034.17	794.27
1034.335	550.56
1034.5	1238.68
1034.664	1207.96
1034.829	642.72
1034.994	855.71
1035.159	1064.6
1035.324	1562.26
1035.489	833.18
1035.654	614.05
1035.819	1889.93
1035.984	1382.04
1036.148	761.5
1036.313	634.53
1036.478	1423
1036.643	1138.33
1036.807	667.3
1036.972	523.94
1037.137	1846.93
1037.301	1064.6
1037.466	310.95
1037.631	794.27
1037.795	1347.22
1037.96	1107.61
1038.124	949.92
1038.289	501.41
1038.454	1091.23
1038.618	1345.17
1038.783	763.55
1038.947	755.36
1039.111	1056.41
1039.276	1123.99
1039.44	558.75
1039.605	1179.29
1039.769	1031.83
1039.933	1093.27
1040.098	628.39
1040.262	913.05
1040.426	1296.02
1040.591	1238.68
1040.755	411.3
1040.919	487.08
1041.083	1402.52
1041.248	1076.89
1041.412	337.57
1041.576	413.35
1041.74	1009.31
1041.904	1212.06
1042.068	485.03
1042.232	679.58
1042.397	1580.69
1042.561	1048.22
1042.725	206.5
1042.889	523.94
1043.053	1066.65
1043.217	939.68
1043.381	612
1043.544	210.6
1043.708	1089.18
1043.872	841.37
1044.036	175.78
1044.2	243.37
1044.364	1214.1
1044.528	1228.44
1044.691	8263.21
1044.855	394.92
1045.019	1162.9
1045.183	1003.16
1045.346	444.07
1045.51	253.61
1045.674	1113.75
1045.837	960.16
1046.001	272.04
1046.165	450.21
1046.328	1496.72
1046.492	917.15
1046.655	628.39
1046.819	489.12
1046.983	968.35
1047.146	876.19
1047.31	489.12
1047.473	71.34
1047.636	851.61
1047.8	741.02
1047.963	450.21
1048.127	210.6
1048.29	689.82
