345.52	-1313.09
345.736	-1313.09
345.952	-1313.09
346.168	-1331.52
346.384	-1306.95
346.6	-258.39
346.816	-192.85
347.032	-217.43
347.248	458.4
347.464	-334.16
347.68	-235.86
347.896	20.14
348.112	333.48
348.328	-86.36
348.544	79.53
348.76	208.55
348.975	224.94
349.191	-328.02
349.407	-315.73
349.623	229.03
349.839	202.41
350.055	-174.42
350.27	1.71
350.486	317.09
350.702	274.09
350.918	399.01
351.133	-151.89
351.349	159.4
351.565	609.95
351.781	-315.73
351.996	30.38
352.212	167.59
352.428	153.26
352.644	-262.48
352.859	-266.58
353.075	331.43
353.291	171.69
353.506	-274.77
353.722	-336.21
353.938	57
354.153	499.36
354.369	364.2
354.584	-313.68
354.8	345.77
355.016	-53.59
355.231	-463.18
355.447	5.8
355.662	327.33
355.878	863.9
356.093	-401.74
356.309	83.63
356.524	-106.84
356.74	597.67
356.955	-360.78
357.171	-100.69
357.386	249.51
357.602	9.9
357.817	-45.4
358.033	-158.03
358.248	458.4
358.464	401.06
358.679	-158.03
358.895	-407.89
359.11	67.24
359.325	226.98
359.541	540.32
359.756	48.81
359.972	-129.36
360.187	507.55
360.402	-291.15
360.618	-239.95
360.833	1726.1
361.048	198.31
361.264	-264.53
361.479	-4.44
361.694	310.95
361.909	300.71
362.125	-280.91
362.34	-196.95
362.555	419.49
362.77	294.57
362.986	-346.45
363.201	-139.6
363.416	360.1
363.631	-16.73
363.847	-280.91
364.062	-110.93
364.277	280.23
364.492	138.92
364.707	-207.19
364.922	-407.89
365.138	290.47
365.353	456.36
365.568	-340.3
365.783	-141.65
365.998	493.22
366.213	667.3
366.428	-264.53
366.643	159.4
366.858	364.2
367.073	384.68
367.288	-160.08
367.503	-233.81
367.718	138.92
367.933	548.51
368.148	-303.44
368.363	-29.01
368.578	347.81
368.793	544.42
369.008	-39.25
369.223	-291.15
369.438	454.31
369.653	380.58
369.868	-354.64
370.083	-325.97
370.298	317.09
370.513	659.1
370.728	140.97
370.943	-223.57
371.157	100.01
371.372	896.67
371.587	-276.82
371.802	-389.46
372.017	290.47
372.232	620.19
372.446	42.67
372.661	-172.37
372.876	251.56
373.091	374.44
373.306	-43.35
373.52	-358.74
373.735	89.77
373.95	718.5
374.165	-141.65
374.379	-135.51
374.594	79.53
374.809	568.99
375.023	198.31
375.238	-270.67
375.453	409.25
375.667	-22.87
375.882	-135.51
376.097	-264.53
376.311	79.53
376.526	417.44
376.741	-180.56
376.955	255.65
377.17	620.19
377.384	1144.47
377.599	110.25
377.813	-368.98
378.028	945.82
378.242	401.06
378.457	-18.77
378.672	-242
378.886	100.01
379.101	233.13
379.315	-436.56
379.53	-117.08
379.744	523.94
379.958	474.79
380.173	-139.6
380.387	-190.8
380.602	450.21
380.816	167.59
381.031	-69.97
381.245	-29.01
381.459	429.73
381.674	1103.51
381.888	-340.3
382.103	347.81
382.317	183.98
382.531	571.04
382.746	24.23
382.96	-115.03
383.174	284.33
383.388	843.42
383.603	198.31
383.817	-274.77
384.031	325.29
384.246	655.01
384.46	130.73
384.674	833.18
384.888	319.14
385.103	523.94
385.317	-338.26
385.531	126.63
385.745	960.16
385.959	530.08
386.174	-250.19
386.388	-233.81
386.602	247.46
386.816	220.84
387.03	11.95
387.244	79.53
387.458	405.16
387.672	607.91
387.887	-295.25
388.101	-133.46
388.315	517.79
388.529	366.25
388.743	-102.74
388.957	-82.26
389.171	835.23
389.385	126.63
389.599	-90.45
389.813	140.97
390.027	351.91
390.241	1001.12
390.455	-20.82
390.669	77.48
390.883	218.79
391.097	837.28
391.311	362.15
391.525	-4.44
391.738	712.35
391.952	685.73
392.166	263.85
392.38	-164.18
392.594	792.22
392.808	513.7
393.022	73.39
393.236	85.67
393.449	482.98
393.663	755.36
393.877	-69.97
394.091	120.49
394.305	413.35
394.518	382.63
394.732	-112.98
394.946	26.28
395.16	1029.79
395.373	331.43
395.587	-115.03
395.801	-47.44
396.015	644.77
396.228	523.94
396.442	-29.01
396.656	-141.65
396.869	722.59
397.083	1074.84
397.297	175.78
397.51	83.63
397.724	558.75
397.938	536.23
398.151	-201.04
398.365	-102.74
398.578	691.87
398.792	876.19
399.005	413.35
399.219	46.76
399.433	577.19
399.646	749.22
399.86	308.9
400.073	534.18
400.287	644.77
400.5	550.56
400.714	435.88
400.927	241.32
401.141	781.98
401.354	2059.92
401.567	849.57
401.781	-100.69
401.994	652.96
402.208	1095.32
402.421	284.33
402.635	224.94
402.848	325.29
403.061	747.17
403.275	284.33
403.488	132.78
403.701	857.76
403.915	939.68
404.128	503.46
404.341	167.59
404.555	1128.09
404.768	396.96
404.981	478.88
405.195	315.05
405.408	814.75
405.621	757.41
405.834	556.71
406.048	54.95
406.261	884.38
406.474	937.63
406.687	196.26
406.9	317.09
407.114	745.12
407.327	1011.36
407.54	36.52
407.753	-16.73
407.966	505.51
408.179	671.39
408.392	272.04
408.605	-65.88
408.819	751.26
409.032	808.61
409.245	343.72
409.458	573.09
409.671	667.3
409.884	970.4
410.097	163.5
410.31	468.64
410.523	1021.6
410.736	650.91
410.949	272.04
411.162	226.98
411.375	937.63
411.588	802.46
411.801	560.8
412.014	210.6
412.227	612
412.44	712.35
412.653	323.24
412.865	738.98
413.078	1035.93
413.291	970.4
413.504	552.61
413.717	212.65
413.93	1146.52
414.143	585.38
414.356	466.6
414.568	208.55
414.781	908.96
414.994	911
415.207	532.13
415.42	534.18
415.632	835.23
415.845	1433.24
416.058	253.61
416.271	255.65
416.483	923.29
416.696	1132.19
416.909	257.7
417.121	294.57
417.334	781.98
417.547	1078.94
417.759	394.92
417.972	462.5
418.185	781.98
418.397	880.29
418.61	407.2
418.823	499.36
419.035	1248.92
419.248	945.82
419.46	609.95
419.673	638.62
419.885	747.17
420.098	958.11
420.311	401.06
420.523	177.83
420.736	1064.6
420.948	978.59
421.161	462.5
421.373	315.05
421.586	734.88
421.798	741.02
422.01	245.41
422.223	794.27
422.435	667.3
422.648	1156.76
422.86	517.79
423.073	560.8
423.285	1003.16
423.497	751.26
423.71	435.88
423.922	597.67
424.134	1271.45
424.347	1476.24
424.559	945.82
424.771	923.29
424.984	1132.19
425.196	1107.61
425.408	368.29
425.621	384.68
425.833	1289.88
426.045	1439.38
426.257	450.21
426.47	749.22
426.682	874.14
426.894	1109.66
427.106	587.43
427.318	794.27
427.531	1040.03
427.743	1164.95
427.955	880.29
428.167	1478.29
428.379	1033.88
428.591	1052.31
428.804	921.24
429.016	614.05
429.228	1224.34
429.44	1355.41
429.652	14364.11
429.864	605.86
430.076	1167
430.288	1144.47
430.5	892.57
430.712	949.92
430.924	1273.5
431.136	1423
431.348	652.96
431.56	753.31
431.772	1070.75
431.984	1109.66
432.196	698.02
432.408	851.61
432.62	1207.96
432.832	1449.62
433.044	1283.74
433.256	1054.36
433.468	1459.86
433.679	982.68
433.891	634.53
434.103	1160.86
434.315	1722
434.527	1527.44
434.739	1097.37
434.95	1025.69
435.162	1412.76
435.374	1044.12
435.586	1183.38
435.798	1101.47
436.009	1277.59
436.221	1238.68
436.433	1183.38
436.645	1117.85
436.856	1414.81
437.068	1822.35
437.28	937.63
437.491	1310.36
437.703	1644.18
437.915	1576.59
438.126	978.59
438.338	1433.24
438.55	1535.64
438.761	1379.99
438.973	1017.5
439.184	1144.47
439.396	1400.47
439.608	1506.96
439.819	1033.88
440.031	1248.92
440.242	1765.01
440.454	1652.37
440.665	1253.02
440.877	1420.95
441.088	1914.51
441.3	1691.28
441.511	951.96
441.723	1171.1
441.934	2004.62
442.146	1765.01
442.357	1406.61
442.569	1719.95
442.78	1930.89
442.991	2313.86
443.203	1916.56
443.414	1298.07
443.626	2154.12
443.837	1719.95
444.048	1164.95
444.26	1195.67
444.471	2029.2
444.682	1812.11
444.894	1242.78
445.105	1175.19
445.316	2176.65
445.528	1961.61
445.739	1484.44
445.95	1506.96
446.161	1760.91
446.373	1965.71
446.584	1420.95
446.795	1386.13
447.006	2225.8
447.217	2137.74
447.429	1326.74
447.64	1255.06
447.851	2848.38
448.062	1990.28
448.273	1152.67
448.484	1470.1
448.695	1949.32
448.907	2125.45
449.118	1603.22
449.329	1975.95
449.54	1851.02
449.751	1842.83
449.962	1429.14
450.173	1506.96
450.384	2070.16
450.595	2420.36
450.806	1656.47
451.017	1732.24
451.228	2465.41
451.439	2111.11
451.65	1695.38
451.861	1318.55
452.072	2043.53
452.283	2025.1
452.494	1969.8
452.705	1748.62
452.915	2713.22
453.126	2170.51
453.337	2021
453.548	1646.23
453.759	2639.49
453.97	2592.39
454.181	2399.88
454.391	1820.3
454.602	2313.86
454.813	2801.28
455.024	1887.89
455.235	1752.72
455.445	2578.05
455.656	2207.37
455.867	2201.23
456.078	1937.04
456.288	2168.46
456.499	2692.74
456.71	1904.27
456.921	2338.44
457.131	2461.32
457.342	2348.68
457.553	1955.47
457.763	2055.82
457.974	2520.71
458.184	2700.93
458.395	2027.15
458.606	1783.44
458.816	2907.77
459.027	3032.7
459.237	2301.58
459.448	2174.6
459.659	2846.34
459.869	3618.42
460.08	2053.77
460.29	2608.77
460.501	2975.36
460.711	2850.43
460.922	2031.24
461.132	2297.48
461.343	3696.24
461.553	2641.54
461.764	2330.25
461.974	2356.87
462.184	3081.85
462.395	3257.98
462.605	2610.82
462.816	2201.23
463.026	3290.74
463.236	3174.01
463.447	2594.44
463.657	2592.39
463.867	3464.82
464.078	3122.81
464.288	2647.68
464.498	2832
464.709	3251.83
464.919	3264.12
465.129	2856.58
465.339	2750.08
465.55	3372.66
465.76	3462.77
465.97	2934.4
466.18	2958.97
466.391	3864.18
466.601	3436.15
466.811	3042.94
467.021	2854.53
467.231	3974.77
467.441	3958.38
467.651	3223.16
467.862	2893.44
468.072	3792.5
468.282	3772.02
468.492	3190.39
468.702	3440.25
468.912	4183.66
469.122	4691.56
469.332	3634.8
469.542	3335.8
469.752	4568.68
469.962	4126.32
470.172	3614.32
470.382	3532.4
470.592	4472.42
470.802	4251.24
471.012	3903.09
471.222	3817.07
471.432	4427.37
471.642	4519.53
471.852	4191.85
472.062	3835.5
472.272	4488.81
472.482	4560.49
472.691	4103.79
472.901	3909.23
473.111	4415.08
473.321	5146.2
473.531	4202.09
473.741	4509.29
473.95	5035.61
474.16	4937.31
474.37	4679.27
474.58	4400.74
474.79	5787.22
474.999	5084.77
475.209	4294.25
475.419	4810.34
475.628	5412.44
475.838	5627.48
476.048	5045.85
476.258	4697.7
476.467	5844.56
476.677	5357.14
476.886	5729.88
477.096	5146.2
477.306	5621.33
477.515	5887.57
477.725	5404.25
477.935	5406.3
478.144	6454.86
478.354	5783.12
478.563	5721.68
478.773	5447.26
478.982	6571.59
479.192	6487.62
479.401	5693.01
479.611	5934.67
479.82	6162
480.03	6461
480.239	5994.06
480.449	5879.38
480.658	6884.93
480.868	6557.25
481.077	6399.56
481.287	6311.5
481.496	6667.84
481.705	7202.36
481.915	6911.55
482.124	6862.4
482.333	7091.77
482.543	7726.64
482.752	7034.43
482.961	6688.32
483.171	7489.08
483.38	7292.48
483.589	6983.23
483.799	6999.62
484.008	7675.45
484.217	7630.39
484.426	7339.58
484.636	7081.53
484.845	7904.82
485.054	7646.77
485.263	7953.97
485.472	7484.98
485.682	8132.14
485.891	8068.66
486.1	7489.08
486.309	7622.2
486.518	8570.41
486.727	9313.82
486.936	7704.12
487.146	8152.62
487.355	8955.43
487.564	8642.09
487.773	8138.29
487.982	7966.26
488.191	8717.86
488.4	9029.15
488.609	8220.21
488.818	8500.78
489.027	9285.15
489.236	9494.04
489.445	8502.82
489.654	8502.82
489.863	9629.21
490.072	9326.11
490.281	9367.07
490.49	8896.03
490.698	9563.67
490.907	10235.41
491.116	9063.97
491.325	8836.64
491.534	9917.97
491.743	9739.8
491.952	9338.4
492.16	9352.73
492.369	10087.95
492.578	10302.99
492.787	9498.14
492.996	9520.67
493.204	10081.81
493.413	10624.52
493.622	9446.94
493.831	9344.54
494.039	10804.74
494.248	10411.53
494.457	9803.29
494.665	9717.27
494.874	10622.47
495.083	11435.52
495.291	10204.69
495.5	9909.78
495.709	10987.01
495.917	10872.32
496.126	10524.17
496.335	10255.89
496.543	10675.72
496.752	10978.82
496.96	10853.89
497.169	10458.64
497.377	11122.18
497.586	11148.8
497.794	11048.45
498.003	10413.58
498.211	11249.15
498.42	11478.52
498.628	10794.5
498.837	10970.63
499.045	11531.77
499.254	11310.59
499.462	11345.41
499.671	11097.6
499.879	12359.15
500.087	12054
500.296	11249.15
500.504	11193.86
500.713	11845.11
500.921	12537.32
501.129	11306.49
501.338	11193.86
501.546	12170.74
501.754	12062.19
501.962	11621.88
502.171	11648.5
502.379	12430.83
502.587	12533.23
502.795	11865.59
503.004	11673.08
503.212	12674.54
503.42	12774.89
503.628	12174.83
503.837	12256.75
504.045	12621.29
504.253	13309.41
504.461	12260.85
504.669	11859.45
504.877	13120.99
505.085	13118.95
505.294	12039.67
505.502	12531.18
505.71	13282.78
505.918	12842.47
506.126	12303.85
506.334	12238.32
506.542	13266.4
506.75	13006.31
506.958	12914.15
507.166	12631.53
507.374	13110.75
507.582	13856.22
507.79	12881.38
507.998	12840.42
508.206	13807.06
508.414	13661.66
508.622	12803.56
508.83	12963.3
509.037	13805.02
509.245	13290.98
509.453	13116.9
509.661	13020.64
509.869	13956.57
510.077	13565.4
510.285	13479.39
510.492	12844.52
510.7	14429.65
510.908	13817.3
511.116	13420
511.324	13344.22
511.531	13989.33
511.739	14527.95
511.947	13864.41
512.155	13745.62
512.362	14177.75
512.57	14151.12
512.778	13702.62
512.985	13250.02
513.193	14036.44
513.401	14568.91
513.608	13802.97
513.816	13942.23
514.024	14386.64
514.231	14466.51
514.439	13747.67
514.646	14239.19
514.854	14720.46
515.061	14824.9
515.269	14030.29
515.477	14005.72
515.684	14558.67
515.892	14710.22
516.099	14083.54
516.307	13862.36
516.514	15023.56
516.722	15556.03
516.929	14112.21
517.136	14155.22
517.344	14867.91
517.551	15214.02
517.759	14628.3
517.966	14611.92
518.173	14812.62
518.381	15375.81
518.588	14538.19
518.796	14620.11
519.003	15807.93
519.21	15533.5
519.418	14822.86
519.625	15521.21
519.832	15574.46
520.039	15785.4
520.247	14943.69
520.454	14886.34
520.661	15865.27
520.868	15723.96
521.076	15433.15
521.283	15171.01
521.49	16407.98
521.697	15977.91
521.904	15320.51
522.112	15015.37
522.319	16248.24
522.526	15930.81
522.733	15670.72
522.94	15418.82
523.147	16399.79
523.354	15939
523.561	15318.46
523.768	15912.38
523.975	16465.33
524.183	16278.96
524.39	16166.32
524.597	15789.5
524.804	16465.33
525.011	16459.18
525.218	16022.97
525.425	16004.53
525.632	16922.02
525.838	16733.61
526.045	16268.72
526.252	16369.07
526.459	18355.6
526.666	18754.96
526.873	16330.16
527.08	16469.42
527.287	17175.97
527.494	16885.16
527.701	16104.88
527.907	16348.59
528.114	17221.03
528.321	17028.52
528.528	16420.27
528.735	16678.32
528.941	17237.41
529.148	16819.63
529.355	16618.93
529.562	16575.92
529.768	18163.09
529.975	17116.58
530.182	16856.49
530.388	16971.18
530.595	17716.64
530.802	17153.44
531.008	17421.73
531.215	17274.28
531.422	18523.54
531.628	18404.75
531.835	17268.13
532.042	17409.44
532.248	17892.76
532.455	18111.89
532.661	17202.6
532.868	17280.42
533.074	18126.23
533.281	18351.51
533.487	17612.19
533.694	17702.3
533.9	18226.58
534.107	18058.65
534.313	17814.94
534.52	17786.27
534.726	18335.12
534.933	18843.02
535.139	17749.4
535.345	17806.75
535.552	18947.47
535.758	18900.36
535.965	18195.86
536.171	18210.2
536.377	18714
536.584	19514.75
536.79	18222.48
536.996	18806.16
537.203	19023.24
537.409	19514.75
537.615	18468.24
537.821	18945.42
538.028	19760.51
538.234	19189.13
538.44	18705.81
538.646	18658.7
538.853	18898.31
539.059	18914.7
539.265	19197.32
539.471	18296.21
539.677	19594.62
539.883	19557.76
540.09	20407.67
540.296	19713.41
540.502	19668.35
540.708	19617.15
540.914	19621.25
541.12	18986.38
541.326	19850.62
541.532	19797.37
541.738	19797.37
541.944	19318.15
542.15	20282.74
542.356	19791.23
542.562	19420.55
542.768	19590.53
542.974	20491.63
543.18	20266.36
543.386	20028.79
543.592	19305.86
543.798	21294.44
544.004	20809.07
544.21	19692.93
544.415	19797.37
544.621	20704.62
544.827	21310.82
545.033	19826.04
545.239	20475.25
545.445	20694.38
545.651	20712.81
545.856	20153.72
546.062	20301.17
546.268	20551.03
546.474	21017.96
546.679	19955.07
546.885	20256.12
547.091	20919.66
547.297	21341.54
547.502	20350.32
547.708	19807.61
547.914	20911.47
548.119	21370.21
548.325	19899.77
548.531	19963.26
548.736	21749.09
548.942	21185.9
549.147	20637.04
549.353	21140.84
549.559	21585.25
549.764	21550.43
549.97	20278.65
550.175	20491.63
550.381	21345.64
550.586	21028.2
550.792	20843.88
550.997	20950.38
551.203	21869.92
551.408	21839.2
551.614	20637.04
551.819	21067.11
552.025	22410.58
552.23	21951.84
552.435	21374.31
552.641	21663.07
552.846	21935.45
553.052	22519.12
553.257	21888.35
553.462	21245.29
553.668	21824.86
553.873	22252.89
554.078	21552.48
554.283	21402.98
554.489	22396.24
554.694	22158.68
554.899	21712.22
555.105	22181.21
555.31	22711.63
555.515	22545.75
555.72	22125.91
555.925	23035.21
556.131	22990.16
556.336	22555.99
556.541	22136.15
556.746	21738.85
556.951	22682.96
557.156	22682.96
557.361	22207.83
557.567	22674.77
557.772	22908.24
557.977	22926.67
558.182	22392.15
558.387	22089.05
558.592	22672.72
558.797	23600.45
559.002	22842.7
559.207	22410.58
559.412	23323.97
559.617	23725.38
559.822	22674.77
560.027	22420.82
560.232	22969.68
560.437	23291.21
560.642	22375.77
560.847	22562.13
561.051	23186.76
561.256	23385.41
561.461	22664.53
561.666	22449.49
561.871	23057.74
562.076	23684.42
562.281	23012.68
562.485	22312.28
562.69	23627.07
562.895	23424.33
563.1	22955.34
563.305	22766.93
563.509	23985.47
563.714	24235.32
563.919	23035.21
564.123	22930.76
564.328	23797.06
564.533	24243.51
564.737	22975.82
564.942	23088.46
565.147	23870.78
565.351	24089.92
565.556	23360.84
565.761	23393.61
565.965	24069.44
566.17	23756.1
566.374	23197
566.579	23422.28
566.784	23760.19
566.988	24057.15
567.193	23455.04
567.397	23602.5
567.602	24085.82
567.806	24192.31
568.011	23930.17
568.215	23960.89
568.42	24386.87
568.624	24456.5
568.828	23924.03
569.033	23917.89
569.237	24704.31
569.442	24724.79
569.646	23708.99
569.85	23903.55
570.055	24675.63
570.259	24501.56
570.463	24358.2
570.668	23846.21
570.872	24198.46
571.076	24700.21
571.281	23866.69
571.485	24087.87
571.689	24665.39
571.893	25087.28
572.098	24460.6
572.302	24372.53
572.506	24999.21
572.71	25087.28
572.914	24454.45
573.119	24761.65
573.323	25437.48
573.527	25543.97
573.731	24735.03
573.935	24649.01
574.139	25201.96
574.343	24862
574.547	24663.35
574.751	24536.37
574.955	25394.47
575.159	25355.56
575.364	24702.26
575.568	24753.46
575.772	25337.13
575.976	25683.23
576.18	24755.5
576.383	24710.45
576.587	25759.01
576.791	25640.23
576.995	24829.23
577.199	25244.97
577.403	25310.5
577.607	26094.88
577.811	25001.26
578.015	25359.66
578.219	26068.25
578.422	26127.64
578.626	25546.02
578.83	25693.47
579.034	26248.47
579.238	26227.99
579.442	25394.47
579.645	26043.68
579.849	25795.87
580.053	26565.91
580.257	25396.52
580.46	25642.28
580.664	26551.57
580.868	26565.91
581.071	25918.75
581.275	25726.24
581.479	25974.05
581.682	26522.9
581.886	25730.34
582.09	25720.1
582.293	26522.9
582.497	26774.8
582.7	26121.5
582.904	26043.68
583.107	26985.74
583.311	26739.99
583.515	26141.98
583.718	26187.04
583.922	27227.4
584.125	27942.14
584.329	25967.9
584.532	26359.06
584.735	27086.09
584.939	26940.69
585.142	26098.97
585.346	26305.82
585.549	26877.2
585.753	26955.02
585.956	26522.9
586.159	26858.77
586.363	27571.46
586.566	27499.78
586.769	26567.96
586.973	26322.2
587.176	27360.52
587.379	27114.76
587.582	27194.64
587.786	26955.02
587.989	27903.23
588.192	28876.02
588.395	26750.23
588.599	27319.56
588.802	27575.56
589.005	27413.77
589.208	27227.4
589.411	27178.25
589.615	27763.97
589.818	28429.56
590.021	27768.07
590.224	27815.17
590.427	28566.77
590.63	28144.89
590.833	27108.62
591.036	27292.94
591.239	27890.95
591.442	27974.91
591.645	27729.16
591.848	27634.95
592.051	28194.04
592.254	28058.88
592.457	27839.75
592.66	27768.07
592.863	28214.52
593.066	28560.63
593.269	27993.34
593.472	28077.31
593.675	28288.25
593.878	28364.03
594.081	27786.5
594.284	27710.72
594.486	28927.22
594.689	28660.98
594.892	28087.55
595.095	28206.33
595.298	29046
595.5	29113.58
595.703	28660.98
595.906	28392.7
596.109	28695.8
596.311	29265.13
596.514	28247.29
596.717	28310.78
596.92	29666.53
597.122	29469.93
597.325	28122.37
597.528	28390.65
597.73	30110.94
597.933	29334.76
598.136	28792.05
598.338	28110.08
598.541	29328.62
598.743	29979.87
598.946	28935.41
599.148	28562.68
599.351	29711.59
599.554	29549.8
599.756	29363.43
599.959	29150.45
600.161	29680.87
600.363	30078.18
600.566	29488.36
600.768	29326.57
600.971	30276.83
601.173	30170.33
601.376	29207.79
601.578	29494.5
601.78	29873.38
601.983	30465.24
602.185	29525.22
602.388	29908.19
602.59	29754.6
602.792	30090.46
602.995	29672.68
603.197	29650.15
603.399	30371.04
603.601	30745.81
603.804	29619.43
604.006	29541.61
604.208	29705.45
604.41	29648.1
604.613	30213.34
604.815	29603.05
605.017	30344.41
605.219	30158.05
605.421	30469.34
605.623	29990.11
605.826	31012.05
606.028	31048.91
606.23	29570.28
606.432	29701.35
606.634	30555.35
606.836	30592.22
607.038	29330.67
607.24	30008.54
607.442	30950.61
607.644	30510.3
607.846	30442.71
608.048	29932.77
608.25	30598.36
608.452	30295.26
608.654	29990.11
608.856	29607.14
609.058	30514.39
609.26	30586.07
609.462	30139.61
609.664	30016.74
609.866	30631.13
610.067	30416.09
610.269	30043.36
610.471	29793.51
610.673	30649.56
610.875	30837.97
611.077	29809.89
611.278	29891.81
611.48	30485.72
611.682	30711
611.884	30129.37
612.085	29670.63
612.287	30762.2
612.489	30733.53
612.69	30067.94
612.892	30411.99
613.094	31089.87
613.295	30301.4
613.497	30131.42
613.699	30401.75
613.9	31362.25
614.102	31145.17
614.304	30432.47
614.505	29936.87
614.707	31204.56
614.908	31005.91
615.11	30096.61
615.311	30508.25
615.513	31141.07
615.714	31227.09
615.916	30260.44
616.117	30631.13
616.319	30602.46
616.52	31202.51
616.722	30180.57
616.923	30754.01
617.124	31231.18
617.326	30883.03
617.527	30434.52
617.729	31042.77
617.93	31229.13
618.131	31431.88
618.333	30586.07
618.534	30590.17
618.735	31093.97
618.937	31311.05
619.138	30829.78
619.339	30285.02
619.54	31245.52
619.742	31478.99
619.943	30735.57
620.144	30749.91
620.345	31634.63
620.546	31296.72
620.748	30786.77
620.949	30956.75
621.15	31429.84
621.351	31122.64
621.552	30545.11
621.753	30801.11
621.954	31694.02
622.155	31894.72
622.356	31216.85
622.558	31239.37
622.759	31907.01
622.96	31657.16
623.161	31055.06
623.362	30586.07
623.563	31339.72
623.764	30864.6
623.965	30514.39
624.166	31063.25
624.366	30989.52
624.567	31249.61
624.768	30667.99
624.969	30692.57
625.17	31010
625.371	31407.31
625.572	31075.54
625.773	30573.78
625.973	31556.81
626.174	31732.93
626.375	31268.05
626.576	31509.71
626.777	31923.4
626.977	32326.85
627.178	31476.94
627.379	31483.08
627.58	31757.51
627.78	31540.43
627.981	30977.23
628.182	31839.43
628.382	31349.96
628.583	31921.35
628.784	31096.02
628.984	31583.43
629.185	32279.74
629.386	32195.78
629.586	31222.99
629.787	31651.02
629.987	31671.5
630.188	32021.7
630.388	31237.33
630.589	31466.7
630.79	32339.13
630.99	32085.19
631.191	31589.58
631.391	31587.53
631.591	31571.14
631.792	32031.94
631.992	31526.09
632.193	31935.68
632.393	32279.74
632.594	31907.01
632.794	31151.31
632.994	31855.81
633.195	31950.02
633.395	31849.67
633.595	31843.52
633.796	32175.3
633.996	32421.05
634.196	32664.76
634.397	31573.19
634.597	31501.51
634.797	32195.78
634.997	32214.21
635.198	31870.15
635.398	31491.27
635.598	32406.72
635.798	32402.62
635.998	32163.01
636.199	31704.26
636.399	31888.58
636.599	31894.72
636.799	31757.51
636.999	31921.35
637.199	32236.73
637.399	32885.94
637.599	31931.59
637.799	31720.65
637.999	32654.52
638.199	33121.46
638.399	32277.69
638.599	31872.2
638.799	32675
638.999	33301.68
639.199	32330.94
639.399	32244.93
639.599	32711.86
639.799	32439.48
639.999	32177.34
640.199	32427.2
640.399	32939.19
640.599	32079.04
640.799	32662.71
640.998	32541.88
641.198	32765.11
641.398	32781.49
641.598	32466.11
641.798	32531.64
641.997	33473.71
642.197	32664.76
642.397	32605.37
642.597	32410.81
642.796	33150.13
642.996	32402.62
643.196	32795.83
643.395	32404.67
643.595	33164.46
643.795	32931
643.994	32306.37
644.194	32982.2
644.394	33719.46
644.593	33555.63
644.793	32998.58
644.992	33062.07
645.192	33307.82
645.392	33275.05
645.591	32779.45
645.791	33096.88
645.99	33361.07
646.19	33031.35
646.389	32775.35
646.589	32853.17
646.788	33684.65
646.987	33418.41
647.187	33346.73
647.386	32916.66
647.586	33125.55
647.785	33586.35
647.984	32820.41
648.184	33010.87
648.383	33156.27
648.582	33090.74
648.782	32826.55
648.981	32738.49
649.18	32834.74
649.38	33774.76
649.579	32865.46
649.778	32851.13
649.977	33543.34
650.177	33399.98
650.376	32939.19
650.575	32634.04
650.774	33582.25
650.973	33858.73
651.173	32765.11
651.372	33373.36
651.571	33557.67
651.77	33762.47
651.969	33029.3
652.168	32998.58
652.367	33625.26
652.566	34075.81
652.765	33690.79
652.964	33746.09
653.163	34067.62
653.362	34163.87
653.561	33004.72
653.76	33543.34
653.959	33739.94
654.158	34319.52
654.357	33156.27
654.556	33031.35
654.755	33895.59
654.954	33797.29
655.153	33356.97
655.352	33526.96
655.551	34002.08
655.749	33768.62
655.948	33707.18
656.147	34002.08
656.346	34149.54
656.545	33838.25
656.743	33471.66
656.942	33514.67
657.141	33584.3
657.34	33318.06
657.538	33035.44
657.737	33309.87
657.936	34378.91
658.135	33830.05
658.333	33025.2
658.532	33731.75
658.731	34094.24
658.929	33959.08
659.128	33881.25
659.326	33424.56
659.525	34804.89
659.724	34122.91
659.922	33258.67
660.121	33551.53
660.319	34137.25
660.518	33911.97
660.716	33930.4
660.915	33830.05
661.113	34565.28
661.312	33729.7
661.51	34120.87
661.709	33447.08
661.907	34149.54
662.105	34354.33
662.304	33678.5
662.502	33760.42
662.701	34569.37
662.899	33875.11
663.097	34251.94
663.296	34012.32
663.494	34552.99
663.692	34591.9
663.891	33987.75
664.089	33600.68
664.287	34544.8
664.485	34387.1
664.684	34014.37
664.882	34243.74
665.08	34299.04
665.278	34124.96
665.476	34063.52
665.675	33862.82
665.873	34399.39
666.071	34763.93
666.269	33977.51
666.467	34618.52
666.665	35007.64
666.863	34446.49
667.061	34200.74
667.259	34071.71
667.457	34452.64
667.655	34436.25
667.853	33973.41
668.051	34415.77
668.249	33877.16
668.447	34798.74
668.645	33424.56
668.843	34047.14
669.041	34698.39
669.239	34084
669.437	34217.12
669.635	34552.99
669.833	34319.52
670.031	34200.74
670.229	33954.98
670.426	34137.25
670.624	34321.57
670.822	34120.87
671.02	33658.03
671.218	34116.77
671.415	33893.54
671.613	34137.25
671.811	33778.86
672.009	34051.24
672.206	34565.28
672.404	34059.43
672.602	34311.33
672.799	34413.73
672.997	34618.52
673.195	34385.05
673.392	33651.88
673.59	33811.62
673.788	34079.91
673.985	33840.29
674.183	34092.19
674.38	34086.05
674.578	34327.71
674.775	34086.05
674.973	33383.6
675.17	33770.66
675.368	34104.48
675.565	33930.4
675.763	33469.61
675.96	33782.95
676.158	34075.81
676.355	34446.49
676.553	33758.38
676.75	33465.52
676.947	33803.43
677.145	33635.5
677.342	33678.5
677.539	34151.59
677.737	34280.61
677.934	34372.77
678.131	33506.48
678.329	33414.32
678.526	34256.03
678.723	34182.31
678.92	33582.25
679.118	33531.05
679.315	33189.04
679.512	34272.42
679.709	33692.84
679.906	33774.76
680.104	34102.43
680.301	34055.33
680.498	33213.62
680.695	33399.98
680.892	33379.5
681.089	33899.69
681.286	33619.11
681.483	32818.36
681.68	33186.99
681.877	33952.93
682.075	33535.15
682.272	33547.43
682.469	34008.23
682.665	33766.57
682.862	32740.54
683.059	33287.34
683.256	33172.66
683.453	33340.59
683.65	32769.21
683.847	33055.92
684.044	33313.97
684.241	33127.6
684.438	33221.81
684.635	32552.12
684.831	33760.42
685.028	33258.67
685.225	32697.53
685.422	33211.57
685.619	33430.7
685.815	32974
686.012	32924.85
686.209	32728.25
686.405	33146.03
686.602	33139.89
686.799	32404.67
686.996	32654.52
687.192	33027.25
687.389	33662.12
687.586	32693.43
687.782	32834.74
687.979	33934.5
688.175	33420.46
688.372	32390.33
688.568	33053.87
688.765	33246.38
688.962	33260.72
689.158	32728.25
689.355	32394.43
689.551	32947.38
689.748	33356.97
689.944	32742.58
690.14	32777.4
690.337	33279.15
690.533	33291.44
690.73	32775.35
690.926	33103.03
691.123	32810.17
691.319	32920.76
691.515	32332.99
691.712	32341.18
691.908	32736.44
692.104	32871.61
692.301	32959.67
692.497	32566.46
692.693	32701.62
692.889	32996.53
693.086	32791.73
693.282	32621.75
693.478	33170.61
693.674	33299.63
693.87	32423.1
694.067	32308.41
694.263	33127.6
694.459	32425.15
694.655	32875.7
694.851	32683.19
695.047	32793.78
695.243	33277.1
695.439	32654.52
695.635	32365.76
695.831	32625.85
696.027	32584.89
696.224	32068.8
696.42	33031.35
696.615	33037.49
696.811	32609.47
697.007	31810.76
697.203	32052.42
697.399	32427.2
697.595	32662.71
697.791	31954.12
697.987	32292.03
698.183	32621.75
698.379	32246.97
698.575	31941.83
698.77	32062.66
698.966	32380.09
699.162	32707.77
699.358	31614.15
699.554	31833.28
699.749	32445.63
699.945	32470.2
700.141	31900.87
700.337	32044.23
700.532	32048.32
700.728	32287.93
700.924	31892.68
701.119	31401.16
701.315	32054.47
701.511	31630.54
701.706	31888.58
701.902	31222.99
702.097	31921.35
702.293	32167.1
702.489	31405.26
702.684	31110.35
702.88	32023.75
703.075	31624.39
703.271	31153.36
703.466	31048.91
703.662	31741.13
703.857	31978.69
704.053	31759.56
704.248	31818.95
704.443	32558.27
704.639	32349.37
704.834	31554.76
705.03	31730.89
705.225	31964.35
705.42	32042.18
705.616	32046.27
705.811	31255.76
706.006	31976.64
706.202	32111.81
706.397	31730.89
706.592	31429.84
706.787	31483.08
706.983	31556.81
707.178	32183.49
707.373	31065.3
707.568	31792.33
707.763	31442.12
707.959	31161.55
708.154	31225.04
708.349	31261.9
708.544	32107.71
708.739	31573.19
708.934	30948.56
709.129	31679.69
709.324	31481.03
709.519	30993.62
709.714	30858.45
709.909	31710.41
710.104	31560.91
710.299	30622.94
710.494	31442.12
710.689	31610.06
710.884	31169.74
711.079	30717.14
711.274	31091.92
711.469	32070.85
711.664	31581.38
711.859	31126.74
712.054	31247.57
712.249	31218.89
712.443	31139.02
712.638	30758.1
712.833	31212.75
713.028	31636.68
713.223	30717.14
713.417	31227.09
713.612	31175.89
713.807	31884.48
714.002	31907.01
714.196	31077.58
714.391	30438.62
714.586	31417.55
714.78	30948.56
714.975	30485.72
715.17	30876.88
715.364	31130.83
715.559	31675.59
715.754	30078.18
715.948	30254.3
716.143	31507.66
716.337	30575.83
716.532	30813.4
716.726	30768.34
716.921	30975.19
717.115	31220.94
717.31	30162.14
717.504	31313.1
717.699	31003.86
717.893	30784.72
718.088	30334.17
718.282	30108.9
718.476	31085.78
718.671	31235.28
718.865	30557.4
719.059	30147.81
719.254	30999.76
719.448	31313.1
719.642	33201.33
719.837	30002.4
720.031	32824.5
720.225	31165.65
720.419	30498.01
720.614	29820.13
720.808	30739.67
721.002	30237.92
721.196	29928.67
721.39	29865.19
721.585	30631.13
721.779	31229.13
721.973	30141.66
722.167	29674.73
722.361	30332.12
722.555	30512.35
722.749	29777.12
722.943	30037.22
723.137	29869.28
723.331	30258.4
723.525	29723.88
723.719	30199.01
723.913	30549.21
724.107	31055.06
724.301	29715.69
724.495	29609.19
724.689	30383.32
724.883	30618.84
725.077	29850.85
725.271	29775.08
725.465	30074.08
725.659	29908.19
725.853	29803.75
726.046	29177.07
726.24	29457.64
726.434	29902.05
726.628	29889.76
726.822	29570.28
727.015	30182.62
727.209	30471.39
727.403	29611.24
727.596	29510.89
727.79	30162.14
727.984	30344.41
728.177	29660.39
728.371	29795.56
728.565	30489.82
728.758	29973.73
728.952	29578.47
729.146	29766.88
729.339	30110.94
729.533	30024.93
729.726	29615.33
729.92	29478.12
730.113	30348.51
730.307	29926.63
730.5	29674.73
730.694	29635.81
730.887	30014.69
731.081	30209.25
731.274	29611.24
731.468	29490.41
731.661	29777.12
731.854	29965.54
732.048	29494.5
732.241	29447.4
732.435	29689.06
732.628	29455.59
732.821	29451.5
733.014	29570.28
733.208	30125.28
733.401	30047.46
733.594	29666.53
733.788	29181.17
733.981	30287.07
734.174	30125.28
734.367	29291.76
734.56	29617.38
734.754	30104.8
734.947	29674.73
735.14	29242.6
735.333	29330.67
735.526	30049.5
735.719	29850.85
735.912	29078.77
736.105	29228.27
736.298	29496.55
736.491	29250.8
736.684	28624.12
736.877	28984.56
737.07	29734.12
737.263	29967.59
737.456	29089.01
737.649	28837.11
737.842	29474.02
738.035	29684.97
738.228	28849.39
738.421	29142.25
738.614	29754.6
738.807	29945.06
739	28959.98
739.192	29168.88
739.385	29306.09
739.578	29539.56
739.771	29431.02
739.964	28572.92
740.156	29723.88
740.349	29488.36
740.542	29408.49
740.735	28384.51
740.927	29410.54
741.12	29744.36
741.313	29142.25
741.505	29265.13
741.698	29394.15
741.891	29449.45
742.083	28914.93
742.276	29248.75
742.468	29611.24
742.661	29340.91
742.854	28747
743.046	28529.91
743.239	29299.95
743.431	29238.51
743.624	28546.3
743.816	28099.84
744.009	28845.3
744.201	28800.24
744.393	28660.98
744.586	28028.16
744.778	29072.62
744.971	29011.18
745.163	28454.14
745.355	28476.66
745.548	28779.76
745.74	28990.7
745.932	28828.91
746.125	28562.68
746.317	29717.73
746.509	28878.07
746.702	28994.8
746.894	28613.88
747.086	29140.21
747.278	29246.7
747.471	28749.04
747.663	28396.79
747.855	29256.94
748.047	29504.74
748.239	28644.6
748.431	28720.37
748.623	29813.99
748.815	29431.02
749.008	28384.51
749.2	28640.5
749.392	29441.26
749.584	29531.37
749.776	28826.87
749.968	28884.21
750.16	29730.02
750.352	28507.38
750.544	28544.25
750.736	28351.74
750.928	29353.19
751.12	28949.74
751.311	28175.61
751.503	28624.12
751.695	28372.22
751.887	28777.72
752.079	28488.95
752.271	28374.27
752.463	29590.76
752.654	29314.28
752.846	27860.23
753.038	28036.35
753.23	28407.03
753.421	28617.97
753.613	28034.3
753.805	28630.26
753.997	28441.85
754.188	28755.19
754.38	27915.52
754.572	28189.95
754.763	28552.44
754.955	28472.57
755.146	28120.32
755.338	27872.51
755.53	28550.39
755.721	28327.16
755.913	27624.71
756.104	27817.22
756.296	28032.25
756.487	28724.47
756.679	27649.28
756.87	27526.41
757.062	28194.04
757.253	28456.18
757.445	27833.6
757.636	27923.71
757.827	28658.93
758.019	28990.7
758.21	27421.96
758.401	27643.14
758.593	28630.26
758.784	28155.13
758.975	27344.14
759.167	27297.03
759.358	28171.52
759.549	28230.91
759.74	27331.85
759.932	27450.63
760.123	27880.71
760.314	28026.11
760.505	26991.89
760.696	27100.43
760.888	27749.64
761.079	27546.89
761.27	26981.65
761.461	26811.67
761.652	27780.35
761.843	27350.28
762.034	27098.38
762.225	27512.07
762.416	27766.02
762.607	27202.83
762.798	26541.33
762.989	26846.48
763.18	28286.2
763.371	27419.91
763.562	26334.49
763.753	26643.73
763.944	26967.31
764.135	26721.55
764.326	26961.17
764.517	26395.93
764.708	26819.86
764.899	27075.85
765.089	26156.32
765.28	25931.04
765.471	26782.99
765.662	26969.36
765.853	26531.09
766.043	26019.1
766.234	26905.87
766.425	26590.48
766.615	26131.74
766.806	25894.18
766.997	26705.17
767.187	26481.94
767.378	25769.25
767.569	25746.72
767.759	26271
767.95	26449.18
768.141	26492.18
768.331	26180.89
768.522	27012.37
768.712	26633.49
768.903	25937.18
769.093	25869.6
769.284	26514.71
769.474	26412.31
769.665	25077.04
769.855	25144.62
770.046	26672.4
770.236	26361.11
770.426	25754.91
770.617	25433.38
770.807	25687.33
770.998	25748.77
771.188	25503.01
771.378	25044.27
771.569	26254.62
771.759	25611.56
771.949	25064.75
772.139	25195.82
772.33	25257.26
772.52	25834.78
772.71	25089.32
772.9	24939.82
773.09	25744.67
773.281	26017.05
773.471	25134.38
773.661	24849.71
773.851	25722.15
774.041	25367.85
774.231	24917.29
774.421	25322.79
774.611	25552.16
774.802	25193.77
774.992	24905.01
775.182	24708.4
775.372	24919.34
775.562	25515.3
775.752	24585.52
775.942	24554.8
776.131	25427.24
776.321	24948.01
776.511	24220.99
776.701	24569.14
776.891	25568.55
777.081	25255.21
777.271	24638.77
777.461	24573.24
777.651	25398.57
777.84	25230.63
778.03	24464.69
778.22	24626.48
778.41	24974.64
778.599	25306.41
778.789	24743.22
778.979	24519.99
779.169	24558.9
779.358	24642.87
779.548	24407.35
779.738	23842.11
779.927	24868.14
780.117	24671.54
780.307	24378.68
780.496	23840.06
780.686	24827.18
780.875	25300.26
781.065	23895.36
781.254	24186.17
781.444	24651.06
781.633	24905.01
781.823	24038.72
782.012	24325.43
782.202	24345.91
782.391	24446.26
782.581	23911.74
782.77	24253.75
782.96	24614.2
783.149	24010.04
783.338	23803.2
783.528	23393.61
783.717	24677.68
783.906	24841.52
784.096	23385.41
784.285	23358.79
784.474	23731.52
784.663	23950.65
784.853	23090.51
785.042	23422.28
785.231	23977.28
785.42	23661.89
785.61	23534.92
785.799	23311.69
785.988	24141.11
786.177	23637.31
786.366	23158.09
786.555	23776.58
786.744	23598.4
786.933	23932.22
787.122	22914.38
787.312	23010.64
787.501	23582.02
787.69	23749.95
787.879	22898
788.068	22875.47
788.257	23323.97
788.445	23295.3
788.634	23051.59
788.823	22320.47
789.012	23696.71
789.201	23532.87
789.39	22676.82
789.579	22740.3
789.768	23291.21
789.957	23037.26
790.145	22748.5
790.334	22445.4
790.523	22619.47
790.712	23221.58
790.9	22672.72
791.089	22269.27
791.278	23534.92
791.467	23205.19
791.655	23125.32
791.844	23610.69
792.033	23004.49
792.221	22994.25
792.41	22424.92
792.599	22228.31
792.787	22826.32
792.976	22787.41
793.164	22160.73
793.353	22162.78
793.541	22848.85
793.73	22775.12
793.918	22416.72
794.107	22508.88
794.295	22762.83
794.484	22762.83
794.672	22117.72
794.861	22019.42
795.049	22777.17
795.238	22881.61
795.426	21482.85
795.614	21906.78
795.803	22412.63
795.991	22893.9
796.179	21863.77
796.368	21833.05
796.556	22558.03
796.744	22254.94
796.932	22068.57
797.121	21812.57
797.309	22152.54
797.497	22476.12
797.685	21548.39
797.874	21704.03
798.062	22369.62
798.25	22635.86
798.438	21474.66
798.626	21951.84
798.814	22580.56
799.002	22687.06
799.19	21976.41
799.378	21949.79
799.566	22203.74
799.755	22519.12
799.943	22007.13
800.131	22005.08
800.318	22103.39
800.506	22345.05
800.694	21421.41
800.882	21753.18
801.07	22508.88
801.258	21962.08
801.446	21575.01
801.634	21636.45
801.822	22267.22
802.01	22443.35
802.197	21894.49
802.385	21957.98
802.573	22433.11
802.761	22148.44
802.949	21505.38
803.136	21384.55
803.324	22291.8
803.512	22197.59
803.699	21603.68
803.887	21693.79
804.075	22631.76
804.262	22414.68
804.45	21704.03
804.638	21673.31
804.825	22154.58
805.013	21980.51
805.201	21679.46
805.388	21691.74
805.576	22596.95
805.763	22801.74
805.951	21730.66
806.138	22003.03
806.326	22744.4
806.513	22596.95
806.701	22426.96
806.888	21960.03
807.075	23059.79
807.263	22734.16
807.45	22361.43
807.638	22146.39
807.825	23188.81
808.012	22854.99
808.2	22021.47
808.387	22676.82
808.574	22578.51
808.761	22877.52
808.949	21826.91
809.136	21835.1
809.323	22316.37
809.51	22621.52
809.698	22199.64
809.885	22246.74
810.072	23186.76
810.259	22965.58
810.446	22113.63
810.633	22181.21
810.82	22846.8
811.008	23194.95
811.195	22371.67
811.382	21992.8
811.569	22941
811.756	22347.09
811.943	22277.46
812.13	22066.52
812.317	22517.08
812.504	22613.33
812.691	22250.84
812.878	22218.07
813.064	23018.83
813.251	22455.64
813.438	21865.82
813.625	22113.63
813.812	22322.52
813.999	22582.61
814.186	21978.46
814.372	21900.64
814.559	22619.47
814.746	22678.86
814.933	22043.99
815.12	22414.68
815.306	22728.02
815.493	22363.48
815.68	21912.92
815.866	21888.35
816.053	22814.03
816.24	22621.52
816.426	22066.52
816.613	21978.46
816.799	22736.21
816.986	22637.91
817.173	21855.58
817.359	21824.86
817.546	22248.79
817.732	22150.49
817.919	21982.56
818.105	22476.12
818.292	22549.84
818.478	22682.96
818.665	22361.43
818.851	21861.73
819.037	23067.98
819.224	22429.01
819.41	21529.95
819.597	22056.28
819.783	23330.12
819.969	22642
820.156	21646.69
820.342	22256.98
820.528	24116.54
820.714	22177.11
820.901	22250.84
821.087	21687.65
821.273	22441.3
821.459	21849.44
821.646	21470.56
821.832	21251.43
822.018	22230.36
822.204	21939.55
822.39	21255.53
822.576	21759.33
822.762	22146.39
822.948	21831.01
823.134	21527.91
823.32	21364.07
823.507	21740.89
823.693	22408.53
823.879	22213.98
824.065	21577.06
824.25	22179.16
824.436	21704.03
824.622	21280.1
824.808	21493.09
824.994	22013.27
825.18	22109.53
825.366	21194.09
825.552	21523.81
825.738	22089.05
825.923	22291.8
826.109	21744.99
826.295	21472.61
826.481	22003.03
826.667	22000.99
826.852	21960.03
827.038	21470.56
827.224	22244.7
827.409	22144.34
827.595	21448.04
827.781	22189.4
827.966	22324.57
828.152	22003.03
828.338	21206.38
828.523	20688.24
828.709	21701.98
828.894	21402.98
829.08	21036.39
829.266	20852.08
829.451	21505.38
829.637	21695.84
829.822	20831.6
830.008	21136.74
830.193	21331.3
830.378	21468.52
830.564	20800.88
830.749	20440.43
830.935	21097.83
831.12	21001.58
831.305	20186.49
831.491	20534.64
831.676	20540.79
831.861	20987.24
832.047	20278.65
832.232	20102.52
832.417	20987.24
832.602	21155.18
832.788	20381.04
832.973	20313.46
833.158	20997.48
833.343	20487.54
833.528	20614.51
833.714	20469.11
833.899	20632.94
834.084	21265.77
834.269	20495.73
834.454	20028.79
834.639	20927.85
834.824	20729.2
835.009	20274.55
835.194	20587.89
835.379	21165.42
835.564	20966.76
835.749	20323.7
835.934	19690.88
836.119	20598.13
836.304	20440.43
836.489	19957.11
836.674	20104.57
836.859	20313.46
837.044	20596.08
837.228	19705.21
837.413	19455.36
837.598	20385.14
837.783	20491.63
837.968	19742.08
838.152	19627.39
838.337	19877.24
838.522	20716.91
838.707	20546.93
838.891	19891.58
839.076	20444.53
839.261	20356.47
839.445	20147.58
839.63	19668.35
839.815	20678
839.999	19842.43
840.184	19705.21
840.368	19451.27
840.553	20305.27
840.737	20002.17
840.922	19322.24
841.106	19273.09
841.291	19613.06
841.475	20116.86
841.66	19410.31
841.844	19232.13
842.029	20405.62
842.213	19692.93
842.397	19217.8
842.582	18969.99
842.766	19819.9
842.951	19766.65
843.135	19293.57
843.319	19000.71
843.504	19791.23
843.688	20409.72
843.872	18875.79
844.056	19090.82
844.241	19725.69
844.425	19592.58
844.609	19144.07
844.793	18494.86
844.977	19834.24
845.161	19250.56
845.346	18486.67
845.53	18648.46
845.714	19547.52
845.898	19533.18
846.082	18400.66
846.266	18621.84
846.45	18797.96
846.634	19357.06
846.818	18517.39
847.002	18765.2
847.186	19043.72
847.37	18783.63
847.554	18535.82
847.738	18748.81
847.922	19266.95
848.106	19369.35
848.29	17995.16
848.473	18572.69
848.657	19279.24
848.841	19031.43
849.025	18349.46
849.209	18392.47
849.392	19238.28
849.576	18892.17
849.76	17868.19
849.944	18722.19
850.127	19459.46
850.311	18623.89
850.495	18124.18
850.678	17931.67
850.862	18793.87
851.046	19119.49
851.229	18396.56
851.413	18027.93
851.596	18820.49
851.78	18347.41
851.964	18019.74
852.147	17808.79
852.331	18959.75
852.514	18433.43
852.698	17923.48
852.881	17624.48
853.065	18435.47
853.248	18218.39
853.431	18120.09
853.615	17894.81
853.798	19164.55
853.982	18492.82
854.165	18001.3
854.348	17493.41
854.532	17835.42
854.715	18056.6
854.898	17444.26
855.081	17419.68
855.265	18439.57
855.448	18550.16
855.631	17259.94
855.814	17218.98
855.997	17941.91
856.181	18142.61
856.364	17345.95
856.547	17130.92
856.73	18085.27
856.913	17814.94
857.096	17237.41
857.279	17278.37
857.462	17653.15
857.645	17931.67
857.828	17253.8
858.011	17378.72
858.194	17608.09
858.377	17544.61
858.56	16993.7
858.743	16879.02
858.926	17472.93
859.109	17212.84
859.292	16700.84
859.475	16588.21
859.658	17767.84
859.841	17765.79
860.023	16584.11
860.206	16375.22
860.389	17274.28
860.572	17360.29
860.755	16694.7
860.937	16774.57
861.12	16899.5
861.303	17364.39
861.486	16911.78
861.668	16401.84
861.851	16653.74
862.034	17249.7
862.216	16825.77
862.399	16348.59
862.581	17231.27
862.764	16750
862.947	16430.51
863.129	16094.65
863.312	16436.66
863.494	16911.78
863.677	16784.81
863.859	15967.67
864.042	16911.78
864.224	16715.18
864.406	16195
864.589	15496.64
864.771	16108.98
864.954	16084.41
865.136	15904.18
865.318	15408.58
865.501	16815.53
865.683	16156.08
865.865	15818.17
866.048	15592.89
866.23	16487.86
866.412	16213.43
866.594	15744.44
866.777	15893.94
866.959	16186.8
867.141	15945.14
867.323	15891.9
867.505	16057.78
867.687	16037.3
867.869	16481.71
868.052	15799.74
868.234	15674.81
868.416	16215.48
868.598	16727.47
868.78	15728.06
868.962	15427.01
869.144	16483.76
869.326	16160.18
869.508	15451.58
869.69	15734.2
869.872	15924.66
870.054	16692.65
870.236	15164.87
870.417	15420.86
870.599	15922.62
870.781	16403.89
870.963	15498.69
871.145	15459.77
871.327	15744.44
871.508	16154.04
871.69	15515.07
871.872	15685.05
872.054	15877.56
872.235	16035.25
872.417	15607.23
872.599	14908.87
872.78	16430.51
872.962	15871.42
873.144	15091.14
873.325	14982.6
873.507	16076.21
873.689	15850.94
873.87	15248.83
874.052	15510.97
874.233	15732.15
874.415	16416.18
874.596	15517.12
874.778	15252.93
874.959	16039.35
875.141	16229.81
875.322	15799.74
875.503	15334.85
875.685	16147.89
875.866	15590.84
876.048	15375.81
876.229	15562.17
876.41	15924.66
876.592	16010.68
876.773	15570.37
876.954	14976.45
877.136	16301.49
877.317	15977.91
877.498	15216.07
877.679	15857.08
877.86	16047.54
878.042	16151.99
878.223	15424.96
878.404	16356.79
878.585	16186.8
878.766	16426.42
878.947	15844.79
879.128	15801.79
879.309	15738.3
879.49	16137.65
879.672	15236.55
879.853	15451.58
880.034	15592.89
880.215	16076.21
880.396	15760.83
880.576	15504.83
880.757	15852.98
880.938	16747.95
881.119	15707.58
881.3	15695.29
881.481	16270.77
881.662	17292.71
881.843	15400.38
882.023	15650.24
882.204	16571.82
882.385	16285.11
882.566	15760.83
882.747	16090.55
882.927	16680.36
883.108	16674.22
883.289	15781.31
883.469	16295.35
883.65	16670.12
883.831	16504.24
884.011	16164.28
884.192	16174.52
884.373	16876.97
884.553	16430.51
884.734	16315.83
884.914	16520.62
885.095	17913.24
885.275	16721.32
885.456	16385.46
885.636	15787.45
885.817	16524.72
885.997	16850.35
886.178	15955.38
886.358	16240.05
886.538	16750
886.719	18101.65
886.899	16160.18
887.08	16244.15
887.26	16950.7
887.44	16481.71
887.621	16002.49
887.801	16295.35
887.981	17339.81
888.161	17743.26
888.342	16262.58
888.522	16457.14
888.702	17278.37
888.882	17122.73
889.062	16889.26
889.242	16018.87
889.423	17300.9
889.603	17311.14
889.783	16915.88
889.963	16457.14
890.143	17192.36
890.323	17120.68
890.503	16631.21
890.683	16430.51
890.863	16821.67
891.043	16799.15
891.223	16706.99
891.403	16917.93
891.583	17206.69
891.763	17077.67
891.943	16289.2
892.122	16281.01
892.302	17100.2
892.482	16754.09
892.662	16575.92
892.842	16739.76
893.022	16768.43
893.201	16981.42
893.381	16242.1
893.561	16324.02
893.741	16733.61
893.92	16459.18
894.1	16596.4
894.28	16346.55
894.459	17284.51
894.639	16766.38
894.819	15902.14
894.998	16242.1
895.178	16874.92
895.357	16594.35
895.537	15834.55
895.716	15861.18
895.896	16590.25
896.075	16905.64
896.255	16008.63
896.434	15588.8
896.614	17352.1
896.793	16637.36
896.973	16309.68
897.152	15723.96
897.331	16209.33
897.511	16643.5
897.69	15605.18
897.87	16395.7
898.049	16340.4
898.228	16410.03
898.407	15855.03
898.587	15969.72
898.766	16006.58
898.945	16233.91
899.124	15879.61
899.304	15734.2
899.483	16182.71
899.662	16696.75
899.841	15752.63
900.02	15480.25
900.199	16170.42
900.378	15895.99
900.557	15257.03
900.737	15150.53
900.916	15818.17
901.095	15910.33
901.274	15463.87
901.453	14781.9
901.632	15461.82
901.811	15285.7
901.989	15156.68
902.168	14781.9
902.347	15619.52
902.526	15220.16
902.705	14794.18
902.884	14761.42
903.063	15744.44
903.242	15412.67
903.42	14378.45
903.599	14855.62
903.778	15156.68
903.957	15343.04
904.135	14601.68
904.314	14388.69
904.493	14777.8
904.672	14872.01
904.85	14470.61
905.029	14222.8
905.207	14558.67
905.386	15185.35
905.565	13733.34
905.743	13757.91
905.922	14542.28
906.1	14128.6
906.279	13565.4
906.457	13557.21
906.636	14028.24
906.814	14011.86
906.993	13585.88
907.171	13260.26
907.35	13862.36
907.528	14407.12
907.707	13807.06
907.885	13057.51
908.063	13987.29
908.242	13635.03
908.42	13225.44
908.598	12897.77
908.777	13866.46
908.955	13696.47
909.133	13272.54
909.311	12967.4
909.49	13747.67
909.668	13845.98
909.846	13065.7
910.024	12830.18
910.202	13620.7
910.38	13835.74
910.559	13061.6
910.737	13153.76
910.915	13952.47
911.093	14003.67
911.271	13309.41
911.449	13596.12
911.627	13917.65
911.805	14523.85
911.983	13446.62
912.161	13393.37
912.339	13931.99
912.517	14212.56
912.695	13637.08
912.872	13405.66
913.05	14034.39
913.228	13977.05
913.406	13571.55
913.584	13379.04
913.762	14394.83
913.939	13899.22
914.117	13559.26
914.295	13413.85
914.473	13788.63
914.65	14218.71
914.828	13344.22
915.006	13417.95
915.184	13870.55
915.361	14061.01
915.539	13645.27
915.716	13716.95
915.894	13888.98
916.072	14190.03
916.249	13735.39
916.427	13741.53
916.604	13671.9
916.782	13901.27
916.959	13544.92
917.137	13477.34
917.314	13931.99
917.492	14005.72
917.669	13473.25
917.847	13374.94
918.024	13757.91
918.201	13512.16
918.379	13483.48
918.556	13428.19
918.733	13800.92
918.911	13495.77
919.088	13372.89
919.265	13051.36
919.442	13688.28
919.62	14036.44
919.797	13133.28
919.974	13192.67
920.151	13897.17
920.328	13444.57
920.506	13211.11
920.683	13964.76
920.86	13305.31
921.037	13374.94
921.214	12946.92
921.391	12459.5
921.568	13192.67
921.745	13026.79
921.922	12512.75
922.099	12508.65
922.276	13092.32
922.453	12951.01
922.63	12699.11
922.807	12791.27
922.984	13100.51
923.161	12803.56
923.338	12568.04
923.514	12453.36
923.691	13024.74
923.868	13188.58
924.045	12379.63
924.222	12064.24
924.399	12766.7
924.575	12539.37
924.752	12099.06
924.929	12236.27
925.105	12568.04
925.282	12289.52
925.459	12320.24
925.635	12494.32
925.812	12715.5
925.989	12369.39
926.165	12088.82
926.342	11593.21
926.518	12117.49
926.695	11924.98
926.871	11818.49
927.048	11494.91
927.224	12369.39
927.401	11931.12
927.577	11744.76
927.754	11308.54
927.93	12211.7
928.107	12230.13
928.283	11435.52
928.459	11711.99
928.636	12101.11
928.812	11664.89
928.988	11175.42
929.165	10886.66
929.341	11691.51
929.517	11843.06
929.693	12080.63
929.87	10847.75
930.046	11820.53
930.222	11589.11
930.398	11081.22
930.574	11156.99
930.751	11480.57
930.927	11337.21
931.103	11044.35
931.279	11183.62
931.455	11181.57
931.631	11095.55
931.807	10489.35
931.983	10620.42
932.159	10749.45
932.335	10944
932.511	10487.31
932.687	10192.4
932.863	10767.88
933.039	10616.33
933.215	9960.98
933.391	9831.96
933.566	10173.97
933.742	10192.4
933.918	9522.71
934.094	9475.61
934.27	10159.63
934.445	9963.03
934.621	9893.4
934.797	9381.4
934.973	10069.52
935.148	9514.52
935.324	9147.94
935.5	8695.33
935.675	9557.53
935.851	9432.6
936.027	9238.05
936.202	9051.68
936.378	9356.83
936.553	8883.75
936.729	9303.58
936.904	8175.15
937.08	8476.2
937.255	8203.82
937.431	8076.85
937.606	7667.25
937.782	8171.05
937.957	8379.95
938.133	7726.64
938.308	7476.79
938.483	7816.76
938.659	7421.5
938.834	7593.53
939.009	6966.85
939.185	7392.83
939.36	7034.43
939.535	6461
939.71	6979.14
939.886	7413.31
940.061	6977.09
940.236	6987.33
940.411	6610.5
940.586	6866.5
940.761	6889.03
940.937	6346.31
941.112	6102.61
941.287	6549.06
941.462	6534.73
941.637	6116.94
941.812	6266.44
941.987	6497.86
942.162	6250.06
942.337	5971.54
942.512	5893.71
942.687	6696.52
942.862	6250.06
943.037	5576.28
943.212	5424.73
943.386	5871.19
943.561	6129.23
943.736	5981.78
943.911	6526.54
944.086	6555.21
944.26	6231.63
944.435	5822.03
944.61	6239.82
944.785	6368.84
944.959	6821.44
945.134	5779.03
945.309	5709.4
945.483	5817.94
945.658	6338.12
945.833	5322.33
946.007	5607
946.182	6442.57
946.357	6002.26
946.531	5826.13
946.706	5598.81
946.88	5678.68
947.055	6340.17
947.229	5615.19
947.404	5664.34
947.578	6237.77
947.752	6174.28
947.927	5742.16
948.101	5754.45
948.276	6610.5
948.45	6452.81
948.624	6389.32
948.799	5865.04
948.973	6295.11
949.147	6229.58
949.321	6043.21
949.496	6229.58
949.67	6966.85
949.844	6297.16
950.018	6080.08
950.193	6004.3
950.367	7188.03
950.541	6229.58
950.715	6307.4
950.889	6383.18
951.063	6389.32
951.237	6780.48
951.411	5992.02
951.585	6065.74
951.759	6817.35
951.933	6714.95
952.107	6194.76
952.281	6430.28
952.455	7030.34
952.629	6848.07
952.803	6307.4
952.977	6436.42
953.151	6846.02
953.325	6669.89
953.499	6393.42
953.672	6202.96
953.846	6616.65
954.02	6827.59
954.194	6454.86
954.368	6350.41
954.541	7020.1
954.715	6721.09
954.889	6608.45
955.062	6235.72
955.236	6600.26
955.41	6870.59
955.583	6585.93
955.757	6334.03
955.93	6975.04
956.104	6639.17
956.278	6549.06
956.451	6702.66
956.625	7153.21
956.798	7384.63
956.972	7114.3
957.145	6358.6
957.319	7308.86
957.492	7067.2
957.665	7026.24
957.839	6549.06
958.012	7108.16
958.185	7026.24
958.359	6733.38
958.532	6956.61
958.705	6878.79
958.879	6864.45
959.052	6727.24
959.225	6538.82
959.398	7204.41
959.572	7102.01
959.745	6463.05
959.918	6606.41
960.091	7179.84
960.264	7360.06
960.438	6573.64
960.611	6598.21
960.784	7280.19
960.957	6815.3
961.13	7263.8
961.303	6481.48
961.476	6946.37
961.649	7337.53
961.822	6567.49
961.995	6774.34
962.168	6827.59
962.341	7065.15
962.514	6458.95
962.686	6493.77
962.859	7173.69
963.032	7018.05
963.205	6504.01
963.378	6176.33
963.551	6975.04
963.723	6774.34
963.896	6694.47
964.069	6760
964.242	6880.83
964.414	7304.76
964.587	6639.17
964.76	6737.48
964.932	6997.57
965.105	7022.14
965.278	6438.47
965.45	6458.95
965.623	7091.77
965.795	7026.24
965.968	6547.01
966.14	6583.88
966.313	6821.44
966.485	6936.13
966.658	6331.98
966.83	6403.66
967.003	7073.34
967.175	6786.63
967.348	6338.12
967.52	6401.61
967.692	7343.67
967.865	7224.89
968.037	6286.92
968.209	6600.26
968.382	6993.47
968.554	6983.23
968.726	6307.4
968.898	6362.7
969.071	7106.11
969.243	6774.34
969.415	6196.81
969.587	6426.18
969.759	6940.22
969.932	6717
970.104	6395.47
970.276	5832.27
970.448	6643.27
970.62	6581.83
970.792	6534.73
970.964	6282.83
971.136	6991.42
971.308	6790.72
971.48	5967.44
971.652	6250.06
971.824	7122.49
971.996	6555.21
972.168	6106.7
972.339	6323.79
972.511	6901.31
972.683	6764.1
972.855	6727.24
973.027	6174.28
973.199	6856.26
973.37	6987.33
973.542	6252.11
973.714	6362.7
973.886	6559.3
974.057	6749.76
974.229	6125.13
974.401	6059.6
974.572	6340.17
974.744	6168.14
974.915	5881.42
975.087	6180.43
975.259	6598.21
975.43	6176.33
975.602	5770.83
975.773	5772.88
975.945	6213.2
976.116	6331.98
976.288	5805.65
976.459	5903.95
976.63	5994.06
976.802	6164.04
976.973	5645.91
977.145	5971.54
977.316	6809.15
977.487	6786.63
977.659	5936.72
977.83	5807.7
978.001	6383.18
978.172	6301.26
978.344	5713.49
978.515	5709.4
978.686	6071.89
978.857	6614.6
979.028	5623.38
979.2	5699.16
979.371	6389.32
979.542	5938.77
979.713	5701.2
979.884	5351
980.055	6002.26
980.226	6082.13
980.397	5643.86
980.568	5402.2
980.739	6082.13
980.91	5912.14
981.081	5670.48
981.252	5484.12
981.423	5881.42
981.594	5811.79
981.765	5387.86
981.936	5586.52
982.106	5824.08
982.277	6063.69
982.448	5191.26
982.619	5537.37
982.79	5191.26
982.96	5860.95
983.131	5381.72
983.302	4738.66
983.472	5402.2
983.643	5535.32
983.814	5238.36
983.984	5097.05
984.155	5287.51
984.326	5617.24
984.496	5215.84
984.667	4941.41
984.837	4959.84
985.008	5801.55
985.178	5297.75
985.349	4902.5
985.519	5328.47
985.69	5113.44
985.86	4912.74
986.031	4937.31
986.201	5539.41
986.371	5361.24
986.542	4808.29
986.712	4554.34
986.882	5248.6
987.053	5391.96
987.223	4683.36
987.393	5246.55
987.563	5078.62
987.734	5650
987.904	5512.79
988.074	4685.41
988.244	5066.33
988.414	5250.65
988.585	4740.71
988.755	5062.24
988.925	5133.92
989.095	5559.89
989.265	4548.2
989.435	4912.74
989.605	5295.71
989.775	5451.35
989.945	5215.84
990.115	4472.42
990.285	4965.98
990.455	5111.39
990.625	4902.5
990.795	4445.8
990.965	5461.59
991.134	4886.11
991.304	4531.81
991.474	4365.93
991.644	5045.85
991.814	5201.5
991.984	4165.23
992.153	4284.01
992.323	4542.05
992.493	4920.93
992.662	4103.79
992.832	4546.15
993.002	4585.06
993.171	4980.32
993.341	3991.15
993.511	4148.84
993.68	4494.95
993.85	4771.43
994.019	3987.05
994.189	4019.82
994.358	4615.78
994.528	4517.48
994.697	3741.3
994.867	4005.49
995.036	4648.55
995.206	4275.82
995.375	4003.44
995.544	4357.74
995.714	4748.9
995.883	4480.61
996.052	4275.82
996.222	3509.88
996.391	4546.15
996.56	4355.69
996.73	3729.01
996.899	3690.1
997.068	4709.99
997.237	4591.2
997.406	3671.67
997.576	3526.26
997.745	4638.31
997.914	4232.81
998.083	3495.54
998.252	3686
998.421	4259.43
998.59	4017.77
998.759	3657.33
998.928	3462.77
999.097	4404.84
999.266	4175.47
999.435	3718.77
999.604	3290.74
999.773	4421.22
999.942	4128.36
1000.111	3296.89
1000.28	3399.29
1000.448	3995.25
1000.617	3827.31
1000.786	3841.65
1000.955	3315.32
1001.124	4298.35
1001.292	4521.57
1001.461	3399.29
1001.63	3167.87
1001.798	3989.1
1001.967	4034.16
1002.136	3174.01
1002.304	3358.33
1002.473	4243.05
1002.642	3876.46
1002.81	3473.01
1002.979	3180.15
1003.147	4181.61
1003.316	4085.36
1003.484	3198.59
1003.653	3300.98
1003.821	3790.45
1003.99	3700.34
1004.158	3612.28
1004.327	3303.03
1004.495	3778.16
1004.663	3700.34
1004.832	3407.48
1005	2889.34
1005.168	3739.25
1005.337	3432.05
1005.505	2729.6
1005.673	3481.21
1005.842	3849.84
1006.01	3380.86
1006.178	2946.69
1006.346	2840.19
1006.514	3374.71
1006.683	3886.7
1006.851	2907.77
1007.019	3276.41
1007.187	3432.05
1007.355	3061.37
1007.523	2653.83
1007.691	2678.4
1007.859	3092.09
1008.027	3815.02
1008.195	2795.14
1008.363	2608.77
1008.531	3212.92
1008.699	3479.16
1008.867	2373.25
1009.035	2645.63
1009.203	3554.93
1009.37	3368.57
1009.538	2586.24
1009.706	3489.4
1009.874	3141.24
1010.042	3339.9
1010.209	2520.71
1010.377	2524.8
1010.545	3262.07
1010.713	3262.07
1010.88	2547.33
1011.048	2506.37
1011.216	2997.88
1011.383	3225.21
1011.551	2369.16
1011.718	2332.3
1011.886	3051.13
1012.054	3141.24
1012.221	2293.38
1012.389	2211.46
1012.556	2963.07
1012.724	3321.46
1012.891	2608.77
1013.058	2119.31
1013.226	2997.88
1013.393	2977.41
1013.561	2109.07
1013.728	2096.78
1013.895	3106.43
1014.063	2868.86
1014.23	2014.86
1014.397	2250.38
1014.565	3014.27
1014.732	2682.5
1014.899	2072.2
1015.066	2033.29
1015.233	2809.47
1015.401	2938.49
1015.568	2080.39
1015.735	2305.67
1015.902	2870.91
1016.069	2985.6
1016.236	2225.8
1016.403	1863.31
1016.57	2412.17
1016.737	3206.78
1016.904	1945.23
1017.071	1816.21
1017.238	2297.48
1017.405	2567.81
1017.572	1914.51
1017.739	2340.49
1017.906	2993.79
1018.073	2842.24
1018.24	1853.07
1018.407	2170.51
1018.573	2551.43
1018.74	2612.87
1018.907	2104.97
1019.074	1728.14
1019.241	2557.57
1019.407	2475.65
1019.574	1824.4
1019.741	1719.95
1019.907	2844.29
1020.074	2870.91
1020.241	1496.72
1020.407	1678.99
1020.574	2326.15
1020.74	2383.49
1020.907	1767.06
1021.073	1703.57
1021.24	2995.84
1021.406	2592.39
1021.573	1513.11
1021.739	1795.73
1021.906	2682.5
1022.072	2197.13
1022.239	1656.47
1022.405	1724.05
1022.571	2418.31
1022.738	2158.22
1022.904	1529.49
1023.07	1732.24
1023.237	2180.75
1023.403	2428.55
1023.569	1619.6
1023.735	1672.85
1023.902	2193.03
1024.068	2266.76
1024.234	1375.89
1024.4	1449.62
1024.566	1943.18
1024.732	2059.92
1024.898	1533.59
1025.065	1136.28
1025.231	2070.16
1025.397	1814.16
1025.563	1494.68
1025.729	1306.26
1025.895	1588.88
1026.061	1781.39
1026.227	1269.4
1026.392	1484.44
1026.558	2129.55
1026.724	2141.83
1026.89	1349.27
1027.056	1433.24
1027.222	1924.75
1027.388	1961.61
1027.553	1341.08
1027.719	1308.31
1027.885	2322.06
1028.051	1910.41
1028.216	1134.23
1028.382	1216.15
1028.548	1967.76
1028.713	1855.12
1028.879	999.07
1029.045	1486.48
1029.21	2207.37
1029.376	1955.47
1029.541	1232.54
1029.707	1248.92
1029.873	1965.71
1030.038	1904.27
1030.204	1164.95
1030.369	1160.86
1030.534	2000.52
1030.7	1603.22
1030.865	1334.93
1031.031	1091.23
1031.196	1859.21
1031.361	1752.72
1031.527	1199.77
1031.692	1078.94
1031.857	1568.4
1032.023	1971.85
1032.188	1107.61
1032.353	1216.15
1032.518	1891.98
1032.684	1699.47
1032.849	904.86
1033.014	1203.86
1033.179	1746.58
1033.344	1734.29
1033.509	1351.32
1033.674	980.64
1033.839	1863.31
1034.004	1592.98
1034.17	1025.69
1034.335	814.75
1034.5	1621.65
1034.664	1488.53
1034.829	986.78
1034.994	1123.99
1035.159	1336.98
1035.324	1765.01
1035.489	1007.26
1035.654	1007.26
1035.819	2256.52
1035.984	1619.6
1036.148	1167
1036.313	1160.86
1036.478	1848.97
1036.643	1472.15
1036.807	892.57
1036.972	818.85
1037.137	2172.55
1037.301	1437.33
1037.466	618.15
1037.631	1160.86
1037.795	1697.42
1037.96	1429.14
1038.124	1152.67
1038.289	880.29
1038.454	1396.37
1038.618	1625.75
1038.783	1130.14
1038.947	1035.93
1039.111	1265.3
1039.276	1461.91
1039.44	806.56
1039.605	1672.85
1039.769	1375.89
1039.933	1445.52
1040.098	988.83
1040.262	1279.64
1040.426	1547.92
1040.591	1447.57
1040.755	814.75
1040.919	751.26
1041.083	1734.29
1041.248	1121.95
1041.412	419.49
1041.576	661.15
1041.74	1255.06
1041.904	1357.46
1042.068	605.86
1042.232	886.43
1042.397	1732.24
1042.561	1310.36
1042.725	460.45
1042.889	769.69
1043.053	1345.17
1043.217	1171.1
1043.381	734.88
1043.544	466.6
1043.708	1449.62
1043.872	1042.07
1044.036	327.33
1044.2	507.55
1044.364	1511.06
1044.528	1566.35
1044.691	5963.34
1044.855	609.95
1045.019	1240.73
1045.183	1412.76
1045.346	612
1045.51	519.84
1045.674	1388.18
1045.837	1234.58
1046.001	599.71
1046.165	667.3
1046.328	1762.96
1046.492	1117.85
1046.655	972.44
1046.819	700.06
1046.983	1201.82
1047.146	1126.04
1047.31	706.21
1047.473	364.2
1047.636	1136.28
1047.8	972.44
1047.963	675.49
1048.127	472.74
1048.29	853.66
