345.52	-1327.08
345.736	-1327.08
345.952	-1327.08
346.168	-1392.62
346.384	-1382.38
346.6	-225.28
346.816	-378.87
347.032	-131.07
347.248	552.95
347.464	-333.82
347.68	-135.17
347.896	-118.78
348.112	311.29
348.328	-98.3
348.544	90.11
348.76	229.37
348.975	237.56
349.191	-319.48
349.407	-456.7
349.623	200.7
349.839	114.69
350.055	-239.61
350.27	-98.3
350.486	157.69
350.702	251.9
350.918	407.55
351.133	-229.37
351.349	215.04
351.565	448.51
351.781	-405.5
351.996	14.34
352.212	221.18
352.428	165.89
352.644	-368.63
352.859	-354.3
353.075	260.09
353.291	69.63
353.506	-169.98
353.722	-423.93
353.938	-100.35
354.153	430.07
354.369	239.61
354.584	-307.2
354.8	329.72
355.016	-120.83
355.231	-460.79
355.447	-126.97
355.662	391.16
355.878	710.65
356.093	-428.03
356.309	-120.83
356.524	-139.26
356.74	487.42
356.955	-466.94
357.171	-178.17
357.386	253.95
357.602	-65.54
357.817	-155.65
358.033	-313.34
358.248	397.31
358.464	327.67
358.679	-348.15
358.895	-368.63
359.11	30.72
359.325	118.78
359.541	471.03
359.756	-114.69
359.972	-176.13
360.187	526.33
360.402	-274.43
360.618	-235.52
360.833	1636.33
361.048	149.5
361.264	-202.75
361.479	-108.54
361.694	180.22
361.909	256
362.125	-290.81
362.34	-188.41
362.555	284.67
362.77	231.42
362.986	-428.03
363.201	-274.43
363.416	235.52
363.631	36.86
363.847	-382.97
364.062	-262.14
364.277	210.94
364.492	-4.1
364.707	-290.81
364.922	-391.16
365.138	237.56
365.353	294.91
365.568	-516.09
365.783	-208.89
365.998	473.08
366.213	585.72
366.428	-421.88
366.643	94.21
366.858	225.28
367.073	249.85
367.288	-221.18
367.503	-315.39
367.718	24.58
367.933	430.07
368.148	-321.53
368.363	-81.92
368.578	266.24
368.793	456.7
369.008	-102.4
369.223	-415.74
369.438	258.04
369.653	212.99
369.868	-399.35
370.083	-311.29
370.298	178.17
370.513	499.7
370.728	10.24
370.943	-321.53
371.157	36.86
371.372	716.79
371.587	-442.36
371.802	-389.11
372.017	55.3
372.232	456.7
372.446	-116.73
372.661	-350.2
372.876	188.41
373.091	272.38
373.306	-215.04
373.52	-485.37
373.735	-10.24
373.95	585.72
374.165	-251.9
374.379	-274.43
374.594	4.1
374.809	415.74
375.023	81.92
375.238	-280.57
375.453	307.2
375.667	-120.83
375.882	-294.91
376.097	-348.15
376.311	90.11
376.526	296.96
376.741	-360.44
376.955	235.52
377.17	417.79
377.384	942.07
377.599	81.92
377.813	-450.55
378.028	813.04
378.242	229.37
378.457	-178.17
378.672	-417.79
378.886	-34.82
379.101	71.68
379.315	-520.18
379.53	-151.55
379.744	346.11
379.958	163.84
380.173	-364.54
380.387	-307.2
380.602	286.72
380.816	-32.77
381.031	-229.37
381.245	-290.81
381.459	184.32
381.674	983.02
381.888	-380.92
382.103	206.84
382.317	79.87
382.531	344.06
382.746	-151.55
382.96	-358.39
383.174	94.21
383.388	741.36
383.603	96.25
383.817	-387.07
384.031	69.63
384.246	442.36
384.46	-102.4
384.674	798.71
384.888	22.53
385.103	251.9
385.317	-487.42
385.531	12.29
385.745	800.76
385.959	442.36
386.174	-389.11
386.388	-331.77
386.602	153.6
386.816	86.01
387.03	-178.17
387.244	-161.79
387.458	274.43
387.672	393.21
387.887	-450.55
388.101	-315.39
388.315	247.8
388.529	169.98
388.743	-241.66
388.957	-249.85
389.171	495.61
389.385	-49.15
389.599	-344.06
389.813	-94.21
390.027	243.71
390.241	786.42
390.455	-239.61
390.669	-108.54
390.883	59.39
391.097	559.1
391.311	139.26
391.525	-241.66
391.738	481.27
391.952	518.14
392.166	-73.73
392.38	-339.96
392.594	327.67
392.808	292.86
393.022	-208.89
393.236	-208.89
393.449	178.17
393.663	538.62
393.877	-419.83
394.091	-114.69
394.305	188.41
394.518	77.82
394.732	-368.63
394.946	-161.79
395.16	780.28
395.373	202.75
395.587	-311.29
395.801	-264.19
396.015	348.15
396.228	245.76
396.442	-356.35
396.656	-454.65
396.869	327.67
397.083	610.29
397.297	-34.82
397.51	-233.47
397.724	245.76
397.938	186.37
398.151	-413.69
398.365	-419.83
398.578	434.17
398.792	456.7
399.005	67.58
399.219	-366.59
399.433	280.57
399.646	421.88
399.86	141.31
400.073	122.88
400.287	348.15
400.5	325.63
400.714	49.15
400.927	-178.17
401.141	432.12
401.354	1929.19
401.567	448.51
401.781	-458.75
401.994	282.62
402.208	610.29
402.421	-88.06
402.635	-180.22
402.848	12.29
403.061	364.54
403.275	-61.44
403.488	-352.25
403.701	499.7
403.915	600.05
404.128	96.25
404.341	-260.09
404.555	747.51
404.768	0
404.981	159.74
405.195	-221.18
405.408	423.93
405.621	462.84
405.834	120.83
406.048	-358.39
406.261	460.79
406.474	491.51
406.687	-264.19
406.9	-57.34
407.114	309.24
407.327	565.24
407.54	-296.96
407.753	-378.87
407.966	53.25
408.179	235.52
408.392	-247.8
408.605	-393.21
408.819	167.93
409.032	372.73
409.245	-182.27
409.458	86.01
409.671	284.67
409.884	360.44
410.097	-346.11
410.31	20.48
410.523	565.24
410.736	165.89
410.949	-2.05
411.162	-159.74
411.375	356.35
411.588	352.25
411.801	59.39
412.014	-270.33
412.227	90.11
412.44	237.56
412.653	-100.35
412.865	169.98
413.078	520.18
413.291	362.49
413.504	71.68
413.717	-272.38
413.93	438.27
414.143	-8.19
414.356	-4.1
414.568	-348.15
414.781	376.83
414.994	415.74
415.207	32.77
415.42	-12.29
415.632	251.9
415.845	759.8
416.058	-389.11
416.271	-243.71
416.483	348.15
416.696	626.68
416.909	-169.98
417.121	-208.89
417.334	200.7
417.547	651.25
417.759	-241.66
417.972	-184.32
418.185	196.61
418.397	299
418.61	-237.56
418.823	-251.9
419.035	598.01
419.248	405.5
419.46	-96.25
419.673	-18.43
419.885	237.56
420.098	401.4
420.311	-217.08
420.523	-475.13
420.736	399.35
420.948	284.67
421.161	-198.65
421.373	-337.91
421.586	174.08
421.798	26.62
422.01	-411.64
422.223	59.39
422.435	69.63
422.648	532.47
422.86	-147.45
423.073	-30.72
423.285	258.04
423.497	45.06
423.71	-165.89
423.922	-147.45
424.134	595.96
424.347	686.07
424.559	204.8
424.771	296.96
424.984	407.55
425.196	389.11
425.408	-409.59
425.621	-229.37
425.833	446.46
426.045	696.31
426.257	-258.04
426.47	36.86
426.682	135.17
426.894	243.71
427.106	-221.18
427.318	8.19
427.531	235.52
427.743	405.5
427.955	-20.48
428.167	741.36
428.379	204.8
428.591	184.32
428.804	-75.77
429.016	-196.61
429.228	342.01
429.44	442.36
429.652	13551.41
429.864	-296.96
430.076	243.71
430.288	317.44
430.5	65.53
430.712	69.63
430.924	358.39
431.136	620.53
431.348	-262.14
431.56	-178.17
431.772	184.32
431.984	182.27
432.196	-337.91
432.408	-63.49
432.62	227.32
432.832	331.77
433.044	268.28
433.256	92.16
433.468	389.11
433.679	36.86
433.891	-249.85
434.103	212.99
434.315	806.9
434.527	540.66
434.739	67.58
434.95	-45.06
435.162	423.93
435.374	79.87
435.586	90.11
435.798	-34.82
436.009	215.04
436.221	280.57
436.433	-24.58
436.645	-73.73
436.856	223.23
437.068	718.84
437.28	-182.27
437.491	309.24
437.703	481.27
437.915	454.65
438.126	-151.55
438.338	385.02
438.55	208.89
438.761	374.78
438.973	63.49
439.184	157.69
439.396	235.52
439.608	389.11
439.819	-122.88
440.031	30.72
440.242	485.37
440.454	471.03
440.665	55.3
440.877	169.98
441.088	747.51
441.3	483.32
441.511	-290.81
441.723	-51.2
441.934	784.37
442.146	473.08
442.357	204.8
442.569	593.91
442.78	606.2
442.991	1040.37
443.203	550.9
443.414	-86.01
443.626	876.53
443.837	327.67
444.048	-83.97
444.26	-157.69
444.471	555
444.682	448.51
444.894	-67.58
445.105	-106.49
445.316	686.07
445.528	669.69
445.739	243.71
445.95	147.45
446.161	391.16
446.373	622.58
446.584	145.41
446.795	-18.43
447.006	767.99
447.217	727.03
447.429	-124.93
447.64	-178.17
447.851	1392.62
448.062	688.12
448.273	-155.65
448.484	-86.01
448.695	600.05
448.907	649.21
449.118	100.35
449.329	360.44
449.54	415.74
449.751	378.87
449.962	20.48
450.173	45.06
450.384	507.9
450.595	849.91
450.806	57.34
451.017	51.2
451.228	837.62
451.439	671.73
451.65	159.74
451.861	-305.15
452.072	405.5
452.283	591.86
452.494	380.92
452.705	55.3
452.915	1212.4
453.126	653.3
453.337	243.71
453.548	151.55
453.759	983.02
453.97	960.5
454.181	724.98
454.391	129.02
454.602	632.82
454.813	1030.13
455.024	194.56
455.235	75.77
455.445	845.81
455.656	581.62
455.867	479.22
456.078	176.13
456.288	421.88
456.499	825.33
456.71	10.24
456.921	462.84
457.131	636.92
457.342	575.48
457.553	407.55
457.763	190.46
457.974	583.67
458.184	802.8
458.395	49.15
458.606	-28.67
458.816	860.15
459.027	980.98
459.237	399.35
459.448	120.83
459.659	770.04
459.869	1697.77
460.08	-86.01
460.29	348.15
460.501	1091.57
460.711	733.17
460.922	63.49
461.132	178.17
461.343	1552.36
461.553	514.04
461.764	131.07
461.974	219.13
462.184	968.69
462.395	856.05
462.605	276.48
462.816	65.53
463.026	907.25
463.236	804.85
463.447	241.66
463.657	178.17
463.867	993.26
464.078	720.88
464.288	253.95
464.498	286.72
464.709	823.28
464.919	835.57
465.129	438.27
465.339	137.21
465.55	829.43
465.76	1083.38
465.97	288.76
466.18	368.63
466.391	1075.18
466.601	851.95
466.811	446.46
467.021	67.58
467.231	1120.24
467.441	1247.21
467.651	452.6
467.862	18.43
468.072	847.86
468.282	972.79
468.492	204.8
468.702	561.14
468.912	976.88
469.122	1683.43
469.332	770.04
469.542	389.11
469.752	1409
469.962	905.2
470.172	315.39
470.382	440.31
470.592	1269.74
470.802	1118.19
471.012	743.41
471.222	337.91
471.432	978.93
471.642	1118.19
471.852	729.08
472.062	456.7
472.272	1028.08
472.482	790.52
472.691	399.35
472.901	540.66
473.111	880.63
473.321	1660.9
473.531	452.6
473.741	862.19
473.95	1267.69
474.16	1241.07
474.37	751.6
474.58	432.12
474.79	1617.9
474.999	1216.49
475.209	632.82
475.419	727.03
475.628	1314.8
475.838	1624.04
476.048	954.35
476.258	516.09
476.467	1511.4
476.677	1095.66
476.886	1177.58
477.096	831.48
477.306	1265.64
477.515	1507.3
477.725	1103.86
477.935	868.34
478.144	1855.46
478.354	1267.69
478.563	917.49
478.773	684.02
478.982	1527.78
479.192	1490.92
479.401	1058.8
479.611	765.94
479.82	1210.35
480.03	1513.45
480.239	839.67
480.449	720.88
480.658	1687.53
480.868	1472.49
481.077	1138.67
481.287	1036.27
481.496	1581.03
481.705	1824.74
481.915	1490.92
482.124	1437.67
482.333	1701.86
482.543	2090.98
482.752	1378.28
482.961	1093.62
483.171	1757.16
483.38	1429.48
483.589	1202.16
483.799	1036.27
484.008	1691.62
484.217	1652.71
484.426	1212.4
484.636	1042.42
484.845	1820.64
485.054	1482.73
485.263	1830.88
485.472	1312.75
485.682	1955.81
485.891	1834.98
486.1	1099.76
486.309	1284.08
486.518	2056.16
486.727	2848.72
486.936	1249.26
487.146	1679.33
487.355	2101.22
487.564	1771.49
487.773	1421.29
487.982	1345.52
488.191	1869.8
488.4	2299.87
488.609	1560.55
488.818	1630.18
489.027	2306.01
489.236	2344.92
489.445	1458.15
489.654	1222.64
489.863	2322.4
490.072	2035.68
490.281	2140.13
490.49	1751.01
490.698	2373.6
490.907	2805.72
491.116	1619.94
491.325	1484.78
491.534	2469.85
491.743	1978.34
491.952	1757.16
492.16	1765.35
492.369	2525.15
492.578	2508.76
492.787	1849.32
492.996	1472.49
493.204	2035.68
493.413	2611.16
493.622	1531.88
493.831	1495.02
494.039	2723.8
494.248	2101.22
494.457	1857.51
494.665	1589.22
494.874	2459.61
495.083	2891.73
495.291	1886.18
495.5	1593.32
495.709	2551.77
495.917	2396.12
496.126	2068.45
496.335	1832.93
496.543	2308.06
496.752	2400.22
496.96	2336.73
497.169	1695.72
497.377	2422.75
497.586	2652.12
497.794	2140.13
498.003	1613.8
498.211	2490.33
498.42	2666.46
498.628	2068.45
498.837	1925.09
499.045	2588.63
499.254	2465.75
499.462	1931.23
499.671	1910.75
499.879	3385.29
500.087	2680.79
500.296	1816.55
500.504	2103.26
500.713	2617.3
500.921	3094.48
501.129	2166.75
501.338	1920.99
501.546	2734.04
501.754	2602.97
501.962	2099.17
502.171	1949.67
502.379	2803.67
502.587	2877.4
502.795	2179.04
503.004	2070.5
503.212	3063.76
503.42	2787.29
503.628	2355.16
503.837	2281.44
504.045	2910.16
504.253	3219.41
504.461	2193.37
504.669	2037.73
504.877	3127.25
505.085	2922.45
505.294	1894.37
505.502	2582.49
505.71	3266.51
505.918	2785.24
506.126	2207.71
506.334	2291.68
506.542	2942.93
506.75	2955.22
506.958	2615.26
507.166	2252.77
507.374	2680.79
507.582	3264.46
507.79	2584.54
507.998	2389.98
508.206	3190.74
508.414	2961.36
508.622	2230.24
508.83	2475.99
509.037	2969.55
509.245	2695.13
509.453	2385.88
509.661	2342.88
509.869	3219.41
510.077	2742.23
510.285	2734.04
510.492	2072.54
510.7	3545.03
510.908	2783.19
511.116	2463.71
511.324	2424.8
511.531	2977.75
511.739	3334.09
511.947	2842.58
512.155	2879.44
512.362	3160.02
512.57	2744.28
512.778	2330.59
512.985	2265.05
513.193	3067.86
513.401	3473.35
513.608	2660.31
513.816	2527.19
514.024	3260.37
514.231	3274.7
514.439	2666.46
514.646	2648.02
514.854	3547.08
515.061	3289.04
515.269	2666.46
515.477	2672.6
515.684	3143.63
515.892	3346.38
516.099	2549.72
516.307	2437.08
516.514	3678.15
516.722	3653.58
516.929	2619.35
517.136	2535.39
517.344	3493.83
517.551	3528.65
517.759	2510.81
517.966	2877.4
518.173	3256.27
518.381	3426.25
518.588	2727.89
518.796	2617.3
519.003	3655.62
519.21	3422.16
519.418	2858.96
519.625	3241.93
519.832	3477.45
520.039	3506.12
520.247	2490.33
520.454	2895.83
520.661	3512.27
520.868	3477.45
521.076	2781.14
521.283	2924.5
521.49	4016.07
521.697	3545.03
521.904	3012.56
522.112	3039.19
522.319	3635.14
522.526	3559.37
522.733	2781.14
522.94	2908.12
523.147	3635.14
523.354	3338.19
523.561	2865.11
523.768	3069.91
523.975	3854.28
524.183	3520.46
524.39	3313.61
524.597	2924.5
524.804	3481.55
525.011	3368.91
525.218	3002.32
525.425	2981.84
525.632	4007.87
525.838	3389.39
526.045	3082.19
526.252	3104.72
526.459	5259.18
526.666	5328.81
526.873	3039.19
527.08	2965.46
527.287	3928
527.494	3852.23
527.701	3002.32
527.907	2998.23
528.114	3794.89
528.321	3737.54
528.528	3092.43
528.735	3268.56
528.941	3514.31
529.148	3606.47
529.355	3219.41
529.562	3205.07
529.768	4435.9
529.975	3598.28
530.182	3373
530.388	3209.17
530.595	3946.44
530.802	3534.79
531.008	3512.27
531.215	3266.51
531.422	4782.01
531.628	4759.48
531.835	3209.17
532.042	3540.94
532.248	3903.43
532.455	4011.97
532.661	3405.77
532.868	3250.13
533.074	4061.12
533.281	4403.13
533.487	3407.82
533.694	3350.48
533.9	3878.85
534.107	3835.85
534.313	3309.52
534.52	3325.9
534.726	4124.61
534.933	4542.39
535.139	3418.06
535.345	3182.54
535.552	4476.86
535.758	4319.17
535.965	3454.92
536.171	3461.07
536.377	4214.72
536.584	4722.62
536.79	3411.92
536.996	3719.11
537.203	4206.53
537.409	4562.87
537.615	3538.89
537.821	3831.75
538.028	4751.29
538.234	4083.65
538.44	3811.27
538.646	3626.95
538.853	4169.66
539.059	4093.89
539.265	4220.86
539.471	3373
539.677	4323.26
539.883	4349.89
540.09	5515.18
540.296	4444.09
540.502	4337.6
540.708	4149.18
540.914	4173.76
541.12	3639.24
541.326	4620.22
541.532	4366.27
541.738	4005.83
541.944	3755.97
542.15	4665.27
542.356	4218.82
542.562	3665.86
542.768	3755.97
542.974	4693.94
543.18	4657.08
543.386	3747.78
543.592	3567.56
543.798	5189.55
544.004	4652.98
544.21	3829.7
544.415	4018.11
544.621	4532.15
544.827	5341.1
545.033	4040.64
545.239	4274.11
545.445	4376.51
545.651	4687.8
545.856	4018.11
546.062	3944.39
546.268	4472.76
546.474	4763.58
546.679	3887.04
546.885	4026.31
547.091	4659.13
547.297	5101.49
547.502	4052.93
547.708	3672.01
547.914	4478.91
548.119	4947.89
548.325	3870.66
548.531	3805.13
548.736	5363.63
548.942	4386.75
549.147	3936.2
549.353	4378.56
549.559	5089.2
549.764	4859.83
549.97	3825.61
550.175	4083.65
550.381	4904.89
550.586	4542.39
550.792	4065.22
550.997	4220.86
551.203	4859.83
551.408	4941.75
551.614	4005.83
551.819	4124.61
552.025	5248.94
552.23	4947.89
552.435	4016.07
552.641	4353.98
552.846	4614.07
553.052	5296.05
553.257	4577.21
553.462	4192.19
553.668	4605.88
553.873	4890.55
554.078	4204.48
554.283	4341.69
554.489	5099.44
554.694	4931.51
554.899	4005.83
555.105	4552.63
555.31	4980.66
555.515	5115.83
555.72	4399.04
555.925	5437.36
556.131	5089.2
556.336	4988.85
556.541	4380.61
556.746	4147.14
556.951	5011.38
557.156	5091.25
557.361	4337.6
557.567	4519.87
557.772	5201.84
557.977	5107.63
558.182	4472.76
558.387	4394.94
558.592	4892.6
558.797	5406.64
559.002	4460.48
559.207	4566.97
559.412	5271.47
559.617	5642.15
559.822	4427.71
560.027	4161.47
560.232	4954.04
560.437	5201.84
560.642	4337.6
560.847	4421.56
561.051	5072.82
561.256	5365.68
561.461	4507.58
561.666	4122.56
561.871	5001.14
562.076	5427.12
562.281	4595.64
562.485	4421.56
562.69	5294
562.895	5087.15
563.1	4562.87
563.305	4286.4
563.509	5267.38
563.714	5689.26
563.919	4411.32
564.123	4517.82
564.328	5025.72
564.533	5568.43
564.737	4706.23
564.942	4472.76
565.147	5263.28
565.351	5212.08
565.556	4695.99
565.761	4734.9
565.965	5222.32
566.17	5138.35
566.374	4675.51
566.579	4577.21
566.784	5240.75
566.988	5183.41
567.193	4540.35
567.397	4736.95
567.602	5244.85
567.806	5296.05
568.011	4638.65
568.215	4609.98
568.42	5246.9
568.624	5447.6
568.828	4556.73
569.033	4972.47
569.237	5509.04
569.442	5486.51
569.646	4659.13
569.85	4745.14
570.055	5300.14
570.259	5353.39
570.463	5035.96
570.668	4796.34
570.872	5517.23
571.076	5257.14
571.281	5050.29
571.485	4896.69
571.689	5506.99
571.893	5689.26
572.098	4894.65
572.302	4761.53
572.506	5492.65
572.71	5576.62
572.914	4784.05
573.119	4911.03
573.323	5828.52
573.527	5607.34
573.731	4751.29
573.935	4794.29
574.139	5478.32
574.343	5318.57
574.547	4822.97
574.751	5031.86
574.955	5748.65
575.159	5740.46
575.364	4956.08
575.568	4739
575.772	5638.06
575.976	5562.28
576.18	4995
576.383	4911.03
576.587	5879.72
576.791	5650.35
576.995	4603.83
577.199	4906.93
577.403	5504.94
577.607	5656.49
577.811	4911.03
578.015	5044.15
578.219	5631.91
578.422	5685.16
578.626	5095.35
578.83	5279.66
579.034	6176.67
579.238	5762.98
579.442	4937.65
579.645	5861.29
579.849	5652.39
580.053	5760.94
580.257	5130.16
580.46	5287.86
580.664	5953.45
580.868	5736.36
581.071	5494.7
581.275	5459.88
581.479	5517.23
581.682	5945.25
581.886	5121.97
582.09	5353.39
582.293	5836.71
582.497	6051.75
582.7	5330.86
582.904	5087.15
583.107	5873.57
583.311	5853.09
583.515	5107.63
583.718	5156.79
583.922	6123.43
584.125	6625.18
584.329	5205.94
584.532	5435.31
584.735	6338.46
584.939	6135.71
585.142	5109.68
585.346	5236.66
585.549	5949.35
585.753	6035.36
585.956	5386.16
586.159	5609.39
586.363	6000.55
586.566	5928.87
586.769	5154.74
586.973	5111.73
587.176	6057.89
587.379	6092.71
587.582	5767.08
587.786	5607.34
587.989	6135.71
588.192	7073.68
588.395	5529.52
588.599	6008.74
588.802	6186.91
589.005	6186.91
589.208	5607.34
589.411	5281.71
589.615	6043.56
589.818	6430.62
590.021	6123.43
590.224	5828.52
590.427	6516.64
590.63	6242.21
590.833	5369.77
591.036	5545.9
591.239	5984.16
591.442	6010.79
591.645	5715.88
591.848	5552.04
592.051	6123.43
592.254	6301.6
592.457	5887.91
592.66	5910.44
592.863	6164.39
593.066	6705.05
593.269	5533.61
593.472	5760.94
593.675	5877.67
593.878	6078.37
594.081	5560.24
594.284	5304.24
594.486	6305.7
594.689	6244.26
594.892	5975.97
595.095	5789.61
595.298	6506.4
595.5	6012.84
595.703	5846.95
595.906	5853.09
596.109	6356.89
596.311	6322.08
596.514	5414.83
596.717	5799.85
596.92	6563.74
597.122	6516.64
597.325	5396.4
597.528	5631.91
597.73	6850.46
597.933	6674.33
598.136	5818.28
598.338	5398.45
598.541	6748.06
598.743	6868.89
598.946	6004.64
599.148	5889.96
599.351	6573.98
599.554	6508.44
599.756	6125.47
599.959	5830.57
600.161	6809.5
600.363	7112.6
600.566	6469.53
600.768	5785.51
600.971	6608.8
601.173	6522.78
601.376	6127.52
601.578	6168.48
601.78	6354.85
601.983	7323.54
602.185	5928.87
602.388	6397.85
602.59	6619.03
602.792	6729.63
602.995	6283.17
603.197	6029.22
603.399	6754.2
603.601	7008.15
603.804	6150.05
604.006	6045.6
604.208	6471.58
604.41	6240.16
604.613	6225.82
604.815	6090.66
605.017	6922.13
605.219	6629.27
605.421	6836.12
605.623	6174.63
605.826	7210.9
606.028	7251.86
606.23	6156.19
606.432	6156.19
606.634	6940.57
606.836	6684.57
607.038	5748.65
607.24	6303.65
607.442	6856.6
607.644	6670.23
607.846	6315.94
608.048	5984.16
608.25	6954.9
608.452	6512.54
608.654	6098.85
608.856	5951.4
609.058	6758.3
609.26	7069.59
609.462	6248.35
609.664	6201.25
609.866	6940.57
610.067	6705.05
610.269	6420.38
610.471	6152.1
610.673	6682.52
610.875	6834.07
611.077	5779.37
611.278	6336.42
611.48	6795.16
611.682	6977.43
611.884	6274.98
612.085	6295.46
612.287	6590.36
612.489	6713.24
612.69	5992.36
612.892	6344.61
613.094	7249.81
613.295	6768.54
613.497	6092.71
613.699	6455.2
613.9	7149.46
614.102	7042.96
614.304	6264.74
614.505	6170.53
614.707	6807.45
614.908	6997.91
615.11	6274.98
615.311	6520.73
615.513	6946.71
615.714	6746.01
615.916	6037.41
616.117	6526.88
616.319	6983.57
616.52	6979.48
616.722	6305.7
616.923	6102.95
617.124	7196.56
617.326	7028.63
617.527	6420.38
617.729	6467.49
617.93	6858.65
618.131	6926.23
618.333	6102.95
618.534	6502.3
618.735	7124.88
618.937	7292.82
619.138	6262.69
619.339	6057.89
619.54	7036.82
619.742	6711.19
619.943	6496.16
620.144	6395.81
620.345	7292.82
620.546	7077.78
620.748	6508.44
620.949	6469.53
621.15	7196.56
621.351	6948.76
621.552	6289.31
621.753	6279.07
621.954	6614.94
622.155	7561.1
622.356	6324.13
622.558	6606.75
622.759	7221.14
622.96	7370.64
623.161	6522.78
623.362	6274.98
623.563	7221.14
623.764	7032.72
623.965	6246.3
624.166	6819.74
624.366	6625.18
624.567	6946.71
624.768	6094.75
624.969	6246.3
625.17	6647.71
625.371	6901.65
625.572	6627.23
625.773	6336.42
625.973	7032.72
626.174	7307.15
626.375	6709.15
626.576	6625.18
626.777	7241.62
626.977	7339.92
627.178	6533.02
627.379	6653.85
627.58	6893.46
627.78	6864.79
627.981	6537.12
628.182	6549.4
628.382	6999.96
628.583	6883.22
628.784	6309.79
628.984	6723.48
629.185	6963.09
629.386	7184.27
629.586	6516.64
629.787	6209.44
629.987	6907.8
630.188	7268.24
630.388	6606.75
630.589	6811.54
630.79	7772.04
630.99	7002.01
631.191	6694.81
631.391	6709.15
631.591	7118.74
631.792	7214.99
631.992	6893.46
632.193	6637.47
632.393	7456.65
632.594	7006.1
632.794	6559.64
632.994	6852.5
633.195	7063.44
633.395	7016.34
633.595	6750.1
633.796	6786.97
633.996	7163.79
634.196	7298.96
634.397	6305.7
634.597	6535.07
634.797	6813.59
634.997	7575.44
635.198	6956.95
635.398	6502.3
635.598	7159.7
635.798	7133.08
635.998	7057.3
636.199	6549.4
636.399	6977.43
636.599	7051.16
636.799	6557.6
636.999	7171.99
637.199	7436.17
637.399	7649.16
637.599	6625.18
637.799	6813.59
637.999	7176.08
638.199	7399.31
638.399	6651.8
638.599	6676.38
638.799	7423.89
638.999	7524.24
639.199	6965.14
639.399	6721.43
639.599	7546.76
639.799	7235.47
639.999	6569.88
640.199	6551.45
640.399	7174.03
640.599	7403.41
640.799	6944.66
640.998	6967.19
641.198	7360.4
641.398	7421.84
641.598	6872.98
641.798	6920.09
641.997	8355.71
642.197	7245.71
642.397	7008.15
642.597	6844.31
642.796	7317.39
642.996	7362.45
643.196	7063.44
643.395	6563.74
643.595	7098.26
643.795	6838.17
643.994	6770.58
644.194	6909.85
644.394	7862.15
644.593	7577.48
644.793	6674.33
644.992	6963.09
645.192	7655.31
645.392	7223.19
645.591	7112.6
645.791	6780.82
645.99	7610.25
646.19	7270.29
646.389	6827.93
646.589	6821.78
646.788	7301.01
646.987	7274.39
647.187	7466.89
647.386	7354.26
647.586	7567.24
647.785	7798.66
647.984	6819.74
648.184	7153.55
648.383	7112.6
648.582	7294.86
648.782	6875.03
648.981	7239.57
649.18	7120.79
649.38	7219.09
649.579	6879.13
649.778	6803.35
649.977	7649.16
650.177	7430.03
650.376	6875.03
650.575	6778.78
650.774	7673.74
650.973	7395.22
651.173	6672.28
651.372	7116.69
651.571	7331.73
651.77	7696.27
651.969	6870.94
652.168	6993.81
652.367	7169.94
652.566	7335.82
652.765	7073.68
652.964	7440.27
653.163	7579.53
653.362	7407.5
653.561	6995.86
653.76	7055.25
653.959	7499.66
654.158	7810.95
654.357	7204.75
654.556	6825.88
654.755	7589.77
654.954	7733.13
655.153	7012.24
655.352	7098.26
655.551	7729.03
655.749	7495.57
655.948	7311.25
656.147	7075.73
656.346	7370.64
656.545	7536.52
656.743	7282.58
656.942	7415.69
657.141	7395.22
657.34	7466.89
657.538	6977.43
657.737	7241.62
657.936	7616.4
658.135	7411.6
658.333	7090.07
658.532	7384.98
658.731	7747.47
658.929	7673.74
659.128	7659.4
659.326	7104.4
659.525	7550.86
659.724	7567.24
659.922	6870.94
660.121	6789.02
660.319	7538.57
660.518	7290.77
660.716	7014.29
660.915	7036.82
661.113	8023.94
661.312	7372.69
661.51	7366.54
661.709	6973.33
661.907	7683.98
662.105	7731.08
662.304	7090.07
662.502	7174.03
662.701	7673.74
662.899	7266.19
663.097	7651.21
663.296	7171.99
663.494	7753.61
663.692	7933.83
663.891	6956.95
664.089	7004.05
664.287	7706.51
664.485	7571.34
664.684	7079.83
664.882	7270.29
665.08	7485.33
665.278	7567.24
665.476	6997.91
665.675	7659.4
665.873	7853.96
666.071	7825.29
666.269	7085.97
666.467	7532.43
666.665	7942.02
666.863	7481.23
667.061	7286.67
667.259	7421.84
667.457	7321.49
667.655	7589.77
667.853	6999.96
668.051	7468.94
668.249	7382.93
668.447	7819.14
668.645	7020.44
668.843	7368.59
669.041	7905.16
669.239	7186.32
669.437	7188.37
669.635	7321.49
669.833	7552.91
670.031	7276.43
670.229	7362.45
670.426	7387.02
670.624	7688.07
670.822	7538.57
671.02	7114.64
671.218	7282.58
671.415	7452.56
671.613	7716.75
671.811	7522.19
672.009	7192.47
672.206	7749.51
672.404	7462.8
672.602	7638.92
672.799	7354.26
672.997	7810.95
673.195	7753.61
673.392	7122.84
673.59	7022.48
673.788	7870.34
673.985	6944.66
674.183	7196.56
674.38	7040.92
674.578	7806.86
674.775	7520.14
674.973	7100.31
675.17	6952.85
675.368	7700.36
675.565	7442.32
675.763	7307.15
675.96	7016.34
676.158	7575.44
676.355	7671.69
676.553	6829.98
676.75	7233.43
676.947	7413.65
677.145	7384.98
677.342	7352.21
677.539	7268.24
677.737	7753.61
677.934	7927.69
678.131	7196.56
678.329	7090.07
678.526	8177.54
678.723	7821.19
678.92	7255.95
679.118	7174.03
679.315	7198.61
679.512	7878.54
679.709	7243.67
679.906	7262.1
680.104	7686.03
680.301	7413.65
680.498	6715.29
680.695	7092.12
680.892	7337.87
681.089	7434.13
681.286	7327.63
681.483	6735.77
681.68	7315.34
681.877	7804.81
682.075	7098.26
682.272	7303.06
682.469	7645.07
682.665	7339.92
682.862	7106.45
683.059	6918.04
683.256	7540.62
683.453	7526.29
683.65	7202.71
683.847	7169.94
684.044	7462.8
684.241	7454.61
684.438	7387.02
684.635	6897.56
684.831	7868.3
685.028	8038.28
685.225	7028.63
685.422	7399.31
685.619	7403.41
685.815	7356.3
686.012	7153.55
686.209	7081.88
686.405	7038.87
686.602	7393.17
686.799	6891.41
686.996	6838.17
687.192	7167.89
687.389	8060.81
687.586	6981.53
687.782	7067.54
687.979	7843.72
688.175	7372.69
688.372	6752.15
688.568	7016.34
688.765	7434.13
688.962	7540.62
689.158	6995.86
689.355	6733.72
689.551	7450.51
689.748	7419.79
689.944	7188.37
690.14	6915.99
690.337	7489.42
690.533	7452.56
690.73	7079.83
690.926	6782.87
691.123	6989.72
691.319	7501.71
691.515	6692.76
691.712	7147.41
691.908	7247.76
692.104	7376.78
692.301	7108.5
692.497	6725.53
692.693	7534.48
692.889	7188.37
693.086	6977.43
693.282	6629.27
693.478	7290.77
693.674	7743.37
693.87	6997.91
694.067	6799.26
694.263	7479.18
694.459	7239.57
694.655	7229.33
694.851	7116.69
695.047	7284.62
695.243	7542.67
695.439	6918.04
695.635	6705.05
695.831	7391.12
696.027	7270.29
696.224	6729.63
696.42	7208.85
696.615	7485.33
696.811	7544.72
697.007	6694.81
697.203	6604.7
697.399	7196.56
697.595	7083.92
697.791	6715.29
697.987	6854.55
698.183	7118.74
698.379	7092.12
698.575	6662.04
698.77	6858.65
698.966	7290.77
699.162	7550.86
699.358	6713.24
699.554	6864.79
699.749	7466.89
699.945	7194.51
700.141	6866.84
700.337	6848.41
700.532	7262.1
700.728	7002.01
700.924	6373.28
701.119	6256.54
701.315	7278.48
701.511	6899.61
701.706	6868.89
701.902	6530.97
702.097	7149.46
702.293	7194.51
702.489	6791.06
702.684	6821.78
702.88	7341.97
703.075	7006.1
703.271	6834.07
703.466	6666.14
703.662	6918.04
703.857	7020.44
704.053	6901.65
704.248	6756.25
704.443	7686.03
704.639	7366.54
704.834	6860.7
705.03	6672.28
705.225	7077.78
705.42	7454.61
705.616	6967.19
705.811	6731.67
706.006	7061.4
706.202	6956.95
706.397	6897.56
706.592	6483.87
706.787	7378.83
706.983	6895.51
707.178	6946.71
707.373	6854.55
707.568	7098.26
707.763	7278.48
707.959	6487.97
708.154	6612.89
708.349	7055.25
708.544	7204.75
708.739	6977.43
708.934	6426.53
709.129	7157.65
709.324	7296.91
709.519	6727.58
709.714	6496.16
709.909	7327.63
710.104	7356.3
710.299	6741.91
710.494	6862.74
710.689	7190.42
710.884	7004.05
711.079	6573.98
711.274	6813.59
711.469	7131.03
711.664	7282.58
711.859	6887.32
712.054	6797.21
712.249	7241.62
712.443	7335.82
712.638	6369.18
712.833	6551.45
713.028	6897.56
713.223	6832.02
713.417	7069.59
713.612	6688.67
713.807	7258
714.002	7915.4
714.196	6987.67
714.391	6473.63
714.586	6918.04
714.78	7319.44
714.975	6418.33
715.17	6586.27
715.364	7012.24
715.559	7411.6
715.754	6205.35
715.948	6401.95
716.143	7671.69
716.337	6942.61
716.532	7002.01
716.726	6713.24
716.921	7231.38
717.115	7389.07
717.31	6438.81
717.504	7659.4
717.699	6821.78
717.893	7055.25
718.088	6346.66
718.282	6369.18
718.476	6598.56
718.671	7102.36
718.865	6453.15
719.059	6483.87
719.254	6545.31
719.448	7311.25
719.642	9117.56
719.837	6027.17
720.031	8710.01
720.225	6975.38
720.419	6619.03
720.614	6295.46
720.808	6897.56
721.002	6764.44
721.196	6440.86
721.39	6418.33
721.585	7102.36
721.779	7214.99
721.973	6344.61
722.167	6307.74
722.361	6770.58
722.555	7182.23
722.749	6377.37
722.943	6463.39
723.137	6573.98
723.331	6797.21
723.525	6432.67
723.719	6303.65
723.913	6909.85
724.107	7184.27
724.301	6324.13
724.495	6508.44
724.689	7331.73
724.883	6950.81
725.077	6350.75
725.271	6475.68
725.465	7049.11
725.659	6602.65
725.853	6631.32
726.046	6379.42
726.24	6490.01
726.434	6801.3
726.628	6477.73
726.822	6311.84
727.015	7038.87
727.209	7217.04
727.403	6471.58
727.596	6066.08
727.79	6944.66
727.984	7042.96
728.177	6266.78
728.371	6447.01
728.565	7036.82
728.758	6592.41
728.952	6447.01
729.146	6248.35
729.339	7122.84
729.533	6737.82
729.726	6535.07
729.92	6313.89
730.113	6959
730.307	6901.65
730.5	6418.33
730.694	6317.98
730.887	6508.44
731.081	6750.1
731.274	6109.09
731.468	6297.5
731.661	6715.29
731.854	6735.77
732.048	6252.45
732.241	6360.99
732.435	6623.13
732.628	6555.55
732.821	6348.7
733.014	6260.64
733.208	6508.44
733.401	6913.94
733.594	6338.46
733.788	6145.95
733.981	6893.46
734.174	6815.64
734.367	6186.91
734.56	6242.21
734.754	7067.54
734.947	6799.26
735.14	6082.47
735.333	6469.53
735.526	7327.63
735.719	6729.63
735.912	6225.82
736.105	6152.1
736.298	6932.37
736.491	6922.13
736.684	6145.95
736.877	6229.92
737.07	7090.07
737.263	7268.24
737.456	6234.02
737.649	6064.04
737.842	6956.95
738.035	6856.6
738.228	6301.6
738.421	6598.56
738.614	7202.71
738.807	6911.89
739	6145.95
739.192	6221.73
739.385	6786.97
739.578	6829.98
739.771	6762.39
739.964	6121.38
740.156	7237.52
740.349	6936.47
740.542	6567.84
740.735	5975.97
740.927	6420.38
741.12	6395.81
741.313	6150.05
741.505	6395.81
741.698	6778.78
741.891	6938.52
742.083	6412.19
742.276	6274.98
742.468	6791.06
742.661	6684.57
742.854	6223.78
743.046	6166.43
743.239	6680.47
743.431	6789.02
743.624	6115.23
743.816	5877.67
744.009	6404
744.201	6533.02
744.393	6293.41
744.586	5975.97
744.778	6631.32
744.971	6457.25
745.163	6018.98
745.355	6381.47
745.548	6545.31
745.74	6705.05
745.932	6262.69
746.125	6188.96
746.317	7036.82
746.509	6709.15
746.702	6199.2
746.894	6289.31
747.086	6872.98
747.278	6735.77
747.471	6510.49
747.663	6346.66
747.855	6659.99
748.047	7128.98
748.239	5949.35
748.431	5932.97
748.623	6868.89
748.815	6840.22
749.008	5988.26
749.2	6096.8
749.392	6502.3
749.584	6959
749.776	6375.33
749.968	6324.13
750.16	7075.73
750.352	6571.93
750.544	6092.71
750.736	6107.04
750.928	6743.96
751.12	6647.71
751.311	5978.02
751.503	6309.79
751.695	6684.57
751.887	6741.91
752.079	5722.02
752.271	5875.62
752.463	7055.25
752.654	6498.2
752.846	5994.4
753.038	6006.69
753.23	6238.11
753.421	6645.66
753.613	6123.43
753.805	6363.04
753.997	6504.35
754.188	6614.94
754.38	6045.6
754.572	6160.29
754.763	6381.47
754.955	6471.58
755.146	6100.9
755.338	5902.25
755.53	6725.53
755.721	6614.94
755.913	5754.79
756.104	5758.89
756.296	6528.92
756.487	6639.51
756.679	5797.8
756.87	5926.82
757.062	6360.99
757.253	6393.76
757.445	5527.47
757.636	6322.08
757.827	6596.51
758.019	7026.58
758.21	5615.53
758.401	5867.43
758.593	6995.86
758.784	6588.32
758.975	5593
759.167	5654.44
759.358	6191.01
759.549	6846.36
759.74	5750.7
759.932	5832.61
760.123	6371.23
760.314	6524.83
760.505	6012.84
760.696	5566.38
760.888	6623.13
761.079	6293.41
761.27	5900.2
761.461	5672.87
761.652	6397.85
761.843	6170.53
762.034	5889.96
762.225	6375.33
762.416	6119.33
762.607	6229.92
762.798	5822.38
762.989	5808.04
763.18	7403.41
763.371	6416.29
763.562	5722.02
763.753	5658.54
763.944	6342.56
764.135	6139.81
764.326	6070.18
764.517	5951.4
764.708	6371.23
764.899	6193.06
765.089	5461.93
765.28	5490.6
765.471	5881.77
765.662	6350.75
765.853	5896.1
766.043	5593
766.234	6320.03
766.425	6184.87
766.615	5519.28
766.806	5443.5
766.997	6154.15
767.187	6066.08
767.378	5652.39
767.569	5318.57
767.759	6051.75
767.95	5785.51
768.141	5769.13
768.331	5613.48
768.522	6168.48
768.712	6311.84
768.903	5334.96
769.093	5572.52
769.284	6041.51
769.474	5980.07
769.665	5263.28
769.855	5246.9
770.046	6379.42
770.236	6027.17
770.426	5681.07
770.617	5447.6
770.807	5951.4
770.998	6141.86
771.188	5638.06
771.378	5472.17
771.569	6182.82
771.759	5939.11
771.949	5162.93
772.139	5050.29
772.33	6150.05
772.52	5885.86
772.71	5375.92
772.9	5144.5
773.09	6043.56
773.281	6217.63
773.471	5459.88
773.661	5283.76
773.851	5928.87
774.041	5955.49
774.231	5232.56
774.421	5775.27
774.611	6039.46
774.802	6021.03
774.992	5269.42
775.182	5142.45
775.372	5902.25
775.562	6078.37
775.752	5402.54
775.942	5343.15
776.131	6256.54
776.321	5955.49
776.511	5117.87
776.701	5236.66
776.891	6123.43
777.081	5568.43
777.271	5457.84
777.461	5187.5
777.651	5906.34
777.84	5969.83
778.03	5431.21
778.22	5365.68
778.41	5795.75
778.599	5713.83
778.789	5267.38
778.979	5054.39
779.169	5765.03
779.358	5427.12
779.548	5664.68
779.738	4997.04
779.927	5781.42
780.117	5533.61
780.307	5179.31
780.496	4708.28
780.686	5928.87
780.875	6246.3
781.065	5097.39
781.254	5087.15
781.444	5539.76
781.633	5666.73
781.823	4939.7
782.012	4927.41
782.202	5420.97
782.391	5545.9
782.581	4995
782.77	5242.8
782.96	5959.59
783.149	5377.97
783.338	5054.39
783.528	4876.21
783.717	5750.7
783.906	6006.69
784.096	5224.37
784.285	4853.69
784.474	5373.87
784.663	5488.56
784.853	4868.02
785.042	5232.56
785.231	5621.67
785.42	5762.98
785.61	5076.91
785.799	4833.21
785.988	5810.09
786.177	5314.48
786.366	4894.65
786.555	5343.15
786.744	5488.56
786.933	5437.36
787.122	4698.04
787.312	4634.55
787.501	5345.2
787.69	5543.85
787.879	4847.54
788.068	4831.16
788.257	5154.74
788.445	5525.42
788.634	4947.89
788.823	4579.26
789.012	5656.49
789.201	5742.5
789.39	4919.22
789.579	4908.98
789.768	5423.02
789.957	5308.33
790.145	4657.08
790.334	4341.69
790.523	4929.46
790.712	5306.29
790.9	4861.88
791.089	4741.05
791.278	5425.07
791.467	5619.63
791.655	5271.47
791.844	5554.09
792.033	5459.88
792.221	5181.36
792.41	4757.43
792.599	4360.13
792.787	5347.25
792.976	5283.76
793.164	4575.16
793.353	4607.93
793.541	5390.25
793.73	5511.08
793.918	4898.74
794.107	4685.75
794.295	5447.6
794.484	5109.68
794.672	4870.07
794.861	4695.99
795.049	5273.52
795.238	5599.15
795.426	4560.83
795.614	4761.53
795.803	5390.25
795.991	5742.5
796.179	4700.09
796.368	4712.38
796.556	5320.62
796.744	5087.15
796.932	4474.81
797.121	4454.33
797.309	5144.5
797.497	5367.73
797.685	4509.63
797.874	4468.67
798.062	5097.39
798.25	5357.49
798.438	4407.23
798.626	4634.55
798.814	5246.9
799.002	5504.94
799.19	4677.56
799.378	4779.96
799.566	5257.14
799.755	5517.23
799.943	4925.36
800.131	4585.4
800.318	5183.41
800.506	5328.81
800.694	4485.05
800.882	4911.03
801.07	5535.66
801.258	5132.21
801.446	4614.07
801.634	4847.54
801.822	5101.49
802.01	5414.83
802.197	4532.15
802.385	4757.43
802.573	5318.57
802.761	5214.13
802.949	4677.56
803.136	4319.17
803.324	5289.9
803.512	5361.58
803.699	4751.29
803.887	4419.52
804.075	5248.94
804.262	4980.66
804.45	4483
804.638	4693.94
804.825	5046.19
805.013	4870.07
805.201	4724.66
805.388	4454.33
805.576	5183.41
805.763	5476.27
805.951	4677.56
806.138	4880.31
806.326	5463.98
806.513	5316.53
806.701	4657.08
806.888	4655.03
807.075	5470.12
807.263	5480.36
807.45	4593.59
807.638	4779.96
807.825	5418.93
808.012	5484.46
808.2	4802.49
808.387	5140.4
808.574	5388.21
808.761	5412.78
808.949	4612.03
809.136	4669.37
809.323	5470.12
809.51	5271.47
809.698	5066.67
809.885	4851.64
810.072	5509.04
810.259	5388.21
810.446	4747.19
810.633	4603.83
810.82	5263.28
811.008	5656.49
811.195	4888.5
811.382	4796.34
811.569	5543.85
811.756	5107.63
811.943	4812.73
812.13	4712.38
812.317	5275.57
812.504	5146.55
812.691	4861.88
812.878	4779.96
813.064	5838.76
813.251	5267.38
813.438	4831.16
813.625	4995
813.812	5212.08
813.999	5300.14
814.186	4894.65
814.372	4659.13
814.559	5640.11
814.746	5789.61
814.933	4640.7
815.12	4890.55
815.306	5296.05
815.493	5089.2
815.68	4583.35
815.866	4814.77
816.053	5193.65
816.24	5418.93
816.426	4732.86
816.613	4456.38
816.799	5447.6
816.986	5552.04
817.173	4685.75
817.359	4734.9
817.546	5351.34
817.732	4878.26
817.919	4321.21
818.105	4822.97
818.292	5273.52
818.478	5367.73
818.665	5021.62
818.851	4566.97
819.037	5988.26
819.224	5367.73
819.41	4505.53
819.597	4483
819.783	5998.5
819.969	5476.27
820.156	4730.81
820.342	4640.7
820.528	6848.41
820.714	4960.18
820.901	5019.57
821.087	4820.92
821.273	5513.13
821.459	5158.83
821.646	4595.64
821.832	4626.36
822.018	5445.55
822.204	5429.17
822.39	4673.46
822.576	4505.53
822.762	5246.9
822.948	5443.5
823.134	4827.06
823.32	4708.28
823.507	4980.66
823.693	5242.8
823.879	5337.01
824.065	4569.02
824.25	5097.39
824.436	5115.83
824.622	4536.25
824.808	4409.28
824.994	5052.34
825.18	5042.1
825.366	4384.7
825.552	4628.41
825.738	5289.9
825.923	5308.33
826.109	4825.01
826.295	4315.07
826.481	4947.89
826.667	4978.61
826.852	4976.56
827.038	4315.07
827.224	5177.26
827.409	5353.39
827.595	4102.08
827.781	4673.46
827.966	5197.74
828.152	5365.68
828.338	4599.74
828.523	4227.01
828.709	5132.21
828.894	5121.97
829.08	4341.69
829.266	4433.85
829.451	4937.65
829.637	5070.77
829.822	4480.96
830.008	4380.61
830.193	4935.6
830.378	5390.25
830.564	4491.2
830.749	4231.1
830.935	5130.16
831.12	4980.66
831.305	4218.82
831.491	4446.14
831.676	4466.62
831.861	5214.13
832.047	4450.24
832.232	4224.96
832.417	4978.61
832.602	5083.06
832.788	4261.82
832.973	4306.88
833.158	5076.91
833.343	4902.84
833.528	4487.1
833.714	4433.85
833.899	4894.65
834.084	5386.16
834.269	4661.18
834.454	4253.63
834.639	4997.04
834.824	4968.37
835.009	4534.2
835.194	4540.35
835.379	5226.42
835.564	5404.59
835.749	4526.01
835.934	4143.04
836.119	4896.69
836.304	4870.07
836.489	4292.54
836.674	4642.75
836.859	4728.76
837.044	5253.04
837.228	4366.27
837.413	4016.07
837.598	4915.12
837.783	5027.76
837.968	4304.83
838.152	4145.09
838.337	4323.26
838.522	5226.42
838.707	5033.91
838.891	4552.63
839.076	4814.77
839.261	4837.3
839.445	4306.88
839.63	4396.99
839.815	5277.62
839.999	4657.08
840.184	4134.85
840.368	4016.07
840.553	4988.85
840.737	4728.76
840.922	3901.38
841.106	3860.42
841.291	4491.2
841.475	4829.11
841.66	4116.42
841.844	4259.77
842.029	5353.39
842.213	4554.68
842.397	4192.19
842.582	3938.24
842.766	4706.23
842.951	4888.5
843.135	4118.47
843.319	4124.61
843.504	4931.51
843.688	5242.8
843.872	3878.85
844.056	3981.25
844.241	4698.04
844.425	4581.31
844.609	4253.63
844.793	3911.62
844.977	4888.5
845.161	4550.59
845.346	3841.99
845.53	3776.45
845.714	4560.83
845.898	5099.44
846.082	3680.2
846.266	3938.24
846.45	4415.42
846.634	4616.12
846.818	3833.8
847.002	4167.62
847.186	4550.59
847.37	4022.21
847.554	3977.16
847.738	4241.34
847.922	4599.74
848.106	4474.81
848.29	3739.59
848.473	3788.74
848.657	4558.78
848.841	4302.78
849.025	3921.86
849.209	3612.62
849.392	4505.53
849.576	4280.25
849.76	3723.21
849.944	4300.73
850.127	4702.14
850.311	4243.39
850.495	3708.87
850.678	3682.25
850.862	4485.05
851.046	4640.7
851.229	4337.6
851.413	3637.19
851.596	4607.93
851.78	4265.92
851.964	4022.21
852.147	3923.91
852.331	5001.14
852.514	4806.58
852.698	3825.61
852.881	3528.65
853.065	4347.84
853.248	4227.01
853.431	3923.91
853.615	3983.3
853.798	5183.41
853.982	4640.7
854.165	4057.03
854.348	3807.17
854.532	4165.57
854.715	4216.77
854.898	3686.34
855.081	3583.95
855.265	5007.28
855.448	4960.18
855.631	3698.63
855.814	3770.31
855.997	4368.32
856.181	4431.8
856.364	3764.17
856.547	3569.61
856.73	4454.33
856.913	4437.95
857.096	3569.61
857.279	3946.44
857.462	4173.76
857.645	4382.65
857.828	3915.72
858.011	3858.37
858.194	4196.29
858.377	4286.4
858.56	3366.86
858.743	3624.9
858.926	4007.87
859.109	4265.92
859.292	3606.47
859.475	3385.29
859.658	4267.97
859.841	4360.13
860.023	3569.61
860.206	3360.72
860.389	3964.87
860.572	4206.53
860.755	3706.82
860.937	3534.79
861.12	3973.06
861.303	4149.18
861.486	3549.13
861.668	3303.37
861.851	4036.55
862.034	4313.02
862.216	3860.42
862.399	3327.95
862.581	4050.88
862.764	4255.68
862.947	3493.83
863.129	3325.9
863.312	3796.93
863.494	4132.8
863.677	4063.17
863.859	3125.2
864.042	4339.65
864.224	4024.26
864.406	3612.62
864.589	3211.21
864.771	3815.37
864.954	3844.04
865.136	3491.79
865.318	3207.12
865.501	4513.72
865.683	3391.44
865.865	3420.11
866.048	3332.05
866.23	4218.82
866.412	3850.18
866.594	3166.16
866.777	3588.04
866.959	3764.17
867.141	3874.76
867.323	3733.45
867.505	3680.2
867.687	3839.94
867.869	3872.71
868.052	3219.41
868.234	3198.93
868.416	3844.04
868.598	4143.04
868.78	3444.68
868.962	3243.98
869.144	4050.88
869.326	3829.7
869.508	3203.02
869.69	3121.1
869.872	3643.34
870.054	4468.67
870.236	2938.84
870.417	3211.21
870.599	3694.54
870.781	4167.62
870.963	3336.14
871.145	3133.39
871.327	3747.78
871.508	4003.78
871.69	3243.98
871.872	3307.47
872.054	3807.17
872.235	3868.61
872.417	3311.57
872.599	3168.21
872.78	4435.9
872.962	3702.73
873.144	2998.23
873.325	3209.17
873.507	4163.52
873.689	3821.51
873.87	3151.82
874.052	3358.67
874.233	3682.25
874.415	4310.97
874.596	3264.46
874.778	3198.93
874.959	3893.19
875.141	4046.79
875.322	3160.02
875.503	3018.71
875.685	3733.45
875.866	3424.2
876.048	3293.13
876.229	3164.11
876.41	3708.87
876.592	3899.33
876.773	3215.31
876.954	2959.31
877.136	4067.27
877.317	3731.4
877.498	3022.8
877.679	3379.15
877.86	3774.41
878.042	3878.85
878.223	3211.21
878.404	3968.96
878.585	4005.83
878.766	5773.22
878.947	3641.29
879.128	3383.24
879.309	3897.28
879.49	4292.54
879.672	3502.03
879.853	3405.77
880.034	3667.91
880.215	4044.74
880.396	3502.03
880.576	3280.85
880.757	3647.43
880.938	4429.76
881.119	3217.36
881.3	3291.09
881.481	3831.75
881.662	4673.46
881.843	3123.15
882.023	3233.74
882.204	4208.58
882.385	3919.81
882.566	3342.28
882.747	3502.03
882.927	3848.13
883.108	3874.76
883.289	3198.93
883.469	3667.91
883.65	3766.21
883.831	3975.11
884.011	3682.25
884.192	3215.31
884.373	3938.24
884.553	3874.76
884.734	3571.66
884.914	3794.89
885.095	5140.4
885.275	4296.64
885.456	3643.34
885.636	3168.21
885.817	3803.08
885.997	4034.5
886.178	3145.68
886.358	3360.72
886.538	3895.24
886.719	5672.87
886.899	3303.37
887.08	3485.64
887.26	4249.54
887.44	3655.62
887.621	3268.56
887.801	3723.21
887.981	4345.79
888.161	4263.87
888.342	3448.78
888.522	3446.73
888.702	4327.36
888.882	4208.58
889.062	3694.54
889.242	3123.15
889.423	4345.79
889.603	4313.02
889.783	3604.42
889.963	3280.85
890.143	4018.11
890.323	4284.35
890.503	3450.83
890.683	3420.11
890.863	3872.71
891.043	3876.8
891.223	3735.49
891.403	3680.2
891.583	4011.97
891.763	4313.02
891.943	3678.15
892.122	3979.2
892.302	4007.87
892.482	4093.89
892.662	3872.71
892.842	3616.71
893.022	4089.79
893.201	4024.26
893.381	3751.88
893.561	3549.13
893.741	4102.08
893.92	3837.89
894.1	3719.11
894.28	3747.78
894.459	4476.86
894.639	4069.31
894.819	3479.5
894.998	3772.36
895.178	4151.23
895.357	3956.68
895.537	3362.76
895.716	3264.46
895.896	4007.87
896.075	4423.61
896.255	3438.54
896.434	3110.86
896.614	4583.35
896.793	4192.19
896.973	3590.09
897.152	3497.93
897.331	3792.84
897.511	4020.16
897.69	3055.57
897.87	3260.37
898.049	3987.4
898.228	3809.22
898.407	3518.41
898.587	3385.29
898.766	3866.56
898.945	4054.98
899.124	3772.36
899.304	3407.82
899.483	4124.61
899.662	4245.44
899.841	3297.23
900.02	3311.57
900.199	3997.63
900.378	3821.51
900.557	3028.95
900.737	3178.45
900.916	3573.71
901.095	3717.06
901.274	3454.92
901.453	3063.76
901.632	3446.73
901.811	3629
901.989	3049.43
902.168	3039.19
902.347	3762.12
902.526	3629
902.705	3182.54
902.884	3471.31
903.063	4020.16
903.242	3936.2
903.42	3106.77
903.599	3370.96
903.778	3770.31
903.957	4083.65
904.135	3262.41
904.314	3014.61
904.493	3690.44
904.672	3424.2
904.85	3190.74
905.029	2987.99
905.207	3600.33
905.386	4095.94
905.565	2736.09
905.743	2883.54
905.922	3442.64
906.1	3567.56
906.279	2768.85
906.457	2869.2
906.636	3346.38
906.814	3416.01
906.993	2906.07
907.171	2895.83
907.35	3444.68
907.528	3893.19
907.707	3293.13
907.885	2740.18
908.063	3547.08
908.242	3129.3
908.42	2822.1
908.598	2531.29
908.777	3559.37
908.955	3090.38
909.133	2981.84
909.311	2627.54
909.49	3182.54
909.668	3211.21
909.846	2715.61
910.024	2609.11
910.202	3303.37
910.38	3450.83
910.559	2637.78
910.737	2672.6
910.915	3266.51
911.093	3321.81
911.271	2844.63
911.449	3049.43
911.627	3440.59
911.805	4202.43
911.983	2877.4
912.161	2736.09
912.339	3289.04
912.517	3696.58
912.695	3194.83
912.872	2920.4
913.05	3561.42
913.228	3446.73
913.406	3026.9
913.584	2725.85
913.762	3753.93
913.939	3428.3
914.117	2897.88
914.295	2836.44
914.473	3352.52
914.65	3760.07
914.828	2873.3
915.006	2850.77
915.184	3297.23
915.361	3485.64
915.539	3053.52
915.716	3094.48
915.894	3385.29
916.072	3559.37
916.249	3442.64
916.427	3057.62
916.604	3258.32
916.782	3532.75
916.959	2756.57
917.137	2834.39
917.314	3475.4
917.492	3446.73
917.669	2967.51
917.847	2990.03
918.024	3264.46
918.201	3207.12
918.379	2983.89
918.556	2865.11
918.733	3268.56
918.911	3028.95
919.088	3254.22
919.265	2756.57
919.442	3338.19
919.62	3413.96
919.797	2705.37
919.974	2621.4
920.151	3631.05
920.328	3241.93
920.506	2748.37
920.683	3366.86
920.86	3035.09
921.037	3219.41
921.214	2813.91
921.391	2602.97
921.568	3434.44
921.745	3135.44
921.922	2779.09
922.099	2652.12
922.276	3362.76
922.453	3133.39
922.63	2645.98
922.807	3182.54
922.984	3334.09
923.161	3125.2
923.338	2842.58
923.514	2588.63
923.691	3465.16
923.868	3379.15
924.045	2656.22
924.222	2742.23
924.399	3225.55
924.575	3280.85
924.752	2713.56
924.929	2781.14
925.105	3012.56
925.282	2834.39
925.459	2928.6
925.635	2789.33
925.812	3250.13
925.989	2858.96
926.165	2697.17
926.342	2371.55
926.518	2926.55
926.695	2879.44
926.871	2510.81
927.048	2512.86
927.224	3291.09
927.401	2848.72
927.577	2717.65
927.754	2252.77
927.93	3184.59
928.107	3166.16
928.283	2314.2
928.459	2656.22
928.636	3082.19
928.812	2985.94
928.988	2422.75
929.165	2222.05
929.341	2871.25
929.517	3110.86
929.693	3014.61
929.87	2234.33
930.046	3108.82
930.222	2838.48
930.398	2326.49
930.574	2480.09
930.751	2815.96
930.927	2736.09
931.103	2342.88
931.279	2387.93
931.455	2777.05
931.631	2924.5
931.807	2166.75
931.983	2133.98
932.159	2486.23
932.335	2731.99
932.511	2252.77
932.687	2236.38
932.863	2621.4
933.039	2889.68
933.215	2136.03
933.391	2052.06
933.566	2678.74
933.742	2680.79
933.918	2174.94
934.094	1994.72
934.27	2570.2
934.445	2465.75
934.621	2406.36
934.797	1908.71
934.973	2635.74
935.148	2326.49
935.324	1884.13
935.5	1689.57
935.675	2648.02
935.851	2482.14
936.027	2058.21
936.202	2052.06
936.378	2557.91
936.553	2224.09
936.729	2650.07
936.904	1691.62
937.08	2029.54
937.255	2011.11
937.431	1832.93
937.606	1597.42
937.782	2027.49
937.957	2203.61
938.133	1759.21
938.308	1511.4
938.483	1920.99
938.659	1716.2
938.834	1605.61
939.009	1222.64
939.185	2023.39
939.36	1650.66
939.535	1017.84
939.71	1652.71
939.886	2093.02
940.061	1869.8
940.236	1861.6
940.411	1462.25
940.586	1875.94
940.761	1912.8
940.937	1517.54
941.112	1222.64
941.287	1611.75
941.462	1724.39
941.637	1134.57
941.812	1206.25
941.987	1550.31
942.162	1564.65
942.337	1404.91
942.512	1210.35
942.687	1855.46
942.862	1605.61
943.037	968.69
943.212	796.66
943.386	1415.15
943.561	1519.59
943.736	1548.26
943.911	1818.6
944.086	1802.21
944.26	1628.14
944.435	1245.16
944.61	1466.35
944.785	1681.38
944.959	2045.92
945.134	1263.6
945.309	1034.22
945.483	1370.09
945.658	1744.87
945.833	864.24
946.007	987.12
946.182	1988.58
946.357	1478.63
946.531	964.59
946.706	1091.57
946.88	1388.52
947.055	1699.81
947.229	1222.64
947.404	1013.74
947.578	1611.75
947.752	1667.05
947.927	1091.57
948.101	987.12
948.276	2045.92
948.45	1691.62
948.624	1583.08
948.799	1167.34
948.973	1601.51
949.147	1380.33
949.321	1253.36
949.496	1292.27
949.67	1904.61
949.844	1492.97
950.018	1234.93
950.193	1161.2
950.367	2150.37
950.541	1626.09
950.715	1304.56
950.889	1591.27
951.063	1492.97
951.237	1890.28
951.411	1134.57
951.585	1146.86
951.759	1822.69
951.933	1705.96
952.107	1288.17
952.281	1538.02
952.455	2056.16
952.629	1785.83
952.803	1269.74
952.977	1206.25
953.151	1976.29
953.325	1638.38
953.499	1384.43
953.672	1083.38
953.846	1542.12
954.02	1642.47
954.194	1214.45
954.368	1236.97
954.541	1892.32
954.715	1800.16
954.889	1331.18
955.062	1089.52
955.236	1499.11
955.41	1722.34
955.583	1542.12
955.757	1091.57
955.93	1708.01
956.104	1513.45
956.278	1208.3
956.451	1230.83
956.625	1861.6
956.798	2015.2
956.972	1861.6
957.145	1251.31
957.319	2062.3
957.492	1775.59
957.665	1660.9
957.839	1290.22
958.012	1708.01
958.185	1619.94
958.359	1497.07
958.532	1546.22
958.705	1798.12
958.879	1769.44
959.052	1454.06
959.225	1169.39
959.398	1839.08
959.572	1925.09
959.745	1208.3
959.918	1388.52
960.091	1832.93
960.264	2013.15
960.438	1204.21
960.611	1314.8
960.784	2084.83
960.957	1589.22
961.13	1980.39
961.303	1351.66
961.476	1794.02
961.649	2162.65
961.822	1191.92
961.995	1523.69
962.168	1615.85
962.341	2041.82
962.514	1384.43
962.686	1228.78
962.859	1757.16
963.032	1937.38
963.205	1370.09
963.378	1122.29
963.551	1857.51
963.723	1634.28
963.896	1515.5
964.069	1636.33
964.242	1798.12
964.414	2222.05
964.587	1456.11
964.76	1519.59
964.932	1949.67
965.105	1712.1
965.278	1320.94
965.45	1241.07
965.623	1779.68
965.795	1863.65
965.968	1400.81
966.14	1304.56
966.313	1640.42
966.485	1761.25
966.658	1265.64
966.83	1273.84
967.003	1904.61
967.175	1855.46
967.348	1380.33
967.52	1400.81
967.692	2125.79
967.865	1961.95
968.037	1366
968.209	1691.62
968.382	1820.64
968.554	1959.91
968.726	1353.71
968.898	1306.6
969.071	2125.79
969.243	1812.45
969.415	1310.7
969.587	1619.94
969.759	2093.02
969.932	1693.67
970.104	1507.3
970.276	911.35
970.448	1591.27
970.62	1513.45
970.792	1484.78
970.964	1386.47
971.136	2144.22
971.308	1765.35
971.48	1222.64
971.652	1261.55
971.824	1961.95
971.996	1675.24
972.168	1306.6
972.339	1312.75
972.511	1632.23
972.683	1720.29
972.855	1624.04
973.027	1265.64
973.199	2037.73
973.37	1880.04
973.542	1361.9
973.714	1476.59
973.886	1368.04
974.057	1742.82
974.229	1134.57
974.401	1191.92
974.572	1495.02
974.744	1345.52
974.915	1026.03
975.087	1224.69
975.259	1834.98
975.43	1464.3
975.602	1089.52
975.773	1085.42
975.945	1533.93
976.116	1834.98
976.288	1101.81
976.459	1470.44
976.63	1484.78
976.802	1716.2
976.973	1116.14
977.145	1449.96
977.316	2154.46
977.487	1855.46
977.659	1363.95
977.83	1236.97
978.001	1994.72
978.172	1761.25
978.344	1101.81
978.515	1187.82
978.686	1470.44
978.857	2000.87
979.028	1298.41
979.2	1179.63
979.371	2004.96
979.542	1644.52
979.713	1406.95
979.884	864.24
980.055	1554.41
980.226	1529.83
980.397	1198.06
980.568	1159.15
980.739	1728.49
980.91	1527.78
981.081	1388.52
981.252	1214.45
981.423	1456.11
981.594	1433.58
981.765	1118.19
981.936	1298.41
982.106	1552.36
982.277	1785.83
982.448	925.68
982.619	1411.05
982.79	1288.17
982.96	1568.74
983.131	1206.25
983.302	845.81
983.472	1415.15
983.643	1499.11
983.814	1273.84
983.984	962.55
984.155	1433.58
984.326	1468.39
984.496	1282.03
984.667	1118.19
984.837	1148.91
985.008	1966.05
985.178	1646.57
985.349	1085.42
985.519	1511.4
985.69	1159.15
985.86	1046.51
986.031	854
986.201	1505.26
986.371	1519.59
986.542	835.57
986.712	741.36
986.882	1484.78
987.053	1394.67
987.223	759.8
987.393	1445.87
987.563	1286.12
987.734	1511.4
987.904	1546.22
988.074	901.11
988.244	1284.08
988.414	1366
988.585	899.06
988.755	978.93
988.925	1376.23
989.095	1849.32
989.265	882.67
989.435	1103.86
989.605	1482.73
989.775	1626.09
989.945	1322.99
990.115	735.22
990.285	1284.08
990.455	1368.04
990.625	1077.23
990.795	741.36
990.965	1699.81
991.134	1140.72
991.304	888.82
991.474	915.44
991.644	1333.23
991.814	1621.99
991.984	681.97
992.153	970.74
992.323	1175.53
992.493	1437.67
992.662	745.46
992.832	1044.46
993.002	1165.29
993.171	1431.53
993.341	598.01
993.511	866.29
993.68	1132.53
993.85	1409
994.019	618.49
994.189	749.56
994.358	1228.78
994.528	1134.57
994.697	522.23
994.867	751.6
995.036	1396.71
995.206	1171.44
995.375	739.32
995.544	1103.86
995.714	1542.12
995.883	1286.12
996.052	1132.53
996.222	425.98
996.391	1646.57
996.56	1392.62
996.73	643.06
996.899	552.95
997.068	1521.64
997.237	1275.88
997.406	745.46
997.576	516.09
997.745	1669.09
997.914	1085.42
998.083	370.68
998.252	614.39
998.421	1261.55
998.59	972.79
998.759	526.33
998.928	360.44
999.097	1447.91
999.266	1322.99
999.435	778.23
999.604	450.55
999.773	1478.63
999.942	1040.37
1000.111	278.52
1000.28	313.34
1000.448	958.45
1000.617	892.91
1000.786	892.91
1000.955	356.35
1001.124	1400.81
1001.292	1703.91
1001.461	669.69
1001.63	352.25
1001.798	1304.56
1001.967	1224.69
1002.136	466.94
1002.304	380.92
1002.473	1404.91
1002.642	1122.29
1002.81	614.39
1002.979	643.06
1003.147	1273.84
1003.316	1316.84
1003.484	403.45
1003.653	589.81
1003.821	1136.62
1003.99	974.83
1004.158	806.9
1004.327	798.71
1004.495	1019.89
1004.663	1073.14
1004.832	765.94
1005	327.67
1005.168	1095.66
1005.337	915.44
1005.505	221.18
1005.673	856.05
1005.842	1220.59
1006.01	862.19
1006.178	264.19
1006.346	477.18
1006.514	909.3
1006.683	1449.96
1006.851	450.55
1007.019	770.04
1007.187	882.67
1007.355	454.65
1007.523	124.93
1007.691	233.47
1007.859	702.45
1008.027	1486.83
1008.195	395.26
1008.363	296.96
1008.531	829.43
1008.699	950.26
1008.867	124.93
1009.035	376.83
1009.203	1372.14
1009.37	987.12
1009.538	491.51
1009.706	1251.31
1009.874	815.09
1010.042	978.93
1010.209	176.13
1010.377	245.76
1010.545	983.02
1010.713	874.48
1010.88	342.01
1011.048	350.2
1011.216	854
1011.383	1118.19
1011.551	354.3
1011.718	256
1011.886	1077.23
1012.054	1093.62
1012.221	200.7
1012.389	143.36
1012.556	862.19
1012.724	1189.87
1012.891	462.84
1013.058	-22.53
1013.226	1040.37
1013.393	886.77
1013.561	147.45
1013.728	-51.2
1013.895	1114.09
1014.063	917.49
1014.23	10.24
1014.397	256
1014.565	1034.22
1014.732	776.18
1014.899	71.68
1015.066	108.54
1015.233	931.83
1015.401	974.83
1015.568	311.29
1015.735	417.79
1015.902	999.41
1016.069	1110
1016.236	260.09
1016.403	14.34
1016.57	511.99
1016.737	1351.66
1016.904	264.19
1017.071	55.3
1017.238	571.38
1017.405	763.89
1017.572	135.17
1017.739	602.1
1017.906	1216.49
1018.073	1128.43
1018.24	94.21
1018.407	389.11
1018.573	909.3
1018.74	796.66
1018.907	315.39
1019.074	-81.92
1019.241	899.06
1019.407	741.36
1019.574	98.3
1019.741	61.44
1019.907	1146.86
1020.074	1357.8
1020.241	-188.41
1020.407	-47.1
1020.574	638.97
1020.74	653.3
1020.907	77.82
1021.073	53.25
1021.24	1435.63
1021.406	847.86
1021.573	102.4
1021.739	65.53
1021.906	1036.27
1022.072	716.79
1022.239	163.84
1022.405	147.45
1022.571	880.63
1022.738	700.41
1022.904	137.21
1023.07	327.67
1023.237	651.25
1023.403	892.91
1023.569	45.06
1023.735	184.32
1023.902	839.67
1024.068	937.97
1024.234	-174.08
1024.4	110.59
1024.566	567.29
1024.732	675.83
1024.898	59.39
1025.065	-233.47
1025.231	634.87
1025.397	434.17
1025.563	196.61
1025.729	-77.82
1025.895	192.51
1026.061	514.04
1026.227	-276.48
1026.392	118.78
1026.558	800.76
1026.724	849.91
1026.89	24.58
1027.056	190.46
1027.222	563.19
1027.388	741.36
1027.553	57.34
1027.719	-4.1
1027.885	966.64
1028.051	606.2
1028.216	-260.09
1028.382	51.2
1028.548	792.56
1028.713	606.2
1028.879	-139.26
1029.045	284.67
1029.21	849.91
1029.376	798.71
1029.541	-8.19
1029.707	-81.92
1029.873	753.65
1030.038	731.12
1030.204	6.14
1030.369	-61.44
1030.534	716.79
1030.7	487.42
1030.865	73.73
1031.031	-141.31
1031.196	733.17
1031.361	598.01
1031.527	-79.87
1031.692	-18.43
1031.857	315.39
1032.023	878.58
1032.188	-45.06
1032.353	55.3
1032.518	698.36
1032.684	536.57
1032.849	-323.58
1033.014	69.63
1033.179	571.38
1033.344	610.29
1033.509	96.25
1033.674	-81.92
1033.839	626.68
1034.004	669.69
1034.17	45.06
1034.335	-165.89
1034.5	415.74
1034.664	360.44
1034.829	-90.11
1034.994	137.21
1035.159	335.87
1035.324	645.11
1035.489	-14.34
1035.654	-104.45
1035.819	1189.87
1035.984	620.53
1036.148	83.97
1036.313	57.34
1036.478	724.98
1036.643	477.18
1036.807	-131.07
1036.972	-196.61
1037.137	1038.32
1037.301	468.98
1037.466	-352.25
1037.631	98.3
1037.795	550.9
1037.96	415.74
1038.124	110.59
1038.289	-282.62
1038.454	516.09
1038.618	741.36
1038.783	36.86
1038.947	8.19
1039.111	372.73
1039.276	536.57
1039.44	-81.92
1039.605	720.88
1039.769	430.07
1039.933	423.93
1040.098	-12.29
1040.262	288.76
1040.426	749.56
1040.591	610.29
1040.755	-169.98
1040.919	-28.67
1041.083	847.86
1041.248	483.32
1041.412	-372.73
1041.576	-147.45
1041.74	454.65
1041.904	548.86
1042.068	-53.25
1042.232	-24.58
1042.397	794.61
1042.561	448.51
1042.725	-421.88
1042.889	77.82
1043.053	466.94
1043.217	481.27
1043.381	-14.34
1043.544	-307.2
1043.708	571.38
1043.872	342.01
1044.036	-417.79
1044.2	-212.99
1044.364	778.23
1044.528	645.11
1044.691	4865.97
1044.855	-219.13
1045.019	514.04
1045.183	634.87
1045.346	-8.19
1045.51	-245.76
1045.674	579.58
1045.837	485.37
1046.001	-100.35
1046.165	-106.49
1046.328	983.02
1046.492	430.07
1046.655	253.95
1046.819	-73.73
1046.983	440.31
1047.146	407.55
1047.31	-43.01
1047.473	-415.74
1047.636	395.26
1047.8	305.15
1047.963	-47.1
1048.127	-167.93
1048.29	290.81
