345.52	-1323.84
345.736	-1323.84
345.952	-1323.84
346.168	-1303.36
346.384	-1297.22
346.6	-158.55
346.816	-301.9
347.032	-168.79
347.248	541.86
347.464	-287.57
347.68	-293.71
347.896	-13.14
348.112	373.92
348.328	-191.31
348.544	89.26
348.76	173.22
348.975	236.71
349.191	-342.86
349.407	-443.21
349.623	255.14
349.839	136.36
350.055	-295.76
350.27	42.15
350.486	185.51
350.702	277.67
350.918	416.93
351.133	-160.59
351.349	228.52
351.565	572.58
351.781	-449.36
351.996	1.19
352.212	203.94
352.428	146.6
352.644	-324.43
352.859	-297.81
353.075	287.91
353.291	173.22
353.506	-193.36
353.722	-465.74
353.938	-45.91
354.153	570.53
354.369	279.72
354.584	-273.23
354.8	324.77
355.016	-90.96
355.231	-389.97
355.447	-45.91
355.662	449.7
355.878	744.61
356.093	-449.36
356.309	-17.24
356.524	-39.76
356.74	519.33
356.955	-351.06
357.171	-105.3
357.386	189.61
357.602	-58.2
357.817	-84.82
358.033	-283.47
358.248	470.18
358.464	265.38
358.679	-273.23
358.895	-371.54
359.11	130.22
359.325	165.03
359.541	447.65
359.756	-9.05
359.972	-197.46
360.187	533.67
360.402	-219.99
360.618	-140.12
360.833	1633.43
361.048	183.46
361.264	-103.25
361.479	-54.1
361.694	203.94
361.909	249
362.125	-303.95
362.34	-144.21
362.555	384.16
362.77	294.05
362.986	-387.92
363.201	-291.66
363.416	259.24
363.631	140.46
363.847	-320.34
364.062	-183.12
364.277	126.12
364.492	173.22
364.707	-172.88
364.922	-449.36
365.138	277.67
365.353	353.45
365.568	-424.78
365.783	-254.8
365.998	464.04
366.213	642.21
366.428	-342.86
366.643	218.28
366.858	332.97
367.073	351.4
367.288	-164.69
367.503	-265.04
367.718	148.65
367.933	461.99
368.148	-250.71
368.363	3.24
368.578	287.91
368.793	498.85
369.008	-144.21
369.223	-326.48
369.438	423.08
369.653	349.35
369.868	-332.62
370.083	-320.34
370.298	181.42
370.513	558.24
370.728	119.98
370.943	-213.84
371.157	36.01
371.372	769.18
371.587	-385.87
371.802	-332.62
372.017	173.22
372.232	548
372.446	-7
372.661	-238.42
372.876	136.36
373.091	400.55
373.306	-70.48
373.52	-334.67
373.735	50.35
373.95	621.73
374.165	-176.98
374.379	-109.4
374.594	-7
374.809	519.33
375.023	109.74
375.238	-207.7
375.453	396.45
375.667	56.49
375.882	-166.74
376.097	-310.1
376.311	42.15
376.526	388.26
376.741	-260.95
376.955	267.43
377.17	498.85
377.384	1055.9
377.599	29.87
377.813	-426.83
378.028	902.3
378.242	318.63
378.457	-72.53
378.672	-406.35
378.886	33.96
379.101	249
379.315	-455.5
379.53	-109.4
379.744	478.37
379.958	341.16
380.173	-222.03
380.387	-238.42
380.602	445.6
380.816	91.31
381.031	-60.24
381.245	-99.16
381.459	269.48
381.674	3275.9
381.888	-318.29
382.103	371.88
382.317	132.26
382.531	455.84
382.746	15.53
382.96	-185.17
383.174	214.18
383.388	750.75
383.603	234.66
383.817	-379.73
384.031	181.42
384.246	597.15
384.46	97.45
384.674	902.3
384.888	85.16
385.103	429.22
385.317	-351.06
385.531	171.18
385.745	859.29
385.959	539.81
386.174	-224.08
386.388	-238.42
386.602	318.63
386.816	179.37
387.03	-62.29
387.244	-68.44
387.458	355.49
387.672	595.11
387.887	-320.34
388.101	-215.89
388.315	445.6
388.529	287.91
388.743	-138.07
388.957	-185.17
389.171	599.2
389.385	83.11
389.599	-217.94
389.813	36.01
390.027	265.38
390.241	857.25
390.455	-33.62
390.669	66.73
390.883	201.9
391.097	744.61
391.311	296.1
391.525	-21.33
391.738	593.06
391.952	689.31
392.166	113.83
392.38	-236.37
392.594	570.53
392.808	478.37
393.022	-56.15
393.236	-138.07
393.449	367.78
393.663	580.77
393.877	-127.83
394.091	-13.14
394.305	316.58
394.518	165.03
394.732	-107.35
394.946	-52.05
395.16	842.91
395.373	408.74
395.587	-211.79
395.801	-99.16
396.015	548
396.228	474.28
396.442	-189.27
396.656	-328.53
396.869	533.67
397.083	844.96
397.297	105.64
397.51	52.39
397.724	564.39
397.938	416.93
398.151	-336.72
398.365	-172.88
398.578	601.25
398.792	810.14
399.005	427.17
399.219	-121.68
399.433	410.79
399.646	609.44
399.86	308.39
400.073	343.21
400.287	511.14
400.5	511.14
400.714	203.94
400.927	138.41
401.141	760.99
401.354	1995.92
401.567	760.99
401.781	-148.31
401.994	550.05
402.208	984.22
402.421	208.04
402.635	72.87
402.848	136.36
403.061	642.21
403.275	85.16
403.488	-111.44
403.701	662.69
403.915	836.77
404.128	349.35
404.341	11.43
404.555	988.32
404.768	253.09
404.981	408.74
405.195	66.73
405.408	703.65
405.621	654.5
405.834	330.92
406.048	-19.29
406.261	732.32
406.474	658.59
406.687	-9.05
406.9	226.47
407.114	513.19
407.327	736.42
407.54	-136.02
407.753	-125.78
407.966	363.69
408.179	476.32
408.392	23.72
408.605	-60.24
408.819	609.44
409.032	760.99
409.245	27.82
409.458	504.99
409.671	484.52
409.884	713.89
410.097	-101.2
410.31	351.4
410.523	937.12
410.736	509.09
410.949	222.38
411.162	103.59
411.375	681.12
411.588	683.17
411.801	255.14
412.014	89.26
412.227	345.25
412.44	550.05
412.653	173.22
412.865	502.95
413.078	896.16
413.291	705.7
413.504	308.39
413.717	33.96
413.93	801.95
414.143	287.91
414.356	396.45
414.568	40.11
414.781	738.46
414.994	769.18
415.207	392.36
415.42	267.43
415.632	636.06
415.845	1227.93
416.058	-9.05
416.271	62.63
416.483	828.57
416.696	976.03
416.909	117.93
417.121	154.79
417.334	470.18
417.547	937.12
417.759	126.12
417.972	97.45
418.185	507.04
418.397	828.57
418.61	122.02
418.823	134.31
419.035	1107.1
419.248	720.03
419.46	355.49
419.673	398.5
419.885	539.81
420.098	806.05
420.311	271.53
420.523	23.72
420.736	863.39
420.948	752.8
421.161	189.61
421.373	126.12
421.586	621.73
421.798	427.17
422.01	52.39
422.223	515.23
422.435	435.36
422.648	967.84
422.86	205.99
423.073	304.29
423.285	660.64
423.497	523.43
423.71	253.09
423.922	285.86
424.134	1084.57
424.347	1199.26
424.559	722.08
424.771	810.14
424.984	947.36
425.196	832.67
425.408	179.37
425.621	199.85
425.833	1053.85
426.045	1281.18
426.257	249
426.47	482.47
426.682	683.17
426.894	867.49
427.106	408.74
427.318	457.89
427.531	838.81
427.743	916.64
427.955	533.67
428.167	1221.78
428.379	808.09
428.591	711.84
428.804	531.62
429.016	384.16
429.228	910.49
429.44	1014.94
429.652	14138.32
429.864	273.57
430.076	826.53
430.288	912.54
430.5	584.87
430.712	816.29
430.924	1084.57
431.136	1088.67
431.348	386.21
431.56	500.9
431.772	744.61
431.984	812.19
432.196	335.01
432.408	429.22
432.62	959.64
432.832	1094.81
433.044	976.03
433.256	750.75
433.468	1156.25
433.679	664.74
433.891	412.84
434.103	949.4
434.315	1481.88
434.527	1182.87
434.739	855.2
434.95	705.7
435.162	982.17
435.374	748.7
435.586	826.53
435.798	693.41
436.009	1064.09
436.221	933.02
436.433	744.61
436.645	586.91
436.856	1029.27
437.068	1576.08
437.28	672.93
437.491	978.08
437.703	1352.85
437.915	1078.43
438.126	572.58
438.338	1232.02
438.55	1115.29
438.761	1041.56
438.973	738.46
439.184	717.98
439.396	1029.27
439.608	1119.39
439.819	631.97
440.031	851.1
440.242	1352.85
440.454	1322.13
440.665	722.08
440.877	1039.51
441.088	1442.96
441.3	1354.9
441.511	582.82
441.723	722.08
441.934	1662.1
442.146	1412.25
442.357	1043.61
442.569	1330.33
442.78	1418.39
442.991	1977.48
443.203	1318.04
443.414	812.19
443.626	1768.59
443.837	1215.64
444.048	685.22
444.26	539.81
444.471	1524.88
444.682	1473.68
444.894	627.87
445.105	910.49
445.316	1641.62
445.528	1418.39
445.739	1158.3
445.95	1033.37
446.161	1309.85
446.373	1442.96
446.584	992.41
446.795	1027.23
447.006	1672.34
447.217	1692.82
447.429	855.2
447.64	797.85
447.851	2321.54
448.062	1610.9
448.273	801.95
448.484	955.55
448.695	1551.51
448.907	1594.51
449.118	1131.67
449.329	1494.16
449.54	1369.24
449.751	1326.23
449.962	933.02
450.173	926.88
450.384	1518.74
450.595	1862.8
450.806	1010.84
451.017	1182.87
451.228	1879.18
451.439	1698.96
451.65	1340.57
451.861	748.7
452.072	1459.35
452.283	1600.66
452.494	1434.77
452.705	1184.92
452.915	2231.43
453.126	1719.44
453.337	1440.92
453.548	1146.01
453.759	2032.78
453.97	2010.25
454.181	1879.18
454.391	1277.08
454.602	1739.92
454.813	2194.57
455.024	1373.33
455.235	1422.48
455.445	2016.4
455.656	1737.87
455.867	1658
456.078	1424.53
456.288	1596.56
456.499	2112.65
456.71	1287.32
456.921	1715.34
457.131	1887.37
457.342	1877.13
457.553	1445.01
457.763	1526.93
457.974	1975.44
458.184	1918.09
458.395	1383.57
458.606	1215.64
458.816	2329.74
459.027	2372.74
459.237	1766.54
459.448	1318.04
459.659	2217.1
459.869	2991.23
460.08	1281.18
460.29	1926.29
460.501	2477.19
460.711	2210.95
460.922	1471.64
461.132	1555.6
461.343	2989.18
461.553	1940.62
461.764	1621.14
461.974	1690.77
462.184	2389.13
462.395	2409.61
462.605	1703.06
462.816	1498.26
463.026	2505.86
463.236	2290.82
463.447	1744.02
463.657	1752.21
463.867	2591.88
464.078	2348.17
464.288	1805.46
464.498	2067.6
464.709	2458.76
464.919	2636.93
465.129	2028.68
465.339	1838.22
465.55	2503.81
465.76	2677.89
465.97	2065.55
466.18	2055.31
466.391	3036.28
466.601	2579.59
466.811	2251.91
467.021	1858.7
467.231	2993.28
467.441	2825.34
467.651	2260.1
467.862	1920.14
468.072	2694.27
468.282	2903.17
468.492	2208.9
468.702	2417.8
468.912	2942.08
469.122	3705.97
469.332	2845.82
469.542	2362.5
469.752	3480.69
469.962	2997.37
470.172	2428.04
470.382	2530.44
470.592	3257.46
470.802	3177.59
471.012	2907.26
471.222	2718.85
471.432	3241.08
471.642	3562.61
471.852	2888.83
472.062	2628.74
472.272	3218.55
472.482	3275.9
472.691	2890.88
472.901	2768
473.111	3218.55
473.321	4187.24
473.531	2956.41
473.741	3331.19
473.95	3791.98
474.16	3703.92
474.37	3398.77
474.58	2958.46
474.79	4463.72
474.999	3804.27
475.209	3193.98
475.419	3384.44
475.628	3945.58
475.838	4381.8
476.048	3669.11
476.258	3304.57
476.467	4410.47
476.677	4097.13
476.886	3996.78
477.096	3841.14
477.306	4193.39
477.515	4392.04
477.725	4072.56
477.935	3951.73
478.144	4969.57
478.354	4408.42
478.563	4043.88
478.773	3800.18
478.982	4791.39
479.192	4887.65
479.401	4277.35
479.611	4078.7
479.82	4568.16
480.03	5065.82
480.239	4293.74
480.449	3968.11
480.658	5147.74
480.868	4932.7
481.077	4564.07
481.287	4441.19
481.496	5102.68
481.705	5491.8
481.915	5061.73
482.124	5004.38
482.333	5307.48
482.543	5588.05
482.752	5178.46
482.961	4828.26
483.171	5446.74
483.38	5364.82
483.589	5096.54
483.799	4926.56
484.008	5647.44
484.217	5680.21
484.426	5317.72
484.636	5319.77
484.845	6057.04
485.054	5456.98
485.263	5874.77
485.472	5225.56
485.682	6171.72
485.891	5921.87
486.1	5123.16
486.309	5569.62
486.518	6507.59
486.727	7101.5
486.936	5639.25
487.146	5786.71
487.355	6487.11
487.564	6116.43
487.773	6014.03
487.982	5792.85
488.191	6282.31
488.4	6747.2
488.609	6046.8
488.818	6175.82
489.027	7001.15
489.236	6980.67
489.445	6278.22
489.654	5977.17
489.863	7152.7
490.072	6755.4
490.281	7025.73
490.49	6554.69
490.698	7318.59
490.907	7734.32
491.116	6825.03
491.325	6513.74
491.534	7509.05
491.743	7054.4
491.952	6653
492.16	6970.43
492.369	7627.83
492.578	7894.07
492.787	6902.85
492.996	6747.2
493.204	7312.44
493.413	7957.55
493.622	6818.88
493.831	6833.22
494.039	8029.23
494.248	7257.15
494.457	7162.94
494.665	6962.24
494.874	7828.53
495.083	8475.69
495.291	7324.73
495.5	7384.12
495.709	8059.95
495.917	7894.07
496.126	7519.29
496.335	7318.59
496.543	8043.57
496.752	8068.14
496.96	8111.15
497.169	7564.34
497.377	8207.41
497.586	8412.2
497.794	7922.74
498.003	7535.67
498.211	8354.86
498.42	8535.08
498.628	8217.65
498.837	7949.36
499.045	8617
499.254	8436.78
499.462	8051.76
499.671	8137.77
499.879	9184.29
500.087	8901.67
500.296	8102.96
500.504	8107.05
500.713	8907.81
500.921	9374.75
501.129	8305.71
501.338	8084.53
501.546	8934.43
501.754	8858.66
501.962	8496.17
502.171	8297.52
502.379	9163.81
502.587	9393.18
502.795	8604.71
503.004	8602.66
503.212	9405.47
503.42	9454.62
503.628	8813.6
503.837	8901.67
504.045	9301.02
504.253	9870.36
504.461	8670.25
504.669	8563.75
504.877	9804.82
505.085	9767.96
505.294	8764.45
505.502	9380.89
505.71	10101.78
505.918	9640.98
506.126	8743.97
506.334	8803.36
506.542	9735.19
506.75	9665.56
506.958	9440.28
507.166	9341.98
507.374	9436.19
507.582	10247.18
507.79	9489.43
507.998	9083.94
508.206	10435.6
508.414	9944.08
508.622	9126.94
508.83	9536.54
509.037	10032.15
509.245	9722.9
509.453	9487.39
509.661	9495.58
509.869	10195.98
510.077	9911.32
510.285	9649.18
510.492	9284.64
510.7	10796.04
510.908	10026
511.116	9862.16
511.324	9540.63
511.531	10200.08
511.739	10640.39
511.947	10116.11
512.155	10314.77
512.362	10761.22
512.57	10200.08
512.778	9874.45
512.985	9626.65
513.193	10478.6
513.401	10785.8
513.608	10302.48
513.816	10050.58
514.024	10787.85
514.231	10683.4
514.439	10169.36
514.646	10130.45
514.854	11297.79
515.061	10920.96
515.269	10300.43
515.477	10449.93
515.684	10927.11
515.892	11052.03
516.099	10071.06
516.307	10142.74
516.514	11291.65
516.722	11547.64
516.929	10464.27
517.136	10376.2
517.344	11277.31
517.551	11363.33
517.759	10439.69
517.966	10701.83
518.173	11301.89
518.381	11265.02
518.588	10757.13
518.796	10771.46
519.003	11619.32
519.21	11600.89
519.418	10664.97
519.625	10978.31
519.832	11353.09
520.039	11668.47
520.247	10697.74
520.454	11156.48
520.661	11584.51
520.868	11541.5
521.076	11123.71
521.283	10888.2
521.49	12129.27
521.697	11660.28
521.904	10904.58
522.112	11170.82
522.319	12260.34
522.526	11725.82
522.733	11039.75
522.94	10906.63
523.147	11938.8
523.354	11713.53
523.561	11150.34
523.768	11738.1
523.975	12348.4
524.183	11926.52
524.39	11668.47
524.597	11332.61
524.804	12147.7
525.011	12000.24
525.218	11518.97
525.425	11615.23
525.632	12757.99
525.838	12241.9
526.045	11727.86
526.252	11729.91
526.459	13964.25
526.666	14029.78
526.873	11711.48
527.08	11947
527.287	12887.01
527.494	12911.59
527.701	11906.04
527.907	11785.21
528.114	12860.39
528.321	12862.44
528.528	11936.76
528.735	12289.01
528.941	12651.5
529.148	12233.71
529.355	12284.91
529.562	12026.87
529.768	13501.4
529.975	12680.17
530.182	12278.77
530.388	12205.04
530.595	12823.53
530.802	12364.78
531.008	12776.42
531.215	12710.89
531.422	14037.97
531.628	14101.46
531.835	12712.94
532.042	12960.74
532.248	13452.25
532.455	13476.83
532.661	12532.72
532.868	12635.11
533.074	13474.78
533.281	13708.25
533.487	12788.71
533.694	12874.73
533.9	13698.01
534.107	13360.09
534.313	12977.12
534.52	12919.78
534.726	13777.88
534.933	14005.2
535.139	13057
535.345	12901.35
535.552	14037.97
535.758	14085.08
535.965	13399.01
536.171	13239.26
536.377	14042.07
536.584	14678.99
536.79	13382.62
536.996	13691.87
537.203	14253.01
537.409	14453.71
537.615	13646.81
537.821	13800.41
538.028	14783.43
538.234	14293.97
538.44	13820.89
538.646	13704.15
538.853	14166.99
539.059	13990.87
539.265	14318.54
539.471	13417.44
539.677	14646.22
539.883	14347.22
540.09	15651.77
540.296	14613.45
540.502	14500.81
540.708	14328.78
540.914	14418.89
541.12	13978.58
541.326	14881.74
541.532	14842.82
541.738	14449.61
541.944	14287.82
542.15	15033.29
542.356	14808.01
542.562	14105.56
542.768	14543.82
542.974	15018.95
543.18	15367.1
543.386	14642.12
543.592	14158.8
543.798	15893.43
544.004	15694.78
544.21	14662.6
544.415	15006.66
544.621	15256.51
544.827	16108.47
545.033	14721.99
545.239	15223.75
545.445	15119.3
545.651	15553.47
545.856	14658.51
546.062	14699.47
546.268	15246.27
546.474	15416.26
546.679	14762.95
546.885	14734.28
547.091	15367.1
547.297	16001.97
547.502	15156.16
547.708	14754.76
547.914	15393.73
548.119	15993.78
548.325	14693.32
548.531	14732.23
548.736	16128.95
548.942	15377.34
549.147	14857.16
549.353	15711.16
549.559	16335.79
549.764	16112.56
549.97	15012.81
550.175	15014.85
550.381	16147.38
550.586	15668.16
550.792	15102.92
550.997	15244.23
551.203	15877.05
551.408	16364.46
551.614	15446.97
551.819	15428.54
552.025	16397.23
552.23	16030.65
552.435	15629.24
552.641	16147.38
552.846	16311.22
553.052	16858.03
553.257	15870.9
553.462	15731.64
553.668	16204.72
553.873	16485.3
554.078	15733.69
554.283	15760.31
554.489	16614.32
554.694	16262.07
554.899	15741.88
555.105	16354.23
555.31	17009.58
555.515	17152.93
555.72	16384.94
555.925	17396.64
556.131	17073.06
556.336	16751.53
556.541	16382.9
556.746	16212.92
556.951	16903.08
557.156	16901.03
557.361	16399.28
557.567	16837.55
557.772	17044.39
557.977	16997.29
558.182	16200.63
558.387	16411.57
558.592	16747.44
558.797	17709.98
559.002	16319.41
559.207	16667.56
559.412	17159.08
559.617	17531.81
559.822	16337.84
560.027	16464.82
560.232	17126.31
560.437	17382.31
560.642	16370.61
560.847	16647.08
561.051	17116.07
561.256	17329.06
561.461	16630.7
561.666	16571.31
561.871	17359.78
562.076	17789.85
562.281	16944.04
562.485	16468.91
562.69	17730.46
562.895	17370.02
563.1	16974.76
563.305	16538.54
563.509	17544.09
563.714	18107.29
563.919	16866.22
564.123	16995.24
564.328	17163.17
564.533	18111.38
564.737	16833.45
564.942	17275.81
565.147	17894.3
565.351	17490.85
565.556	17161.12
565.761	17232.8
565.965	17910.68
566.17	17308.58
566.374	16890.79
566.579	17195.94
566.784	18101.14
566.988	18117.53
567.193	17122.21
567.397	17552.29
567.602	17492.9
567.806	17839
568.011	17402.79
568.215	17759.13
568.42	17843.1
568.624	17937.3
568.828	17327.01
569.033	17740.7
569.237	18428.82
569.442	18441.11
569.646	17202.08
569.85	17521.57
570.055	18348.95
570.259	18502.54
570.463	18219.92
570.668	17890.2
570.872	18131.86
571.076	18217.88
571.281	17957.78
571.485	17728.41
571.689	18426.77
571.893	18494.35
572.098	18068.37
572.302	17720.22
572.506	18606.99
572.71	18555.79
572.914	17896.35
573.119	18142.1
573.323	18895.75
573.527	18901.9
573.731	17937.3
573.935	17877.91
574.139	18789.26
574.343	18566.03
574.547	18320.28
574.751	18293.65
574.955	18934.67
575.159	18914.19
575.364	17839
575.568	18273.17
575.772	18926.47
575.976	19053.45
576.18	18015.13
576.383	18152.34
576.587	18905.99
576.791	18922.38
576.995	18133.91
577.199	18363.28
577.403	18801.55
577.607	19250.05
577.811	18396.05
578.015	18518.93
578.219	19131.27
578.422	19417.99
578.626	18617.23
578.83	19041.16
579.034	19411.84
579.238	19364.74
579.442	18527.12
579.645	19256.2
579.849	19194.76
580.053	19727.23
580.257	18746.25
580.46	18697.1
580.664	19655.55
580.868	19616.64
581.071	19370.88
581.275	18994.06
581.479	19362.69
581.682	19876.73
581.886	18975.63
582.09	19102.6
582.293	19856.25
582.497	20020.09
582.7	19438.47
582.904	19233.67
583.107	20040.57
583.311	19925.88
583.515	19329.92
583.718	19307.4
583.922	19915.64
584.125	21050.22
584.329	19182.47
584.532	19573.63
584.735	20329.33
584.939	19874.68
585.142	19348.36
585.346	19282.82
585.549	19942.27
585.753	20095.86
585.956	19712.89
586.159	20122.49
586.363	20417.4
586.566	20267.89
586.769	19391.36
586.973	19305.35
587.176	20288.37
587.379	20374.39
587.582	20048.76
587.786	20032.38
587.989	20401.01
588.192	21486.43
588.395	19907.45
588.599	20337.52
588.802	20456.31
589.005	20577.14
589.208	20185.97
589.411	19958.65
589.615	20358
589.818	20757.36
590.021	20179.83
590.224	20288.37
590.427	21300.07
590.63	20544.37
590.833	19893.12
591.036	20292.47
591.239	20872.04
591.442	20861.8
591.645	20681.58
591.848	20616.05
592.051	20798.32
592.254	21169
592.457	20863.85
592.66	20308.85
592.863	21154.66
593.066	21312.36
593.269	20614
593.472	20642.67
593.675	21078.89
593.878	21162.86
594.081	20691.82
594.284	20511.6
594.486	21298.02
594.689	21113.7
594.892	20640.62
595.095	20673.39
595.298	21502.82
595.5	21195.62
595.703	21232.49
595.906	21218.15
596.109	21465.96
596.311	21578.59
596.514	20667.25
596.717	21304.17
596.92	22074.2
597.122	22231.9
597.325	20927.34
597.528	21095.27
597.73	22197.08
597.933	21863.26
598.136	21324.65
598.338	20540.27
598.541	22133.59
598.743	22270.81
598.946	21402.47
599.148	21594.98
599.351	22246.23
599.554	21767.01
599.756	21463.91
599.959	21617.5
600.161	22383.45
600.363	22629.2
600.566	21637.98
600.768	21529.44
600.971	22385.49
601.173	22160.22
601.376	21609.31
601.578	21740.38
601.78	22033.24
601.983	23044.94
602.185	21605.22
602.388	22367.06
602.59	22422.36
602.792	22524.75
602.995	22256.47
603.197	21511.01
603.399	22913.87
603.601	23038.8
603.804	21754.72
604.006	21812.06
604.208	22123.35
604.41	21943.13
604.613	22250.33
604.815	21859.17
605.017	23169.87
605.219	22266.71
605.421	22592.34
605.623	21797.73
605.826	22704.98
606.028	22885.2
606.23	22096.73
606.432	21883.74
606.634	22840.14
606.836	22557.52
607.038	21885.79
607.24	22154.07
607.442	22776.66
607.644	22666.06
607.846	22066.01
608.048	21828.45
608.25	22573.91
608.452	22489.94
608.654	22006.62
608.856	21693.28
609.058	22539.09
609.26	22993.74
609.462	22528.85
609.664	22307.67
609.866	22844.24
610.067	22963.02
610.269	22231.9
610.471	22154.07
610.673	22629.2
610.875	22999.88
611.077	22127.45
611.278	22322.01
611.48	22754.13
611.682	23014.22
611.884	22758.22
612.085	22182.74
612.287	22917.96
612.489	22948.68
612.69	22199.13
612.892	22688.59
613.094	23599.94
613.295	22846.29
613.497	22119.26
613.699	22696.78
613.9	23094.09
614.102	23194.44
614.304	22313.81
614.505	22051.67
614.707	22977.36
614.908	23038.8
615.11	22090.59
615.311	22338.39
615.513	22874.96
615.714	23034.7
615.916	22276.95
616.117	22735.7
616.319	23130.95
616.52	23286.6
616.722	22344.53
616.923	22733.65
617.124	23515.97
617.326	23302.98
617.527	22905.68
617.729	22842.19
617.93	22928.2
618.131	23210.82
618.333	22362.97
618.534	22750.03
618.735	23350.09
618.937	23264.07
619.138	22399.83
619.339	22057.82
619.54	23432.01
619.742	23192.39
619.943	22481.75
620.144	22301.53
620.345	23677.76
620.546	23153.48
620.748	22973.26
620.949	22815.57
621.15	23468.87
621.351	23321.41
621.552	22686.54
621.753	22864.72
621.954	23225.16
622.155	23657.28
622.356	22600.53
622.558	23214.92
622.759	23862.08
622.96	23604.03
623.161	23026.51
623.362	22983.5
623.563	23376.71
623.764	23030.6
623.965	22827.85
624.166	23264.07
624.366	23608.13
624.567	23755.58
624.768	22575.95
624.969	22780.75
625.17	23413.57
625.371	23515.97
625.572	22971.21
625.773	22842.19
625.973	23915.33
626.174	24128.31
626.375	22801.23
626.576	23448.39
626.777	23753.54
626.977	24011.58
627.178	23176.01
627.379	23063.37
627.58	23231.3
627.78	23360.33
627.981	22764.37
628.182	23339.85
628.382	23319.37
628.583	23415.62
628.784	22895.44
628.984	23253.83
629.185	23817.02
629.386	23612.23
629.586	23542.6
629.787	22924.11
629.987	23698.24
630.188	23833.41
630.388	23452.48
630.589	23911.23
630.79	24505.14
630.99	23849.79
631.191	23415.62
631.391	23458.63
631.591	23804.74
631.792	24015.68
631.992	23647.04
632.193	23608.13
632.393	24056.64
632.594	23866.17
632.794	22881.1
632.994	23630.66
633.195	23866.17
633.395	23702.34
633.595	23366.47
633.796	23454.53
633.996	24167.23
634.196	24173.37
634.397	23067.47
634.597	23364.42
634.797	23544.64
634.997	24249.14
635.198	23575.36
635.398	23229.26
635.598	24191.8
635.798	24312.63
635.998	23747.39
636.199	23440.2
636.399	24240.95
636.599	24144.7
636.799	23571.27
636.999	24144.7
637.199	24453.94
637.399	24564.53
637.599	23546.69
637.799	23753.54
637.999	24552.24
638.199	24482.61
638.399	24027.96
638.599	23563.08
638.799	24664.88
638.999	24759.09
639.199	24105.79
639.399	24132.41
639.599	24965.93
639.799	24423.22
639.999	23984.96
640.199	24159.03
640.399	24429.37
640.599	24279.86
640.799	24427.32
640.998	24296.25
641.198	24449.85
641.398	24402.74
641.598	24132.41
641.798	24101.69
641.997	25778.98
642.197	24656.69
642.397	24343.35
642.597	24148.79
642.796	24660.79
642.996	24312.63
643.196	24038.2
643.395	23823.17
643.595	24423.22
643.795	24152.89
643.994	23921.47
644.194	24286.01
644.394	25217.83
644.593	25180.97
644.793	24025.92
644.992	24449.85
645.192	25109.29
645.392	24638.26
645.591	24615.73
645.791	24345.4
645.99	25232.17
646.19	24595.25
646.389	24324.92
646.589	24787.76
646.788	24687.41
646.987	24843.06
647.187	24922.93
647.386	24345.4
647.586	25002.8
647.785	25404.2
647.984	24490.8
648.184	24761.14
648.383	24728.37
648.582	24601.4
648.782	24238.9
648.981	24787.76
649.18	24658.74
649.38	24976.17
649.579	24591.16
649.778	24705.84
649.977	25183.02
650.177	25000.75
650.376	24406.84
650.575	24404.79
650.774	25115.44
650.973	24990.51
651.173	24050.49
651.372	24619.83
651.571	25006.89
651.77	25146.15
651.969	24302.39
652.168	24943.41
652.367	24953.65
652.566	25441.06
652.765	24523.57
652.964	25432.87
653.163	25504.55
653.362	25195.31
653.561	24902.45
653.76	25033.52
653.959	25400.1
654.158	25946.91
654.357	25140.01
654.556	24615.73
654.755	25625.38
654.954	25611.04
655.153	24617.78
655.352	25303.85
655.551	25314.09
655.749	25240.36
655.948	25039.66
656.147	25033.52
656.346	25426.73
656.545	25467.69
656.743	24894.25
656.942	25178.92
657.141	25594.66
657.34	25125.68
657.538	25056.04
657.737	24879.92
657.936	25826.08
658.135	25340.71
658.333	25379.62
658.532	25453.35
658.731	25912.1
658.929	25832.22
659.128	25383.72
659.326	24687.41
659.525	25725.73
659.724	25727.78
659.922	24714.03
660.121	24918.83
660.319	25209.64
660.518	24892.21
660.716	24924.97
660.915	24841.01
661.113	25864.99
661.312	25299.75
661.51	25201.45
661.709	25109.29
661.907	25703.2
662.105	25670.43
662.304	24933.17
662.502	25479.97
662.701	26032.93
662.899	25445.16
663.097	26028.83
663.296	25285.42
663.494	25856.8
663.692	25883.42
663.891	25332.52
664.089	24754.99
664.287	25944.86
664.485	25733.92
664.684	25183.02
664.882	25111.34
665.08	25621.28
665.278	25959.2
665.476	25142.06
665.675	25568.04
665.873	26202.91
666.071	26002.21
666.269	25250.6
666.467	25271.08
666.665	25731.87
666.863	25256.75
667.061	25189.16
667.259	25099.05
667.457	25477.93
667.655	25864.99
667.853	25180.97
668.051	25633.57
668.249	25293.61
668.447	25453.35
668.645	24894.25
668.843	25514.79
669.041	25836.32
669.239	25213.74
669.437	25711.39
669.635	25568.04
669.833	25815.84
670.031	25570.08
670.229	25131.82
670.426	25350.95
670.624	25301.8
670.822	25475.88
671.02	25238.31
671.218	25369.38
671.415	25213.74
671.613	25387.82
671.811	25215.79
672.009	25080.62
672.206	25682.72
672.404	25447.21
672.602	25322.28
672.799	25318.18
672.997	25772.83
673.195	25453.35
673.392	25275.18
673.59	25027.37
673.788	25604.9
673.985	24935.21
674.183	25166.63
674.38	24697.65
674.578	25629.48
674.775	25662.24
674.973	24630.07
675.17	25080.62
675.368	25996.06
675.565	25324.33
675.763	24818.48
675.96	24754.99
676.158	25185.07
676.355	25342.76
676.553	24820.53
676.75	25078.57
676.947	25084.72
677.145	25045.8
677.342	25236.27
677.539	24896.3
677.737	25826.08
677.934	25527.08
678.131	24767.28
678.329	24910.64
678.526	25707.3
678.723	25709.35
678.92	25301.8
679.118	25047.85
679.315	25211.69
679.512	25588.52
679.709	25058.09
679.906	25033.52
680.104	25725.73
680.301	25185.07
680.498	24525.62
680.695	24763.18
680.892	25027.37
681.089	25385.77
681.286	24910.64
681.483	24118.07
681.68	25054
681.877	25289.51
682.075	24660.79
682.272	24525.62
682.469	24832.82
682.665	24781.62
682.862	24148.79
683.059	24376.12
683.256	24804.14
683.453	25168.68
683.65	24757.04
683.847	24802.1
684.044	24984.37
684.241	24677.17
684.438	24908.59
684.635	24177.47
684.831	25365.29
685.028	25410.34
685.225	24128.31
685.422	24701.75
685.619	24947.5
685.815	25072.43
686.012	24814.38
686.209	24406.84
686.405	24650.55
686.602	24851.25
686.799	24300.34
686.996	24140.6
687.192	24341.3
687.389	25260.84
687.586	24415.03
687.782	24460.09
687.979	25076.52
688.175	24970.03
688.372	24310.58
688.568	24378.17
688.765	24605.49
688.962	24625.97
689.158	24347.45
689.355	24304.44
689.551	24763.18
689.748	24810.29
689.944	24208.19
690.14	24181.56
690.337	24791.86
690.533	24941.36
690.73	24390.45
690.926	24568.63
691.123	24621.87
691.319	24499
691.515	23743.3
691.712	24230.71
691.908	24462.13
692.104	24597.3
692.301	24292.15
692.497	24005.44
692.693	24695.6
692.889	24247.1
693.086	24294.2
693.282	23769.92
693.478	24458.04
693.674	24711.99
693.87	24361.78
694.067	23753.54
694.263	24615.73
694.459	24226.62
694.655	24308.54
694.851	24169.27
695.047	24503.09
695.243	24535.86
695.439	24400.69
695.635	23741.25
695.831	24468.28
696.027	24070.97
696.224	23497.54
696.42	24480.57
696.615	24709.94
696.811	24460.09
697.007	23759.68
697.203	23880.51
697.399	24185.66
697.595	24476.47
697.791	23972.67
697.987	24120.12
698.183	24867.63
698.379	24316.73
698.575	23939.9
698.77	23962.43
698.966	24505.14
699.162	24337.21
699.358	23690.05
699.554	23776.06
699.749	24773.42
699.945	24228.66
700.141	23919.42
700.337	23700.29
700.532	24001.34
700.728	23898.94
700.924	23456.58
701.119	23282.5
701.315	23853.89
701.511	24007.48
701.706	23776.06
701.902	23446.34
702.097	24046.4
702.293	23825.22
702.489	23620.42
702.684	23640.9
702.88	24230.71
703.075	23782.21
703.271	23544.64
703.466	23561.03
703.662	23712.58
703.857	23911.23
704.053	23370.57
704.248	23552.84
704.443	24156.99
704.639	24122.17
704.834	23640.9
705.03	23667.52
705.225	23837.5
705.42	23960.38
705.616	23989.05
705.811	23223.11
706.006	23722.82
706.202	23847.74
706.397	23638.85
706.592	23087.95
706.787	23649.09
706.983	23362.37
707.178	23763.78
707.373	23407.43
707.568	23970.62
707.763	23786.3
707.959	23259.98
708.154	22940.49
708.349	23448.39
708.544	23739.2
708.739	23149.39
708.934	22502.23
709.129	23601.99
709.324	23860.03
709.519	22987.6
709.714	22915.92
709.909	24109.88
710.104	24034.11
710.299	23126.86
710.494	23458.63
710.689	23903.04
710.884	23440.2
711.079	23229.26
711.274	23378.76
711.469	23792.45
711.664	23554.88
711.859	23649.09
712.054	23546.69
712.249	23868.22
712.443	23620.42
712.638	22883.15
712.833	22825.81
713.028	23540.55
713.223	22956.88
713.417	23149.39
713.612	22948.68
713.807	23698.24
714.002	24281.91
714.196	23313.22
714.391	23003.98
714.586	23546.69
714.78	23503.68
714.975	23032.65
715.17	22889.29
715.364	23079.75
715.559	23614.27
715.754	22479.7
715.948	22803.28
716.143	23561.03
716.337	23399.24
716.532	23276.36
716.726	23075.66
716.921	23401.29
717.115	23497.54
717.31	22600.53
717.504	24228.66
717.699	23114.57
717.893	22895.44
718.088	22588.24
718.282	22346.58
718.476	22981.45
718.671	23055.18
718.865	22315.86
719.059	22426.45
719.254	22790.99
719.448	23341.89
719.642	25234.22
719.837	22051.67
720.031	24625.97
720.225	23241.54
720.419	22735.7
720.614	22248.28
720.808	22385.49
721.002	22596.43
721.196	22109.02
721.39	22279
721.585	22842.19
721.779	23024.46
721.973	22145.88
722.167	21705.57
722.361	22600.53
722.555	22979.4
722.749	21902.17
722.943	21871.45
723.137	22410.07
723.331	22543.19
723.525	22262.61
723.719	22268.76
723.913	22934.35
724.107	22817.61
724.301	21965.66
724.495	22387.54
724.689	23173.96
724.883	22375.25
725.077	21818.21
725.271	21957.47
725.465	22592.34
725.659	22063.96
725.853	22279
726.046	21883.74
726.24	22172.5
726.434	22494.04
726.628	21896.03
726.822	21818.21
727.015	22674.26
727.209	22903.63
727.403	21869.4
727.596	22018.91
727.79	22432.6
727.984	22682.45
728.177	22135.64
728.371	21949.28
728.565	22590.29
728.758	22158.17
728.952	21517.15
729.146	21953.37
729.339	22621.01
729.533	22293.33
729.726	22123.35
729.92	22023
730.113	22879.05
730.307	22721.36
730.5	21969.76
730.694	22049.63
730.887	22086.49
731.081	22713.17
731.274	21822.3
731.468	21746.53
731.661	21898.08
731.854	22442.84
732.048	21597.03
732.241	21969.76
732.435	22399.83
732.628	22131.54
732.821	21805.92
733.014	21605.22
733.208	22264.66
733.401	22436.69
733.594	21631.84
733.788	21476.19
733.981	22078.3
734.174	22504.28
734.367	21695.33
734.56	22190.94
734.754	22666.06
734.947	22182.74
735.14	21490.53
735.333	22068.06
735.526	22575.95
735.719	22242.14
735.912	21683.04
736.105	21760.86
736.298	22678.35
736.491	22506.32
736.684	21695.33
736.877	21830.49
737.07	22633.3
737.263	22530.9
737.456	22115.16
737.649	21496.67
737.842	22446.93
738.035	22653.78
738.228	21742.43
738.421	21789.53
738.614	22700.88
738.807	22463.32
739	21658.46
739.192	21537.63
739.385	22123.35
739.578	22276.95
739.771	21953.37
739.964	21347.17
740.156	22186.84
740.349	21785.44
740.542	22235.99
740.735	21179.24
740.927	22088.54
741.12	22020.95
741.313	21420.9
741.505	21945.18
741.698	22289.24
741.891	22225.75
742.083	21795.68
742.276	21656.42
742.468	22336.34
742.661	22068.06
742.854	21390.18
743.046	21478.24
743.239	21832.54
743.431	22387.54
743.624	21175.14
743.816	20984.68
744.009	21924.7
744.201	21824.35
744.393	21566.31
744.586	21150.57
744.778	21893.98
744.971	21900.12
745.163	21271.4
745.355	21726.05
745.548	21812.06
745.74	22160.22
745.932	21422.95
746.125	21494.63
746.317	22463.32
746.509	21969.76
746.702	21623.65
746.894	21445.48
747.086	21850.97
747.278	22061.91
747.471	21662.56
747.663	21177.19
747.855	22154.07
748.047	22373.21
748.239	21199.72
748.431	21609.31
748.623	22362.97
748.815	21848.93
749.008	21300.07
749.2	21402.47
749.392	21990.24
749.584	21760.86
749.776	21465.96
749.968	21517.15
750.16	21904.22
750.352	21676.9
750.544	21410.66
750.736	21177.19
750.928	21750.62
751.12	21547.87
751.311	20740.97
751.503	21332.84
751.695	21457.76
751.887	21609.31
752.079	21070.7
752.271	21205.86
752.463	22428.5
752.654	21570.4
752.846	21304.17
753.038	20917.1
753.23	21320.55
753.421	21310.31
753.613	20945.77
753.805	21252.97
753.997	21486.43
754.188	21494.63
754.38	20804.46
754.572	20845.42
754.763	21318.5
754.955	21478.24
755.146	21138.28
755.338	20804.46
755.53	21482.34
755.721	21502.82
755.913	20732.78
756.104	21070.7
756.296	21480.29
756.487	21562.21
756.679	20685.68
756.87	20347.76
757.062	20861.8
757.253	21001.07
757.445	20474.74
757.636	20624.24
757.827	21076.84
758.019	21777.25
758.21	20329.33
758.401	19929.98
758.593	21121.9
758.784	20925.29
758.975	19964.79
759.167	20487.03
759.358	20867.95
759.549	21267.3
759.74	20028.28
759.932	20331.38
760.123	20722.54
760.314	20622.19
760.505	20269.94
760.696	20210.55
760.888	21072.75
761.079	20624.24
761.27	20153.21
761.461	19530.62
761.652	20718.45
761.843	20458.35
762.034	20198.26
762.225	20751.21
762.416	20577.14
762.607	20239.22
762.798	19794.81
762.989	19960.7
763.18	21594.98
763.371	20575.09
763.562	19749.76
763.753	19727.23
763.944	20581.23
764.135	20118.39
764.326	19936.12
764.517	19956.6
764.708	20552.56
764.899	20298.61
765.089	19745.66
765.28	19843.96
765.471	20065.14
765.662	20372.34
765.853	19985.27
766.043	19313.54
766.234	20292.47
766.425	20142.97
766.615	19692.41
766.806	19153.8
766.997	19921.79
767.187	19872.64
767.378	19213.19
767.569	19131.27
767.759	19608.45
767.95	19643.26
768.141	19542.91
768.331	19489.67
768.522	20050.81
768.712	20257.65
768.903	19274.63
769.093	18977.67
769.284	19932.03
769.474	19886.97
769.665	18897.8
769.855	18707.34
770.046	20163.45
770.236	19698.56
770.426	19458.95
770.617	18932.62
770.807	19393.41
770.998	19768.19
771.188	19397.51
771.378	18951.05
771.569	19800.96
771.759	19372.93
771.949	18516.88
772.139	18676.62
772.33	18865.03
772.52	19512.19
772.71	18731.92
772.9	18467.73
773.09	19209.09
773.281	19577.73
773.471	18584.46
773.661	18604.94
773.851	18893.71
774.041	19258.24
774.231	18434.96
774.421	18969.48
774.611	19448.71
774.802	19319.68
774.992	18338.71
775.182	18207.64
775.372	19225.48
775.562	18858.89
775.752	18211.73
775.942	18328.47
776.131	19086.22
776.321	18862.99
776.511	18277.27
776.701	18019.22
776.891	18920.33
777.081	18455.44
777.271	18527.12
777.461	17820.57
777.651	18658.19
777.84	18594.7
778.03	18070.42
778.22	18017.18
778.41	18504.59
778.599	18795.4
778.789	17939.35
778.979	17826.71
779.169	18273.17
779.358	18207.64
779.548	18252.69
779.738	17427.36
779.927	18297.75
780.117	18164.63
780.307	17709.98
780.496	17576.86
780.686	18561.94
780.875	19073.93
781.065	17773.47
781.254	17666.97
781.444	18336.66
781.633	18271.12
781.823	17673.12
782.012	17781.66
782.202	18178.97
782.391	18254.74
782.581	17693.6
782.77	17947.54
782.96	18699.15
783.149	18107.29
783.338	17488.8
783.528	17337.25
783.717	18209.68
783.906	18580.37
784.096	17722.27
784.285	17445.79
784.474	17857.43
784.663	17970.07
784.853	17253.28
785.042	17605.53
785.231	18181.01
785.42	17949.59
785.61	17486.75
785.799	17187.75
785.988	18228.12
786.177	17806.23
786.366	17548.19
786.555	17812.38
786.744	17824.67
786.933	17896.35
787.122	17523.62
787.312	17355.68
787.501	17839
787.69	18023.32
787.879	17042.34
788.068	17042.34
788.257	17146.79
788.445	17431.46
788.634	17384.35
788.823	16843.69
789.012	18033.56
789.201	17658.78
789.39	17126.31
789.579	16702.38
789.768	17867.67
789.957	17742.75
790.145	16788.39
790.334	16530.35
790.523	16872.36
790.712	17290.15
790.9	16976.81
791.089	16513.97
791.278	17265.57
791.467	17144.74
791.655	17390.5
791.844	17738.65
792.033	17152.93
792.221	17312.67
792.41	16628.65
792.599	16128.95
792.787	17087.4
792.976	17200.04
793.164	16634.8
793.353	16516.01
793.541	17116.07
793.73	17265.57
793.918	16430
794.107	16380.85
794.295	16757.67
794.484	16935.85
794.672	16192.44
794.861	16307.12
795.049	16718.76
795.238	17261.48
795.426	16124.85
795.614	15967.16
795.803	16894.89
795.991	17126.31
796.179	16260.02
796.368	16430
796.556	17044.39
796.744	16878.51
796.932	16147.38
797.121	16092.09
797.309	16702.38
797.497	17009.58
797.685	16339.89
797.874	15879.1
798.062	16540.59
798.25	17142.69
798.438	16010.17
798.626	15967.16
798.814	16651.18
799.002	16817.07
799.19	16059.32
799.378	16118.71
799.566	16640.94
799.755	16874.41
799.943	16526.25
800.131	16296.88
800.318	16698.28
800.506	16581.55
800.694	15893.43
800.882	16051.13
801.07	17062.82
801.258	16741.29
801.446	16210.87
801.634	16309.17
801.822	16616.37
802.01	16657.32
802.197	16182.2
802.385	16395.18
802.573	16894.89
802.761	16755.63
802.949	16141.24
803.136	15893.43
803.324	16823.21
803.512	16473.01
803.699	16501.68
803.887	15883.19
804.075	17023.91
804.262	16765.87
804.45	16149.43
804.638	16454.58
804.825	16704.43
805.013	16595.89
805.201	16176.05
805.388	16092.09
805.576	16524.21
805.763	17134.5
805.951	16204.72
806.138	16538.54
806.326	16915.37
806.513	16755.63
806.701	16370.61
806.888	16112.56
807.075	17056.68
807.263	17210.28
807.45	16276.4
807.638	16165.81
807.825	16950.18
808.012	17398.69
808.2	16176.05
808.387	16776.11
808.574	17019.81
808.761	17267.62
808.949	16079.8
809.136	16432.05
809.323	16892.84
809.51	16839.59
809.698	16784.3
809.885	16513.97
810.072	17372.07
810.259	17208.23
810.446	16606.13
810.633	16286.64
810.82	17001.38
811.008	17408.93
811.195	16767.91
811.382	16604.08
811.569	17277.86
811.756	16745.39
811.943	16622.51
812.13	16399.28
812.317	17095.59
812.504	17097.64
812.691	16651.18
812.878	16679.85
813.064	17572.77
813.251	17036.2
813.438	16501.68
813.625	16731.05
813.812	17114.02
813.999	17021.86
814.186	16741.29
814.372	16362.42
814.559	17173.41
814.746	17118.12
814.933	16192.44
815.12	16780.2
815.306	16896.94
815.493	16661.42
815.68	16202.68
815.866	16266.16
816.053	17183.65
816.24	17193.89
816.426	16296.88
816.613	16192.44
816.799	16911.27
816.986	17365.92
817.173	16378.8
817.359	16182.2
817.546	16935.85
817.732	16667.56
817.919	16085.94
818.105	16636.84
818.292	16950.18
818.478	17150.88
818.665	16788.39
818.851	15991.73
819.037	17562.53
819.224	16972.71
819.41	16145.33
819.597	16251.83
819.783	17562.53
819.969	17007.53
820.156	16262.07
820.342	16096.18
820.528	18516.88
820.714	16597.93
820.901	16536.49
821.087	16489.39
821.273	17050.53
821.459	16862.12
821.646	16386.99
821.832	16300.98
822.018	17050.53
822.204	16446.38
822.39	15899.58
822.576	16067.51
822.762	16677.8
822.948	16784.3
823.134	16102.32
823.32	15764.41
823.507	16260.02
823.693	16688.04
823.879	16896.94
824.065	15940.54
824.25	16317.36
824.436	16255.92
824.622	15913.91
824.808	15879.1
824.994	16442.29
825.18	16280.5
825.366	15750.07
825.552	15940.54
825.738	16444.34
825.923	16526.25
826.109	16251.83
826.295	15698.88
826.481	15899.58
826.667	16047.03
826.852	16053.17
827.038	15502.27
827.224	16407.47
827.409	16452.53
827.595	15252.42
827.781	15952.82
827.966	16628.65
828.152	16540.59
828.338	15932.34
828.523	15293.38
828.709	16200.63
828.894	16065.46
829.08	15590.33
829.266	15260.61
829.451	16047.03
829.637	16245.68
829.822	15674.3
830.008	15510.46
830.193	15924.15
830.378	16432.05
830.564	15885.24
830.749	15510.46
830.935	15967.16
831.12	15891.38
831.305	15158.21
831.491	15510.46
831.676	15627.2
831.861	16106.42
832.047	15150.02
832.232	15078.34
832.417	15944.63
832.602	16067.51
832.788	15031.24
832.973	14810.06
833.158	15514.56
833.343	15627.2
833.528	15385.54
833.714	15047.62
833.899	15303.62
834.084	16049.08
834.269	15326.14
834.454	14719.95
834.639	15399.87
834.824	15440.83
835.009	15262.66
835.194	15162.31
835.379	15897.53
835.564	16034.74
835.749	15256.51
835.934	14928.84
836.119	15307.71
836.304	15238.08
836.489	14650.32
836.674	15262.66
836.859	15500.22
837.044	15709.11
837.228	14928.84
837.413	14533.58
837.598	15576
837.783	15410.11
837.968	14617.55
838.152	14453.71
838.337	14730.19
838.522	15629.24
838.707	15266.75
838.891	15031.24
839.076	15064
839.261	15289.28
839.445	14848.97
839.63	14724.04
839.815	15580.09
839.999	14818.25
840.184	14369.74
840.368	14832.58
840.553	15102.92
840.737	14869.45
840.922	14080.98
841.106	14207.95
841.291	14568.4
841.475	15395.78
841.66	14121.94
841.844	14422.99
842.029	15752.12
842.213	14638.03
842.397	14189.52
842.582	13900.76
842.766	14961.61
842.951	15100.87
843.135	14552.01
843.319	14244.82
843.504	14803.91
843.688	15408.06
843.872	13892.57
844.056	14236.63
844.241	14934.98
844.425	14791.62
844.609	14439.37
844.793	13896.66
844.977	14883.78
845.161	14396.37
845.346	13802.46
845.53	14107.6
845.714	14695.37
845.898	14955.46
846.082	13824.98
846.266	13839.32
846.45	14326.74
846.634	14670.79
846.818	13599.71
847.002	14212.05
847.186	14482.38
847.37	14035.92
847.554	13546.46
847.738	14033.88
847.922	14324.69
848.106	14369.74
848.29	13732.83
848.473	13935.57
848.657	14318.54
848.841	14314.45
849.025	13687.77
849.209	13503.45
849.392	14605.26
849.576	14357.46
849.76	13407.2
849.944	13874.13
850.127	14683.08
850.311	13695.96
850.495	13384.67
850.678	13165.54
850.862	14310.35
851.046	14050.26
851.229	13843.42
851.413	13448.16
851.596	14222.29
851.78	13933.53
851.964	13812.7
852.147	13548.51
852.331	14767.05
852.514	14418.89
852.698	13458.4
852.881	13124.58
853.065	13698.01
853.248	13511.64
853.431	13085.67
853.615	13310.94
853.798	14443.47
853.982	13939.67
854.165	13345.76
854.348	12925.93
854.532	13433.82
854.715	13513.69
854.898	13081.57
855.081	13013.99
855.265	14048.21
855.448	14150.61
855.631	12456.94
855.814	12717.03
855.997	13370.33
856.181	13521.88
856.364	12870.63
856.547	12436.46
856.73	13376.48
856.913	13411.29
857.096	12522.48
857.279	12819.43
857.462	13163.49
857.645	13460.45
857.828	12981.22
858.011	13018.08
858.194	13155.3
858.377	12987.36
858.56	12303.34
858.743	12815.34
858.926	13149.15
859.109	13071.33
859.292	12590.06
859.475	12547.05
859.658	13296.61
859.841	13356
860.023	12522.48
860.206	12397.55
860.389	13030.37
860.572	13304.8
860.755	12393.45
860.937	12409.84
861.12	12891.11
861.303	12891.11
861.486	12508.14
861.668	12149.75
861.851	12540.91
862.034	13081.57
862.216	12520.43
862.399	11850.74
862.581	12706.79
862.764	12655.59
862.947	11938.8
863.129	11971.57
863.312	12102.64
863.494	12375.02
863.677	12358.64
863.859	11377.66
864.042	12430.32
864.224	12172.27
864.406	12033.01
864.589	11553.79
864.771	12129.27
864.954	12121.07
865.136	11815.93
865.318	11404.28
865.501	12702.7
865.683	11801.59
865.865	11863.03
866.048	11486.2
866.23	12477.42
866.412	12235.76
866.594	11527.16
866.777	12016.63
866.959	12114.93
867.141	11930.61
867.323	11910.13
867.505	11953.14
867.687	11987.96
867.869	12219.38
868.052	11811.83
868.234	11664.38
868.416	12323.82
868.598	12491.76
868.78	11527.16
868.962	11568.12
869.144	12381.17
869.326	11981.81
869.508	11406.33
869.69	11377.66
869.872	11932.66
870.054	12454.89
870.236	11346.94
870.417	11471.87
870.599	12043.25
870.781	12542.96
870.963	11764.73
871.145	11451.39
871.327	11746.3
871.508	12438.51
871.69	11351.04
871.872	11461.63
872.054	11764.73
872.235	11887.61
872.417	11406.33
872.599	11058.18
872.78	12461.04
872.962	11723.77
873.144	11234.3
873.325	11332.61
873.507	12248.05
873.689	12178.42
873.87	11297.79
874.052	11408.38
874.233	11889.65
874.415	12372.97
874.596	11619.32
874.778	11250.69
874.959	12067.83
875.141	12329.97
875.322	11492.35
875.503	11267.07
875.685	11955.19
875.866	11459.58
876.048	11248.64
876.229	11164.67
876.41	11920.37
876.592	12383.21
876.773	11611.13
876.954	11142.14
877.136	12327.92
877.317	11947
877.498	11406.33
877.679	11607.03
877.86	12123.12
878.042	12131.31
878.223	11242.5
878.404	12407.79
878.585	12266.48
878.766	12518.38
878.947	11850.74
879.128	11717.62
879.309	12063.73
879.49	12461.04
879.672	11666.42
879.853	11668.47
880.034	11979.76
880.215	12262.38
880.396	11568.12
880.576	11635.71
880.757	12147.7
880.938	12692.46
881.119	11822.07
881.3	11566.07
881.481	12313.58
881.662	13325.28
881.843	11721.72
882.023	11803.64
882.204	12620.78
882.385	12602.35
882.566	11772.92
882.747	11752.44
882.927	12395.5
883.108	12346.35
883.289	11662.33
883.469	12100.59
883.65	12397.55
883.831	12506.09
884.011	12133.36
884.192	11840.5
884.373	12536.81
884.553	12239.86
884.734	12293.1
884.914	12567.53
885.095	14001.11
885.275	12954.6
885.456	12522.48
885.636	11762.68
885.817	12499.95
885.997	12741.61
886.178	11889.65
886.358	12035.06
886.538	12422.13
886.719	14334.93
886.899	12063.73
887.08	12264.43
887.26	12766.18
887.44	12241.9
887.621	11930.61
887.801	11875.32
887.981	13143.01
888.161	12954.6
888.342	11854.84
888.522	12151.79
888.702	12594.15
888.882	12788.71
889.062	12084.21
889.242	11760.63
889.423	12940.26
889.603	12661.74
889.783	12520.43
889.963	11975.67
890.143	12811.24
890.323	12778.47
890.503	11912.18
890.683	12250.1
890.863	12489.71
891.043	12545
891.223	12436.46
891.403	12448.75
891.583	13018.08
891.763	12993.51
891.943	12282.86
892.122	12415.98
892.302	12747.75
892.482	12739.56
892.662	12346.35
892.842	12375.02
893.022	12766.18
893.201	12637.16
893.381	12313.58
893.561	12010.48
893.741	12731.37
893.92	12463.08
894.1	12108.79
894.28	12129.27
894.459	12866.53
894.639	12360.69
894.819	11969.52
894.998	12090.35
895.178	13075.43
895.357	12467.18
895.537	11996.15
895.716	11664.38
895.896	12405.74
896.075	12831.72
896.255	11809.78
896.434	11447.29
896.614	13059.04
896.793	12555.24
896.973	12041.2
897.152	11895.8
897.331	12121.07
897.511	12456.94
897.69	11521.02
897.87	12030.96
898.049	12458.99
898.228	12102.64
898.407	11709.43
898.587	11877.37
898.766	11981.81
898.945	12121.07
899.124	12028.92
899.304	11916.28
899.483	12493.8
899.662	12504.04
899.841	11410.43
900.02	11396.09
900.199	12219.38
900.378	12110.83
900.557	11392
900.737	11574.27
900.916	11920.37
901.095	11813.88
901.274	11576.31
901.453	10986.5
901.632	11441.15
901.811	11459.58
901.989	10783.75
902.168	10900.48
902.347	11502.59
902.526	11092.99
902.705	10970.12
902.884	11144.19
903.063	11684.86
903.242	11635.71
903.42	10552.33
903.599	10818.57
903.778	11256.83
903.957	11635.71
904.135	10925.06
904.314	10331.15
904.493	11136
904.672	10834.95
904.85	10587.15
905.029	10474.51
905.207	10984.45
905.386	11412.48
905.565	10198.03
905.743	10155.02
905.922	10814.47
906.1	10894.34
906.279	9907.22
906.457	10095.63
906.636	10488.84
906.814	10583.05
906.993	10124.3
907.171	9833.49
907.35	10402.83
907.528	10880
907.707	10085.39
907.885	9767.96
908.063	10427.4
908.242	10243.09
908.42	9681.94
908.598	9595.93
908.777	10507.27
908.955	10204.17
909.133	9829.4
909.311	9638.94
909.49	9960.47
909.668	9939.99
909.846	9528.35
910.024	9518.11
910.202	10116.11
910.38	10386.44
910.559	9626.65
910.737	9741.33
910.915	10339.34
911.093	10327.05
911.271	9933.84
911.449	10023.95
911.627	10574.86
911.805	11119.62
911.983	9847.83
912.161	9866.26
912.339	10425.36
912.517	10957.83
912.695	10183.7
912.872	10269.71
913.05	10722.31
913.228	10851.33
913.406	10198.03
913.584	10069.01
913.762	10765.32
913.939	10464.27
914.117	9974.8
914.295	9978.9
914.473	10509.32
914.65	10857.48
914.828	9712.66
915.006	9954.32
915.184	10171.41
915.361	10363.92
915.539	10028.05
915.716	9968.66
915.894	10497.03
916.072	10427.4
916.249	10273.81
916.427	9761.81
916.604	10312.72
916.782	10505.23
916.959	9661.46
917.137	9864.21
917.314	10423.31
917.492	10292.24
917.669	10036.24
917.847	9995.28
918.024	10388.49
918.201	10001.43
918.379	9874.45
918.556	9942.03
918.733	10306.57
918.911	9905.17
919.088	10304.53
919.265	9673.75
919.442	10173.46
919.62	10415.12
919.797	9589.78
919.974	9425.95
920.151	10179.6
920.328	9858.07
920.506	9745.43
920.683	10245.13
920.86	9757.72
921.037	9974.8
921.214	9608.22
921.391	9444.38
921.568	10075.15
921.745	9712.66
921.922	9239.58
922.099	9198.62
922.276	9886.74
922.453	9792.53
922.63	9012.26
922.807	9540.63
922.984	9673.75
923.161	9452.57
923.338	9337.88
923.514	9104.42
923.691	9696.28
923.868	10058.77
924.045	9264.16
924.222	9038.88
924.399	9548.82
924.575	9458.71
924.752	9118.75
924.929	9147.42
925.105	9174.05
925.282	9282.59
925.459	9026.59
925.635	9092.13
925.812	9626.65
925.989	9264.16
926.165	9120.8
926.342	8707.11
926.518	9124.9
926.695	8860.71
926.871	8604.71
927.048	8676.39
927.224	9583.64
927.401	8973.35
927.577	8717.35
927.754	8334.38
927.93	9108.51
928.107	9030.69
928.283	8281.13
928.459	8451.11
928.636	9153.57
928.812	8924.19
928.988	8172.59
929.165	8064.05
929.341	8756.26
929.517	8752.17
929.693	8926.24
929.87	7908.4
930.046	8920.1
930.222	8502.31
930.398	8059.95
930.574	8383.53
930.751	8526.89
930.927	8461.35
931.103	8123.44
931.279	8199.21
931.455	8211.5
931.631	8621.1
931.807	7894.07
931.983	7457.85
932.159	8016.94
932.335	8023.09
932.511	7719.99
932.687	7633.97
932.863	7986.22
933.039	8188.97
933.215	7470.14
933.391	7371.83
933.566	7939.12
933.742	7785.52
933.918	7304.25
934.094	7246.91
934.27	7748.66
934.445	7453.75
934.621	7488.57
934.797	6884.42
934.973	7300.16
935.148	7222.33
935.324	6683.72
935.5	6229.07
935.675	7097.41
935.851	7152.7
936.027	6655.05
936.202	6440.01
936.378	6898.75
936.553	6566.98
936.729	6935.62
936.904	6126.67
937.08	6134.86
937.255	6308.94
937.431	5981.26
937.606	5903.44
937.782	6011.98
937.957	6151.24
938.133	5717.08
938.308	5291.1
938.483	5848.15
938.659	5528.66
938.834	5467.22
939.009	4869.22
939.185	5753.94
939.36	5227.61
939.535	4689
939.71	5155.93
939.886	5723.22
940.061	5397.59
940.236	5239.9
940.411	4967.52
940.586	5317.72
940.761	5391.45
940.937	4893.79
941.112	4674.66
941.287	4795.49
941.462	4897.89
941.637	4277.35
941.812	4619.36
941.987	4832.35
942.162	4854.88
942.337	4645.99
942.512	4353.13
942.687	5188.7
942.862	4856.93
943.037	4183.15
943.212	4002.93
943.386	4611.17
943.561	4602.98
943.736	4412.52
943.911	4932.7
944.086	5008.48
944.26	4615.27
944.435	4109.42
944.61	4377.7
944.785	4693.09
944.959	5268.57
945.134	4179.05
945.309	4166.76
945.483	4271.21
945.658	4734.05
945.833	3794.03
946.007	4004.97
946.182	4881.5
946.357	4635.75
946.531	4170.86
946.706	4099.18
946.88	4250.73
947.055	4705.38
947.229	4279.4
947.404	4242.54
947.578	4693.09
947.752	4641.89
947.927	4041.84
948.101	4007.02
948.276	5157.98
948.45	4899.94
948.624	4672.61
948.799	4324.46
948.973	4682.85
949.147	4543.59
949.321	4521.06
949.496	4439.14
949.67	5254.23
949.844	4785.25
950.018	4422.76
950.193	4414.57
950.367	5405.78
950.541	4865.12
950.715	4580.45
950.889	4844.64
951.063	4805.73
951.237	5059.68
951.411	4303.98
951.585	4301.93
951.759	5274.71
951.933	5037.15
952.107	4658.28
952.281	4867.17
952.455	5325.91
952.629	5149.79
952.803	4777.06
952.977	4639.84
953.151	5243.99
953.325	4932.7
953.499	4658.28
953.672	4383.85
953.846	4906.08
954.02	4971.61
954.194	4613.22
954.368	4592.74
954.541	5170.27
954.715	5065.82
954.889	4820.07
955.062	4488.29
955.236	4811.87
955.41	5229.66
955.583	4906.08
955.757	4598.88
955.93	5057.63
956.104	4865.12
956.278	4609.12
956.451	4760.67
956.625	5241.95
956.798	5559.38
956.972	5219.42
957.145	4660.32
957.319	5448.79
957.492	5217.37
957.665	5082.21
957.839	4809.83
958.012	5219.42
958.185	5012.57
958.359	4924.51
958.532	5119.07
958.705	5463.13
958.879	5096.54
959.052	4813.92
959.225	4367.46
959.398	5059.68
959.572	5170.27
959.745	4574.31
959.918	4881.5
960.091	5069.92
960.264	5481.56
960.438	4633.7
960.611	4701.28
960.784	5497.94
960.957	5094.49
961.13	5291.1
961.303	4455.53
961.476	5078.11
961.649	5465.18
961.822	4680.8
961.995	4842.59
962.168	5055.58
962.341	5483.61
962.514	4682.85
962.686	4758.63
962.859	5311.58
963.032	5393.5
963.205	4844.64
963.378	4514.92
963.551	5098.59
963.723	4922.46
963.896	5020.77
964.069	5020.77
964.242	5061.73
964.414	5700.69
964.587	4834.4
964.76	4938.85
964.932	5252.19
965.105	5164.12
965.278	4744.29
965.45	4799.59
965.623	5264.47
965.795	5401.69
965.968	4734.05
966.14	4744.29
966.313	5192.8
966.485	5170.27
966.658	4781.15
966.83	4711.52
967.003	5307.48
967.175	5172.32
967.348	4670.56
967.52	4770.91
967.692	5600.34
967.865	5325.91
968.037	4781.15
968.209	5112.92
968.382	5256.28
968.554	5391.45
968.726	4629.6
968.898	4488.29
969.071	5405.78
969.243	5215.32
969.415	4693.09
969.587	4940.9
969.759	5401.69
969.932	4883.55
970.104	4709.47
970.276	4215.91
970.448	4926.56
970.62	4729.95
970.792	4643.94
970.964	4586.6
971.136	5327.96
971.308	4881.5
971.48	4222.06
971.652	4619.36
971.824	5162.08
971.996	4848.74
972.168	4514.92
972.339	4484.2
972.511	4846.69
972.683	4717.67
972.855	4664.42
973.027	4267.11
973.199	4994.14
973.37	4899.94
973.542	4422.76
973.714	4566.12
973.886	4525.16
974.057	4863.07
974.229	4308.07
974.401	4523.11
974.572	4623.46
974.744	4547.69
974.915	4349.03
975.087	4291.69
975.259	5123.16
975.43	4545.64
975.602	4148.33
975.773	4035.69
975.945	4527.21
976.116	4750.43
976.288	4230.25
976.459	4674.66
976.63	4496.49
976.802	4527.21
976.973	4295.79
977.145	4590.69
977.316	5096.54
977.487	5207.13
977.659	4338.79
977.83	4174.95
978.001	4791.39
978.172	4777.06
978.344	3964.01
978.515	4095.08
978.686	4482.15
978.857	4858.98
979.028	3996.78
979.2	4019.31
979.371	4668.52
979.542	4402.28
979.713	4279.4
979.884	3724.4
980.055	4514.92
980.226	4527.21
980.397	4002.93
980.568	3949.68
980.739	4654.18
980.91	4299.88
981.081	4136.04
981.252	3878
981.423	4367.46
981.594	4439.14
981.765	4019.31
981.936	4136.04
982.106	4301.93
982.277	4537.45
982.448	3888.24
982.619	4230.25
982.79	4045.93
982.96	4332.65
983.131	4160.62
983.302	3595.38
983.472	4168.81
983.643	4281.45
983.814	3875.95
983.984	3769.46
984.155	4093.04
984.326	4330.6
984.496	3828.85
984.667	3830.9
984.837	3671.15
985.008	4627.56
985.178	4138.09
985.349	3603.57
985.519	4033.65
985.69	3845.23
985.86	3675.25
986.031	3652.72
986.201	4154.48
986.371	4078.7
986.542	3286.14
986.712	3468.41
986.882	3933.29
987.053	4090.99
987.223	3458.17
987.393	3974.25
987.563	3753.07
987.734	3998.83
987.904	4121.71
988.074	3335.29
988.244	3777.65
988.414	3785.84
988.585	3390.58
988.755	3556.47
988.925	3761.27
989.095	4082.8
989.265	3247.23
989.435	3648.63
989.605	3923.05
989.775	4047.98
989.945	3896.43
990.115	3169.4
990.285	3540.08
990.455	3720.31
990.625	3325.05
990.795	3210.36
990.965	4007.02
991.134	3548.28
991.304	3173.5
991.474	2999.42
991.644	3703.92
991.814	4025.45
991.984	2849.92
992.153	3169.4
992.323	3421.3
992.493	3662.96
992.662	2899.07
992.832	3341.43
993.002	3429.49
993.171	3796.08
993.341	2759.81
993.511	3036.28
993.68	3331.19
993.85	3546.23
994.019	2897.02
994.189	2976.89
994.358	3411.06
994.528	3337.34
994.697	2573.44
994.867	2931.84
995.036	3644.53
995.206	3163.26
995.375	2823.3
995.544	3021.95
995.714	3583.09
995.883	3409.01
996.052	3218.55
996.222	2540.68
996.391	3558.52
996.56	3441.78
996.73	2765.95
996.899	2583.68
997.068	3619.96
997.237	3263.61
997.406	2548.87
997.576	2630.79
997.745	3687.54
997.914	3107.96
998.083	2499.72
998.252	2673.79
998.421	3263.61
998.59	3013.76
998.759	2540.68
998.928	2258.06
999.097	3353.72
999.266	3193.98
999.435	2870.4
999.604	2284.68
999.773	3261.56
999.942	2970.75
1000.111	2206.86
1000.28	2442.37
1000.448	2874.49
1000.617	2735.23
1000.786	2894.97
1000.955	2251.91
1001.124	3269.75
1001.292	3628.15
1001.461	2364.55
1001.63	2251.91
1001.798	3185.79
1001.967	3126.39
1002.136	2317.45
1002.304	2237.58
1002.473	3107.96
1002.642	2817.15
1002.81	2477.19
1002.979	2401.41
1003.147	3081.34
1003.316	3062.91
1003.484	2305.16
1003.653	2292.87
1003.821	2813.06
1003.99	2727.04
1004.158	2675.84
1004.327	2460.81
1004.495	2829.44
1004.663	2669.7
1004.832	2501.76
1005	2026.64
1005.168	2815.1
1005.337	2739.33
1005.505	2028.68
1005.673	2571.4
1005.842	3021.95
1006.01	2573.44
1006.178	2063.5
1006.346	2092.17
1006.514	2653.31
1006.683	3191.93
1006.851	2022.54
1007.019	2337.93
1007.187	2448.52
1007.355	1969.29
1007.523	1707.15
1007.691	1795.22
1007.859	2391.17
1008.027	3087.48
1008.195	1961.1
1008.363	1819.79
1008.531	2376.84
1008.699	2583.68
1008.867	1662.1
1009.035	1883.28
1009.203	2944.13
1009.37	2346.12
1009.538	1893.52
1009.706	2739.33
1009.874	2329.74
1010.042	2378.89
1010.209	1688.72
1010.377	1707.15
1010.545	2464.9
1010.713	2450.57
1010.88	1694.86
1011.048	1948.81
1011.216	2272.39
1011.383	2485.38
1011.551	1764.5
1011.718	1582.23
1011.886	2366.6
1012.054	2563.2
1012.221	1588.37
1012.389	1590.42
1012.556	2239.62
1012.724	2624.64
1012.891	1803.41
1013.058	1395.86
1013.226	2423.94
1013.393	2202.76
1013.561	1412.25
1013.728	1365.14
1013.895	2538.63
1014.063	2282.63
1014.23	1240.22
1014.397	1608.85
1014.565	2385.03
1014.732	2092.17
1014.899	1352.85
1015.066	1330.33
1015.233	2294.92
1015.401	2231.43
1015.568	1526.93
1015.735	1801.36
1015.902	2169.99
1016.069	2385.03
1016.236	1516.69
1016.403	1240.22
1016.57	1819.79
1016.737	2550.92
1016.904	1391.77
1017.071	1195.16
1017.238	1739.92
1017.405	2038.92
1017.572	1416.34
1017.739	1799.31
1017.906	2505.86
1018.073	2151.56
1018.24	1256.6
1018.407	1520.79
1018.573	2024.59
1018.74	1967.24
1018.907	1494.16
1019.074	1031.32
1019.241	2030.73
1019.407	1930.38
1019.574	1217.69
1019.741	1182.87
1019.907	2204.81
1020.074	2364.55
1020.241	908.44
1020.407	1096.86
1020.574	1707.15
1020.74	1780.88
1020.907	1232.02
1021.073	1199.26
1021.24	2491.52
1021.406	1852.56
1021.573	990.36
1021.739	1131.67
1021.906	2075.79
1022.072	1811.6
1022.239	1096.86
1022.405	1232.02
1022.571	1805.46
1022.738	1660.05
1022.904	1133.72
1023.07	1264.79
1023.237	1756.3
1023.403	1971.34
1023.569	1068.19
1023.735	1088.67
1023.902	1813.65
1024.068	1758.35
1024.234	824.48
1024.4	1133.72
1024.566	1531.03
1024.732	1678.48
1024.898	1090.71
1025.065	689.31
1025.231	1629.33
1025.397	1457.3
1025.563	1074.33
1025.729	939.16
1025.895	1174.68
1026.061	1457.3
1026.227	656.54
1026.392	1039.51
1026.558	1635.47
1026.724	1719.44
1026.89	885.92
1027.056	1090.71
1027.222	1485.97
1027.388	1451.16
1027.553	910.49
1027.719	877.73
1027.885	1952.91
1028.051	1455.25
1028.216	636.06
1028.382	986.27
1028.548	1463.44
1028.713	1412.25
1028.879	754.85
1029.045	1088.67
1029.21	1778.83
1029.376	1674.39
1029.541	904.35
1029.707	826.53
1029.873	1619.09
1030.038	1574.03
1030.204	785.57
1030.369	740.51
1030.534	1432.72
1030.7	1125.53
1030.865	941.21
1031.031	801.95
1031.196	1352.85
1031.361	1336.47
1031.527	724.13
1031.692	724.13
1031.857	1143.96
1032.023	1524.88
1032.188	715.94
1032.353	732.32
1032.518	1614.99
1032.684	1381.53
1032.849	470.18
1033.014	752.8
1033.179	1291.41
1033.344	1375.38
1033.509	926.88
1033.674	765.09
1033.839	1359
1034.004	1361.05
1034.17	672.93
1034.335	591.01
1034.5	1238.17
1034.664	1164.44
1034.829	507.04
1034.994	793.76
1035.159	1043.61
1035.324	1428.63
1035.489	613.54
1035.654	572.58
1035.819	1891.47
1035.984	1322.13
1036.148	853.15
1036.313	697.5
1036.478	1402.01
1036.643	1105.05
1036.807	564.39
1036.972	484.52
1037.137	1686.67
1037.301	1121.43
1037.466	199.85
1037.631	760.99
1037.795	1262.74
1037.96	994.46
1038.124	883.87
1038.289	468.13
1038.454	1150.11
1038.618	1301.65
1038.783	609.44
1038.947	691.36
1039.111	916.64
1039.276	1064.09
1039.44	504.99
1039.605	1285.27
1039.769	1012.89
1039.933	998.56
1040.098	597.15
1040.262	920.73
1040.426	1303.7
1040.591	1150.11
1040.755	443.56
1040.919	511.14
1041.083	1412.25
1041.248	973.98
1041.412	199.85
1041.576	500.9
1041.74	900.25
1041.904	1154.2
1042.068	367.78
1042.232	572.58
1042.397	1473.68
1042.561	953.5
1042.725	212.14
1042.889	580.77
1043.053	1004.7
1043.217	967.84
1043.381	588.96
1043.544	314.53
1043.708	1127.58
1043.872	851.1
1044.036	162.98
1044.2	261.29
1044.364	1275.03
1044.528	1350.81
1044.691	8293.42
1044.855	375.97
1045.019	1100.95
1045.183	1137.82
1045.346	449.7
1045.51	208.04
1045.674	1123.48
1045.837	1123.48
1046.001	378.02
1046.165	427.17
1046.328	1516.69
1046.492	822.43
1046.655	773.28
1046.819	494.76
1046.983	920.73
1047.146	824.48
1047.31	449.7
1047.473	70.83
1047.636	822.43
1047.8	822.43
1047.963	373.92
1048.127	232.62
1048.29	726.18
