345.52	-1276.23
345.736	-1276.23
345.952	-1276.23
346.168	-1339.71
346.384	-1362.24
346.6	-227.67
346.816	-248.15
347.032	-194.9
347.248	534.18
347.464	-391.5
347.68	-231.76
347.896	9.9
348.112	409.25
348.328	-92.5
348.544	-12.63
348.76	179.88
348.975	265.89
349.191	-272.72
349.407	-440.65
349.623	224.94
349.839	165.54
350.055	-190.8
350.27	-31.06
350.486	134.82
350.702	265.89
350.918	294.57
351.133	-219.47
351.349	249.51
351.565	552.61
351.781	-356.69
351.996	57
352.212	198.31
352.428	126.63
352.644	-364.88
352.859	-260.43
353.075	306.85
353.291	95.91
353.506	-305.49
353.722	-448.85
353.938	-51.54
354.153	478.88
354.369	296.61
354.584	-254.29
354.8	243.37
355.016	-100.69
355.231	-416.08
355.447	-102.74
355.662	392.87
355.878	706.21
356.093	-502.09
356.309	-88.4
356.524	-55.64
356.74	382.63
356.955	-424.27
357.171	-92.5
357.386	206.5
357.602	-112.98
357.817	-141.65
358.033	-239.95
358.248	345.77
358.464	272.04
358.679	-221.52
358.895	-438.61
359.11	128.68
359.325	259.75
359.541	382.63
359.756	-33.11
359.972	-231.76
360.187	560.8
360.402	-299.34
360.618	-160.08
360.833	1619.6
361.048	247.46
361.264	-229.71
361.479	-49.49
361.694	186.02
361.909	274.09
362.125	-362.83
362.34	-219.47
362.555	339.62
362.77	243.37
362.986	-432.46
363.201	-229.71
363.416	282.28
363.631	20.14
363.847	-268.63
364.062	-237.91
364.277	173.74
364.492	108.2
364.707	-272.72
364.922	-463.18
365.138	231.08
365.353	399.01
365.568	-448.85
365.783	-135.51
365.998	425.64
366.213	624.29
366.428	-356.69
366.643	165.54
366.858	310.95
367.073	274.09
367.288	-256.34
367.503	-307.54
367.718	48.81
367.933	554.66
368.148	-244.05
368.363	-80.21
368.578	204.46
368.793	476.84
369.008	-139.6
369.223	-346.45
369.438	325.29
369.653	226.98
369.868	-420.17
370.083	-356.69
370.298	218.79
370.513	525.99
370.728	132.78
370.943	-291.15
371.157	11.95
371.372	706.21
371.587	-409.94
371.802	-409.94
372.017	220.84
372.232	550.56
372.446	38.57
372.661	-285.01
372.876	179.88
373.091	356.01
373.306	-74.07
373.52	-371.02
373.735	16.04
373.95	661.15
374.165	-108.88
374.379	-227.67
374.594	36.52
374.809	474.79
375.023	128.68
375.238	-395.6
375.453	315.05
375.667	1.71
375.882	-350.54
376.097	-309.58
376.311	30.38
376.526	415.4
376.741	-297.3
376.955	149.16
377.17	503.46
377.384	1007.26
377.599	-33.11
377.813	-430.41
378.028	751.26
378.242	370.34
378.457	-137.56
378.672	-373.07
378.886	65.19
379.101	200.36
379.315	-471.37
379.53	-139.6
379.744	386.72
379.958	325.29
380.173	-244.05
380.387	-272.72
380.602	390.82
380.816	42.67
381.031	-127.32
381.245	-162.13
381.459	229.03
381.674	1175.19
381.888	-469.33
382.103	323.24
382.317	77.48
382.531	444.07
382.746	-80.21
382.96	-242
383.174	153.26
383.388	671.39
383.603	104.11
383.817	-399.7
384.031	173.74
384.246	554.66
384.46	-10.58
384.674	695.97
384.888	28.33
385.103	327.33
385.317	-428.37
385.531	65.19
385.745	816.8
385.959	413.35
386.174	-366.93
386.388	-303.44
386.602	190.12
386.816	122.54
387.03	-100.69
387.244	-108.88
387.458	308.9
387.672	487.08
387.887	-448.85
388.101	-229.71
388.315	374.44
388.529	231.08
388.743	-242
388.957	-297.3
389.171	509.6
389.385	54.95
389.599	-301.39
389.813	63.15
390.027	272.04
390.241	861.85
390.455	-147.8
390.669	-63.83
390.883	122.54
391.097	710.3
391.311	192.17
391.525	-155.99
391.738	478.88
391.952	513.7
392.166	-29.01
392.38	-311.63
392.594	433.83
392.808	417.44
393.022	-14.68
393.236	-131.41
393.449	263.85
393.663	509.6
393.877	-319.82
394.091	-33.11
394.305	200.36
394.518	108.2
394.732	-381.26
394.946	-115.03
395.16	837.28
395.373	259.75
395.587	-285.01
395.801	-139.6
396.015	419.49
396.228	380.58
396.442	-242
396.656	-422.22
396.869	394.92
397.083	816.8
397.297	-29.01
397.51	-104.79
397.724	396.96
397.938	288.42
398.151	-459.09
398.365	-250.19
398.578	509.6
398.792	650.91
399.005	222.89
399.219	-143.7
399.433	325.29
399.646	513.7
399.86	177.83
400.073	216.74
400.287	339.62
400.5	356.01
400.714	198.31
400.927	-22.87
401.141	550.56
401.354	1832.59
401.567	636.58
401.781	-278.87
401.994	349.86
402.208	730.78
402.421	7.85
402.635	-110.93
402.848	59.05
403.061	495.27
403.275	42.67
403.488	-188.75
403.701	485.03
403.915	626.34
404.128	188.07
404.341	-127.32
404.555	833.18
404.768	140.97
404.981	222.89
405.195	-94.55
405.408	618.15
405.621	480.93
405.834	245.41
406.048	-227.67
406.261	628.39
406.474	597.67
406.687	-129.36
406.9	79.53
407.114	409.25
407.327	614.05
407.54	-246.1
407.753	-330.06
407.966	220.84
408.179	294.57
408.392	-123.22
408.605	-307.54
408.819	380.58
409.032	571.04
409.245	-88.4
409.458	337.57
409.671	448.16
409.884	646.82
410.097	-289.1
410.31	265.89
410.523	716.45
410.736	265.89
410.949	95.91
411.162	-0.34
411.375	556.71
411.588	525.99
411.801	159.4
412.014	-139.6
412.227	272.04
412.44	358.05
412.653	34.47
412.865	282.28
413.078	595.62
413.291	519.84
413.504	124.58
413.717	-141.65
413.93	689.82
414.143	224.94
414.356	136.87
414.568	-291.15
414.781	517.79
414.994	628.39
415.207	122.54
415.42	91.82
415.632	476.84
415.845	937.63
416.058	-233.81
416.271	-186.71
416.483	583.33
416.696	722.59
416.909	-63.83
417.121	-18.77
417.334	370.34
417.547	683.68
417.759	-162.13
417.972	-47.44
418.185	269.99
418.397	538.27
418.61	5.8
418.823	-125.27
419.035	706.21
419.248	466.6
419.46	52.91
419.673	216.74
419.885	282.28
420.098	603.81
420.311	24.23
420.523	-297.3
420.736	628.39
420.948	439.97
421.161	-20.82
421.373	-166.23
421.586	243.37
421.798	138.92
422.01	-182.61
422.223	290.47
422.435	145.06
422.648	779.93
422.86	1.71
423.073	61.1
423.285	343.72
423.497	251.56
423.71	57
423.922	89.77
424.134	714.4
424.347	962.2
424.559	405.16
424.771	462.5
424.984	673.44
425.196	536.23
425.408	-155.99
425.621	-47.44
425.833	796.32
426.045	872.09
426.257	-190.8
426.47	212.65
426.682	394.92
426.894	532.13
427.106	63.15
427.318	114.34
427.531	489.12
427.743	495.27
427.955	239.27
428.167	960.16
428.379	456.36
428.591	368.29
428.804	310.95
429.016	75.43
429.228	628.39
429.44	687.78
429.652	13813.21
429.864	-59.73
430.076	538.27
430.288	601.76
430.5	235.18
430.712	452.26
430.924	667.3
431.136	790.17
431.348	-35.16
431.56	65.19
431.772	374.44
431.984	413.35
432.196	100.01
432.408	214.7
432.62	489.12
432.832	763.55
433.044	525.99
433.256	333.48
433.468	743.07
433.679	249.51
433.891	-43.35
434.103	507.55
434.315	1076.89
434.527	784.03
434.739	419.49
434.95	276.13
435.162	685.73
435.374	300.71
435.586	388.77
435.798	237.22
436.009	542.37
436.221	460.45
436.433	382.63
436.645	251.56
436.856	614.05
437.068	1001.12
437.28	124.58
437.491	609.95
437.703	896.67
437.915	689.82
438.126	134.82
438.338	675.49
438.55	667.3
438.761	589.47
438.973	415.4
439.184	345.77
439.396	489.12
439.608	704.16
439.819	155.3
440.031	444.07
440.242	929.44
440.454	757.41
440.665	306.85
440.877	464.55
441.088	1054.36
441.3	898.72
441.511	40.62
441.723	226.98
441.934	1109.66
442.146	865.95
442.357	482.98
442.569	882.33
442.78	800.41
442.991	1482.39
443.203	888.48
443.414	147.11
443.626	1136.28
443.837	736.93
444.048	267.94
444.26	173.74
444.471	962.2
444.682	935.58
444.894	159.4
445.105	257.7
445.316	1177.24
445.528	790.17
445.739	509.6
445.95	573.09
446.161	917.15
446.373	974.49
446.584	511.65
446.795	423.59
447.006	1214.1
447.217	1035.93
447.429	249.51
447.64	304.81
447.851	1758.86
448.062	1042.07
448.273	224.94
448.484	429.73
448.695	1003.16
448.907	1037.98
449.118	521.89
449.329	722.59
449.54	763.55
449.751	890.53
449.962	476.84
450.173	345.77
450.384	939.68
450.595	1248.92
450.806	456.36
451.017	546.47
451.228	1189.53
451.439	1019.55
451.65	591.52
451.861	169.64
452.072	822.94
452.283	896.67
452.494	818.85
452.705	618.15
452.915	1595.03
453.126	994.97
453.337	824.99
453.548	435.88
453.759	1511.06
453.97	1472.15
454.181	1140.38
454.391	616.1
454.602	1201.82
454.813	1390.23
455.024	761.5
455.235	556.71
455.445	1271.45
455.656	1050.27
455.867	824.99
456.078	691.87
456.288	1015.45
456.499	1261.21
456.71	538.27
456.921	1068.7
457.131	1085.08
457.342	1189.53
457.553	759.46
457.763	790.17
457.974	1101.47
458.184	1197.72
458.395	523.94
458.606	452.26
458.816	1552.02
459.027	1619.6
459.237	906.91
459.448	659.1
459.659	1246.87
459.869	2240.14
460.08	538.27
460.29	941.72
460.501	1459.86
460.711	1296.02
460.922	556.71
461.132	837.28
461.343	2043.53
461.553	1040.03
461.764	698.02
461.974	937.63
462.184	1478.29
462.395	1615.51
462.605	886.43
462.816	644.77
463.026	1435.28
463.236	1494.68
463.447	894.62
463.657	900.76
463.867	1664.66
464.078	1349.27
464.288	988.83
464.498	937.63
464.709	1506.96
464.919	1570.45
465.129	1076.89
465.339	943.77
465.55	1445.52
465.76	1779.34
465.97	1089.18
466.18	1019.55
466.391	1777.3
466.601	1703.57
466.811	1197.72
467.021	820.89
467.231	1861.26
467.441	1961.61
467.651	1119.9
467.862	708.26
468.072	1441.43
468.282	1732.24
468.492	968.35
468.702	1318.55
468.912	1791.63
469.122	2410.12
469.332	1595.03
469.542	1212.06
469.752	2197.13
469.962	1797.78
470.172	1171.1
470.382	1281.69
470.592	2287.24
470.802	1828.49
471.012	1474.2
471.222	1341.08
471.432	1926.8
471.642	2076.3
471.852	1582.74
472.062	1226.39
472.272	1967.76
472.482	1844.88
472.691	1482.39
472.901	1341.08
473.111	1834.64
473.321	2543.24
473.531	1558.16
473.741	1863.31
473.95	2322.06
474.16	2240.14
474.37	1826.45
474.58	1525.4
474.79	2803.33
474.999	2195.08
475.209	1691.28
475.419	1826.45
475.628	2371.21
475.838	2680.45
476.048	1975.95
476.258	1666.71
476.467	2635.39
476.677	2244.23
476.886	2285.19
477.096	2049.68
477.306	2444.93
477.515	2705.03
477.725	2287.24
477.935	2156.17
478.144	3155.58
478.354	2487.94
478.563	2133.64
478.773	1990.28
478.982	2731.65
479.192	2770.56
479.401	2293.38
479.611	2176.65
479.82	2565.76
480.03	2766.46
480.239	2338.44
480.449	2184.84
480.658	3051.13
480.868	2999.93
481.077	2582.15
481.287	2403.97
481.496	2858.62
481.705	3260.02
481.915	2852.48
482.124	2838.14
482.333	3159.67
482.543	3696.24
482.752	2842.24
482.961	2621.06
483.171	3233.4
483.38	3081.85
483.589	2782.85
483.799	2795.14
484.008	3239.55
484.217	3124.86
484.426	2842.24
484.636	2590.34
484.845	3481.21
485.054	3006.08
485.263	3425.91
485.472	2950.78
485.682	3587.7
485.891	3507.83
486.1	2852.48
486.309	2823.81
486.518	3679.86
486.727	4529.77
486.936	2946.69
487.146	3270.26
487.355	3864.18
487.564	3579.51
487.773	3323.51
487.982	3124.86
488.191	3561.08
488.4	3942
488.609	3176.06
488.818	3425.91
489.027	4171.37
489.236	4331.11
489.445	3313.27
489.654	3161.72
489.863	4384.36
490.072	3989.1
490.281	4130.41
490.49	3776.11
490.698	4353.64
490.907	4517.48
491.116	3606.13
491.325	3548.79
491.534	4298.35
491.743	3921.52
491.952	3696.24
492.16	3829.36
492.369	4449.89
492.578	4699.75
492.787	3872.37
492.996	3614.32
493.204	4206.19
493.413	4781.67
493.622	3587.7
493.831	3729.01
494.039	4804.19
494.248	4433.51
494.457	4009.58
494.665	3790.45
494.874	4693.6
495.083	5336.67
495.291	3991.15
495.5	3982.96
495.709	4681.32
495.917	4642.4
496.126	4261.48
496.335	4097.64
496.543	4714.08
496.752	4859.49
496.96	4515.43
497.169	4060.78
497.377	4863.58
497.586	5023.33
497.794	4501.09
498.003	3942
498.211	4902.5
498.42	5047.9
498.628	4560.49
498.837	4134.51
499.045	4890.21
499.254	4718.18
499.462	4337.26
499.671	4359.78
499.879	5797.46
500.087	5187.16
500.296	4417.13
500.504	4529.77
500.713	4925.02
500.921	5672.53
501.129	4650.6
501.338	4431.46
501.546	5289.56
501.754	5115.48
501.962	4804.19
502.171	4492.9
502.379	5367.38
502.587	5359.19
502.795	4775.52
503.004	4834.91
503.212	5690.96
503.42	5531.22
503.628	4894.3
503.837	4959.84
504.045	5269.08
504.253	5961.3
504.461	4949.6
504.669	4601.44
504.877	5973.58
505.085	5660.24
505.294	4660.84
505.502	5250.65
505.71	6047.31
505.918	5547.61
506.126	4675.17
506.334	4830.82
506.542	5598.81
506.75	5617.24
506.958	5611.09
507.166	5156.44
507.374	5416.54
507.582	6000.21
507.79	5203.55
507.998	5207.64
508.206	6030.93
508.414	5899.86
508.622	5062.24
508.83	5164.64
509.037	5932.62
509.245	5617.24
509.453	5385.82
509.661	5070.43
509.869	6172.24
510.077	5854.8
510.285	5678.68
510.492	5064.29
510.7	6608.45
510.908	5787.22
511.116	5162.59
511.324	5353.05
511.531	5877.33
511.739	6110.8
511.947	5654.1
512.155	5768.79
512.362	6131.28
512.57	5664.34
512.778	5398.1
512.985	5242.46
513.193	5969.49
513.401	6420.04
513.608	5568.09
513.816	5504.6
514.024	6270.54
514.231	6178.38
514.439	5686.87
514.646	5633.62
514.854	6594.12
515.061	6428.23
515.269	5834.32
515.477	5627.48
515.684	6043.21
515.892	6544.97
516.099	5430.87
516.307	5549.65
516.514	6774.34
516.722	6800.96
516.929	5813.84
517.136	5709.4
517.344	6792.77
517.551	6661.7
517.759	5723.73
517.966	6024.78
518.173	6569.54
518.381	6630.98
518.588	6121.04
518.796	5834.32
519.003	6717
519.21	6532.68
519.418	6143.56
519.625	6612.55
519.832	6686.28
520.039	6846.02
520.247	5781.07
520.454	6088.27
520.661	6823.49
520.868	6868.55
521.076	6147.66
521.283	6342.22
521.49	7310.91
521.697	6813.25
521.904	6176.33
522.112	6288.97
522.319	7136.83
522.526	6913.6
522.733	6389.32
522.94	6205
523.147	6901.31
523.354	6704.71
523.561	6176.33
523.768	6526.54
523.975	7446.07
524.183	6968.9
524.39	6778.44
524.597	6272.59
524.804	7038.53
525.011	6950.46
525.218	6487.62
525.425	6461
525.632	7581.24
525.838	7046.72
526.045	6559.3
526.252	6833.73
526.459	8865.32
526.666	9006.63
526.873	6544.97
527.08	6547.01
527.287	7556.66
527.494	7472.7
527.701	6657.61
527.907	6598.21
528.114	7456.31
528.321	7501.37
528.528	6739.52
528.735	6792.77
528.941	7243.32
529.148	7130.69
529.355	7020.1
529.562	6800.96
529.768	8279.6
529.975	7372.35
530.182	7110.21
530.388	6792.77
530.595	7783.99
530.802	7200.32
531.008	7335.48
531.215	7052.86
531.422	8459.82
531.628	8412.71
531.835	7218.75
532.042	7280.19
532.248	7626.29
532.455	7730.74
532.661	7118.4
532.868	7200.32
533.074	8056.37
533.281	8216.11
533.487	7073.34
533.694	7165.5
533.9	7562.81
534.107	7595.57
534.313	7239.23
534.52	7032.38
534.726	7810.61
534.933	8459.82
535.139	7337.53
535.345	7243.32
535.552	8676.9
535.758	8244.78
535.965	7591.48
536.171	7474.74
536.377	8222.25
536.584	8566.31
536.79	7452.22
536.996	7552.57
537.203	8484.39
537.409	8576.55
537.615	7482.94
537.821	7646.77
538.028	8826.4
538.234	8250.92
538.44	7687.73
538.646	7829.04
538.853	8011.31
539.059	8013.36
539.265	8177.2
539.471	7429.69
539.677	8449.58
539.883	8365.61
540.09	9440.79
540.296	8439.34
540.502	8500.78
540.708	8365.61
540.914	8158.77
541.12	7652.92
541.326	8558.12
541.532	8685.09
541.738	8035.89
541.944	7990.83
542.15	8943.14
542.356	8644.13
542.562	7927.35
542.768	7949.87
542.974	9029.15
543.18	8920.61
543.386	8267.31
543.592	7960.11
543.798	9545.24
544.004	9068.06
544.21	8095.28
544.415	8308.27
544.621	8715.81
544.827	9483.8
545.033	8169.01
545.239	8685.09
545.445	8805.92
545.651	8934.95
545.856	8199.73
546.062	8263.21
546.268	8758.82
546.474	9018.91
546.679	8250.92
546.885	8181.29
547.091	8900.13
547.297	9369.12
547.502	8597.03
547.708	8207.92
547.914	9002.53
548.119	9397.79
548.325	8220.21
548.531	8406.57
548.736	9782.81
548.942	9074.21
549.147	8320.56
549.353	8850.98
549.559	9680.41
549.764	9295.39
549.97	8355.37
550.175	8599.08
550.381	9209.37
550.586	8807.97
550.792	8736.29
550.997	8541.74
551.203	9436.7
551.408	9625.11
551.614	8461.87
551.819	8635.94
552.025	9946.64
552.23	9354.78
552.435	8508.97
552.641	8977.95
552.846	9170.46
553.052	10090
553.257	9182.75
553.462	8834.6
553.668	9385.5
553.873	9518.62
554.078	8754.73
554.283	9094.69
554.489	9840.15
554.694	9317.92
554.899	8816.16
555.105	9236
555.31	9954.83
555.515	9840.15
555.72	9092.64
555.925	10352.14
556.131	10049.04
556.336	9655.83
556.541	9106.98
556.746	9051.68
556.951	10053.14
557.156	9741.85
557.361	9205.28
557.567	9500.19
557.772	10020.37
557.977	9862.68
558.182	9023.01
558.387	9336.35
558.592	9674.26
558.797	10325.52
559.002	9301.53
559.207	9303.58
559.412	9922.07
559.617	10372.62
559.822	9436.7
560.027	8959.52
560.232	9881.11
560.437	9938.45
560.642	8906.27
560.847	9176.61
561.051	9770.52
561.256	10255.89
561.461	9233.95
561.666	9070.11
561.871	9969.17
562.076	10266.13
562.281	9344.54
562.485	9238.05
562.69	10284.56
562.895	9973.27
563.1	9500.19
563.305	9410.08
563.509	10139.15
563.714	10614.28
563.919	9410.08
564.123	9604.63
564.328	9868.82
564.533	10636.81
564.737	9567.77
564.942	9510.43
565.147	10380.81
565.351	10325.52
565.556	9403.93
565.761	9987.6
565.965	10411.53
566.17	10376.72
566.374	9588.25
566.579	9758.23
566.784	10479.11
566.988	10290.7
567.193	9506.33
567.397	10046.99
567.602	10085.9
567.806	10276.37
568.011	9731.61
568.215	9864.72
568.42	10475.02
568.624	10477.07
568.828	9817.62
569.033	10167.82
569.237	10622.47
569.442	10601.99
569.646	9618.97
569.85	9768.47
570.055	10554.89
570.259	10472.97
570.463	10364.43
570.668	9969.17
570.872	10489.35
571.076	10616.33
571.281	10206.73
571.485	10182.16
571.689	10843.65
571.893	10853.89
572.098	10292.75
572.302	9872.92
572.506	10776.07
572.71	10810.89
572.914	10284.56
573.119	9844.24
573.323	11118.08
573.527	10980.87
573.731	10249.74
573.935	10106.38
574.139	10755.59
574.343	10432.01
574.547	10284.56
574.751	10339.85
574.955	10984.96
575.159	11009.54
575.364	10315.28
575.568	10389
575.772	11136.51
575.976	10974.72
576.18	10180.11
576.383	10081.81
576.587	11261.44
576.791	11103.75
576.995	10243.6
577.199	10147.34
577.403	10866.18
577.607	11056.64
577.811	10300.94
578.015	10696.2
578.219	11165.18
578.422	11253.25
578.626	10671.62
578.83	10907.14
579.034	11363.84
579.238	11353.6
579.442	10638.86
579.645	11210.24
579.849	11144.7
580.053	11349.5
580.257	10984.96
580.46	10753.54
580.664	11486.72
580.868	11331.07
581.071	10925.57
581.275	11019.78
581.479	10995.2
581.682	11523.58
581.886	10538.51
582.09	11038.21
582.293	11503.1
582.497	11531.77
582.7	11097.6
582.904	10892.8
583.107	11605.5
583.311	11652.6
583.515	11079.17
583.718	10974.72
583.922	11687.42
584.125	12604.91
584.329	11081.22
584.532	11232.77
584.735	11843.06
584.939	11810.29
585.142	10808.84
585.346	11095.55
585.549	11578.87
585.753	11814.39
585.956	11116.03
586.159	11210.24
586.363	12033.52
586.566	11965.94
586.769	10933.76
586.973	11015.68
587.176	11654.65
587.379	11709.94
587.582	11439.61
587.786	11429.37
587.989	12097.01
588.192	13135.33
588.395	11314.69
588.599	11730.42
588.802	12019.19
589.005	12002.8
589.208	11439.61
589.411	11615.74
589.615	12013.04
589.818	12559.85
590.021	11808.25
590.224	11673.08
590.427	12531.18
590.63	12459.5
590.833	11494.91
591.036	11359.74
591.239	11867.64
591.442	12021.24
591.645	11894.26
591.848	11642.36
592.051	12357.1
592.254	12285.42
592.457	11832.82
592.66	11650.55
592.863	12105.2
593.066	12535.28
593.269	11630.07
593.472	11742.71
593.675	12154.35
593.878	12312.05
594.081	11673.08
594.284	11531.77
594.486	12445.16
594.689	12328.43
594.892	11871.73
595.095	11847.16
595.298	12494.32
595.5	11996.66
595.703	11812.34
595.906	11896.31
596.109	12711.4
596.311	12576.23
596.514	11744.76
596.717	12264.94
596.92	13135.33
597.122	12953.06
597.325	11769.34
597.528	11865.59
597.73	13043.17
597.933	12828.13
598.136	12015.09
598.338	11693.56
598.541	13057.51
598.743	13254.11
598.946	12357.1
599.148	12250.61
599.351	12735.98
599.554	12711.4
599.756	12496.36
599.959	12299.76
600.161	13061.6
600.363	13354.46
600.566	12746.22
600.768	12213.74
600.971	13112.8
601.173	13012.45
601.376	12199.41
601.578	12056.05
601.78	12676.59
601.983	13467.1
602.185	12152.31
602.388	12707.3
602.59	13022.69
602.792	13090.27
602.995	12606.95
603.197	12273.14
603.399	12973.54
603.601	13485.53
603.804	12428.78
604.006	12361.2
604.208	12828.13
604.41	12563.95
604.613	12983.78
604.815	12457.45
605.017	13278.69
605.219	13069.8
605.421	13241.82
605.623	12488.17
605.826	13422.05
606.028	13622.75
606.23	12330.48
606.432	12404.21
606.634	13190.63
606.836	13428.19
607.038	12357.1
607.24	12684.78
607.442	13106.66
607.644	13358.56
607.846	12844.52
608.048	12396.01
608.25	13415.9
608.452	12936.68
608.654	12854.76
608.856	12434.92
609.058	12850.66
609.26	13256.16
609.462	12815.85
609.664	12592.62
609.866	13438.43
610.067	13346.27
610.269	12979.68
610.471	12502.51
610.673	13088.23
610.875	13610.46
611.077	12682.73
611.278	12873.19
611.48	13059.56
611.682	13735.39
611.884	12877.29
612.085	12529.13
612.287	13065.7
612.489	13080.04
612.69	12678.63
612.892	12738.02
613.094	13737.43
613.295	13250.02
613.497	12697.06
613.699	12953.06
613.9	13639.13
614.102	13368.8
614.304	12826.09
614.505	12537.32
614.707	13184.48
614.908	13657.56
615.11	12666.35
615.311	12928.49
615.513	13553.12
615.714	13155.81
615.916	12649.96
616.117	13032.93
616.319	13106.66
616.52	13366.75
616.722	12699.11
616.923	12662.25
617.124	13807.06
617.326	13381.09
617.527	12889.57
617.729	13264.35
617.93	13680.09
618.131	13727.19
618.333	12740.07
618.534	13188.58
618.735	13559.26
618.937	13598.17
619.138	12893.67
619.339	12686.83
619.54	13757.91
619.742	13772.25
619.943	13075.94
620.144	13024.74
620.345	13901.27
620.546	13620.7
620.748	13174.24
620.949	12860.9
621.15	13630.94
621.351	13336.03
621.552	12940.77
621.753	12471.79
621.954	13245.92
622.155	13954.52
622.356	13114.85
622.558	13194.72
622.759	13712.86
622.96	14304.72
623.161	13188.58
623.362	12987.88
623.563	13934.04
623.764	13522.4
623.965	12965.35
624.166	13223.39
624.366	13383.13
624.567	13690.33
624.768	12879.33
624.969	12660.2
625.17	13391.33
625.371	13653.47
625.572	13387.23
625.773	13018.6
625.973	13739.48
626.174	14134.74
626.375	13170.15
626.576	13198.82
626.777	14194.13
626.977	14120.4
627.178	13381.09
627.379	13463.01
627.58	13843.93
627.78	13495.77
627.981	13037.03
628.182	13155.81
628.382	13850.07
628.583	13499.87
628.784	12836.33
628.984	13198.82
629.185	13958.61
629.386	14052.82
629.586	13383.13
629.787	13012.45
629.987	13979.09
630.188	14040.53
630.388	13465.05
630.589	13526.49
630.79	14214.61
630.99	13872.6
631.191	13354.46
631.391	13616.6
631.591	13944.28
631.792	14093.78
631.992	13690.33
632.193	13413.85
632.393	14347.73
632.594	13610.46
632.794	13135.33
632.994	13471.2
633.195	13774.3
633.395	13923.8
633.595	13528.54
633.796	13694.43
633.996	14173.65
634.196	14175.7
634.397	13514.2
634.597	13485.53
634.797	14058.96
634.997	14278.1
635.198	13956.57
635.398	13678.04
635.598	14147.03
635.798	14177.75
635.998	13630.94
636.199	13686.23
636.399	13931.99
636.599	14126.55
636.799	13774.3
636.999	13909.46
637.199	14235.09
637.399	14446.03
637.599	13331.94
637.799	13602.27
637.999	13956.57
638.199	14097.88
638.399	13774.3
638.599	13258.21
638.799	14314.96
638.999	14439.89
639.199	13790.68
639.399	13905.37
639.599	14335.44
639.799	14089.68
639.999	13575.64
640.199	13692.38
640.399	14218.71
640.599	14233.04
640.799	13645.27
640.998	13860.31
641.198	14110.16
641.398	14317.01
641.598	14071.25
641.798	13852.12
641.997	15365.57
642.197	14187.99
642.397	13714.91
642.597	13473.25
642.796	14163.41
642.996	14218.71
643.196	14325.2
643.395	13594.08
643.595	14400.97
643.795	13774.3
643.994	13749.72
644.194	14056.92
644.394	14747.08
644.593	14841.29
644.793	13999.57
644.992	14153.17
645.192	14820.81
645.392	14087.64
645.591	14323.15
645.791	13915.61
645.99	14616.01
646.19	14329.3
646.389	13825.5
646.589	13956.57
646.788	14685.64
646.987	14675.4
647.187	14693.83
647.386	14276.05
647.586	14394.83
647.785	15019.46
647.984	13845.98
648.184	14353.87
648.383	14294.48
648.582	14415.31
648.782	14026.2
648.981	14218.71
649.18	14251.47
649.38	14124.5
649.579	14249.43
649.778	14054.87
649.977	15117.76
650.177	14861.77
650.376	14056.92
650.575	13923.8
650.774	14667.21
650.973	14593.48
651.173	13823.45
651.372	14392.78
651.571	14575.05
651.77	15007.17
651.969	14314.96
652.168	14323.15
652.367	14513.61
652.566	14562.76
652.765	14362.06
652.964	14970.31
653.163	15107.52
653.362	14288.34
653.561	13956.57
653.76	14163.41
653.959	14491.09
654.158	14968.26
654.357	14745.03
654.556	14198.23
654.755	14964.17
654.954	14917.06
655.153	14253.52
655.352	14448.08
655.551	15019.46
655.749	14845.38
655.948	14032.34
656.147	14411.21
656.346	14585.29
656.545	14704.07
656.743	14302.67
656.942	14486.99
657.141	14566.86
657.34	14476.75
657.538	14222.8
657.737	14280.14
657.936	14710.22
658.135	14734.79
658.333	14484.94
658.532	14796.23
658.731	15058.37
658.929	14988.74
659.128	14898.63
659.326	14290.38
659.525	15064.52
659.724	15089.09
659.922	14179.79
660.121	14140.88
660.319	14634.44
660.518	14405.07
660.716	14532.04
660.915	14247.38
661.113	15175.11
661.312	14601.68
661.51	14329.3
661.709	14294.48
661.907	14812.62
662.105	14902.73
662.304	14259.67
662.502	14515.66
662.701	14769.61
662.899	14773.71
663.097	15158.72
663.296	14427.6
663.494	15250.88
663.692	15377.86
663.891	14329.3
664.089	14149.07
664.287	14747.08
664.485	15009.22
664.684	13983.19
664.882	14663.11
665.08	14935.49
665.278	14833.1
665.476	14392.78
665.675	14736.84
665.873	15467.97
666.071	15592.89
666.269	14589.39
666.467	15072.71
666.665	15095.24
666.863	15070.66
667.061	14726.6
667.259	14706.12
667.457	14880.2
667.655	15074.76
667.853	14405.07
668.051	15089.09
668.249	14665.16
668.447	15302.08
668.645	14474.7
668.843	14917.06
669.041	15388.1
669.239	14814.66
669.437	14505.42
669.635	14767.56
669.833	14771.66
670.031	14929.35
670.229	14687.69
670.426	14761.42
670.624	14822.86
670.822	14880.2
671.02	14548.43
671.218	14804.42
671.415	14869.96
671.613	14736.84
671.811	14665.16
672.009	14650.83
672.206	15162.82
672.404	14888.39
672.602	14710.22
672.799	14888.39
672.997	15224.26
673.195	14919.11
673.392	14749.13
673.59	14214.61
673.788	15033.8
673.985	14443.98
674.183	14753.23
674.38	14665.16
674.578	14968.26
674.775	14902.73
674.973	14331.34
675.17	14372.3
675.368	14927.3
675.565	14648.78
675.763	14441.93
675.96	14343.63
676.158	14888.39
676.355	14947.78
676.553	14454.22
676.75	14224.85
676.947	14620.11
677.145	14820.81
677.342	14910.92
677.539	14429.65
677.737	15093.19
677.934	15230.4
678.131	14761.42
678.329	14212.56
678.526	15564.22
678.723	15060.42
678.92	14779.85
679.118	14677.45
679.315	14659.02
679.512	15144.39
679.709	14499.28
679.906	14618.06
680.104	15037.89
680.301	14732.75
680.498	14304.72
680.695	14204.37
680.892	14507.47
681.089	14804.42
681.286	14515.66
681.483	13839.83
681.68	14996.93
681.877	14829
682.075	14081.49
682.272	14501.33
682.469	14636.49
682.665	14722.51
682.862	13993.43
683.059	14161.36
683.256	14837.19
683.453	14824.9
683.65	14317.01
683.847	14378.45
684.044	14628.3
684.241	14403.02
684.438	14448.08
684.635	13825.5
684.831	14945.73
685.028	14814.66
685.225	13981.14
685.422	14527.95
685.619	14335.44
685.815	14585.29
686.012	14306.77
686.209	14104.02
686.405	14392.78
686.602	14540.24
686.799	13964.76
686.996	14136.79
687.192	14333.39
687.389	15123.91
687.586	13829.59
687.782	14128.6
687.979	14861.77
688.175	14783.95
688.372	14116.31
688.568	14140.88
688.765	14310.86
688.962	14661.07
689.158	14243.28
689.355	13874.65
689.551	14433.74
689.748	14421.45
689.944	14198.23
690.14	13888.98
690.337	14677.45
690.533	14810.57
690.73	14200.27
690.926	13911.51
691.123	14255.57
691.319	14689.74
691.515	13542.88
691.712	14216.66
691.908	14171.6
692.104	14419.41
692.301	14093.78
692.497	13774.3
692.693	14497.23
692.889	14069.2
693.086	13850.07
693.282	13757.91
693.478	14562.76
693.674	15074.76
693.87	13843.93
694.067	13876.69
694.263	14396.88
694.459	14009.81
694.655	14026.2
694.851	13983.19
695.047	14407.12
695.243	14374.35
695.439	14048.72
695.635	13805.02
695.831	14136.79
696.027	14061.01
696.224	13792.73
696.42	14480.85
696.615	14726.6
696.811	14489.04
697.007	13407.71
697.203	13606.36
697.399	14108.12
697.595	14190.03
697.791	13559.26
697.987	14001.62
698.183	14212.56
698.379	14007.76
698.575	13917.65
698.77	13964.76
698.966	14239.19
699.162	14233.04
699.358	13565.4
699.554	13725.15
699.749	14548.43
699.945	14519.76
700.141	13983.19
700.337	13827.54
700.532	13837.78
700.728	14210.51
700.924	13436.38
701.119	13542.88
701.315	14153.17
701.511	14069.2
701.706	13757.91
701.902	13393.37
702.097	14280.14
702.293	14030.29
702.489	13551.07
702.684	13364.7
702.88	14298.58
703.075	14005.72
703.271	13637.08
703.466	13530.59
703.662	13936.09
703.857	14005.72
704.053	13762.01
704.248	13970.9
704.443	14349.78
704.639	14400.97
704.834	13571.55
705.03	13579.74
705.225	13837.78
705.42	13979.09
705.616	13741.53
705.811	13528.54
706.006	13667.8
706.202	13940.18
706.397	13491.68
706.592	13301.22
706.787	13925.85
706.983	13604.32
707.178	14087.64
707.373	13356.51
707.568	13813.21
707.763	14104.02
707.959	13411.81
708.154	13360.61
708.349	13790.68
708.544	13938.13
708.739	13759.96
708.934	13237.73
709.129	14104.02
709.324	14208.47
709.519	13350.37
709.714	13323.74
709.909	13977.05
710.104	14018
710.299	13274.59
710.494	13467.1
710.689	13698.52
710.884	13673.95
711.079	13333.98
711.274	13452.77
711.469	14032.34
711.664	13895.13
711.859	13364.7
712.054	13493.72
712.249	13833.69
712.443	13663.71
712.638	13069.8
712.833	13266.4
713.028	13936.09
713.223	13471.2
713.417	13673.95
713.612	13313.5
713.807	13981.14
714.002	14448.08
714.196	13719
714.391	13116.9
714.586	14020.05
714.78	13925.85
714.975	13108.71
715.17	13180.39
715.364	13579.74
715.559	13888.98
715.754	12879.33
715.948	12746.22
716.143	13964.76
716.337	13514.2
716.532	13561.31
716.726	13327.84
716.921	13700.57
717.115	14001.62
717.31	13102.56
717.504	14108.12
717.699	13489.63
717.893	13583.84
718.088	12850.66
718.282	12987.88
718.476	13506.01
718.671	13587.93
718.865	13047.27
719.059	12883.43
719.254	13381.09
719.448	13891.03
719.642	15754.68
719.837	12672.49
720.031	15293.89
720.225	13252.06
720.419	13002.21
720.614	12961.25
720.808	13571.55
721.002	13262.3
721.196	12985.83
721.39	12803.56
721.585	13639.13
721.779	13348.32
721.973	12951.01
722.167	12580.33
722.361	13198.82
722.555	13569.5
722.749	12842.47
722.943	13022.69
723.137	13188.58
723.331	13299.17
723.525	12697.06
723.719	13106.66
723.913	13501.92
724.107	13798.87
724.301	12875.24
724.495	13243.87
724.689	13692.38
724.883	13463.01
725.077	12850.66
725.271	12799.46
725.465	13401.57
725.659	12981.73
725.853	12991.97
726.046	12600.81
726.24	12991.97
726.434	13346.27
726.628	13077.99
726.822	12639.72
727.015	13450.72
727.209	13659.61
727.403	13028.84
727.596	12414.45
727.79	13385.18
727.984	13487.58
728.177	12778.98
728.371	12879.33
728.565	13104.61
728.758	12953.06
728.952	12635.63
729.146	12561.9
729.339	13329.89
729.533	12938.73
729.726	12514.8
729.92	12193.26
730.113	13301.22
730.307	13213.15
730.5	12742.12
730.694	12664.3
730.887	13037.03
731.081	13469.15
731.274	12565.99
731.468	12803.56
731.661	13139.43
731.854	13063.65
732.048	12817.9
732.241	12496.36
732.435	13250.02
732.628	13157.86
732.821	12643.82
733.014	12572.14
733.208	12795.37
733.401	13026.79
733.594	12764.65
733.788	12594.67
733.981	13219.3
734.174	13174.24
734.367	12346.86
734.56	12862.95
734.754	13606.36
734.947	13204.96
735.14	12506.6
735.333	12662.25
735.526	13733.34
735.719	12975.59
735.912	12715.5
736.105	12760.55
736.298	13213.15
736.491	13075.94
736.684	12266.99
736.877	12492.27
737.07	13338.08
737.263	13696.47
737.456	12701.16
737.649	12498.41
737.842	12971.49
738.035	13448.67
738.228	12733.93
738.421	12891.62
738.614	13364.7
738.807	13290.98
739	12367.34
739.192	12541.42
739.385	13127.14
739.578	12873.19
739.771	13061.6
739.964	12512.75
740.156	13225.44
740.349	13133.28
740.542	13032.93
740.735	12326.38
740.927	12813.8
741.12	13092.32
741.313	12338.67
741.505	12785.13
741.698	13118.95
741.891	13219.3
742.083	12699.11
742.276	12492.27
742.468	13331.94
742.661	13047.27
742.854	12701.16
743.046	12428.78
743.239	13116.9
743.431	13063.65
743.624	12246.51
743.816	12234.22
744.009	12844.52
744.201	12922.34
744.393	12666.35
744.586	12266.99
744.778	13030.88
744.971	12799.46
745.163	12520.94
745.355	12379.63
745.548	12719.59
745.74	13010.4
745.932	12506.6
746.125	12547.56
746.317	12875.24
746.509	13039.08
746.702	12582.38
746.894	12662.25
747.086	12946.92
747.278	12930.53
747.471	12488.17
747.663	12447.21
747.855	12795.37
748.047	13245.92
748.239	12279.28
748.431	12359.15
748.623	13608.41
748.815	12836.33
749.008	12269.04
749.2	12383.73
749.392	12985.83
749.584	13116.9
749.776	12498.41
749.968	12744.17
750.16	13268.45
750.352	12668.39
750.544	12574.19
750.736	12045.81
750.928	12789.22
751.12	12862.95
751.311	12436.97
751.503	12494.32
751.695	12570.09
751.887	12873.19
752.079	12008.95
752.271	12510.7
752.463	13297.12
752.654	12594.67
752.846	12047.86
753.038	12090.87
753.23	12535.28
753.421	12641.77
753.613	12086.77
753.805	12277.23
753.997	12516.84
754.188	12916.2
754.38	12285.42
754.572	11920.88
754.763	12436.97
754.955	12604.91
755.146	12172.78
755.338	11748.86
755.53	12908.01
755.721	12770.79
755.913	11636.22
756.104	11843.06
756.296	12285.42
756.487	12756.46
756.679	11746.81
756.87	11701.75
757.062	12254.7
757.253	12410.35
757.445	11720.18
757.636	12060.15
757.827	12379.63
758.019	12908.01
758.21	11562.49
758.401	11986.42
758.593	13116.9
758.784	12686.83
758.975	11623.93
759.167	11740.66
759.358	12404.21
759.549	12551.66
759.74	11736.57
759.932	11965.94
760.123	12277.23
760.314	12178.93
760.505	11763.19
760.696	11519.48
760.888	12459.5
761.079	12156.4
761.27	11636.22
761.461	11595.26
761.652	12295.66
761.843	11976.18
762.034	11699.7
762.225	12504.56
762.416	12183.02
762.607	12127.73
762.798	11499
762.989	11638.27
763.18	13295.07
763.371	12170.74
763.562	11511.29
763.753	11499
763.944	12080.63
764.135	11838.97
764.326	11742.71
764.517	11517.43
764.708	12156.4
764.899	12133.87
765.089	11245.06
765.28	11283.97
765.471	11619.83
765.662	12072.43
765.853	11658.74
766.043	11146.75
766.234	11992.56
766.425	11793.91
766.615	11527.67
766.806	11142.66
766.997	12105.2
767.187	11855.35
767.378	11073.03
767.569	11097.6
767.759	11607.55
767.95	11718.14
768.141	11318.78
768.331	11095.55
768.522	11755
768.712	12207.6
768.903	11243.01
769.093	11218.43
769.284	11814.39
769.474	11644.41
769.665	10968.58
769.855	10833.41
770.046	11865.59
770.236	11740.66
770.426	11134.46
770.617	11120.13
770.807	11505.15
770.998	11767.29
771.188	11066.88
771.378	10833.41
771.569	11767.29
771.759	11607.55
771.949	10591.75
772.139	10642.95
772.33	11537.91
772.52	11470.33
772.71	10864.13
772.9	10866.18
773.09	11412.99
773.281	11693.56
773.471	10685.96
773.661	10935.81
773.851	11222.53
774.041	11191.81
774.231	10518.03
774.421	11347.45
774.611	11402.75
774.802	11433.47
774.992	10933.76
775.182	10612.23
775.372	11212.29
775.562	11449.85
775.752	10831.37
775.942	10585.61
776.131	11628.03
776.321	11404.8
776.511	10501.64
776.701	10460.68
776.891	11476.48
777.081	10939.91
777.271	10864.13
777.461	10636.81
777.651	11388.41
777.84	11343.36
778.03	10796.55
778.22	10583.56
778.41	11214.34
778.599	11095.55
778.789	10675.72
778.979	10581.51
779.169	11087.36
779.358	10862.08
779.548	11017.73
779.738	10151.44
779.927	11052.55
780.117	10616.33
780.307	10098.19
780.496	10087.95
780.686	11068.93
780.875	11429.37
781.065	10507.79
781.254	10348.04
781.444	10868.23
781.633	10827.27
781.823	10014.23
782.012	10196.5
782.202	10616.33
782.391	10745.35
782.581	10110.48
782.77	10581.51
782.96	11064.83
783.149	10419.72
783.338	10077.71
783.528	9614.87
783.717	10946.05
783.906	10915.33
784.096	10346
784.285	10065.43
784.474	10634.76
784.663	10608.14
784.853	9956.88
785.042	10294.8
785.231	10696.2
785.42	10595.85
785.61	10247.69
785.799	9905.68
785.988	10905.09
786.177	10292.75
786.366	10151.44
786.555	10235.41
786.744	10462.73
786.933	10436.11
787.122	9750.04
787.312	9604.63
787.501	10243.6
787.69	10552.84
787.879	9879.06
788.068	9641.5
788.257	10092.05
788.445	10520.07
788.634	10079.76
788.823	9686.55
789.012	10696.2
789.201	10817.03
789.39	9928.21
789.579	9768.47
789.768	10429.96
789.957	10237.45
790.145	9791
790.334	9238.05
790.523	9852.44
790.712	10159.63
790.9	9848.34
791.089	9522.71
791.278	10384.91
791.467	10100.24
791.655	10163.73
791.844	10380.81
792.033	10231.31
792.221	10028.56
792.41	9555.48
792.599	9213.47
792.787	10262.03
792.976	10145.3
793.164	9324.06
793.353	9719.32
793.541	10329.61
793.73	10167.82
793.918	9733.65
794.107	9735.7
794.295	10003.99
794.484	10096.14
794.672	9530.91
794.861	9479.71
795.049	10081.81
795.238	10511.88
795.426	9264.67
795.614	9625.11
795.803	10266.13
795.991	10302.99
796.179	9471.51
796.368	9451.03
796.556	10106.38
796.744	9655.83
796.932	9299.48
797.121	9094.69
797.309	9874.96
797.497	10069.52
797.685	9506.33
797.874	9369.12
798.062	9762.33
798.25	10126.86
798.438	9236
798.626	9389.6
798.814	10102.29
799.002	10337.8
799.19	9328.16
799.378	9430.55
799.566	9868.82
799.755	10008.08
799.943	9512.47
800.131	9201.18
800.318	9836.05
800.506	10016.27
800.694	9240.09
800.882	9324.06
801.07	10454.54
801.258	9864.72
801.446	9297.44
801.634	9432.6
801.822	9735.7
802.01	9989.65
802.197	9336.35
802.385	9649.69
802.573	10178.06
802.761	9811.48
802.949	9381.4
803.136	9184.8
803.324	10067.47
803.512	9973.27
803.699	9436.7
803.887	9149.98
804.075	9934.36
804.262	10049.04
804.45	9209.37
804.638	9448.99
804.825	9684.5
805.013	9989.65
805.201	9555.48
805.388	9299.48
805.576	9788.95
805.763	10065.43
805.951	9045.54
806.138	9530.91
806.326	10427.92
806.513	9866.77
806.701	9195.04
806.888	9246.24
807.075	10028.56
807.263	10077.71
807.45	9141.79
807.638	9451.03
807.825	10407.44
808.012	10495.5
808.2	9494.04
808.387	10051.09
808.574	10196.5
808.761	10141.2
808.949	9557.53
809.136	9561.62
809.323	9938.45
809.51	10092.05
809.698	9920.02
809.885	9786.9
810.072	10274.32
810.259	10397.2
810.446	9547.29
810.633	9358.88
810.82	10077.71
811.008	10501.64
811.195	9627.16
811.382	9528.86
811.569	10327.57
811.756	9889.3
811.943	9467.42
812.13	9375.26
812.317	10157.58
812.504	10157.58
812.691	9657.88
812.878	9741.85
813.064	10552.84
813.251	10137.1
813.438	9498.14
813.625	9504.28
813.812	10169.87
813.999	9946.64
814.186	9528.86
814.372	9426.46
814.559	10173.97
814.746	10573.32
814.933	9608.73
815.12	9692.69
815.306	10188.3
815.493	10008.08
815.68	9530.91
815.866	9532.95
816.053	10315.28
816.24	10352.14
816.426	9618.97
816.613	9432.6
816.799	10036.75
816.986	10481.16
817.173	9514.52
817.359	9397.79
817.546	10036.75
817.732	9834
817.919	9088.54
818.105	9678.36
818.292	10235.41
818.478	10098.19
818.665	9834
818.851	9524.76
819.037	10817.03
819.224	10442.25
819.41	9188.89
819.597	9332.25
819.783	10751.49
819.969	10190.35
820.156	9491.99
820.342	9377.31
820.528	11542.01
820.714	9694.74
820.901	9651.74
821.087	9334.3
821.273	10352.14
821.459	9721.37
821.646	9410.08
821.832	9166.37
822.018	9831.96
822.204	9758.23
822.39	9479.71
822.576	9379.36
822.762	10196.5
822.948	10157.58
823.134	9291.29
823.32	9426.46
823.507	9711.13
823.693	9924.12
823.879	9897.49
824.065	9041.44
824.25	9664.02
824.436	9694.74
824.622	9295.39
824.808	9332.25
824.994	9676.31
825.18	9649.69
825.366	9147.94
825.552	8996.39
825.738	9717.27
825.923	9897.49
826.109	9575.96
826.295	8875.56
826.481	9602.58
826.667	9469.47
826.852	9379.36
827.038	9090.59
827.224	9991.7
827.409	9946.64
827.595	8965.67
827.781	9373.21
827.966	10100.24
828.152	10210.83
828.338	9158.17
828.523	8746.53
828.709	9774.61
828.894	9799.19
829.08	9066.02
829.266	8844.84
829.451	9430.55
829.637	9584.15
829.822	9223.71
830.008	8920.61
830.193	9502.23
830.378	10147.34
830.564	8877.6
830.749	8611.37
830.935	9344.54
831.12	9131.55
831.305	8711.72
831.491	8871.46
831.676	9125.41
831.861	9391.64
832.047	8773.16
832.232	8685.09
832.417	9422.36
832.602	9432.6
832.788	8726.05
832.973	8566.31
833.158	9311.77
833.343	9379.36
833.528	9014.82
833.714	8867.36
833.899	9166.37
834.084	9956.88
834.269	8947.23
834.454	8672.81
834.639	9418.27
834.824	9313.82
835.009	8793.64
835.194	9057.82
835.379	9578.01
835.564	9862.68
835.749	8930.85
835.934	8230.45
836.119	9635.35
836.304	9061.92
836.489	8422.95
836.674	9078.3
836.859	9023.01
837.044	9428.51
837.228	8701.48
837.413	8422.95
837.598	9344.54
837.783	9385.5
837.968	8529.45
838.152	8279.6
838.337	8537.64
838.522	9498.14
838.707	9203.23
838.891	8908.32
839.076	8996.39
839.261	9070.11
839.445	8605.22
839.63	8660.52
839.815	9463.32
839.999	8836.64
840.184	8349.23
840.368	8644.13
840.553	9174.56
840.737	9006.63
840.922	8070.7
841.106	8005.17
841.291	8836.64
841.475	9006.63
841.66	8216.11
841.844	8080.94
842.029	9561.62
842.213	8678.95
842.397	8338.99
842.582	8009.26
842.766	9162.27
842.951	8883.75
843.135	8312.36
843.319	8373.8
843.504	8779.3
843.688	9377.31
843.872	8021.55
844.056	8046.13
844.241	8826.4
844.425	8451.63
844.609	8273.45
844.793	7925.3
844.977	8924.71
845.161	8764.96
845.346	7865.91
845.53	8029.74
845.714	8621.61
845.898	9119.26
846.082	7697.97
846.266	8279.6
846.45	8584.74
846.634	8816.16
846.818	8179.25
847.002	8283.69
847.186	8701.48
847.37	8271.4
847.554	7933.49
847.738	8281.64
847.922	8642.09
848.106	8656.42
848.29	7898.67
848.473	7755.32
848.657	8562.22
848.841	8312.36
849.025	7693.88
849.209	7716.4
849.392	8449.58
849.576	8203.82
849.76	7493.18
849.944	8048.18
850.127	8734.25
850.311	8146.48
850.495	7743.03
850.678	7593.53
850.862	8613.42
851.046	8640.04
851.229	8328.75
851.413	7386.68
851.596	8631.85
851.78	8455.72
851.964	8027.7
852.147	7845.43
852.331	8828.45
852.514	8668.71
852.698	7456.31
852.881	7401.02
853.065	8158.77
853.248	8003.12
853.431	7736.88
853.615	7931.44
853.798	8949.28
853.982	8058.42
854.165	7757.36
854.348	7597.62
854.532	8062.51
854.715	7999.02
854.898	7484.98
855.081	7497.27
855.265	8724.01
855.448	8646.18
855.631	7513.66
855.814	7614.01
855.997	8119.85
856.181	8345.13
856.364	7560.76
856.547	7278.14
856.73	8197.68
856.913	8300.08
857.096	7284.28
857.279	7611.96
857.462	7931.44
857.645	8089.14
857.828	7665.21
858.011	7616.05
858.194	7958.07
858.377	8091.18
858.56	7386.68
858.743	7484.98
858.926	7751.22
859.109	7874.1
859.292	7257.66
859.475	7108.16
859.658	7937.59
859.841	7962.16
860.023	6999.62
860.206	7116.35
860.389	7796.28
860.572	7861.81
860.755	7327.29
860.937	7523.9
861.12	7726.64
861.303	7693.88
861.486	7095.87
861.668	7036.48
861.851	7550.52
862.034	8007.22
862.216	7456.31
862.399	6938.18
862.581	7738.93
862.764	7931.44
862.947	7228.99
863.129	6835.78
863.312	7366.2
863.494	7796.28
863.677	7816.76
863.859	6762.05
864.042	7863.86
864.224	7544.38
864.406	7376.44
864.589	6805.06
864.771	7523.9
864.954	7489.08
865.136	6985.28
865.318	6696.52
865.501	8218.16
865.683	7077.44
865.865	6817.35
866.048	6860.35
866.23	7603.77
866.412	7378.49
866.594	6596.17
866.777	7089.73
866.959	7237.18
867.141	7284.28
867.323	7056.96
867.505	6796.87
867.687	7243.32
867.869	7407.16
868.052	6747.72
868.234	6710.85
868.416	7339.58
868.598	7513.66
868.78	6831.68
868.962	6571.59
869.144	7525.94
869.326	7181.89
869.508	6581.83
869.69	6673.99
869.872	7003.71
870.054	7620.15
870.236	6481.48
870.417	6575.69
870.599	7306.81
870.781	7573.05
870.963	6948.42
871.145	6813.25
871.327	7204.41
871.508	7480.89
871.69	6663.75
871.872	6774.34
872.054	7185.98
872.235	7263.8
872.417	6696.52
872.599	6417.99
872.78	7902.77
872.962	7147.07
873.144	6301.26
873.325	6594.12
873.507	7499.32
873.689	7427.64
873.87	6592.07
874.052	7026.24
874.233	7167.55
874.415	7816.76
874.596	6907.46
874.778	6610.5
874.959	7208.51
875.141	7437.88
875.322	6549.06
875.503	6676.04
875.685	7239.23
875.866	6940.22
876.048	6438.47
876.229	6303.31
876.41	7145.02
876.592	7364.15
876.773	6651.46
876.954	6278.73
877.136	7589.43
877.317	7110.21
877.498	6475.34
877.679	6735.43
877.86	7218.75
878.042	7138.88
878.223	6583.88
878.404	7280.19
878.585	7407.16
878.766	9047.58
878.947	7155.26
879.128	6897.22
879.309	7431.74
879.49	7491.13
879.672	6960.7
879.853	6579.78
880.034	7308.86
880.215	7626.29
880.396	6872.64
880.576	6995.52
880.757	7319.1
880.938	7956.02
881.119	6696.52
881.3	6850.11
881.481	7319.1
881.662	8214.06
881.843	6598.21
882.023	6833.73
882.204	7816.76
882.385	7247.42
882.566	6876.74
882.747	6741.57
882.927	7534.14
883.108	7335.48
883.289	6637.13
883.469	7122.49
883.65	7284.28
883.831	7349.82
884.011	7167.55
884.192	6733.38
884.373	7575.1
884.553	7452.22
884.734	7196.22
884.914	7654.97
885.095	8582.7
885.275	7939.63
885.456	7228.99
885.636	7026.24
885.817	7693.88
885.997	7681.59
886.178	6981.18
886.358	7054.91
886.538	7618.1
886.719	9352.73
886.899	6884.93
887.08	7063.1
887.26	7882.29
887.44	7161.41
887.621	6987.33
887.801	7050.82
887.981	7992.88
888.161	7951.92
888.342	7001.66
888.522	6934.08
888.702	7763.51
888.882	7775.8
889.062	6977.09
889.242	6669.89
889.423	8089.14
889.603	7933.49
889.783	7525.94
889.963	7102.01
890.143	7886.39
890.323	7960.11
890.503	6972.99
890.683	7173.69
890.863	7509.56
891.043	7556.66
891.223	7118.4
891.403	7249.47
891.583	7767.6
891.763	8015.41
891.943	7292.48
892.122	7593.53
892.302	7849.52
892.482	7796.28
892.662	7585.33
892.842	7050.82
893.022	7640.63
893.201	7693.88
893.381	7231.04
893.561	7003.71
893.741	7630.39
893.92	7517.75
894.1	7171.65
894.28	7120.45
894.459	8074.8
894.639	7642.68
894.819	6864.45
894.998	7071.29
895.178	7597.62
895.357	7530.04
895.537	6907.46
895.716	6878.79
895.896	7390.78
896.075	7630.39
896.255	7009.86
896.434	6813.25
896.614	8037.94
896.793	7437.88
896.973	7054.91
897.152	6991.42
897.331	7403.07
897.511	7575.1
897.69	6618.69
897.87	6997.57
898.049	7382.59
898.228	7065.15
898.407	7228.99
898.587	7054.91
898.766	7093.82
898.945	7296.57
899.124	7310.91
899.304	6860.35
899.483	7521.85
899.662	7812.66
899.841	6770.24
900.02	6583.88
900.199	7466.55
900.378	7265.85
900.557	6635.08
900.737	6565.45
900.916	7042.62
901.095	7292.48
901.274	7093.82
901.453	6278.73
901.632	6864.45
901.811	6645.32
901.989	6434.38
902.168	6436.42
902.347	7349.82
902.526	6678.08
902.705	6481.48
902.884	6798.91
903.063	7577.14
903.242	7439.93
903.42	6295.11
903.599	6692.42
903.778	7138.88
903.957	7466.55
904.135	6710.85
904.314	6385.23
904.493	6909.51
904.672	6682.18
904.85	6346.31
905.029	6116.94
905.207	6782.53
905.386	7120.45
905.565	5920.34
905.743	6014.54
905.922	6491.72
906.1	6524.49
906.279	5897.81
906.457	5957.2
906.636	6456.9
906.814	6270.54
906.993	5944.91
907.171	5797.46
907.35	6575.69
907.528	6850.11
907.707	6274.63
907.885	5641.81
908.063	6395.47
908.242	6131.28
908.42	5817.94
908.598	5516.89
908.777	6280.78
908.955	6028.88
909.133	5772.88
909.311	5410.39
909.49	6000.21
909.668	6010.45
909.846	5574.23
910.024	5426.78
910.202	6137.42
910.38	6448.71
910.559	5686.87
910.737	5568.09
910.915	6305.35
911.093	6334.03
911.271	5693.01
911.449	5860.95
911.627	6231.63
911.805	7028.29
911.983	5881.42
912.161	5647.96
912.339	6231.63
912.517	6686.28
912.695	6098.51
912.872	5951.06
913.05	6415.94
913.228	6377.03
913.406	5891.66
913.584	5793.36
913.762	6782.53
913.939	6424.14
914.117	5867.09
914.295	5760.59
914.473	6368.84
914.65	6665.8
914.828	5887.57
915.006	5676.63
915.184	6227.53
915.361	6329.93
915.539	5955.15
915.716	6164.04
915.894	6399.56
916.072	6469.19
916.249	6276.68
916.427	5912.14
916.604	6272.59
916.782	6438.47
916.959	5748.31
917.137	5953.1
917.314	6219.34
917.492	6118.99
917.669	5781.07
917.847	5856.85
918.024	6092.37
918.201	5953.1
918.379	5875.28
918.556	5693.01
918.733	6096.46
918.911	5975.63
919.088	6039.12
919.265	5627.48
919.442	6225.48
919.62	6094.41
919.797	5658.2
919.974	5193.31
920.151	6319.69
920.328	5867.09
920.506	5506.65
920.683	5944.91
920.86	5871.19
921.037	5834.32
921.214	5570.13
921.391	5336.67
921.568	5985.87
921.745	5908.05
921.922	5580.37
922.099	5559.89
922.276	5977.68
922.453	5774.93
922.63	5344.86
922.807	5940.82
922.984	6051.41
923.161	5660.24
923.338	5617.24
923.514	5387.86
923.691	5934.67
923.868	5926.48
924.045	5203.55
924.222	5367.38
924.399	5908.05
924.575	5971.54
924.752	5434.97
924.929	5377.62
925.105	5709.4
925.282	5690.96
925.459	5453.4
925.635	5205.6
925.812	5799.51
925.989	5570.13
926.165	5353.05
926.342	4888.16
926.518	5570.13
926.695	5379.67
926.871	4943.46
927.048	5058.14
927.224	5850.71
927.401	5248.6
927.577	5205.6
927.754	4750.95
927.93	5742.16
928.107	5502.55
928.283	4728.42
928.459	5072.48
928.636	5602.9
928.812	5373.53
928.988	5060.19
929.165	4763.23
929.341	5351
929.517	5543.51
929.693	5592.66
929.87	4621.92
930.046	5523.03
930.222	5240.41
930.398	4798.05
930.574	4994.65
930.751	5291.61
930.927	5299.8
931.103	4759.14
931.279	4871.78
931.455	5041.76
931.631	5152.35
931.807	4265.58
931.983	4241
932.159	4707.94
932.335	4974.17
932.511	4425.32
932.687	4574.82
932.863	4789.86
933.039	4818.53
933.215	4222.57
933.391	4159.08
933.566	4771.43
933.742	4912.74
933.918	4310.63
934.094	4028.01
934.27	4697.7
934.445	4533.86
934.621	4447.85
934.797	4089.45
934.973	4525.67
935.148	4400.74
935.324	3855.98
935.5	3769.97
935.675	4351.59
935.851	4347.5
936.027	4181.61
936.202	3837.55
936.378	4474.47
936.553	4114.03
936.729	4382.31
936.904	3556.98
937.08	3812.98
937.255	3741.3
937.431	3419.77
937.606	3262.07
937.782	3468.92
937.957	3960.43
938.133	3270.26
938.308	2907.77
938.483	3595.89
938.659	3278.46
938.834	3200.63
939.009	2684.55
939.185	3591.8
939.36	3237.5
939.535	2420.36
939.71	3073.66
939.886	3473.01
940.061	3061.37
940.236	3307.13
940.411	2852.48
940.586	3151.48
940.761	3360.38
940.937	2997.88
941.112	2729.6
941.287	2852.48
941.462	2989.69
941.637	2438.79
941.812	2731.65
941.987	3020.41
942.162	2797.18
942.337	2887.29
942.512	2502.28
942.687	3350.14
942.862	2934.4
943.037	2242.18
943.212	2270.86
943.386	2713.22
943.561	2913.92
943.736	2698.88
943.911	3010.17
944.086	3131
944.26	2788.99
944.435	2496.13
944.61	2627.2
944.785	2911.87
944.959	3378.81
945.134	2496.13
945.309	2295.43
945.483	2578.05
945.658	2975.36
945.833	2131.59
946.007	2274.95
946.182	3204.73
946.357	2678.4
946.531	2373.25
946.706	2283.14
946.88	2449.03
947.055	2926.21
947.229	2387.59
947.404	2305.67
947.578	2985.6
947.752	2897.53
947.927	2322.06
948.101	2299.53
948.276	3335.8
948.45	2938.49
948.624	2848.38
948.799	2494.08
948.973	2770.56
949.147	2631.3
949.321	2502.28
949.496	2533
949.67	3204.73
949.844	2864.77
950.018	2453.13
950.193	2461.32
950.367	3587.7
950.541	2811.52
950.715	2641.54
950.889	2760.32
951.063	2860.67
951.237	3026.56
951.411	2391.69
951.585	2299.53
951.759	3042.94
951.933	2975.36
952.107	2588.29
952.281	2829.95
952.455	3323.51
952.629	3042.94
952.803	2653.83
952.977	2582.15
953.151	3075.71
953.325	2899.58
953.499	2967.17
953.672	2379.4
953.846	2967.17
954.02	3124.86
954.194	2709.12
954.368	2535.04
954.541	3231.35
954.715	3202.68
954.889	2954.88
955.062	2588.29
955.236	3071.61
955.41	3106.43
955.583	3049.08
955.757	2559.62
955.93	3231.35
956.104	2969.21
956.278	2829.95
956.451	2770.56
956.625	3282.55
956.798	3446.39
956.972	3229.31
957.145	2494.08
957.319	3460.73
957.492	3157.63
957.665	3059.32
957.839	2680.45
958.012	3069.56
958.185	2889.34
958.359	2739.84
958.532	2965.12
958.705	3253.88
958.879	3038.84
959.052	2913.92
959.225	2616.96
959.398	3155.58
959.572	3296.89
959.745	2616.96
959.918	2846.34
960.091	3251.83
960.264	3415.67
960.438	2674.31
960.611	2659.97
960.784	3475.06
960.957	3075.71
961.13	3303.03
961.303	2649.73
961.476	3210.87
961.649	3518.07
961.822	2557.57
961.995	2930.3
962.168	3024.51
962.341	3423.86
962.514	2725.51
962.686	2713.22
962.859	3112.57
963.032	3241.59
963.205	2754.18
963.378	2502.28
963.551	3044.99
963.723	2969.21
963.896	2866.81
964.069	2932.35
964.242	3053.18
964.414	3518.07
964.587	2799.23
964.76	2936.45
964.932	3165.82
965.105	3212.92
965.278	2750.08
965.45	2737.79
965.623	3260.02
965.795	3346.04
965.968	2889.34
966.14	2717.31
966.313	3163.77
966.485	3071.61
966.658	2573.96
966.83	2752.13
967.003	3307.13
967.175	3188.35
967.348	2745.98
967.52	2725.51
967.692	3675.76
967.865	3446.39
968.037	2809.47
968.209	3032.7
968.382	3280.5
968.554	3298.94
968.726	2731.65
968.898	2553.48
969.071	3413.62
969.243	3233.4
969.415	2827.9
969.587	2981.5
969.759	3462.77
969.932	2999.93
970.104	2811.52
970.276	2199.18
970.448	2950.78
970.62	3018.36
970.792	2846.34
970.964	2659.97
971.136	3438.2
971.308	2983.55
971.48	2422.41
971.652	2647.68
971.824	3309.18
971.996	2909.82
972.168	2561.67
972.339	2711.17
972.511	3042.94
972.683	3065.47
972.855	2823.81
973.027	2530.95
973.199	3214.97
973.37	3161.72
973.542	2643.59
973.714	2745.98
973.886	2807.42
974.057	3106.43
974.229	2381.45
974.401	2336.39
974.572	2825.86
974.744	2606.72
974.915	2395.78
975.087	2287.24
975.259	3307.13
975.43	2741.89
975.602	2365.06
975.773	2389.64
975.945	2727.55
976.116	3038.84
976.288	2322.06
976.459	2739.84
976.63	2725.51
976.802	2977.41
976.973	2250.38
977.145	2793.09
977.316	3413.62
977.487	3145.34
977.659	2623.11
977.83	2528.9
978.001	3174.01
978.172	2881.15
978.344	2277
978.515	2498.18
978.686	2715.27
978.857	3262.07
979.028	2385.54
979.2	2328.2
979.371	3081.85
979.542	2713.22
979.713	2422.41
979.884	2021
980.055	2842.24
980.226	2719.36
980.397	2254.47
980.568	2127.5
980.739	2936.45
980.91	2662.02
981.081	2647.68
981.252	2381.45
981.423	2705.03
981.594	2731.65
981.765	2215.56
981.936	2428.55
982.106	2678.4
982.277	2911.87
982.448	2156.17
982.619	2508.42
982.79	2338.44
982.96	2709.12
983.131	2397.83
983.302	1767.06
983.472	2533
983.643	2713.22
983.814	2311.82
983.984	2205.32
984.155	2553.48
984.326	2745.98
984.496	2422.41
984.667	2184.84
984.837	2131.59
985.008	2932.35
985.178	2500.23
985.349	2164.36
985.519	2549.38
985.69	2246.28
985.86	2014.86
986.031	2033.29
986.201	2549.38
986.371	2508.42
986.542	1912.46
986.712	1687.18
986.882	2508.42
987.053	2471.56
987.223	1896.08
987.393	2354.82
987.563	2307.72
987.734	2535.04
987.904	2522.76
988.074	1844.88
988.244	2229.9
988.414	2379.4
988.585	1941.13
988.755	2049.68
988.925	2186.89
989.095	2700.93
989.265	1873.55
989.435	2041.48
989.605	2463.37
989.775	2694.79
989.945	2348.68
990.115	1705.62
990.285	2205.32
990.455	2330.25
990.625	2064.01
990.795	1805.97
990.965	2664.07
991.134	2160.27
991.304	1795.73
991.474	1715.86
991.644	2330.25
991.814	2600.58
991.984	1703.57
992.153	1787.54
992.323	1980.04
992.493	2340.49
992.662	1650.32
992.832	1838.73
993.002	2000.52
993.171	2360.97
993.341	1404.57
993.511	1713.81
993.68	1953.42
993.85	2279.05
994.019	1607.31
994.189	1384.09
994.358	1971.85
994.528	1996.43
994.697	1293.97
994.867	1627.79
995.036	2324.1
995.206	1883.79
995.375	1521.3
995.544	1918.61
995.714	2459.27
995.883	2059.92
996.052	1799.82
996.222	1246.87
996.391	2399.88
996.56	2070.16
996.73	1400.47
996.899	1369.75
997.068	2440.84
997.237	1984.14
997.406	1496.72
997.576	1232.54
997.745	2416.26
997.914	1889.93
998.083	1224.34
998.252	1437.33
998.421	1992.33
998.59	1760.91
998.759	1250.97
998.928	1199.77
999.097	2242.18
999.266	2012.81
999.435	1656.47
999.604	1148.57
999.773	2131.59
999.942	1631.89
1000.111	1191.58
1000.28	1087.13
1000.448	1683.09
1000.617	1674.9
1000.786	1592.98
1000.955	1158.81
1001.124	2121.35
1001.292	2401.93
1001.461	1375.89
1001.63	1220.25
1001.798	1928.85
1001.967	2002.57
1002.136	1132.19
1002.304	1238.68
1002.473	2090.63
1002.642	1779.34
1002.81	1339.03
1002.979	1234.58
1003.147	2092.68
1003.316	2029.2
1003.484	1093.27
1003.653	1238.68
1003.821	1797.78
1003.99	1601.17
1004.158	1517.2
1004.327	1361.56
1004.495	1810.06
1004.663	1625.75
1004.832	1388.18
1005	911
1005.168	1754.77
1005.337	1564.31
1005.505	931.48
1005.673	1322.65
1005.842	1943.18
1006.01	1513.11
1006.178	964.25
1006.346	1152.67
1006.514	1502.87
1006.683	2070.16
1006.851	1113.75
1007.019	1343.13
1007.187	1490.58
1007.355	1107.61
1007.523	779.93
1007.691	919.2
1007.859	1349.27
1008.027	1992.33
1008.195	1066.65
1008.363	786.08
1008.531	1455.76
1008.699	1513.11
1008.867	732.83
1009.035	999.07
1009.203	1980.04
1009.37	1468.05
1009.538	954.01
1009.706	1865.36
1009.874	1453.72
1010.042	1478.29
1010.209	790.17
1010.377	804.51
1010.545	1590.93
1010.713	1529.49
1010.88	896.67
1011.048	839.33
1011.216	1328.79
1011.383	1773.2
1011.551	976.54
1011.718	757.41
1011.886	1445.52
1012.054	1566.35
1012.221	810.65
1012.389	839.33
1012.556	1447.57
1012.724	1779.34
1012.891	1089.18
1013.058	544.42
1013.226	1433.24
1013.393	1433.24
1013.561	614.05
1013.728	669.34
1013.895	1646.23
1014.063	1459.86
1014.23	566.95
1014.397	775.84
1014.565	1576.59
1014.732	1275.54
1014.899	589.47
1015.066	669.34
1015.233	1466
1015.401	1480.34
1015.568	753.31
1015.735	1025.69
1015.902	1496.72
1016.069	1498.77
1016.236	640.67
1016.403	431.78
1016.57	1078.94
1016.737	1779.34
1016.904	757.41
1017.071	528.03
1017.238	1083.03
1017.405	1279.64
1017.572	738.98
1017.739	1025.69
1017.906	1719.95
1018.073	1484.44
1018.24	437.92
1018.407	806.56
1018.573	1384.09
1018.74	1220.25
1018.907	628.39
1019.074	304.81
1019.241	1240.73
1019.407	1042.07
1019.574	515.75
1019.741	462.5
1019.907	1511.06
1020.074	1640.08
1020.241	233.13
1020.407	388.77
1020.574	1023.64
1020.74	1078.94
1020.907	497.32
1021.073	401.06
1021.24	1791.63
1021.406	1228.44
1021.573	331.43
1021.739	624.29
1021.906	1427.09
1022.072	1109.66
1022.239	591.52
1022.405	628.39
1022.571	1187.48
1022.738	1130.14
1022.904	571.04
1023.07	706.21
1023.237	1103.51
1023.403	1396.37
1023.569	511.65
1023.735	603.81
1023.902	1158.81
1024.068	1181.34
1024.234	263.85
1024.4	429.73
1024.566	958.11
1024.732	1062.55
1024.898	472.74
1025.065	308.9
1025.231	1005.21
1025.397	943.77
1025.563	493.22
1025.729	362.15
1025.895	603.81
1026.061	820.89
1026.227	196.26
1026.392	423.59
1026.558	1175.19
1026.724	1361.56
1026.89	405.16
1027.056	587.43
1027.222	970.4
1027.388	988.83
1027.553	405.16
1027.719	376.48
1027.885	1470.1
1028.051	1080.99
1028.216	126.63
1028.382	366.25
1028.548	1064.6
1028.713	915.1
1028.879	202.41
1029.045	669.34
1029.21	1250.97
1029.376	1214.1
1029.541	472.74
1029.707	411.3
1029.873	1044.12
1030.038	1132.19
1030.204	272.04
1030.369	360.1
1030.534	1031.83
1030.7	765.6
1030.865	464.55
1031.031	284.33
1031.196	949.92
1031.361	896.67
1031.527	310.95
1031.692	247.46
1031.857	685.73
1032.023	1044.12
1032.188	206.5
1032.353	231.08
1032.518	1095.32
1032.684	902.81
1032.849	91.82
1033.014	417.44
1033.179	915.1
1033.344	990.88
1033.509	380.58
1033.674	323.24
1033.839	937.63
1034.004	997.02
1034.17	296.61
1034.335	42.67
1034.5	743.07
1034.664	732.83
1034.829	161.45
1034.994	409.25
1035.159	579.23
1035.324	1029.79
1035.489	257.7
1035.654	200.36
1035.819	1476.24
1035.984	827.04
1036.148	401.06
1036.313	280.23
1036.478	986.78
1036.643	673.44
1036.807	292.52
1036.972	118.44
1037.137	1357.46
1037.301	767.65
1037.466	-115.03
1037.631	341.67
1037.795	974.49
1037.96	683.68
1038.124	503.46
1038.289	-69.97
1038.454	671.39
1038.618	986.78
1038.783	308.9
1038.947	384.68
1039.111	638.62
1039.276	677.54
1039.44	177.83
1039.605	1001.12
1039.769	738.98
1039.933	550.56
1040.098	231.08
1040.262	534.18
1040.426	878.24
1040.591	810.65
1040.755	102.06
1040.919	151.21
1041.083	1042.07
1041.248	691.87
1041.412	-129.36
1041.576	54.95
1041.74	714.4
1041.904	738.98
1042.068	169.64
1042.232	265.89
1042.397	1126.04
1042.561	749.22
1042.725	-110.93
1042.889	177.83
1043.053	736.93
1043.217	474.79
1043.381	124.58
1043.544	-49.49
1043.708	827.04
1043.872	485.03
1044.036	-100.69
1044.2	-96.6
1044.364	949.92
1044.528	931.48
1044.691	8111.66
1044.855	-22.87
1045.019	704.16
1045.183	749.22
1045.346	157.35
1045.51	-145.75
1045.674	941.72
1045.837	677.54
1046.001	-59.73
1046.165	69.29
1046.328	1140.38
1046.492	583.33
1046.655	376.48
1046.819	224.94
1046.983	638.62
1047.146	460.45
1047.31	300.71
1047.473	-276.82
1047.636	601.76
1047.8	394.92
1047.963	143.02
1048.127	-39.25
1048.29	454.31
