345.52	-1324.01
345.736	-1324.01
345.952	-1324.01
346.168	-1299.44
346.384	-1326.06
346.6	-236.54
346.816	-269.31
347.032	-193.53
347.248	535.54
347.464	-320.51
347.68	-220.16
347.896	-54.27
348.112	381.95
348.328	-89.09
348.544	-52.22
348.76	222.2
348.975	295.93
349.191	-365.56
349.407	-398.33
349.623	191.49
349.839	154.62
350.055	-240.64
350.27	-62.46
350.486	234.49
350.702	314.36
350.918	410.62
351.133	-148.48
351.349	158.72
351.565	582.65
351.781	-318.46
351.996	111.61
352.212	134.14
352.428	103.42
352.644	-289.79
352.859	-211.96
353.075	338.94
353.291	156.67
353.506	-216.06
353.722	-355.32
353.938	11.26
354.153	517.11
354.369	308.22
354.584	-259.07
354.8	244.73
355.016	-82.94
355.231	-359.42
355.447	-117.76
355.662	330.75
355.878	750.58
356.093	-467.96
356.309	9.22
356.524	-21.5
356.74	568.31
356.955	-410.62
357.171	-29.7
357.386	273.4
357.602	-56.32
357.817	-56.32
358.033	-185.34
358.248	386.04
358.464	367.61
358.679	-207.87
358.895	-461.82
359.11	119.81
359.325	209.92
359.541	545.78
359.756	-3.07
359.972	-148.48
360.187	521.21
360.402	-218.11
360.618	-136.19
360.833	1682.41
361.048	158.72
361.264	-164.86
361.479	-11.26
361.694	250.88
361.909	312.32
362.125	-312.32
362.34	-115.71
362.555	388.09
362.77	304.12
362.986	-402.43
363.201	-269.31
363.416	295.93
363.631	58.37
363.847	-228.35
364.062	-207.87
364.277	171.01
364.492	37.89
364.707	-185.34
364.922	-445.43
365.138	312.32
365.353	377.85
365.568	-388.09
365.783	-263.16
365.998	433.15
366.213	738.29
366.428	-300.03
366.643	162.81
366.858	326.65
367.073	345.08
367.288	-187.39
367.503	-363.51
367.718	99.33
367.933	560.12
368.148	-293.88
368.363	-25.6
368.578	263.16
368.793	621.56
369.008	-103.42
369.223	-330.75
369.438	287.74
369.653	375.8
369.868	-289.79
370.083	-267.26
370.298	250.88
370.513	680.95
370.728	140.29
370.943	-209.92
371.157	33.79
371.372	805.88
371.587	-340.99
371.802	-373.75
372.017	209.92
372.232	506.87
372.446	140.29
372.661	-175.1
372.876	224.25
373.091	369.66
373.306	-72.7
373.52	-365.56
373.735	181.25
373.95	685.05
374.165	-162.81
374.379	-105.47
374.594	-23.55
374.809	515.06
375.023	168.96
375.238	-257.02
375.453	402.43
375.667	44.03
375.882	-238.59
376.097	-343.03
376.311	132.09
376.526	427
376.741	-302.08
376.955	287.74
377.17	586.74
377.384	1096.69
377.599	199.68
377.813	-396.28
378.028	889.84
378.242	449.53
378.457	-39.94
378.672	-310.27
378.886	91.13
379.101	130.05
379.315	-332.79
379.53	-76.8
379.744	533.5
379.958	363.51
380.173	-109.57
380.387	-207.87
380.602	416.76
380.816	68.61
381.031	-84.99
381.245	-121.85
381.459	242.68
381.674	3234.77
381.888	-314.36
382.103	332.79
382.317	246.78
382.531	605.17
382.746	35.84
382.96	-232.44
383.174	168.96
383.388	795.64
383.603	322.56
383.817	-336.89
384.031	216.06
384.246	623.61
384.46	76.8
384.674	928.75
384.888	91.13
385.103	386.04
385.317	-398.33
385.531	171.01
385.745	994.29
385.959	519.16
386.174	-189.44
386.388	-166.91
386.602	246.78
386.816	199.68
387.03	-46.08
387.244	-123.9
387.458	408.57
387.672	531.45
387.887	-363.51
388.101	-220.16
388.315	472.06
388.529	306.17
388.743	-199.68
388.957	-162.81
389.171	613.37
389.385	82.94
389.599	-154.62
389.813	164.86
390.027	347.13
390.241	951.28
390.455	31.74
390.669	91.13
390.883	257.02
391.097	781.3
391.311	312.32
391.525	-72.7
391.738	560.12
391.952	680.95
392.166	175.1
392.38	-244.73
392.594	635.89
392.808	467.96
393.022	82.94
393.236	-13.31
393.449	441.34
393.663	666.61
393.877	-177.15
394.091	64.51
394.305	324.6
394.518	216.06
394.732	-203.77
394.946	33.79
395.16	949.23
395.373	363.51
395.587	-244.73
395.801	-64.51
396.015	560.12
396.228	486.39
396.442	-209.92
396.656	-228.35
396.869	613.37
397.083	953.33
397.297	27.65
397.51	44.03
397.724	443.39
397.938	379.9
398.151	-297.98
398.365	-201.72
398.578	541.69
398.792	773.11
399.005	336.89
399.219	-99.33
399.433	490.49
399.646	742.39
399.86	338.94
400.073	435.19
400.287	609.27
400.5	500.73
400.714	349.18
400.927	226.3
401.141	723.96
401.354	2051.04
401.567	797.68
401.781	-150.53
401.994	613.37
402.208	1016.82
402.421	236.54
402.635	50.18
402.848	216.06
403.061	721.91
403.275	238.59
403.488	35.84
403.701	816.12
403.915	795.64
404.128	332.79
404.341	125.95
404.555	1000.43
404.768	289.79
404.981	406.52
405.195	128
405.408	818.16
405.621	689.14
405.834	492.54
406.048	-68.61
406.261	713.72
406.474	683
406.687	-39.94
406.9	322.56
407.114	605.17
407.327	820.21
407.54	-48.13
407.753	-158.72
407.966	388.09
408.179	504.82
408.392	78.85
408.605	-17.41
408.819	760.82
409.032	730.1
409.245	236.54
409.458	459.77
409.671	594.93
409.884	789.49
410.097	-9.22
410.31	320.51
410.523	898.03
410.736	541.69
410.949	265.21
411.162	162.81
411.375	828.4
411.588	709.62
411.801	392.19
412.014	136.19
412.227	533.5
412.44	672.76
412.653	211.96
412.865	570.36
413.078	988.14
413.291	834.55
413.504	478.2
413.717	93.18
413.93	889.84
414.143	336.89
414.356	459.77
414.568	56.32
414.781	922.61
414.994	824.31
415.207	484.34
415.42	461.82
415.632	760.82
415.845	1254.38
416.058	97.28
416.271	150.53
416.483	838.64
416.696	1045.49
416.909	250.88
417.121	273.4
417.334	658.42
417.547	1029.1
417.759	228.35
417.972	240.64
418.185	599.03
418.397	783.35
418.61	353.27
418.823	355.32
419.035	1061.87
419.248	752.63
419.46	451.58
419.673	521.21
419.885	631.8
420.098	852.98
420.311	300.03
420.523	82.94
420.736	965.62
420.948	805.88
421.161	363.51
421.373	275.45
421.586	668.66
421.798	472.06
422.01	209.92
422.223	685.05
422.435	570.36
422.648	1045.49
422.86	330.75
423.073	496.63
423.285	797.68
423.497	564.22
423.71	320.51
423.922	435.19
424.134	1201.13
424.347	1389.55
424.559	867.31
424.771	916.47
424.984	906.23
425.196	1039.34
425.408	236.54
425.621	267.26
425.833	1182.7
426.045	1311.72
426.257	310.27
426.47	633.85
426.682	775.16
426.894	809.97
427.106	369.66
427.318	562.17
427.531	955.38
427.743	1031.15
427.955	721.91
428.167	1315.82
428.379	844.79
428.591	926.71
428.804	736.24
429.016	463.86
429.228	1061.87
429.44	1176.56
429.652	14115.62
429.864	422.91
430.076	986.1
430.288	986.1
430.5	820.21
430.712	857.07
430.924	1254.38
431.136	1285.1
431.348	414.71
431.56	635.89
431.772	938.99
431.984	947.19
432.196	486.39
432.408	758.77
432.62	1022.96
432.832	1287.15
433.044	1088.5
433.256	893.94
433.468	1250.28
433.679	877.55
433.891	486.39
434.103	1156.08
434.315	1580.01
434.527	1278.96
434.739	875.51
434.95	699.38
435.162	1307.63
435.374	920.56
435.586	910.32
435.798	805.88
436.009	1053.68
436.221	1100.78
436.433	885.75
436.645	801.78
436.856	1164.27
437.068	1659.88
437.28	889.84
437.491	1254.38
437.703	1422.31
437.915	1244.14
438.126	848.88
438.338	1311.72
438.55	1285.1
438.761	1352.68
438.973	984.05
439.184	951.28
439.396	1231.85
439.608	1315.82
439.819	756.72
440.031	1086.45
440.242	1575.91
440.454	1471.47
440.665	891.89
440.877	1197.04
441.088	1623.02
441.3	1491.95
441.511	683
441.723	1014.77
441.934	1747.94
442.146	1645.54
442.357	1143.79
442.569	1485.8
442.78	1719.27
442.991	2161.63
443.203	1555.43
443.414	1035.25
443.626	1965.03
443.837	1448.94
444.048	943.09
444.26	814.07
444.471	1819.62
444.682	1561.58
444.894	875.51
445.105	865.27
445.316	1913.83
445.528	1684.45
445.739	1276.91
445.95	1395.69
446.161	1537
446.373	1655.78
446.584	1176.56
446.795	1119.21
447.006	1915.87
447.217	1895.4
447.429	1035.25
447.64	926.71
447.851	2548.7
448.062	1889.25
448.273	1022.96
448.484	1137.65
448.695	1833.96
448.907	1833.96
449.118	1496.04
449.329	1647.59
449.54	1604.58
449.751	1610.73
449.962	1211.37
450.173	1192.94
450.384	1836
450.595	2182.11
450.806	1272.81
451.017	1397.74
451.228	2018.27
451.439	1930.21
451.65	1371.12
451.861	1002.48
452.072	1762.28
452.283	1944.55
452.494	1676.26
452.705	1397.74
452.915	2427.87
453.126	1952.74
453.337	1661.93
453.548	1438.7
453.759	2409.44
453.97	2348
454.181	2030.56
454.391	1530.86
454.602	1969.12
454.813	2452.44
455.024	1608.68
455.235	1516.52
455.445	2229.21
455.656	1960.93
455.867	1891.3
456.078	1627.11
456.288	1833.96
456.499	2116.58
456.71	1651.69
456.921	2042.85
457.131	2200.54
457.342	2069.47
457.553	1799.14
457.763	1768.42
457.974	2141.15
458.184	2292.7
458.395	1688.55
458.606	1500.14
458.816	2462.68
459.027	2708.44
459.237	2087.9
459.448	1735.65
459.659	2495.45
459.869	3312.59
460.08	1600.49
460.29	2016.23
460.501	2802.65
460.711	2450.39
460.922	1604.58
461.132	1922.02
461.343	3326.93
461.553	2255.84
461.764	1907.68
461.974	2128.86
462.184	2773.97
462.395	2794.45
462.605	2161.63
462.816	1893.35
463.026	2761.69
463.236	2638.81
463.447	2012.13
463.657	2008.03
463.867	2880.47
464.078	2685.91
464.288	2106.34
464.498	2319.32
464.709	2780.12
464.919	2862.04
465.129	2331.61
465.339	2102.24
465.55	2857.94
465.76	3085.26
465.97	2487.26
466.18	2536.41
466.391	3232.72
466.601	3072.98
466.811	2624.47
467.021	2354.14
467.231	3165.14
467.441	3410.89
467.651	2616.28
467.862	2339.8
468.072	3185.62
468.282	3290.06
468.492	2644.95
468.702	2935.76
468.912	3357.64
469.122	4131.78
469.332	3263.44
469.542	2833.36
469.752	4107.2
469.962	3490.76
470.172	2882.52
470.382	2962.39
470.592	3933.12
470.802	3781.57
471.012	3306.45
471.222	3124.18
471.432	3627.98
471.642	3994.56
471.852	3414.99
472.062	3240.91
472.272	3890.12
472.482	3836.87
472.691	3347.4
472.901	3318.73
473.111	3773.38
473.321	4594.62
473.531	3527.63
473.741	3773.38
473.95	4467.64
474.16	4203.46
474.37	4103.11
474.58	3757
474.79	5186.48
474.999	4389.82
475.209	3967.94
475.419	4072.39
475.628	4502.46
475.838	4910.01
476.048	4400.06
476.258	3916.74
476.467	4887.48
476.677	4660.15
476.886	4555.71
477.096	4588.47
477.306	4893.62
477.515	5131.19
477.725	4756.41
477.935	4666.3
478.144	5557.16
478.354	5079.99
478.563	4611
478.773	4514.75
478.982	5536.68
479.192	5536.68
479.401	4875.19
479.611	4819.89
479.82	5137.33
480.03	5579.69
480.239	4971.44
480.449	4846.52
480.658	5794.73
480.868	5764.01
481.077	5499.82
481.287	5211.06
481.496	5839.78
481.705	6329.25
481.915	6020
482.124	5839.78
482.333	6251.42
482.543	6581.15
482.752	5854.12
482.961	5596.07
483.171	6470.56
483.38	6351.78
483.589	6024.1
483.799	5835.69
484.008	6474.65
484.217	6486.94
484.426	6134.69
484.636	5837.73
484.845	6917.01
485.054	6394.78
485.263	6923.16
485.472	6005.67
485.682	7146.39
485.891	6753.18
486.1	6165.41
486.309	6429.6
486.518	7332.75
486.727	8199.04
486.936	6638.49
487.146	6927.25
487.355	7603.08
487.564	7189.39
487.773	6878.1
487.982	6933.4
488.191	7246.74
488.4	7897.99
488.609	7013.27
488.818	7119.76
489.027	8100.74
489.236	8135.56
489.445	7302.03
489.654	7146.39
489.863	8274.82
490.072	8047.49
490.281	8311.68
490.49	7709.58
490.698	8491.9
490.907	8881.02
491.116	7570.32
491.325	7562.12
491.534	8383.36
491.743	8131.46
491.952	8035.21
492.16	8039.3
492.369	8700.8
492.578	8768.38
492.787	8100.74
492.996	7967.62
493.204	8448.9
493.413	8940.41
493.622	8053.64
493.831	7918.47
494.039	9323.38
494.248	8827.77
494.457	8436.61
494.665	8311.68
494.874	9286.51
495.083	9857.9
495.291	8465.28
495.5	8428.42
495.709	9433.97
495.917	9159.54
496.126	8868.73
496.335	8700.8
496.543	9536.37
496.752	9538.41
496.96	9372.53
497.169	8635.26
497.377	9436.02
497.586	9896.81
497.794	9360.24
498.003	8711.04
498.211	9894.76
498.42	9995.11
498.628	9311.09
498.837	9122.68
499.045	10058.6
499.254	9833.32
499.462	9456.5
499.671	9126.77
499.879	10750.81
500.087	10093.41
500.296	9311.09
500.504	9671.53
500.713	10191.72
500.921	10724.19
501.129	9679.72
501.338	9618.29
501.546	10449.76
501.754	10408.8
501.962	10027.88
502.171	9857.9
502.379	10496.86
502.587	10855.26
502.795	10169.19
503.004	10056.55
503.212	10857.31
503.42	10916.7
503.628	10285.92
503.837	10351.46
504.045	10787.68
504.253	11578.19
504.461	10077.03
504.669	10251.11
504.877	11397.97
505.085	11273.04
505.294	10175.33
505.502	10914.65
505.71	11610.96
505.918	11074.39
506.126	10400.61
506.334	10488.67
506.542	11483.98
506.75	11182.93
506.958	10849.11
507.166	10804.06
507.374	11346.77
507.582	11596.62
507.79	11107.16
507.998	10845.02
508.206	11862.86
508.414	11633.49
508.622	10822.49
508.83	11072.34
509.037	11801.42
509.245	11248.47
509.453	11074.39
509.661	11008.86
509.869	11813.71
510.077	11721.55
510.285	11457.36
510.492	10820.44
510.7	12596.03
510.908	11739.98
511.116	11373.39
511.324	11299.67
511.531	11793.23
511.739	12059.46
511.947	11617.1
512.155	11789.13
512.362	12059.46
512.57	11629.39
512.778	11506.51
512.985	11455.31
513.193	12221.25
513.401	12542.78
513.608	11879.24
513.816	11907.91
514.024	12454.72
514.231	12575.55
514.439	11950.92
514.646	12004.17
514.854	12884.8
515.061	12700.48
515.269	12178.25
515.477	12114.76
515.684	12649.28
515.892	12694.33
516.099	12004.17
516.307	12071.75
516.514	13169.46
516.722	13130.55
516.929	12239.69
517.136	11969.35
517.344	12770.11
517.551	12925.75
517.759	12256.07
517.966	12309.32
518.173	13148.98
518.381	12987.19
518.588	12378.95
518.796	12479.3
519.003	13345.59
519.21	13394.74
519.418	12839.74
519.625	13292.34
519.832	13394.74
520.039	13450.03
520.247	12454.72
520.454	12725.05
520.661	13445.94
520.868	13480.75
521.076	12847.93
521.283	12964.67
521.49	14045.99
521.697	13640.5
521.904	13105.98
522.112	12985.15
522.319	13830.96
522.526	13925.16
522.733	13073.21
522.94	13138.74
523.147	13671.22
523.354	13785.9
523.561	13228.85
523.768	13607.73
523.975	14275.37
524.183	13980.46
524.39	13710.13
524.597	13323.06
524.804	13914.92
525.011	14127.91
525.218	13689.65
525.425	13615.92
525.632	14471.97
525.838	14095.14
526.045	13435.7
526.252	13986.6
526.459	16018.19
526.666	16372.49
526.873	13959.98
527.08	13888.3
527.287	14983.96
527.494	14697.25
527.701	13992.75
527.907	13927.21
528.114	15014.68
528.321	14570.27
528.528	14005.03
528.735	14107.43
528.941	15031.07
529.148	14492.45
529.355	14451.49
529.562	14547.75
529.768	15856.4
529.975	14736.16
530.182	14416.68
530.388	14375.72
530.595	15495.96
530.802	14725.92
531.008	15129.37
531.215	14789.41
531.422	16118.54
531.628	16112.39
531.835	14832.41
532.042	14930.72
532.248	15612.69
532.455	15522.58
532.661	14850.85
532.868	15067.93
533.074	15956.75
533.281	15942.41
533.487	14998.3
533.694	14951.2
533.9	15684.37
534.107	15614.74
534.313	15194.9
534.52	15018.78
534.726	15934.22
534.933	16464.64
535.139	15285.01
535.345	15112.99
535.552	16204.55
535.758	16298.76
535.965	15708.94
536.171	15465.24
536.377	16184.07
536.584	16841.47
536.79	15588.11
536.996	15897.36
537.203	16343.81
537.409	16814.85
537.615	15612.69
537.821	16147.21
538.028	17009.4
538.234	16253.7
538.44	15952.65
538.646	16038.67
538.853	16741.12
539.059	16169.74
539.265	16464.64
539.471	15725.33
539.677	17081.08
539.883	16890.62
540.09	17939.18
540.296	16900.86
540.502	16945.92
540.708	16702.21
540.914	16990.97
541.12	16311.05
541.326	17482.49
541.532	17246.97
541.738	16608
541.944	16626.43
542.15	17312.5
542.356	17439.48
542.562	16712.45
542.768	17005.31
542.974	17570.55
543.18	17521.4
543.386	17052.41
543.592	16689.92
543.798	18172.65
544.004	17890.03
544.21	16794.37
544.415	16986.88
544.621	18041.58
544.827	18109.16
545.033	17169.15
545.239	17253.11
545.445	17748.72
545.651	18047.72
545.856	17255.16
546.062	17304.31
546.268	17998.57
546.474	18227.95
546.679	17064.7
546.885	17550.07
547.091	17771.25
547.297	18320.1
547.502	17462.01
547.708	17410.81
547.914	17650.42
548.119	18381.54
548.325	17326.84
548.531	17232.63
548.736	18889.44
548.942	17949.42
549.147	17191.67
549.353	17941.23
549.559	18629.35
549.764	18266.86
549.97	17457.91
550.175	17838.83
550.381	18574.05
550.586	18268.91
550.792	17881.84
550.997	18119.4
551.203	18692.83
551.408	18819.81
551.614	17920.75
551.819	18189.03
552.025	19335.9
552.23	19086.04
552.435	18178.79
552.641	18635.49
552.846	18490.09
553.052	19555.03
553.257	18498.28
553.462	18506.47
553.668	18643.68
553.873	19231.45
554.078	18559.72
554.283	18348.78
554.489	19448.54
554.694	19274.46
554.899	18397.93
555.105	18862.82
555.31	19174.11
555.515	19561.17
555.72	18715.36
555.925	19731.15
556.131	19901.14
556.336	19309.27
556.541	19000.03
556.746	18756.32
556.951	19552.98
557.156	19579.61
557.361	19038.94
557.567	19684.05
557.772	19878.61
557.977	19864.27
558.182	18844.38
558.387	19243.74
558.592	19419.86
558.797	20316.87
559.002	19327.71
559.207	19548.89
559.412	19946.19
559.617	20546.25
559.822	19235.55
560.027	19225.31
560.232	19782.35
560.437	20327.11
560.642	19202.78
560.847	19358.42
561.051	20089.55
561.256	19882.7
561.461	19403.48
561.666	19329.75
561.871	20036.3
562.076	20738.76
562.281	19925.71
562.485	19534.55
562.69	20728.52
562.895	20241.1
563.1	19716.82
563.305	19716.82
563.509	20402.89
563.714	21035.71
563.919	19784.4
564.123	19841.75
564.328	20665.03
564.533	21111.49
564.737	19991.25
564.942	19591.89
565.147	20619.97
565.351	20775.62
565.556	19915.47
565.761	20148.94
565.965	20705.99
566.17	20779.71
566.374	19808.98
566.579	20116.17
566.784	20611.78
566.988	20470.47
567.193	19763.92
567.397	20390.6
567.602	20746.95
567.806	20843.2
568.011	20402.89
568.215	20445.9
568.42	20931.26
568.624	21142.21
568.828	20462.28
569.033	20787.91
569.237	21449.4
569.442	21463.74
569.646	20380.36
569.85	20761.28
570.055	21244.6
570.259	21076.67
570.463	20904.64
570.668	20675.27
570.872	21342.91
571.076	21480.12
571.281	20996.8
571.485	20923.07
571.689	21947.06
571.893	21676.73
572.098	21091.01
572.302	20777.67
572.506	21697.2
572.71	21613.24
572.914	20943.55
573.119	20890.31
573.323	21990.06
573.527	21785.27
573.731	21154.49
573.935	20972.22
574.139	21721.78
574.343	21600.95
574.547	21426.87
574.751	21461.69
574.955	22004.4
575.159	22368.94
575.364	21367.48
575.568	21213.88
575.772	21983.92
575.976	22074.03
576.18	21478.07
576.383	21480.12
576.587	22289.07
576.791	21926.58
576.995	21056.19
577.199	21336.76
577.403	22209.2
577.607	22420.14
577.811	21627.57
578.015	22446.76
578.219	22454.95
578.422	22276.78
578.626	22076.08
578.83	21838.51
579.034	22934.18
579.238	22770.34
579.442	21721.78
579.645	22723.24
579.849	22411.95
580.053	23093.92
580.257	21867.19
580.46	22190.77
580.664	22854.31
580.868	22799.01
581.071	22069.94
581.275	22287.02
581.479	22291.12
581.682	22758.05
581.886	21858.99
582.09	22340.27
582.293	22893.22
582.497	22954.66
582.7	22536.87
582.904	22303.4
583.107	23134.88
583.311	22938.27
583.515	22442.67
583.718	22444.71
583.922	23181.98
584.125	23888.53
584.329	22004.4
584.532	22872.74
584.735	23296.67
584.939	23181.98
585.142	22454.95
585.346	22117.04
585.549	23016.1
585.753	23339.68
585.956	22758.05
586.159	23222.94
586.363	23773.85
586.566	23589.53
586.769	22799.01
586.973	22553.26
587.176	23458.46
587.379	23544.47
587.582	23409.31
587.786	23179.93
587.989	23546.52
588.192	24728.2
588.395	22999.71
588.599	23790.23
588.802	23956.11
589.005	23870.1
589.208	23116.45
589.411	23112.35
589.615	23745.17
589.818	24203.92
590.021	23720.6
590.224	23663.25
590.427	24375.95
590.63	24242.83
590.833	23311
591.036	23773.85
591.239	24320.65
591.442	24031.89
591.645	24308.37
591.848	23876.24
592.051	24543.88
592.254	24238.73
592.457	23970.45
592.66	24023.7
592.863	24492.68
593.066	24771.21
593.269	23831.19
593.472	24105.62
593.675	24580.74
593.878	24797.83
594.081	24154.77
594.284	23917.2
594.486	24965.76
594.689	24861.32
594.892	24324.75
595.095	24060.56
595.298	25225.86
595.5	24531.59
595.703	24590.98
595.906	24345.23
596.109	25125.5
596.311	24953.48
596.514	24240.78
596.717	24693.38
596.92	25182.85
597.122	25451.13
597.325	24142.48
597.528	24484.49
597.73	25731.7
597.933	25481.85
598.136	24896.13
598.338	24269.45
598.541	25494.14
598.743	25772.66
598.946	24967.81
599.148	24967.81
599.351	25770.61
599.554	25729.66
599.756	24918.66
599.959	25127.55
600.161	25864.82
600.363	26298.99
600.566	25246.33
600.768	25166.46
600.971	25688.7
601.173	25283.2
601.376	25197.18
601.578	24988.29
601.78	25354.88
601.983	26047.09
602.185	25289.34
602.388	25295.49
602.59	25633.4
602.792	25549.43
602.995	25444.99
603.197	25143.94
603.399	26231.41
603.601	26411.63
603.804	25465.47
604.006	25262.72
604.208	25739.9
604.41	25735.8
604.613	25723.51
604.815	25342.59
605.017	26724.97
605.219	25692.79
605.421	26159.73
605.623	25760.37
605.826	26290.8
606.028	26729.06
606.23	25791.09
606.432	25537.15
606.634	26499.69
606.836	26430.06
607.038	25612.92
607.24	25823.86
607.442	26636.91
607.644	26456.68
607.846	25942.64
608.048	25862.77
608.25	26890.85
608.452	26069.62
608.654	25805.43
608.856	25221.76
609.058	26149.49
609.26	26782.31
609.462	25950.84
609.664	26413.68
609.866	26804.84
610.067	26507.88
610.269	25858.68
610.471	25580.15
610.673	26378.86
610.875	26593.9
611.077	25623.16
611.278	26139.25
611.48	26450.54
611.682	26802.79
611.884	26073.71
612.085	26106.48
612.287	26450.54
612.489	26464.88
612.69	25690.74
612.892	25901.68
613.094	27273.82
613.295	26247.79
613.497	25526.91
613.699	26221.17
613.9	27099.75
614.102	26628.71
614.304	26077.81
614.505	25758.33
614.707	26983.01
614.908	27118.18
615.11	26020.47
615.311	26600.04
615.513	26546.79
615.714	26696.3
615.916	26313.33
616.117	26348.14
616.319	26954.34
616.52	26894.95
616.722	26133.11
616.923	26028.66
617.124	27206.24
617.326	26897
617.527	26380.91
617.729	26819.17
617.93	27284.06
618.131	27259.49
618.333	26038.9
618.534	26194.54
618.735	26917.48
618.937	26831.46
619.138	25873.01
619.339	25963.12
619.54	27394.65
619.742	26964.58
619.943	26792.55
620.144	26774.12
620.345	27517.53
620.546	27273.82
620.748	26305.13
620.949	26538.6
621.15	27302.5
621.351	26718.82
621.552	26217.07
621.753	26098.29
621.954	26765.93
622.155	27306.59
622.356	26092.15
622.558	26577.51
622.759	27347.55
622.96	27712.09
623.161	26591.85
623.362	26542.7
623.563	27458.14
623.764	26995.3
623.965	26802.79
624.166	27279.97
624.366	27490.91
624.567	27695.71
624.768	26550.89
624.969	26702.44
625.17	27302.5
625.371	27251.3
625.572	27085.41
625.773	26903.14
625.973	27302.5
626.174	27744.86
626.375	26954.34
626.576	26956.39
626.777	27429.47
626.977	27427.42
627.178	26991.2
627.379	26968.68
627.58	27470.43
627.78	27597.4
627.981	27030.12
628.182	27431.52
628.382	27396.7
628.583	26851.94
628.784	26671.72
628.984	27120.23
629.185	27791.96
629.386	27464.28
629.586	27380.32
629.787	26827.37
629.987	27589.21
630.188	28058.2
630.388	27130.47
630.589	27177.57
630.79	28258.9
630.99	27384.41
631.191	26731.11
631.391	27257.44
631.591	27589.21
631.792	27765.34
631.992	27595.35
632.193	27392.61
632.393	27920.98
632.594	27341.41
632.794	27071.07
632.994	27572.83
633.195	27660.89
633.395	27861.59
633.595	27159.14
633.796	27861.59
633.996	27875.93
634.196	28217.94
634.397	27290.21
634.597	27232.86
634.797	28027.48
634.997	28240.47
635.198	27720.28
635.398	27566.68
635.598	28437.07
635.798	28187.22
635.998	27572.83
636.199	27535.96
636.399	27863.64
636.599	27826.78
636.799	27605.59
636.999	27777.62
637.199	28344.91
637.399	28459.6
637.599	27353.69
637.799	27759.19
637.999	28445.26
638.199	28426.83
638.399	28136.02
638.599	27683.42
638.799	28656.2
638.999	28861
639.199	28246.61
639.399	28467.79
639.599	28525.13
639.799	28469.84
639.999	27716.19
640.199	27687.51
640.399	28318.29
640.599	27990.61
640.799	28265.04
640.998	28156.5
641.198	28228.18
641.398	28555.85
641.598	28404.3
641.798	28367.44
641.997	29823.54
642.197	28203.6
642.397	28146.26
642.597	28054.1
642.796	28416.59
642.996	28299.86
643.196	28334.67
643.395	27695.71
643.595	28615.24
643.795	28451.41
643.994	28213.84
644.194	28201.55
644.394	29227.59
644.593	29110.85
644.793	28609.1
644.992	28697.16
645.192	29293.12
645.392	28412.49
645.591	28705.35
645.791	28600.91
645.99	29184.58
646.19	29112.9
646.389	28435.02
646.589	28250.7
646.788	28983.88
646.987	29129.28
647.187	29221.44
647.386	29196.87
647.586	29291.07
647.785	29489.73
647.984	28633.68
648.184	28940.87
648.383	28949.06
648.582	28402.25
648.782	28281.42
648.981	28615.24
649.18	28248.66
649.38	28987.97
649.579	28680.78
649.778	28588.62
649.977	29479.49
650.177	28959.3
650.376	28258.9
650.575	28340.82
650.774	29143.62
650.973	29096.52
651.173	28138.07
651.372	28803.66
651.571	28963.4
651.77	29215.3
651.969	28820.04
652.168	28752.46
652.367	29102.66
652.566	29481.53
652.765	28723.79
652.964	29395.52
653.163	29557.31
653.362	29461.05
653.561	29125.19
653.76	29233.73
653.959	29682.24
654.158	29993.53
654.357	29188.67
654.556	28916.29
654.755	29682.24
654.954	29448.77
655.153	28777.03
655.352	29153.86
655.551	29715
655.749	29114.95
655.948	29227.59
656.147	29141.57
656.346	29567.55
656.545	29465.15
656.743	28914.25
656.942	29096.52
657.141	29426.24
657.34	29366.85
657.538	29157.96
657.737	29635.13
657.936	29626.94
658.135	29416
658.333	28955.21
658.532	29614.65
658.731	29862.46
658.929	29893.18
659.128	29516.35
659.326	29082.18
659.525	30020.15
659.724	29563.45
659.922	28881.48
660.121	29010.5
660.319	29293.12
660.518	29401.66
660.716	29219.39
660.915	29176.39
661.113	30351.92
661.312	29577.79
661.51	29510.21
661.709	29084.23
661.907	29846.07
662.105	29571.64
662.304	28854.86
662.502	29477.44
662.701	29456.96
662.899	29545.02
663.097	29692.47
663.296	29157.96
663.494	29811.26
663.692	30016.05
663.891	28938.82
664.089	28934.73
664.287	29422.14
664.485	30001.72
664.684	29450.81
664.882	29325.89
665.08	29872.7
665.278	30063.16
665.476	29731.39
665.675	29792.83
665.873	30169.65
666.071	30247.47
666.269	29430.33
666.467	29622.84
666.665	30272.05
666.863	29655.61
667.061	29844.02
667.259	29332.03
667.457	29891.13
667.655	29952.57
667.853	29248.07
668.051	29966.9
668.249	29784.63
668.447	29993.53
668.645	29030.98
668.843	29942.33
669.041	30186.04
669.239	29356.61
669.437	29583.93
669.635	29651.52
669.833	29973.05
670.031	29772.35
670.229	29528.64
670.426	29338.18
670.624	29770.3
670.822	29682.24
671.02	29391.42
671.218	29356.61
671.415	29227.59
671.613	29516.35
671.811	29442.62
672.009	29575.74
672.206	30040.63
672.404	29841.98
672.602	29622.84
672.799	29774.39
672.997	30300.72
673.195	29835.83
673.392	29430.33
673.59	29084.23
673.788	29612.6
673.985	29227.59
674.183	29545.02
674.38	29174.34
674.578	29778.49
674.775	29721.15
674.973	29422.14
675.17	29078.08
675.368	29551.17
675.565	29635.13
675.763	29274.69
675.96	29309.5
676.158	29303.36
676.355	29491.77
676.553	29409.86
676.75	28828.23
676.947	29774.39
677.145	29332.03
677.342	29469.25
677.539	29098.56
677.737	29614.65
677.934	29876.79
678.131	29442.62
678.329	28969.54
678.526	30128.69
678.723	29948.47
678.92	29246.02
679.118	29088.32
679.315	29108.8
679.512	29911.61
679.709	29413.95
679.906	29211.2
680.104	29899.32
680.301	29473.34
680.498	28422.73
680.695	28891.72
680.892	29569.6
681.089	29491.77
681.286	29094.47
681.483	28488.27
681.68	29307.46
681.877	29831.74
682.075	28678.73
682.272	28901.96
682.469	29301.31
682.665	29061.7
682.862	28322.38
683.059	28435.02
683.256	29139.52
683.453	29200.96
683.65	29059.65
683.847	28959.3
684.044	29196.87
684.241	29137.48
684.438	29108.8
684.635	28428.88
684.831	29803.07
685.028	29921.85
685.225	28748.36
685.422	29334.08
685.619	29086.28
685.815	28951.11
686.012	29125.19
686.209	28498.51
686.405	28791.37
686.602	29100.61
686.799	28246.61
686.996	28744.27
687.192	28635.72
687.389	29381.18
687.586	28252.75
687.782	28744.27
687.979	29739.58
688.175	29100.61
688.372	28217.94
688.568	28185.17
688.765	28570.19
688.962	28779.08
689.158	28242.51
689.355	28017.24
689.551	28897.86
689.748	28727.88
689.944	28488.27
690.14	28195.41
690.337	28701.26
690.533	28807.75
690.73	27982.42
690.926	28549.71
691.123	28705.35
691.319	28635.72
691.515	27986.52
691.712	28494.41
691.908	28097.11
692.104	28490.32
692.301	28217.94
692.497	27791.96
692.693	29186.63
692.889	28258.9
693.086	28363.34
693.282	28179.03
693.478	28836.42
693.674	29346.37
693.87	28428.88
694.067	28367.44
694.263	28727.88
694.459	28693.07
694.655	28207.7
694.851	27978.33
695.047	28326.48
695.243	28523.08
695.439	28072.53
695.635	28052.05
695.831	28551.76
696.027	28209.75
696.224	27667.03
696.42	28373.58
696.615	28650.06
696.811	28074.58
697.007	27261.54
697.203	27968.09
697.399	28015.19
697.595	27947.61
697.791	27419.23
697.987	27714.14
698.183	27980.37
698.379	28062.29
698.575	27484.76
698.77	27452
698.966	28060.24
699.162	28326.48
699.358	27601.5
699.554	27781.72
699.749	28131.92
699.945	28031.57
700.141	27589.21
700.337	27564.64
700.532	27613.79
700.728	27595.35
700.924	27271.78
701.119	26892.9
701.315	28050
701.511	27355.74
701.706	27501.15
701.902	27185.76
702.097	28066.39
702.293	28103.25
702.489	27171.43
702.684	27300.45
702.88	28203.6
703.075	27912.79
703.271	27492.96
703.466	27406.94
703.662	27841.11
703.857	28148.31
704.053	27757.14
704.248	27818.58
704.443	28424.78
704.639	28037.72
704.834	27744.86
705.03	27236.96
705.225	27994.71
705.42	28179.03
705.616	27210.34
705.811	27099.75
706.006	27564.64
706.202	27832.92
706.397	27253.34
706.592	26888.81
706.787	27890.26
706.983	27175.52
707.178	27576.92
707.373	27136.61
707.568	27075.17
707.763	27374.17
707.959	26763.88
708.154	27073.12
708.349	27519.58
708.544	27759.19
708.739	27421.28
708.934	26837.61
709.129	27073.12
709.324	27513.44
709.519	27066.98
709.714	26708.58
709.909	27619.93
710.104	27712.09
710.299	26727.02
710.494	27212.38
710.689	27406.94
710.884	27355.74
711.079	27169.38
711.274	26778.22
711.469	27361.89
711.664	27435.61
711.859	26622.57
712.054	26813.03
712.249	27087.46
712.443	27509.34
712.638	26995.3
712.833	27015.78
713.028	27337.31
713.223	27337.31
713.417	27423.33
713.612	27040.36
713.807	27599.45
714.002	28248.66
714.196	27765.34
714.391	26864.23
714.586	27021.92
714.78	27480.67
714.975	26823.27
715.17	26573.42
715.364	26810.98
715.559	27376.22
715.754	25840.25
715.948	26251.89
716.143	27257.44
716.337	26735.21
716.532	27079.27
716.726	26761.83
716.921	27355.74
717.115	27470.43
717.31	26270.32
717.504	27773.53
717.699	27284.06
717.893	27294.3
718.088	26409.58
718.282	26241.65
718.476	26751.59
718.671	27009.64
718.865	26497.64
719.059	26024.56
719.254	26706.54
719.448	27144.8
719.642	28856.9
719.837	25811.57
720.031	28176.98
720.225	26200.69
720.419	26026.61
720.614	25924.21
720.808	26669.67
721.002	26452.59
721.196	25928.31
721.39	25967.22
721.585	26733.16
721.779	26483.31
721.973	25666.17
722.167	25557.63
722.361	26067.57
722.555	26626.67
722.749	25969.27
722.943	25528.95
723.137	26190.45
723.331	26468.97
723.525	25946.74
723.719	25961.08
723.913	26698.34
724.107	27040.36
724.301	25840.25
724.495	26090.1
724.689	26708.58
724.883	26206.83
725.077	26063.47
725.271	25862.77
725.465	26153.58
725.659	26051.19
725.853	26018.42
726.046	25694.84
726.24	26018.42
726.434	26215.02
726.628	25805.43
726.822	25256.57
727.015	26047.09
727.209	26446.44
727.403	25924.21
727.596	25555.58
727.79	26182.26
727.984	26673.77
728.177	26088.05
728.371	25819.77
728.565	26518.12
728.758	26081.91
728.952	26206.83
729.146	25496.19
729.339	26587.75
729.533	25803.38
729.726	25889.4
729.92	25522.81
730.113	26399.34
730.307	26249.84
730.5	25686.65
730.694	25606.78
730.887	26266.22
731.081	25930.36
731.274	25137.79
731.468	25459.32
731.661	25793.14
731.854	25709.18
732.048	25262.72
732.241	25225.86
732.435	25979.51
732.628	25875.06
732.821	25694.84
733.014	25401.98
733.208	25950.84
733.401	26161.78
733.594	25160.32
733.788	25612.92
733.981	26198.64
734.174	26165.87
734.367	25457.28
734.56	25571.96
734.754	26206.83
734.947	25739.9
735.14	25436.8
735.333	25692.79
735.526	26002.04
735.719	25561.72
735.912	25207.42
736.105	25412.22
736.298	26186.35
736.491	25807.48
736.684	25236.09
736.877	25115.26
737.07	26014.32
737.263	26364.53
737.456	25105.02
737.649	25453.18
737.842	25625.21
738.035	25877.11
738.228	25285.25
738.421	25434.75
738.614	25985.65
738.807	25670.26
739	24754.82
739.192	24636.04
739.385	25752.18
739.578	25522.81
739.771	25377.4
739.964	25010.82
740.156	26047.09
740.349	25666.17
740.542	25465.47
740.735	25070.21
740.927	25438.84
741.12	25434.75
741.313	25236.09
741.505	25475.71
741.698	25625.21
741.891	25711.22
742.083	25256.57
742.276	25051.78
742.468	25643.64
742.661	25553.53
742.854	25008.77
743.046	25043.59
743.239	25643.64
743.431	25883.25
743.624	24781.45
743.816	25105.02
744.009	25420.41
744.201	25490.04
744.393	25438.84
744.586	24869.51
744.778	25793.14
744.971	25565.82
745.163	25174.66
745.355	24910.47
745.548	25533.05
745.74	25399.93
745.932	25035.39
746.125	24898.18
746.317	25887.35
746.509	25479.8
746.702	24996.48
746.894	24769.16
747.086	25311.87
747.278	25889.4
747.471	25184.9
747.663	25004.67
747.855	25242.24
748.047	25528.95
748.239	24777.35
748.431	24631.94
748.623	25514.62
748.815	25117.31
749.008	24421
749.2	24812.17
749.392	25037.44
749.584	25307.77
749.776	25131.65
749.968	24969.86
750.16	25770.61
750.352	25133.7
750.544	24638.09
750.736	24425.1
750.928	25307.77
751.12	25090.69
751.311	24578.7
751.503	24961.67
751.695	25102.98
751.887	25229.95
752.079	24636.04
752.271	24445.58
752.463	26141.3
752.654	25049.73
752.846	24820.36
753.038	24466.06
753.23	24746.63
753.421	24826.5
753.613	24531.59
753.805	24816.26
753.997	24732.29
754.188	25141.89
754.38	24289.93
754.572	24322.7
754.763	24523.4
754.955	24631.94
755.146	23937.68
755.338	23960.21
755.53	24570.51
755.721	24642.18
755.913	23976.59
756.104	23921.3
756.296	24611.46
756.487	25051.78
756.679	23779.99
756.87	23689.88
757.062	24373.9
757.253	24576.65
757.445	23667.35
757.636	24242.83
757.827	24603.27
758.019	25234.05
758.21	23732.89
758.401	23952.02
758.593	24828.55
758.784	24445.58
758.975	23401.11
759.167	23423.64
759.358	24058.51
759.549	24492.68
759.74	23362.2
759.932	23812.76
760.123	24068.75
760.314	24337.04
760.505	23679.64
760.696	22950.56
760.888	24212.11
761.079	23829.14
761.27	23198.37
761.461	23052.96
761.652	24435.34
761.843	24076.94
762.034	23732.89
762.225	23804.56
762.416	23786.13
762.607	23564.95
762.798	23507.61
762.989	23380.64
763.18	24826.5
763.371	23675.54
763.562	23114.4
763.753	23171.74
763.944	23405.21
764.135	23370.4
764.326	23220.89
764.517	23057.06
764.708	23820.95
764.899	23360.16
765.089	22393.51
765.28	22592.17
765.471	23143.07
765.662	23179.93
765.853	22637.22
766.043	22514.34
766.234	23401.11
766.425	23227.04
766.615	23005.86
766.806	22710.95
766.997	23222.94
767.187	22938.27
767.378	22782.63
767.569	22483.62
767.759	23059.1
767.95	23272.09
768.141	22737.57
768.331	22878.88
768.522	22801.06
768.712	23093.92
768.903	22639.27
769.093	22282.92
769.284	22999.71
769.474	23089.82
769.665	22055.6
769.855	21650.1
770.046	22858.4
770.236	22538.92
770.426	22440.62
770.617	22323.88
770.807	22837.92
770.998	23169.69
771.188	22678.18
771.378	22276.78
771.569	22930.08
771.759	22624.93
771.949	21787.32
772.139	21678.77
772.33	22405.8
772.52	22629.03
772.71	21828.27
772.9	21899.95
773.09	22794.92
773.281	23032.48
773.471	21949.11
773.661	22229.68
773.851	22289.07
774.041	22475.43
774.231	21981.87
774.421	22442.67
774.611	22563.5
774.802	22573.74
774.992	22223.53
775.182	21668.53
775.372	22436.52
775.562	22717.09
775.752	21781.17
775.942	21770.93
776.131	22364.84
776.321	22024.88
776.511	21390.01
776.701	21576.37
776.891	21955.25
777.081	21744.31
777.271	21349.05
777.461	21265.08
777.651	21840.56
777.84	21844.66
778.03	21197.5
778.22	21066.43
778.41	21699.25
778.599	21453.5
778.789	21420.73
778.979	21101.25
779.169	21443.26
779.358	21322.43
779.548	21467.83
779.738	20710.08
779.927	21574.33
780.117	21203.64
780.307	20658.88
780.496	20556.49
780.686	21627.57
780.875	21940.91
781.065	21146.3
781.254	20888.26
781.444	21418.68
781.633	21355.19
781.823	20552.39
782.012	20480.71
782.202	21213.88
782.391	21258.94
782.581	20400.84
782.77	20781.76
782.96	21605.05
783.149	20722.37
783.338	20357.83
783.528	20155.08
783.717	21021.38
783.906	21215.93
784.096	20779.71
784.285	20484.81
784.474	20652.74
784.663	20550.34
784.853	20009.68
785.042	20249.29
785.231	20880.07
785.42	20853.44
785.61	20292.3
785.799	20259.53
785.988	20904.64
786.177	20280.01
786.366	20011.73
786.555	20677.32
786.744	20595.4
786.933	20642.5
787.122	19567.32
787.312	19819.22
787.501	20032.21
787.69	20697.8
787.879	19620.56
788.068	19575.51
788.257	19856.08
788.445	20320.97
788.634	19733.2
788.823	19690.2
789.012	20740.8
789.201	20566.73
789.39	19438.3
789.579	20097.74
789.768	20501.19
789.957	20097.74
790.145	19622.61
790.334	19151.58
790.523	19933.9
790.712	19890.9
790.9	19655.38
791.089	19419.86
791.278	19964.62
791.467	20208.33
791.655	20038.35
791.844	20214.48
792.033	19741.39
792.221	19745.49
792.41	19512.02
792.599	19053.28
792.787	19913.42
792.976	20237
793.164	18871.01
793.353	19569.37
793.541	20071.12
793.73	20013.77
793.918	19399.38
794.107	19124.96
794.295	19778.26
794.484	19743.44
794.672	19221.21
794.861	19262.17
795.049	19788.5
795.238	20351.69
795.426	18821.86
795.614	18871.01
795.803	20169.42
795.991	20251.34
796.179	18909.92
796.368	19184.35
796.556	19481.3
796.744	19454.68
796.932	19012.32
797.121	18791.14
797.309	19262.17
797.497	19593.94
797.685	18774.75
797.874	18711.27
798.062	19747.54
798.25	19624.66
798.438	18782.95
798.626	18766.56
798.814	19747.54
799.002	19792.59
799.19	18924.26
799.378	19122.91
799.566	19614.42
799.755	19692.24
799.943	19045.09
800.131	19051.23
800.318	19561.17
800.506	19337.94
800.694	18934.5
800.882	19084
801.07	19888.85
801.258	19509.97
801.446	18770.66
801.634	19034.85
801.822	19479.25
802.01	19585.75
802.197	19036.89
802.385	19120.86
802.573	19501.78
802.761	19383
802.949	19249.88
803.136	18744.03
803.324	19663.57
803.512	19477.21
803.699	19251.93
803.887	18754.27
804.075	19780.31
804.262	19337.94
804.45	18817.76
804.638	18932.45
804.825	19643.09
805.013	19575.51
805.201	19036.89
805.388	18801.38
805.576	19571.41
805.763	20038.35
805.951	19024.61
806.138	18871.01
806.326	19968.72
806.513	19565.27
806.701	18965.21
806.888	18866.91
807.075	19550.93
807.263	19761.87
807.45	18840.29
807.638	19006.17
807.825	19827.41
808.012	19600.08
808.2	19106.52
808.387	19706.58
808.574	19794.64
808.761	19870.42
808.949	19141.34
809.136	19299.03
809.323	19206.87
809.51	19679.96
809.698	19641.04
809.885	19524.31
810.072	19976.91
810.259	20032.21
810.446	19311.32
810.633	19262.17
810.82	19712.72
811.008	19940.05
811.195	19387.1
811.382	19014.37
811.569	19837.65
811.756	19462.87
811.943	19426.01
812.13	19239.64
812.317	19505.88
812.504	19598.04
812.691	19288.79
812.878	19411.67
813.064	20044.49
813.251	19344.09
813.438	18860.77
813.625	18993.89
813.812	19598.04
813.999	19628.76
814.186	19282.65
814.372	18858.72
814.559	19456.73
814.746	19808.98
814.933	18561.76
815.12	19096.28
815.306	19077.85
815.493	19161.82
815.68	18924.26
815.866	18496.23
816.053	19333.85
816.24	19516.12
816.426	19161.82
816.613	18973.41
816.799	19618.52
816.986	20069.07
817.173	19268.31
817.359	18862.82
817.546	19856.08
817.732	19260.12
817.919	18967.26
818.105	19434.2
818.292	19710.68
818.478	19604.18
818.665	19411.67
818.851	18946.78
819.037	20280.01
819.224	19442.39
819.41	18815.71
819.597	18815.71
819.783	20095.69
819.969	19819.22
820.156	18692.83
820.342	18508.52
820.528	20677.32
820.714	18997.98
820.901	18954.97
821.087	18694.88
821.273	19528.41
821.459	19643.09
821.646	18641.64
821.832	18565.86
822.018	19632.85
822.204	19405.53
822.39	18873.06
822.576	18735.84
822.762	19237.59
822.948	19243.74
823.134	18866.91
823.32	18682.59
823.507	19047.13
823.693	19155.68
823.879	19071.71
824.065	18234.09
824.25	18807.52
824.436	18981.6
824.622	18150.12
824.808	18639.59
824.994	18809.57
825.18	18977.5
825.366	18170.6
825.552	18406.12
825.738	19059.42
825.923	19294.94
826.109	18430.69
826.295	18311.91
826.481	18909.92
826.667	18903.78
826.852	18569.96
827.038	18057.96
827.224	19192.54
827.409	18893.54
827.595	17922.8
827.781	18395.88
827.966	19100.38
828.152	19075.8
828.338	18234.09
828.523	17887.98
828.709	19174.11
828.894	18987.74
829.08	18506.47
829.266	18424.55
829.451	18725.6
829.637	18905.82
829.822	18361.06
830.008	18264.81
830.193	18666.21
830.378	18895.58
830.564	18027.24
830.749	18156.27
830.935	18457.32
831.12	18303.72
831.305	17679.09
831.491	17664.75
831.676	17883.89
831.861	18285.29
832.047	17451.77
832.232	17541.88
832.417	18387.69
832.602	18598.63
832.788	17736.43
832.973	17531.64
833.158	18121.45
833.343	18131.69
833.528	17933.04
833.714	17994.48
833.899	18096.88
834.084	18627.3
834.269	18051.82
834.454	17548.02
834.639	18260.71
834.824	18156.27
835.009	17394.42
835.194	17652.47
835.379	18336.49
835.564	18178.79
835.749	17462.01
835.934	16933.63
836.119	17855.22
836.304	17867.5
836.489	17308.41
836.674	17672.95
836.859	17693.43
837.044	18139.88
837.228	17289.98
837.413	17128.19
837.598	17713.91
837.783	17736.43
837.968	17179.39
838.152	17036.03
838.337	17466.1
838.522	18092.78
838.707	18141.93
838.891	17570.55
839.076	17615.6
839.261	17658.61
839.445	17216.25
839.63	17353.46
839.815	18092.78
839.999	17564.4
840.184	17289.98
840.368	16859.9
840.553	17785.58
840.737	17623.8
840.922	17068.8
841.106	16775.94
841.291	17076.99
841.475	17674.99
841.66	16628.48
841.844	16644.87
842.029	17754.87
842.213	17027.84
842.397	16689.92
842.582	16263.94
842.766	17093.37
842.951	17058.56
843.135	16786.18
843.319	16503.56
843.504	17197.82
843.688	17685.23
843.872	16053
844.056	16628.48
844.241	17468.15
844.425	16970.49
844.609	16730.88
844.793	16356.1
844.977	17386.23
845.161	16972.54
845.346	16337.67
845.53	16237.32
845.714	16960.25
845.898	17531.64
846.082	16147.21
846.266	16409.35
846.45	16917.25
846.634	16892.67
846.818	16341.77
847.002	16614.15
847.186	16837.38
847.37	16296.71
847.554	15733.52
847.738	16329.48
847.922	16569.09
848.106	16710.4
848.29	15489.81
848.473	16046.86
848.657	16102.15
848.841	16321.29
849.025	15670.03
849.209	15426.32
849.392	16456.45
849.576	16274.18
849.76	15469.33
849.944	16218.89
850.127	16749.31
850.311	16118.54
850.495	15426.32
850.678	15405.84
850.862	16114.44
851.046	16540.42
851.229	16016.14
851.413	15362.84
851.596	16384.77
851.78	16157.45
851.964	15840.01
852.147	15575.83
852.331	16618.24
852.514	16538.37
852.698	15430.42
852.881	15188.76
853.065	16007.95
853.248	16179.98
853.431	15514.39
853.615	15446.8
853.798	16708.35
853.982	16265.99
854.165	15305.49
854.348	15446.8
854.532	15991.56
854.715	15704.85
854.898	15549.2
855.081	15268.63
855.265	16462.6
855.448	16372.49
855.631	14967.58
855.814	15375.13
855.997	16010
856.181	16263.94
856.364	15311.64
856.547	15096.6
856.73	15979.28
856.913	15735.57
857.096	15035.16
857.279	15057.69
857.462	15289.11
857.645	15637.27
857.828	15168.28
858.011	15246.1
858.194	15653.65
858.377	15233.82
858.56	14936.86
858.743	14791.45
858.926	15211.29
859.109	15266.58
859.292	15004.44
859.475	14680.86
859.658	15708.94
859.841	15330.07
860.023	14474.02
860.206	14656.29
860.389	15414.04
860.572	15008.54
860.755	14512.93
860.937	14826.27
861.12	15069.98
861.303	15287.06
861.486	14646.05
861.668	14517.03
861.851	14959.39
862.034	15543.06
862.216	14863.13
862.399	14359.33
862.581	14752.54
862.764	15282.97
862.947	14340.9
863.129	14033.71
863.312	14119.72
863.494	14697.25
863.677	14195.5
863.859	13562.67
864.042	14398.24
864.224	14433.06
864.406	14132.01
864.589	13646.64
864.771	14301.99
864.954	14117.67
865.136	14037.8
865.318	13531.95
865.501	14922.52
865.683	13912.88
865.865	13697.84
866.048	13742.89
866.23	14613.28
866.412	14392.1
866.594	13685.55
866.777	13921.07
866.959	14277.41
867.141	14005.03
867.323	14078.76
867.505	14179.11
867.687	14199.59
867.869	14228.26
868.052	13593.39
868.234	13642.54
868.416	14463.78
868.598	14758.69
868.78	13536.05
868.962	13544.24
869.144	14332.71
869.326	14207.78
869.508	13366.07
869.69	13519.67
869.872	13878.06
870.054	14562.08
870.236	13085.5
870.417	13228.85
870.599	13867.82
870.781	14521.12
870.963	13773.61
871.145	13386.55
871.327	13749.04
871.508	14265.13
871.69	13255.48
871.872	13648.69
872.054	13689.65
872.235	14045.99
872.417	13517.62
872.599	13187.89
872.78	14600.99
872.962	13867.82
873.144	13235
873.325	13329.2
873.507	14201.64
873.689	14093.1
873.87	13323.06
874.052	13669.17
874.233	13871.92
874.415	14226.21
874.596	13525.81
874.778	13108.02
874.959	13912.88
875.141	14058.28
875.322	13251.38
875.503	13323.06
875.685	13962.03
875.866	13591.34
876.048	13210.42
876.229	13357.88
876.41	13933.36
876.592	13947.69
876.773	13681.46
876.954	13065.02
877.136	14154.54
877.317	13814.57
877.498	13163.32
877.679	13706.03
877.86	13962.03
878.042	13902.64
878.223	13394.74
878.404	14297.89
878.585	14103.34
878.766	14414.63
878.947	13806.38
879.128	13511.47
879.309	13974.31
879.49	14226.21
879.672	13648.69
879.853	13396.79
880.034	13804.33
880.215	14306.09
880.396	13572.91
880.576	13464.37
880.757	14119.72
880.938	14453.54
881.119	13452.08
881.3	13349.68
881.481	14164.78
881.662	15002.4
881.843	13329.2
882.023	13480.75
882.204	14703.39
882.385	14433.06
882.566	13556.53
882.747	13577.01
882.927	14369.57
883.108	14291.75
883.289	13462.32
883.469	14037.8
883.65	14072.62
883.831	14058.28
884.011	14091.05
884.192	13622.06
884.373	14605.09
884.553	14414.63
884.734	14121.77
884.914	14508.83
885.095	15866.64
885.275	14836.51
885.456	14379.81
885.636	13849.39
885.817	14594.85
885.997	14795.55
886.178	14164.78
886.358	14353.19
886.538	14926.62
886.719	16853.76
886.899	14150.44
887.08	14373.67
887.26	14945.05
887.44	14560.03
887.621	14256.93
887.801	14363.43
887.981	15311.64
888.161	15176.47
888.342	14252.84
888.522	14148.39
888.702	14725.92
888.882	15018.78
889.062	14326.57
889.242	13839.15
889.423	14938.91
889.603	14922.52
889.783	14459.68
889.963	14039.85
890.143	14955.29
890.323	14770.97
890.503	14240.55
890.683	14414.63
890.863	14533.41
891.043	14474.02
891.223	14279.46
891.403	14508.83
891.583	14922.52
891.763	14981.92
891.943	14367.52
892.122	14213.93
892.302	14676.77
892.482	14723.87
892.662	14291.75
892.842	14191.4
893.022	14687.01
893.201	14738.21
893.381	14566.18
893.561	14197.54
893.741	15043.35
893.92	14373.67
894.1	14140.2
894.28	14433.06
894.459	15160.09
894.639	14893.85
894.819	13914.92
894.998	14363.43
895.178	14869.28
895.357	14596.9
895.537	13716.27
895.716	13941.55
895.896	14328.61
896.075	14975.77
896.255	13964.07
896.434	13382.45
896.614	15115.03
896.793	14738.21
896.973	14291.75
897.152	13982.51
897.331	14308.13
897.511	14459.68
897.69	13632.3
897.87	14121.77
898.049	14451.49
898.228	14441.25
898.407	14156.58
898.587	14021.42
898.766	14162.73
898.945	14377.76
899.124	14095.14
899.304	13638.45
899.483	14406.44
899.662	14768.93
899.841	13534
900.02	13429.56
900.199	14310.18
900.378	13837.1
900.557	13083.45
900.737	12983.1
900.916	13781.81
901.095	13988.65
901.274	13411.12
901.453	12804.92
901.632	13443.89
901.811	13587.25
901.989	12968.76
902.168	12847.93
902.347	13601.58
902.526	13255.48
902.705	12768.06
902.884	12804.92
903.063	13534
903.242	13261.62
903.42	12413.76
903.599	12935.99
903.778	13019.96
903.957	13615.92
904.135	12735.29
904.314	12477.25
904.493	13282.1
904.672	12847.93
904.85	12356.42
905.029	12204.87
905.207	12790.59
905.386	13456.18
905.565	11959.11
905.743	12084.04
905.922	12503.87
906.1	12854.08
906.279	11799.37
906.457	11940.68
906.636	12522.3
906.814	12415.81
906.993	11610.96
907.171	11383.63
907.35	12204.87
907.528	12550.98
907.707	11887.43
907.885	11248.47
908.063	12125
908.242	12071.75
908.42	11156.31
908.598	11037.53
908.777	12055.37
908.955	11717.45
909.133	11330.39
909.311	10881.88
909.49	11653.97
909.668	11701.07
909.846	11049.82
910.024	11137.88
910.202	11866.95
910.38	11778.89
910.559	11307.86
910.737	11318.1
910.915	12165.96
911.093	11952.97
911.271	11551.57
911.449	11885.39
911.627	12215.11
911.805	12847.93
911.983	11662.16
912.161	11742.03
912.339	11932.49
912.517	12528.45
912.695	11754.32
912.872	11778.89
913.05	12540.74
913.228	12213.06
913.406	11744.08
913.584	11694.93
913.762	12655.42
913.939	12233.54
914.117	11795.28
914.295	11381.59
914.473	12147.53
914.65	12329.8
914.828	11701.07
915.006	11631.44
915.184	12323.65
915.361	12297.03
915.539	11729.74
915.716	11826
915.894	12163.91
916.072	12041.03
916.249	11989.83
916.427	11854.67
916.604	11948.87
916.782	12049.22
916.959	11246.42
917.137	11191.13
917.314	11821.9
917.492	11713.36
917.669	11412.31
917.847	11363.15
918.024	11764.56
918.201	11494.22
918.379	11416.4
918.556	11428.69
918.733	11942.73
918.911	11639.63
919.088	11613.01
919.265	11129.69
919.442	11830.09
919.62	11834.19
919.797	11101.01
919.974	10965.85
920.151	11959.11
920.328	11467.6
920.506	11180.89
920.683	11649.87
920.86	11434.83
921.037	11649.87
921.214	11117.4
921.391	10840.92
921.568	11557.71
921.745	11373.39
921.922	11137.88
922.099	10836.83
922.276	11676.49
922.453	11436.88
922.63	10861.4
922.807	11076.44
922.984	11416.4
923.161	11125.59
923.338	11072.34
923.514	10611.55
923.691	11303.76
923.868	11420.5
924.045	10759
924.222	10554.21
924.399	11289.43
924.575	11221.84
924.752	10845.02
924.929	10703.71
925.105	11031.38
925.282	10679.13
925.459	10531.68
925.635	10849.11
925.812	10971.99
925.989	10922.84
926.165	10486.62
926.342	10294.11
926.518	10738.52
926.695	10597.21
926.871	10351.46
927.048	10257.25
927.224	10949.46
927.401	10535.78
927.577	10189.67
927.754	9923.43
927.93	10625.89
928.107	10681.18
928.283	9866.09
928.459	9956.2
928.636	10599.26
928.812	10400.61
928.988	9790.31
929.165	9677.68
929.341	10025.83
929.517	10322.79
929.693	10263.4
929.87	9489.26
930.046	10275.68
930.222	9929.58
930.398	9374.58
930.574	9673.58
930.751	9941.86
930.927	9642.86
931.103	9505.65
931.279	9567.09
931.455	9687.92
931.631	9784.17
931.807	9245.55
931.983	9159.54
932.159	9491.31
932.335	9470.83
932.511	9249.65
932.687	9204.6
932.863	9649
933.039	9894.76
933.215	9085.81
933.391	8792.95
933.566	9384.82
933.742	9368.43
933.918	8684.41
934.094	8283.01
934.27	8921.98
934.445	8721.27
934.621	8588.16
934.797	8262.53
934.973	8764.28
935.148	8631.16
935.324	7836.55
935.5	7519.12
935.675	8430.46
935.851	8252.29
936.027	7891.85
936.202	7895.94
936.378	8043.4
936.553	7670.67
936.729	8117.12
936.904	7156.63
937.08	7340.94
937.255	7076.76
937.431	7048.08
937.606	6720.41
937.782	6978.45
937.957	7222.16
938.133	6450.08
938.308	6329.25
938.483	6673.31
938.659	6370.21
938.834	6347.68
939.009	6001.57
939.185	6661.02
939.36	6079.4
939.535	5512.11
939.71	5993.38
939.886	6464.41
940.061	5983.14
940.236	5905.32
940.411	5712.81
940.586	6024.1
940.761	5764.01
940.937	5475.24
941.112	5227.44
941.287	5538.73
941.462	5475.24
941.637	5077.94
941.812	5157.81
941.987	5264.3
942.162	5434.29
942.337	5086.13
942.512	4998.07
942.687	5677.99
942.862	5456.81
943.037	4752.31
943.212	4574.14
943.386	5067.7
943.561	5252.02
943.736	5344.17
943.911	5518.25
944.086	5663.66
944.26	5383.09
944.435	4848.57
944.61	5198.77
944.785	5323.69
944.959	5890.98
945.134	4924.34
945.309	4981.68
945.483	4950.96
945.658	5309.36
945.833	4639.67
946.007	4690.87
946.182	5727.14
946.357	5145.52
946.531	4846.52
946.706	4924.34
946.88	4940.72
947.055	5317.55
947.229	4899.77
947.404	4828.09
947.578	5366.7
947.752	5411.76
947.927	4918.2
948.101	4658.1
948.276	5946.28
948.45	5473.2
948.624	5290.93
948.799	4907.96
948.973	5344.17
949.147	5344.17
949.321	4944.82
949.496	5122.99
949.67	5944.23
949.844	5395.37
950.018	5127.09
950.193	5266.35
950.367	6321.06
950.541	5579.69
950.715	5264.3
950.889	5440.43
951.063	5456.81
951.237	5718.95
951.411	5174.19
951.585	5174.19
951.759	5833.64
951.933	5811.11
952.107	5198.77
952.281	5600.17
952.455	6044.58
952.629	5675.95
952.803	5383.09
952.977	5319.6
953.151	6024.1
953.325	5845.93
953.499	5780.39
953.672	5172.15
953.846	5647.27
954.02	5813.16
954.194	5270.45
954.368	5192.62
954.541	6124.45
954.715	5905.32
954.889	5737.38
955.062	5407.66
955.236	5950.37
955.41	6132.64
955.583	6011.81
955.757	5426.09
955.93	5931.94
956.104	5665.71
956.278	5522.35
956.451	5610.41
956.625	6157.22
956.798	6364.06
956.972	6011.81
957.145	5587.88
957.319	6431.65
957.492	6067.11
957.665	5927.85
957.839	5503.92
958.012	6118.31
958.185	5915.56
958.359	5634.99
958.532	5882.79
958.705	6085.54
958.879	5972.9
959.052	5821.35
959.225	5530.54
959.398	6130.59
959.572	6050.72
959.745	5557.16
959.918	5600.17
960.091	6220.71
960.264	6245.28
960.438	5362.61
960.611	5606.31
960.784	6421.41
960.957	5991.33
961.13	6153.12
961.303	5467.05
961.476	6054.82
961.649	6599.58
961.822	5479.34
961.995	5745.58
962.168	5874.6
962.341	6192.03
962.514	5825.45
962.686	5600.17
962.859	5858.21
963.032	6343.58
963.205	5751.72
963.378	5366.7
963.551	6065.06
963.723	5845.93
963.896	5862.31
964.069	5800.87
964.242	6015.91
964.414	6513.56
964.587	5696.43
964.76	5942.18
964.932	6116.26
965.105	5981.09
965.278	5663.66
965.45	5784.49
965.623	6212.51
965.795	6235.04
965.968	5737.38
966.14	5649.32
966.313	6011.81
966.485	6054.82
966.658	5626.79
966.83	5753.77
967.003	6183.84
967.175	6124.45
967.348	5581.74
967.52	5538.73
967.692	6456.22
967.865	6394.78
968.037	5561.26
968.209	5698.47
968.382	6087.59
968.554	6206.37
968.726	5544.88
968.898	5397.42
969.071	6216.61
969.243	5739.43
969.415	5362.61
969.587	5448.62
969.759	6157.22
969.932	5776.3
970.104	5571.5
970.276	5047.22
970.448	5673.9
970.62	5833.64
970.792	5667.75
970.964	5639.08
971.136	6310.82
971.308	5911.46
971.48	5292.98
971.652	5254.06
971.824	6185.89
971.996	5716.9
972.168	5350.32
972.339	5352.37
972.511	5776.3
972.683	5749.67
972.855	5528.49
973.027	5004.21
973.199	5800.87
973.37	5809.06
973.542	5630.89
973.714	5411.76
973.886	5319.6
974.057	5667.75
974.229	5079.99
974.401	5194.67
974.572	5428.14
974.744	5329.84
974.915	5022.64
975.087	5018.55
975.259	5886.89
975.43	5204.91
975.602	4842.42
975.773	4772.79
975.945	5317.55
976.116	5485.48
976.288	5202.86
976.459	5211.06
976.63	5237.68
976.802	5323.69
976.973	4699.06
977.145	5237.68
977.316	6063.01
977.487	5802.92
977.659	5270.45
977.83	5000.12
978.001	5755.82
978.172	5598.12
978.344	4940.72
978.515	5112.75
978.686	5090.23
978.857	5743.53
979.028	4830.13
979.2	4621.24
979.371	5589.93
979.542	5061.55
979.713	4918.2
979.884	4297.66
980.055	5198.77
980.226	5245.87
980.397	4826.04
980.568	4547.51
980.739	5358.51
980.91	4903.86
981.081	4955.06
981.252	4838.33
981.423	5122.99
981.594	5166
981.765	4658.1
981.936	4795.32
982.106	4957.11
982.277	5387.18
982.448	4535.23
982.619	4907.96
982.79	4899.77
982.96	5129.14
983.131	4670.39
983.302	4236.22
983.472	5047.22
983.643	5143.47
983.814	4582.33
983.984	4502.46
984.155	4973.49
984.326	5055.41
984.496	4678.58
984.667	4574.14
984.837	4457.4
985.008	5370.8
985.178	4946.87
985.349	4547.51
985.519	4750.26
985.69	4658.1
985.86	4414.4
986.031	4314.05
986.201	4762.55
986.371	4727.74
986.542	4049.86
986.712	4058.05
986.882	4625.34
987.053	4492.22
987.223	3978.18
987.393	4590.52
987.563	4326.33
987.734	4742.07
987.904	4584.38
988.074	4000.71
988.244	4328.38
988.414	4369.34
988.585	4037.57
988.755	4260.8
988.925	4467.64
989.095	4979.64
989.265	3834.82
989.435	4068.29
989.605	4715.45
989.775	4752.31
989.945	4334.53
990.115	3793.86
990.285	4348.86
990.455	4289.47
990.625	4107.2
990.795	3896.26
990.965	4633.53
991.134	4223.94
991.304	3744.71
991.474	3836.87
991.644	4346.81
991.814	4567.99
991.984	3363.79
992.153	3818.44
992.323	3943.36
992.493	4191.17
992.662	3482.57
992.832	3699.66
993.002	3969.99
993.171	4219.84
993.341	3474.38
993.511	3523.53
993.68	4029.38
993.85	4064.19
994.019	3437.52
994.189	3245.01
994.358	3961.8
994.528	4000.71
994.697	3277.77
994.867	3537.87
995.036	4129.73
995.206	3724.23
995.375	3388.36
995.544	3623.88
995.714	4144.06
995.883	3918.79
996.052	3754.95
996.222	2855.89
996.391	4303.81
996.56	3859.4
996.73	3265.49
996.899	3042.26
997.068	4170.69
997.237	3843.01
997.406	3142.61
997.576	2778.07
997.745	4207.55
997.914	3595.21
998.083	2862.04
998.252	3142.61
998.421	3736.52
998.59	3298.25
998.759	3056.59
998.928	2948.05
999.097	3832.77
999.266	3736.52
999.435	3226.57
999.604	2757.59
999.773	3939.27
999.942	3482.57
1000.111	2853.84
1000.28	2778.07
1000.448	3310.54
1000.617	3263.44
1000.786	3351.5
1000.955	2798.55
1001.124	3763.14
1001.292	4123.59
1001.461	3077.07
1001.63	2735.06
1001.798	3699.66
1001.967	3539.91
1002.136	2757.59
1002.304	2659.29
1002.473	3740.61
1002.642	3259.34
1002.81	2896.85
1002.979	2841.56
1003.147	3640.26
1003.316	3625.93
1003.484	2769.88
1003.653	2761.69
1003.821	3273.68
1003.99	3062.74
1004.158	3023.83
1004.327	2866.13
1004.495	3253.2
1004.663	3253.2
1004.832	2986.96
1005	2434.01
1005.168	3109.84
1005.337	3083.22
1005.505	2421.72
1005.673	2847.7
1005.842	3265.49
1006.01	3038.16
1006.178	2298.84
1006.346	2509.79
1006.514	2966.48
1006.683	3460.04
1006.851	2368.48
1007.019	2634.71
1007.187	2937.81
1007.355	2526.17
1007.523	2157.54
1007.691	2208.73
1007.859	2692.05
1008.027	3378.12
1008.195	2399.2
1008.363	2210.78
1008.531	2823.12
1008.699	3001.3
1008.867	2051.04
1009.035	2384.86
1009.203	3419.08
1009.37	2872.28
1009.538	2274.27
1009.706	3118.03
1009.874	2761.69
1010.042	2851.8
1010.209	1985.51
1010.377	2020.32
1010.545	2831.32
1010.713	2753.49
1010.88	2096.1
1011.048	2163.68
1011.216	2806.74
1011.383	3042.26
1011.551	2061.28
1011.718	1989.6
1011.886	2563.03
1012.054	2819.03
1012.221	1858.53
1012.389	2026.47
1012.556	2583.51
1012.724	3001.3
1012.891	2081.76
1013.058	1659.88
1013.226	2741.21
1013.393	2690.01
1013.561	1805.28
1013.728	1700.84
1013.895	2759.64
1014.063	2603.99
1014.23	1702.89
1014.397	1829.86
1014.565	2800.6
1014.732	2397.15
1014.899	1733.61
1015.066	1842.15
1015.233	2640.86
1015.401	2683.86
1015.568	1739.75
1015.735	2026.47
1015.902	2608.09
1016.069	2765.78
1016.236	1870.82
1016.403	1563.62
1016.57	2040.8
1016.737	2868.18
1016.904	1723.37
1017.071	1561.58
1017.238	2204.64
1017.405	2354.14
1017.572	1827.81
1017.739	2030.56
1017.906	2821.08
1018.073	2448.35
1018.24	1448.94
1018.407	1854.44
1018.573	2409.44
1018.74	2302.94
1018.907	1682.41
1019.074	1420.27
1019.241	2315.23
1019.407	2022.37
1019.574	1487.85
1019.741	1504.23
1019.907	2489.31
1020.074	2417.63
1020.241	1184.75
1020.407	1278.96
1020.574	2092
1020.74	2145.25
1020.907	1467.37
1021.073	1289.2
1021.24	2730.97
1021.406	2304.99
1021.573	1160.17
1021.739	1418.22
1021.906	2317.28
1022.072	1997.79
1022.239	1371.12
1022.405	1500.14
1022.571	2102.24
1022.738	1913.83
1022.904	1324.01
1023.07	1553.38
1023.237	1909.73
1023.403	2081.76
1023.569	1395.69
1023.735	1301.48
1023.902	1973.22
1024.068	2020.32
1024.234	1145.84
1024.4	1303.53
1024.566	1766.37
1024.732	1831.91
1024.898	1315.82
1025.065	957.43
1025.231	1731.56
1025.397	1653.73
1025.563	1295.34
1025.729	1068.02
1025.895	1264.62
1026.061	1639.4
1026.227	840.69
1026.392	1305.58
1026.558	1895.4
1026.724	1960.93
1026.89	1151.98
1027.056	1317.87
1027.222	1639.4
1027.388	1813.48
1027.553	1184.75
1027.719	1090.54
1027.885	2165.73
1028.051	1702.89
1028.216	920.56
1028.382	1033.2
1028.548	1678.31
1028.713	1588.2
1028.879	820.21
1029.045	1344.49
1029.21	1915.87
1029.376	1659.88
1029.541	1084.4
1029.707	1078.26
1029.873	1872.87
1030.038	1727.46
1030.204	1068.02
1030.369	1004.53
1030.534	1557.48
1030.7	1350.64
1030.865	1125.36
1031.031	846.84
1031.196	1582.06
1031.361	1571.82
1031.527	914.42
1031.692	959.47
1031.857	1324.01
1032.023	1721.32
1032.188	857.07
1032.353	891.89
1032.518	1702.89
1032.684	1479.66
1032.849	723.96
1033.014	1018.86
1033.179	1405.93
1033.344	1623.02
1033.509	1057.78
1033.674	881.65
1033.839	1606.63
1034.004	1565.67
1034.17	1000.43
1034.335	723.96
1034.5	1389.55
1034.664	1369.07
1034.829	832.5
1034.994	1070.06
1035.159	1125.36
1035.324	1485.8
1035.489	850.93
1035.654	771.06
1035.819	1985.51
1035.984	1577.96
1036.148	918.51
1036.313	873.46
1036.478	1612.78
1036.643	1287.15
1036.807	732.15
1036.972	556.02
1037.137	2038.75
1037.301	1297.39
1037.466	447.48
1037.631	842.74
1037.795	1457.13
1037.96	1285.1
1038.124	1000.43
1038.289	596.98
1038.454	1242.09
1038.618	1516.52
1038.783	822.26
1038.947	818.16
1039.111	1199.09
1039.276	1151.98
1039.44	564.22
1039.605	1524.71
1039.769	1213.42
1039.933	1342.44
1040.098	850.93
1040.262	1043.44
1040.426	1377.26
1040.591	1256.43
1040.755	558.07
1040.919	607.22
1041.083	1543.14
1041.248	1131.5
1041.412	357.37
1041.576	588.79
1041.74	1188.85
1041.904	1246.19
1042.068	488.44
1042.232	816.12
1042.397	1672.17
1042.561	1184.75
1042.725	291.84
1042.889	656.37
1043.053	1182.7
1043.217	1160.17
1043.381	596.98
1043.544	441.34
1043.708	1254.38
1043.872	1065.97
1044.036	214.01
1044.2	353.27
1044.364	1410.03
1044.528	1389.55
1044.691	5579.69
1044.855	332.79
1045.019	1192.94
1045.183	1203.18
1045.346	644.09
1045.51	271.36
1045.674	1197.04
1045.837	1113.07
1046.001	390.14
1046.165	420.86
1046.328	1620.97
1046.492	1000.43
1046.655	820.21
1046.819	603.13
1046.983	1057.78
1047.146	990.19
1047.31	662.52
1047.473	150.53
1047.636	891.89
1047.8	875.51
1047.963	578.55
1048.127	328.7
1048.29	814.07
