345.52	-1322.48
345.736	-1322.48
345.952	-1322.48
346.168	-1342.96
346.384	-1242.61
346.6	-204.28
346.816	-318.97
347.032	-247.29
347.248	506.36
347.464	-284.16
347.68	-226.81
347.896	2.56
348.112	399.87
348.328	-132.61
348.544	64
348.76	211.45
348.975	229.88
349.191	-353.79
349.407	-425.47
349.623	274.94
349.839	141.82
350.055	-245.24
350.27	-9.73
350.486	219.64
350.702	340.47
350.918	403.96
351.133	-151.04
351.349	184.83
351.565	539.13
351.781	-411.13
351.996	49.66
352.212	231.93
352.428	80.38
352.644	-267.77
352.859	-165.37
353.075	281.08
353.291	166.4
353.506	-196.09
353.722	-282.11
353.938	-26.11
354.153	494.07
354.369	346.62
354.584	-325.12
354.8	229.88
355.016	-120.32
355.231	-402.94
355.447	-15.87
355.662	436.73
355.878	776.69
356.093	-521.72
356.309	4.61
356.524	-22.02
356.74	481.78
356.955	-445.95
357.171	-65.02
357.386	244.22
357.602	-118.27
357.817	-9.73
358.033	-222.72
358.248	322.04
358.464	373.24
358.679	-214.52
358.895	-413.18
359.11	107.01
359.325	207.36
359.541	453.11
359.756	-30.21
359.972	-95.74
360.187	555.51
360.402	-323.07
360.618	-204.28
360.833	1561.06
361.048	203.26
361.264	-87.55
361.479	-91.65
361.694	219.64
361.909	281.08
362.125	-214.52
362.34	-218.62
362.555	418.3
362.77	238.08
362.986	-349.69
363.201	-218.62
363.416	270.84
363.631	20.99
363.847	-302.59
364.062	-165.37
364.277	203.26
364.492	68.09
364.707	-163.33
364.922	-392.7
365.138	326.14
365.353	471.54
365.568	-425.47
365.783	-165.37
365.998	410.11
366.213	647.67
366.428	-306.68
366.643	285.18
366.858	373.24
367.073	358.91
367.288	-126.46
367.503	-249.34
367.718	211.45
367.933	604.66
368.148	-226.81
368.363	-3.58
368.578	320
368.793	575.99
369.008	-85.5
369.223	-271.87
369.438	410.11
369.653	293.37
369.868	-314.88
370.083	-372.22
370.298	311.8
370.513	639.48
370.728	195.07
370.943	-257.53
371.157	55.81
371.372	762.36
371.587	-273.92
371.802	-339.45
372.017	184.83
372.232	492.02
372.446	92.67
372.661	-208.38
372.876	283.13
373.091	369.15
373.306	-50.69
373.52	-460.28
373.735	150.01
373.95	737.78
374.165	-194.05
374.379	-110.08
374.594	188.93
374.809	512.5
375.023	98.81
375.238	-245.24
375.453	418.3
375.667	64
375.882	-132.61
376.097	-185.85
376.311	168.45
376.526	446.97
376.741	-126.46
376.955	248.32
377.17	571.9
377.384	1069.55
377.599	57.86
377.813	-349.69
378.028	922.1
378.242	363
378.457	-34.3
378.672	-327.16
378.886	143.87
379.101	174.59
379.315	-355.83
379.53	-50.69
379.744	522.74
379.958	414.2
380.173	-79.36
380.387	-241.15
380.602	463.35
380.816	119.29
381.031	12.8
381.245	-103.93
381.459	315.9
381.674	1157.61
381.888	-515.58
382.103	387.58
382.317	172.54
382.531	567.8
382.746	68.09
382.96	-157.18
383.174	236.03
383.388	795.12
383.603	276.99
383.817	-247.29
384.031	303.61
384.246	756.21
384.46	162.3
384.674	872.95
384.888	145.92
385.103	498.17
385.317	-280.06
385.531	174.59
385.745	858.61
385.959	711.16
386.174	-148.99
386.388	-105.98
386.602	320
386.816	236.03
387.03	-48.64
387.244	43.52
387.458	516.6
387.672	588.28
387.887	-337.4
388.101	-161.28
388.315	397.82
388.529	350.71
388.743	-77.31
388.957	-95.74
389.171	725.49
389.385	119.29
389.599	-128.51
389.813	123.39
390.027	436.73
390.241	961.01
390.455	-26.11
390.669	104.96
390.883	301.56
391.097	645.62
391.311	313.85
391.525	27.14
391.738	754.16
391.952	756.21
392.166	240.12
392.38	-169.47
392.594	651.77
392.808	588.28
393.022	102.91
393.236	109.05
393.449	375.29
393.663	827.89
393.877	-62.98
394.091	166.4
394.305	356.86
394.518	301.56
394.732	-50.69
394.946	94.72
395.16	1022.45
395.373	463.35
395.587	-103.93
395.801	45.57
396.015	604.66
396.228	582.14
396.442	-128.51
396.656	-259.58
396.869	745.97
397.083	993.78
397.297	109.05
397.51	41.47
397.724	623.09
397.938	573.94
398.151	-159.23
398.365	-153.09
398.578	612.85
398.792	827.89
399.005	330.23
399.219	92.67
399.433	619
399.646	649.72
399.86	383.48
400.073	539.13
400.287	588.28
400.5	690.68
400.714	401.91
400.927	180.73
401.141	879.09
401.354	2150.88
401.567	846.32
401.781	-99.84
401.994	684.53
402.208	1120.75
402.421	231.93
402.635	137.73
402.848	295.42
403.061	721.4
403.275	410.11
403.488	131.58
403.701	879.09
403.915	915.95
404.128	455.16
404.341	199.16
404.555	1010.16
404.768	485.88
404.981	586.23
405.195	225.79
405.408	831.99
405.621	791.03
405.834	514.55
406.048	72.19
406.261	850.42
406.474	864.75
406.687	158.21
406.9	455.16
407.114	815.6
407.327	981.49
407.54	82.43
407.753	-32.26
407.966	412.15
408.179	670.2
408.392	219.64
408.605	-5.63
408.819	823.8
409.032	870.9
409.245	289.28
409.458	553.46
409.671	731.64
409.884	907.76
410.097	170.49
410.31	649.72
410.523	1075.7
410.736	690.68
410.949	299.52
411.162	301.56
411.375	928.24
411.588	778.74
411.801	610.81
412.014	188.93
412.227	616.95
412.44	700.92
412.653	428.54
412.865	674.29
413.078	1079.79
413.291	975.35
413.504	530.94
413.717	256.51
413.93	1047.02
414.143	643.57
414.356	506.36
414.568	55.81
414.781	1014.26
414.994	1006.06
415.207	584.18
415.42	516.6
415.632	854.51
415.845	1362.41
416.058	199.16
416.271	281.08
416.483	1010.16
416.696	1255.92
416.909	379.39
417.121	485.88
417.334	879.09
417.547	1221.1
417.759	322.04
417.972	365.05
418.185	743.92
418.397	991.73
418.61	543.22
418.823	401.91
419.035	1149.42
419.248	932.34
419.46	535.03
419.673	733.68
419.885	903.67
420.098	1034.74
420.311	479.74
420.523	258.56
420.736	1120.75
420.948	995.82
421.161	502.26
421.373	320
421.586	694.77
421.798	668.15
422.01	291.32
422.223	811.51
422.435	752.12
422.648	1348.08
422.86	555.51
423.073	633.33
423.285	1004.02
423.497	862.71
423.71	485.88
423.922	645.62
424.134	1362.41
424.347	1473
424.559	1030.64
424.771	1145.33
424.984	1182.19
425.196	1102.32
425.408	414.2
425.621	446.97
425.833	1372.65
426.045	1509.86
426.257	530.94
426.47	799.22
426.682	1028.59
426.894	1061.36
427.106	649.72
427.318	776.69
427.531	1182.19
427.743	1366.51
427.955	909.81
428.167	1581.54
428.379	1026.54
428.591	1077.74
428.804	930.29
429.016	811.51
429.228	1307.12
429.44	1311.21
429.652	14446.88
429.864	621.05
430.076	1178.09
430.288	1346.03
430.5	1077.74
430.712	1024.5
430.924	1446.38
431.136	1477.1
431.348	743.92
431.56	840.18
431.772	1147.37
431.984	1225.2
432.196	801.27
432.408	985.58
432.62	1372.65
432.832	1505.77
433.044	1313.26
433.256	1176.05
433.468	1604.07
433.679	1010.16
433.891	846.32
434.103	1331.69
434.315	1819.11
434.527	1522.15
434.739	1255.92
434.95	1077.74
435.162	1436.14
435.374	1161.71
435.586	1198.57
435.798	1147.37
436.009	1333.74
436.221	1429.99
436.433	1192.43
436.645	1133.04
436.856	1415.66
437.068	1972.71
437.28	1073.65
437.491	1413.61
437.703	1735.14
437.915	1575.4
438.126	1141.23
438.338	1620.46
438.55	1579.5
438.761	1628.65
438.973	1341.93
439.184	1169.9
439.396	1622.5
439.608	1567.21
439.819	1176.05
440.031	1358.32
440.242	1880.55
440.454	1716.71
440.665	1391.08
440.877	1530.34
441.088	1960.42
441.3	1726.95
441.511	993.78
441.723	1243.63
441.934	2163.17
442.146	1952.23
442.357	1475.05
442.569	1821.16
442.78	2058.72
442.991	2533.85
443.203	1872.36
443.414	1374.7
443.626	2234.85
443.837	1780.2
444.048	1395.18
444.26	1182.19
444.471	1880.55
444.682	2007.52
444.894	1294.83
445.105	1309.16
445.316	2249.18
445.528	2003.43
445.739	1565.16
445.95	1696.23
446.161	1804.77
446.373	2066.91
446.584	1550.82
446.795	1468.91
447.006	2316.76
447.217	2228.7
447.429	1436.14
447.64	1292.78
447.851	2752.98
448.062	2345.44
448.273	1284.59
448.484	1649.13
448.695	2175.45
448.907	2273.76
449.118	1774.05
449.329	2011.62
449.54	2058.72
449.751	1913.31
449.962	1587.69
450.173	1667.56
450.384	2122.21
450.595	2531.8
450.806	1638.89
451.017	1669.61
451.228	2478.55
451.439	2370.01
451.65	1870.31
451.861	1407.47
452.072	2064.86
452.283	2234.85
452.494	2081.25
452.705	1806.82
452.915	2875.86
453.126	2341.34
453.337	2075.1
453.548	1788.39
453.759	2699.73
453.97	2781.65
454.181	2460.12
454.391	1997.28
454.602	2529.75
454.813	2877.91
455.024	2175.45
455.235	2028
455.445	2738.65
455.656	2482.65
455.867	2263.52
456.078	2181.6
456.288	2390.49
456.499	2841.04
456.71	2101.73
456.921	2546.14
457.131	2642.39
457.342	2542.04
457.553	2197.98
457.763	2171.36
457.974	2759.13
458.184	2757.08
458.395	2157.02
458.606	1960.42
458.816	2976.21
459.027	3254.73
459.237	2687.45
459.448	2286.05
459.659	3058.13
459.869	3822.02
460.08	2136.54
460.29	2617.82
460.501	3394
460.711	3027.41
460.922	2161.12
461.132	2560.47
461.343	3977.67
461.553	2773.46
461.764	2402.78
461.974	2683.35
462.184	3355.08
462.395	3342.8
462.605	2804.18
462.816	2490.84
463.026	3463.63
463.236	3398.09
463.447	2666.97
463.657	2642.39
463.867	3670.47
464.078	3357.13
464.288	2841.04
464.498	2974.16
464.709	3690.95
464.919	3559.88
465.129	3072.47
465.339	2763.22
465.55	3551.69
465.76	3733.96
465.97	3197.39
466.18	3107.28
466.391	4073.92
466.601	3721.67
466.811	3377.61
467.021	2892.24
467.231	3955.14
467.441	3815.88
467.651	3484.11
467.862	3115.47
468.072	3946.95
468.282	4172.22
468.492	3408.33
468.702	3838.41
468.912	4071.87
469.122	4966.84
469.332	4184.51
469.542	3664.33
469.752	4665.78
469.962	4231.62
470.172	3795.4
470.382	3930.56
470.592	4886.97
470.802	4716.98
471.012	4184.51
471.222	4053.44
471.432	4723.13
471.642	4819.38
471.852	4520.38
472.062	4178.37
472.272	4895.16
472.482	4786.61
472.691	4458.94
472.901	4321.73
473.111	4778.42
473.321	5595.56
473.531	4479.42
473.741	4889.01
473.95	5493.16
474.16	5231.02
474.37	5120.43
474.58	4676.02
474.79	5884.33
474.999	5568.94
475.209	5036.47
475.419	5110.19
475.628	5689.77
475.838	6162.85
476.048	5319.09
476.258	5108.15
476.467	6285.73
476.677	6021.54
476.886	5992.87
477.096	5659.05
477.306	6093.22
477.515	6185.38
477.725	5771.69
477.935	5808.55
478.144	6881.69
478.354	6373.79
478.563	6093.22
478.773	6101.41
478.982	6826.39
479.192	6916.5
479.401	6173.09
479.611	6105.51
479.82	6427.04
480.03	6922.65
480.239	6293.92
480.449	6048.16
480.658	7401.87
480.868	7160.21
481.077	6769.05
481.287	6719.9
481.496	7334.29
481.705	7584.14
481.915	7428.49
482.124	7270.8
482.333	7508.37
482.543	8313.22
482.752	7451.02
482.961	7301.52
483.171	8089.99
483.38	7668.11
483.589	7840.14
483.799	7438.73
484.008	8120.71
484.217	8157.57
484.426	7799.18
484.636	7768.46
484.845	8554.88
485.054	8130.95
485.263	8266.11
485.472	8008.07
485.682	8941.94
485.891	8475.01
486.1	7911.82
486.309	8262.02
486.518	8970.62
486.727	9965.93
486.936	8358.27
487.146	8714.62
487.355	9427.31
487.564	9116.02
487.773	8964.47
487.982	8905.08
488.191	9234.8
488.4	9767.27
488.609	9118.07
488.818	8943.99
489.027	9914.73
489.236	10045.8
489.445	9312.63
489.654	9079.16
489.863	10250.6
490.072	10062.18
490.281	9965.93
490.49	9582.96
490.698	10369.38
490.907	10805.6
491.116	9943.4
491.325	9648.49
491.534	10652
491.743	10357.09
491.952	10072.42
492.16	9935.21
492.369	10719.58
492.578	11149.65
492.787	10258.79
492.996	10576.22
493.204	10709.34
493.413	11450.71
493.622	10273.12
493.831	10183.01
494.039	11327.83
494.248	10963.29
494.457	10785.12
494.665	10287.46
494.874	11557.2
495.083	12073.29
495.291	10824.03
495.5	10957.14
495.709	11684.17
495.917	11659.6
496.126	11372.88
496.335	10961.24
496.543	11690.32
496.752	11888.97
496.96	11659.6
497.169	10826.07
497.377	11747.66
497.586	12185.93
497.794	11577.68
498.003	11059.54
498.211	12257.6
498.42	12300.61
498.628	11864.39
498.837	11454.8
499.045	12355.91
499.254	12360
499.462	11925.83
499.671	11960.65
499.879	13207.86
500.087	12790.08
500.296	12134.73
500.504	11989.32
500.713	12749.12
500.921	13439.28
501.129	12073.29
501.338	12233.03
501.546	12960.06
501.754	12958.01
501.962	12335.43
502.171	12206.41
502.379	13318.45
502.587	13355.32
502.795	12613.95
503.004	12468.55
503.212	13472.05
503.42	13635.89
503.628	13062.46
503.837	13105.46
504.045	13441.33
504.253	14205.22
504.461	12925.24
504.669	12896.57
504.877	14168.36
505.085	14190.89
505.294	13220.15
505.502	13543.73
505.71	14256.42
505.918	13879.6
506.126	13232.44
506.334	13216.05
506.542	14104.87
506.75	14061.87
506.958	13846.83
507.166	13629.74
507.374	13969.71
507.582	14399.78
507.79	13994.28
507.998	13674.8
508.206	14854.43
508.414	14448.93
508.622	13893.93
508.83	13988.14
509.037	14545.19
509.245	14078.25
509.453	14076.2
509.661	13771.05
509.869	15024.41
510.077	14414.12
510.285	14637.34
510.492	14002.47
510.7	15495.44
510.908	14739.74
511.116	14285.09
511.324	14387.49
511.531	14840.09
511.739	15186.2
511.947	14770.46
512.155	14997.79
512.362	15540.5
512.57	14860.57
512.778	14594.34
512.985	14594.34
513.193	15366.42
513.401	15737.1
513.608	14659.87
513.816	14608.67
514.024	15626.51
514.231	15339.8
514.439	15036.7
514.646	14999.84
514.854	15905.04
515.061	15667.47
515.269	15284.5
515.477	15161.62
515.684	15751.44
515.892	15923.47
516.099	14979.36
516.307	15094.04
516.514	16480.52
516.722	16285.96
516.929	15495.44
517.136	15354.13
517.344	16085.26
517.551	16294.15
517.759	15366.42
517.966	15730.96
518.173	16292.1
518.381	16546.05
518.588	15794.45
518.796	15497.49
519.003	16642.31
519.21	16574.72
519.418	15624.47
519.625	16574.72
519.832	16511.24
520.039	16843.01
520.247	15925.52
520.454	16161.03
520.661	16877.82
520.868	16642.31
521.076	16279.82
521.283	16417.03
521.49	17135.87
521.697	17019.13
521.904	16345.35
522.112	16552.2
522.319	17199.35
522.526	17355
522.733	16595.2
522.94	16404.74
523.147	17217.79
523.354	17645.81
523.561	16732.42
523.768	17101.05
523.975	17631.47
524.183	17307.9
524.39	17318.14
524.597	16550.15
524.804	17592.56
525.011	17574.13
525.218	16869.63
525.425	17180.92
525.632	18182.38
525.838	17524.98
526.045	17266.94
526.252	17418.49
526.459	19724.5
526.666	19726.55
526.873	17576.18
527.08	17463.54
527.287	18536.68
527.494	18401.51
527.701	17445.11
527.907	17510.64
528.114	18393.32
528.321	18368.74
528.528	17727.73
528.735	18047.21
528.941	18313.45
529.148	17899.76
529.355	18278.63
529.562	17877.23
529.768	19398.87
529.975	18428.13
530.182	18045.16
530.388	18086.12
530.595	19093.72
530.802	18634.98
531.008	18581.73
531.215	18368.74
531.422	19896.53
531.628	19947.73
531.835	18708.71
532.042	18604.26
532.248	19497.17
532.455	19362.01
532.661	18532.58
532.868	18790.63
533.074	19568.85
533.281	20031.69
533.487	18594.02
533.694	18905.31
533.9	19773.65
534.107	19499.22
534.313	18813.15
534.52	18976.99
534.726	19708.12
534.933	20146.38
535.139	18899.17
535.345	18905.31
535.552	20232.4
535.758	20197.58
535.965	19386.58
536.171	19673.3
536.377	20549.83
536.584	20617.41
536.79	19548.37
536.996	20138.19
537.203	20199.63
537.409	20564.17
537.615	19714.26
537.821	20031.69
538.028	21356.73
538.234	20342.99
538.44	20000.97
538.646	20066.51
538.853	20578.5
539.059	20467.91
539.265	20816.07
539.471	19933.39
539.677	20924.61
539.883	21045.44
540.09	21926.07
540.296	21301.43
540.502	21375.16
540.708	20979.9
540.914	20920.51
541.12	20510.92
541.326	21487.8
541.532	21596.34
541.738	21135.55
541.944	20742.34
542.15	21711.03
542.356	21539
542.562	20883.65
542.768	21027.01
542.974	21745.84
543.18	21901.49
543.386	21194.94
543.592	21000.38
543.798	22489.26
544.004	22325.42
544.21	21377.21
544.415	21530.81
544.621	22196.4
544.827	22870.18
545.033	21326.01
545.239	21995.7
545.445	22309.04
545.651	22261.93
545.856	21557.43
546.062	21989.55
546.268	21969.07
546.474	22524.07
546.679	21725.36
546.885	21694.64
547.091	22347.95
547.297	22710.44
547.502	22005.94
547.708	21876.91
547.914	22128.81
548.119	22739.11
548.325	21758.13
548.531	21582.01
548.736	23302.3
548.942	22452.39
549.147	21715.12
549.353	22343.85
549.559	23208.09
549.764	23070.88
549.97	21993.65
550.175	22403.24
550.381	23281.82
550.586	22337.71
550.792	22208.69
550.997	22479.02
551.203	23580.82
551.408	23468.19
551.614	22489.26
551.819	22624.42
552.025	23922.83
552.23	23433.37
552.435	22972.58
552.641	23328.92
552.846	23369.88
553.052	24506.51
553.257	23398.55
553.462	22896.8
553.668	23384.22
553.873	23910.55
554.078	23019.68
554.283	23181.47
554.489	24084.62
554.694	23920.79
554.899	23275.68
555.105	23670.93
555.31	24004.75
555.515	24418.44
555.72	23713.94
555.925	24510.6
556.131	24578.18
556.336	24494.22
556.541	23838.87
556.746	23529.62
556.951	24494.22
557.156	24637.58
557.361	24012.95
557.567	24180.88
557.772	24744.07
557.977	24840.32
558.182	23781.53
558.387	23670.93
558.592	24555.66
558.797	25317.5
559.002	24221.84
559.207	24400.01
559.412	25213.06
559.617	25331.84
559.822	24594.57
560.027	24066.19
560.232	24727.69
560.437	24791.17
560.642	23873.68
560.847	24119.44
561.051	24678.54
561.256	25157.76
561.461	24459.4
561.666	24459.4
561.871	24729.73
562.076	25679.99
562.281	24766.6
562.485	24424.59
562.69	25280.64
562.895	25008.26
563.1	24557.71
563.305	24639.62
563.509	25471.1
563.714	25690.23
563.919	24836.23
564.123	24774.79
564.328	25542.78
564.533	25966.71
564.737	24567.95
564.942	24729.73
565.147	25729.14
565.351	26241.14
565.556	25010.31
565.761	25426.04
565.965	25688.18
566.17	25917.56
566.374	25198.72
566.579	25170.05
566.784	25821.3
566.988	25872.5
567.193	25403.52
567.397	25553.02
567.602	26075.25
567.806	25944.18
568.011	25575.55
568.215	25837.69
568.42	25743.48
568.624	26042.48
568.828	25809.01
569.033	25671.8
569.237	26396.78
569.442	26275.95
569.646	25229.44
569.85	25405.56
570.055	26351.73
570.259	26292.33
570.463	26087.54
570.668	25679.99
570.872	26474.6
571.076	26706.02
571.281	26044.53
571.485	26101.87
571.689	26734.7
571.893	26972.26
572.098	26452.08
572.302	26194.03
572.506	26521.71
572.71	26976.36
572.914	26161.26
573.119	26226.8
573.323	27230.3
573.527	26822.76
573.731	26677.35
573.935	26507.37
574.139	27166.82
574.343	26830.95
574.547	26335.34
574.751	26607.72
574.955	27045.99
575.159	27426.91
575.364	26677.35
575.568	26523.76
575.772	27355.23
575.976	27377.76
576.18	26591.34
576.383	27148.39
576.587	27730.01
576.791	27459.68
576.995	26601.58
577.199	26789.99
577.403	26873.96
577.607	27945.05
577.811	26769.51
578.015	27064.42
578.219	27582.56
578.422	27977.81
578.626	27185.25
578.83	27603.03
579.034	28242
579.238	27943
579.442	27183.2
579.645	28072.02
579.849	27840.6
580.053	27797.59
580.257	27129.95
580.46	27293.79
580.664	28203.09
580.868	27906.13
581.071	27660.38
581.275	27703.39
581.479	27768.92
581.682	28264.53
581.886	27465.82
582.09	28127.31
582.293	28608.59
582.497	28528.72
582.7	27975.77
582.904	28160.08
583.107	29083.72
583.311	28524.62
583.515	27856.98
583.718	28035.16
583.922	28921.93
584.125	29528.13
584.329	27996.24
584.532	28590.16
584.735	29110.34
584.939	28899.4
585.142	28041.3
585.346	28434.51
585.549	29046.85
585.753	29063.24
585.956	28608.59
586.159	28401.74
586.363	29624.38
586.566	29567.04
586.769	28360.78
586.973	28383.31
587.176	29421.63
587.379	29028.42
587.582	28899.4
587.786	29118.53
587.989	29360.19
588.192	30232.63
588.395	28889.16
588.599	29458.49
588.802	29452.35
589.005	29874.23
589.208	29157.44
589.411	29343.81
589.615	29960.25
589.818	30509.1
590.021	30005.3
590.224	29786.17
590.427	30605.36
590.63	30208.05
590.833	29333.57
591.036	29329.47
591.239	30027.83
591.442	29552.7
591.645	29792.31
591.848	29560.89
592.051	30152.76
592.254	30158.9
592.457	30349.36
592.66	30103.6
592.863	30556.21
593.066	31082.53
593.269	30371.89
593.472	30244.91
593.675	30742.57
593.878	30535.73
594.081	29798.46
594.284	29974.58
594.486	30502.96
594.689	30736.43
594.892	30292.02
595.095	30558.25
595.298	31232.04
595.5	30746.67
595.703	30996.52
595.906	30810.15
596.109	31469.6
596.311	31735.84
596.514	30212.15
596.717	30810.15
596.92	31655.96
597.122	31436.83
597.325	30054.45
597.528	30685.23
597.73	31969.3
597.933	31479.84
598.136	30548.01
598.338	30568.49
598.541	31129.64
598.743	31731.74
598.946	30640.17
599.148	30830.63
599.351	31334.43
599.554	31485.98
599.756	30865.45
599.959	31264.8
600.161	32002.07
600.363	32219.16
600.566	31039.53
600.768	31359.01
600.971	31737.88
601.173	31871
601.376	31551.52
601.578	31621.15
601.78	32073.75
601.983	32487.44
602.185	31103.01
602.388	32006.17
602.59	32149.53
602.792	32243.73
602.995	31735.84
603.197	31602.72
603.399	32161.81
603.601	32780.3
603.804	31572
604.006	31768.6
604.208	31881.24
604.41	32079.89
604.613	32036.89
604.815	31926.3
605.017	32692.24
605.219	32550.93
605.421	32522.26
605.623	32112.66
605.826	32995.34
606.028	32901.13
606.23	31891.48
606.432	31604.77
606.634	32954.38
606.836	32923.66
607.038	32053.27
607.24	32161.81
607.442	32831.5
607.644	32645.13
607.846	32053.27
608.048	32274.45
608.25	32972.81
608.452	32630.8
608.654	32655.37
608.856	31725.6
609.058	32452.62
609.26	32940.04
609.462	32092.18
609.664	32299.03
609.866	32522.26
610.067	32907.27
610.269	32358.42
610.471	32200.72
610.673	32565.26
610.875	32823.31
611.077	31846.43
611.278	32260.12
611.48	32856.07
611.682	33046.54
611.884	32282.64
612.085	32251.92
612.287	32995.34
612.489	32821.26
612.69	31983.64
612.892	32339.99
613.094	33433.6
613.295	32800.78
613.497	32184.34
613.699	31858.71
613.9	33085.45
614.102	33157.13
614.304	32473.1
614.505	32477.2
614.707	33132.55
614.908	33177.61
615.11	32344.08
615.311	32847.88
615.513	33075.21
615.714	33622.01
615.916	32819.21
616.117	33251.33
616.319	33648.64
616.52	33415.17
616.722	32987.14
616.923	32733.2
617.124	33495.04
617.326	33161.22
617.527	32483.34
617.729	32770.06
617.93	33536
618.131	33380.35
618.333	32579.6
618.534	32933.9
618.735	33507.33
618.937	33382.4
619.138	32616.46
619.339	32172.05
619.54	33046.54
619.742	33228.8
619.943	32796.68
620.144	33212.42
620.345	34011.13
620.546	33087.5
620.748	32899.08
620.949	33259.52
621.15	33681.41
621.351	33765.37
621.552	32868.36
621.753	33087.5
621.954	33517.57
622.155	34220.02
622.356	33404.93
622.558	33552.38
622.759	33705.98
622.96	34406.39
623.161	33155.08
623.362	32978.95
623.563	34213.88
623.764	33708.03
623.965	32628.75
624.166	33650.69
624.366	33288.2
624.567	33558.53
624.768	32913.42
624.969	32843.79
625.17	33171.46
625.371	33339.4
625.572	33142.79
625.773	33060.87
625.973	33529.86
626.174	34385.91
626.375	33189.89
626.576	33693.69
626.777	33667.07
626.977	34017.27
627.178	33429.51
627.379	33548.29
627.58	33507.33
627.78	33591.3
627.981	33107.97
628.182	33769.47
628.382	33996.79
628.583	34187.25
628.784	33603.58
628.984	33685.5
629.185	34093.05
629.386	33927.16
629.586	33644.54
629.787	33968.12
629.987	34506.74
630.188	34772.97
630.388	33765.37
630.589	33685.5
630.79	34717.68
630.99	33916.92
631.191	33830.91
631.391	33736.7
631.591	34148.34
631.792	34285.56
631.992	33753.08
632.193	33804.28
632.393	34676.72
632.594	34117.62
632.794	33576.96
632.994	33794.04
633.195	34572.27
633.395	34686.96
633.595	33814.52
633.796	34361.33
633.996	34908.14
634.196	35014.63
634.397	33988.6
634.597	34322.42
634.797	34459.63
634.997	34928.62
635.198	34279.41
635.398	34396.15
635.598	35006.44
635.798	34772.97
635.998	34342.9
636.199	34009.08
636.399	34373.62
636.599	34383.86
636.799	33824.76
636.999	34344.95
637.199	34734.06
637.399	35153.9
637.599	34269.17
637.799	34234.36
637.999	34838.51
638.199	35194.85
638.399	34748.4
638.599	34193.4
638.799	35063.78
638.999	35583.97
639.199	34353.14
639.399	34883.56
639.599	34879.47
639.799	34598.9
639.999	34043.9
640.199	34521.07
640.399	34852.84
640.599	34875.37
640.799	34932.71
640.998	34873.32
641.198	34877.42
641.398	34469.87
641.598	34850.8
641.798	34392.05
641.997	35993.56
642.197	35194.85
642.397	34830.32
642.597	35303.4
642.796	35475.43
642.996	35325.92
643.196	34904.04
643.395	34721.77
643.595	35401.7
643.795	35235.81
643.994	34838.51
644.194	35121.13
644.394	36173.78
644.593	35608.54
644.793	35602.4
644.992	35913.69
645.192	36116.44
645.392	35201
645.591	35567.59
645.791	35330.02
645.99	35872.73
646.19	35409.89
646.389	34686.96
646.589	35082.22
646.788	35753.95
646.987	35723.23
647.187	35932.12
647.386	35626.98
647.586	35876.83
647.785	35977.18
647.984	35123.18
648.184	35715.04
648.383	35524.58
648.582	35764.19
648.782	35620.83
648.981	35669.98
649.18	35508.19
649.38	35837.92
649.579	35377.12
649.778	35766.24
649.977	36517.84
650.177	36362.2
650.376	35356.64
650.575	35303.4
650.774	36001.75
650.973	35831.77
651.173	34916.33
651.372	35551.2
651.571	36106.2
651.77	36296.66
651.969	35909.6
652.168	35696.61
652.367	35725.28
652.566	36134.87
652.765	35940.32
652.964	36325.33
653.163	36179.93
653.362	36014.04
653.561	35684.32
653.76	35893.21
653.959	36435.92
654.158	36399.06
654.357	35932.12
654.556	35618.78
654.755	36855.76
654.954	36655.06
655.153	35825.63
655.352	36128.73
655.551	36474.84
655.749	36675.54
655.948	36233.18
656.147	36354.01
656.346	36442.07
656.545	36655.06
656.743	35934.17
656.942	36200.41
657.141	36374.48
657.34	36325.33
657.538	35891.16
657.737	35919.84
657.936	36796.37
658.135	36714.45
658.333	36007.9
658.532	36196.31
658.731	36628.43
658.929	36452.31
659.128	36272.09
659.326	35518.43
659.525	36698.06
659.724	36605.91
659.922	35569.63
660.121	35928.03
660.319	36444.12
660.518	36466.64
660.716	36337.62
660.915	36511.7
661.113	37449.67
661.312	36460.5
661.51	36732.88
661.709	36425.68
661.907	37238.73
662.105	37337.03
662.304	36397.01
662.502	36550.61
662.701	36884.43
662.899	36419.54
663.097	36464.6
663.296	36501.46
663.494	37586.88
663.692	37326.79
663.891	36429.78
664.089	36249.56
664.287	37121.99
664.485	36888.53
664.684	36530.13
664.882	36378.58
665.08	36724.69
665.278	37095.37
665.476	36607.95
665.675	36765.65
665.873	37183.43
666.071	37228.49
666.269	36470.74
666.467	36634.58
666.665	37212.1
666.863	36638.67
667.061	36691.92
667.259	36642.77
667.457	37220.3
667.655	37191.62
667.853	36374.48
668.051	36544.47
668.249	36730.83
668.447	36876.24
668.645	36214.74
668.843	36626.39
669.041	37183.43
669.239	36409.3
669.437	36519.89
669.635	36503.51
669.833	36354.01
670.031	36415.44
670.229	35731.42
670.426	36444.12
670.624	36573.14
670.822	36573.14
671.02	36382.68
671.218	36423.64
671.415	36528.08
671.613	36460.5
671.811	36452.31
672.009	35917.79
672.206	36874.19
672.404	36462.55
672.602	36614.1
672.799	36296.66
672.997	37085.13
673.195	36425.68
673.392	36265.94
673.59	35928.03
673.788	36507.6
673.985	36515.79
674.183	36534.23
674.38	36333.53
674.578	36747.22
674.775	36542.42
674.973	35772.38
675.17	36046.81
675.368	36636.62
675.565	36763.6
675.763	36354.01
675.96	35860.44
676.158	36507.6
676.355	36313.05
676.553	35942.36
676.75	35551.2
676.947	36093.91
677.145	35850.2
677.342	35680.22
677.539	36048.86
677.737	36495.32
677.934	36749.26
678.131	36132.82
678.329	36184.02
678.526	36978.64
678.723	36925.39
678.92	36397.01
679.118	35747.81
679.315	35684.32
679.512	36579.28
679.709	36184.02
679.906	35809.25
680.104	37070.79
680.301	36339.67
680.498	36079.58
680.695	35616.74
680.892	36018.14
681.089	36069.34
681.286	35991.51
681.483	35399.65
681.68	36292.57
681.877	36765.65
682.075	35928.03
682.272	35780.57
682.469	36339.67
682.665	36087.77
682.862	35278.82
683.059	35071.98
683.256	35635.17
683.453	35735.52
683.65	35512.29
683.847	35424.23
684.044	35645.41
684.241	35405.8
684.438	35960.8
684.635	34699.25
684.831	36151.26
685.028	35891.16
685.225	34979.82
685.422	35315.69
685.619	35698.66
685.815	35571.68
686.012	35119.08
686.209	34781.17
686.405	35469.28
686.602	35831.77
686.799	35125.22
686.996	35368.93
687.192	35424.23
687.389	36458.45
687.586	34670.57
687.782	34760.69
687.979	36032.47
688.175	35827.68
688.372	35203.05
688.568	35301.35
688.765	35391.46
688.962	35444.71
689.158	35094.5
689.355	34707.44
689.551	34861.04
689.748	34945
689.944	34947.05
690.14	34949.1
690.337	34963.43
690.533	35409.89
690.73	34701.29
690.926	35014.63
691.123	35223.53
691.319	35106.79
691.515	34385.91
691.712	34762.73
691.908	35125.22
692.104	34971.63
692.301	34805.74
692.497	34441.2
692.693	35446.76
692.889	35538.91
693.086	35055.59
693.282	34420.72
693.478	35178.47
693.674	35577.83
693.87	34902
694.067	34566.13
694.263	34779.12
694.459	34822.12
694.655	35168.23
694.851	34564.08
695.047	35176.42
695.243	35446.76
695.439	34844.65
695.635	34471.92
695.831	35143.66
696.027	34613.23
696.224	34289.65
696.42	34947.05
696.615	35020.78
696.811	35127.27
697.007	33857.53
697.203	34093.05
697.399	34533.36
697.595	34375.67
697.791	34461.68
697.987	34430.96
698.183	34910.19
698.379	34453.49
698.575	34183.16
698.77	34428.91
698.966	34641.9
699.162	34877.42
699.358	34217.97
699.554	34306.04
699.749	34858.99
699.945	34639.86
700.141	34328.56
700.337	34367.48
700.532	34256.89
700.728	34484.21
700.924	33552.38
701.119	33546.24
701.315	34306.04
701.511	34375.67
701.706	34418.67
701.902	33359.87
702.097	34344.95
702.293	34256.89
702.489	34160.63
702.684	33955.83
702.88	34809.84
703.075	34332.66
703.271	33771.52
703.466	33562.62
703.662	33767.42
703.857	34396.15
704.053	34031.61
704.248	34203.64
704.443	34527.22
704.639	34478.07
704.834	33669.12
705.03	33536
705.225	33994.75
705.42	34383.86
705.616	33779.71
705.811	34025.46
706.006	34195.45
706.202	34195.45
706.397	34019.32
706.592	33562.62
706.787	34570.22
706.983	33615.87
707.178	34203.64
707.373	33683.45
707.568	34121.72
707.763	34166.77
707.959	33517.57
708.154	33511.42
708.349	33658.88
708.544	34134.01
708.739	33454.08
708.934	32931.85
709.129	33880.06
709.324	33644.54
709.519	33222.66
709.714	33187.85
709.909	34164.73
710.104	33941.5
710.299	33210.37
710.494	33359.87
710.689	33282.05
710.884	33687.55
711.079	33339.4
711.274	33454.08
711.469	34093.05
711.664	33953.79
711.859	33585.15
712.054	33509.38
712.249	33884.15
712.443	33904.63
712.638	32931.85
712.833	33300.48
713.028	33802.24
713.223	33384.45
713.417	33468.42
713.612	32966.66
713.807	33648.64
714.002	34449.39
714.196	33503.23
714.391	33015.82
714.586	33599.49
714.78	33914.87
714.975	32866.31
715.17	32737.29
715.364	33781.76
715.559	34236.41
715.754	32684.05
715.948	32464.91
716.143	33701.89
716.337	33366.02
716.532	33470.47
716.726	32813.07
716.921	33673.21
717.115	33814.52
717.31	32573.45
717.504	33818.62
717.699	33085.45
717.893	32860.17
718.088	32358.42
718.282	32487.44
718.476	33064.97
718.671	33073.16
718.865	32479.25
719.059	32524.3
719.254	32645.13
719.448	33220.61
719.642	35647.46
719.837	32229.4
720.031	34455.54
720.225	33052.68
720.419	32739.34
720.614	32241.68
720.808	33222.66
721.002	32677.9
721.196	32706.57
721.39	32528.4
721.585	33007.62
721.779	33474.56
721.973	32426
722.167	31856.67
722.361	32661.52
722.555	32331.79
722.749	31488.03
722.943	31778.84
723.137	31774.75
723.331	31840.28
723.525	31563.81
723.719	31584.29
723.913	32282.64
724.107	32485.39
724.301	31406.11
724.495	31664.16
724.689	32708.62
724.883	32225.3
725.077	31698.97
725.271	31322.15
725.465	32036.89
725.659	31930.39
725.853	31784.99
726.046	31498.27
726.24	31971.35
726.434	32514.06
726.628	31922.2
726.822	31440.93
727.015	32753.68
727.209	32862.22
727.403	31637.53
727.596	31555.61
727.79	31983.64
727.984	32776.2
728.177	31989.78
728.371	32040.98
728.565	32237.59
728.758	32081.94
728.952	31410.21
729.146	31954.97
729.339	32294.93
729.533	32157.72
729.726	31594.53
729.92	32086.04
730.113	32163.86
730.307	31938.58
730.5	31920.15
730.694	31723.55
730.887	32104.47
731.081	32311.31
731.274	31223.84
731.468	31586.33
731.661	32489.49
731.854	32380.95
732.048	31658.01
732.241	31623.2
732.435	32380.95
732.628	31803.42
732.821	31623.2
733.014	31768.6
733.208	32522.26
733.401	32722.96
733.594	31449.12
733.788	31748.12
733.981	32036.89
734.174	32272.4
734.367	31352.87
734.56	31563.81
734.754	31991.83
734.947	32194.58
735.14	31682.59
735.333	31672.35
735.526	32184.34
735.719	31926.3
735.912	31205.41
736.105	31291.43
736.298	31690.78
736.491	31950.87
736.684	31186.98
736.877	31287.33
737.07	32043.03
737.263	32266.26
737.456	31086.63
737.649	31293.47
737.842	31782.94
738.035	31819.8
738.228	30857.26
738.421	31100.97
738.614	31825.95
738.807	31762.46
739	30687.28
739.192	31186.98
739.385	31512.61
739.578	31649.82
739.771	31707.16
739.964	30783.53
740.156	31473.7
740.349	31352.87
740.542	31328.29
740.735	30519.34
740.927	31252.52
741.12	31262.75
741.313	31055.91
741.505	31412.26
741.698	31514.66
741.891	31459.36
742.083	30949.42
742.276	30545.97
742.468	31539.23
742.661	31236.13
742.854	30791.72
743.046	30933.03
743.239	31244.32
743.431	31295.52
743.624	30531.63
743.816	30570.54
744.009	31244.32
744.201	31576.09
744.393	30982.18
744.586	30230.58
744.778	31125.54
744.971	31021.09
745.163	30472.24
745.355	30591.02
745.548	31281.19
745.74	31414.3
745.932	31017
746.125	30769.19
746.317	31871
746.509	31025.19
746.702	30693.42
746.894	30560.3
747.086	31133.73
747.278	31148.07
747.471	31006.76
747.663	31105.06
747.855	31447.07
748.047	31983.64
748.239	31070.25
748.431	31211.56
748.623	31297.57
748.815	31522.85
749.008	30687.28
749.2	30791.72
749.392	31303.71
749.584	31518.75
749.776	31053.86
749.968	30838.83
750.16	31875.1
750.352	31017
750.544	30781.48
750.736	30683.18
750.928	31334.43
751.12	30924.84
751.311	30373.94
751.503	30656.56
751.695	30885.93
751.887	31242.28
752.079	30468.14
752.271	30298.16
752.463	31320.1
752.654	30558.25
752.846	30292.02
753.038	30005.3
753.23	30470.19
753.421	30521.39
753.613	29831.22
753.805	30539.82
753.997	30513.2
754.188	30658.6
754.38	29945.91
754.572	30269.49
754.763	30113.84
754.955	30541.87
755.146	29929.53
755.338	29769.79
755.53	30564.4
755.721	30498.86
755.913	29913.14
756.104	29519.93
756.296	30089.27
756.487	30277.68
756.679	29761.59
756.87	29577.28
757.062	29605.95
757.253	29739.07
757.445	28878.92
757.636	29614.14
757.827	29804.6
758.019	30322.74
758.21	29302.85
758.401	29261.89
758.593	30351.41
758.784	30588.97
758.975	29573.18
759.167	29079.62
759.358	29739.07
759.549	30038.07
759.74	29059.14
759.932	29315.14
760.123	29673.53
760.314	29489.21
760.505	28799.05
760.696	28850.25
760.888	29716.54
761.079	29485.12
761.27	28710.99
761.461	28926.02
761.652	30142.52
761.843	29280.32
762.034	29251.65
762.225	29347.9
762.416	29429.82
762.607	29012.04
762.798	28397.65
762.989	28653.64
763.18	30388.27
763.371	28883.02
763.562	28573.77
763.753	28608.59
763.944	29085.76
764.135	28794.95
764.326	28741.71
764.517	28428.37
764.708	28803.14
764.899	28768.33
765.089	27799.64
765.28	27813.98
765.471	28678.22
765.662	28794.95
765.853	28084.31
766.043	28098.64
766.234	29073.48
766.425	28749.9
766.615	28248.14
766.806	27918.42
766.997	28420.17
767.187	28133.46
767.378	27605.08
767.569	27127.91
767.759	27949.14
767.95	28072.02
768.141	27924.57
768.331	27504.73
768.522	28522.57
768.712	28411.98
768.903	27531.36
769.093	27431.01
769.284	28151.89
769.474	27902.04
769.665	26781.8
769.855	27132
770.046	28323.92
770.236	27996.24
770.426	27730.01
770.617	27734.1
770.807	27721.82
770.998	27930.71
771.188	27514.97
771.378	27093.09
771.569	27730.01
771.759	27818.07
771.949	26843.24
772.139	26951.78
772.33	27181.15
772.52	27410.53
772.71	26931.3
772.9	26474.6
773.09	27381.85
773.281	27760.73
773.471	26837.09
773.661	26560.62
773.851	27015.27
774.041	27474.01
774.231	26474.6
774.421	27338.85
774.611	27093.09
774.802	27414.62
774.992	26861.67
775.182	26589.29
775.372	27230.3
775.562	27463.77
775.752	26685.54
775.942	26794.09
776.131	27449.44
776.321	27301.98
776.511	26497.13
776.701	26525.8
776.891	27388
777.081	26622.06
777.271	26746.98
777.461	26646.63
777.651	26849.38
777.84	26734.7
778.03	26245.23
778.22	25641.08
778.41	26812.52
778.599	26454.12
778.789	26325.1
778.979	25753.72
779.169	26431.6
779.358	26341.49
779.548	26046.58
779.738	25571.45
779.927	26286.19
780.117	26325.1
780.307	25659.51
780.496	25288.83
780.686	26667.11
780.875	27199.58
781.065	25987.19
781.254	25989.24
781.444	26286.19
781.633	26400.88
781.823	25829.49
782.012	25829.49
782.202	26015.86
782.391	25962.61
782.581	25512.06
782.77	26294.38
782.96	26669.16
783.149	25696.38
783.338	25569.4
783.528	25274.49
783.717	26316.91
783.906	26564.71
784.096	25276.54
784.285	24961.16
784.474	25518.2
784.663	25684.09
784.853	25118.85
785.042	25135.23
785.231	25565.31
785.42	25516.15
785.61	25200.77
785.799	25032.83
785.988	25720.95
786.177	25231.49
786.366	25090.18
786.555	25626.74
786.744	25669.75
786.933	25700.47
787.122	24909.96
787.312	24723.59
787.501	25483.39
787.69	25329.79
787.879	24701.06
788.068	24580.23
788.257	25102.46
788.445	24985.73
788.634	24414.35
788.823	24070.29
789.012	25501.82
789.201	25309.31
789.39	24428.68
789.579	24201.36
789.768	24823.94
789.957	24916.1
790.145	24531.08
790.334	24006.8
790.523	24555.66
790.712	24631.43
790.9	24283.28
791.089	23971.99
791.278	24772.74
791.467	24848.52
791.655	24758.41
791.844	25110.66
792.033	24653.96
792.221	24246.41
792.41	23834.77
792.599	23283.87
792.787	25094.27
792.976	25004.16
793.164	23679.13
793.353	23912.6
793.541	24580.23
793.73	25227.39
793.918	23951.51
794.107	23828.63
794.295	24418.44
794.484	24367.24
794.672	23582.87
794.861	23730.33
795.049	24037.52
795.238	24334.48
795.426	23584.92
795.614	23961.75
795.803	24264.85
795.991	24176.78
796.179	23277.72
796.368	23105.7
796.556	24434.83
796.744	23924.88
796.932	23732.37
797.121	23132.32
797.309	23986.32
797.497	24311.95
797.685	23486.62
797.874	23384.22
798.062	24391.82
798.25	23881.88
798.438	23523.48
798.626	23513.24
798.814	24307.85
799.002	23877.78
799.19	23746.71
799.378	23271.58
799.566	23701.65
799.755	23980.18
799.943	23656.6
800.131	23120.03
800.318	23685.27
800.506	24096.91
800.694	23122.08
800.882	23419.03
801.07	24334.48
801.258	24139.92
801.446	23431.32
801.634	23462.04
801.822	24014.99
802.01	24447.11
802.197	23619.74
802.385	23728.28
802.573	24457.35
802.761	24027.28
802.949	23314.59
803.136	23437.47
803.324	24109.2
803.512	24066.19
803.699	23875.73
803.887	23453.85
804.075	24500.36
804.262	24285.33
804.45	23543.96
804.638	23687.32
804.825	24117.39
805.013	23851.16
805.201	23664.79
805.388	23511.19
805.576	24156.3
805.763	24184.97
805.951	23691.41
806.138	23531.67
806.326	24357
806.513	24250.51
806.701	23806.1
806.888	23883.92
807.075	24701.06
807.263	24357
807.45	23662.74
807.638	23484.57
807.825	24768.65
808.012	24637.58
808.2	23849.11
808.387	24189.07
808.574	24567.95
808.761	24389.77
808.949	23472.28
809.136	24168.59
809.323	24322.19
809.51	24561.8
809.698	24133.78
809.885	24012.95
810.072	24465.55
810.259	24477.83
810.446	23906.45
810.633	23804.05
810.82	24465.55
811.008	24909.96
811.195	24195.21
811.382	23857.3
811.569	24479.88
811.756	23974.03
811.943	23668.89
812.13	23937.17
812.317	24549.51
812.504	24270.99
812.691	23953.55
812.878	24223.89
813.064	24932.48
813.251	24359.05
813.438	24060.05
813.625	24174.74
813.812	24404.11
813.999	24449.16
814.186	24121.49
814.372	24078.48
814.559	24440.97
814.746	24578.18
814.933	23736.47
815.12	23885.97
815.306	23994.51
815.493	24289.42
815.68	23767.19
815.866	23330.97
816.053	24371.34
816.24	24502.41
816.426	23951.51
816.613	23769.24
816.799	24406.16
816.986	24551.56
817.173	24078.48
817.359	23378.08
817.546	24314
817.732	23967.89
817.919	23517.34
818.105	23677.08
818.292	23902.36
818.478	24311.95
818.665	23670.93
818.851	23382.17
819.037	24588.42
819.224	24066.19
819.41	23433.37
819.597	23675.03
819.783	24875.14
819.969	24397.96
820.156	23572.63
820.342	23490.71
820.528	25878.65
820.714	24121.49
820.901	23689.37
821.087	23292.06
821.273	24113.3
821.459	23853.2
821.646	23455.9
821.832	23031.97
822.018	24025.23
822.204	23537.82
822.39	23257.25
822.576	23138.46
822.762	23935.12
822.948	23857.3
823.134	23085.22
823.32	22761.64
823.507	23748.76
823.693	23734.42
823.879	23679.13
824.065	22616.23
824.25	23513.24
824.436	23154.85
824.622	22988.96
824.808	23199.9
824.994	23320.73
825.18	23124.13
825.366	22288.56
825.552	22816.93
825.738	23543.96
825.923	23668.89
826.109	23447.71
826.295	22493.35
826.481	23476.38
826.667	23361.69
826.852	23136.41
827.038	22890.66
827.224	23777.43
827.409	23984.27
827.595	22366.38
827.781	23027.87
827.966	23601.3
828.152	23648.41
828.338	22773.92
828.523	22155.44
828.709	23070.88
828.894	22894.75
829.08	22169.77
829.266	22200.49
829.451	22810.79
829.637	22933.67
829.822	22311.08
830.008	22096.05
830.193	22900.9
830.378	22937.76
830.564	22366.38
830.749	21465.27
830.935	22393
831.12	22216.88
831.305	21389.5
831.491	21616.82
831.676	21979.31
831.861	22325.42
832.047	21991.6
832.232	21559.48
832.417	22335.66
832.602	22515.88
832.788	21663.93
832.973	21512.38
833.158	22169.77
833.343	22298.8
833.528	21942.45
833.714	21635.25
833.899	22194.35
834.084	22503.59
834.269	21858.48
834.454	21407.93
834.639	22186.16
834.824	22306.99
835.009	21874.87
835.194	21604.53
835.379	22218.92
835.564	22448.3
835.749	21516.47
835.934	21450.94
836.119	22032.56
836.304	21997.74
836.489	21285.05
836.674	21725.36
836.859	21917.87
837.044	22464.68
837.228	21661.88
837.413	21090.49
837.598	22208.69
837.783	22100.14
837.968	21360.83
838.152	21104.83
838.337	21123.26
838.522	22186.16
838.707	21887.15
838.891	21706.93
839.076	21663.93
839.261	21801.14
839.445	21424.31
839.63	21635.25
839.815	21868.72
839.999	21366.97
840.184	21018.82
840.368	21113.02
840.553	21545.14
840.737	21256.38
840.922	20601.03
841.106	20517.06
841.291	21061.82
841.475	21557.43
841.66	20789.44
841.844	20527.3
842.029	21975.22
842.213	21285.05
842.397	20922.56
842.582	20488.39
842.766	21561.53
842.951	21412.03
843.135	20408.52
843.319	20355.27
843.504	21180.6
843.688	21682.36
843.872	19890.38
844.056	20408.52
844.241	20732.1
844.425	20826.31
844.609	20568.26
844.793	19898.58
844.977	20809.92
845.161	20584.65
845.346	19749.07
845.53	20086.99
845.714	20793.54
845.898	21029.06
846.082	19280.09
846.266	20123.85
846.45	20383.94
846.634	20545.73
846.818	19792.08
847.002	19855.57
847.186	20662.47
847.37	20160.72
847.554	19368.15
847.738	20089.04
847.922	20306.12
848.106	20334.79
848.29	19439.83
848.473	19462.36
848.657	20205.77
848.841	20236.49
849.025	19697.88
849.209	19319
849.392	20158.67
849.576	20134.09
849.76	19017.95
849.944	19568.85
850.127	20203.72
850.311	19695.83
850.495	19243.23
850.678	18874.59
850.862	20187.34
851.046	20191.44
851.229	19366.1
851.413	19255.51
851.596	19704.02
851.78	20005.07
851.964	19310.81
852.147	19294.43
852.331	20523.21
852.514	20156.62
852.698	19251.42
852.881	18618.6
853.065	19917.01
853.248	19716.31
853.431	19366.1
853.615	19452.12
853.798	20271.31
853.982	19755.22
854.165	18976.99
854.348	18538.73
854.532	19267.8
854.715	19331.29
854.898	18751.71
855.081	18735.33
855.265	19701.97
855.448	19882.19
855.631	18596.07
855.814	18587.88
855.997	19398.87
856.181	19366.1
856.364	19005.66
856.547	18469.09
856.73	19316.95
856.913	19253.47
857.096	18241.77
857.279	18548.96
857.462	18944.22
857.645	19165.4
857.828	18499.81
858.011	18438.37
858.194	18833.63
858.377	18729.19
858.56	18082.03
858.743	18245.87
858.926	18649.32
859.109	18770.15
859.292	17944.81
859.475	17996.01
859.658	19050.72
859.841	18925.79
860.023	17928.43
860.206	17770.74
860.389	18624.74
860.572	18792.67
860.755	18122.99
860.937	18151.66
861.12	18710.75
861.303	18884.83
861.486	18254.06
861.668	17762.54
861.851	18458.85
862.034	18776.29
862.216	17891.57
862.399	17266.94
862.581	18129.13
862.764	18440.42
862.947	17770.74
863.129	17352.95
863.312	17967.34
863.494	18079.98
863.677	18071.79
863.859	17029.37
864.042	18200.81
864.224	17944.81
864.406	17443.06
864.589	16713.98
864.771	17563.89
864.954	17281.27
865.136	17176.83
865.318	16650.5
865.501	18049.26
865.683	17148.15
865.865	17084.67
866.048	16832.77
866.23	17740.02
866.412	17494.26
866.594	16914.69
866.777	17006.84
866.959	17051.9
867.141	17486.07
867.323	17346.81
867.505	17105.15
867.687	17557.75
867.869	17500.4
868.052	16914.69
868.234	16828.67
868.416	17514.74
868.598	17598.71
868.78	16773.38
868.962	16656.64
869.144	17492.21
869.326	17142.01
869.508	16623.87
869.69	16736.51
869.872	16955.65
870.054	17805.55
870.236	16390.41
870.417	16341.25
870.599	16961.79
870.781	17473.78
870.963	16761.09
871.145	16599.3
871.327	16996.6
871.508	17281.27
871.69	16711.94
871.872	16355.59
872.054	17418.49
872.235	17152.25
872.417	16535.81
872.599	16197.9
872.78	17672.43
872.962	16886.01
873.144	16163.08
873.325	16490.76
873.507	17252.6
873.689	16896.25
873.87	16175.37
874.052	16521.48
874.233	16656.64
874.415	17494.26
874.596	16429.32
874.778	16007.44
874.959	16830.72
875.141	17203.45
875.322	16234.76
875.503	16249.1
875.685	17074.43
875.866	16521.48
876.048	16380.17
876.229	16242.95
876.41	16806.14
876.592	17293.56
876.773	16783.62
876.954	16007.44
877.136	17471.73
877.317	17316.09
877.498	16306.44
877.679	16601.35
877.86	17039.61
878.042	17207.55
878.223	16656.64
878.404	17234.17
878.585	17412.34
878.766	17570.04
878.947	17248.5
879.128	16541.96
879.309	17043.71
879.49	17301.75
879.672	16605.44
879.853	16767.23
880.034	16990.46
880.215	17367.29
880.396	16726.27
880.576	16636.16
880.757	17242.36
880.938	17813.74
881.119	16580.87
881.3	16761.09
881.481	17416.44
881.662	18252.01
881.843	16681.22
882.023	16873.73
882.204	17709.3
882.385	17549.56
882.566	16775.42
882.747	17166.59
882.927	17643.76
883.108	17688.82
883.289	16953.6
883.469	17268.98
883.65	17799.41
883.831	17586.42
884.011	17168.63
884.192	17133.82
884.373	17596.66
884.553	17635.57
884.734	17225.98
884.914	17795.31
885.095	18917.6
885.275	18106.6
885.456	17365.24
885.636	17060.09
885.817	17797.36
885.997	17848.56
886.178	17090.81
886.358	17254.65
886.538	17541.36
886.719	19452.12
886.899	16982.27
887.08	17295.61
887.26	18061.55
887.44	17535.22
887.621	17150.2
887.801	17461.49
887.981	18249.96
888.161	18555.11
888.342	17608.95
888.522	17641.71
888.702	18419.94
888.882	18020.59
889.062	17629.43
889.242	17029.37
889.423	18561.25
889.603	18378.98
889.783	18137.32
889.963	17807.6
890.143	18235.63
890.323	18587.88
890.503	17723.63
890.683	17762.54
890.863	18252.01
891.043	18649.32
891.223	17930.48
891.403	18071.79
891.583	18528.49
891.763	18227.43
891.943	17852.66
892.122	17795.31
892.302	18276.59
892.482	18180.33
892.662	17627.38
892.842	17641.71
893.022	18090.22
893.201	17891.57
893.381	17385.72
893.561	17191.16
893.741	18088.17
893.92	17639.67
894.1	17426.68
894.28	17637.62
894.459	18012.4
894.639	17850.61
894.819	17508.6
894.998	17434.87
895.178	17989.87
895.357	17557.75
895.537	17307.9
895.716	17060.09
895.896	17674.48
896.075	18315.5
896.255	17271.03
896.434	17152.25
896.614	18200.81
896.793	17907.95
896.973	17567.99
897.152	17115.39
897.331	17735.92
897.511	17985.77
897.69	16779.52
897.87	17232.12
898.049	17619.19
898.228	17613.04
898.407	17271.03
898.587	17301.75
898.766	17074.43
898.945	17297.66
899.124	17084.67
899.304	16763.14
899.483	17303.8
899.662	17744.11
899.841	16494.85
900.02	16525.57
900.199	17086.72
900.378	17213.69
900.557	16529.67
900.737	16548.1
900.916	17072.38
901.095	17078.52
901.274	16421.13
901.453	16306.44
901.632	16374.02
901.811	16468.23
901.989	16099.59
902.168	15780.11
902.347	16861.44
902.526	16390.41
902.705	16023.82
902.884	16308.49
903.063	16955.65
903.242	16806.14
903.42	15720.72
903.599	15960.33
903.778	16046.35
903.957	16519.43
904.135	15397.14
904.314	15350.04
904.493	15974.67
904.672	15655.19
904.85	15268.12
905.029	15300.89
905.207	15591.7
905.386	16130.31
905.565	14668.06
905.743	14811.42
905.922	15388.95
906.1	15143.19
906.279	14381.35
906.457	14565.67
906.636	15102.23
906.814	15104.28
906.993	14520.61
907.171	14375.2
907.35	14987.55
907.528	15436.05
907.707	14590.24
907.885	14033.19
908.063	14596.39
908.242	14461.22
908.42	14014.76
908.598	13558.07
908.777	14561.57
908.955	14334.25
909.133	14145.83
909.311	13838.64
909.49	14188.84
909.668	14471.46
909.846	13869.36
910.024	13726
910.202	14450.98
910.38	14453.03
910.559	13781.29
910.737	13881.64
910.915	14569.76
911.093	14559.52
911.271	14440.74
911.449	14526.75
911.627	14739.74
911.805	15597.84
911.983	14158.12
912.161	14264.61
912.339	14709.02
912.517	15638.8
912.695	14950.68
912.872	14610.72
913.05	15087.9
913.228	15180.06
913.406	14520.61
913.584	14651.68
913.762	15364.37
913.939	15028.51
914.117	14493.99
914.295	14250.28
914.473	14504.23
914.65	15112.47
914.828	14094.63
915.006	13924.65
915.184	14557.47
915.361	14715.17
915.539	14485.79
915.716	14786.85
915.894	14655.78
916.072	15243.54
916.249	15034.65
916.427	14489.89
916.604	14547.23
916.782	15059.23
916.959	14131.5
917.137	14391.59
917.314	14795.04
917.492	14731.55
917.669	14258.47
917.847	14149.93
918.024	14459.17
918.201	14364.96
918.379	14113.06
918.556	14082.35
918.733	14825.76
918.911	14383.4
919.088	14565.67
919.265	13805.87
919.442	14518.56
919.62	14526.75
919.797	14096.68
919.974	13857.07
920.151	14643.49
920.328	14336.29
920.506	13713.71
920.683	14311.72
920.86	14047.53
921.037	14104.87
921.214	13605.17
921.391	13338.93
921.568	14256.42
921.745	14039.34
921.922	13762.86
922.099	13521.2
922.276	13990.19
922.453	14057.77
922.63	13590.83
922.807	13891.88
922.984	13830.44
923.161	13703.47
923.338	13338.93
923.514	13373.75
923.691	14162.22
923.868	14289.19
924.045	13046.07
924.222	13240.63
924.399	13855.02
924.575	13740.33
924.752	13095.22
924.929	13365.56
925.105	13572.4
925.282	13494.58
925.459	13429.04
925.635	13318.45
925.812	13527.35
925.989	13332.79
926.165	12908.86
926.342	12798.27
926.518	13154.62
926.695	13066.55
926.871	12572.99
927.048	12659.01
927.224	13324.6
927.401	12570.94
927.577	12659.01
927.754	12362.05
927.93	13044.02
928.107	13130.04
928.283	12333.38
928.459	12589.38
928.636	13101.37
928.812	12616
928.988	12161.35
929.165	11755.85
929.341	12474.69
929.517	12693.82
929.693	12818.75
929.87	11747.66
930.046	12665.15
930.222	12241.22
930.398	11653.45
930.574	11940.17
930.751	12063.05
930.927	11940.17
931.103	11659.6
931.279	11573.58
931.455	12056.9
931.631	12071.24
931.807	11393.36
931.983	11118.93
932.159	11319.64
932.335	11657.55
932.511	11311.44
932.687	11227.48
932.863	11600.21
933.039	11360.59
933.215	11143.51
933.391	10905.95
933.566	11215.19
933.742	11200.85
933.918	10678.62
934.094	10195.3
934.27	10905.95
934.445	10699.1
934.621	10432.86
934.797	10307.94
934.973	10725.72
935.148	10615.13
935.324	9992.55
935.5	9695.6
935.675	10535.26
935.851	10258.79
936.027	9847.15
936.202	9548.14
936.378	9996.65
936.553	9705.84
936.729	9843.05
936.904	8950.14
937.08	8997.24
937.255	8913.27
937.431	8853.88
937.606	8292.74
937.782	8716.67
937.957	9099.64
938.133	8216.96
938.308	8077.7
938.483	8505.73
938.659	7971.21
938.834	7868.81
939.009	7473.55
939.185	7788.94
939.36	7371.15
939.535	6832.54
939.71	7336.34
939.886	7731.59
940.061	7500.17
940.236	7383.44
940.411	7055.76
940.586	7530.89
940.761	7195.03
940.937	7018.9
941.112	6541.72
941.287	6824.34
941.462	6867.35
941.637	6304.16
941.812	6558.11
941.987	6916.5
942.162	6824.34
942.337	6513.05
942.512	6255.01
942.687	7231.89
942.862	6822.3
943.037	6074.79
943.212	6009.25
943.386	6390.17
943.561	6556.06
943.736	6468
943.911	6719.9
944.086	6830.49
944.26	6678.94
944.435	6230.43
944.61	6384.03
944.785	6584.73
944.959	7297.42
945.134	6099.36
945.309	6207.91
945.483	6275.49
945.658	6826.39
945.833	5570.99
946.007	5853.61
946.182	6881.69
946.357	6265.25
946.531	6027.68
946.706	5984.68
946.88	6181.28
947.055	6656.41
947.229	6140.32
947.404	5972.39
947.578	6736.28
947.752	6709.66
947.927	5974.44
948.101	5968.29
948.276	7227.79
948.45	6746.52
948.624	6664.6
948.799	6353.31
948.973	6771.1
949.147	6449.57
949.321	6265.25
949.496	6408.61
949.67	7078.29
949.844	6721.95
950.018	6511
950.193	6384.03
950.367	7442.83
950.541	6793.62
950.715	6617.5
950.889	6660.51
951.063	6723.99
951.237	6984.09
951.411	6187.43
951.585	6367.65
951.759	6961.56
951.933	7281.04
952.107	6666.65
952.281	6861.21
952.455	7317.9
952.629	7260.56
952.803	6871.45
952.977	6787.48
953.151	7373.2
953.325	7063.96
953.499	7018.9
953.672	6465.95
953.846	6916.5
954.02	7025.04
954.194	6767
954.368	6676.89
954.541	7596.43
954.715	7213.46
954.889	6904.21
955.062	6754.71
955.236	7100.82
955.41	7186.83
955.583	7221.65
955.757	6711.71
955.93	7405.97
956.104	7174.55
956.278	6855.06
956.451	6820.25
956.625	7516.56
956.798	8003.97
956.972	7518.61
957.145	6836.63
957.319	7915.91
957.492	7412.11
957.665	7322
957.839	6951.32
958.012	7299.47
958.185	7262.61
958.359	7063.96
958.532	7334.29
958.705	7365.01
958.879	7453.07
959.052	7227.79
959.225	6738.33
959.398	7463.31
959.572	7573.9
959.745	7012.76
959.918	6908.31
960.091	7389.58
960.264	7641.48
960.438	6971.8
960.611	6943.13
960.784	7643.53
960.957	7377.3
961.13	7520.65
961.303	6875.54
961.476	7358.86
961.649	7741.83
961.822	7094.68
961.995	7297.42
962.168	7418.25
962.341	7762.31
962.514	7262.61
962.686	7190.93
962.859	7610.76
963.032	7598.48
963.205	7229.84
963.378	6785.43
963.551	7567.76
963.723	7250.32
963.896	7256.47
964.069	7315.86
964.242	7475.6
964.414	8180.1
964.587	7104.92
964.76	7186.83
964.932	7537.04
965.105	7408.01
965.278	6889.88
965.45	7012.76
965.623	7627.15
965.795	7606.67
965.968	6998.42
966.14	6779.29
966.313	7516.56
966.485	7268.75
966.658	6795.67
966.83	6977.94
967.003	7539.08
967.175	7479.69
967.348	6949.27
967.52	6973.85
967.692	7907.72
967.865	7514.51
968.037	7092.63
968.209	7063.96
968.382	7287.18
968.554	7375.25
968.726	6597.02
968.898	6637.98
969.071	7586.19
969.243	7195.03
969.415	6877.59
969.587	7047.57
969.759	7471.5
969.932	7164.31
970.104	6699.42
970.276	6404.51
970.448	7047.57
970.62	7088.53
970.792	6969.75
970.964	6930.84
971.136	7360.91
971.308	7115.16
971.48	6613.4
971.652	6617.5
971.824	7330.19
971.996	6932.89
972.168	6390.17
972.339	6785.43
972.511	7014.8
972.683	6965.65
972.855	6740.38
973.027	6580.64
973.199	7252.37
973.37	7106.96
973.542	6515.1
973.714	6545.82
973.886	6478.24
974.057	6685.08
974.229	6449.57
974.401	6384.03
974.572	6562.2
974.744	6349.22
974.915	6246.82
975.087	6144.42
975.259	7043.48
975.43	6613.4
975.602	6349.22
975.773	6134.18
975.945	6642.07
976.116	6832.54
976.288	6343.07
976.459	6592.92
976.63	6470.05
976.802	6752.66
976.973	6080.93
977.145	6482.33
977.316	7223.7
977.487	6879.64
977.659	6187.43
977.83	6171.04
978.001	6963.61
978.172	6762.9
978.344	6011.3
978.515	6232.48
978.686	6377.89
978.857	6883.73
979.028	6064.55
979.2	5945.77
979.371	6953.37
979.542	6521.24
979.713	6224.29
979.884	5509.55
980.055	6091.17
980.226	6351.26
980.397	5958.05
980.568	5681.58
980.739	6459.81
980.91	6179.23
981.081	6220.19
981.252	5835.17
981.423	6023.59
981.594	6234.53
981.765	5738.92
981.936	5976.48
982.106	6015.4
982.277	6234.53
982.448	5648.81
982.619	5816.74
982.79	5880.23
982.96	6191.52
983.131	5896.61
983.302	5380.53
983.472	6048.16
983.643	6132.13
983.814	5833.13
983.984	5591.47
984.155	5874.09
984.326	6119.84
984.496	5767.59
984.667	5415.34
984.837	5536.17
985.008	6220.19
985.178	5814.7
985.349	5425.58
985.519	5734.82
985.69	5583.27
985.86	5388.72
986.031	5188.02
986.201	5902.76
986.371	5759.4
986.542	5173.68
986.712	5011.89
986.882	5781.93
987.053	5738.92
987.223	5065.14
987.393	5538.22
987.563	5476.78
987.734	5665.19
987.904	5745.06
988.074	5085.62
988.244	5566.89
988.414	5530.03
988.585	4991.41
988.755	5040.56
988.925	5478.83
989.095	5753.26
989.265	4884.92
989.435	5286.32
989.605	5585.32
989.775	5618.09
989.945	5468.59
990.115	4944.31
990.285	5396.91
990.455	5274.03
990.625	5130.67
990.795	4835.77
990.965	5505.45
991.134	5237.17
991.304	4852.15
991.474	4682.17
991.644	5280.18
991.814	5388.72
991.984	4344.25
992.153	4649.4
992.323	5106.1
992.493	5310.89
992.662	4409.79
992.832	4772.28
993.002	5026.23
993.171	5239.22
993.341	4301.25
993.511	4514.24
993.68	4813.24
993.85	5286.32
994.019	4434.36
994.189	4194.75
994.358	4954.55
994.528	4714.94
994.697	4139.46
994.867	4168.13
995.036	5130.67
995.206	4723.13
995.375	4178.37
995.544	4579.77
995.714	5032.37
995.883	4626.87
996.052	4645.31
996.222	3871.17
996.391	5114.29
996.56	4755.9
996.73	4075.97
996.899	3807.69
997.068	4936.12
997.237	4598.2
997.406	4075.97
997.576	4047.3
997.745	4897.21
997.914	4393.4
998.083	3635.66
998.252	3926.47
998.421	4647.35
998.59	4270.53
998.759	3992
998.928	3617.22
999.097	4757.94
999.266	4635.07
999.435	4047.3
999.604	3549.64
999.773	4737.46
999.942	4174.27
1000.111	3361.23
1000.28	3586.51
1000.448	4190.66
1000.617	4055.49
1000.786	3905.99
1000.955	3514.83
1001.124	4370.88
1001.292	4680.12
1001.461	3600.84
1001.63	3453.39
1001.798	4219.33
1001.967	4147.65
1002.136	3518.92
1002.304	3533.26
1002.473	4374.97
1002.642	4084.16
1002.81	3606.98
1002.979	3480.01
1003.147	4356.54
1003.316	4307.39
1003.484	3475.91
1003.653	3652.04
1003.821	3965.38
1003.99	3656.14
1004.158	3772.87
1004.327	3615.18
1004.495	3987.91
1004.663	3819.97
1004.832	3461.58
1005	3238.35
1005.168	3930.56
1005.337	3637.7
1005.505	3002.83
1005.673	3672.52
1005.842	3955.14
1006.01	3731.91
1006.178	3078.61
1006.346	3178.96
1006.514	3666.38
1006.683	4176.32
1006.851	3082.7
1007.019	3269.07
1007.187	3600.84
1007.355	3275.21
1007.523	2734.55
1007.691	2890.2
1007.859	3285.45
1008.027	4055.49
1008.195	2927.06
1008.363	2720.21
1008.531	3389.9
1008.699	3588.55
1008.867	2707.93
1009.035	2931.16
1009.203	4006.34
1009.37	3570.12
1009.538	2941.4
1009.706	3693
1009.874	3402.19
1010.042	3338.7
1010.209	2601.43
1010.377	2599.38
1010.545	3482.06
1010.713	3221.97
1010.88	2836.95
1011.048	2814.42
1011.216	3361.23
1011.383	3627.46
1011.551	2646.49
1011.718	2583
1011.886	3369.42
1012.054	3312.08
1012.221	2564.57
1012.389	2404.83
1012.556	3281.36
1012.724	3508.68
1012.891	2681.3
1013.058	2226.65
1013.226	3234.25
1013.393	3133.9
1013.561	2284
1013.728	2148.83
1013.895	3355.08
1014.063	3066.32
1014.23	2183.65
1014.397	2312.67
1014.565	3078.61
1014.732	2744.79
1014.899	2212.32
1015.066	2284
1015.233	3060.18
1015.401	3072.47
1015.568	2228.7
1015.735	2421.21
1015.902	3146.19
1016.069	3174.86
1016.236	2343.39
1016.403	2060.77
1016.57	2595.29
1016.737	3295.69
1016.904	2214.37
1017.071	2066.91
1017.238	2421.21
1017.405	2718.17
1017.572	2177.5
1017.739	2687.45
1017.906	3234.25
1018.073	3082.7
1018.24	1978.85
1018.407	2384.35
1018.573	2828.76
1018.74	2757.08
1018.907	2200.03
1019.074	1767.91
1019.241	2691.54
1019.407	2494.94
1019.574	2099.68
1019.741	1817.06
1019.907	2970.07
1020.074	3031.51
1020.241	1657.32
1020.407	1796.58
1020.574	2331.1
1020.74	2470.36
1020.907	1890.79
1021.073	1692.13
1021.24	3138
1021.406	2689.49
1021.573	1714.66
1021.739	1892.84
1021.906	2709.97
1022.072	2298.33
1022.239	1782.24
1022.405	1917.41
1022.571	2482.65
1022.738	2400.73
1022.904	1778.15
1023.07	1999.33
1023.237	2324.96
1023.403	2589.14
1023.569	1700.33
1023.735	1796.58
1023.902	2353.63
1024.068	2427.35
1024.234	1364.46
1024.4	1690.09
1024.566	2175.45
1024.732	2421.21
1024.898	1681.89
1025.065	1423.85
1025.231	2204.13
1025.397	2120.16
1025.563	1606.12
1025.729	1567.21
1025.895	1812.96
1026.061	1964.51
1026.227	1337.84
1026.392	1673.7
1026.558	2284
1026.724	2308.57
1026.89	1470.95
1027.056	1681.89
1027.222	1984.99
1027.388	2185.69
1027.553	1567.21
1027.719	1513.96
1027.885	2517.47
1028.051	2001.38
1028.216	1194.48
1028.382	1477.1
1028.548	2154.98
1028.713	1956.32
1028.879	1229.29
1029.045	1608.17
1029.21	2234.85
1029.376	2222.56
1029.541	1421.8
1029.707	1346.03
1029.873	2099.68
1030.038	2036.19
1030.204	1257.96
1030.369	1214.96
1030.534	2093.54
1030.7	1751.53
1030.865	1419.75
1031.031	1163.76
1031.196	1958.37
1031.361	1909.22
1031.527	1225.2
1031.692	1339.88
1031.857	1632.74
1032.023	1903.07
1032.188	1075.7
1032.353	1249.77
1032.518	1989.09
1032.684	1829.35
1032.849	1038.83
1033.014	1260.01
1033.179	1847.78
1033.344	1878.5
1033.509	1300.97
1033.674	1165.81
1033.839	1882.6
1034.004	1808.87
1034.17	1077.74
1034.335	1018.35
1034.5	1591.78
1034.664	1622.5
1034.829	1120.75
1034.994	1229.29
1035.159	1444.33
1035.324	1798.63
1035.489	1124.85
1035.654	1044.98
1035.819	2218.46
1035.984	1602.02
1036.148	1247.72
1036.313	1178.09
1036.478	1831.4
1036.643	1493.48
1036.807	977.39
1036.972	784.88
1037.137	2204.13
1037.301	1550.82
1037.466	846.32
1037.631	1137.13
1037.795	1776.1
1037.96	1589.74
1038.124	1239.53
1038.289	797.17
1038.454	1565.16
1038.618	1716.71
1038.783	1108.46
1038.947	1063.41
1039.111	1337.84
1039.276	1497.58
1039.44	811.51
1039.605	1653.22
1039.769	1368.56
1039.933	1452.52
1040.098	1016.3
1040.262	1280.49
1040.426	1645.03
1040.591	1401.32
1040.755	791.03
1040.919	905.71
1041.083	1753.57
1041.248	1313.26
1041.412	598.52
1041.576	807.41
1041.74	1427.95
1041.904	1364.46
1042.068	788.98
1042.232	858.61
1042.397	1772
1042.561	1382.89
1042.725	461.3
1042.889	817.65
1043.053	1417.71
1043.217	1364.46
1043.381	801.27
1043.544	518.65
1043.708	1399.27
1043.872	1206.77
1044.036	412.15
1044.2	555.51
1044.364	1573.35
1044.528	1593.83
1044.691	3912.13
1044.855	606.71
1045.019	1446.38
1045.183	1403.37
1045.346	799.22
1045.51	485.88
1045.674	1468.91
1045.837	1214.96
1046.001	643.57
1046.165	641.53
1046.328	1692.13
1046.492	1161.71
1046.655	944.63
1046.819	692.73
1046.983	1165.81
1047.146	1174
1047.31	739.83
1047.473	332.28
1047.636	1124.85
1047.8	1044.98
1047.963	821.75
1048.127	453.11
1048.29	1014.26
