345.52	-1305.41
345.736	-1305.41
345.952	-1305.41
346.168	-1301.31
346.384	-1321.79
346.6	-205.65
346.816	-281.43
347.032	-260.95
347.248	572.58
347.464	-314.19
347.68	-183.12
347.896	-56.15
348.112	304.29
348.328	-62.29
348.544	21.67
348.76	218.28
348.975	246.95
349.191	-289.62
349.407	-412.5
349.623	226.47
349.839	66.73
350.055	-193.36
350.27	38.06
350.486	132.26
350.702	236.71
350.918	412.84
351.133	-179.03
351.349	179.37
351.565	509.09
351.781	-394.06
351.996	58.54
352.212	191.66
352.428	167.08
352.644	-314.19
352.859	-285.52
353.075	332.97
353.291	152.74
353.506	-158.55
353.722	-392.02
353.938	-4.95
354.153	500.9
354.369	298.15
354.584	-283.47
354.8	261.29
355.016	-35.67
355.231	-301.9
355.447	-52.05
355.662	515.23
355.878	738.46
356.093	-416.59
356.309	-84.82
356.524	-56.15
356.74	431.27
356.955	-398.16
357.171	-68.44
357.386	337.06
357.602	-66.39
357.817	-90.96
358.033	-97.11
358.248	416.93
358.464	310.44
358.679	-217.94
358.895	-375.63
359.11	101.55
359.325	197.8
359.541	496.8
359.756	-35.67
359.972	-105.3
360.187	597.15
360.402	-246.61
360.618	-277.33
360.833	1735.82
361.048	142.5
361.264	-170.83
361.479	-15.19
361.694	267.43
361.909	324.77
362.125	-322.38
362.34	-166.74
362.555	359.59
362.77	318.63
362.986	-373.58
363.201	-195.41
363.416	316.58
363.631	107.69
363.847	-256.85
364.062	-242.51
364.277	214.18
364.492	93.35
364.707	-195.41
364.922	-430.93
365.138	283.81
365.353	443.56
365.568	-371.54
365.783	-109.4
365.998	439.46
366.213	695.46
366.428	-312.14
366.643	179.37
366.858	369.83
367.073	353.45
367.288	-127.83
367.503	-207.7
367.718	60.59
367.933	517.28
368.148	-326.48
368.363	-31.57
368.578	431.27
368.793	568.48
369.008	-80.72
369.223	-326.48
369.438	351.4
369.653	341.16
369.868	-342.86
370.083	-283.47
370.298	283.81
370.513	615.59
370.728	144.55
370.943	-160.59
371.157	36.01
371.372	783.52
371.587	-250.71
371.802	-310.1
372.017	169.13
372.232	537.76
372.446	-37.72
372.661	-252.75
372.876	253.09
373.091	435.36
373.306	-99.16
373.52	-437.07
373.735	117.93
373.95	607.39
374.165	-150.36
374.379	-185.17
374.594	-7
374.809	502.95
375.023	105.64
375.238	-242.51
375.453	384.16
375.667	9.39
375.882	-187.22
376.097	-207.7
376.311	173.22
376.526	386.21
376.741	-258.9
376.955	281.77
377.17	644.26
377.384	1088.67
377.599	167.08
377.813	-396.11
378.028	990.36
378.242	431.27
378.457	-54.1
378.672	-306
378.886	113.83
379.101	158.89
379.315	-332.62
379.53	-31.57
379.744	478.37
379.958	390.31
380.173	-187.22
380.387	-238.42
380.602	480.42
380.816	50.35
381.031	-47.96
381.245	-154.45
381.459	318.63
381.674	3355.77
381.888	-340.82
382.103	357.54
382.317	212.14
382.531	578.72
382.746	33.96
382.96	-170.83
383.174	230.57
383.388	754.85
383.603	203.94
383.817	-289.62
384.031	255.14
384.246	584.87
384.46	52.39
384.674	877.73
384.888	181.42
385.103	410.79
385.317	-308.05
385.531	95.4
385.745	939.16
385.959	519.33
386.174	-273.23
386.388	-217.94
386.602	267.43
386.816	156.84
387.03	-17.24
387.244	15.53
387.458	326.82
387.672	621.73
387.887	-260.95
388.101	-111.44
388.315	603.3
388.529	251.05
388.743	-152.4
388.957	-164.69
389.171	689.31
389.385	101.55
389.599	-215.89
389.813	203.94
390.027	363.69
390.241	900.25
390.455	-45.91
390.669	105.64
390.883	253.09
391.097	732.32
391.311	341.16
391.525	-136.02
391.738	738.46
391.952	717.98
392.166	154.79
392.38	-314.19
392.594	603.3
392.808	484.52
393.022	33.96
393.236	52.39
393.449	443.56
393.663	660.64
393.877	-99.16
394.091	81.07
394.305	263.33
394.518	337.06
394.732	-164.69
394.946	9.39
395.16	1004.7
395.373	388.26
395.587	-95.06
395.801	-50
396.015	609.44
396.228	468.13
396.442	-113.49
396.656	-189.27
396.869	609.44
397.083	1025.18
397.297	124.07
397.51	-4.95
397.724	558.24
397.938	500.9
398.151	-250.71
398.365	-203.6
398.578	640.16
398.792	804
399.005	322.73
399.219	-0.85
399.433	474.28
399.646	601.25
399.86	320.68
400.073	451.75
400.287	535.71
400.5	562.34
400.714	265.38
400.927	156.84
401.141	767.13
401.354	2098.31
401.567	836.77
401.781	-121.68
401.994	586.91
402.208	928.92
402.421	228.52
402.635	58.54
402.848	203.94
403.061	644.26
403.275	173.22
403.488	-15.19
403.701	814.24
403.915	877.73
404.128	287.91
404.341	56.49
404.555	1031.32
404.768	314.53
404.981	373.92
405.195	85.16
405.408	748.7
405.621	679.07
405.834	478.37
406.048	21.67
406.261	883.87
406.474	713.89
406.687	27.82
406.9	328.87
407.114	636.06
407.327	849.05
407.54	-33.62
407.753	-88.92
407.966	427.17
408.179	535.71
408.392	111.78
408.605	-109.4
408.819	691.36
409.032	789.66
409.245	124.07
409.458	500.9
409.671	603.3
409.884	914.59
410.097	-4.95
410.31	476.32
410.523	963.74
410.736	554.15
410.949	271.53
411.162	205.99
411.375	795.81
411.588	558.24
411.801	482.47
412.014	169.13
412.227	515.23
412.44	558.24
412.653	269.48
412.865	533.67
413.078	978.08
413.291	824.48
413.504	414.88
413.717	154.79
413.93	847.01
414.143	484.52
414.356	408.74
414.568	-19.29
414.781	900.25
414.994	763.04
415.207	443.56
415.42	421.03
415.632	685.22
415.845	1262.74
416.058	76.97
416.271	177.32
416.483	930.97
416.696	1074.33
416.909	208.04
417.121	189.61
417.334	672.93
417.547	971.93
417.759	132.26
417.972	330.92
418.185	664.74
418.397	900.25
418.61	402.6
418.823	279.72
419.035	1121.43
419.248	783.52
419.46	328.87
419.673	537.76
419.885	699.55
420.098	783.52
420.311	273.57
420.523	52.39
420.736	951.45
420.948	728.22
421.161	390.31
421.373	226.47
421.586	679.07
421.798	672.93
422.01	117.93
422.223	658.59
422.435	591.01
422.648	1066.14
422.86	439.46
423.073	533.67
423.285	918.68
423.497	609.44
423.71	388.26
423.922	500.9
424.134	1135.77
424.347	1309.85
424.559	783.52
424.771	930.97
424.984	908.44
425.196	1006.75
425.408	312.49
425.621	404.64
425.833	1057.95
426.045	1246.36
426.257	330.92
426.47	674.98
426.682	902.3
426.894	916.64
427.106	464.04
427.318	607.39
427.531	930.97
427.743	1119.39
427.955	742.56
428.167	1334.42
428.379	914.59
428.591	783.52
428.804	769.18
429.016	449.7
429.228	1100.95
429.44	1176.73
429.652	14439.37
429.864	410.79
430.076	1045.66
430.288	1119.39
430.5	758.94
430.712	765.09
430.924	1141.91
431.136	1236.12
431.348	515.23
431.56	595.11
431.772	990.36
431.984	935.07
432.196	517.28
432.408	709.79
432.62	1098.91
432.832	1166.49
433.044	1160.34
433.256	892.06
433.468	1266.84
433.679	928.92
433.891	472.23
434.103	1127.58
434.315	1635.47
434.527	1279.13
434.739	967.84
434.95	738.46
435.162	1270.94
435.374	914.59
435.586	826.53
435.798	814.24
436.009	1111.19
436.221	1100.95
436.433	1125.53
436.645	820.38
436.856	1100.95
437.068	1569.94
437.28	717.98
437.491	1207.45
437.703	1420.44
437.915	1305.75
438.126	775.33
438.338	1258.65
438.55	1223.83
438.761	1258.65
438.973	910.49
439.184	961.69
439.396	1303.7
439.608	1328.28
439.819	812.19
440.031	1113.24
440.242	1559.7
440.454	1506.45
440.665	1019.04
440.877	1197.21
441.088	1576.08
441.3	1447.06
441.511	765.09
441.723	922.78
441.934	1885.33
442.146	1553.55
442.357	1141.91
442.569	1651.86
442.78	1701.01
442.991	2065.55
443.203	1590.42
443.414	939.16
443.626	1819.79
443.837	1459.35
444.048	1008.8
444.26	806.05
444.471	1533.08
444.682	1588.37
444.894	1062.04
445.105	965.79
445.316	1879.18
445.528	1686.67
445.739	1324.18
445.95	1352.85
446.161	1496.21
446.373	1715.34
446.584	1195.16
446.795	1166.49
447.006	1914
447.217	1938.57
447.429	1008.8
447.64	910.49
447.851	2464.9
448.062	1868.94
448.273	1019.04
448.484	1176.73
448.695	1705.1
448.907	1770.64
449.118	1365.14
449.329	1580.18
449.54	1617.04
449.751	1653.91
449.962	1395.86
450.173	1248.41
450.384	1852.56
450.595	2258.06
450.806	1330.33
451.017	1297.56
451.228	2057.36
451.439	1967.24
451.65	1434.77
451.861	1043.61
452.072	1803.41
452.283	1803.41
452.494	1608.85
452.705	1379.48
452.915	2417.8
453.126	1891.47
453.337	1612.95
453.548	1356.95
453.759	2352.26
453.97	2256.01
454.181	2034.83
454.391	1541.27
454.602	2081.93
454.813	2444.42
455.024	1678.48
455.235	1481.88
455.445	2280.58
455.656	2002.06
455.867	1885.33
456.078	1637.52
456.288	1920.14
456.499	2466.95
456.71	1524.88
456.921	1977.48
457.131	2106.51
457.342	2065.55
457.553	1682.58
457.763	1838.22
457.974	2213
458.184	2290.82
458.395	1686.67
458.606	1705.1
458.816	2665.6
459.027	2684.03
459.237	2045.07
459.448	1780.88
459.659	2571.4
459.869	3400.82
460.08	1707.15
460.29	2147.47
460.501	2786.43
460.711	2591.88
460.922	1764.5
461.132	1821.84
461.343	3224.7
461.553	2262.15
461.764	1748.11
461.974	2131.08
462.184	2794.62
462.395	2854.02
462.605	2126.99
462.816	1875.09
463.026	2780.29
463.236	2638.98
463.447	2004.11
463.657	2131.08
463.867	2892.93
464.078	2636.93
464.288	2233.48
464.498	2432.13
464.709	2792.58
464.919	2829.44
465.129	2184.33
465.339	2378.89
465.55	2909.31
465.76	3107.96
465.97	2501.76
466.18	2417.8
466.391	3200.12
466.601	3026.04
466.811	2681.99
467.021	2276.49
467.231	3204.22
467.441	3404.92
467.651	2624.64
467.862	2188.43
468.072	3257.46
468.282	3300.47
468.492	2612.35
468.702	2897.02
468.912	3505.27
469.122	4021.36
469.332	3153.02
469.542	2964.61
469.752	3994.73
469.962	3544.18
470.172	2802.82
470.382	3050.62
470.592	4007.02
470.802	3728.5
471.012	3409.01
471.222	3179.64
471.432	3644.53
471.642	3964.01
471.852	3552.37
472.062	3290.23
472.272	3871.86
472.482	3738.74
472.691	3325.05
472.901	3402.87
473.111	3724.4
473.321	4578.4
473.531	3466.36
473.741	3789.94
473.95	4308.07
474.16	4107.37
474.37	3949.68
474.58	3566.71
474.79	4973.66
474.999	4523.11
475.209	3796.08
475.419	3978.35
475.628	4519.01
475.838	5100.64
476.048	4267.11
476.258	3900.53
476.467	4967.52
476.677	4672.61
476.886	4738.15
477.096	4512.87
477.306	4734.05
477.515	5078.11
477.725	4676.71
477.935	4858.98
478.144	5692.5
478.354	5121.12
478.563	4748.39
478.773	4553.83
478.982	5497.94
479.192	5600.34
479.401	4932.7
479.611	4899.94
479.82	5293.15
480.03	5590.1
480.239	4965.47
480.449	4846.69
480.658	5923.92
480.868	5940.3
481.077	5399.64
481.287	5192.8
481.496	5932.11
481.705	6343.75
481.915	5811.28
482.124	5739.6
482.333	6118.48
482.543	6483.02
482.752	5971.02
482.961	5667.92
483.171	6452.3
483.38	6087.76
483.589	6122.57
483.799	5919.82
484.008	6554.69
484.217	6513.74
484.426	6292.55
484.636	6052.94
484.845	6777.92
485.054	6513.74
485.263	6872.13
485.472	6417.48
485.682	7089.21
485.891	6876.23
486.1	6206.54
486.309	6569.03
486.518	7314.49
486.727	7992.37
486.936	6460.49
487.146	6728.77
487.355	7674.93
487.564	7226.43
487.773	6956.1
487.982	6839.36
488.191	7459.9
488.4	7820.34
488.609	7081.02
488.818	7152.7
489.027	8197.17
489.236	8062
489.445	7369.79
489.654	7111.74
489.863	8270.89
490.072	8191.02
490.281	8008.75
490.49	7717.94
490.698	8356.91
490.907	8713.25
491.116	7900.21
491.325	7554.1
491.534	8393.77
491.743	8188.97
491.952	8186.93
492.16	8068.14
492.369	8645.67
492.578	8778.79
492.787	8107.05
492.996	7912.5
493.204	8506.41
493.413	9227.29
493.622	8086.58
493.831	8016.94
494.039	9327.64
494.248	8655.91
494.457	8395.82
494.665	8295.47
494.874	9262.11
495.083	9593.88
495.291	8727.59
495.5	8580.14
495.709	9282.59
495.917	9288.73
496.126	8827.94
496.335	8725.54
496.543	9399.32
496.752	9427.99
496.96	9366.56
497.169	8963.11
497.377	9384.99
497.586	9720.85
497.794	9233.44
498.003	8752.17
498.211	9620.5
498.42	10220.56
498.628	9366.56
498.837	9196.57
499.045	10046.48
499.254	9772.05
499.462	9407.52
499.671	9471
499.879	10746.89
500.087	10230.8
500.296	9516.06
500.504	9606.17
500.713	10224.65
500.921	10837
501.129	9593.88
501.338	9581.59
501.546	10552.33
501.754	10404.88
501.962	9923.6
502.171	9780.25
502.379	10607.62
502.587	10818.57
502.795	10152.98
503.004	10097.68
503.212	10750.98
503.42	11035.65
503.628	10351.63
503.837	10406.92
504.045	10830.85
504.253	11279.36
504.461	10253.33
504.669	10322.96
504.877	11602.94
505.085	11213.82
505.294	10445.84
505.502	10839.05
505.71	11594.75
505.918	11058.18
506.126	10339.34
506.334	10429.45
506.542	11437.05
506.75	11285.5
506.958	11142.14
507.166	10716.17
507.374	11072.51
507.582	11711.48
507.79	10939.4
507.998	10937.35
508.206	11996.15
508.414	11746.3
508.622	10892.29
508.83	11246.59
509.037	11758.58
509.245	11340.8
509.453	11037.7
509.661	11033.6
509.869	11936.76
510.077	11469.82
510.285	11535.35
510.492	10732.55
510.7	12547.05
510.908	11707.38
511.116	11201.54
511.324	11322.37
511.531	11820.02
511.739	12291.06
511.947	11916.28
512.155	12020.72
512.362	12297.2
512.57	11973.62
512.778	11371.52
512.985	11344.89
513.193	12182.51
513.401	12510.19
513.608	11797.49
513.816	11828.21
514.024	12456.94
514.231	12528.62
514.439	11832.31
514.646	12053.49
514.854	12696.55
515.061	12731.37
515.269	12174.32
515.477	12020.72
515.684	12555.24
515.892	12909.54
516.099	11893.75
516.307	12010.48
516.514	13042.66
516.722	13239.26
516.929	12121.07
517.136	12043.25
517.344	13161.44
517.551	12966.88
517.759	12147.7
517.966	12624.87
518.173	12930.02
518.381	13265.89
518.588	12375.02
518.796	12362.73
519.003	13386.72
519.21	13108.19
519.418	12659.69
519.625	12999.65
519.832	13470.69
520.039	13435.87
520.247	12264.43
520.454	12887.01
520.661	13468.64
520.868	13505.5
521.076	12788.71
521.283	13083.62
521.49	14420.94
521.697	13585.37
521.904	13046.76
522.112	13059.04
522.319	13835.22
522.526	13630.43
522.733	13140.96
522.94	13165.54
523.147	13906.9
523.354	14040.02
523.561	13079.52
523.768	13605.85
523.975	14365.65
524.183	13849.56
524.39	13947.86
524.597	13419.49
524.804	13935.57
525.011	13941.72
525.218	13560.8
525.425	13706.2
525.632	14703.56
525.838	14013.4
526.045	13665.24
526.252	13804.5
526.459	16061.37
526.666	16053.17
526.873	13931.48
527.08	14021.59
527.287	14531.53
527.494	14676.94
527.701	13900.76
527.907	14267.34
528.114	14975.94
528.321	14705.61
528.528	13931.48
528.735	14427.09
528.941	14959.56
529.148	14754.76
529.355	14341.07
529.562	14439.37
529.768	15741.88
529.975	14916.55
530.182	14418.89
530.388	14402.51
530.595	15506.37
530.802	14869.45
531.008	14812.1
531.215	14576.59
531.422	16026.55
531.628	16118.71
531.835	14699.47
532.042	14830.54
532.248	15457.21
532.455	15692.73
532.661	14838.73
532.868	15010.76
533.074	15674.3
533.281	16128.95
533.487	15164.36
533.694	15143.88
533.9	15776.7
534.107	15416.26
534.313	15272.9
534.52	15205.31
534.726	16053.17
534.933	16630.7
535.139	15233.99
535.345	15408.06
535.552	16341.94
535.758	16212.92
535.965	15346.62
536.171	15266.75
536.377	16260.02
536.584	16980.9
536.79	15748.03
536.996	15997.88
537.203	16456.62
537.409	16583.6
537.615	15713.21
537.821	16090.04
538.028	17304.48
538.234	16673.71
538.44	15764.41
538.646	16081.85
538.853	16460.72
539.059	16698.28
539.265	16585.65
539.471	15731.64
539.677	16712.62
539.883	16966.57
540.09	17666.97
540.296	16882.6
540.502	17042.34
540.708	16513.97
540.914	16737.2
541.12	16427.95
541.326	17349.54
541.532	17257.38
541.738	16765.87
541.944	16589.74
542.15	17494.94
542.356	17183.65
542.562	16708.52
542.768	16714.67
542.974	17583.01
543.18	17583.01
543.386	16980.9
543.592	16599.98
543.798	18195.35
544.004	17746.84
544.21	16989.1
544.415	17101.73
544.621	17636.25
544.827	18539.41
545.033	16747.44
545.239	17773.47
545.445	17687.45
545.651	18119.57
545.856	17222.56
546.062	17447.84
546.268	17998.74
546.474	17877.91
546.679	17109.93
546.885	17531.81
547.091	17875.87
547.297	18414.48
547.502	17380.26
547.708	17048.49
547.914	17789.85
548.119	18434.96
548.325	17181.6
548.531	17171.36
548.736	18654.09
548.942	17861.53
549.147	17613.73
549.353	18103.19
549.559	18650
549.764	18439.06
549.97	17331.11
550.175	17695.64
550.381	18678.67
550.586	18320.28
550.792	17746.84
550.997	17896.35
551.203	18627.47
551.408	18867.08
551.614	17806.23
551.819	17902.49
552.025	19192.71
552.23	18604.94
552.435	18027.42
552.641	18412.43
552.846	18402.19
553.052	19567.49
553.257	18760.59
553.462	18516.88
553.668	18836.36
553.873	18840.46
554.078	18424.72
554.283	18469.78
554.489	19260.29
554.694	18928.52
554.899	18457.49
555.105	19016.58
555.31	19643.26
555.515	19583.87
555.72	19035.02
555.925	19886.97
556.131	19846.01
556.336	19479.43
556.541	18836.36
556.746	18693.01
556.951	20095.86
557.156	19729.28
557.361	19250.05
557.567	19241.86
557.772	19968.89
557.977	20007.8
558.182	19022.73
558.387	19008.39
558.592	19798.91
558.797	20325.24
559.002	19368.84
559.207	19587.97
559.412	20261.75
559.617	20476.79
559.822	18905.99
560.027	18953.1
560.232	19766.14
560.437	20020.09
560.642	19028.87
560.847	19655.55
561.051	20036.47
561.256	20138.87
561.461	19575.68
561.666	19485.57
561.871	19927.93
562.076	20943.72
562.281	19923.83
562.485	19293.06
562.69	20351.86
562.895	20179.83
563.1	19510.14
563.305	19618.69
563.509	20636.53
563.714	20798.32
563.919	19934.07
564.123	19932.03
564.328	20364.15
564.533	20786.03
564.737	19768.19
564.942	19772.28
565.147	20626.29
565.351	20642.67
565.556	19962.75
565.761	19874.68
565.965	20943.72
566.17	20544.37
566.374	20243.32
566.579	19817.34
566.784	20548.47
566.988	20620.14
567.193	20007.8
567.397	20237.17
567.602	20593.52
567.806	21023.59
568.011	20448.11
568.215	20509.55
568.42	20829.04
568.624	21035.88
568.828	20224.89
569.033	20718.45
569.237	21654.37
569.442	21504.87
569.646	20306.8
569.85	20644.72
570.055	21420.9
570.259	21289.83
570.463	20843.37
570.668	20663.15
570.872	21265.25
571.076	21207.91
571.281	21019.5
571.485	20896.62
571.689	21754.72
571.893	21525.35
572.098	21025.64
572.302	20706.16
572.506	21762.91
572.71	21756.77
572.914	21058.41
573.119	20923.24
573.323	21603.17
573.527	21820.25
573.731	21195.62
573.935	20941.68
574.139	21703.52
574.343	21623.65
574.547	21234.53
574.751	21511.01
574.955	22446.93
575.159	22090.59
575.364	21277.54
575.568	21273.45
575.772	22002.52
575.976	22362.97
576.18	21007.21
576.383	21539.68
576.587	22334.29
576.791	22211.42
576.995	21230.44
577.199	21175.14
577.403	22004.57
577.607	22582.1
577.811	21666.66
578.015	21740.38
578.219	22375.25
578.422	22655.82
578.626	21824.35
578.83	22254.42
579.034	22625.11
579.238	22395.73
579.442	21873.5
579.645	22559.57
579.849	22541.14
580.053	23321.41
580.257	22088.54
580.46	22215.51
580.664	22969.16
580.868	22780.75
581.071	22319.96
581.275	22117.21
581.479	22557.52
581.682	22848.33
581.886	22170.46
582.09	22117.21
582.293	23133
582.497	23208.78
582.7	22606.67
582.904	22440.79
583.107	23114.57
583.311	23249.74
583.515	22469.46
583.718	22682.45
583.922	23130.95
584.125	23968.57
584.329	22483.8
584.532	22827.85
584.735	23659.33
584.939	22977.36
585.142	22274.9
585.346	22242.14
585.549	23083.85
585.753	23407.43
585.956	22684.5
586.159	22774.61
586.363	23704.38
586.566	23681.86
586.769	22721.36
586.973	22471.51
587.176	23538.5
587.379	23749.44
587.582	23167.82
587.786	23296.84
587.989	23751.49
588.192	24697.65
588.395	23280.46
588.599	23921.47
588.802	23925.57
589.005	23845.69
589.208	23345.99
589.411	23483.2
589.615	23597.89
589.818	24113.98
590.021	23749.44
590.224	23532.36
590.427	24423.22
590.63	24636.21
590.833	23432.01
591.036	23782.21
591.239	24394.55
591.442	24374.07
591.645	24054.59
591.848	23788.35
592.051	24427.32
592.254	24580.92
592.457	24032.06
592.66	24124.22
592.863	24435.51
593.066	25000.75
593.269	23960.38
593.472	24255.29
593.675	24644.4
593.878	24560.44
594.081	24222.52
594.284	24193.85
594.486	24601.4
594.689	24587.06
594.892	24087.36
595.095	24552.24
595.298	24879.92
595.5	24738.61
595.703	24689.46
595.906	24554.29
596.109	24838.96
596.311	25047.85
596.514	23900.99
596.717	24693.55
596.92	25402.15
597.122	25510.69
597.325	24267.58
597.528	24668.98
597.73	25561.89
597.933	25529.13
598.136	24611.64
598.338	24652.59
598.541	25639.72
598.743	25797.41
598.946	25068.33
599.148	25269.03
599.351	25637.67
599.554	25617.19
599.756	24871.73
599.959	25344.81
600.161	25690.91
600.363	26223.39
600.566	25271.08
600.768	25146.15
600.971	25666.34
601.173	25576.23
601.376	24974.13
601.578	25357.1
601.78	25404.2
601.983	26325.78
602.185	25240.36
602.388	25742.11
602.59	25981.73
602.792	26088.22
602.995	25496.36
603.197	25008.94
603.399	25905.95
603.601	26393.37
603.804	25254.7
604.006	25541.41
604.208	25592.61
604.41	25588.52
604.613	25609
604.815	25510.69
605.017	26338.07
605.219	26057.5
605.421	26481.43
605.623	25367.34
605.826	26393.37
606.028	26737.43
606.23	25709.35
606.432	25479.97
606.634	26426.14
606.836	26782.48
607.038	25672.48
607.24	25869.09
607.442	26327.83
607.644	26317.59
607.846	26217.24
608.048	25695.01
608.25	26743.57
608.452	26139.42
608.654	25531.17
608.856	25498.41
609.058	26268.44
609.26	26800.91
609.462	25787.17
609.664	25987.87
609.866	26471.19
610.067	26444.57
610.269	25998.11
610.471	25875.23
610.673	26200.86
610.875	26718.99
611.077	25879.33
611.278	26057.5
611.48	26637.08
611.682	26712.85
611.884	26143.52
612.085	26024.73
612.287	26223.39
612.489	26387.22
612.69	25770.79
612.892	26069.79
613.094	27034.38
613.295	26385.18
613.497	25719.59
613.699	25979.68
613.9	27130.64
614.102	26931.98
614.304	26116.89
614.505	25881.38
614.707	26786.58
614.908	27298.57
615.11	26098.46
615.311	26333.98
615.513	26811.15
615.714	26647.32
615.916	25948.96
616.117	26448.66
616.319	26888.98
616.52	27104.01
616.722	26164
616.923	25887.52
617.124	27341.58
617.326	26823.44
617.527	26710.8
617.729	26811.15
617.93	26880.78
618.131	27067.15
618.333	26336.02
618.534	26424.09
618.735	26661.65
618.937	27357.96
619.138	26366.74
619.339	26374.94
619.54	27323.15
619.742	27269.9
619.943	26635.03
620.144	26471.19
620.345	27224.84
620.546	27302.67
620.748	26241.82
620.949	26493.72
621.15	27181.84
621.351	26813.2
621.552	26549.01
621.753	26139.42
621.954	27052.81
622.155	27437.83
622.356	26024.73
622.558	26825.49
622.759	27360.01
622.96	27591.43
623.161	26827.54
623.362	26530.58
623.563	27693.83
623.764	27302.67
623.965	26755.86
624.166	27228.94
624.366	27003.66
624.567	27396.87
624.768	26710.8
624.969	26608.4
625.17	27411.21
625.371	27581.19
625.572	27337.48
625.773	26921.74
625.973	27765.51
626.174	27484.94
626.375	26907.41
626.576	26780.43
626.777	27247.37
626.977	27706.12
627.178	27218.7
627.379	26884.88
627.58	27583.24
627.78	27552.52
627.981	26794.77
628.182	27335.43
628.382	27609.86
628.583	27204.36
628.784	26630.93
628.984	27046.67
629.185	27345.67
629.386	27777.79
629.586	27460.36
629.787	27230.99
629.987	28001.02
630.188	27910.91
630.388	26923.79
630.589	27167.5
630.79	28300.03
630.99	27249.42
631.191	26862.35
631.391	27683.59
631.591	27734.79
631.792	27489.03
631.992	27349.77
632.193	27286.28
632.393	27872
632.594	27659.01
632.794	26827.54
632.994	27237.13
633.195	27857.67
633.395	27454.22
633.595	27411.21
633.796	27785.99
633.996	28015.36
634.196	28148.48
634.397	27425.54
634.597	27556.61
634.797	27792.13
634.997	28142.33
635.198	27427.59
635.398	27321.1
635.598	28142.33
635.798	28052.22
635.998	27937.54
636.199	27632.39
636.399	27716.36
636.599	27998.98
636.799	27642.63
636.999	27699.97
637.199	28300.03
637.399	28306.17
637.599	27613.96
637.799	27446.02
637.999	28250.88
638.199	28562.17
638.399	28244.73
638.599	27620.1
638.799	28558.07
638.999	28947.18
639.199	28443.38
639.399	28357.37
639.599	28916.47
639.799	28154.62
639.999	27523.85
640.199	27872
640.399	28021.5
640.599	27984.64
640.799	28209.92
640.998	27910.91
641.198	28338.94
641.398	28388.09
641.598	28332.79
641.798	28287.74
641.997	29561.58
642.197	28478.2
642.397	28160.76
642.597	27855.62
642.796	28728.05
642.996	28195.58
643.196	28302.07
643.395	27882.24
643.595	28592.89
643.795	28498.68
643.994	28312.31
644.194	28302.07
644.394	28996.34
644.593	29444.84
644.793	28510.97
644.992	28713.72
645.192	28920.56
645.392	28637.94
645.591	28793.59
645.791	28459.77
645.99	29516.52
646.19	28623.61
646.389	28304.12
646.589	28490.49
646.788	28801.78
646.987	28992.24
647.187	29022.96
647.386	28738.29
647.586	29166.32
647.785	29358.83
647.984	28418.81
648.184	28977.9
648.383	28713.72
648.582	28781.3
648.782	28414.71
648.981	28654.33
649.18	28410.62
649.38	29348.59
649.579	28685.04
649.778	28803.83
649.977	29684.45
650.177	28740.34
650.376	28226.3
650.575	28533.5
650.774	29344.49
650.973	28666.61
651.173	28162.81
651.372	28947.18
651.571	29129.45
651.77	29293.29
651.969	28779.25
652.168	29076.21
652.367	28961.52
652.566	29240.04
652.765	28670.71
652.964	29678.31
653.163	29680.36
653.362	29266.67
653.561	28744.44
653.76	29190.89
653.959	29397.74
654.158	29557.48
654.357	29326.06
654.556	28660.47
654.755	29846.24
654.954	29653.73
655.153	28697.33
655.352	29197.04
655.551	29446.89
655.749	29289.2
655.948	29100.78
656.147	29127.41
656.346	29561.58
656.545	29211.37
656.743	28932.85
656.942	29303.53
657.141	29338.35
657.34	29514.47
657.538	29135.6
657.737	28877.55
657.936	30153.44
658.135	29373.16
658.333	29111.02
658.532	29563.62
658.731	29979.36
658.929	29956.83
659.128	29686.5
659.326	29186.8
659.525	29950.69
659.724	29780.71
659.922	29117.17
660.121	28963.57
660.319	29537
660.518	29326.06
660.716	29459.18
660.915	29125.36
661.113	30196.45
661.312	29344.49
661.51	29424.36
661.709	29238
661.907	29897.44
662.105	30184.16
662.304	29246.19
662.502	29625.06
662.701	29782.76
662.899	29694.69
663.097	29907.68
663.296	29180.65
663.494	29803.24
663.692	29891.3
663.891	28926.71
664.089	29119.21
664.287	29661.93
664.485	30063.33
664.684	29485.8
664.882	29530.86
665.08	30087.9
665.278	30149.34
665.476	29682.41
665.675	29919.97
665.873	30024.42
666.071	30233.31
666.269	29397.74
666.467	30032.61
666.665	30139.1
666.863	29663.97
667.061	29784.8
667.259	29387.5
667.457	29797.09
667.655	29657.83
667.853	29278.96
668.051	30233.31
668.249	29657.83
668.447	30044.9
668.645	29399.79
668.843	29926.11
669.041	29811.43
669.239	29469.42
669.437	29659.88
669.635	29772.52
669.833	30304.99
670.031	30120.67
670.229	29463.27
670.426	29559.53
670.624	29674.21
670.822	29696.74
671.02	29258.48
671.218	29227.76
671.415	29610.73
671.613	29709.03
671.811	29627.11
672.009	29465.32
672.206	29766.37
672.404	29825.76
672.602	29731.56
672.799	29571.82
672.997	30053.09
673.195	29930.21
673.392	29553.38
673.59	29123.31
673.788	29944.55
673.985	29215.47
674.183	29440.75
674.38	29450.99
674.578	30135.01
674.775	29567.72
674.973	28965.62
675.17	28918.51
675.368	29530.86
675.565	29524.71
675.763	29324.01
675.96	29164.27
676.158	30040.8
676.355	29252.33
676.553	29293.29
676.75	29418.22
676.947	29645.54
677.145	29659.88
677.342	29190.89
677.539	29229.8
677.737	30094.05
677.934	29432.55
678.131	28934.9
678.329	29016.82
678.526	30104.29
678.723	29903.59
678.92	29438.7
679.118	29244.14
679.315	29147.89
679.512	30012.13
679.709	29108.97
679.906	28990.19
680.104	29749.99
680.301	29532.9
680.498	28660.47
680.695	28668.66
680.892	29391.59
681.089	29500.14
681.286	29035.25
681.483	28453.62
681.68	28982
681.877	29915.87
682.075	29053.68
682.272	28953.33
682.469	29113.07
682.665	29375.21
682.862	28279.55
683.059	28537.59
683.256	28812.02
683.453	29002.48
683.65	28836.59
683.847	29041.39
684.044	29094.64
684.241	29006.58
684.438	29012.72
684.635	28173.05
684.831	29403.88
685.028	29678.31
685.225	28621.56
685.422	29129.45
685.619	29371.11
685.815	29352.68
686.012	29324.01
686.209	28797.68
686.405	28762.87
686.602	29182.7
686.799	28678.9
686.996	28441.34
687.192	28678.9
687.389	29477.61
687.586	28136.19
687.782	28386.04
687.979	29590.25
688.175	29082.35
688.372	28304.12
688.568	28424.95
688.765	28498.68
688.962	28775.16
689.158	28488.44
689.355	28035.84
689.551	28592.89
689.748	29186.8
689.944	28478.2
690.14	28312.31
690.337	28750.58
690.533	29260.52
690.73	28246.78
690.926	28390.14
691.123	28146.43
691.319	28674.81
691.515	27771.65
691.712	28240.64
691.908	28338.94
692.104	28338.94
692.301	28168.96
692.497	28130.05
692.693	29025.01
692.889	28752.63
693.086	28601.08
693.282	28408.57
693.478	28744.44
693.674	29156.08
693.87	28312.31
694.067	28082.94
694.263	28873.46
694.459	28453.62
694.655	28158.72
694.851	28220.16
695.047	28541.69
695.243	28721.91
695.439	28293.88
695.635	27943.68
695.831	28410.62
696.027	28003.07
696.224	27781.89
696.42	28449.53
696.615	28760.82
696.811	28130.05
697.007	27384.58
697.203	27515.65
697.399	28044.03
697.595	27800.32
697.791	27153.16
697.987	27826.95
698.183	28308.22
698.379	27740.93
698.575	27724.55
698.77	27814.66
698.966	28189.44
699.162	28179.2
699.358	27454.22
699.554	27781.89
699.749	28109.57
699.945	27964.16
700.141	27601.67
700.337	27599.62
700.532	27732.74
700.728	27702.02
700.924	27519.75
701.119	27415.3
701.315	27820.8
701.511	27697.92
701.706	27826.95
701.902	27327.24
702.097	27968.26
702.293	27654.92
702.489	27417.35
702.684	27273.99
702.88	28044.03
703.075	28070.65
703.271	27575.05
703.466	27591.43
703.662	27624.2
703.857	28263.16
704.053	27712.26
704.248	27716.36
704.443	28287.74
704.639	27607.81
704.834	27558.66
705.03	27734.79
705.225	27994.88
705.42	27867.91
705.616	27331.34
705.811	27030.29
706.006	27824.9
706.202	27593.48
706.397	27198.22
706.592	27065.1
706.787	27712.26
706.983	27122.44
707.178	27550.47
707.373	27214.6
707.568	27536.13
707.763	27855.62
707.959	27069.2
708.154	27153.16
708.349	27620.1
708.544	28056.32
708.739	27249.42
708.934	26694.42
709.129	27507.46
709.324	27357.96
709.519	26944.27
709.714	26622.74
709.909	27816.71
710.104	27814.66
710.299	27106.06
710.494	27173.64
710.689	27667.2
710.884	27061.01
711.079	26843.92
711.274	26741.52
711.469	27321.1
711.664	27493.13
711.859	26983.18
712.054	27077.39
712.249	27304.71
712.443	27409.16
712.638	26718.99
712.833	26649.36
713.028	27667.2
713.223	27603.72
713.417	27581.19
713.612	26944.27
713.807	27919.1
714.002	28666.61
714.196	27179.79
714.391	26825.49
714.586	27159.31
714.78	27403.02
714.975	26503.96
715.17	26729.23
715.364	27194.12
715.559	27216.65
715.754	25545.51
715.948	26348.31
716.143	27179.79
716.337	26938.13
716.532	27101.97
716.726	27042.57
716.921	27214.6
717.115	27464.46
717.31	26348.31
717.504	27788.03
717.699	27001.61
717.893	26987.28
718.088	26675.99
718.282	26614.55
718.476	26669.84
718.671	26716.95
718.865	26501.91
719.059	26221.34
719.254	26614.55
719.448	27020.05
719.642	28689.14
719.837	25877.28
720.031	28238.59
720.225	26393.37
720.419	26096.41
720.614	25795.36
720.808	26553.11
721.002	26487.57
721.196	26170.14
721.39	25879.33
721.585	26376.98
721.779	26659.6
721.973	26024.73
722.167	25670.43
722.361	26266.39
722.555	26712.85
722.749	25787.17
722.943	25504.55
723.137	26166.04
723.331	26440.47
723.525	25932.57
723.719	26004.25
723.913	26493.72
724.107	26764.05
724.301	25781.03
724.495	25809.7
724.689	26831.63
724.883	26235.67
725.077	25867.04
725.271	25817.89
725.465	26542.87
725.659	25965.34
725.853	25793.31
726.046	25711.39
726.24	25856.8
726.434	26430.23
726.628	25936.67
726.822	25645.86
727.015	26553.11
727.209	26559.25
727.403	25795.36
727.596	25240.36
727.79	26399.51
727.984	26524.44
728.177	25871.14
728.371	26047.26
728.565	26411.8
728.758	26202.91
728.952	25647.91
729.146	25828.13
729.339	26618.64
729.533	26100.51
729.726	25598.76
729.92	25494.31
730.113	26712.85
730.307	26030.88
730.5	25713.44
730.694	25377.58
730.887	25688.87
731.081	26243.87
731.274	25135.92
731.468	25432.87
731.661	25953.05
731.854	25819.94
732.048	25281.32
732.241	25490.21
732.435	25989.92
732.628	25944.86
732.821	25555.75
733.014	25537.32
733.208	25852.7
733.401	26174.24
733.594	25600.8
733.788	25449.25
733.981	26127.13
734.174	26080.03
734.367	25191.21
734.56	25934.62
734.754	26065.69
734.947	26385.18
735.14	25199.4
735.333	25799.46
735.526	26458.9
735.719	25873.18
735.912	25293.61
736.105	25359.14
736.298	25899.81
736.491	25965.34
736.684	25039.66
736.877	25215.79
737.07	25631.52
737.263	25938.72
737.456	25299.75
737.649	25234.22
737.842	26303.26
738.035	25750.31
738.228	25281.32
738.421	25322.28
738.614	26010.4
738.807	25977.63
739	24668.98
739.192	25232.17
739.385	25350.95
739.578	25844.51
739.771	25426.73
739.964	24791.86
740.156	26041.12
740.349	25733.92
740.542	25459.49
740.735	24904.49
740.927	25379.62
741.12	25508.65
741.313	24824.62
741.505	25690.91
741.698	25418.53
741.891	25662.24
742.083	24951.6
742.276	25023.28
742.468	26041.12
742.661	25178.92
742.854	24910.64
743.046	25033.52
743.239	25539.36
743.431	25887.52
743.624	25027.37
743.816	24673.07
744.009	25166.63
744.201	25428.77
744.393	25322.28
744.586	24984.37
744.778	25441.06
744.971	25846.56
745.163	24732.47
745.355	25295.66
745.548	25428.77
745.74	25477.93
745.932	25146.15
746.125	25584.42
746.317	25862.94
746.509	25555.75
746.702	24949.55
746.894	24992.56
747.086	25754.4
747.278	25598.76
747.471	25019.18
747.663	24781.62
747.855	25516.84
748.047	25183.02
748.239	24554.29
748.431	24611.64
748.623	25766.69
748.815	25049.9
749.008	24329.02
749.2	24693.55
749.392	25418.53
749.584	25428.77
749.776	24955.69
749.968	25240.36
750.16	25256.75
750.352	25205.55
750.544	24738.61
750.736	24564.53
750.928	25154.35
751.12	25045.8
751.311	24267.58
751.503	25023.28
751.695	25037.61
751.887	25129.77
752.079	24675.12
752.271	24679.22
752.463	25758.5
752.654	25127.72
752.846	24841.01
753.038	24859.44
753.23	24861.49
753.421	24642.35
753.613	24484.66
753.805	24879.92
753.997	24986.41
754.188	25391.91
754.38	24343.35
754.572	24210.23
754.763	24519.48
754.955	24652.59
755.146	24451.89
755.338	24185.66
755.53	24804.14
755.721	24474.42
755.913	23962.43
756.104	24120.12
756.296	24492.85
756.487	24916.78
756.679	23845.69
756.87	23843.65
757.062	24441.65
757.253	24453.94
757.445	23692.1
757.636	24097.59
757.827	24560.44
758.019	25289.51
758.21	23728.96
758.401	24025.92
758.593	24937.26
758.784	24636.21
758.975	23239.5
759.167	23567.17
759.358	24144.7
759.549	24265.53
759.74	23495.49
759.932	23599.94
760.123	23798.59
760.314	24156.99
760.505	23595.84
760.696	23339.85
760.888	24001.34
761.079	23831.36
761.27	23601.99
761.461	23126.86
761.652	24113.98
761.843	23935.81
762.034	23812.93
762.225	24042.3
762.416	23745.34
762.607	23841.6
762.798	23251.78
762.989	23049.03
763.18	24869.68
763.371	23921.47
763.562	22836.05
763.753	23223.11
763.944	23608.13
764.135	23362.37
764.326	23372.61
764.517	22936.4
764.708	23599.94
764.899	23530.31
765.089	22516.56
765.28	22375.25
765.471	22713.17
765.662	23321.41
765.853	22614.87
766.043	22293.33
766.234	23655.23
766.425	23307.08
766.615	22747.98
766.806	22547.28
766.997	23364.42
767.187	23503.68
767.378	22567.76
767.569	22844.24
767.759	22983.5
767.95	23257.93
768.141	22913.87
768.331	22557.52
768.522	23370.57
768.712	23479.11
768.903	22713.17
769.093	22541.14
769.284	23071.56
769.474	23098.19
769.665	21883.74
769.855	22147.93
770.046	23173.96
770.236	22770.51
770.426	22426.45
770.617	21969.76
770.807	22412.12
770.998	23046.99
771.188	22668.11
771.378	22383.45
771.569	23276.36
771.759	22618.96
771.949	21810.01
772.139	22006.62
772.33	22178.65
772.52	22602.58
772.71	21830.49
772.9	21932.89
773.09	22747.98
773.281	23030.6
773.471	21934.94
773.661	21967.71
773.851	22549.33
774.041	22629.2
774.231	21904.22
774.421	22465.36
774.611	22606.67
774.802	22573.91
774.992	22262.61
775.182	21787.49
775.372	22670.16
775.562	22512.47
775.752	21646.18
775.942	21580.64
776.131	22491.99
776.321	22119.26
776.511	21033.83
776.701	21302.12
776.891	22381.4
777.081	21693.28
777.271	21468
777.461	21054.31
777.651	21898.08
777.84	21830.49
778.03	21453.67
778.22	21472.1
778.41	21875.55
778.599	21740.38
778.789	20951.91
778.979	21023.59
779.169	21838.69
779.358	21658.46
779.548	21402.47
779.738	20956.01
779.927	21707.62
780.117	20890.48
780.307	20880.24
780.496	20423.54
780.686	21947.23
780.875	22162.26
781.065	20769.65
781.254	20626.29
781.444	21341.03
781.633	21007.21
781.823	20325.24
782.012	20810.61
782.202	21422.95
782.391	21347.17
782.581	20896.62
782.77	20962.15
782.96	21453.67
783.149	20775.79
783.338	20304.76
783.528	19932.03
783.717	21095.27
783.906	21443.43
784.096	20519.79
784.285	20433.78
784.474	20734.83
784.663	20808.56
784.853	20028.28
785.042	20364.15
785.231	20736.88
785.42	20837.23
785.61	20396.92
785.799	19940.22
785.988	20775.79
786.177	20302.71
786.366	20050.81
786.555	20546.42
786.744	20480.88
786.933	20579.18
787.122	19682.17
787.312	19753.85
787.501	20484.98
787.69	20398.96
787.879	19835.77
788.068	19733.37
788.257	20038.52
788.445	20298.61
788.634	19700.61
788.823	19708.8
789.012	20974.44
789.201	20659.06
789.39	19665.79
789.579	19436.42
789.768	20378.48
789.957	20614
790.145	19889.02
790.334	19477.38
790.523	19587.97
790.712	20147.06
790.9	19483.52
791.089	19133.32
791.278	19917.69
791.467	19825.53
791.655	20028.28
791.844	20319.09
792.033	19934.07
792.221	19751.81
792.41	19352.45
792.599	19106.7
792.787	19944.31
792.976	19864.44
793.164	19278.72
793.353	18979.72
793.541	20210.55
793.73	19827.58
793.918	19297.16
794.107	19221.38
794.295	20001.66
794.484	19590.02
794.672	19155.85
794.861	19133.32
795.049	19788.67
795.238	20347.76
795.426	19037.06
795.614	19035.02
795.803	19788.67
795.991	19831.68
796.179	19100.55
796.368	18967.43
796.556	19907.45
796.744	19379.07
796.932	19090.31
797.121	18406.29
797.309	19471.23
797.497	19594.11
797.685	18723.72
797.874	18613.13
798.062	19301.25
798.25	19835.77
798.438	18977.67
798.626	18936.71
798.814	19776.38
799.002	19813.24
799.19	19172.23
799.378	18936.71
799.566	19540.86
799.755	19704.7
799.943	19110.79
800.131	19272.58
800.318	19374.98
800.506	19667.84
800.694	18572.18
800.882	19018.63
801.07	20108.15
801.258	19667.84
801.446	19035.02
801.634	19016.58
801.822	19374.98
802.01	19702.65
802.197	18975.63
802.385	19272.58
802.573	19485.57
802.761	19489.67
802.949	18981.77
803.136	18865.03
803.324	19760
803.512	19690.37
803.699	18985.86
803.887	18723.72
804.075	19706.75
804.262	19432.32
804.45	18938.76
804.638	19071.88
804.825	19596.16
805.013	19618.69
805.201	19147.65
805.388	18957.19
805.576	19342.21
805.763	19870.59
805.951	18989.96
806.138	19000.2
806.326	19841.92
806.513	19653.5
806.701	19415.94
806.888	18690.96
807.075	19542.91
807.263	19770.24
807.45	18838.41
807.638	18766.73
807.825	19874.68
808.012	19520.38
808.2	19063.69
808.387	19567.49
808.574	19755.9
808.761	20175.73
808.949	18914.19
809.136	19233.67
809.323	19477.38
809.51	20065.14
809.698	19524.48
809.885	19198.85
810.072	19932.03
810.259	20284.28
810.446	19092.36
810.633	19243.91
810.82	19747.71
811.008	20099.96
811.195	19542.91
811.382	19202.95
811.569	20011.9
811.756	19397.51
811.943	19270.53
812.13	19237.77
812.317	19827.58
812.504	19637.12
812.691	19008.39
812.878	19235.72
813.064	19944.31
813.251	19368.84
813.438	19008.39
813.625	19045.26
813.812	19424.13
813.999	19428.23
814.186	19012.49
814.372	18817.93
814.559	19743.61
814.746	19737.47
814.933	18709.39
815.12	19368.84
815.306	19274.63
815.493	19297.16
815.68	19096.46
815.866	18682.77
816.053	19790.72
816.24	19852.16
816.426	18985.86
816.613	18678.67
816.799	19786.62
816.986	19878.78
817.173	19407.75
817.359	18998.15
817.546	19762.05
817.732	19254.15
817.919	19116.93
818.105	19561.34
818.292	19667.84
818.478	20009.85
818.665	19422.08
818.851	19274.63
819.037	20231.03
819.224	19460.99
819.41	18746.25
819.597	18686.86
819.783	19950.46
819.969	19616.64
820.156	18932.62
820.342	19032.97
820.528	20523.89
820.714	18957.19
820.901	19043.21
821.087	18559.89
821.273	19411.84
821.459	19364.74
821.646	18781.07
821.832	18547.6
822.018	19547.01
822.204	19540.86
822.39	18914.19
822.576	18727.82
822.762	19049.35
822.948	19575.68
823.134	18940.81
823.32	18707.34
823.507	18928.52
823.693	19420.03
823.879	18998.15
824.065	18547.6
824.25	18824.08
824.436	18934.67
824.622	18445.2
824.808	18604.94
824.994	18893.71
825.18	19090.31
825.366	18201.49
825.552	18543.5
825.738	19116.93
825.923	19129.22
826.109	18693.01
826.295	18412.43
826.481	18629.52
826.667	18740.11
826.852	18834.32
827.038	18088.85
827.224	19254.15
827.409	19039.11
827.595	17902.49
827.781	18359.19
827.966	19256.2
828.152	19063.69
828.338	18326.42
828.523	17822.62
828.709	18875.27
828.894	19180.42
829.08	18258.84
829.266	18142.1
829.451	18729.87
829.637	19080.07
829.822	18498.45
830.008	18209.68
830.193	18910.09
830.378	19055.5
830.564	18090.9
830.749	17820.57
830.935	18477.97
831.12	18185.11
831.305	17540
831.491	17855.39
831.676	18119.57
831.861	18371.47
832.047	17689.5
832.232	17734.56
832.417	18693.01
832.602	18568.08
832.788	17859.48
832.973	17519.52
833.158	18383.76
833.343	18043.8
833.528	17793.95
833.714	17603.49
833.899	17845.15
834.084	18455.44
834.269	18109.33
834.454	17234.85
834.639	18146.2
834.824	17875.87
835.009	17269.67
835.194	17621.92
835.379	18217.88
835.564	18127.77
835.749	17154.98
835.934	17032.1
836.119	17922.97
836.304	18013.08
836.489	17040.29
836.674	17871.77
836.859	17656.73
837.044	18035.61
837.228	17404.83
837.413	16866.22
837.598	17939.35
837.783	17849.24
837.968	17290.15
838.152	17243.04
838.337	17427.36
838.522	17914.78
838.707	18111.38
838.891	17505.18
839.076	17671.07
839.261	17712.03
839.445	17378.21
839.63	17277.86
839.815	18373.52
839.999	17302.43
840.184	17030.05
840.368	17154.98
840.553	17955.74
840.737	17607.58
840.922	16614.32
841.106	16808.87
841.291	17269.67
841.475	17519.52
841.66	16817.07
841.844	16935.85
842.029	18015.13
842.213	17025.96
842.397	16360.37
842.582	16352.18
842.766	17241
842.951	17501.09
843.135	16716.72
843.319	16683.95
843.504	17021.86
843.688	17499.04
843.872	16106.42
844.056	16458.67
844.241	17191.84
844.425	17216.42
844.609	16645.04
844.793	16313.27
844.977	17556.38
845.161	17032.1
845.346	16153.52
845.53	16245.68
845.714	16933.8
845.898	17279.91
846.082	16219.06
846.266	16444.34
846.45	16636.84
846.634	16976.81
846.818	16112.56
847.002	16317.36
847.186	16677.8
847.37	16272.31
847.554	15858.62
847.738	16450.48
847.922	16632.75
848.106	16581.55
848.29	15778.75
848.473	15963.06
848.657	16518.06
848.841	16141.24
849.025	15500.22
849.209	15674.3
849.392	16563.12
849.576	16255.92
849.76	15713.21
849.944	15897.53
850.127	16683.95
850.311	15942.58
850.495	15666.11
850.678	15385.54
850.862	16278.45
851.046	16526.25
851.229	15946.68
851.413	15410.11
851.596	16663.47
851.78	15858.62
851.964	15694.78
852.147	15719.35
852.331	16589.74
852.514	16614.32
852.698	15725.5
852.881	15385.54
853.065	15897.53
853.248	16067.51
853.431	15879.1
853.615	15637.44
853.798	16989.1
853.982	16208.82
854.165	15553.47
854.348	15201.22
854.532	15897.53
854.715	15483.84
854.898	15324.1
855.081	15354.82
855.265	16237.49
855.448	16268.21
855.631	15201.22
855.814	15240.13
855.997	16040.89
856.181	15942.58
856.364	15498.17
856.547	15248.32
856.73	15840.18
856.913	15602.62
857.096	15037.38
857.279	15320
857.462	15375.3
857.645	15784.89
857.828	15461.31
858.011	15143.88
858.194	15530.94
858.377	15528.89
858.56	14891.98
858.743	14832.58
858.926	15096.77
859.109	15248.32
859.292	14656.46
859.475	14658.51
859.658	15754.17
859.841	15410.11
860.023	14625.74
860.206	14549.96
860.389	15281.09
860.572	15428.54
860.755	14492.62
860.937	14783.43
861.12	14961.61
861.303	15162.31
861.486	14488.53
861.668	14363.6
861.851	14836.68
862.034	15248.32
862.216	14750.67
862.399	14083.03
862.581	14988.23
862.764	15041.48
862.947	14359.5
863.129	14017.49
863.312	14296.02
863.494	14830.54
863.677	14246.87
863.859	13485.02
864.042	14263.25
864.224	14672.84
864.406	13921.24
864.589	13573.08
864.771	14279.63
864.954	14312.4
865.136	13704.15
865.318	13251.55
865.501	14812.1
865.683	14015.44
865.865	13890.52
866.048	13698.01
866.23	14650.32
866.412	14291.92
866.594	13634.52
866.777	14021.59
866.959	14183.38
867.141	14398.41
867.323	13923.29
867.505	13933.53
867.687	14136.27
867.869	14169.04
868.052	13851.61
868.234	13634.52
868.416	14289.87
868.598	14556.11
868.78	13628.38
868.962	13525.98
869.144	14427.09
869.326	13908.95
869.508	13386.72
869.69	13593.56
869.872	13747.16
870.054	14613.45
870.236	13108.19
870.417	13349.85
870.599	13927.38
870.781	14586.83
870.963	13714.39
871.145	13485.02
871.327	13878.23
871.508	14324.69
871.69	13489.12
871.872	13378.53
872.054	13870.04
872.235	13954.01
872.417	13511.64
872.599	13204.45
872.78	14652.36
872.962	14042.07
873.144	13167.59
873.325	13503.45
873.507	14126.04
873.689	13990.87
873.87	13112.29
874.052	13573.08
874.233	13636.57
874.415	14541.77
874.596	13571.04
874.778	13126.63
874.959	14007.25
875.141	14181.33
875.322	13095.91
875.503	13319.14
875.685	14066.64
875.866	13558.75
876.048	13353.95
876.229	13251.55
876.41	13689.82
876.592	13988.82
876.773	13462.49
876.954	13171.68
877.136	14388.18
877.317	14042.07
877.498	13134.82
877.679	13521.88
877.86	13859.8
878.042	13911
878.223	13501.4
878.404	14052.31
878.585	14261.2
878.766	14527.44
878.947	14005.2
879.128	13298.66
879.309	14003.16
879.49	14158.8
879.672	13558.75
879.853	13882.33
880.034	13980.63
880.215	14312.4
880.396	13648.86
880.576	13669.34
880.757	13978.58
880.938	14394.32
881.119	13603.8
881.3	13560.8
881.481	14236.63
881.662	15190.98
881.843	13403.1
882.023	13370.33
882.204	14824.39
882.385	14189.52
882.566	13818.84
882.747	13894.61
882.927	14459.85
883.108	14382.03
883.289	13677.53
883.469	13927.38
883.65	14015.44
883.831	14117.84
884.011	13896.66
884.192	13730.78
884.373	14277.58
884.553	14279.63
884.734	14173.14
884.914	14592.97
885.095	15737.79
885.275	14777.29
885.456	14234.58
885.636	13870.04
885.817	14703.56
885.997	14896.07
886.178	13933.53
886.358	14267.34
886.538	14781.39
886.719	16546.73
886.899	14275.54
887.08	14281.68
887.26	14855.11
887.44	14552.01
887.621	14332.88
887.801	14365.65
887.981	15127.49
888.161	15274.95
888.342	14341.07
888.522	14085.08
888.702	14824.39
888.882	14990.28
889.062	14582.73
889.242	13841.37
889.423	14836.68
889.603	15047.62
889.783	14267.34
889.963	14185.43
890.143	14631.88
890.323	15100.87
890.503	14097.36
890.683	14463.95
890.863	14799.82
891.043	14713.8
891.223	14177.23
891.403	14631.88
891.583	14832.58
891.763	15059.91
891.943	14314.45
892.122	14433.23
892.302	14994.37
892.482	14740.43
892.662	14705.61
892.842	14193.62
893.022	14820.3
893.201	14881.74
893.381	14363.6
893.561	14046.16
893.741	15057.86
893.92	14595.02
894.1	14437.33
894.28	14455.76
894.459	15035.33
894.639	14771.15
894.819	14226.39
894.998	14275.54
895.178	14951.37
895.357	14601.16
895.537	13767.64
895.716	13773.78
895.896	14382.03
896.075	15031.24
896.255	14089.17
896.434	13771.74
896.614	14861.26
896.793	14379.98
896.973	14267.34
897.152	14027.73
897.331	14296.02
897.511	14287.82
897.69	13501.4
897.87	13892.57
898.049	14488.53
898.228	14361.55
898.407	14074.84
898.587	14103.51
898.766	14142.42
898.945	14199.76
899.124	14154.71
899.304	13761.5
899.483	14406.61
899.662	14922.69
899.841	13800.41
900.02	13493.21
900.199	13833.18
900.378	13876.18
900.557	13351.9
900.737	13351.9
900.916	13644.76
901.095	13861.85
901.274	13433.82
901.453	13018.08
901.632	13450.21
901.811	13568.99
901.989	13077.48
902.168	12887.01
902.347	13351.9
902.526	13321.18
902.705	12811.24
902.884	12833.77
903.063	13577.18
903.242	13331.42
903.42	12458.99
903.599	12893.16
903.778	13118.43
903.957	13632.47
904.135	12819.43
904.314	12528.62
904.493	12674.03
904.672	12729.32
904.85	12186.61
905.029	12542.96
905.207	12829.67
905.386	13386.72
905.565	11717.62
905.743	12188.66
905.922	12545
906.1	12575.72
906.279	11918.32
906.457	12049.39
906.636	12534.76
906.814	12299.25
906.993	11422.72
907.171	11402.24
907.35	12123.12
907.528	12602.35
907.707	11924.47
907.885	11248.64
908.063	11990
908.242	11879.41
908.42	11377.66
908.598	11052.03
908.777	12022.77
908.955	11387.9
909.133	11508.73
909.311	10890.24
909.49	11521.02
909.668	11678.71
909.846	11097.09
910.024	10949.64
910.202	11621.37
910.38	12012.53
910.559	11121.66
910.737	11451.39
910.915	12104.69
911.093	12018.68
911.271	11611.13
911.449	11791.35
911.627	12284.91
911.805	12631.02
911.983	11762.68
912.161	11699.19
912.339	12055.54
912.517	12542.96
912.695	11953.14
912.872	12069.87
913.05	12393.45
913.228	12409.84
913.406	11787.25
913.584	11852.79
913.762	12778.47
913.939	12182.51
914.117	11545.59
914.295	11750.39
914.473	11996.15
914.65	12712.94
914.828	11570.17
915.006	11549.69
915.184	12168.18
915.361	12354.54
915.539	11742.2
915.716	12096.5
915.894	12209.14
916.072	12149.75
916.249	11901.94
916.427	11705.34
916.604	11789.3
916.782	12069.87
916.959	11348.99
917.137	11369.47
917.314	11926.52
917.492	11887.61
917.669	11445.24
917.847	11465.72
918.024	11744.25
918.201	11226.11
918.379	11326.46
918.556	11305.98
918.733	12098.55
918.911	11457.53
919.088	11723.77
919.265	11158.53
919.442	11787.25
919.62	11707.38
919.797	11281.41
919.974	11226.11
920.151	11953.14
920.328	11549.69
920.506	11009.03
920.683	11772.92
920.86	11451.39
921.037	11332.61
921.214	11013.12
921.391	10931.2
921.568	11701.24
921.745	11344.89
921.922	11133.95
922.099	10994.69
922.276	11494.4
922.453	11344.89
922.63	11021.31
922.807	11160.58
922.984	11361.28
923.161	11115.52
923.338	10773.51
923.514	10765.32
923.691	11301.89
923.868	11285.5
924.045	10773.51
924.222	10478.6
924.399	11348.99
924.575	11340.8
924.752	10595.34
924.929	10685.45
925.105	11152.38
925.282	10824.71
925.459	10443.79
925.635	10613.77
925.812	11082.75
925.989	10777.61
926.165	10564.62
926.342	10302.48
926.518	10771.46
926.695	10677.26
926.871	10386.44
927.048	10146.83
927.224	10953.73
927.401	10345.48
927.577	10322.96
927.754	9839.64
927.93	10757.13
928.107	10574.86
928.283	9796.63
928.459	10155.02
928.636	10507.27
928.812	10449.93
928.988	9546.78
929.165	9636.89
929.341	10234.89
929.517	10413.07
929.693	10427.4
929.87	9616.41
930.046	10359.82
930.222	9937.94
930.398	9667.61
930.574	9741.33
930.751	9819.16
930.927	9790.49
931.103	9485.34
931.279	9417.75
931.455	9757.72
931.631	9999.38
931.807	9067.55
931.983	9071.65
932.159	9577.5
932.335	9667.61
932.511	9225.25
932.687	9364.51
932.863	9557.02
933.039	9847.83
933.215	8866.85
933.391	8981.54
933.566	9292.83
933.742	9458.71
933.918	9077.79
934.094	8619.05
934.27	8936.48
934.445	8848.42
934.621	8774.69
934.797	8156.21
934.973	8682.53
935.148	8569.9
935.324	7922.74
935.5	7623.73
935.675	8533.03
935.851	8121.39
936.027	8143.92
936.202	7773.24
936.378	8051.76
936.553	7691.32
936.729	8094.77
936.904	7052.35
937.08	7236.67
937.255	7195.71
937.431	7025.73
937.606	6712.39
937.782	6620.23
937.957	7214.14
938.133	6636.61
938.308	6210.64
938.483	6775.88
938.659	6390.86
938.834	6368.33
939.009	5864.53
939.185	6644.81
939.36	6128.72
939.535	5497.94
939.71	5905.49
939.886	6282.31
940.061	6079.57
940.236	6122.57
940.411	5567.57
940.586	5952.59
940.761	6001.74
940.937	5749.84
941.112	5071.97
941.287	5723.22
941.462	5379.16
941.637	4926.56
941.812	5303.39
941.987	5463.13
942.162	5413.98
942.337	5248.09
942.512	5129.31
942.687	5803.09
942.862	5227.61
943.037	4627.56
943.212	4447.33
943.386	5270.62
943.561	5483.61
943.736	5168.22
943.911	5583.96
944.086	5723.22
944.26	5442.65
944.435	4879.46
944.61	5278.81
944.785	5430.36
944.959	6059.09
945.134	4940.9
945.309	4830.3
945.483	4850.78
945.658	5534.81
945.833	4557.93
946.007	4627.56
946.182	5768.27
946.357	5110.88
946.531	4689
946.706	4811.87
946.88	4768.87
947.055	5454.94
947.229	5031.01
947.404	4998.24
947.578	5536.85
947.752	5287
947.927	4805.73
948.101	4637.8
948.276	5784.66
948.45	5313.63
948.624	5301.34
948.799	4981.85
948.973	5373.02
949.147	5129.31
949.321	5137.5
949.496	5051.49
949.67	5835.86
949.844	5456.98
950.018	5239.9
950.193	5309.53
950.367	6214.73
950.541	5622.87
950.715	5399.64
950.889	5444.7
951.063	5360.73
951.237	5731.41
951.411	5143.64
951.585	4965.47
951.759	5915.73
951.933	5725.27
952.107	5129.31
952.281	5661.78
952.455	6206.54
952.629	5946.45
952.803	5606.49
952.977	5336.15
953.151	5915.73
953.325	5721.17
953.499	5776.47
953.672	5203.04
953.846	5827.67
954.02	5772.37
954.194	5389.4
954.368	5432.41
954.541	6227.02
954.715	5891.15
954.889	5745.75
955.062	5452.89
955.236	5968.98
955.41	5983.31
955.583	5829.71
955.757	5381.21
955.93	5952.59
956.104	5729.36
956.278	5596.25
956.451	5833.81
956.625	5960.78
956.798	6487.11
956.972	6169.68
957.145	5366.87
957.319	6374.47
957.492	6014.03
957.665	5880.91
957.839	5514.33
958.012	6169.68
958.185	6102.09
958.359	5729.36
958.532	6050.89
958.705	6093.9
958.879	6048.85
959.052	5778.51
959.225	5516.37
959.398	5971.02
959.572	6224.97
959.745	5727.32
959.918	5592.15
960.091	6177.87
960.264	6292.55
960.438	5608.53
960.611	5543
960.784	6538.31
960.957	6016.08
961.13	6136.91
961.303	5469.27
961.476	6114.38
961.649	6353.99
961.822	5653.59
961.995	5702.74
962.168	6065.23
962.341	6347.85
962.514	5555.29
962.686	5624.92
962.859	5948.5
963.032	6319.18
963.205	5813.33
963.378	5653.59
963.551	6034.51
963.723	6067.28
963.896	5827.67
964.069	5862.48
964.242	5997.65
964.414	6585.41
964.587	5819.47
964.76	5809.23
964.932	6104.14
965.105	6145.1
965.278	5473.37
965.45	5661.78
965.623	6222.92
965.795	6317.13
965.968	5639.25
966.14	5715.03
966.313	5764.18
966.485	6050.89
966.658	5581.91
966.83	5594.2
967.003	6175.82
967.175	6153.29
967.348	5504.09
967.52	5661.78
967.692	6503.5
967.865	6296.65
968.037	5694.55
968.209	5923.92
968.382	6237.26
968.554	6054.99
968.726	5489.75
968.898	5420.12
969.071	6274.12
969.243	5864.53
969.415	5393.5
969.587	5690.45
969.759	6229.07
969.932	5917.78
970.104	5499.99
970.276	4951.14
970.448	5848.15
970.62	5686.36
970.792	5506.13
970.964	5358.68
971.136	6173.77
971.308	5950.54
971.48	5246.04
971.652	5407.83
971.824	6173.77
971.996	5647.44
972.168	5327.96
972.339	5450.84
972.511	5717.08
972.683	5854.29
972.855	5508.18
973.027	5184.6
973.199	5936.21
973.37	5739.6
973.542	5504.09
973.714	5366.87
973.886	5229.66
974.057	5780.56
974.229	5123.16
974.401	5074.01
974.572	5389.4
974.744	5235.8
974.915	5016.67
975.087	5076.06
975.259	5844.05
975.43	5309.53
975.602	4932.7
975.773	4863.07
975.945	5375.06
976.116	5747.79
976.288	4940.9
976.459	5153.88
976.63	5332.06
976.802	5239.9
976.973	4944.99
977.145	5194.84
977.316	5971.02
977.487	6265.93
977.659	5102.68
977.83	5145.69
978.001	5835.86
978.172	5692.5
978.344	4867.17
978.515	5028.96
978.686	5147.74
978.857	5770.32
979.028	4858.98
979.2	4670.56
979.371	5483.61
979.542	4967.52
979.713	4977.76
979.884	4514.92
980.055	5196.89
980.226	5119.07
980.397	4756.58
980.568	4574.31
980.739	5272.67
980.91	5053.53
981.081	4998.24
981.252	4820.07
981.423	5031.01
981.594	5108.83
981.765	4619.36
981.936	4744.29
982.106	5018.72
982.277	5303.39
982.448	4541.54
982.619	4947.04
982.79	4826.21
982.96	5076.06
983.131	4965.47
983.302	4275.31
983.472	4942.94
983.643	4969.57
983.814	4801.63
983.984	4637.8
984.155	4863.07
984.326	4912.22
984.496	4598.88
984.667	4465.77
984.837	4564.07
985.008	5416.02
985.178	4838.5
985.349	4486.25
985.519	4912.22
985.69	4615.27
985.86	4344.94
986.031	4336.74
986.201	4826.21
986.371	4865.12
986.542	4195.43
986.712	4154.48
986.882	4723.81
987.053	4621.41
987.223	4064.36
987.393	4547.69
987.563	4586.6
987.734	4617.32
987.904	4809.83
988.074	4074.6
988.244	4181.1
988.414	4301.93
988.585	3916.91
988.755	4162.67
988.925	4478.05
989.095	4938.85
989.265	3927.15
989.435	4150.38
989.605	4619.36
989.775	4674.66
989.945	4361.32
990.115	3732.59
990.285	4246.63
990.455	4377.7
990.625	4050.03
990.795	3941.49
990.965	4748.39
991.134	4344.94
991.304	3746.93
991.474	3738.74
991.644	4346.98
991.814	4641.89
991.984	3425.4
992.153	3601.52
992.323	3972.21
992.493	4205.67
992.662	3542.13
992.832	3908.72
993.002	4004.97
993.171	4258.92
993.341	3347.58
993.511	3665.01
993.68	4011.12
993.85	4230.25
994.019	3196.03
994.189	3298.42
994.358	3937.39
994.528	3890.29
994.697	3052.67
994.867	3339.38
995.036	4164.72
995.206	3804.27
995.375	3415.16
995.544	3716.21
995.714	4142.19
995.883	3736.69
996.052	3531.89
996.222	2972.8
996.391	4177
996.56	3867.76
996.73	3323
996.899	3167.35
997.068	4070.51
997.237	3857.52
997.406	3124.35
997.576	3075.2
997.745	4076.65
997.914	3607.67
998.083	2909.31
998.252	3089.53
998.421	3839.09
998.59	3372.15
998.759	3015.8
998.928	2860.16
999.097	3925.1
999.266	3757.17
999.435	3378.3
999.604	2970.75
999.773	3900.53
999.942	3603.57
1000.111	2841.73
1000.28	2722.95
1000.448	3370.1
1000.617	3345.53
1000.786	3363.96
1000.955	2806.91
1001.124	3927.15
1001.292	4189.29
1001.461	3024
1001.63	2813.06
1001.798	3652.72
1001.967	3679.35
1002.136	2757.76
1002.304	2745.47
1002.473	3660.91
1002.642	3384.44
1002.81	2935.93
1002.979	2657.41
1003.147	3587.19
1003.316	3619.96
1003.484	2722.95
1003.653	2747.52
1003.821	3308.66
1003.99	3138.68
1004.158	3028.09
1004.327	2903.17
1004.495	3396.73
1004.663	3157.11
1004.832	3011.71
1005	2428.04
1005.168	3159.16
1005.337	3024
1005.505	2378.89
1005.673	2950.27
1005.842	3439.73
1006.01	2995.32
1006.178	2434.18
1006.346	2491.52
1006.514	2798.72
1006.683	3478.65
1006.851	2469
1007.019	2811.01
1007.187	2983.04
1007.355	2665.6
1007.523	2122.89
1007.691	2192.52
1007.859	2710.66
1008.027	3392.63
1008.195	2397.32
1008.363	2186.38
1008.531	2888.83
1008.699	3103.87
1008.867	2313.35
1009.035	2354.31
1009.203	3363.96
1009.37	2864.25
1009.538	2204.81
1009.706	3245.18
1009.874	2794.62
1010.042	2753.66
1010.209	2040.97
1010.377	2075.79
1010.545	2862.21
1010.713	2802.82
1010.88	2196.62
1011.048	2073.74
1011.216	2802.82
1011.383	3120.25
1011.551	2061.45
1011.718	1928.33
1011.886	2745.47
1012.054	2796.67
1012.221	1897.61
1012.389	1965.2
1012.556	2636.93
1012.724	3052.67
1012.891	2266.25
1013.058	1709.2
1013.226	2593.92
1013.393	2598.02
1013.561	1850.51
1013.728	1795.22
1013.895	2841.73
1014.063	2528.39
1014.23	1756.3
1014.397	1993.87
1014.565	2694.27
1014.732	2471.04
1014.899	1658
1015.066	1698.96
1015.233	2462.85
1015.401	2466.95
1015.568	1877.13
1015.735	2028.68
1015.902	2675.84
1016.069	2704.51
1016.236	1926.29
1016.403	1621.14
1016.57	2124.94
1016.737	2886.78
1016.904	1729.68
1017.071	1633.43
1017.238	2075.79
1017.405	2352.26
1017.572	1664.15
1017.739	2151.56
1017.906	2788.48
1018.073	2571.4
1018.24	1418.39
1018.407	1830.03
1018.573	2415.75
1018.74	2473.09
1018.907	1754.26
1019.074	1322.13
1019.241	2362.5
1019.407	2112.65
1019.574	1553.55
1019.741	1402.01
1019.907	2315.4
1020.074	2555.01
1020.241	1262.74
1020.407	1242.26
1020.574	1971.34
1020.74	2022.54
1020.907	1514.64
1021.073	1332.37
1021.24	2827.39
1021.406	2260.1
1021.573	1410.2
1021.739	1516.69
1021.906	2313.35
1022.072	1989.77
1022.239	1410.2
1022.405	1479.83
1022.571	1993.87
1022.738	1936.53
1022.904	1324.18
1023.07	1504.4
1023.237	2010.25
1023.403	2210.95
1023.569	1350.81
1023.735	1414.29
1023.902	2006.16
1024.068	2016.4
1024.234	1029.27
1024.4	1240.22
1024.566	1692.82
1024.732	1950.86
1024.898	1344.66
1025.065	1035.42
1025.231	1856.65
1025.397	1719.44
1025.563	1320.09
1025.729	1098.91
1025.895	1434.77
1026.061	1676.43
1026.227	906.4
1026.392	1256.6
1026.558	1881.23
1026.724	1942.67
1026.89	1242.26
1027.056	1363.09
1027.222	1592.47
1027.388	1694.86
1027.553	1172.63
1027.719	939.16
1027.885	2149.51
1028.051	1713.3
1028.216	844.96
1028.382	1193.11
1028.548	1770.64
1028.713	1551.51
1028.879	918.68
1029.045	1313.94
1029.21	2043.02
1029.376	1819.79
1029.541	1084.57
1029.707	1111.19
1029.873	1784.98
1030.038	1731.73
1030.204	959.64
1030.369	918.68
1030.534	1612.95
1030.7	1479.83
1030.865	1059.99
1031.031	885.92
1031.196	1623.19
1031.361	1516.69
1031.527	885.92
1031.692	904.35
1031.857	1303.7
1032.023	1717.39
1032.188	830.62
1032.353	793.76
1032.518	1729.68
1032.684	1653.91
1032.849	760.99
1033.014	1010.84
1033.179	1502.36
1033.344	1602.71
1033.509	1103
1033.674	930.97
1033.839	1680.53
1034.004	1545.36
1034.17	849.05
1034.335	775.33
1034.5	1342.61
1034.664	1303.7
1034.829	894.11
1034.994	969.88
1035.159	1191.06
1035.324	1586.32
1035.489	801.95
1035.654	746.66
1035.819	2016.4
1035.984	1381.53
1036.148	896.16
1036.313	967.84
1036.478	1578.13
1036.643	1303.7
1036.807	773.28
1036.972	656.54
1037.137	1977.48
1037.301	1229.98
1037.466	539.81
1037.631	914.59
1037.795	1426.58
1037.96	1354.9
1038.124	1010.84
1038.289	517.28
1038.454	1277.08
1038.618	1655.95
1038.783	894.11
1038.947	869.53
1039.111	1182.87
1039.276	1324.18
1039.44	689.31
1039.605	1381.53
1039.769	1223.83
1039.933	1191.06
1040.098	885.92
1040.262	1139.87
1040.426	1414.29
1040.591	1305.75
1040.755	662.69
1040.919	728.22
1041.083	1457.3
1041.248	1129.63
1041.412	435.36
1041.576	638.11
1041.74	1143.96
1041.904	1207.45
1042.068	552.1
1042.232	738.46
1042.397	1674.39
1042.561	1260.7
1042.725	283.81
1042.889	621.73
1043.053	1178.78
1043.217	1141.91
1043.381	683.17
1043.544	328.87
1043.708	1248.41
1043.872	1021.08
1044.036	279.72
1044.2	349.35
1044.364	1449.11
1044.528	1299.61
1044.691	8522.79
1044.855	396.45
1045.019	1211.54
1045.183	1158.3
1045.346	656.54
1045.51	242.85
1045.674	1272.98
1045.837	1170.58
1046.001	474.28
1046.165	504.99
1046.328	1535.12
1046.492	980.12
1046.655	705.7
1046.819	492.71
1046.983	990.36
1047.146	984.22
1047.31	687.26
1047.473	150.7
1047.636	1002.65
1047.8	859.29
1047.963	599.2
1048.127	320.68
1048.29	808.09
