345.52	-1307.12
345.736	-1307.12
345.952	-1307.12
346.168	-1376.75
346.384	-1329.64
346.6	-326.14
346.816	-346.62
347.032	-238.08
347.248	503.29
347.464	-315.9
347.68	-225.79
347.896	69.12
348.112	435.71
348.328	-115.2
348.544	65.02
348.76	241.15
348.975	253.44
349.191	-430.59
349.407	-504.31
349.623	179.71
349.839	138.75
350.055	-367.1
350.27	-107.01
350.486	165.37
350.702	220.67
350.918	345.59
351.133	-160.25
351.349	198.14
351.565	493.05
351.781	-365.05
351.996	15.87
352.212	77.31
352.428	136.7
352.644	-369.15
352.859	-246.27
353.075	200.19
353.291	13.82
353.506	-242.17
353.722	-426.49
353.938	-29.18
354.153	357.88
354.369	288.25
354.584	-332.28
354.8	251.39
355.016	-86.53
355.231	-502.26
355.447	-102.91
355.662	339.45
355.878	626.17
356.093	-637.43
356.309	-145.92
356.524	-127.49
356.74	499.19
356.955	-418.3
357.171	-131.58
357.386	259.58
357.602	-174.59
357.817	-213.5
358.033	-242.17
358.248	280.06
358.464	202.24
358.679	-233.98
358.895	-479.74
359.11	-55.81
359.325	155.13
359.541	452.09
359.756	-74.24
359.972	-221.69
360.187	409.08
360.402	-350.71
360.618	-356.86
360.833	1592.81
361.048	140.8
361.264	-250.36
361.479	-18.94
361.694	138.75
361.909	128.51
362.125	-406.01
362.34	-225.79
362.555	341.5
362.77	210.43
362.986	-442.87
363.201	-367.1
363.416	259.58
363.631	-8.7
363.847	-309.76
364.062	-289.28
364.277	24.06
364.492	-29.18
364.707	-238.08
364.922	-504.31
365.138	194.05
365.353	394.75
365.568	-588.28
365.783	-260.6
365.998	464.38
366.213	523.77
366.428	-328.19
366.643	122.37
366.858	220.67
367.073	253.44
367.288	-217.6
367.503	-365.05
367.718	34.3
367.933	439.8
368.148	-434.68
368.363	-84.48
368.578	177.66
368.793	554.49
369.008	-158.21
369.223	-426.49
369.438	325.12
369.653	146.94
369.868	-379.39
370.083	-414.2
370.298	169.47
370.513	396.79
370.728	69.12
370.943	-258.56
371.157	-6.66
371.372	749.04
371.587	-410.11
371.802	-412.15
372.017	60.93
372.232	478.71
372.446	-94.72
372.661	-352.76
372.876	77.31
373.091	241.15
373.306	-268.8
373.52	-473.59
373.735	-16.9
373.95	640.5
374.165	-303.61
374.379	-283.13
374.594	-51.71
374.809	427.51
375.023	5.63
375.238	-293.37
375.453	218.62
375.667	-84.48
375.882	-324.09
376.097	-479.74
376.311	-25.09
376.526	368.12
376.741	-377.34
376.955	183.81
377.17	462.33
377.384	1009.14
377.599	54.78
377.813	-444.92
378.028	781.81
378.242	415.23
378.457	-213.5
378.672	-485.88
378.886	15.87
379.101	128.51
379.315	-582.14
379.53	-274.94
379.744	345.59
379.958	304.64
380.173	-326.14
380.387	-373.24
380.602	247.29
380.816	-88.57
381.031	-180.73
381.245	-268.8
381.459	208.38
381.674	3151.31
381.888	-451.07
382.103	179.71
382.317	1.54
382.531	396.79
382.746	-166.4
382.96	-348.67
383.174	97.79
383.388	626.17
383.603	97.79
383.817	-418.3
384.031	44.54
384.246	423.42
384.46	-150.01
384.674	777.72
384.888	-18.94
385.103	253.44
385.317	-449.02
385.531	17.92
385.745	738.8
385.959	368.12
386.174	-358.91
386.388	-350.71
386.602	79.36
386.816	30.21
387.03	-205.31
387.244	-227.84
387.458	177.66
387.672	388.6
387.887	-582.14
388.101	-317.95
388.315	310.78
388.529	185.85
388.743	-283.13
388.957	-281.08
389.171	417.27
389.385	-80.38
389.599	-350.71
389.813	3.58
390.027	67.07
390.241	763.38
390.455	-258.56
390.669	-150.01
390.883	91.65
391.097	595.45
391.311	71.17
391.525	-381.43
391.738	427.51
391.952	294.4
392.166	-29.18
392.38	-426.49
392.594	366.07
392.808	290.3
393.022	-64
393.236	-240.12
393.449	198.14
393.663	548.34
393.877	-369.15
394.091	-123.39
394.305	65.02
394.518	32.26
394.732	-418.3
394.946	-156.16
395.16	761.33
395.373	52.74
395.587	-391.67
395.801	-328.19
396.015	296.44
396.228	200.19
396.442	-322.04
396.656	-492.02
396.869	273.92
397.083	720.37
397.297	-47.62
397.51	-213.5
397.724	237.05
397.938	228.86
398.151	-498.17
398.365	-461.3
398.578	327.16
398.792	527.86
399.005	-2.56
399.219	-307.71
399.433	259.58
399.646	294.4
399.86	112.13
400.073	116.22
400.287	224.76
400.5	198.14
400.714	56.83
400.927	-135.68
401.141	409.08
401.354	1703.4
401.567	466.42
401.781	-418.3
401.994	206.33
402.208	734.71
402.421	-152.06
402.635	-262.65
402.848	-96.77
403.061	392.7
403.275	19.97
403.488	-369.15
403.701	499.19
403.915	482.81
404.128	9.73
404.341	-254.46
404.555	730.61
404.768	-115.2
404.981	-25.09
405.195	-127.49
405.408	384.51
405.621	187.9
405.834	19.97
406.048	-367.1
406.261	437.75
406.474	419.32
406.687	-274.94
406.9	-64
407.114	321.02
407.327	484.86
407.54	-434.68
407.753	-483.83
407.966	-20.99
408.179	206.33
408.392	-242.17
408.605	-410.11
408.819	396.79
409.032	304.64
409.245	-197.12
409.458	116.22
409.671	196.09
409.884	378.36
410.097	-338.43
410.31	3.58
410.523	611.83
410.736	105.98
410.949	-164.35
411.162	-188.93
411.375	351.74
411.588	239.1
411.801	-16.9
412.014	-367.1
412.227	75.26
412.44	245.24
412.653	-152.06
412.865	146.94
413.078	445.95
413.291	388.6
413.504	15.87
413.717	-315.9
413.93	480.76
414.143	-86.53
414.356	-104.96
414.568	-438.78
414.781	361.98
414.994	443.9
415.207	3.58
415.42	-66.05
415.632	183.81
415.845	773.62
416.058	-455.16
416.271	-311.8
416.483	392.7
416.696	540.15
416.909	-223.74
417.121	-197.12
417.334	185.85
417.547	501.24
417.759	-285.18
417.972	-320
418.185	159.23
418.397	364.03
418.61	-188.93
418.823	-256.51
419.035	542.2
419.248	261.63
419.46	-201.21
419.673	-14.85
419.885	124.41
420.098	245.24
420.311	-158.21
420.523	-518.65
420.736	364.03
420.948	249.34
421.161	-225.79
421.373	-449.02
421.586	32.26
421.798	-8.7
422.01	-424.44
422.223	87.55
422.435	-18.94
422.648	523.77
422.86	-250.36
423.073	-203.26
423.285	171.52
423.497	-39.42
423.71	-295.42
423.922	-180.73
424.134	515.58
424.347	658.93
424.559	110.08
424.771	200.19
424.984	333.31
425.196	304.64
425.408	-385.53
425.621	-287.23
425.833	472.57
426.045	675.32
426.257	-393.72
426.47	-45.57
426.682	101.89
426.894	241.15
427.106	-225.79
427.318	-29.18
427.531	136.7
427.743	239.1
427.955	-66.05
428.167	521.72
428.379	187.9
428.591	175.61
428.804	19.97
429.016	-285.18
429.228	282.11
429.44	376.31
429.652	13643.06
429.864	-356.86
430.076	212.48
430.288	318.97
430.5	5.63
430.712	-70.14
430.924	290.3
431.136	507.38
431.348	-293.37
431.56	-188.93
431.772	69.12
431.984	95.74
432.196	-309.76
432.408	-227.84
432.62	179.71
432.832	433.66
433.044	232.96
433.256	-45.57
433.468	460.28
433.679	-49.66
433.891	-369.15
434.103	153.09
434.315	703.99
434.527	378.36
434.739	56.83
434.95	-41.47
435.162	253.44
435.374	-31.23
435.586	-16.9
435.798	-115.2
436.009	179.71
436.221	187.9
436.433	-59.9
436.645	-174.59
436.856	189.95
437.068	654.84
437.28	-213.5
437.491	171.52
437.703	439.8
437.915	372.22
438.126	-152.06
438.338	304.64
438.55	196.09
438.761	294.4
438.973	-55.81
439.184	-61.95
439.396	161.28
439.608	331.26
439.819	-225.79
440.031	-31.23
440.242	560.63
440.454	380.41
440.665	-117.25
440.877	52.74
441.088	433.66
441.3	376.31
441.511	-412.15
441.723	-53.76
441.934	685.56
442.146	499.19
442.357	56.83
442.569	503.29
442.78	577.02
442.991	972.27
443.203	515.58
443.414	-72.19
443.626	703.99
443.837	331.26
444.048	-145.92
444.26	-338.43
444.471	572.92
444.682	445.95
444.894	-107.01
445.105	-223.74
445.316	654.84
445.528	523.77
445.739	73.21
445.95	7.68
446.161	323.07
446.373	441.85
446.584	30.21
446.795	-68.09
447.006	671.22
447.217	671.22
447.429	-137.73
447.64	-322.04
447.851	1306.09
448.062	646.65
448.273	-324.09
448.484	-131.58
448.695	536.06
448.907	646.65
449.118	28.16
449.329	372.22
449.54	259.58
449.751	398.84
449.962	-53.76
450.173	-37.38
450.384	513.53
450.595	749.04
450.806	-47.62
451.017	-49.66
451.228	734.71
451.439	574.97
451.65	89.6
451.861	-406.01
452.072	404.99
452.283	402.94
452.494	247.29
452.705	-45.57
452.915	1007.09
453.126	390.65
453.337	167.42
453.548	-66.05
453.759	843.25
453.97	783.86
454.181	509.43
454.391	30.21
454.602	462.33
454.813	978.42
455.024	34.3
455.235	-23.04
455.445	734.71
455.656	458.23
455.867	179.71
456.078	13.82
456.288	370.17
456.499	769.52
456.71	-51.71
456.921	503.29
457.131	534.01
457.342	417.27
457.553	91.65
457.763	126.46
457.974	511.48
458.184	577.02
458.395	-10.75
458.606	-211.45
458.816	888.31
459.027	873.97
459.237	278.01
459.448	60.93
459.659	706.04
459.869	1469.93
460.08	-139.77
460.29	226.81
460.501	904.69
460.711	620.02
460.922	-131.58
461.132	-70.14
461.343	1426.92
461.553	327.16
461.764	-27.14
461.974	118.27
462.184	763.38
462.395	777.72
462.605	122.37
462.816	-94.72
463.026	867.83
463.236	779.76
463.447	9.73
463.657	40.45
463.867	744.95
464.078	521.72
464.288	110.08
464.498	83.45
464.709	693.75
464.919	706.04
465.129	114.17
465.339	11.78
465.55	605.69
465.76	835.06
465.97	189.95
466.18	214.52
466.391	914.93
466.601	775.67
466.811	308.73
467.021	-94.72
467.231	865.78
467.441	968.18
467.651	196.09
467.862	-121.34
468.072	654.84
468.282	816.63
468.492	-20.99
468.702	378.36
468.912	712.18
469.122	1562.09
469.332	529.91
469.542	103.93
469.752	1076.72
469.962	722.42
470.172	48.64
470.382	230.91
470.592	964.08
470.802	892.4
471.012	472.57
471.222	329.21
471.432	902.64
471.642	957.94
471.852	398.84
472.062	222.72
472.272	794.1
472.482	710.13
472.691	261.63
472.901	181.76
473.111	683.51
473.321	1338.86
473.531	286.2
473.741	609.78
473.95	1043.95
474.16	1064.43
474.37	589.3
474.58	237.05
474.79	1580.52
474.999	990.7
475.209	427.51
475.419	511.48
475.628	1056.24
475.838	1349.1
476.048	640.5
476.258	220.67
476.467	1232.37
476.677	833.01
476.886	919.03
477.096	605.69
477.306	1054.19
477.515	1230.32
477.725	783.86
477.935	716.28
478.144	1646.05
478.354	1074.67
478.563	656.89
478.773	499.19
478.982	1336.81
479.192	1310.19
479.401	634.36
479.611	605.69
479.82	914.93
480.03	1197.55
480.239	560.63
480.449	464.38
480.658	1533.42
480.868	1191.41
481.077	763.38
481.287	642.55
481.496	1187.31
481.705	1416.68
481.915	1140.21
482.124	1127.92
482.333	1361.39
482.543	1709.54
482.752	939.51
482.961	749.04
483.171	1316.33
483.38	1172.97
483.589	830.96
483.799	777.72
484.008	1304.04
484.217	1281.52
484.426	945.65
484.636	669.17
484.845	1478.12
485.054	1113.58
485.263	1439.21
485.472	816.63
485.682	1498.6
485.891	1316.33
486.1	812.53
486.309	800.24
486.518	1709.54
486.727	2412
486.936	1029.62
487.146	1254.89
487.355	1834.47
487.564	1375.72
487.773	1134.06
487.982	1017.33
488.191	1426.92
488.4	1838.56
488.609	1105.39
488.818	982.51
489.027	1998.31
489.236	1764.84
489.445	1056.24
489.654	957.94
489.863	1908.19
490.072	1547.75
490.281	1803.75
490.49	1281.52
490.698	2080.22
490.907	2262.49
491.116	1193.45
491.325	1138.16
491.534	1971.68
491.743	1676.77
491.952	1222.13
492.16	1258.99
492.369	1959.39
492.578	2076.13
492.787	1351.15
492.996	1086.96
493.204	1601
493.413	2143.71
493.622	1039.86
493.831	1046
494.039	2334.17
494.248	1623.53
494.457	1246.7
494.665	1035.76
494.874	1959.39
495.083	2514.39
495.291	1388.01
495.5	1213.93
495.709	2158.05
495.917	1875.43
496.126	1512.94
496.335	1230.32
496.543	1967.59
496.752	1873.38
496.96	1691.11
497.169	1242.61
497.377	1891.81
497.586	2108.9
497.794	1678.82
498.003	1115.63
498.211	2119.14
498.42	2256.35
498.628	1639.91
498.837	1363.44
499.045	2026.98
499.254	1879.52
499.462	1455.59
499.671	1445.35
499.879	2856.4
500.087	2112.99
500.296	1353.2
500.504	1560.04
500.713	2104.8
500.921	2538.97
501.129	1392.11
501.338	1375.72
501.546	2031.07
501.754	2055.65
501.962	1607.14
502.171	1449.45
502.379	2147.81
502.587	2248.16
502.795	1621.48
503.004	1621.48
503.212	2467.29
503.42	2352.6
503.628	1715.69
503.837	1723.88
504.045	2129.38
504.253	2723.29
504.461	1576.42
504.669	1394.15
504.877	2631.13
505.085	2346.46
505.294	1428.97
505.502	1916.39
505.71	2772.44
505.918	2213.34
506.126	1562.09
506.334	1654.25
506.542	2375.13
506.75	2117.09
506.958	1867.24
507.166	1848.8
507.374	2115.04
507.582	2532.83
507.79	1900
507.998	1727.97
508.206	2665.94
508.414	2485.72
508.622	1580.52
508.83	1850.85
509.037	2416.09
509.245	2043.36
509.453	1652.2
509.661	1572.33
509.869	2586.07
510.077	2096.61
510.285	2049.5
510.492	1484.27
510.7	2954.71
510.908	2217.44
511.116	1920.48
511.324	1687.01
511.531	2297.31
511.739	2467.29
511.947	2092.51
512.155	2387.42
512.362	2487.77
512.57	1975.78
512.778	1732.07
512.985	1613.29
513.193	2340.32
513.401	2729.43
513.608	1957.35
513.816	1940.96
514.024	2469.34
514.231	2700.76
514.439	1996.26
514.646	1961.44
514.854	2751.96
515.061	2686.42
515.269	2006.5
515.477	2061.79
515.684	2395.61
515.892	2665.94
516.099	1705.45
516.307	1826.28
516.514	3038.67
516.722	2997.71
516.929	1990.11
517.136	1859.04
517.344	2862.55
517.551	2862.55
517.759	1932.77
517.966	2239.97
518.173	2571.74
518.381	2663.9
518.588	2119.14
518.796	2055.65
519.003	2846.16
519.21	2782.68
519.418	2168.29
519.625	2557.4
519.832	2581.98
520.039	2776.53
520.247	1766.89
520.454	2123.23
520.661	2831.83
520.868	2835.92
521.076	2074.08
521.283	2237.92
521.49	3296.72
521.697	2805.21
521.904	2153.95
522.112	2274.78
522.319	2999.76
522.526	2829.78
522.733	2096.61
522.94	1961.44
523.147	2700.76
523.354	2741.72
523.561	1983.97
523.768	2520.54
523.975	2979.28
524.183	2682.33
524.39	2555.35
524.597	1994.21
524.804	2772.44
525.011	2604.5
525.218	2242.01
525.425	2110.94
525.632	3329.49
525.838	2526.68
526.045	2037.22
526.252	2495.96
526.459	4570.55
526.666	4550.07
526.873	2469.34
527.08	2262.49
527.287	3130.83
527.494	3110.35
527.701	2246.11
527.907	2180.57
528.114	3024.34
528.321	2792.92
528.528	2407.9
528.735	2360.8
528.941	2840.02
529.148	2764.25
529.355	2608.6
529.562	2276.83
529.768	3755.46
529.975	2844.12
530.182	2409.95
530.388	2477.53
530.595	3249.61
530.802	2842.07
531.008	2649.56
531.215	2436.57
531.422	3937.73
531.628	3730.89
531.835	2446.81
532.042	2579.93
532.248	3139.02
532.455	3046.87
532.661	2559.45
532.868	2450.91
533.074	3218.89
533.281	3481.03
533.487	2461.15
533.694	2434.52
533.9	2850.26
534.107	2944.47
534.313	2526.68
534.52	2440.67
534.726	3057.11
534.933	3585.48
535.139	2516.44
535.345	2330.08
535.552	3636.68
535.758	3409.36
535.965	2780.63
536.171	2565.59
536.377	3415.5
536.584	3784.13
536.79	2688.47
536.996	2739.67
537.203	3581.39
537.409	3618.25
537.615	2682.33
537.821	2932.18
538.028	3857.86
538.234	3413.45
538.44	2850.26
538.646	2911.7
538.853	3247.57
539.059	3263.95
539.265	3239.37
539.471	2500.06
539.677	3466.7
539.883	3300.81
540.09	4464.06
540.296	3446.22
540.502	3356.11
540.708	3288.53
540.914	3337.68
541.12	2711
541.326	3472.84
541.532	3321.29
541.738	3118.54
541.944	3018.19
542.15	3530.19
542.356	3288.53
542.562	2739.67
542.768	2952.66
542.974	3872.2
543.18	3646.92
543.386	2936.28
543.592	2702.81
543.798	4099.52
544.004	3691.98
544.21	2850.26
544.415	3081.68
544.621	3685.83
544.827	4236.74
545.033	2794.97
545.239	3327.44
545.445	3263.95
545.651	3610.06
545.856	3036.63
546.062	2827.73
546.268	3530.19
546.474	3683.78
546.679	2944.47
546.885	2844.12
547.091	3595.72
547.297	4124.1
547.502	3167.7
547.708	2792.92
547.914	3468.75
548.119	3888.58
548.325	2799.06
548.531	2827.73
548.736	4343.23
548.942	3505.61
549.147	2964.95
549.353	3380.68
549.559	4136.38
549.764	3847.62
549.97	3016.15
550.175	3014.1
550.381	3753.41
550.586	3632.58
550.792	3147.22
550.997	3151.31
551.203	3958.21
551.408	3913.16
551.614	2960.85
551.819	2993.62
552.025	4289.98
552.23	3907.01
552.435	3014.1
552.641	3417.55
552.846	3403.21
553.052	4429.24
553.257	3622.34
553.462	3110.35
553.668	3689.93
553.873	3849.67
554.078	3081.68
554.283	3153.36
554.489	3952.07
554.694	3853.77
554.899	3136.98
555.105	3470.8
555.31	3988.93
555.515	3982.79
555.72	3417.55
555.925	4482.49
556.131	4124.1
556.336	3837.38
556.541	3136.98
556.746	3046.87
556.951	4156.86
557.156	3999.17
557.361	3438.03
557.567	3565
557.772	4113.86
557.977	4183.49
558.182	3323.34
558.387	3249.61
558.592	3716.55
558.797	4427.2
559.002	3413.45
559.207	3405.26
559.412	4099.52
559.617	4466.11
559.822	3268.05
560.027	3227.09
560.232	3999.17
560.437	4050.37
560.642	3100.11
560.847	3294.67
561.051	3837.38
561.256	4099.52
561.461	3501.51
561.666	3083.73
561.871	3874.24
562.076	4255.17
562.281	3427.79
562.485	3192.27
562.69	4054.47
562.895	4038.08
563.1	3405.26
563.305	3327.44
563.509	4226.5
563.714	4562.36
563.919	3384.78
564.123	3511.75
564.328	3988.93
564.533	4629.95
564.737	3294.67
564.942	3286.48
565.147	4218.3
565.351	4160.96
565.556	3569.1
565.761	3648.97
565.965	4289.98
566.17	3923.4
566.374	3554.76
566.579	3450.32
566.784	4120
566.988	4040.13
567.193	3485.13
567.397	3591.63
567.602	3866.05
567.806	4152.77
568.011	3501.51
568.215	3472.84
568.42	4025.79
568.624	4183.49
568.828	3495.37
569.033	3696.07
569.237	4390.33
569.442	4275.65
569.646	3397.07
569.85	3513.8
570.055	4099.52
570.259	4099.52
570.463	3990.98
570.668	3521.99
570.872	4330.94
571.076	4337.09
571.281	3782.09
571.485	3663.3
571.689	4312.51
571.893	4414.91
572.098	3866.05
572.302	3442.12
572.506	4242.88
572.71	4441.53
572.914	3565
573.119	3630.54
573.323	4584.89
573.527	4482.49
573.731	3694.02
573.935	3644.87
574.139	4330.94
574.343	4031.94
574.547	3769.8
574.751	3761.61
574.955	4384.19
575.159	4597.18
575.364	3710.41
575.568	3702.22
575.772	4406.72
575.976	4439.48
576.18	3669.45
576.383	3724.74
576.587	4634.04
576.791	4332.99
576.995	3478.99
577.199	3425.74
577.403	4267.45
577.607	4498.88
577.811	3691.98
578.015	3798.47
578.219	4443.58
578.422	4490.68
578.626	3878.34
578.83	4144.58
579.034	4683.19
579.238	4537.79
579.442	3767.75
579.645	4447.68
579.849	4404.67
580.053	4748.73
580.257	4132.29
580.46	3997.12
580.664	4631.99
580.868	4607.42
581.071	4175.3
581.275	4056.51
581.479	4220.35
581.682	4734.39
581.886	3870.15
582.09	4068.8
582.293	4519.36
582.497	4675
582.7	4238.78
582.904	3845.57
583.107	4662.71
583.311	4654.52
583.515	4097.47
583.718	3900.87
583.922	4918.71
584.125	5449.13
584.329	4097.47
584.532	4214.21
584.735	5014.96
584.939	4681.14
585.142	3929.54
585.346	3925.44
585.549	4556.22
585.753	4586.94
585.956	4122.05
586.159	4337.09
586.363	4965.81
586.566	4752.82
586.769	4027.84
586.973	3947.97
587.176	4795.83
587.379	4744.63
587.582	4347.33
587.786	4421.05
587.989	4908.47
588.192	5776.81
588.395	4206.02
588.599	4591.03
588.802	4894.13
589.005	4971.96
589.208	4279.74
589.411	4175.3
589.615	4711.86
589.818	5103.03
590.021	4603.32
590.224	4394.43
590.427	5318.06
590.63	4777.4
590.833	3945.92
591.036	4046.27
591.239	4783.54
591.442	4689.34
591.645	4431.29
591.848	4087.23
592.051	4742.58
592.254	4861.37
592.457	4496.83
592.66	4449.72
592.863	4828.6
593.066	5146.03
593.269	4193.73
593.472	4414.91
593.675	4687.29
593.878	4965.81
594.081	4443.58
594.284	4191.68
594.486	5027.25
594.689	4828.6
594.892	4419
595.095	4388.29
595.298	5160.37
595.5	4662.71
595.703	4529.59
595.906	4675
596.109	5012.92
596.311	4949.43
596.514	4117.95
596.717	4482.49
596.92	5309.87
597.122	5293.49
597.325	4158.91
597.528	4308.41
597.73	5402.03
597.933	5311.92
598.136	4468.16
598.338	4064.71
598.541	5518.76
598.743	5555.63
598.946	4523.45
599.148	4513.21
599.351	5178.8
599.554	5012.92
599.756	4464.06
599.959	4531.64
600.161	5264.82
600.363	5504.43
600.566	4631.99
600.768	4361.66
600.971	5397.93
601.173	5162.42
601.376	4494.78
601.578	4677.05
601.78	5066.16
601.983	5754.28
602.185	4480.44
602.388	4998.58
602.59	5227.95
602.792	5160.37
602.995	4967.86
603.197	4595.13
603.399	5203.38
603.601	5455.28
603.804	4652.47
604.006	4675
604.208	4998.58
604.41	4746.68
604.613	4920.76
604.815	4462.01
605.017	5393.84
605.219	5062.07
605.421	5381.55
605.623	4636.09
605.826	5567.92
606.028	5957.03
606.23	4824.5
606.432	4679.1
606.634	5385.65
606.836	5479.85
607.038	4515.26
607.24	4924.85
607.442	5598.63
607.644	5508.52
607.846	4730.3
608.048	4629.95
608.25	5596.59
608.452	5109.17
608.654	4902.33
608.856	4246.98
609.058	5211.57
609.26	5615.02
609.462	4935.09
609.664	4695.48
609.866	5512.62
610.067	5389.74
610.269	4867.51
610.471	4900.28
610.673	5090.74
610.875	5268.91
611.077	4404.67
611.278	4832.69
611.48	5352.88
611.682	5701.03
611.884	4840.89
612.085	4836.79
612.287	5184.94
612.489	5305.78
612.69	4654.52
612.892	4832.69
613.094	5799.34
613.295	5307.82
613.497	4445.63
613.699	4730.3
613.9	5483.95
614.102	5227.95
614.304	4775.35
614.505	4562.36
614.707	5277.1
614.908	5655.98
615.11	4756.92
615.311	4935.09
615.513	5391.79
615.714	5490.09
615.916	4617.66
616.117	5076.4
616.319	5393.84
616.52	5500.33
616.722	4974
616.923	4711.86
617.124	5633.45
617.326	5590.44
617.527	5002.68
617.729	5103.03
617.93	5414.32
618.131	5426.61
618.333	4734.39
618.534	4963.76
618.735	5469.61
618.937	5647.79
619.138	4898.23
619.339	4763.06
619.54	5600.68
619.742	5336.49
619.943	4990.39
620.144	4967.86
620.345	5911.97
620.546	5578.15
620.748	4799.93
620.949	4898.23
621.15	5701.03
621.351	5352.88
621.552	4767.16
621.753	4849.08
621.954	5156.27
622.155	5916.07
622.356	4736.44
622.558	5137.84
622.759	5684.65
622.96	5809.58
623.161	4922.8
623.362	4675
623.563	5473.71
623.764	5655.98
623.965	4935.09
624.166	5152.18
624.366	5406.13
624.567	5547.44
624.768	4619.71
624.969	4928.95
625.17	5166.51
625.371	5481.9
625.572	5148.08
625.773	4799.93
625.973	5438.89
626.174	5668.27
626.375	4812.21
626.576	5094.83
626.777	5698.99
626.977	5959.08
627.178	4976.05
627.379	5219.76
627.58	5391.79
627.78	5545.39
627.981	4939.19
628.182	5088.69
628.382	5402.03
628.583	5152.18
628.784	4812.21
628.984	5256.62
629.185	5608.87
629.386	5844.39
629.586	5154.23
629.787	5103.03
629.987	5397.93
630.188	5744.04
630.388	5113.27
630.589	5404.08
630.79	6256.03
630.99	5504.43
631.191	5103.03
631.391	5238.19
631.591	5655.98
631.792	5760.42
631.992	5266.86
632.193	5088.69
632.393	6010.28
632.594	5615.02
632.794	4980.15
632.994	5215.66
633.195	5379.5
633.395	5529
633.595	5029.3
633.796	5361.07
633.996	5549.48
634.196	5785
634.397	4881.85
634.597	5146.03
634.797	5498.28
634.997	6065.57
635.198	5590.44
635.398	5055.92
635.598	5709.22
635.798	5768.62
635.998	5561.77
636.199	4990.39
636.399	5422.51
636.599	5518.76
636.799	4986.29
636.999	5486
637.199	5692.84
637.399	5914.02
637.599	4892.09
637.799	5178.8
637.999	5453.23
638.199	5932.45
638.399	5148.08
638.599	5168.56
638.799	5729.7
638.999	5973.41
639.199	5375.41
639.399	5215.66
639.599	5668.27
639.799	5428.65
639.999	5219.76
640.199	5088.69
640.399	5639.59
640.599	5811.62
640.799	5264.82
640.998	5469.61
641.198	5610.92
641.398	5666.22
641.598	5395.89
641.798	5299.63
641.997	6880.66
642.197	5629.35
642.397	5377.45
642.597	5162.42
642.796	5510.57
642.996	5909.93
643.196	5533.1
643.395	5158.32
643.595	5694.89
643.795	5471.66
643.994	5375.41
644.194	5260.72
644.394	6409.63
644.593	6104.48
644.793	5168.56
644.992	5393.84
645.192	5995.94
645.392	5299.63
645.591	5627.31
645.791	5367.21
645.99	6012.32
646.19	5776.81
646.389	5356.97
646.589	5418.41
646.788	5842.34
646.987	5768.62
647.187	5940.65
647.386	5610.92
647.586	5856.68
647.785	6116.77
647.984	5275.06
648.184	5397.93
648.383	5703.08
648.582	5588.39
648.782	5246.38
648.981	5631.4
649.18	5637.55
649.38	5537.2
649.579	5273.01
649.778	5297.58
649.977	6188.45
650.177	6026.66
650.376	5338.54
650.575	5541.29
650.774	5979.56
650.973	5713.32
651.173	5135.79
651.372	5655.98
651.571	5817.77
651.77	6041
651.969	5338.54
652.168	5592.49
652.367	5707.18
652.566	5916.07
652.765	5348.78
652.964	5965.22
653.163	6307.23
653.362	5729.7
653.561	5291.44
653.76	5428.65
653.959	5741.99
654.158	6208.93
654.357	5668.27
654.556	5322.16
654.755	6004.13
654.954	5995.94
655.153	5356.97
655.352	5655.98
655.551	6102.43
655.749	5778.86
655.948	5477.8
656.147	5635.5
656.346	5963.17
656.545	6182.31
656.743	5486
656.942	5627.31
657.141	5787.05
657.34	5819.82
657.538	5328.3
657.737	5471.66
657.936	6000.04
658.135	5748.14
658.333	5338.54
658.532	5922.21
658.731	6096.29
658.929	6210.98
659.128	5889.45
659.326	5254.58
659.525	6051.24
659.724	5823.91
659.922	5316.01
660.121	5223.86
660.319	6026.66
660.518	5731.75
660.716	5514.67
660.915	5447.08
661.113	6327.71
661.312	5801.38
661.51	5666.22
661.709	5508.52
661.907	6237.6
662.105	6360.48
662.304	5518.76
662.502	5795.24
662.701	6172.07
662.899	5762.47
663.097	5954.98
663.296	5496.24
663.494	6122.91
663.692	6413.73
663.891	5447.08
664.089	5428.65
664.287	6022.56
664.485	6051.24
664.684	5543.34
664.882	5719.46
665.08	6065.57
665.278	6057.38
665.476	5524.91
665.675	5932.45
665.873	6294.94
666.071	6184.35
666.269	5475.76
666.467	6004.13
666.665	6151.59
666.863	6014.37
667.061	5604.78
667.259	5574.06
667.457	5813.67
667.655	6131.11
667.853	5369.26
668.051	5823.91
668.249	5715.37
668.447	6161.83
668.645	5426.61
668.843	5746.09
669.041	6237.6
669.239	5694.89
669.437	5737.9
669.635	5830.06
669.833	6041
670.031	6096.29
670.229	5758.38
670.426	5701.03
670.624	5844.39
670.822	5905.83
671.02	5578.15
671.218	5582.25
671.415	5746.09
671.613	5957.03
671.811	5885.35
672.009	5686.7
672.206	6014.37
672.404	5801.38
672.602	5815.72
672.799	5647.79
672.997	6229.41
673.195	5922.21
673.392	5723.56
673.59	5533.1
673.788	6104.48
673.985	5414.32
674.183	5623.21
674.38	5606.83
674.578	5983.65
674.775	5758.38
674.973	5342.64
675.17	5227.95
675.368	6124.96
675.565	5811.62
675.763	5590.44
675.96	5520.81
676.158	6012.32
676.355	6124.96
676.553	5340.59
676.75	5504.43
676.947	5803.43
677.145	5873.06
677.342	5508.52
677.539	5678.51
677.737	6213.03
677.934	6356.38
678.131	5752.23
678.329	5580.2
678.526	6587.8
678.723	6194.59
678.92	5729.7
679.118	5651.88
679.315	5725.61
679.512	6243.74
679.709	5617.07
679.906	5606.83
680.104	6303.14
680.301	5961.13
680.498	5184.94
680.695	5402.03
680.892	5868.97
681.089	5883.3
681.286	5561.77
681.483	5143.99
681.68	5741.99
681.877	6018.47
682.075	5569.96
682.272	5531.05
682.469	5938.6
682.665	5809.58
682.862	5176.75
683.059	5283.25
683.256	5819.82
683.453	5744.04
683.65	5582.25
683.847	5529
684.044	5932.45
684.241	5678.51
684.438	5750.18
684.635	5230
684.831	6342.05
685.028	6311.33
685.225	5143.99
685.422	5997.99
685.619	5893.54
685.815	5688.75
686.012	5522.86
686.209	5547.44
686.405	5557.68
686.602	5946.79
686.799	5340.59
686.996	5455.28
687.192	5578.15
687.389	6778.26
687.586	5475.76
687.782	5610.92
687.979	6436.25
688.175	6041
688.372	5232.05
688.568	5471.66
688.765	5801.38
688.962	6012.32
689.158	5627.31
689.355	5186.99
689.551	5731.75
689.748	5848.49
689.944	5479.85
690.14	5316.01
690.337	5916.07
690.533	6036.9
690.73	5594.54
690.926	5414.32
691.123	5737.9
691.319	5909.93
691.515	5182.9
691.712	5856.68
691.908	5735.85
692.104	5782.95
692.301	5463.47
692.497	5195.18
692.693	5942.69
692.889	5741.99
693.086	5422.51
693.282	5135.79
693.478	5748.14
693.674	6227.36
693.87	5516.72
694.067	5168.56
694.263	5621.16
694.459	5737.9
694.655	5563.82
694.851	5698.99
695.047	5873.06
695.243	5852.58
695.439	5592.49
695.635	5262.77
695.831	5817.77
696.027	5545.39
696.224	5221.81
696.42	5635.5
696.615	5959.08
696.811	5961.13
697.007	5143.99
697.203	5311.92
697.399	5686.7
697.595	5658.03
697.791	5035.44
697.987	5461.42
698.183	5635.5
698.379	5635.5
698.575	5193.14
698.77	5342.64
698.966	5694.89
699.162	5965.22
699.358	5246.38
699.554	5375.41
699.749	6272.42
699.945	5780.9
700.141	5635.5
700.337	5412.27
700.532	5647.79
700.728	5643.69
700.924	5182.9
701.119	5043.64
701.315	5629.35
701.511	5496.24
701.706	5295.54
701.902	5021.11
702.097	5776.81
702.293	5627.31
702.489	5227.95
702.684	5111.22
702.88	5873.06
703.075	5434.8
703.271	5246.38
703.466	5074.35
703.662	5414.32
703.857	5651.88
704.053	5008.82
704.248	5295.54
704.443	5789.1
704.639	5782.95
704.834	5483.95
705.03	5160.37
705.225	5541.29
705.42	5914.02
705.616	5324.21
705.811	5072.31
706.006	5619.11
706.202	5486
706.397	5483.95
706.592	5049.78
706.787	5813.67
706.983	5465.52
707.178	5682.6
707.373	5270.96
707.568	5608.87
707.763	5815.72
707.959	5111.22
708.154	5238.19
708.349	5543.34
708.544	5825.96
708.739	5557.68
708.934	5162.42
709.129	5856.68
709.324	5938.6
709.519	5041.59
709.714	4883.89
709.909	5625.26
710.104	6024.61
710.299	5096.88
710.494	5299.63
710.689	5643.69
710.884	5651.88
711.079	5156.27
711.274	5420.46
711.469	5813.67
711.664	5580.2
711.859	5186.99
712.054	5240.24
712.249	5598.63
712.443	5785
712.638	4908.47
712.833	5178.8
713.028	5778.86
713.223	5397.93
713.417	5655.98
713.612	5119.41
713.807	5705.13
714.002	6380.96
714.196	5410.22
714.391	5170.61
714.586	5666.22
714.78	5864.87
714.975	5199.28
715.17	5092.79
715.364	5615.02
715.559	5815.72
715.754	4818.36
715.948	4834.74
716.143	6165.92
716.337	5399.98
716.532	5490.09
716.726	5078.45
716.921	5676.46
717.115	5911.97
717.31	4863.41
717.504	6161.83
717.699	5610.92
717.893	5701.03
718.088	5029.3
718.282	4758.97
718.476	5303.73
718.671	5932.45
718.865	4998.58
719.059	5064.11
719.254	5486
719.448	5911.97
719.642	7712.14
719.837	4574.65
720.031	7396.75
720.225	5678.51
720.419	5160.37
720.614	4781.5
720.808	5428.65
721.002	5522.86
721.196	4992.44
721.39	5027.25
721.585	5524.91
721.779	5819.82
721.973	5184.94
722.167	4570.55
722.361	5551.53
722.555	5752.23
722.749	5019.06
722.943	5045.68
723.137	5260.72
723.331	5578.15
723.525	5041.59
723.719	4861.37
723.913	5457.32
724.107	5744.04
724.301	4736.44
724.495	5021.11
724.689	5932.45
724.883	5531.05
725.077	4990.39
725.271	4738.49
725.465	5512.62
725.659	5336.49
725.853	5168.56
726.046	4609.47
726.24	5250.48
726.434	5514.67
726.628	4801.97
726.822	5057.97
727.015	5541.29
727.209	5836.2
727.403	4867.51
727.596	4724.15
727.79	5406.13
727.984	5590.44
728.177	4877.75
728.371	5076.4
728.565	5678.51
728.758	5055.92
728.952	4761.02
729.146	4832.69
729.339	5475.76
729.533	5418.41
729.726	4789.69
729.92	4711.86
730.113	5637.55
730.307	5449.13
730.5	5019.06
730.694	4906.42
730.887	5316.01
731.081	5455.28
731.274	4539.83
731.468	4941.24
731.661	5281.2
731.854	5270.96
732.048	4857.27
732.241	4707.77
732.435	5326.25
732.628	5250.48
732.821	4857.27
733.014	4675
733.208	5123.51
733.401	5381.55
733.594	4853.17
733.788	4715.96
733.981	5451.18
734.174	5473.71
734.367	4754.87
734.56	5080.5
734.754	5819.82
734.947	5430.7
735.14	4857.27
735.333	4949.43
735.526	5813.67
735.719	5275.06
735.912	4623.8
736.105	4912.57
736.298	5371.31
736.491	5389.74
736.684	4769.21
736.877	4988.34
737.07	5602.73
737.263	5711.27
737.456	4799.93
737.649	4619.71
737.842	5373.36
738.035	5488.04
738.228	4924.85
738.421	5084.59
738.614	5717.42
738.807	5461.42
739	4832.69
739.192	4890.04
739.385	5352.88
739.578	5242.29
739.771	5324.21
739.964	4767.16
740.156	5617.07
740.349	5369.26
740.542	5031.35
740.735	4699.58
740.927	5074.35
741.12	5080.5
741.313	4523.45
741.505	5127.6
741.698	5506.48
741.891	5557.68
742.083	5019.06
742.276	4847.03
742.468	5600.68
742.661	5275.06
742.854	4746.68
743.046	4742.58
743.239	5436.85
743.431	5438.89
743.624	4822.45
743.816	4457.92
744.009	5139.89
744.201	5201.33
744.393	5060.02
744.586	4554.17
744.778	5488.04
744.971	5334.45
745.163	4883.89
745.355	5008.82
745.548	5397.93
745.74	5320.11
745.932	4902.33
746.125	4685.24
746.317	5672.36
746.509	5461.42
746.702	4660.66
746.894	4914.61
747.086	5391.79
747.278	5318.06
747.471	4883.89
747.663	4791.73
747.855	5422.51
748.047	5737.9
748.239	4701.62
748.431	4955.57
748.623	5506.48
748.815	5375.41
749.008	4564.41
749.2	4740.54
749.392	5209.52
749.584	5612.97
749.776	4904.37
749.968	5230
750.16	5594.54
750.352	5230
750.544	4851.13
750.736	4650.43
750.928	5305.78
751.12	5535.15
751.311	4818.36
751.503	4808.12
751.695	5174.71
751.887	5412.27
752.079	4572.6
752.271	4734.39
752.463	5641.64
752.654	5209.52
752.846	4761.02
753.038	4564.41
753.23	5121.46
753.421	5326.25
753.613	4679.1
753.805	5094.83
753.997	5094.83
754.188	5381.55
754.38	4646.33
754.572	4777.4
754.763	4943.28
754.955	5033.4
755.146	4822.45
755.338	4662.71
755.53	5445.04
755.721	5250.48
755.913	4464.06
756.104	4679.1
756.296	5109.17
756.487	5455.28
756.679	4431.29
756.87	4554.17
757.062	5062.07
757.253	5135.79
757.445	4656.57
757.636	4842.93
757.827	5303.73
758.019	5922.21
758.21	4388.29
758.401	4545.98
758.593	5696.94
758.784	5488.04
758.975	4545.98
759.167	4466.11
759.358	4980.15
759.549	5385.65
759.74	4533.69
759.932	4640.19
760.123	5227.95
760.314	5195.18
760.505	4726.2
760.696	4533.69
760.888	5133.75
761.079	5176.75
761.27	4232.64
761.461	4111.81
761.652	5332.4
761.843	4890.04
762.034	4568.51
762.225	5152.18
762.416	5019.06
762.607	4838.84
762.798	4482.49
762.989	4496.83
763.18	6108.58
763.371	5129.65
763.562	4402.62
763.753	4445.63
763.944	4920.76
764.135	4728.25
764.326	4576.7
764.517	4486.59
764.708	5107.12
764.899	5158.32
765.089	4255.17
765.28	4265.41
765.471	4789.69
765.662	5133.75
765.853	4668.86
766.043	4287.93
766.234	5004.72
766.425	5025.2
766.615	4398.52
766.806	4318.65
766.997	5062.07
767.187	4984.24
767.378	4296.13
767.569	4060.61
767.759	4887.99
767.95	4529.59
768.141	4625.85
768.331	4234.69
768.522	5086.64
768.712	5060.02
768.903	4300.22
769.093	4343.23
769.284	4984.24
769.474	5039.54
769.665	4136.38
769.855	4165.06
770.046	5162.42
770.236	4953.52
770.426	4449.72
770.617	4257.22
770.807	4781.5
770.998	4928.95
771.188	4480.44
771.378	4283.84
771.569	5017.01
771.759	4695.48
771.949	4115.91
772.139	3784.13
772.33	4840.89
772.52	4769.21
772.71	4169.15
772.9	4015.55
773.09	4677.05
773.281	5078.45
773.471	3999.17
773.661	4281.79
773.851	4765.11
774.041	4881.85
774.231	4017.6
774.421	4447.68
774.611	4836.79
774.802	4611.51
774.992	4117.95
775.182	3878.34
775.372	4828.6
775.562	4715.96
775.752	4138.43
775.942	4187.58
776.131	4945.33
776.321	4783.54
776.511	3956.16
776.701	4023.75
776.891	4971.96
777.081	4402.62
777.271	4160.96
777.461	4021.7
777.651	4789.69
777.84	4627.9
778.03	4130.24
778.22	4150.72
778.41	4609.47
778.599	4527.55
778.789	3943.88
778.979	4001.22
779.169	4687.29
779.358	4244.93
779.548	4341.18
779.738	3827.14
779.927	4767.16
780.117	4173.25
780.307	3874.24
780.496	3659.21
780.686	4634.04
780.875	5023.16
781.065	3876.29
781.254	3935.68
781.444	4388.29
781.633	4548.03
781.823	3749.32
782.012	3954.12
782.202	4476.35
782.391	4421.05
782.581	3864.01
782.77	4298.17
782.96	4750.78
783.149	4308.41
783.338	3685.83
783.528	3579.34
783.717	4646.33
783.906	4789.69
784.096	3904.96
784.285	3601.87
784.474	4324.8
784.663	4343.23
784.853	3790.28
785.042	3972.55
785.231	4431.29
785.42	4466.11
785.61	4050.37
785.799	3874.24
785.988	4752.82
786.177	4259.26
786.366	4001.22
786.555	4349.37
786.744	4404.67
786.933	4445.63
787.122	3683.78
787.312	3743.17
787.501	4154.82
787.69	4568.51
787.879	3694.02
788.068	3679.69
788.257	3988.93
788.445	4353.47
788.634	3800.52
788.823	3495.37
789.012	4726.2
789.201	4537.79
789.39	3702.22
789.579	3620.3
789.768	4496.83
789.957	4347.33
790.145	3722.7
790.334	3403.21
790.523	3907.01
790.712	4216.26
790.9	3874.24
791.089	3513.8
791.278	4365.76
791.467	4263.36
791.655	4298.17
791.844	4611.51
792.033	4292.03
792.221	4079.04
792.41	3659.21
792.599	3212.75
792.787	4324.8
792.976	4326.85
793.164	3556.81
793.353	3573.19
793.541	4212.16
793.73	4251.07
793.918	3591.63
794.107	3608.01
794.295	4275.65
794.484	4181.44
794.672	3691.98
794.861	3538.38
795.049	4107.71
795.238	4550.07
795.426	3503.56
795.614	3620.3
795.803	4341.18
795.991	4337.09
796.179	3554.76
796.368	3577.29
796.556	4349.37
796.744	3943.88
796.932	3628.49
797.121	3532.23
797.309	4185.54
797.497	4300.22
797.685	3476.94
797.874	3403.21
798.062	4189.63
798.25	4429.24
798.438	3603.91
798.626	3583.43
798.814	4347.33
799.002	4390.33
799.19	3710.41
799.378	3657.16
799.566	4052.42
799.755	4550.07
799.943	3864.01
800.131	3487.18
800.318	4048.32
800.506	4253.12
800.694	3339.73
800.882	3691.98
801.07	4548.03
801.258	4324.8
801.446	3675.59
801.634	3685.83
801.822	4156.86
802.01	4355.52
802.197	3524.04
802.385	3812.81
802.573	4486.59
802.761	4117.95
802.949	3784.13
803.136	3270.09
803.324	4517.31
803.512	4187.58
803.699	3769.8
803.887	3302.86
804.075	4341.18
804.262	4064.71
804.45	3440.08
804.638	3966.4
804.825	4113.86
805.013	4023.75
805.201	3636.68
805.388	3548.62
805.576	4025.79
805.763	4341.18
805.951	3476.94
806.138	3833.29
806.326	4419
806.513	4173.25
806.701	3581.39
806.888	3634.63
807.075	4433.34
807.263	4474.3
807.45	3472.84
807.638	3821
807.825	4574.65
808.012	4380.09
808.2	3702.22
808.387	4181.44
808.574	4302.27
808.761	4502.97
808.949	3585.48
809.136	3648.97
809.323	4238.78
809.51	4382.14
809.698	4040.13
809.885	3980.74
810.072	4490.68
810.259	4361.66
810.446	3792.33
810.633	3579.34
810.82	4294.08
811.008	4677.05
811.195	3968.45
811.382	3802.57
811.569	4373.95
811.756	4054.47
811.943	3771.85
812.13	3589.58
812.317	4220.35
812.504	3933.64
812.691	3749.32
812.878	3806.66
813.064	4754.87
813.251	4179.39
813.438	3583.43
813.625	3986.88
813.812	4322.75
813.999	4269.5
814.186	3802.57
814.372	3775.94
814.559	4521.4
814.746	4558.27
814.933	3698.12
815.12	3988.93
815.306	4251.07
815.493	4072.9
815.68	3657.16
815.866	3605.96
816.053	4455.87
816.24	4703.67
816.426	3734.98
816.613	3530.19
816.799	4431.29
816.986	4566.46
817.173	3718.6
817.359	3646.92
817.546	4324.8
817.732	3921.35
817.919	3366.35
818.105	3845.57
818.292	4269.5
818.478	4388.29
818.665	3921.35
818.851	3659.21
819.037	4986.29
819.224	4314.56
819.41	3390.92
819.597	3417.55
819.783	4861.37
819.969	4306.37
820.156	3648.97
820.342	3288.53
820.528	5604.78
820.714	3972.55
820.901	3966.4
821.087	3429.84
821.273	4263.36
821.459	4122.05
821.646	3319.25
821.832	3376.59
822.018	4300.22
822.204	4132.29
822.39	3546.57
822.576	3460.56
822.762	4332.99
822.948	4390.33
823.134	3821
823.32	3409.36
823.507	3816.9
823.693	4246.98
823.879	4197.82
824.065	3542.47
824.25	4056.51
824.436	3937.73
824.622	3460.56
824.808	3411.4
824.994	4122.05
825.18	3882.44
825.366	3339.73
825.552	3513.8
825.738	4072.9
825.923	4390.33
826.109	3730.89
826.295	3450.32
826.481	4136.38
826.667	3800.52
826.852	3718.6
827.038	3306.96
827.224	4244.93
827.409	4183.49
827.595	3179.98
827.781	3679.69
827.966	4404.67
828.152	4314.56
828.338	3538.38
828.523	3067.35
828.709	4025.79
828.894	4111.81
829.08	3597.77
829.266	3366.35
829.451	3919.3
829.637	4267.45
829.822	3702.22
830.008	3481.03
830.193	4142.53
830.378	4386.24
830.564	3456.46
830.749	3280.33
830.935	4117.95
831.12	3921.35
831.305	3311.05
831.491	3618.25
831.676	3753.41
831.861	4117.95
832.047	3306.96
832.232	3177.94
832.417	4107.71
832.602	4165.06
832.788	3399.12
832.973	3261.9
833.158	3829.19
833.343	3829.19
833.528	3458.51
833.714	3526.09
833.899	3874.24
834.084	4414.91
834.269	3773.89
834.454	3311.05
834.639	3919.3
834.824	3978.69
835.009	3624.39
835.194	3825.09
835.379	4148.67
835.564	4365.76
835.749	3651.02
835.934	3321.29
836.119	4138.43
836.304	3894.72
836.489	3218.89
836.674	3759.56
836.859	3806.66
837.044	4138.43
837.228	3374.54
837.413	3057.11
837.598	3767.75
837.783	3980.74
837.968	3337.68
838.152	3292.62
838.337	3376.59
838.522	4259.26
838.707	4046.27
838.891	3519.95
839.076	4111.81
839.261	3982.79
839.445	3438.03
839.63	3513.8
839.815	4345.28
839.999	3896.77
840.184	3010
840.368	3290.57
840.553	3986.88
840.737	3790.28
840.922	3038.67
841.106	2934.23
841.291	3599.82
841.475	3753.41
841.66	3065.3
841.844	3143.12
842.029	4314.56
842.213	3470.8
842.397	3245.52
842.582	2981.33
842.766	3929.54
842.951	3976.64
843.135	3233.23
843.319	3096.02
843.504	3816.9
843.688	4236.74
843.872	2911.7
844.056	3005.91
844.241	3800.52
844.425	3700.17
844.609	3538.38
844.793	3046.87
844.977	3954.12
845.161	3694.02
845.346	2921.94
845.53	3210.7
845.714	3808.71
845.898	4081.09
846.082	2911.7
846.266	3104.21
846.45	3460.56
846.634	3780.04
846.818	3022.29
847.002	3372.49
847.186	3718.6
847.37	3284.43
847.554	2872.79
847.738	3077.59
847.922	3636.68
848.106	3868.1
848.29	2913.75
848.473	3018.19
848.657	3716.55
848.841	3456.46
849.025	2995.67
849.209	2825.68
849.392	3808.71
849.576	3263.95
849.76	2702.81
849.944	3173.84
850.127	3880.39
850.311	3460.56
850.495	2823.64
850.678	2790.87
850.862	3591.63
851.046	3730.89
851.229	3382.73
851.413	2813.4
851.596	3835.33
851.78	3352.01
851.964	3204.56
852.147	2930.13
852.331	4050.37
852.514	3894.72
852.698	3130.83
852.881	2713.05
853.065	3532.23
853.248	3483.08
853.431	2964.95
853.615	2942.42
853.798	4330.94
853.982	3538.38
854.165	3261.9
854.348	2885.08
854.532	3306.96
854.715	3368.4
854.898	2768.34
855.081	2799.06
855.265	3919.3
855.448	4042.18
855.631	2868.69
855.814	2801.11
855.997	3538.38
856.181	3558.86
856.364	3012.05
856.547	2643.42
856.73	3593.67
856.913	3399.12
857.096	2608.6
857.279	2907.6
857.462	3339.73
857.645	3399.12
857.828	3147.22
858.011	3112.4
858.194	3173.84
858.377	3442.12
858.56	2858.45
858.743	2682.33
858.926	3202.51
859.109	3300.81
859.292	2670.04
859.475	2508.25
859.658	3505.61
859.841	3386.83
860.023	2739.67
860.206	2612.7
860.389	3200.46
860.572	3446.22
860.755	2737.62
860.937	2825.68
861.12	3145.17
861.303	3358.16
861.486	2809.3
861.668	2594.26
861.851	3163.6
862.034	3481.03
862.216	2956.75
862.399	2596.31
862.581	3415.5
862.764	3534.28
862.947	2708.95
863.129	2563.54
863.312	2907.6
863.494	3466.7
863.677	3247.57
863.859	2493.91
864.042	3390.92
864.224	3210.7
864.406	2905.56
864.589	2381.28
864.771	3145.17
864.954	3024.34
865.136	2711
865.318	2414.04
865.501	3718.6
865.683	2713.05
865.865	2698.71
866.048	2565.59
866.23	3319.25
866.412	3251.66
866.594	2420.19
866.777	2774.49
866.959	3001.81
867.141	3032.53
867.323	3001.81
867.505	2815.45
867.687	3165.65
867.869	3184.08
868.052	2575.83
868.234	2584.02
868.416	3218.89
868.598	3382.73
868.78	2618.84
868.962	2450.91
869.144	3438.03
869.326	3153.36
869.508	2579.93
869.69	2620.89
869.872	2819.54
870.054	3603.91
870.236	2196.96
870.417	2514.39
870.599	3003.86
870.781	3435.98
870.963	2788.82
871.145	2412
871.327	2870.74
871.508	3292.62
871.69	2516.44
871.872	2436.57
872.054	2921.94
872.235	3177.94
872.417	2729.43
872.599	2336.22
872.78	3667.4
872.962	3126.74
873.144	2371.04
873.325	2581.98
873.507	3360.2
873.689	3218.89
873.87	2366.94
874.052	2725.33
874.233	3024.34
874.415	3603.91
874.596	2403.8
874.778	2280.93
874.959	3177.94
875.141	3296.72
875.322	2467.29
875.503	2332.12
875.685	3030.48
875.866	2674.14
876.048	2368.99
876.229	2500.06
876.41	3048.91
876.592	3253.71
876.773	2672.09
876.954	2182.62
877.136	3300.81
877.317	3014.1
877.498	2244.06
877.679	2694.61
877.86	3089.87
878.042	2989.52
878.223	2520.54
878.404	3182.03
878.585	3227.09
878.766	5203.38
878.947	2985.43
879.128	2768.34
879.309	3130.83
879.49	3306.96
879.672	2723.29
879.853	2448.86
880.034	2948.56
880.215	3317.2
880.396	2751.96
880.576	2557.4
880.757	2993.62
880.938	3648.97
881.119	2321.88
881.3	2598.36
881.481	3026.39
881.662	4054.47
881.843	2473.43
882.023	2348.51
882.204	3526.09
882.385	2901.46
882.566	2553.31
882.747	2555.35
882.927	3104.21
883.108	3354.06
883.289	2403.8
883.469	2854.36
883.65	3055.06
883.831	3231.18
884.011	2766.29
884.192	2508.25
884.373	3315.15
884.553	3167.7
884.734	2754.01
884.914	3149.26
885.095	4359.61
885.275	3548.62
885.456	2862.55
885.636	2489.82
885.817	3212.75
885.997	3374.54
886.178	2518.49
886.358	2637.27
886.538	3173.84
886.719	5107.12
886.899	2577.88
887.08	2831.83
887.26	3352.01
887.44	3038.67
887.621	2477.53
887.801	2735.57
887.981	3694.02
888.161	3511.75
888.342	2678.23
888.522	2528.73
888.702	3358.16
888.882	3386.83
889.062	2850.26
889.242	2379.23
889.423	3620.3
889.603	3440.08
889.783	2555.35
889.963	2506.2
890.143	3222.99
890.323	3364.3
890.503	2571.74
890.683	2737.62
890.863	3040.72
891.043	3210.7
891.223	2772.44
891.403	2815.45
891.583	3352.01
891.763	3362.25
891.943	2784.73
892.122	3081.68
892.302	3212.75
892.482	3249.61
892.662	2895.32
892.842	2794.97
893.022	3124.69
893.201	3272.14
893.381	2799.06
893.561	2547.16
893.741	3251.66
893.92	3038.67
894.1	2741.72
894.28	2792.92
894.459	3587.53
894.639	3171.79
894.819	2784.73
894.998	2803.16
895.178	3290.57
895.357	3014.1
895.537	2436.57
895.716	2303.45
895.896	3116.5
896.075	3620.3
896.255	2483.67
896.434	2311.64
896.614	3511.75
896.793	3370.44
896.973	2934.23
897.152	2711
897.331	3030.48
897.511	3110.35
897.69	2465.24
897.87	2653.66
898.049	3235.28
898.228	3114.45
898.407	2817.49
898.587	2878.93
898.766	2842.07
898.945	3243.47
899.124	3018.19
899.304	2723.29
899.483	3321.29
899.662	3569.1
899.841	2524.63
900.02	2620.89
900.199	3153.36
900.378	3251.66
900.557	2489.82
900.737	2448.86
900.916	3014.1
901.095	2983.38
901.274	2952.66
901.453	2196.96
901.632	2774.49
901.811	2778.58
901.989	2461.15
902.168	2391.52
902.347	3173.84
902.526	2637.27
902.705	2481.63
902.884	2561.5
903.063	3347.92
903.242	3200.46
903.42	2096.61
903.599	2608.6
903.778	3044.82
903.957	3423.69
904.135	2620.89
904.314	2442.71
904.493	2923.99
904.672	2811.35
904.85	2319.84
905.029	2395.61
905.207	2835.92
905.386	3435.98
905.565	2043.36
905.743	2268.64
905.922	2833.88
906.1	2762.2
906.279	2035.17
906.457	2119.14
906.636	2667.99
906.814	2680.28
906.993	2227.68
907.171	1990.11
907.35	2661.85
907.528	3212.75
907.707	2561.5
907.885	1912.29
908.063	2819.54
908.242	2538.97
908.42	2102.75
908.598	1795.56
908.777	2788.82
908.955	2309.6
909.133	2295.26
909.311	1873.38
909.49	2381.28
909.668	2479.58
909.846	1988.07
910.024	1885.67
910.202	2567.64
910.38	2782.68
910.559	1940.96
910.737	2158.05
910.915	2717.14
911.093	2596.31
911.271	2156
911.449	2354.65
911.627	2723.29
911.805	3462.6
911.983	2256.35
912.161	2151.9
912.339	2553.31
912.517	3028.43
912.695	2581.98
912.872	2252.25
913.05	2842.07
913.228	2909.65
913.406	2395.61
913.584	2117.09
913.762	3073.49
913.939	2706.9
914.117	2237.92
914.295	2119.14
914.473	2727.38
914.65	3007.95
914.828	2266.59
915.006	2139.62
915.184	2604.5
915.361	2788.82
915.539	2377.18
915.716	2385.37
915.894	2741.72
916.072	2858.45
916.249	2733.53
916.427	2420.19
916.604	2543.07
916.782	2731.48
916.959	2059.74
917.137	2153.95
917.314	2573.78
917.492	2682.33
917.669	2344.41
917.847	2162.14
918.024	2463.19
918.201	2305.5
918.379	2108.9
918.556	2258.4
918.733	2719.19
918.911	2393.56
919.088	2469.34
919.265	2006.5
919.442	2567.64
919.62	2766.29
919.797	2072.03
919.974	1916.39
920.151	2766.29
920.328	2592.22
920.506	1918.43
920.683	2588.12
920.86	2364.89
921.037	2575.83
921.214	2153.95
921.391	1938.91
921.568	2733.53
921.745	2385.37
921.922	2164.19
922.099	2022.88
922.276	2661.85
922.453	2541.02
922.63	1754.6
922.807	2432.47
922.984	2604.5
923.161	2440.67
923.338	2203.1
923.514	1965.54
923.691	2688.47
923.868	2655.7
924.045	1996.26
924.222	1801.7
924.399	2530.78
924.575	2575.83
924.752	2196.96
924.929	2135.52
925.105	2436.57
925.282	2184.67
925.459	2096.61
925.635	2217.44
925.812	2618.84
925.989	2346.46
926.165	2063.84
926.342	1836.52
926.518	2352.6
926.695	2344.41
926.871	1998.31
927.048	1818.08
927.224	2825.68
927.401	2244.06
927.577	2033.12
927.754	1641.96
927.93	2551.26
928.107	2629.08
928.283	1703.4
928.459	2092.51
928.636	2596.31
928.812	2418.14
928.988	1793.51
929.165	1605.1
929.341	2174.43
929.517	2258.4
929.693	2395.61
929.87	1549.8
930.046	2383.32
930.222	2227.68
930.398	1711.59
930.574	1949.15
930.751	2096.61
930.927	2215.39
931.103	1756.65
931.279	1879.52
931.455	2158.05
931.631	2340.32
931.807	1596.9
931.983	1541.61
932.159	1777.12
932.335	2145.76
932.511	1629.67
932.687	1676.77
932.863	1990.11
933.039	2289.12
933.215	1574.38
933.391	1508.84
933.566	1928.67
933.742	2037.22
933.918	1580.52
934.094	1439.21
934.27	1973.73
934.445	1900
934.621	1789.41
934.797	1521.13
934.973	2047.46
935.148	1943.01
935.324	1365.48
935.5	1246.7
935.675	2088.42
935.851	1887.72
936.027	1617.38
936.202	1592.81
936.378	2086.37
936.553	1658.34
936.729	2072.03
936.904	1328.62
937.08	1553.9
937.255	1457.64
937.431	1388.01
937.606	1129.97
937.782	1418.73
937.957	1836.52
938.133	1297.9
938.308	1181.17
938.483	1586.66
938.659	1431.02
938.834	1336.81
939.009	937.46
939.185	1701.35
939.36	1281.52
939.535	646.65
939.71	1285.61
939.886	1850.85
940.061	1383.91
940.236	1492.46
940.411	1113.58
940.586	1514.98
940.761	1572.33
940.937	1148.4
941.112	919.03
941.287	1170.93
941.462	1140.21
941.637	802.29
941.812	947.7
941.987	1236.46
942.162	1289.71
942.337	1070.58
942.512	898.55
942.687	1674.73
942.862	1304.04
943.037	679.41
943.212	445.95
943.386	1158.64
943.561	1187.31
943.736	1218.03
943.911	1654.25
944.086	1547.75
944.26	1189.36
944.435	898.55
944.61	1035.76
944.785	1377.77
944.959	1797.6
945.134	781.81
945.309	816.63
945.483	959.99
945.658	1465.83
945.833	515.58
946.007	728.56
946.182	1590.76
946.357	1035.76
946.531	706.04
946.706	730.61
946.88	998.9
947.055	1289.71
947.229	749.04
947.404	628.21
947.578	1240.56
947.752	1258.99
947.927	683.51
948.101	654.84
948.276	1705.45
948.45	1293.8
948.624	1142.25
948.799	738.8
948.973	1086.96
949.147	945.65
949.321	863.73
949.496	919.03
949.67	1637.86
949.844	1123.82
950.018	884.21
950.193	847.35
950.367	1863.14
950.541	1183.21
950.715	957.94
950.889	1111.54
951.063	1152.49
951.237	1416.68
951.411	822.77
951.585	747
951.759	1467.88
951.933	1379.82
952.107	794.1
952.281	1158.64
952.455	1641.96
952.629	1299.95
952.803	1007.09
952.977	814.58
953.151	1445.35
953.325	1234.41
953.499	1074.67
953.672	589.3
953.846	1138.16
954.02	1175.02
954.194	902.64
954.368	810.48
954.541	1578.47
954.715	1287.66
954.889	1093.1
955.062	847.35
955.236	1162.73
955.41	1271.28
955.583	1189.36
955.757	837.11
955.93	1213.93
956.104	1158.64
956.278	904.69
956.451	902.64
956.625	1572.33
956.798	1646.05
956.972	1220.08
957.145	769.52
957.319	1633.77
957.492	1279.47
957.665	1236.46
957.839	859.63
958.012	1256.94
958.185	1170.93
958.359	1005.04
958.532	1103.34
958.705	1283.56
958.879	1252.84
959.052	1086.96
959.225	753.14
959.398	1297.9
959.572	1459.69
959.745	908.79
959.918	982.51
960.091	1408.49
960.264	1564.14
960.438	916.98
960.611	824.82
960.784	1730.02
960.957	1175.02
961.13	1596.9
961.303	949.75
961.476	1355.24
961.649	1785.32
961.822	814.58
961.995	1113.58
962.168	1261.04
962.341	1547.75
962.514	1023.47
962.686	873.97
962.859	1414.63
963.032	1601
963.205	959.99
963.378	663.03
963.551	1345
963.723	1160.69
963.896	1162.73
964.069	1115.63
964.242	1379.82
964.414	1838.56
964.587	1089.01
964.76	1142.25
964.932	1474.03
965.105	1365.48
965.278	949.75
965.45	859.63
965.623	1492.46
965.795	1529.32
965.968	900.59
966.14	871.92
966.313	1363.44
966.485	1385.96
966.658	843.25
966.83	867.83
967.003	1459.69
967.175	1287.66
967.348	853.49
967.52	894.45
967.692	1764.84
967.865	1598.95
968.037	939.51
968.209	1209.84
968.382	1388.01
968.554	1590.76
968.726	859.63
968.898	777.72
969.071	1578.47
969.243	1433.07
969.415	919.03
969.587	1156.59
969.759	1674.73
969.932	1306.09
970.104	982.51
970.276	691.7
970.448	1289.71
970.62	1277.42
970.792	1105.39
970.964	1037.81
971.136	1863.14
971.308	1351.15
971.48	712.18
971.652	865.78
971.824	1664.49
971.996	1132.01
972.168	984.56
972.339	951.79
972.511	1404.39
972.683	1285.61
972.855	1314.28
973.027	798.2
973.199	1541.61
973.37	1547.75
973.542	1156.59
973.714	1164.78
973.886	1019.38
974.057	1439.21
974.229	865.78
974.401	867.83
974.572	1101.3
974.744	982.51
974.915	794.1
975.087	816.63
975.259	1623.53
975.43	1148.4
975.602	712.18
975.773	722.42
975.945	1195.5
976.116	1500.65
976.288	755.19
976.459	1089.01
976.63	1099.25
976.802	1242.61
976.973	751.09
977.145	1082.86
977.316	1945.06
977.487	2037.22
977.659	966.13
977.83	914.93
978.001	1590.76
978.172	1369.58
978.344	665.08
978.515	939.51
978.686	1144.3
978.857	1635.82
979.028	671.22
979.2	732.66
979.371	1523.18
979.542	1156.59
979.713	998.9
979.884	527.86
980.055	964.08
980.226	1238.51
980.397	712.18
980.568	671.22
980.739	1457.64
980.91	1099.25
981.081	1043.95
981.252	712.18
981.423	1144.3
981.594	1203.69
981.765	597.49
981.936	925.17
982.106	1009.14
982.277	1449.45
982.448	597.49
982.619	1009.14
982.79	876.02
982.96	1195.5
983.131	1082.86
983.302	456.19
983.472	996.85
983.643	1172.97
983.814	980.47
983.984	663.03
984.155	1105.39
984.326	1175.02
984.496	894.45
984.667	751.09
984.837	714.23
985.008	1531.37
985.178	1213.93
985.349	794.1
985.519	1054.19
985.69	947.7
985.86	738.8
986.031	660.98
986.201	1154.54
986.371	1187.31
986.542	587.26
986.712	433.66
986.882	1121.77
987.053	1093.1
987.223	589.3
987.393	1060.34
987.563	933.36
987.734	1132.01
987.904	1320.43
988.074	640.5
988.244	980.47
988.414	1084.91
988.585	597.49
988.755	828.92
988.925	1066.48
989.095	1494.51
989.265	515.58
989.435	777.72
989.605	1195.5
989.775	1269.23
989.945	1041.9
990.115	493.05
990.285	906.74
990.455	1031.66
990.625	826.87
990.795	452.09
990.965	1353.2
991.134	949.75
991.304	527.86
991.474	562.68
991.644	1023.47
991.814	1324.52
991.984	318.97
992.153	505.34
992.323	826.87
992.493	1109.49
992.662	378.36
992.832	736.76
993.002	826.87
993.171	1230.32
993.341	359.93
993.511	531.96
993.68	783.86
993.85	1132.01
994.019	232.96
994.189	366.07
994.358	923.12
994.528	826.87
994.697	204.28
994.867	343.55
995.036	1199.6
995.206	740.85
995.375	361.98
995.544	736.76
995.714	1252.84
995.883	966.13
996.052	605.69
996.222	95.74
996.391	1172.97
996.56	892.4
996.73	419.32
996.899	204.28
997.068	1314.28
997.237	943.6
997.406	339.45
997.576	202.24
997.745	1318.38
997.914	841.2
998.083	52.74
998.252	402.94
998.421	1031.66
998.59	652.79
998.759	216.57
998.928	77.31
999.097	1189.36
999.266	1023.47
999.435	712.18
999.604	42.5
999.773	1142.25
999.942	787.96
1000.111	101.89
1000.28	171.52
1000.448	712.18
1000.617	722.42
1000.786	671.22
1000.955	120.32
1001.124	1146.35
1001.292	1451.5
1001.461	359.93
1001.63	271.87
1001.798	896.5
1001.967	855.54
1002.136	212.48
1002.304	192
1002.473	1056.24
1002.642	695.8
1002.81	351.74
1002.979	286.2
1003.147	1064.43
1003.316	1080.82
1003.484	245.24
1003.653	263.68
1003.821	886.26
1003.99	683.51
1004.158	583.16
1004.327	484.86
1004.495	871.92
1004.663	728.56
1004.832	568.82
1005	101.89
1005.168	814.58
1005.337	671.22
1005.505	-147.97
1005.673	556.54
1005.842	986.61
1006.01	712.18
1006.178	-14.85
1006.346	206.33
1006.514	683.51
1006.683	1218.03
1006.851	128.51
1007.019	488.95
1007.187	560.63
1007.355	142.85
1007.523	-10.75
1007.691	-57.86
1007.859	572.92
1008.027	1306.09
1008.195	187.9
1008.363	-33.28
1008.531	548.34
1008.699	826.87
1008.867	-37.38
1009.035	151.04
1009.203	1140.21
1009.37	671.22
1009.538	155.13
1009.706	962.03
1009.874	566.78
1010.042	740.85
1010.209	42.5
1010.377	-25.09
1010.545	816.63
1010.713	595.45
1010.88	19.97
1011.048	148.99
1011.216	607.73
1011.383	937.46
1011.551	155.13
1011.718	-66.05
1011.886	665.08
1012.054	781.81
1012.221	-20.99
1012.389	9.73
1012.556	624.12
1012.724	1011.18
1012.891	327.16
1013.058	-221.69
1013.226	808.44
1013.393	632.31
1013.561	-78.33
1013.728	-172.54
1013.895	925.17
1014.063	816.63
1014.23	-176.64
1014.397	56.83
1014.565	851.44
1014.732	491
1014.899	-207.36
1015.066	-16.9
1015.233	769.52
1015.401	873.97
1015.568	7.68
1015.735	204.28
1015.902	888.31
1016.069	908.79
1016.236	-2.56
1016.403	-166.4
1016.57	355.83
1016.737	1164.78
1016.904	69.12
1017.071	-14.85
1017.238	364.03
1017.405	624.12
1017.572	87.55
1017.739	402.94
1017.906	1058.29
1018.073	939.51
1018.24	-227.84
1018.407	112.13
1018.573	695.8
1018.74	714.23
1018.907	163.33
1019.074	-147.97
1019.241	677.37
1019.407	458.23
1019.574	-90.62
1019.741	-150.01
1019.907	931.31
1020.074	949.75
1020.241	-330.23
1020.407	-227.84
1020.574	476.66
1020.74	527.86
1020.907	-76.29
1021.073	-88.57
1021.24	1314.28
1021.406	654.84
1021.573	-131.58
1021.739	-31.23
1021.906	904.69
1022.072	591.35
1022.239	-66.05
1022.405	136.7
1022.571	624.12
1022.738	462.33
1022.904	-82.43
1023.07	118.27
1023.237	597.49
1023.403	843.25
1023.569	-16.9
1023.735	52.74
1023.902	667.13
1024.068	558.58
1024.234	-305.66
1024.4	-39.42
1024.566	460.28
1024.732	605.69
1024.898	30.21
1025.065	-387.58
1025.231	458.23
1025.397	394.75
1025.563	140.8
1025.729	-131.58
1025.895	1.54
1026.061	335.35
1026.227	-320
1026.392	58.88
1026.558	570.87
1026.724	728.56
1026.89	-80.38
1027.056	97.79
1027.222	345.59
1027.388	628.21
1027.553	7.68
1027.719	-121.34
1027.885	904.69
1028.051	499.19
1028.216	-238.08
1028.382	-104.96
1028.548	507.38
1028.713	435.71
1028.879	-303.61
1029.045	138.75
1029.21	767.48
1029.376	611.83
1029.541	-55.81
1029.707	-115.2
1029.873	640.5
1030.038	671.22
1030.204	-199.16
1030.369	-129.53
1030.534	572.92
1030.7	316.92
1030.865	15.87
1031.031	-184.83
1031.196	507.38
1031.361	392.7
1031.527	-139.77
1031.692	-174.59
1031.857	192
1032.023	728.56
1032.188	-217.6
1032.353	-186.88
1032.518	697.85
1032.684	419.32
1032.849	-410.11
1033.014	-76.29
1033.179	382.46
1033.344	460.28
1033.509	15.87
1033.674	-41.47
1033.839	572.92
1034.004	540.15
1034.17	-33.28
1034.335	-309.76
1034.5	368.12
1034.664	312.83
1034.829	-227.84
1034.994	40.45
1035.159	226.81
1035.324	583.16
1035.489	-43.52
1035.654	-162.3
1035.819	1148.4
1035.984	491
1036.148	-0.51
1036.313	-131.58
1036.478	515.58
1036.643	372.22
1036.807	-205.31
1036.972	-303.61
1037.137	880.11
1037.301	433.66
1037.466	-461.3
1037.631	-45.57
1037.795	558.58
1037.96	314.88
1038.124	187.9
1038.289	-201.21
1038.454	474.62
1038.618	677.37
1038.783	-139.77
1038.947	-68.09
1039.111	304.64
1039.276	384.51
1039.44	-248.32
1039.605	654.84
1039.769	394.75
1039.933	323.07
1040.098	-102.91
1040.262	208.38
1040.426	572.92
1040.591	566.78
1040.755	-178.69
1040.919	-162.3
1041.083	722.42
1041.248	232.96
1041.412	-420.35
1041.576	-283.13
1041.74	257.53
1041.904	421.37
1042.068	-145.92
1042.232	-66.05
1042.397	765.43
1042.561	357.88
1042.725	-375.29
1042.889	-20.99
1043.053	419.32
1043.217	353.79
1043.381	-115.2
1043.544	-375.29
1043.708	591.35
1043.872	222.72
1044.036	-463.35
1044.2	-401.91
1044.364	726.52
1044.528	538.1
1044.691	5651.88
1044.855	-354.81
1045.019	507.38
1045.183	544.25
1045.346	-90.62
1045.51	-401.91
1045.674	523.77
1045.837	415.23
1046.001	-203.26
1046.165	-205.31
1046.328	935.41
1046.492	306.68
1046.655	58.88
1046.819	-166.4
1046.983	298.49
1047.146	249.34
1047.31	-145.92
1047.473	-516.6
1047.636	255.48
1047.8	120.32
1047.963	-64
1048.127	-303.61
1048.29	101.89
