345.52	-1272.98
345.736	-1272.98
345.952	-1272.98
346.168	-1356.95
346.384	-1350.81
346.6	-177.32
346.816	-263.33
347.032	-261.29
347.248	625.48
347.464	-236.71
347.68	-177.32
347.896	-83.11
348.112	330.58
348.328	-154.79
348.544	-85.16
348.76	189.27
348.975	293.71
349.191	-302.25
349.407	-408.74
349.623	129.88
349.839	131.92
350.055	-244.9
350.27	0.85
350.486	166.74
350.702	244.56
350.918	322.38
351.133	-167.08
351.349	172.88
351.565	486.22
351.781	-439.46
351.996	-21.67
352.212	195.41
352.428	125.78
352.644	-335.01
352.859	-312.49
353.075	293.71
353.291	52.05
353.506	-263.33
353.722	-445.6
353.938	-109.74
354.153	432.97
354.369	260.95
354.584	-273.57
354.8	281.43
355.016	-115.88
355.231	-418.98
355.447	-119.98
355.662	338.77
355.878	762.7
356.093	-439.46
356.309	-17.58
356.524	-33.96
356.74	559.95
356.955	-447.65
357.171	-72.87
357.386	215.89
357.602	-128.17
357.817	-117.93
358.033	-181.42
358.248	338.77
358.464	289.62
358.679	-316.58
358.895	-517.28
359.11	4.95
359.325	133.97
359.541	412.5
359.756	-48.3
359.972	-119.98
360.187	457.55
360.402	-347.3
360.618	-253.09
360.833	1557.31
361.048	125.78
361.264	-349.35
361.479	-81.07
361.694	113.49
361.909	209.75
362.125	-375.97
362.34	-263.33
362.555	322.38
362.77	242.51
362.986	-425.12
363.201	-179.37
363.416	265.04
363.631	56.15
363.847	-365.73
364.062	-269.48
364.277	179.03
364.492	-21.67
364.707	-226.47
364.922	-441.51
365.138	207.7
365.353	314.19
365.568	-523.43
365.783	-201.9
365.998	418.64
366.213	570.19
366.428	-431.27
366.643	160.59
366.858	301.9
367.073	289.62
367.288	-242.85
367.503	-324.77
367.718	80.72
367.933	422.73
368.148	-330.92
368.363	-85.16
368.578	209.75
368.793	566.09
369.008	-199.85
369.223	-435.36
369.438	332.62
369.653	299.86
369.868	-414.88
370.083	-414.88
370.298	224.08
370.513	463.69
370.728	95.06
370.943	-300.2
371.157	25.43
371.372	637.77
371.587	-500.9
371.802	-398.5
372.017	129.88
372.232	537.42
372.446	-40.11
372.661	-289.96
372.876	172.88
373.091	324.43
373.306	-154.79
373.52	-507.04
373.735	84.82
373.95	508.75
374.165	-193.7
374.379	-150.7
374.594	-13.48
374.809	443.21
375.023	39.76
375.238	-316.58
375.453	283.47
375.667	-38.06
375.882	-304.29
376.097	-451.75
376.311	47.96
376.526	265.04
376.741	-406.69
376.955	154.45
377.17	564.04
377.384	967.49
377.599	138.07
377.813	-443.56
378.028	736.07
378.242	265.04
378.457	-140.46
378.672	-496.8
378.886	39.76
379.101	144.21
379.315	-464.04
379.53	-218.28
379.744	478.03
379.958	269.14
380.173	-226.47
380.387	-312.49
380.602	324.43
380.816	17.24
381.031	-160.94
381.245	-255.14
381.459	148.31
381.674	3296.04
381.888	-478.37
382.103	289.62
382.317	107.35
382.531	453.45
382.746	-87.21
382.96	-257.19
383.174	-33.96
383.388	643.92
383.603	142.16
383.817	-418.98
384.031	125.78
384.246	484.17
384.46	-95.4
384.674	740.17
384.888	2.9
385.103	316.24
385.317	-504.99
385.531	4.95
385.745	826.18
385.959	328.53
386.174	-357.54
386.388	-308.39
386.602	127.83
386.816	2.9
387.03	-232.62
387.244	-263.33
387.458	205.65
387.672	361.3
387.887	-447.65
388.101	-347.3
388.315	295.76
388.529	179.03
388.743	-263.33
388.957	-302.25
389.171	457.55
389.385	-13.48
389.599	-345.25
389.813	-79.02
390.027	66.39
390.241	772.94
390.455	-218.28
390.669	-99.5
390.883	-29.87
391.097	557.9
391.311	113.49
391.525	-255.14
391.738	461.65
391.952	480.08
392.166	29.52
392.38	-406.69
392.594	459.6
392.808	273.23
393.022	-150.7
393.236	-238.76
393.449	179.03
393.663	488.27
393.877	-353.45
394.091	-152.74
394.305	52.05
394.518	-3.24
394.732	-390.31
394.946	-177.32
395.16	697.16
395.373	168.79
395.587	-347.3
395.801	-302.25
396.015	359.25
396.228	301.9
396.442	-345.25
396.656	-529.57
396.869	363.34
397.083	670.54
397.297	-165.03
397.51	-236.71
397.724	183.12
397.938	131.92
398.151	-486.56
398.365	-423.08
398.578	432.97
398.792	510.8
399.005	64.34
399.219	-259.24
399.433	213.84
399.646	392.02
399.86	41.81
400.073	215.89
400.287	318.29
400.5	226.13
400.714	17.24
400.927	-132.26
401.141	531.28
401.354	1858.36
401.567	518.99
401.781	-443.56
401.994	271.19
402.208	650.06
402.421	-193.7
402.635	-314.53
402.848	-83.11
403.061	375.63
403.275	-140.46
403.488	-343.21
403.701	531.28
403.915	506.7
404.128	72.53
404.341	-257.19
404.555	693.07
404.768	-44.2
404.981	195.41
405.195	-205.99
405.408	400.21
405.621	373.58
405.834	84.82
406.048	-400.55
406.261	422.73
406.474	328.53
406.687	-371.88
406.9	-23.72
407.114	275.28
407.327	437.07
407.54	-292.01
407.753	-429.22
407.966	-23.72
408.179	207.7
408.392	-302.25
408.605	-423.08
408.819	316.24
409.032	346.96
409.245	-218.28
409.458	60.24
409.671	242.51
409.884	447.31
410.097	-400.55
410.31	9.05
410.523	629.58
410.736	125.78
410.949	-134.31
411.162	-175.27
411.375	367.44
411.588	330.58
411.801	-81.07
412.014	-263.33
412.227	111.44
412.44	197.46
412.653	-87.21
412.865	93.01
413.078	486.22
413.291	414.54
413.504	19.29
413.717	-316.58
413.93	486.22
414.143	-33.96
414.356	-103.59
414.568	-451.75
414.781	326.48
414.994	394.06
415.207	-74.92
415.42	-81.07
415.632	240.47
415.845	801.61
416.058	-142.5
416.271	-423.08
416.483	320.34
416.696	510.8
416.909	-253.09
417.121	-283.81
417.334	78.68
417.547	490.32
417.759	-224.42
417.972	-271.53
418.185	125.78
418.397	383.82
418.61	-152.74
418.823	-199.85
419.035	600.91
419.248	355.15
419.46	-113.83
419.673	9.05
419.885	129.88
420.098	318.29
420.311	-222.38
420.523	-560.29
420.736	363.34
420.948	250.71
421.161	-165.03
421.373	-392.36
421.586	68.44
421.798	2.9
422.01	-457.89
422.223	111.44
422.435	2.9
422.648	592.72
422.86	-281.77
423.073	-138.41
423.285	228.18
423.497	15.19
423.71	-265.38
423.922	-160.94
424.134	559.95
424.347	758.6
424.559	179.03
424.771	244.56
424.984	342.86
425.196	392.02
425.408	-390.31
425.621	-277.67
425.833	428.88
426.045	609.1
426.257	-335.01
426.47	-62.63
426.682	195.41
426.894	211.79
427.106	-255.14
427.318	-64.68
427.531	109.4
427.743	256.85
427.955	-50.35
428.167	701.26
428.379	150.36
428.591	109.4
428.804	-79.02
429.016	-271.53
429.228	271.19
429.44	473.93
429.652	13423.24
429.864	-355.49
430.076	172.88
430.288	297.81
430.5	35.67
430.712	7
430.924	324.43
431.136	482.13
431.348	-318.63
431.56	-124.07
431.772	4.95
431.984	60.24
432.196	-343.21
432.408	-103.59
432.62	174.93
432.832	459.6
433.044	219.99
433.256	47.96
433.468	375.63
433.679	-36.01
433.891	-244.9
434.103	138.07
434.315	648.01
434.527	432.97
434.739	31.57
434.95	-38.06
435.162	330.58
435.374	15.19
435.586	-36.01
435.798	-115.88
436.009	164.69
436.221	170.83
436.433	-17.58
436.645	-115.88
436.856	265.04
437.068	613.2
437.28	-218.28
437.491	185.17
437.703	525.13
437.915	287.57
438.126	-224.42
438.338	392.02
438.55	142.16
438.761	254.8
438.973	-62.63
439.184	-105.64
439.396	265.04
439.608	340.82
439.819	-222.38
440.031	56.15
440.242	435.02
440.454	523.09
440.665	-58.54
440.877	60.24
441.088	590.67
441.3	389.97
441.511	-292.01
441.723	-48.3
441.934	691.02
442.146	521.04
442.357	0.85
442.569	488.27
442.78	453.45
442.991	949.06
443.203	453.45
443.414	-46.25
443.626	797.51
443.837	289.62
444.048	-105.64
444.26	-249
444.471	486.22
444.682	510.8
444.894	-107.69
445.105	-169.13
445.316	682.83
445.528	539.47
445.739	138.07
445.95	50
446.161	365.39
446.373	531.28
446.584	-36.01
446.795	-72.87
447.006	750.41
447.217	588.62
447.429	-148.65
447.64	-265.38
447.851	1293.12
448.062	568.14
448.273	-222.38
448.484	-50.35
448.695	518.99
448.907	486.22
449.118	52.05
449.329	357.2
449.54	262.99
449.751	262.99
449.962	-62.63
450.173	-66.73
450.384	437.07
450.595	824.14
450.806	-66.73
451.017	-31.91
451.228	727.88
451.439	592.72
451.65	78.68
451.861	-335.01
452.072	324.43
452.283	439.12
452.494	244.56
452.705	-56.49
452.915	1088.32
453.126	494.41
453.337	250.71
453.548	-54.44
453.759	916.3
453.97	715.59
454.181	562
454.391	25.43
454.602	510.8
454.813	955.21
455.024	86.87
455.235	-29.87
455.445	793.42
455.656	424.78
455.867	297.81
456.078	136.02
456.288	355.15
456.499	713.55
456.71	-21.67
456.921	471.89
457.131	529.23
457.342	422.73
457.553	23.38
457.763	101.2
457.974	473.93
458.184	553.8
458.395	54.1
458.606	-160.94
458.816	785.23
459.027	912.2
459.237	228.18
459.448	-5.29
459.659	656.2
459.869	1604.41
460.08	-175.27
460.29	256.85
460.501	961.35
460.711	551.76
460.922	-158.89
461.132	76.63
461.343	1510.21
461.553	373.58
461.764	-13.48
461.974	193.36
462.184	895.82
462.395	830.28
462.605	84.82
462.816	-36.01
463.026	779.08
463.236	707.4
463.447	-40.11
463.657	39.76
463.867	854.86
464.078	576.33
464.288	78.68
464.498	144.21
464.709	699.21
464.919	777.03
465.129	260.95
465.339	-27.82
465.55	615.24
465.76	949.06
465.97	236.37
466.18	158.55
466.391	983.88
466.601	734.03
466.811	303.95
467.021	-79.02
467.231	879.43
467.441	1063.75
467.651	256.85
467.862	-158.89
468.072	686.92
468.282	783.18
468.492	70.48
468.702	324.43
468.912	740.17
469.122	1420.1
469.332	623.44
469.542	164.69
469.752	1219.39
469.962	717.64
470.172	222.03
470.382	226.13
470.592	1096.52
470.802	897.86
471.012	602.96
471.222	328.53
471.432	740.17
471.642	985.93
471.852	480.08
472.062	248.66
472.272	846.66
472.482	621.39
472.691	260.95
472.901	150.36
473.111	600.91
473.321	1289.03
473.531	232.27
473.741	680.78
473.95	1061.7
474.16	1024.84
474.37	650.06
474.58	174.93
474.79	1538.88
474.999	1045.32
475.209	432.97
475.419	539.47
475.628	959.3
475.838	1377.09
476.048	543.57
476.258	265.04
476.467	1293.12
476.677	742.22
476.886	959.3
477.096	559.95
477.306	1002.31
477.515	1092.42
477.725	781.13
477.935	531.28
478.144	1639.23
478.354	1080.13
478.563	625.48
478.773	506.7
478.982	1420.1
479.192	1329.99
479.401	609.1
479.611	531.28
479.82	977.73
480.03	1164.1
480.239	613.2
480.449	416.59
480.658	1452.86
480.868	1198.92
481.077	748.36
481.287	629.58
481.496	1198.92
481.705	1499.97
481.915	1155.91
482.124	1033.03
482.333	1235.78
482.543	1674.04
482.752	1110.85
482.961	617.29
483.171	1416
483.38	1174.34
483.589	883.53
483.799	822.09
484.008	1235.78
484.217	1325.89
484.426	947.01
484.636	658.25
484.845	1477.44
485.054	1014.6
485.263	1364.8
485.472	914.25
485.682	1635.13
485.891	1370.94
486.1	674.64
486.309	744.27
486.518	1637.18
486.727	2157.36
486.936	846.66
487.146	1252.16
487.355	1856.31
487.564	1334.08
487.773	1028.93
487.982	1026.89
488.191	1325.89
488.4	1839.93
488.609	1045.32
488.818	922.44
489.027	1903.42
489.236	1829.69
489.445	1092.42
489.654	953.16
489.863	1846.07
490.072	1678.14
490.281	1774.39
490.49	1266.5
490.698	1936.18
490.907	2321.2
491.116	1174.34
491.325	1076.04
491.534	1899.32
491.743	1575.74
491.952	1217.35
492.16	1299.27
492.369	1964.86
492.578	2044.73
492.787	1289.03
492.996	1389.38
493.204	1620.8
493.413	2011.96
493.622	1053.51
493.831	904.01
494.039	2298.67
494.248	1624.89
494.457	1151.81
494.665	1035.08
494.874	2003.77
495.083	2556.72
495.291	1336.13
495.5	1284.93
495.709	2046.77
495.917	1780.54
496.126	1522.49
496.335	1217.35
496.543	1882.94
496.752	1911.61
496.96	1751.87
497.169	1182.53
497.377	1930.04
497.586	1952.57
497.794	1600.32
498.003	1139.52
498.211	1936.18
498.42	2022.2
498.628	1485.63
498.837	1321.79
499.045	2093.88
499.254	1952.57
499.462	1442.62
499.671	1372.99
499.879	2806.57
500.087	2243.38
500.296	1264.45
500.504	1440.58
500.713	2038.58
500.921	2454.32
501.129	1528.64
501.338	1377.09
501.546	2116.41
501.754	2081.59
501.962	1592.13
502.171	1254.21
502.379	2216.76
502.587	2288.43
502.795	1557.31
503.004	1532.73
503.212	2358.07
503.42	2370.35
503.628	1637.18
503.837	1698.62
504.045	2071.35
504.253	2747.18
504.461	1604.41
504.669	1360.7
504.877	2472.75
505.085	2384.69
505.294	1418.05
505.502	2063.16
505.71	2691.88
505.918	2122.55
506.126	1448.77
506.334	1657.66
506.542	2370.35
506.75	2337.59
506.958	1889.08
507.166	1651.52
507.374	2022.2
507.582	2571.05
507.79	1829.69
507.998	1743.67
508.206	2470.7
508.414	2460.46
508.622	1813.31
508.83	1833.79
509.037	2241.33
509.245	2097.97
509.453	1768.25
509.661	1481.53
509.869	2659.12
510.077	2220.85
510.285	2018.1
510.492	1381.18
510.7	2945.83
510.908	2261.81
511.116	1760.06
511.324	1688.38
511.531	2145.08
511.739	2655.02
511.947	2132.79
512.155	2169.65
512.362	2448.18
512.57	2124.6
512.778	1665.85
512.985	1469.25
513.193	2366.26
513.401	2673.45
513.608	1909.56
513.816	1999.67
514.024	2497.33
514.231	2618.16
514.439	1893.18
514.646	1829.69
514.854	2779.95
515.061	2571.05
515.269	1938.23
515.477	2046.77
515.684	2399.02
515.892	2865.96
516.099	1686.33
516.307	1782.59
516.514	2915.11
516.722	2890.54
516.929	1909.56
517.136	1731.39
517.344	2722.6
517.551	2761.52
517.759	1850.17
517.966	2186.04
518.173	2685.74
518.381	2558.77
518.588	2042.68
518.796	1821.5
519.003	2878.25
519.21	2669.36
519.418	2069.3
519.625	2517.81
519.832	2718.51
520.039	2771.76
520.247	1792.83
520.454	2100.02
520.661	2558.77
520.868	2779.95
521.076	1925.94
521.283	2116.41
521.49	3087.14
521.697	2698.03
521.904	2108.21
522.112	2235.19
522.319	2859.82
522.526	2726.7
522.733	2149.17
522.94	2216.76
523.147	2876.2
523.354	2698.03
523.561	2028.34
523.768	2421.55
523.975	2904.87
524.183	2755.37
524.39	2380.59
524.597	2005.81
524.804	2661.16
525.011	2693.93
525.218	2194.23
525.425	2229.04
525.632	3232.55
525.838	2595.63
526.045	2157.36
526.252	2366.26
526.459	4322.07
526.666	4483.86
526.873	2306.87
527.08	2255.67
527.287	3246.88
527.494	3119.91
527.701	2163.51
527.907	2014.01
528.114	2988.84
528.321	2847.53
528.528	2364.21
528.735	2276.15
528.941	2710.32
529.148	2677.55
529.355	2513.71
529.562	2321.2
529.768	3670.81
529.975	2693.93
530.182	2501.42
530.388	2278.19
530.595	3181.35
530.802	2689.84
531.008	2607.92
531.215	2370.35
531.422	3859.23
531.628	3851.03
531.835	2452.27
532.042	2474.8
532.248	3076.9
532.455	3291.94
532.661	2347.83
532.868	2300.72
533.074	3167.01
533.281	3390.24
533.487	2464.56
533.694	2472.75
533.9	2911.02
534.107	2882.35
534.313	2450.22
534.52	2308.91
534.726	3101.48
534.933	3693.34
535.139	2413.36
535.345	2249.52
535.552	3658.53
535.758	3386.15
535.965	2505.52
536.171	2560.81
536.377	3257.12
536.584	3795.74
536.79	2587.44
536.996	2874.15
537.203	3418.91
537.409	3472.16
537.615	2644.78
537.821	3023.66
538.028	3881.75
538.234	3140.39
538.44	2710.32
538.646	2810.67
538.853	3183.4
539.059	3052.33
539.265	3263.27
539.471	2560.81
539.677	3457.82
539.883	3218.21
540.09	4432.66
540.296	3408.67
540.502	3195.68
540.708	3263.27
540.914	3134.25
541.12	2788.14
541.326	3541.79
541.532	3459.87
541.738	3169.06
541.944	2726.7
542.15	3478.3
542.356	3167.01
542.562	2718.51
542.768	3009.32
542.974	3697.44
543.18	3574.56
543.386	2929.45
543.592	2562.86
543.798	4238.1
544.004	3683.1
544.21	2794.28
544.415	2970.41
544.621	3693.34
544.827	4252.44
545.033	2892.59
545.239	3355.43
545.445	3400.48
545.651	3576.61
545.856	2822.95
546.062	2693.93
546.268	3416.87
546.474	3590.94
546.679	2994.98
546.885	3083.05
547.091	3506.98
547.297	4082.46
547.502	3064.61
547.708	2700.08
547.914	3476.26
548.119	3810.08
548.325	2847.53
548.531	2810.67
548.736	4209.43
548.942	3437.34
549.147	2812.71
549.353	3316.51
549.559	3959.58
549.764	3867.42
549.97	2835.24
550.175	3064.61
550.381	3816.22
550.586	3363.62
550.792	3128.1
550.997	2937.64
551.203	3797.79
551.408	3937.05
551.614	2868.01
551.819	3011.37
552.025	4410.13
552.23	3853.08
552.435	2839.34
552.641	3423.01
552.846	3556.13
553.052	4168.47
553.257	3390.24
553.462	2980.65
553.668	3527.46
553.873	3765.02
554.078	3154.73
554.283	3175.2
554.489	3885.85
554.694	3689.25
554.899	3093.29
555.105	3517.22
555.31	3914.52
555.515	3924.76
555.72	3386.15
555.925	4307.73
556.131	4014.87
556.336	3803.93
556.541	3193.64
556.746	3035.94
556.951	4193.05
557.156	4066.07
557.361	3398.43
557.567	3482.4
557.772	4119.32
557.977	4123.41
558.182	3285.8
558.387	3281.7
558.592	3715.87
558.797	4367.12
559.002	3275.56
559.207	3377.95
559.412	4084.5
559.617	4438.8
559.822	3240.74
560.027	3119.91
560.232	3869.47
560.437	3959.58
560.642	3035.94
560.847	3177.25
561.051	3832.6
561.256	4197.14
561.461	3496.74
561.666	3138.34
561.871	3760.92
562.076	4277.01
562.281	3380
562.485	3279.65
562.69	4035.35
562.895	3998.49
563.1	3380
563.305	3162.92
563.509	4025.11
563.714	4610.83
563.919	3293.99
564.123	3402.53
564.328	3787.55
564.533	4315.92
564.737	3371.81
564.942	3339.04
565.147	4313.88
565.351	4176.66
565.556	3554.08
565.761	3509.02
565.965	4129.56
566.17	3926.81
566.374	3509.02
566.579	3195.68
566.784	4066.07
566.988	4031.26
567.193	3296.04
567.397	3496.74
567.602	3975.96
567.806	4123.41
568.011	3459.87
568.215	3582.75
568.42	3887.9
568.624	4174.61
568.828	3461.92
569.033	3785.5
569.237	4270.87
569.442	4324.12
569.646	3353.38
569.85	3445.54
570.055	4107.03
570.259	4178.71
570.463	3994.39
570.668	3584.8
570.872	4141.85
571.076	4268.82
571.281	3691.29
571.485	3689.25
571.689	4320.02
571.893	4309.78
572.098	3810.08
572.302	3545.89
572.506	4254.48
572.71	4279.06
572.914	3486.5
573.119	3603.23
573.323	4410.13
573.527	4354.83
573.731	3623.71
573.935	3435.3
574.139	4231.96
574.343	4147.99
574.547	3672.86
574.751	3765.02
574.955	4483.86
575.159	4502.29
575.364	3627.81
575.568	3631.9
575.772	4303.64
575.976	4403.99
576.18	3668.77
576.383	3506.98
576.587	4641.55
576.791	4422.42
576.995	3425.06
577.199	3631.9
577.403	4188.95
577.607	4338.45
577.811	3578.65
578.015	3861.27
578.219	4500.24
578.422	4494.1
578.626	3808.03
578.83	3990.3
579.034	4698.89
579.238	4461.33
579.442	3812.12
579.645	4483.86
579.849	4428.56
580.053	4561.68
580.257	3900.19
580.46	3994.39
580.664	4649.74
580.868	4569.87
581.071	4012.82
581.275	3935
581.479	4176.66
581.682	4621.07
581.886	3703.58
582.09	4111.13
582.293	4533.01
582.497	4848.4
582.7	4064.02
582.904	3935
583.107	4584.21
583.311	4551.44
583.515	3975.96
583.718	3994.39
583.922	4746
584.125	5366.53
584.329	3871.51
584.532	4111.13
584.735	4875.02
584.939	4715.28
585.142	3877.66
585.346	3779.36
585.549	4541.2
585.753	4672.27
585.956	3961.62
586.159	4309.78
586.363	4864.78
586.566	4727.57
586.769	4008.73
586.973	3900.19
587.176	4729.61
587.379	4526.86
587.582	4330.26
587.786	4358.93
587.989	4750.09
588.192	5583.62
588.395	4139.8
588.599	4565.78
588.802	4789
589.005	4793.1
589.208	4166.42
589.411	4021.02
589.615	4522.77
589.818	5186.31
590.021	4782.86
590.224	4530.96
590.427	5208.84
590.63	4950.79
590.833	3793.69
591.036	3904.28
591.239	4746
591.442	4567.82
591.645	4555.54
591.848	4133.65
592.051	4844.3
592.254	4780.81
592.457	4328.21
592.66	4268.82
592.863	4872.97
593.066	5102.34
593.269	4123.41
593.472	4129.56
593.675	4573.97
593.878	4856.59
594.081	4274.96
594.284	4156.18
594.486	4885.26
594.689	4821.77
594.892	4274.96
595.095	4418.32
595.298	5045
595.5	4621.07
595.703	4442.9
595.906	4541.2
596.109	4877.07
596.311	4864.78
596.514	4014.87
596.717	4352.79
596.92	5057.29
597.122	5331.72
597.325	3910.43
597.528	4193.05
597.73	5337.86
597.933	5147.4
598.136	4252.44
598.338	3773.21
598.541	5415.68
598.743	5303.04
598.946	4397.84
599.148	4258.58
599.351	5286.66
599.554	4875.02
599.756	4483.86
599.959	4418.32
600.161	5192.45
600.363	5561.09
600.566	4758.28
600.768	4283.16
600.971	5360.39
601.173	5024.52
601.376	4391.7
601.578	4573.97
601.78	4967.18
601.983	5780.22
602.185	4373.27
602.388	4776.72
602.59	5139.21
602.792	5108.49
602.995	4602.64
603.197	4455.19
603.399	5210.89
603.601	5378.82
603.804	4496.14
604.006	4428.56
604.208	5075.72
604.41	4662.03
604.613	4999.95
604.815	4475.67
605.017	5489.41
605.219	5006.09
605.421	5372.68
605.623	4576.02
605.826	5409.54
606.028	5673.73
606.23	4766.48
606.432	4680.46
606.634	5364.48
606.836	5454.59
607.038	4305.68
607.24	4797.2
607.442	5229.32
607.644	5319.43
607.846	4731.66
608.048	4262.68
608.25	5532.42
608.452	4920.07
608.654	4690.7
608.856	4453.14
609.058	5253.89
609.26	5405.44
609.462	4649.74
609.664	4625.17
609.866	5241.61
610.067	5143.3
610.269	4942.6
610.471	4832.01
610.673	5231.37
610.875	5288.71
611.077	4451.09
611.278	4780.81
611.48	4958.99
611.682	5610.24
611.884	4733.71
612.085	4547.34
612.287	5118.73
612.489	5159.69
612.69	4428.56
612.892	4725.52
613.094	5765.89
613.295	5071.62
613.497	4465.43
613.699	4862.73
613.9	5389.06
614.102	5294.85
614.304	4811.53
614.505	4496.14
614.707	5239.56
614.908	5569.28
615.11	4694.8
615.311	4682.51
615.513	5450.5
615.714	5167.88
615.916	4580.11
616.117	4852.49
616.319	5438.21
616.52	5577.47
616.722	4639.5
616.923	4668.17
617.124	5683.97
617.326	5405.44
617.527	4864.78
617.729	5051.14
617.93	5442.31
618.131	5341.96
618.333	4631.31
618.534	4748.04
618.735	5335.81
618.937	5522.18
619.138	4625.17
619.339	4500.24
619.54	5389.06
619.742	5384.96
619.943	4903.69
620.144	4942.6
620.345	5683.97
620.546	5337.86
620.748	4819.72
620.949	4832.01
621.15	5462.79
621.351	5325.57
621.552	4596.5
621.753	4483.86
621.954	5126.92
622.155	5856
622.356	4586.26
622.558	5137.16
622.759	5673.73
622.96	5921.53
623.161	5006.09
623.362	4842.25
623.563	5499.65
623.764	5309.19
623.965	4723.47
624.166	5159.69
624.366	5210.89
624.567	5362.44
624.768	4500.24
624.969	5077.77
625.17	5143.3
625.371	5294.85
625.572	5098.25
625.773	4752.14
625.973	5663.49
626.174	5745.41
626.375	4920.07
626.576	4907.79
626.777	5444.35
626.977	5862.14
627.178	4969.23
627.379	5145.35
627.58	5403.39
627.78	5307.14
627.981	4885.26
628.182	5014.28
628.382	5540.61
628.583	5001.99
628.784	4799.24
628.984	5022.47
629.185	5542.66
629.386	5747.45
629.586	5174.02
629.787	4842.25
629.987	5561.09
630.188	5772.03
630.388	4860.68
630.589	5329.67
630.79	6083.32
630.99	5421.83
631.191	5057.29
631.391	4915.98
631.591	5450.5
631.792	5581.57
631.992	5262.09
632.193	5040.9
632.393	5956.35
632.594	5298.95
632.794	4815.63
632.994	5008.14
633.195	5425.92
633.395	5243.65
633.595	4856.59
633.796	5059.34
633.996	5419.78
634.196	5591.81
634.397	4748.04
634.597	4989.71
634.797	5458.69
634.997	5802.75
635.198	5401.35
635.398	4963.08
635.598	5616.38
635.798	5624.58
635.998	5499.65
636.199	4721.42
636.399	5221.13
636.599	5305.09
636.799	4870.92
636.999	5552.9
637.199	5634.82
637.399	5978.87
637.599	5024.52
637.799	5425.92
637.999	5530.37
638.199	5696.25
638.399	5040.9
638.599	4952.84
638.799	5782.27
638.999	5782.27
639.199	5475.07
639.399	5159.69
639.599	5759.74
639.799	5532.42
639.999	4825.87
640.199	4983.56
640.399	5487.36
640.599	5753.6
640.799	5075.72
640.998	5327.62
641.198	5604.1
641.398	5577.47
641.598	5165.83
641.798	5155.59
641.997	6671.09
642.197	5356.29
642.397	5321.48
642.597	5057.29
642.796	5640.96
642.996	5688.06
643.196	5315.33
643.395	4832.01
643.595	5567.23
643.795	5391.11
643.994	5147.4
644.194	5088.01
644.394	6148.86
644.593	5903.1
644.793	4973.32
644.992	5298.95
645.192	5860.09
645.392	5264.13
645.591	5595.9
645.791	5214.98
645.99	5982.97
646.19	5655.3
646.389	5045
646.589	5249.8
646.788	5772.03
646.987	5782.27
647.187	5755.65
647.386	5526.27
647.586	5862.14
647.785	6206.2
647.984	5020.42
648.184	5481.22
648.383	5692.16
648.582	5507.84
648.782	5214.98
648.981	5309.19
649.18	5573.38
649.38	5483.27
649.579	5214.98
649.778	5264.13
649.977	6038.27
650.177	5942.01
650.376	5198.6
650.575	5171.97
650.774	6001.4
650.973	5645.06
651.173	5051.14
651.372	5526.27
651.571	5597.95
651.77	5907.2
651.969	5475.07
652.168	5454.59
652.367	5503.75
652.566	5847.8
652.765	5169.93
652.964	5778.17
653.163	5905.15
653.362	5610.24
653.561	5253.89
653.76	5387.01
653.959	5794.56
654.158	5985.02
654.357	5675.77
654.556	5352.2
654.755	5919.48
654.954	5808.89
655.153	5274.37
655.352	5585.66
655.551	5991.16
655.749	5714.69
655.948	5376.77
656.147	5348.1
656.346	5669.63
656.545	5823.23
656.743	5339.91
656.942	5356.29
657.141	5671.68
657.34	5749.5
657.538	5264.13
657.737	5456.64
657.936	5886.72
658.135	5452.55
658.333	5272.32
658.532	5593.86
658.731	6396.66
658.929	5964.54
659.128	5761.79
659.326	5352.2
659.525	6238.97
659.724	5563.14
659.922	5038.86
660.121	5153.54
660.319	5903.1
660.518	5722.88
660.716	5311.24
660.915	5139.21
661.113	5952.25
661.312	5534.46
661.51	5460.74
661.709	5147.4
661.907	5892.86
662.105	5958.39
662.304	5352.2
662.502	5600
662.701	5903.1
662.899	5645.06
663.097	5942.01
663.296	5339.91
663.494	6148.86
663.692	6413.04
663.891	5237.51
664.089	5102.34
664.287	5827.32
664.485	6243.06
664.684	5255.94
664.882	5436.16
665.08	5849.85
665.278	5909.24
665.476	5397.25
665.675	5763.84
665.873	6071.03
666.071	6253.3
666.269	5206.79
666.467	5772.03
666.665	5946.11
666.863	5876.48
667.061	5659.39
667.259	5636.86
667.457	5839.61
667.655	5892.86
667.853	5499.65
668.051	5710.59
668.249	5581.57
668.447	5911.29
668.645	5333.76
668.843	5706.49
669.041	6189.81
669.239	5645.06
669.437	5542.66
669.635	5753.6
669.833	5927.67
670.031	5845.76
670.229	5661.44
670.426	5643.01
670.624	5767.93
670.822	5843.71
671.02	5247.75
671.218	5370.63
671.415	5710.59
671.613	5806.84
671.811	5608.19
672.009	5526.27
672.206	5884.67
672.404	5763.84
672.602	5782.27
672.799	5520.13
672.997	6036.22
673.195	6105.85
673.392	5608.19
673.59	5253.89
673.788	6028.03
673.985	5397.25
674.183	5587.71
674.38	5532.42
674.578	6099.7
674.775	5815.04
674.973	5262.09
675.17	5102.34
675.368	6021.88
675.565	5729.02
675.763	5491.46
675.96	5356.29
676.158	6007.55
676.355	5978.87
676.553	5413.63
676.75	5425.92
676.947	5720.83
677.145	5696.25
677.342	5565.18
677.539	5579.52
677.737	6099.7
677.934	6275.83
678.131	5495.55
678.329	5321.48
678.526	6478.58
678.723	6249.21
678.92	5505.79
679.118	5393.16
679.315	5731.07
679.512	6105.85
679.709	5522.18
679.906	5456.64
680.104	6005.5
680.301	5722.88
680.498	5319.43
680.695	5288.71
680.892	5681.92
681.089	5896.96
681.286	5487.36
681.483	5094.15
681.68	5810.94
681.877	5831.42
682.075	5397.25
682.272	5466.88
682.469	5851.9
682.665	5751.55
682.862	5255.94
683.059	5016.33
683.256	5763.84
683.453	5692.16
683.65	5364.48
683.847	5532.42
684.044	5677.82
684.241	5651.2
684.438	5536.51
684.635	5147.4
684.831	6224.63
685.028	6413.04
685.225	5384.96
685.422	5761.79
685.619	5806.84
685.815	5772.03
686.012	5411.59
686.209	5438.21
686.405	5450.5
686.602	5806.84
686.799	5303.04
686.996	5094.15
687.192	5452.55
687.389	6339.32
687.586	5198.6
687.782	5223.17
687.979	6165.24
688.175	5769.98
688.372	5196.55
688.568	5479.17
688.765	5587.71
688.962	5896.96
689.158	5495.55
689.355	5249.8
689.551	5733.12
689.748	5843.71
689.944	5452.55
690.14	5262.09
690.337	5765.89
690.533	5683.97
690.73	5630.72
690.926	5415.68
691.123	5757.69
691.319	5667.58
691.515	5135.11
691.712	5653.25
691.908	5556.99
692.104	5753.6
692.301	5264.13
692.497	5081.86
692.693	5767.93
692.889	5581.57
693.086	5448.45
693.282	5147.4
693.478	5702.4
693.674	6109.94
693.87	5395.2
694.067	4934.41
694.263	5808.89
694.459	5546.75
694.655	5626.62
694.851	5511.94
695.047	5837.56
695.243	5763.84
695.439	5364.48
695.635	5137.16
695.831	5604.1
696.027	5602.05
696.224	5102.34
696.42	5632.77
696.615	5952.25
696.811	5913.34
697.007	5061.38
697.203	5102.34
697.399	5759.74
697.595	5720.83
697.791	4856.59
697.987	5468.93
698.183	5530.37
698.379	5661.44
698.575	5344
698.77	5319.43
698.966	5604.1
699.162	5911.29
699.358	5268.23
699.554	5448.45
699.749	5911.29
699.945	5769.98
700.141	5473.03
700.337	5417.73
700.532	5688.06
700.728	5315.33
700.924	5024.52
701.119	4801.29
701.315	5606.14
701.511	5430.02
701.706	5438.21
701.902	4983.56
702.097	5577.47
702.293	5612.29
702.489	5118.73
702.684	5059.34
702.88	5960.44
703.075	5507.84
703.271	5157.64
703.466	4950.79
703.662	5305.09
703.857	5493.51
704.053	5010.18
704.248	5233.41
704.443	5894.91
704.639	5669.63
704.834	5245.7
705.03	5088.01
705.225	5630.72
705.42	5810.94
705.616	5294.85
705.811	5122.82
706.006	5395.2
706.202	5446.4
706.397	5411.59
706.592	4772.62
706.787	5884.67
706.983	5237.51
707.178	5636.86
707.373	5186.31
707.568	5436.16
707.763	5466.88
707.959	5016.33
708.154	5098.25
708.349	5407.49
708.544	5733.12
708.739	5311.24
708.934	4905.74
709.129	5692.16
709.324	5907.2
709.519	5010.18
709.714	5022.47
709.909	5606.14
710.104	5753.6
710.299	5124.87
710.494	5257.99
710.689	5501.7
710.884	5585.66
711.079	5020.42
711.274	5298.95
711.469	5612.29
711.664	5567.23
711.859	5186.31
712.054	5214.98
712.249	5737.21
712.443	5544.7
712.638	4838.16
712.833	4987.66
713.028	5671.68
713.223	5253.89
713.417	5606.14
713.612	4977.42
713.807	5837.56
714.002	6392.56
714.196	5247.75
714.391	4942.6
714.586	5718.78
714.78	5802.75
714.975	4926.22
715.17	4963.08
715.364	5346.05
715.559	5626.62
715.754	4559.63
715.948	4811.53
716.143	5989.11
716.337	5462.79
716.532	5532.42
716.726	5016.33
716.921	5626.62
717.115	5780.22
717.31	4756.24
717.504	6171.38
717.699	5522.18
717.893	5501.7
718.088	4789
718.282	4690.7
718.476	5118.73
718.671	5550.85
718.865	4903.69
719.059	4983.56
719.254	5286.66
719.448	5812.99
719.642	7508.71
719.837	4700.94
720.031	7283.43
720.225	5419.78
720.419	5124.87
720.614	4797.2
720.808	5333.76
721.002	5339.91
721.196	4668.17
721.39	4981.51
721.585	5272.32
721.779	5657.34
721.973	4969.23
722.167	4803.34
722.361	5210.89
722.555	5456.64
722.749	5108.49
722.943	5034.76
723.137	4913.93
723.331	5233.41
723.525	4932.36
723.719	4776.72
723.913	5423.87
724.107	5577.47
724.301	4731.66
724.495	4842.25
724.689	5933.82
724.883	5475.07
725.077	4913.93
725.271	4702.99
725.465	5444.35
725.659	5290.76
725.853	4999.95
726.046	4752.14
726.24	5102.34
726.434	5491.46
726.628	4844.3
726.822	4909.83
727.015	5366.53
727.209	5942.01
727.403	4803.34
727.596	4676.37
727.79	5323.52
727.984	5530.37
728.177	4754.19
728.371	4895.5
728.565	5415.68
728.758	4913.93
728.952	4770.57
729.146	4678.41
729.339	5419.78
729.533	5055.24
729.726	4956.94
729.92	4498.19
730.113	5454.59
730.307	5167.88
730.5	4862.73
730.694	4760.33
730.887	5165.83
731.081	5395.2
731.274	4586.26
731.468	5040.9
731.661	5202.69
731.854	5124.87
732.048	4688.65
732.241	4639.5
732.435	5182.21
732.628	4973.32
732.821	4872.97
733.014	4557.58
733.208	4926.22
733.401	5362.44
733.594	4690.7
733.788	4737.81
733.981	5403.39
734.174	5301
734.367	4616.97
734.56	5032.71
734.754	5643.01
734.947	5272.32
735.14	4690.7
735.333	4786.96
735.526	5602.05
735.719	4901.64
735.912	4737.81
736.105	4694.8
736.298	5303.04
736.491	5229.32
736.684	4666.13
736.877	4784.91
737.07	5380.87
737.263	5661.44
737.456	4590.35
737.649	4719.37
737.842	5321.48
738.035	5452.55
738.228	4979.47
738.421	4958.99
738.614	5589.76
738.807	5460.74
739	4619.02
739.192	4827.92
739.385	5225.22
739.578	5331.72
739.771	5249.8
739.964	4715.28
740.156	5313.28
740.349	5344
740.542	5145.35
740.735	4524.82
740.927	4811.53
741.12	5131.02
741.313	4549.39
741.505	5135.11
741.698	5315.33
741.891	5378.82
742.083	4891.4
742.276	4645.65
742.468	5444.35
742.661	5276.42
742.854	4557.58
743.046	4533.01
743.239	5337.86
743.431	5450.5
743.624	4690.7
743.816	4430.61
744.009	5042.95
744.201	5182.21
744.393	5065.48
744.586	4496.14
744.778	5245.7
744.971	5298.95
745.163	4700.94
745.355	4844.3
745.548	5290.76
745.74	5417.73
745.932	4625.17
746.125	4510.48
746.317	5624.58
746.509	5335.81
746.702	4596.5
746.894	4715.28
747.086	5290.76
747.278	5339.91
747.471	4977.42
747.663	4832.01
747.855	5317.38
748.047	5526.27
748.239	4578.06
748.431	4535.06
748.623	5542.66
748.815	5196.55
749.008	4492.05
749.2	4696.85
749.392	5284.61
749.584	5399.3
749.776	4780.81
749.968	4870.92
750.16	5485.31
750.352	5098.25
750.544	4834.06
750.736	4492.05
750.928	4975.37
751.12	5178.12
751.311	4606.74
751.503	4926.22
751.695	5163.78
751.887	5219.08
752.079	4508.43
752.271	4664.08
752.463	5692.16
752.654	5235.46
752.846	4582.16
753.038	4713.23
753.23	4932.36
753.421	5219.08
753.613	4612.88
753.805	4895.5
753.997	5067.53
754.188	5321.48
754.38	4809.48
754.572	4623.12
754.763	5040.9
754.955	5204.74
755.146	4547.34
755.338	4592.4
755.53	5337.86
755.721	5124.87
755.913	4295.44
756.104	4485.9
756.296	4969.23
756.487	5466.88
756.679	4365.07
756.87	4471.57
757.062	4934.41
757.253	4946.7
757.445	4395.79
757.636	4817.68
757.827	5249.8
758.019	5673.73
758.21	4315.92
758.401	4469.52
758.593	5450.5
758.784	5284.61
758.975	4315.92
759.167	4143.89
759.358	4762.38
759.549	5313.28
759.74	4551.44
759.932	4502.29
760.123	5096.2
760.314	5049.1
760.505	4616.97
760.696	4395.79
760.888	5223.17
761.079	4891.4
761.27	4395.79
761.461	4287.25
761.652	5241.61
761.843	4944.65
762.034	4539.15
762.225	5071.62
762.416	5067.53
762.607	4887.31
762.798	4139.8
762.989	4410.13
763.18	6013.69
763.371	5049.1
763.562	4291.35
763.753	4510.48
763.944	4852.49
764.135	4811.53
764.326	4696.85
764.517	4256.53
764.708	5065.48
764.899	5051.14
765.089	4201.24
765.28	4094.74
765.471	4700.94
765.662	5008.14
765.853	4496.14
766.043	4197.14
766.234	4987.66
766.425	4866.83
766.615	4207.38
766.806	4008.73
766.997	4934.41
767.187	4866.83
767.378	4279.06
767.569	4045.59
767.759	4696.85
767.95	4606.74
768.141	4457.23
768.331	4205.33
768.522	4944.65
768.712	4762.38
768.903	4176.66
769.093	4193.05
769.284	4819.72
769.474	4719.37
769.665	4082.46
769.855	3848.99
770.046	5090.06
770.236	4604.69
770.426	4406.03
770.617	4141.85
770.807	4604.69
770.998	4885.26
771.188	4369.17
771.378	4018.97
771.569	4809.48
771.759	4514.58
771.949	3887.9
772.139	3713.82
772.33	4485.9
772.52	4690.7
772.71	4137.75
772.9	3824.41
773.09	4842.25
773.281	4885.26
773.471	4113.17
773.661	4184.85
773.851	4678.41
774.041	4737.81
774.231	4002.58
774.421	4449.04
774.611	4969.23
774.802	4707.09
774.992	4070.17
775.182	3875.61
775.372	4684.56
775.562	4709.13
775.752	4029.21
775.942	4057.88
776.131	4999.95
776.321	4696.85
776.511	3891.99
776.701	3906.33
776.891	4977.42
777.081	4270.87
777.271	4154.13
777.461	3996.44
777.651	4721.42
777.84	4670.22
778.03	4154.13
778.22	3992.34
778.41	4436.75
778.599	4393.75
778.789	4104.98
778.979	3887.9
779.169	4369.17
779.358	4383.51
779.548	4313.88
779.738	3881.75
779.927	4578.06
780.117	4080.41
780.307	3914.52
780.496	3494.69
780.686	4539.15
780.875	5081.86
781.065	3730.2
781.254	3795.74
781.444	4483.86
781.633	4320.02
781.823	3722.01
782.012	3885.85
782.202	4375.31
782.391	4293.4
782.581	3773.21
782.77	4174.61
782.96	4723.47
783.149	4197.14
783.338	3711.77
783.528	3564.32
783.717	4567.82
783.906	4541.2
784.096	3810.08
784.285	3705.63
784.474	4422.42
784.663	4008.73
784.853	3689.25
785.042	3861.27
785.231	4270.87
785.42	4293.4
785.61	4082.46
785.799	3656.48
785.988	4608.78
786.177	3930.91
786.366	3707.68
786.555	4086.55
786.744	4309.78
786.933	4424.47
787.122	3478.3
787.312	3640.09
787.501	4162.33
787.69	4467.47
787.879	3883.8
788.068	3689.25
788.257	3885.85
788.445	4424.47
788.634	3783.45
788.823	3420.96
789.012	4752.14
789.201	4545.3
789.39	3937.05
789.579	3722.01
789.768	4381.46
789.957	4352.79
790.145	3619.61
790.334	3224.36
790.523	3898.14
790.712	3961.62
790.9	3722.01
791.089	3533.6
791.278	4346.64
791.467	4303.64
791.655	4170.52
791.844	4414.23
792.033	4143.89
792.221	4100.89
792.41	3537.7
792.599	3306.27
792.787	4131.61
792.976	4227.86
793.164	3558.18
793.353	3539.74
793.541	4242.2
793.73	4203.29
793.918	3541.79
794.107	3574.56
794.295	4154.13
794.484	3918.62
794.672	3500.83
794.861	3623.71
795.049	4184.85
795.238	4612.88
795.426	3291.94
795.614	3674.91
795.803	4264.72
795.991	4309.78
796.179	3457.82
796.368	3599.13
796.556	4283.16
796.744	4051.74
796.932	3273.51
797.121	3406.63
797.309	4061.98
797.497	4258.58
797.685	3439.39
797.874	3330.85
798.062	4197.14
798.25	4393.75
798.438	3500.83
798.626	3517.22
798.814	4207.38
799.002	4453.14
799.19	3597.09
799.378	3689.25
799.566	4115.22
799.755	4322.07
799.943	3810.08
800.131	3437.34
800.318	4021.02
800.506	4221.72
800.694	3380
800.882	3642.14
801.07	4522.77
801.258	4180.76
801.446	3431.2
801.634	3603.23
801.822	4082.46
802.01	4070.17
802.197	3406.63
802.385	3658.53
802.573	4274.96
802.761	3822.36
802.949	3619.61
803.136	3017.51
803.324	4115.22
803.512	3896.09
803.699	3674.91
803.887	3121.96
804.075	4168.47
804.262	3945.24
804.45	3363.62
804.638	3787.55
804.825	3861.27
805.013	3896.09
805.201	3574.56
805.388	3300.13
805.576	4119.32
805.763	4356.88
805.951	3629.85
806.138	3580.7
806.326	4475.67
806.513	4074.26
806.701	3423.01
806.888	3296.04
807.075	4236.05
807.263	4393.75
807.45	3468.06
807.638	3681.05
807.825	4365.07
808.012	4348.69
808.2	3640.09
808.387	4035.35
808.574	4328.21
808.761	4416.27
808.949	3478.3
809.136	3519.26
809.323	4238.1
809.51	4254.48
809.698	4002.58
809.885	3963.67
810.072	4360.98
810.259	4389.65
810.446	3701.53
810.633	3480.35
810.82	4154.13
811.008	4481.81
811.195	3853.08
811.382	3613.47
811.569	4246.29
811.756	3797.79
811.943	3492.64
812.13	3615.52
812.317	4172.57
812.504	3881.75
812.691	3689.25
812.878	3562.27
813.064	4516.62
813.251	4107.03
813.438	3558.18
813.625	3765.02
813.812	4012.82
813.999	4127.51
814.186	3756.83
814.372	3652.38
814.559	4336.4
814.746	4557.58
814.933	3386.15
815.12	3851.03
815.306	4012.82
815.493	4002.58
815.68	3566.37
815.866	3603.23
816.053	4266.77
816.24	4406.03
816.426	3605.28
816.613	3404.58
816.799	3967.77
816.986	4524.82
817.173	3547.94
817.359	3388.19
817.546	4193.05
817.732	3861.27
817.919	3267.36
818.105	3736.35
818.292	4068.12
818.478	4172.57
818.665	3848.99
818.851	3394.34
819.037	4696.85
819.224	4262.68
819.41	3320.61
819.597	3367.71
819.783	4698.89
819.969	4125.46
820.156	3554.08
820.342	3396.39
820.528	5542.66
820.714	3902.23
820.901	3758.88
821.087	3480.35
821.273	4281.11
821.459	4166.42
821.646	3308.32
821.832	3443.49
822.018	4199.19
822.204	4045.59
822.39	3433.25
822.576	3343.14
822.762	4115.22
822.948	4191
823.134	3689.25
823.32	3480.35
823.507	3855.13
823.693	4102.93
823.879	4199.19
824.065	3390.24
824.25	3846.94
824.436	3957.53
824.622	3420.96
824.808	3332.9
824.994	3943.19
825.18	3930.91
825.366	3271.46
825.552	3336.99
825.738	4129.56
825.923	4209.43
826.109	3597.09
826.295	3388.19
826.481	3930.91
826.667	3871.51
826.852	3779.36
827.038	3324.71
827.224	4246.29
827.409	4141.85
827.595	3212.07
827.781	3683.1
827.966	4238.1
828.152	4264.72
828.338	3373.86
828.523	3164.97
828.709	3912.47
828.894	4131.61
829.08	3238.69
829.266	3285.8
829.451	3816.22
829.637	3949.34
829.822	3549.98
830.008	3140.39
830.193	4041.5
830.378	4328.21
830.564	3279.65
830.749	3115.81
830.935	3957.53
831.12	3832.6
831.305	3101.48
831.491	3492.64
831.676	3572.51
831.861	3894.04
832.047	3291.94
832.232	3037.99
832.417	4094.74
832.602	4061.98
832.788	3173.16
832.973	3240.74
833.158	3857.18
833.343	3726.11
833.528	3484.45
833.714	3339.04
833.899	3734.3
834.084	4354.83
834.269	3504.93
834.454	3275.56
834.639	3857.18
834.824	3914.52
835.009	3277.6
835.194	3660.57
835.379	4274.96
835.564	4422.42
835.749	3597.09
835.934	3013.42
836.119	4129.56
836.304	3887.9
836.489	3128.1
836.674	3609.37
836.859	3762.97
837.044	4125.46
837.228	3300.13
837.413	2960.17
837.598	3871.51
837.783	3883.8
837.968	3259.17
838.152	3074.85
838.337	3189.54
838.522	4248.34
838.707	3754.78
838.891	3640.09
839.076	3762.97
839.261	3728.16
839.445	3271.46
839.63	3511.07
839.815	4102.93
839.999	3615.52
840.184	3187.49
840.368	3173.16
840.553	3951.39
840.737	3775.26
840.922	2964.26
841.106	2982.7
841.291	3521.31
841.475	3795.74
841.66	2992.94
841.844	3019.56
842.029	4336.4
842.213	3312.42
842.397	3218.21
842.582	2960.17
842.766	3894.04
842.951	3783.45
843.135	3144.49
843.319	3091.24
843.504	3832.6
843.688	4270.87
843.872	2808.62
844.056	3033.9
844.241	3726.11
844.425	3468.06
844.609	3357.47
844.793	2825
844.977	3715.87
845.161	3676.96
845.346	2669.36
845.53	3029.8
845.714	3595.04
845.898	4002.58
846.082	2788.14
846.266	2984.74
846.45	3439.39
846.634	3697.44
846.818	2898.73
847.002	3189.54
847.186	3717.92
847.37	3177.25
847.554	2906.92
847.738	3336.99
847.922	3486.5
848.106	3697.44
848.29	2888.49
848.473	2927.4
848.657	3719.96
848.841	3445.54
849.025	2927.4
849.209	2825
849.392	3595.04
849.576	3392.29
849.76	2612.01
849.944	3263.27
850.127	3756.83
850.311	3154.73
850.495	2683.69
850.678	2900.78
850.862	3517.22
851.046	3730.2
851.229	3250.98
851.413	2757.42
851.596	3726.11
851.78	3388.19
851.964	3134.25
852.147	2976.55
852.331	4061.98
852.514	3859.23
852.698	2900.78
852.881	2730.8
853.065	3617.57
853.248	3447.58
853.431	2972.46
853.615	3140.39
853.798	4213.53
853.982	3549.98
854.165	3101.48
854.348	2904.87
854.532	3107.62
854.715	3119.91
854.898	2804.52
855.081	2781.99
855.265	3978.01
855.448	3953.43
855.631	2732.84
855.814	2878.25
855.997	3306.27
856.181	3453.73
856.364	2820.91
856.547	2640.69
856.73	3576.61
856.913	3416.87
857.096	2624.3
857.279	3009.32
857.462	3375.91
857.645	3470.11
857.828	3037.99
858.011	2992.94
858.194	3298.08
858.377	3414.82
858.56	2734.89
858.743	2745.13
858.926	3336.99
859.109	3336.99
859.292	2779.95
859.475	2589.49
859.658	3437.34
859.841	3197.73
860.023	2591.53
860.206	2521.9
860.389	3230.5
860.572	3394.34
860.755	2648.88
860.937	2900.78
861.12	2943.78
861.303	3218.21
861.486	2704.17
861.668	2624.3
861.851	3042.09
862.034	3418.91
862.216	2837.29
862.399	2487.09
862.581	3351.33
862.764	3429.15
862.947	2710.32
863.129	2585.39
863.312	2976.55
863.494	3513.12
863.677	3046.18
863.859	2245.43
864.042	3242.79
864.224	3193.64
864.406	2714.41
864.589	2351.92
864.771	3048.23
864.954	3050.28
865.136	2587.44
865.318	2272.05
865.501	3744.54
865.683	2632.49
865.865	2515.76
866.048	2458.42
866.23	3459.87
866.412	2994.98
866.594	2444.08
866.777	2818.86
866.959	3029.8
867.141	2976.55
867.323	2937.64
867.505	2708.27
867.687	3005.22
867.869	3107.62
868.052	2458.42
868.234	2554.67
868.416	3054.37
868.598	3357.47
868.78	2439.98
868.962	2417.46
869.144	3169.06
869.326	3017.51
869.508	2462.51
869.69	2468.66
869.872	2698.03
870.054	3603.23
870.236	2200.37
870.417	2296.63
870.599	3050.28
870.781	3502.88
870.963	2577.2
871.145	2333.49
871.327	2943.78
871.508	3328.8
871.69	2569.01
871.872	2550.57
872.054	2906.92
872.235	3093.29
872.417	2536.24
872.599	2235.19
872.78	3717.92
872.962	2947.88
873.144	2222.9
873.325	2503.47
873.507	3334.95
873.689	3044.13
873.87	2259.76
874.052	2667.31
874.233	2894.63
874.415	3431.2
874.596	2505.52
874.778	2317.11
874.959	3046.18
875.141	3304.23
875.322	2411.31
875.503	2292.53
875.685	3076.9
875.866	2616.11
876.048	2487.09
876.229	2315.06
876.41	2902.83
876.592	3085.09
876.773	2439.98
876.954	2120.5
877.136	3279.65
877.317	2923.3
877.498	2222.9
877.679	2708.27
877.86	3017.51
878.042	3109.67
878.223	2321.2
878.404	3134.25
878.585	3144.49
878.766	3455.78
878.947	2708.27
879.128	2689.84
879.309	2954.02
879.49	3330.85
879.672	2538.29
879.853	2349.87
880.034	2882.35
880.215	3101.48
880.396	2454.32
880.576	2452.27
880.757	3124.01
880.938	3549.98
881.119	2323.25
881.3	2394.93
881.481	2949.93
881.662	4090.65
881.843	2360.11
882.023	2468.66
882.204	3283.75
882.385	2949.93
882.566	2351.92
882.747	2571.05
882.927	3078.95
883.108	3083.05
883.289	2364.21
883.469	2829.1
883.65	2999.08
883.831	3093.29
884.011	2890.54
884.192	2392.88
884.373	3134.25
884.553	2997.03
884.734	2804.52
884.914	3087.14
885.095	4467.47
885.275	3437.34
885.456	2833.19
885.636	2374.45
885.817	3167.01
885.997	3427.11
886.178	2282.29
886.358	2648.88
886.538	3162.92
886.719	4709.13
886.899	2353.97
887.08	2745.13
887.26	3183.4
887.44	2837.29
887.621	2384.69
887.801	2718.51
887.981	3717.92
888.161	3533.6
888.342	2616.11
888.522	2616.11
888.702	3431.2
888.882	3494.69
889.062	2681.64
889.242	2265.91
889.423	3431.2
889.603	3281.7
889.783	2661.16
889.963	2612.01
890.143	3197.73
890.323	3433.25
890.503	2591.53
890.683	2806.57
890.863	2986.79
891.043	3029.8
891.223	2741.04
891.403	2825
891.583	3267.36
891.763	3302.18
891.943	2691.88
892.122	3081
892.302	3220.26
892.482	3134.25
892.662	2861.87
892.842	2726.7
893.022	3121.96
893.201	3173.16
893.381	2808.62
893.561	2540.33
893.741	3289.89
893.92	2970.41
894.1	2825
894.28	2665.26
894.459	3502.88
894.639	3293.99
894.819	2503.47
894.998	2796.33
895.178	3318.56
895.357	3091.24
895.537	2503.47
895.716	2407.22
895.896	2986.79
896.075	3396.39
896.255	2558.77
896.434	2329.39
896.614	3633.95
896.793	3259.17
896.973	2849.58
897.152	2569.01
897.331	2831.15
897.511	3113.77
897.69	2202.42
897.87	2605.87
898.049	3197.73
898.228	2882.35
898.407	2800.43
898.587	2626.35
898.766	2833.19
898.945	3248.93
899.124	3033.9
899.304	2730.8
899.483	3349.28
899.662	3537.7
899.841	2693.93
900.02	2356.02
900.199	3238.69
900.378	3091.24
900.557	2566.96
900.737	2403.12
900.916	2880.3
901.095	2994.98
901.274	2796.33
901.453	2224.95
901.632	2655.02
901.811	2816.81
901.989	2413.36
902.168	2325.3
902.347	3132.2
902.526	2923.3
902.705	2505.52
902.884	2595.63
903.063	3232.55
903.242	3203.88
903.42	2431.79
903.599	2614.06
903.778	3013.42
903.957	3347.23
904.135	2626.35
904.314	2372.4
904.493	2812.71
904.672	2673.45
904.85	2456.37
905.029	2292.53
905.207	2749.23
905.386	3513.12
905.565	2100.02
905.743	2231.09
905.922	2749.23
906.1	2868.01
906.279	1954.62
906.457	2159.41
906.636	2624.3
906.814	2472.75
906.993	2120.5
907.171	1895.22
907.35	2652.97
907.528	3064.61
907.707	2511.66
907.885	2024.25
908.063	2870.06
908.242	2569.01
908.42	2102.07
908.598	1815.35
908.777	2810.67
908.955	2378.55
909.133	2296.63
909.311	1880.89
909.49	2485.04
909.668	2444.08
909.846	2079.54
910.024	1862.46
910.202	2442.03
910.38	2704.17
910.559	2110.26
910.737	2011.96
910.915	2575.15
911.093	2528.05
911.271	2093.88
911.449	2366.26
911.627	2663.21
911.805	3296.04
911.983	2065.21
912.161	2120.5
912.339	2497.33
912.517	2947.88
912.695	2523.95
912.872	2337.59
913.05	2786.09
913.228	2738.99
913.406	2083.64
913.584	2149.17
913.762	2935.59
913.939	2632.49
914.117	2114.36
914.295	2001.72
914.473	2536.24
914.65	2825
914.828	2292.53
915.006	1985.34
915.184	2401.07
915.361	2749.23
915.539	2372.4
915.716	2495.28
915.894	2804.52
916.072	2833.19
916.249	2831.15
916.427	2343.73
916.604	2501.42
916.782	2706.22
916.959	2179.89
917.137	2196.28
917.314	2747.18
917.492	2677.55
917.669	2476.85
917.847	2337.59
918.024	2513.71
918.201	2442.03
918.379	2198.32
918.556	2308.91
918.733	2693.93
918.911	2433.84
919.088	2396.98
919.265	2075.45
919.442	2655.02
919.62	2726.7
919.797	2091.83
919.974	1880.89
920.151	2732.84
920.328	2384.69
920.506	1876.79
920.683	2558.77
920.86	2313.01
921.037	2536.24
921.214	2163.51
921.391	1954.62
921.568	2564.91
921.745	2468.66
921.922	2083.64
922.099	2054.97
922.276	2528.05
922.453	2452.27
922.63	1899.32
922.807	2356.02
922.984	2597.68
923.161	2374.45
923.338	2126.64
923.514	2044.73
923.691	2716.46
923.868	2673.45
924.045	1932.09
924.222	1940.28
924.399	2323.25
924.575	2636.59
924.752	2077.49
924.929	2116.41
925.105	2290.48
925.282	2165.56
925.459	2122.55
925.635	1993.53
925.812	2487.09
925.989	2337.59
926.165	2138.93
926.342	1715
926.518	2358.07
926.695	2169.65
926.871	1831.74
927.048	2018.1
927.224	2769.71
927.401	2143.03
927.577	1958.71
927.754	1774.39
927.93	2601.77
928.107	2476.85
928.283	1866.55
928.459	1995.57
928.636	2493.23
928.812	2251.57
928.988	1715
929.165	1563.45
929.341	2194.23
929.517	2423.6
929.693	2427.7
929.87	1485.63
930.046	2337.59
930.222	2124.6
930.398	1704.76
930.574	1954.62
930.751	2151.22
930.927	2063.16
931.103	1735.48
931.279	1706.81
931.455	2061.11
931.631	2227
931.807	1561.41
931.983	1489.73
932.159	1790.78
932.335	2171.7
932.511	1661.76
932.687	1727.29
932.863	1979.19
933.039	2181.94
933.215	1473.34
933.391	1436.48
933.566	2030.39
933.742	2040.63
933.918	1508.16
934.094	1299.27
934.27	2026.29
934.445	1960.76
934.621	1721.15
934.797	1397.57
934.973	1966.9
935.148	1702.72
935.324	1293.12
935.5	1141.57
935.675	1899.32
935.851	1874.74
936.027	1667.9
936.202	1473.34
936.378	2001.72
936.553	1708.86
936.729	2183.99
936.904	1272.64
937.08	1524.54
937.255	1512.25
937.431	1311.55
937.606	1137.48
937.782	1440.58
937.957	1809.21
938.133	1264.45
938.308	1104.71
938.483	1493.82
938.659	1293.12
938.834	1350.46
939.009	904.01
939.185	1616.7
939.36	1338.18
939.535	598.86
939.71	1184.58
939.886	1729.34
940.061	1413.95
940.236	1467.2
940.411	1080.13
940.586	1452.86
940.761	1487.68
940.937	1145.67
941.112	877.38
941.287	1370.94
941.462	1352.51
941.637	760.65
941.812	1026.89
941.987	1209.15
942.162	1248.07
942.337	1100.61
942.512	850.76
942.687	1592.13
942.862	1321.79
943.037	635.72
943.212	453.45
943.386	1022.79
943.561	1194.82
943.736	1162.05
943.911	1516.35
944.086	1624.89
944.26	1209.15
944.435	734.03
944.61	1184.58
944.785	1307.46
944.959	1817.4
945.134	854.86
945.309	815.94
945.483	994.12
945.658	1280.83
945.833	555.85
946.007	609.1
946.182	1585.98
946.357	1035.08
946.531	840.52
946.706	719.69
946.88	934.73
947.055	1430.34
947.229	793.42
947.404	717.64
947.578	1188.68
947.752	1252.16
947.927	641.87
948.101	705.35
948.276	1536.83
948.45	1354.56
948.624	1176.39
948.799	731.98
948.973	1174.34
949.147	1108.8
949.321	938.82
949.496	928.58
949.67	1665.85
949.844	1172.29
950.018	932.68
950.193	840.52
950.367	1911.61
950.541	1246.02
950.715	1063.75
950.889	1092.42
951.063	1180.48
951.237	1379.14
951.411	779.08
951.585	758.6
951.759	1389.38
951.933	1407.81
952.107	865.1
952.281	1192.77
952.455	1704.76
952.629	1393.47
952.803	928.58
952.977	944.97
953.151	1405.76
953.325	1219.39
953.499	981.83
953.672	629.58
953.846	1215.3
954.02	1305.41
954.194	809.8
954.368	820.04
954.541	1477.44
954.715	1440.58
954.889	908.1
955.062	854.86
955.236	1088.32
955.41	1284.93
955.583	1129.28
955.757	662.35
955.93	1274.69
956.104	1125.19
956.278	916.3
956.451	850.76
956.625	1436.48
956.798	1684.28
956.972	1393.47
957.145	834.38
957.319	1583.93
957.492	1317.7
957.665	1321.79
957.839	723.79
958.012	1243.97
958.185	1223.49
958.359	1004.36
958.532	1217.35
958.705	1319.75
958.879	1203.01
959.052	1137.48
959.225	791.37
959.398	1342.27
959.572	1502.01
959.745	912.2
959.918	926.54
960.091	1428.29
960.264	1598.27
960.438	828.23
960.611	809.8
960.784	1471.29
960.957	1153.86
961.13	1579.84
961.303	830.28
961.476	1356.61
961.649	1731.39
961.822	858.95
961.995	1067.85
962.168	1237.83
962.341	1536.83
962.514	944.97
962.686	924.49
962.859	1315.65
963.032	1608.51
963.205	959.3
963.378	643.92
963.551	1305.41
963.723	1168.2
963.896	1129.28
964.069	1164.1
964.242	1420.1
964.414	1915.7
964.587	1076.04
964.76	1090.37
964.932	1461.06
965.105	1332.03
965.278	969.54
965.45	742.22
965.623	1622.84
965.795	1481.53
965.968	940.87
966.14	1016.65
966.313	1336.13
966.485	1350.46
966.658	904.01
966.83	910.15
967.003	1454.91
967.175	1381.18
967.348	883.53
967.52	1061.7
967.692	1940.28
967.865	1618.75
968.037	901.96
968.209	1252.16
968.382	1528.64
968.554	1430.34
968.726	949.06
968.898	895.82
969.071	1682.24
969.243	1338.18
969.415	932.68
969.587	1127.24
969.759	1712.96
969.932	1284.93
970.104	1014.6
970.276	480.08
970.448	1168.2
970.62	1264.45
970.792	1098.56
970.964	977.73
971.136	1690.43
971.308	1416
971.48	756.55
971.652	961.35
971.824	1698.62
971.996	1164.1
972.168	1002.31
972.339	1020.74
972.511	1350.46
972.683	1221.44
972.855	1282.88
973.027	846.66
973.199	1575.74
973.37	1450.82
973.542	1112.9
973.714	1004.36
973.886	949.06
974.057	1362.75
974.229	856.9
974.401	869.19
974.572	1110.85
974.744	963.4
974.915	740.17
975.087	840.52
975.259	1555.26
975.43	1100.61
975.602	758.6
975.773	760.65
975.945	1020.74
976.116	1344.32
976.288	662.35
976.459	1000.26
976.63	1006.41
976.802	1225.54
976.973	645.96
977.145	1102.66
977.316	1858.36
977.487	1485.63
977.659	1030.98
977.83	959.3
978.001	1549.12
978.172	1379.14
978.344	774.99
978.515	740.17
978.686	1209.15
978.857	1631.04
979.028	721.74
979.2	617.29
979.371	1514.3
979.542	1063.75
979.713	953.16
979.884	416.59
980.055	1133.38
980.226	1155.91
980.397	881.48
980.568	639.82
980.739	1409.86
980.91	1084.23
981.081	1051.46
981.252	750.41
981.423	1243.97
981.594	1174.34
981.765	731.98
981.936	922.44
982.106	1203.01
982.277	1473.34
982.448	602.96
982.619	1028.93
982.79	836.42
982.96	1188.68
983.131	961.35
983.302	426.83
983.472	1110.85
983.643	1270.59
983.814	844.62
983.984	668.49
984.155	1030.98
984.326	1229.63
984.496	746.31
984.667	791.37
984.837	881.48
985.008	1528.64
985.178	1174.34
985.349	830.28
985.519	1086.28
985.69	940.87
985.86	760.65
986.031	666.44
986.201	1110.85
986.371	1127.24
986.542	432.97
986.712	510.8
986.882	1137.48
987.053	1092.42
987.223	641.87
987.393	1069.89
987.563	912.2
987.734	1135.43
987.904	1321.79
988.074	510.8
988.244	996.17
988.414	957.25
988.585	619.34
988.755	838.47
988.925	953.16
989.095	1459.01
989.265	510.8
989.435	719.69
989.605	1254.21
989.775	1196.87
989.945	1149.76
990.115	394.06
990.285	1028.93
990.455	1053.51
990.625	744.27
990.795	463.69
990.965	1391.42
991.134	848.71
991.304	430.93
991.474	443.21
991.644	1076.04
991.814	1354.56
991.984	351.06
992.153	584.52
992.323	813.9
992.493	1117
992.662	349.01
992.832	742.22
993.002	815.94
993.171	1209.15
993.341	256.85
993.511	553.8
993.68	781.13
993.85	1151.81
994.019	412.5
994.189	285.52
994.358	891.72
994.528	922.44
994.697	150.36
994.867	303.95
995.036	1192.77
995.206	768.84
995.375	273.23
995.544	641.87
995.714	1295.17
995.883	977.73
996.052	721.74
996.222	86.87
996.391	1231.68
996.56	979.78
996.73	267.09
996.899	148.31
997.068	1248.07
997.237	1014.6
997.406	353.1
997.576	211.79
997.745	1274.69
997.914	848.71
998.083	80.72
998.252	316.24
998.421	957.25
998.59	727.88
998.759	326.48
998.928	183.12
999.097	1137.48
999.266	1018.69
999.435	629.58
999.604	131.92
999.773	1098.56
999.942	795.47
1000.111	88.92
1000.28	101.2
1000.448	756.55
1000.617	660.3
1000.786	637.77
1000.955	162.64
1001.124	1145.67
1001.292	1375.04
1001.461	349.01
1001.63	166.74
1001.798	1051.46
1001.967	979.78
1002.136	131.92
1002.304	217.94
1002.473	1071.94
1002.642	684.87
1002.81	461.65
1002.979	322.38
1003.147	1090.37
1003.316	1190.72
1003.484	207.7
1003.653	318.29
1003.821	920.39
1003.99	650.06
1004.158	584.52
1004.327	475.98
1004.495	873.29
1004.663	815.94
1004.832	510.8
1005	60.24
1005.168	699.21
1005.337	615.24
1005.505	25.43
1005.673	627.53
1005.842	942.92
1006.01	693.07
1006.178	-38.06
1006.346	226.13
1006.514	660.3
1006.683	1182.53
1006.851	219.99
1007.019	465.74
1007.187	635.72
1007.355	265.04
1007.523	-72.87
1007.691	-13.48
1007.859	437.07
1008.027	1311.55
1008.195	166.74
1008.363	47.96
1008.531	594.76
1008.699	752.46
1008.867	-60.59
1009.035	250.71
1009.203	1160
1009.37	695.11
1009.538	269.14
1009.706	1055.56
1009.874	639.82
1010.042	703.31
1010.209	82.77
1010.377	86.87
1010.545	906.06
1010.713	652.11
1010.88	76.63
1011.048	136.02
1011.216	648.01
1011.383	1055.56
1011.551	103.25
1011.718	-42.15
1011.886	797.51
1012.054	912.2
1012.221	-54.44
1012.389	29.52
1012.556	746.31
1012.724	1033.03
1012.891	234.32
1013.058	-169.13
1013.226	830.28
1013.393	797.51
1013.561	-40.11
1013.728	-144.55
1013.895	981.83
1014.063	740.17
1014.23	-167.08
1014.397	9.05
1014.565	865.1
1014.732	594.76
1014.899	-70.83
1015.066	-54.44
1015.233	942.92
1015.401	783.18
1015.568	54.1
1015.735	248.66
1015.902	756.55
1016.069	930.63
1016.236	119.64
1016.403	-124.07
1016.57	404.3
1016.737	1112.9
1016.904	19.29
1017.071	-48.3
1017.238	355.15
1017.405	596.81
1017.572	0.85
1017.739	463.69
1017.906	1119.04
1018.073	949.06
1018.24	-42.15
1018.407	158.55
1018.573	688.97
1018.74	785.23
1018.907	140.12
1019.074	-249
1019.241	703.31
1019.407	580.43
1019.574	-171.18
1019.741	-203.94
1019.907	1028.93
1020.074	1067.85
1020.241	-339.11
1020.407	-175.27
1020.574	506.7
1020.74	500.56
1020.907	-115.88
1021.073	-138.41
1021.24	1248.07
1021.406	723.79
1021.573	-150.7
1021.739	-124.07
1021.906	895.82
1022.072	691.02
1022.239	74.58
1022.405	76.63
1022.571	621.39
1022.738	494.41
1022.904	-1.19
1023.07	211.79
1023.237	562
1023.403	783.18
1023.569	115.54
1023.735	41.81
1023.902	658.25
1024.068	670.54
1024.234	-249
1024.4	-21.67
1024.566	426.83
1024.732	537.42
1024.898	-23.72
1025.065	-253.09
1025.231	473.93
1025.397	447.31
1025.563	60.24
1025.729	-134.31
1025.895	90.96
1026.061	394.06
1026.227	-335.01
1026.392	33.62
1026.558	662.35
1026.724	641.87
1026.89	-89.26
1027.056	219.99
1027.222	414.54
1027.388	486.22
1027.553	-109.74
1027.719	-142.5
1027.885	953.16
1028.051	486.22
1028.216	-326.82
1028.382	-50.35
1028.548	584.52
1028.713	457.55
1028.879	-294.05
1029.045	125.78
1029.21	854.86
1029.376	645.96
1029.541	-56.49
1029.707	-60.59
1029.873	643.92
1030.038	670.54
1030.204	-222.38
1030.369	-146.6
1030.534	539.47
1030.7	432.97
1030.865	-5.29
1031.031	-72.87
1031.196	469.84
1031.361	566.09
1031.527	-208.04
1031.692	-165.03
1031.857	179.03
1032.023	654.16
1032.188	-185.51
1032.353	-205.99
1032.518	748.36
1032.684	443.21
1032.849	-357.54
1033.014	-29.87
1033.179	480.08
1033.344	621.39
1033.509	-1.19
1033.674	-76.97
1033.839	545.61
1034.004	564.04
1034.17	-95.4
1034.335	-328.87
1034.5	375.63
1034.664	228.18
1034.829	-165.03
1034.994	-85.16
1035.159	181.07
1035.324	670.54
1035.489	-85.16
1035.654	-244.9
1035.819	1153.86
1035.984	428.88
1036.148	-46.25
1036.313	-107.69
1036.478	576.33
1036.643	437.07
1036.807	-113.83
1036.972	-210.09
1037.137	949.06
1037.301	316.24
1037.466	-390.31
1037.631	-15.53
1037.795	650.06
1037.96	344.91
1038.124	144.21
1038.289	-345.25
1038.454	404.3
1038.618	633.68
1038.783	23.38
1038.947	2.9
1039.111	297.81
1039.276	410.45
1039.44	-181.42
1039.605	674.64
1039.769	396.11
1039.933	387.92
1040.098	-38.06
1040.262	154.45
1040.426	592.72
1040.591	478.03
1040.755	-263.33
1040.919	-193.7
1041.083	795.47
1041.248	289.62
1041.412	-459.94
1041.576	-298.15
1041.74	371.54
1041.904	480.08
1042.068	-230.57
1042.232	-68.78
1042.397	826.18
1042.561	316.24
1042.725	-500.9
1042.889	-46.25
1043.053	451.41
1043.217	267.09
1043.381	-70.83
1043.544	-390.31
1043.708	531.28
1043.872	252.75
1044.036	-382.12
1044.2	-416.93
1044.364	662.35
1044.528	531.28
1044.691	5667.58
1044.855	-296.1
1045.019	480.08
1045.183	533.33
1045.346	-54.44
1045.51	-429.22
1045.674	635.72
1045.837	396.11
1046.001	-152.74
1046.165	-203.94
1046.328	928.58
1046.492	287.57
1046.655	68.44
1046.819	-109.74
1046.983	371.54
1047.146	217.94
1047.31	-152.74
1047.473	-349.35
1047.636	260.95
1047.8	217.94
1047.963	-38.06
1048.127	-314.53
1048.29	168.79
