345.52	-1370.26
345.736	-1370.26
345.952	-1370.26
346.168	-1300.63
346.384	-1284.25
346.6	-161.96
346.816	-250.02
347.032	-157.86
347.248	552.78
347.464	-336.04
347.68	-237.74
347.896	20.31
348.112	259.92
348.328	-114.86
348.544	26.45
348.76	151.38
348.975	247.63
349.191	-422.05
349.407	-452.77
349.623	167.76
349.839	143.19
350.055	-307.37
350.27	24.4
350.486	186.19
350.702	239.44
350.918	370.51
351.133	-133.29
351.349	159.57
351.565	487.25
351.781	-426.15
351.996	38.74
352.212	130.9
352.428	40.79
352.644	-280.74
352.859	-268.45
353.075	241.49
353.291	188.24
353.506	-147.62
353.722	-372.9
353.938	-8.36
354.153	487.25
354.369	266.07
354.584	-329.89
354.8	261.97
355.016	-127.14
355.231	-346.28
355.447	-157.86
355.662	384.85
355.878	733
356.093	-567.46
356.309	-82.09
356.524	-73.9
356.74	470.86
356.955	-397.48
357.171	-98.47
357.386	169.81
357.602	-69.8
357.817	-157.86
358.033	-233.64
358.248	300.88
358.464	356.18
358.679	-295.08
358.895	-409.76
359.11	51.03
359.325	178
359.541	446.29
359.756	-65.71
359.972	-104.62
360.187	485.2
360.402	-321.7
360.618	-202.92
360.833	1656.64
361.048	186.19
361.264	-262.31
361.479	-53.42
361.694	151.38
361.909	315.22
362.125	-325.8
362.34	-266.41
362.555	290.64
362.77	214.87
362.986	-370.85
363.201	-198.82
363.416	278.35
363.631	20.31
363.847	-233.64
364.062	-346.28
364.277	147.28
364.492	53.08
364.707	-360.61
364.922	-409.76
365.138	178
365.353	302.93
365.568	-360.61
365.783	-184.49
365.998	405.33
366.213	571.21
366.428	-340.13
366.643	143.19
366.858	343.89
367.073	339.79
367.288	-190.63
367.503	-241.83
367.718	12.12
367.933	501.58
368.148	-389.28
368.363	-57.51
368.578	200.53
368.793	489.29
369.008	-139.43
369.223	-377
369.438	280.4
369.653	178
369.868	-391.33
370.083	-436.39
370.298	186.19
370.513	499.53
370.728	73.56
370.943	-290.98
371.157	-12.46
371.372	603.98
371.587	-436.39
371.802	-385.19
372.017	44.88
372.232	403.28
372.446	-84.14
372.661	-340.13
372.876	112.47
373.091	333.65
373.306	-168.1
373.52	-471.2
373.735	1.88
373.95	702.28
374.165	-217.26
374.379	-170.15
374.594	-65.71
374.809	487.25
375.023	65.36
375.238	-290.98
375.453	307.02
375.667	-24.75
375.882	-250.02
376.097	-411.81
376.311	91.99
376.526	415.57
376.741	-356.52
376.955	243.54
377.17	464.72
377.384	950.09
377.599	16.21
377.813	-446.63
378.028	788.3
378.242	333.65
378.457	-192.68
378.672	-354.47
378.886	-45.23
379.101	120.66
379.315	-442.53
379.53	-231.59
379.744	364.37
379.958	274.26
380.173	-223.4
380.387	-225.45
380.602	307.02
380.816	-8.36
381.031	-239.78
381.245	-215.21
381.459	200.53
381.674	962.37
381.888	-440.48
382.103	202.58
382.317	-53.42
382.531	393.04
382.746	-73.9
382.96	-293.03
383.174	32.6
383.388	661.32
383.603	141.14
383.817	-366.76
384.031	165.71
384.246	528.21
384.46	28.5
384.674	683.85
384.888	-73.9
385.103	331.6
385.317	-372.9
385.531	61.27
385.745	743.24
385.959	405.33
386.174	-313.51
386.388	-293.03
386.602	178
386.816	108.37
387.03	-192.68
387.244	-219.3
387.458	251.73
387.672	360.27
387.887	-463.01
388.101	-329.89
388.315	388.94
388.529	112.47
388.743	-278.69
388.957	-286.89
389.171	520.01
389.385	30.55
389.599	-405.67
389.813	-0.17
390.027	147.28
390.241	778.06
390.455	-172.2
390.669	-86.19
390.883	120.66
391.097	644.94
391.311	128.85
391.525	-270.5
391.738	405.33
391.952	493.39
392.166	44.88
392.38	-342.18
392.594	507.73
392.808	335.7
393.022	-131.24
393.236	-198.82
393.449	294.74
393.663	601.93
393.877	-383.14
394.091	-75.95
394.305	130.9
394.518	116.56
394.732	-321.7
394.946	-151.72
395.16	700.23
395.373	223.06
395.587	-293.03
395.801	-250.02
396.015	274.26
396.228	286.54
396.442	-350.37
396.656	-491.68
396.869	376.66
397.083	790.35
397.297	-151.72
397.51	-200.87
397.724	249.68
397.938	243.54
398.151	-450.72
398.365	-422.05
398.578	429.9
398.792	431.95
399.005	55.12
399.219	-217.26
399.433	81.75
399.646	470.86
399.86	124.76
400.073	188.24
400.287	268.11
400.5	302.93
400.714	-22.7
400.927	-88.23
401.141	474.96
401.354	1793.85
401.567	450.38
401.781	-442.53
401.994	272.21
402.208	708.43
402.421	-84.14
402.635	-141.48
402.848	16.21
403.061	403.28
403.275	-200.87
403.488	-329.89
403.701	513.87
403.915	646.99
404.128	94.04
404.341	-207.02
404.555	651.08
404.768	-10.41
404.981	75.6
405.195	-196.78
405.408	438.09
405.621	421.71
405.834	141.14
406.048	-276.65
406.261	434
406.474	458.57
406.687	-135.34
406.9	-61.61
407.114	327.5
407.327	487.25
407.54	-340.13
407.753	-374.95
407.966	65.36
408.179	257.87
408.392	-274.6
408.605	-374.95
408.819	325.46
409.032	335.7
409.245	-104.62
409.458	118.61
409.671	235.35
409.884	415.57
410.097	-323.75
410.31	98.13
410.523	646.99
410.736	106.32
410.949	-47.27
411.162	-225.45
411.375	450.38
411.588	397.14
411.801	8.02
412.014	-282.79
412.227	151.38
412.44	257.87
412.653	-106.67
412.865	91.99
413.078	477.01
413.291	493.39
413.504	-30.89
413.717	-258.21
413.93	454.48
414.143	94.04
414.356	20.31
414.568	-420
414.781	442.19
414.994	345.94
415.207	-34.99
415.42	-67.75
415.632	378.7
415.845	741.19
416.058	-299.17
416.271	-305.32
416.483	454.48
416.696	704.33
416.909	-215.21
417.121	-221.35
417.334	235.35
417.547	622.41
417.759	-241.83
417.972	-233.64
418.185	186.19
418.397	419.66
418.61	-84.14
418.823	-147.62
419.035	595.79
419.248	380.75
419.46	-141.48
419.673	28.5
419.885	182.1
420.098	368.46
420.311	-176.3
420.523	-233.64
420.736	448.33
420.948	264.02
421.161	-157.86
421.373	-313.51
421.586	255.83
421.798	51.03
422.01	-364.71
422.223	114.52
422.435	65.36
422.648	620.36
422.86	-194.73
423.073	-139.43
423.285	307.02
423.497	69.46
423.71	-190.63
423.922	-88.23
424.134	536.4
424.347	737.1
424.559	247.63
424.771	331.6
424.984	415.57
425.196	390.99
425.408	-252.07
425.621	-198.82
425.833	454.48
426.045	700.23
426.257	-286.89
426.47	-26.79
426.682	198.48
426.894	347.98
427.106	-174.25
427.318	44.88
427.531	249.68
427.743	325.46
427.955	20.31
428.167	704.33
428.379	231.25
428.591	243.54
428.804	104.28
429.016	-141.48
429.228	307.02
429.44	485.2
429.652	13809.28
429.864	-299.17
430.076	272.21
430.288	440.14
430.5	61.27
430.712	116.56
430.924	413.52
431.136	538.45
431.348	-202.92
431.56	-170.15
431.772	206.67
431.984	180.05
432.196	-247.97
432.408	-161.96
432.62	296.78
432.832	573.26
433.044	343.89
433.256	18.26
433.468	487.25
433.679	110.42
433.891	-207.02
434.103	307.02
434.315	724.81
434.527	503.63
434.739	89.94
434.95	-16.55
435.162	407.38
435.374	83.8
435.586	48.98
435.798	-34.99
436.009	214.87
436.221	315.22
436.433	20.31
436.645	-6.31
436.856	276.31
437.068	728.91
437.28	-178.34
437.491	282.45
437.703	575.31
437.915	444.24
438.126	-133.29
438.338	413.52
438.55	282.45
438.761	315.22
438.973	-0.17
439.184	44.88
439.396	384.85
439.608	384.85
439.819	-92.33
440.031	34.64
440.242	573.26
440.454	507.73
440.665	67.41
440.877	114.52
441.088	628.56
441.3	481.1
441.511	-268.45
441.723	-92.33
441.934	849.74
442.146	595.79
442.357	149.33
442.569	509.77
442.78	591.69
442.991	1066.82
443.203	462.67
443.414	-41.13
443.626	925.51
443.837	364.37
444.048	-16.55
444.26	-157.86
444.471	669.52
444.682	530.25
444.894	-28.84
445.105	-114.86
445.316	681.8
445.528	597.84
445.739	155.47
445.95	91.99
446.161	417.61
446.373	505.68
446.584	137.04
446.795	85.84
447.006	821.06
447.217	726.86
447.429	-143.53
447.64	-59.56
447.851	1349.44
448.062	700.23
448.273	-204.97
448.484	36.69
448.695	569.16
448.907	749.39
449.118	116.56
449.329	405.33
449.54	352.08
449.751	440.14
449.962	46.93
450.173	-28.84
450.384	677.71
450.595	896.84
450.806	30.55
451.017	106.32
451.228	902.98
451.439	681.8
451.65	216.91
451.861	-282.79
452.072	481.1
452.283	522.06
452.494	399.18
452.705	106.32
452.915	1118.02
453.126	528.21
453.337	321.36
453.548	-30.89
453.759	978.76
453.97	847.69
454.181	753.48
454.391	141.14
454.602	642.89
454.813	941.89
455.024	126.8
455.235	77.65
455.445	808.78
455.656	644.94
455.867	491.34
456.078	198.48
456.288	448.33
456.499	845.64
456.71	-4.27
456.921	544.59
457.131	597.84
457.342	542.54
457.553	112.47
457.763	249.68
457.974	569.16
458.184	827.21
458.395	32.6
458.606	-39.08
458.816	980.81
459.027	986.95
459.237	438.09
459.448	30.55
459.659	761.67
459.869	1679.16
460.08	-69.8
460.29	388.94
460.501	1095.49
460.711	702.28
460.922	-141.48
461.132	178
461.343	1445.7
461.553	393.04
461.764	42.84
461.974	266.07
462.184	986.95
462.395	931.66
462.605	331.6
462.816	79.7
463.026	886.6
463.236	909.13
463.447	55.12
463.657	292.69
463.867	962.37
464.078	712.52
464.288	247.63
464.498	237.39
464.709	882.5
464.919	905.03
465.129	364.37
465.339	98.13
465.55	792.39
465.76	1050.44
465.97	296.78
466.18	397.14
466.391	991.05
466.601	1036.1
466.811	409.42
467.021	114.52
467.231	999.24
467.441	1079.11
467.651	345.94
467.862	-41.13
468.072	806.73
468.282	896.84
468.492	196.43
468.702	585.55
468.912	839.5
469.122	1742.65
469.332	870.22
469.542	235.35
469.752	1216.32
469.962	900.94
470.172	372.56
470.382	378.7
470.592	1273.67
470.802	1152.84
471.012	663.37
471.222	427.85
471.432	1023.81
471.642	1097.54
471.852	735.05
472.062	401.23
472.272	1081.16
472.482	892.74
472.691	477.01
472.901	366.42
473.111	800.59
473.321	1679.16
473.531	552.78
473.741	911.18
473.95	1208.13
474.16	1249.09
474.37	833.35
474.58	397.14
474.79	1773.37
474.999	1173.32
475.209	544.59
475.419	718.67
475.628	1156.93
475.838	1642.3
476.048	859.98
476.258	526.16
476.467	1470.27
476.677	1093.44
476.886	1029.96
477.096	769.87
477.306	1265.47
477.515	1390.4
477.725	964.42
477.935	956.23
478.144	2021.17
478.354	1232.71
478.563	927.56
478.773	735.05
478.982	1656.64
479.192	1539.9
479.401	999.24
479.611	749.39
479.82	1111.88
480.03	1519.42
480.239	796.49
480.449	769.87
480.658	1673.02
480.868	1558.33
481.077	1126.21
481.287	986.95
481.496	1488.7
481.705	1666.88
481.915	1382.21
482.124	1445.7
482.333	1656.64
482.543	2125.62
482.752	1314.63
482.961	1003.33
483.171	1756.99
483.38	1433.41
483.589	1290.05
483.799	993.09
484.008	1552.19
484.217	1589.05
484.426	1318.72
484.636	964.42
484.845	1720.12
485.054	1408.83
485.263	1701.69
485.472	1142.6
485.682	1843
485.891	1797.95
486.1	984.9
486.309	1187.65
486.518	2133.81
486.727	2778.92
486.936	1169.22
487.146	1623.87
487.355	2144.05
487.564	1863.48
487.773	1500.99
487.982	1277.76
488.191	1879.86
488.4	2166.58
488.609	1410.88
488.818	1343.3
489.027	2311.99
489.236	2189.11
489.445	1384.26
489.654	1165.12
489.863	2301.75
490.072	1929.02
490.281	2113.33
490.49	1558.33
490.698	2246.45
490.907	2729.77
491.116	1576.77
491.325	1632.06
491.534	2371.38
491.743	1974.07
491.952	1728.31
492.16	1761.08
492.369	2434.86
492.578	2553.65
492.787	1716.03
492.996	1380.16
493.204	1918.78
493.413	2518.83
493.622	1455.94
493.831	1384.26
494.039	2807.59
494.248	2094.9
494.457	1697.6
494.665	1410.88
494.874	2416.43
495.083	2903.85
495.291	1740.6
495.5	1619.77
495.709	2441.01
495.917	2252.59
496.126	1953.59
496.335	1646.4
496.543	2318.13
496.752	2342.71
496.96	2264.88
497.169	1666.88
497.377	2234.16
497.586	2541.36
497.794	1988.41
498.003	1568.57
498.211	2506.54
498.42	2594.61
498.628	1857.34
498.837	1845.05
499.045	2453.3
499.254	2367.28
499.462	2053.94
499.671	1765.18
499.879	3475.23
500.087	2785.07
500.296	1795.9
500.504	1906.49
500.713	2494.26
500.921	2977.58
501.129	1918.78
501.338	1789.75
501.546	2529.07
501.754	2420.53
501.962	1965.88
502.171	1761.08
502.379	2617.13
502.587	2869.03
502.795	2109.24
503.004	2012.98
503.212	2848.55
503.42	2731.82
503.628	2027.32
503.837	2287.41
504.045	2615.09
504.253	3354.4
504.461	2019.13
504.669	2045.75
504.877	3213.09
505.085	2932.52
505.294	1914.68
505.502	2574.13
505.71	3217.19
505.918	2701.1
506.126	1963.83
506.334	2107.19
506.542	2946.86
506.75	2762.54
506.958	2668.33
507.166	2225.97
507.374	2533.17
507.582	3086.12
507.79	2422.58
507.998	2178.87
508.206	3215.14
508.414	3026.73
508.622	2137.91
508.83	2338.61
509.037	3014.44
509.245	2613.04
509.453	2338.61
509.661	2152.24
509.869	3067.69
510.077	2567.98
510.285	2610.99
510.492	1922.87
510.7	3346.21
510.908	2809.64
511.116	2496.3
511.324	2281.27
511.531	2791.21
511.739	3059.49
511.947	2656.04
512.155	2844.46
512.362	3010.34
512.57	2590.51
512.778	2195.25
512.985	2150.2
513.193	3024.68
513.401	3282.72
513.608	2447.15
513.816	2357.04
514.024	3127.08
514.231	3235.62
514.439	2512.69
514.646	2516.78
514.854	3417.89
515.061	3301.15
515.269	2592.56
515.477	2557.74
515.684	3065.64
515.892	3335.97
516.099	2357.04
516.307	2385.71
516.514	3354.4
516.722	3536.67
516.929	2459.44
517.136	2635.57
517.344	3381.03
517.551	3403.55
517.759	2477.87
517.966	2678.57
518.173	3104.55
518.381	3243.81
518.588	2674.48
518.796	2477.87
519.003	3579.68
519.21	3479.33
519.418	2686.76
519.625	3075.88
519.832	3288.87
520.039	3487.52
520.247	2502.45
520.454	2823.98
520.661	3346.21
520.868	3464.99
521.076	2793.26
521.283	2733.87
521.49	3854.11
521.697	3391.27
521.904	2719.53
522.112	2856.75
522.319	3706.65
522.526	3434.27
522.733	2631.47
522.94	2692.91
523.147	3323.68
523.354	3239.72
523.561	2709.29
523.768	3061.54
523.975	3706.65
524.183	3551.01
524.39	3155.75
524.597	2641.71
524.804	3389.22
525.011	3305.25
525.218	2785.07
525.425	2760.49
525.632	3852.06
525.838	3260.2
526.045	2862.89
526.252	3022.63
526.459	5019.4
526.666	5287.68
526.873	2959.14
527.08	2936.62
527.287	3809.05
527.494	3723.04
527.701	2819.88
527.907	2815.79
528.114	3761.95
528.321	3561.25
528.528	2987.82
528.735	2811.69
528.941	3370.79
529.148	3239.72
529.355	3223.33
529.562	3008.3
529.768	4407.06
529.975	3518.24
530.182	3112.74
530.388	2985.77
530.595	3782.43
530.802	3256.1
531.008	3493.66
531.215	3288.87
531.422	4693.77
531.628	4429.59
531.835	3249.96
532.042	3266.34
532.248	3628.83
532.455	3933.98
532.661	3176.23
532.868	3022.63
533.074	3905.31
533.281	4167.45
533.487	3229.48
533.694	3176.23
533.9	3639.07
534.107	3725.08
534.313	3116.84
534.52	2912.04
534.726	3757.85
534.933	4349.71
535.139	3125.03
535.345	3180.32
535.552	4343.57
535.758	4210.45
535.965	3383.07
536.171	3295.01
536.377	4026.14
536.584	4486.93
536.79	3194.66
536.996	3657.5
537.203	4300.56
537.409	4574.99
537.615	3393.31
537.821	3596.06
538.028	4558.61
538.234	4259.6
538.44	3510.05
538.646	3464.99
538.853	3880.73
539.059	3927.83
539.265	4042.52
539.471	3301.15
539.677	4214.55
539.883	4118.29
540.09	5328.64
540.296	4189.97
540.502	4151.06
540.708	4060.95
540.914	3923.74
541.12	3510.05
541.326	4370.19
541.532	4239.12
541.738	3886.87
541.944	3671.84
542.15	4478.74
542.356	4060.95
542.562	3430.18
542.768	3634.97
542.974	4597.52
543.18	4425.49
543.386	3708.7
543.592	3401.51
543.798	5019.4
544.004	4574.99
544.21	3669.79
544.415	3704.6
544.621	4435.73
544.827	5099.27
545.033	3688.22
545.239	4130.58
545.445	4337.43
545.651	4558.61
545.856	3850.01
546.062	3645.21
546.268	4376.34
546.474	4507.41
546.679	3802.91
546.885	3757.85
547.091	4341.52
547.297	4996.87
547.502	3948.31
547.708	3540.77
547.914	4386.58
548.119	4796.17
548.325	3737.37
548.531	3557.15
548.736	5213.96
548.942	4333.33
549.147	3770.14
549.353	4136.73
549.559	4704.01
549.764	4757.26
549.97	3702.56
550.175	3866.39
550.381	4742.92
550.586	4308.76
550.792	4034.33
550.997	3960.6
551.203	4755.21
551.408	4699.92
551.614	3692.32
551.819	3997.46
552.025	5113.61
552.23	4755.21
552.435	3936.03
552.641	4214.55
552.846	4480.78
553.052	5183.24
553.257	4319
553.462	4019.99
553.668	4468.5
553.873	4779.79
554.078	4034.33
554.283	3999.51
554.489	4695.82
554.694	4566.8
554.899	3862.3
555.105	4339.48
555.31	5025.54
555.515	4980.49
555.72	4294.42
555.925	5355.27
556.131	5068.55
556.336	4820.75
556.541	4161.3
556.746	4077.34
556.951	5201.67
557.156	4988.68
557.361	4278.04
557.567	4441.87
557.772	5048.07
557.977	5033.74
558.182	4314.9
558.387	4273.94
558.592	4816.65
558.797	5521.15
559.002	4247.32
559.207	4560.66
559.412	5058.31
559.617	5379.84
559.822	4445.97
560.027	4089.62
560.232	4767.5
560.437	4878.09
560.642	4179.73
560.847	4296.47
561.051	4687.63
561.256	4980.49
561.461	4247.32
561.666	4054.81
561.871	4681.49
562.076	5193.48
562.281	4331.28
562.485	4099.86
562.69	5101.32
562.895	4888.33
563.1	4362
563.305	4222.74
563.509	5259.01
563.714	5435.14
563.919	4341.52
564.123	4421.39
564.328	4904.71
564.533	5455.62
564.737	4595.47
564.942	4331.28
565.147	5263.11
565.351	5259.01
565.556	4517.65
565.761	4589.33
565.965	5183.24
566.17	4925.19
566.374	4462.35
566.579	4353.81
566.784	5193.48
566.988	5080.84
567.193	4214.55
567.397	4738.83
567.602	4945.67
567.806	5025.54
568.011	4546.32
568.215	4443.92
568.42	4955.91
568.624	5142.28
568.828	4478.74
569.033	4718.35
569.237	5465.86
569.442	5224.2
569.646	4415.25
569.85	4519.7
570.055	5142.28
570.259	5236.49
570.463	4968.2
570.668	4607.76
570.872	5099.27
571.076	5144.33
571.281	4542.22
571.485	4675.34
571.689	5394.18
571.893	5342.98
572.098	4720.4
572.302	4523.79
572.506	5400.32
572.71	5242.63
572.914	4550.42
573.119	4429.59
573.323	5578.5
573.527	5613.31
573.731	4728.59
573.935	4507.41
574.139	5193.48
574.343	5197.57
574.547	4808.46
574.751	4732.69
574.955	5478.15
575.159	5527.3
575.364	4757.26
575.568	4742.92
575.772	5410.56
575.976	5330.69
576.18	4572.94
576.383	4667.15
576.587	5701.37
576.791	5363.46
576.995	4501.26
577.199	4661.01
577.403	5277.44
577.607	5504.77
577.811	4671.25
578.015	4892.43
578.219	5558.02
578.422	5574.4
578.626	4904.71
578.83	5332.74
579.034	5723.9
579.238	5584.64
579.442	4765.45
579.645	5494.53
579.849	5404.42
580.053	5691.13
580.257	5060.36
580.46	5072.65
580.664	5723.9
580.868	5607.17
581.071	5252.87
581.275	5095.18
581.479	5349.12
581.682	5959.42
581.886	4957.96
582.09	5265.16
582.293	5795.58
582.497	5664.51
582.7	5336.84
582.904	4865.8
583.107	5648.13
583.311	5418.75
583.515	5050.12
583.718	5056.26
583.922	5816.06
584.125	6463.22
584.329	5220.1
584.532	5205.77
584.735	6029.05
584.939	5455.62
585.142	4747.02
585.346	4751.12
585.549	5738.24
585.753	5730.05
585.956	5076.74
586.159	5408.51
586.363	5969.66
586.566	5779.2
586.769	5066.5
586.973	4843.28
587.176	5748.48
587.379	5803.77
587.582	5400.32
587.786	5529.34
587.989	5885.69
588.192	6817.52
588.395	5287.68
588.599	5754.62
588.802	5783.29
589.005	6045.43
589.208	5222.15
589.411	5250.82
589.615	5928.7
589.818	6143.74
590.021	5693.18
590.224	5439.23
590.427	6258.42
590.63	6137.59
590.833	5050.12
591.036	5306.12
591.239	5844.73
591.442	5832.44
591.645	5764.86
591.848	5420.8
592.051	6063.86
592.254	6063.86
592.457	5584.64
592.66	5545.73
592.863	5983.99
593.066	6278.9
593.269	5449.47
593.472	5392.13
593.675	5777.15
593.878	5947.13
594.081	5465.86
594.284	5220.1
594.486	6090.49
594.689	6170.36
594.892	5623.55
595.095	5572.35
595.298	6358.77
595.5	5846.78
595.703	5646.08
595.906	5697.28
596.109	6121.21
596.311	6053.62
596.514	5336.84
596.717	5601.02
596.92	6362.87
597.122	6260.47
597.325	5199.62
597.528	5701.37
597.73	6565.62
597.933	6495.99
598.136	5510.91
598.338	5261.06
598.541	6696.69
598.743	6362.87
598.946	5547.78
599.148	5566.21
599.351	6256.37
599.554	6258.42
599.756	5590.78
599.959	5721.85
600.161	6311.67
600.363	6823.66
600.566	6065.91
600.768	5543.68
600.971	6579.95
601.173	6319.86
601.376	5697.28
601.578	5605.12
601.78	6272.76
601.983	7014.12
602.185	5605.12
602.388	6223.61
602.59	6352.63
602.792	6295.29
602.995	5916.41
603.197	5777.15
603.399	6162.17
603.601	6602.48
603.804	5680.89
604.006	5814.01
604.208	6119.16
604.41	5936.89
604.613	6135.54
604.815	5762.81
605.017	6729.45
605.219	6072.06
605.421	6751.98
605.623	5908.22
605.826	6573.81
606.028	7278.31
606.23	5826.3
606.432	5750.53
606.634	6725.36
606.836	6663.92
607.038	5705.47
607.24	6192.89
607.442	6551.28
607.644	6500.08
607.846	5959.42
608.048	5609.22
608.25	6807.28
608.452	6192.89
608.654	6084.34
608.856	5551.87
609.058	6366.96
609.26	6831.85
609.462	6016.76
609.664	6051.58
609.866	6788.85
610.067	6616.82
610.269	6151.93
610.471	5889.79
610.673	6506.23
610.875	6555.38
611.077	5893.88
611.278	5959.42
611.48	6491.89
611.682	6835.95
611.884	5957.37
612.085	5908.22
612.287	6393.59
612.489	6428.4
612.69	5773.05
612.892	5996.28
613.094	6973.16
613.295	6582
613.497	5654.27
613.699	5949.18
613.9	6655.73
614.102	6696.69
614.304	5971.71
614.505	5975.8
614.707	6395.64
614.908	6713.07
615.11	5703.42
615.311	6051.58
615.513	6563.57
615.714	6600.43
615.916	5844.73
616.117	6215.41
616.319	6788.85
616.52	6754.03
616.722	6063.86
616.923	5934.84
617.124	6829.81
617.326	6848.24
617.527	6045.43
617.729	6344.44
617.93	6842.09
618.131	6821.61
618.333	5930.75
618.534	6225.65
618.735	6631.15
618.937	6803.18
619.138	6018.81
619.339	5906.17
619.54	6723.31
619.742	6405.88
619.943	6287.09
620.144	6070.01
620.345	7034.6
620.546	6594.29
620.748	6100.73
620.949	6274.81
621.15	6772.46
621.351	6649.58
621.552	5994.23
621.753	5801.72
621.954	6467.31
622.155	6956.78
622.356	5936.89
622.558	6303.48
622.759	6772.46
622.96	7096.04
623.161	6209.27
623.362	5836.54
623.563	6758.13
623.764	6821.61
623.965	6014.71
624.166	6313.72
624.366	6457.07
624.567	6868.72
624.768	5918.46
624.969	6156.02
625.17	6469.36
625.371	6729.45
625.572	6340.34
625.773	6162.17
625.973	6883.05
626.174	6881
626.375	5988.09
626.576	6299.38
626.777	6856.43
626.977	7110.38
627.178	6407.92
627.379	6260.47
627.58	6635.25
627.78	6653.68
627.981	6057.72
628.182	6440.69
628.382	6838
628.583	6491.89
628.784	5889.79
628.984	6313.72
629.185	6831.85
629.386	7001.83
629.586	6205.17
629.787	6102.78
629.987	6835.95
630.188	7003.88
630.388	6184.69
630.589	6547.19
630.79	7425.76
630.99	6729.45
631.191	6403.83
631.391	6532.85
631.591	6786.8
631.792	6930.16
631.992	6538.99
632.193	6340.34
632.393	7177.96
632.594	6586.1
632.794	6055.67
632.994	6608.62
633.195	6670.06
633.395	6385.4
633.595	6133.5
633.796	6498.03
633.996	6862.57
634.196	7034.6
634.397	6108.92
634.597	6319.86
634.797	6688.5
634.997	7276.26
635.198	6745.84
635.398	6127.35
635.598	6979.31
635.798	6772.46
635.998	6749.93
636.199	6164.22
636.399	6516.47
636.599	6696.69
636.799	6307.57
636.999	6569.71
637.199	6878.96
637.399	7206.63
637.599	6092.54
637.799	6436.6
637.999	6993.64
638.199	7034.6
638.399	6514.42
638.599	6297.33
638.799	7010.03
638.999	7278.31
639.199	6649.58
639.399	6668.02
639.599	7239.4
639.799	6676.21
639.999	6305.53
640.199	6307.57
640.399	6747.89
640.599	7163.62
640.799	6674.16
640.998	6668.02
641.198	6913.77
641.398	6962.92
641.598	6586.1
641.798	6350.58
641.997	8058.59
642.197	6809.33
642.397	6745.84
642.597	6436.6
642.796	6948.59
642.996	6987.5
643.196	6700.78
643.395	6373.11
643.595	6901.48
643.795	6760.17
643.994	6432.5
644.194	6645.49
644.394	7603.94
644.593	7337.7
644.793	6278.9
644.992	6631.15
645.192	7184.1
645.392	6639.34
645.591	6887.15
645.791	6629.1
645.99	7343.85
646.19	6876.91
646.389	6635.25
646.589	6510.32
646.788	6991.59
646.987	7073.51
647.187	6950.64
647.386	6723.31
647.586	7001.83
647.785	7493.35
647.984	6334.2
648.184	7032.55
648.383	7007.98
648.582	6805.23
648.782	6452.98
648.981	6672.11
649.18	6991.59
649.38	6926.06
649.579	6520.56
649.778	6428.4
649.977	7257.83
650.177	7200.49
650.376	6608.62
650.575	6614.77
650.774	7393
650.973	6993.64
651.173	6289.14
651.372	6639.34
651.571	7073.51
651.77	7370.47
651.969	6493.94
652.168	6676.21
652.367	6751.98
652.566	7087.85
652.765	6706.93
652.964	7294.69
653.163	7491.3
653.362	6967.02
653.561	6674.16
653.76	6620.91
653.959	7001.83
654.158	7423.72
654.357	6967.02
654.556	6485.75
654.755	7339.75
654.954	7321.32
655.153	6739.69
655.352	7010.03
655.551	7335.65
655.749	7288.55
655.948	6840.04
656.147	6700.78
656.346	7010.03
656.545	7294.69
656.743	6860.52
656.942	7010.03
657.141	7427.81
657.34	7093.99
657.538	6737.65
657.737	6876.91
657.936	7436
658.135	6909.68
658.333	6575.86
658.532	6995.69
658.731	7663.33
658.929	7468.77
659.128	7360.23
659.326	6708.97
659.525	7632.61
659.724	7337.7
659.922	6534.9
660.121	6541.04
660.319	7079.66
660.518	7128.81
660.716	6850.28
660.915	6612.72
661.113	7575.27
661.312	7114.47
661.51	6962.92
661.709	6622.96
661.907	7325.41
662.105	7366.37
662.304	6682.35
662.502	6835.95
662.701	7479.01
662.899	7102.18
663.097	7347.94
663.296	6788.85
663.494	7505.63
663.692	7706.34
663.891	6637.3
664.089	6698.74
664.287	7466.72
664.485	7393
664.684	6745.84
664.882	6907.63
665.08	7259.88
665.278	7126.76
665.476	6604.53
665.675	7016.17
665.873	7581.41
666.071	7444.2
666.269	6555.38
666.467	7466.72
666.665	7421.67
666.863	7321.32
667.061	7198.44
667.259	6913.77
667.457	7261.93
667.655	7241.45
667.853	6567.67
668.051	7216.87
668.249	6975.21
668.447	7487.2
668.645	6645.49
668.843	7169.77
669.041	7274.21
669.239	7163.62
669.437	7065.32
669.635	7128.81
669.833	7302.89
670.031	7403.24
670.229	6991.59
670.426	7012.07
670.624	7335.65
670.822	7055.08
671.02	6835.95
671.218	7089.9
671.415	7001.83
671.613	7319.27
671.811	7194.34
672.009	6821.61
672.206	7454.44
672.404	7155.43
672.602	7206.63
672.799	7096.04
672.997	7560.93
673.195	7507.68
673.392	7190.25
673.59	6678.26
673.788	7483.11
673.985	6745.84
674.183	6958.83
674.38	7005.93
674.578	7585.51
674.775	7132.9
674.973	6764.27
675.17	6674.16
675.368	7444.2
675.565	7216.87
675.763	6917.87
675.96	6876.91
676.158	7274.21
676.355	7163.62
676.553	6803.18
676.75	6930.16
676.947	7247.59
677.145	7339.75
677.342	6936.3
677.539	7079.66
677.737	7409.38
677.934	7640.8
678.131	7079.66
678.329	6715.12
678.526	8023.77
678.723	7306.98
678.92	7063.27
679.118	7112.42
679.315	7036.65
679.512	7513.83
679.709	6864.62
679.906	6932.2
680.104	7274.21
680.301	6981.35
680.498	6592.24
680.695	6684.4
680.892	7106.28
681.089	7173.86
681.286	6924.01
681.483	6338.29
681.68	7073.51
681.877	7223.02
682.075	6852.33
682.272	7040.75
682.469	7124.71
682.665	7157.48
682.862	6471.41
683.059	6536.95
683.256	7032.55
683.453	7352.04
683.65	6895.34
683.847	6840.04
684.044	7339.75
684.241	6973.16
684.438	7026.41
684.635	6440.69
684.831	7773.92
685.028	7569.12
685.225	6481.65
685.422	7177.96
685.619	7085.8
685.815	6981.35
686.012	6866.67
686.209	6805.23
686.405	6934.25
686.602	7116.52
686.799	6563.57
686.996	6678.26
687.192	6891.24
687.389	7675.62
687.586	6457.07
687.782	6665.97
687.979	7593.7
688.175	7175.91
688.372	6534.9
688.568	6745.84
688.765	7130.86
688.962	7319.27
689.158	6567.67
689.355	6328.05
689.551	7118.57
689.748	7091.95
689.944	6831.85
690.14	6575.86
690.337	7124.71
690.533	7276.26
690.73	6764.27
690.926	6616.82
691.123	6962.92
691.319	7048.94
691.515	6377.2
691.712	6856.43
691.908	7042.79
692.104	6868.72
692.301	6747.89
692.497	6420.21
692.693	7186.15
692.889	6948.59
693.086	6919.92
693.282	6389.49
693.478	7001.83
693.674	7362.28
693.87	6680.3
694.067	6459.12
694.263	7149.29
694.459	7182.06
694.655	7102.18
694.851	6659.82
695.047	7132.9
695.243	7098.09
695.439	6553.33
695.635	6354.68
695.831	6981.35
696.027	6864.62
696.224	6360.82
696.42	6924.01
696.615	7337.7
696.811	7180.01
697.007	6346.48
697.203	6450.93
697.399	7124.71
697.595	7212.78
697.791	6536.95
697.987	6528.75
698.183	6739.69
698.379	6870.76
698.575	6516.47
698.77	6506.23
698.966	7034.6
699.162	7161.58
699.358	6493.94
699.554	6758.13
699.749	7214.82
699.945	7143.14
700.141	6788.85
700.337	6788.85
700.532	6698.74
700.728	6801.13
700.924	6369.01
701.119	6151.93
701.315	6936.3
701.511	6899.44
701.706	6698.74
701.902	6221.56
702.097	7190.25
702.293	7063.27
702.489	6516.47
702.684	6371.06
702.88	7225.06
703.075	6606.58
703.271	6455.03
703.466	6207.22
703.662	6577.9
703.857	6876.91
704.053	6577.9
704.248	6526.71
704.443	7157.48
704.639	6993.64
704.834	6663.92
705.03	6493.94
705.225	6829.81
705.42	7022.31
705.616	6823.66
705.811	6401.78
706.006	6815.47
706.202	6676.21
706.397	6549.23
706.592	6311.67
706.787	7081.71
706.983	6582
707.178	6803.18
707.373	6485.75
707.568	6889.2
707.763	6919.92
707.959	6139.64
708.154	6432.5
708.349	6627.06
708.544	7100.14
708.739	6526.71
708.934	6256.37
709.129	7202.54
709.324	7184.1
709.519	6391.54
709.714	6184.69
709.909	6889.2
710.104	7134.95
710.299	6330.1
710.494	6332.15
710.689	7130.86
710.884	6823.66
711.079	6426.36
711.274	6643.44
711.469	7081.71
711.664	7036.65
711.859	6401.78
712.054	6442.74
712.249	7032.55
712.443	6852.33
712.638	6213.37
712.833	6227.7
713.028	6745.84
713.223	6749.93
713.417	6729.45
713.612	6342.39
713.807	7032.55
714.002	7556.83
714.196	6672.11
714.391	6113.02
714.586	6899.44
714.78	7034.6
714.975	6209.27
715.17	6225.65
715.364	6643.44
715.559	6985.45
715.754	5803.77
715.948	5971.71
716.143	7315.17
716.337	6952.68
716.532	6809.33
716.726	6389.49
716.921	6905.58
717.115	6958.83
717.31	6018.81
717.504	7479.01
717.699	6665.97
717.893	6919.92
718.088	6131.45
718.282	6082.3
718.476	6596.34
718.671	6831.85
718.865	6049.53
719.059	6196.98
719.254	6315.76
719.448	7016.17
719.642	8945.36
719.837	6006.52
720.031	8476.37
720.225	6577.9
720.419	6094.58
720.614	5971.71
720.808	6588.14
721.002	6584.05
721.196	6225.65
721.39	6076.15
721.585	6754.03
721.779	6862.57
721.973	6242.04
722.167	5895.93
722.361	6498.03
722.555	6872.81
722.749	6176.5
722.943	6133.5
723.137	6246.13
723.331	6465.27
723.525	5883.64
723.719	6110.97
723.913	6641.39
724.107	6870.76
724.301	5889.79
724.495	5975.8
724.689	7157.48
724.883	6524.66
725.077	6043.39
725.271	5975.8
725.465	6610.67
725.659	6283
725.853	6237.94
726.046	5738.24
726.24	6295.29
726.434	6813.42
726.628	5986.04
726.822	6051.58
727.015	6608.62
727.209	6932.2
727.403	6065.91
727.596	5742.33
727.79	6506.23
727.984	6782.7
728.177	6074.1
728.371	6123.26
728.565	6614.77
728.758	6436.6
728.952	6108.92
729.146	5928.7
729.339	6739.69
729.533	6526.71
729.726	6002.43
729.92	5938.94
730.113	6641.39
730.307	6590.19
730.5	6225.65
730.694	5883.64
730.887	6360.82
731.081	6549.23
731.274	5758.72
731.468	6043.39
731.661	6199.03
731.854	6264.57
732.048	5777.15
732.241	5959.42
732.435	6225.65
732.628	6190.84
732.821	6158.07
733.014	5916.41
733.208	6057.72
733.401	6348.53
733.594	5930.75
733.788	5887.74
733.981	6461.17
734.174	6551.28
734.367	5803.77
734.56	6182.65
734.754	6647.54
734.947	6321.91
735.14	5799.68
735.333	5934.84
735.526	7018.22
735.719	6303.48
735.912	5822.2
736.105	5934.84
736.298	6467.31
736.491	6405.88
736.684	5852.92
736.877	6070.01
737.07	6801.13
737.263	7071.47
737.456	6082.3
737.649	5797.63
737.842	6483.7
738.035	6629.1
738.228	6057.72
738.421	6201.08
738.614	6756.08
738.807	6438.64
739	5680.89
739.192	5869.31
739.385	6510.32
739.578	6622.96
739.771	6280.95
739.964	5922.55
740.156	6702.83
740.349	6385.4
740.542	6106.87
740.735	5650.18
740.927	6102.78
741.12	6272.76
741.313	5750.53
741.505	6168.31
741.698	6512.37
741.891	6459.12
742.083	6192.89
742.276	5760.77
742.468	6588.14
742.661	6334.2
742.854	6102.78
743.046	5873.4
743.239	6534.9
743.431	6528.75
743.624	5832.44
743.816	5510.91
744.009	6336.24
744.201	6237.94
744.393	6092.54
744.586	5603.07
744.778	6389.49
744.971	6432.5
745.163	5859.07
745.355	6149.88
745.548	6254.33
745.74	6504.18
745.932	5840.64
746.125	5836.54
746.317	6815.47
746.509	6440.69
746.702	6027
746.894	5900.03
747.086	6612.72
747.278	6465.27
747.471	6133.5
747.663	6027
747.855	6653.68
748.047	6643.44
748.239	5791.48
748.431	5857.02
748.623	6627.06
748.815	6369.01
749.008	5633.79
749.2	5938.94
749.392	6375.16
749.584	6541.04
749.776	5873.4
749.968	6096.63
750.16	6532.85
750.352	6108.92
750.544	5943.03
750.736	5891.84
750.928	6346.48
751.12	6455.03
751.311	6016.76
751.503	5951.23
751.695	6127.35
751.887	6336.24
752.079	5648.13
752.271	5895.93
752.463	6799.09
752.654	6334.2
752.846	5723.9
753.038	5701.37
753.23	6086.39
753.421	6211.32
753.613	5752.57
753.805	6061.82
753.997	6102.78
754.188	6450.93
754.38	5875.45
754.572	5687.04
754.763	6153.98
754.955	6274.81
755.146	5916.41
755.338	5750.53
755.53	6477.55
755.721	6352.63
755.913	5445.38
756.104	5558.02
756.296	6113.02
756.487	6555.38
756.679	5619.46
756.87	5594.88
757.062	6164.22
757.253	6283
757.445	5590.78
757.636	5797.63
757.827	6190.84
758.019	6936.3
758.21	5324.55
758.401	5580.54
758.593	6643.44
758.784	6428.4
758.975	5531.39
759.167	5396.23
759.358	6153.98
759.549	6276.85
759.74	5461.76
759.932	5508.87
760.123	6061.82
760.314	6115.06
760.505	5795.58
760.696	5515.01
760.888	6244.09
761.079	6047.48
761.27	5623.55
761.461	5373.7
761.652	6199.03
761.843	5916.41
762.034	5750.53
762.225	6217.46
762.416	6029.05
762.607	5963.51
762.798	5519.11
762.989	5441.28
763.18	7268.07
763.371	6045.43
763.562	5342.98
763.753	5424.9
763.944	5887.74
764.135	5879.55
764.326	5779.2
764.517	5410.56
764.708	6080.25
764.899	6006.52
765.089	5148.42
765.28	5486.34
765.471	5713.66
765.662	6131.45
765.853	5572.35
766.043	5324.55
766.234	5977.85
766.425	6037.24
766.615	5484.29
766.806	5173
766.997	5965.56
767.187	5971.71
767.378	5263.11
767.569	5113.61
767.759	5824.25
767.95	5818.11
768.141	5369.6
768.331	5390.08
768.522	5762.81
768.712	6098.68
768.903	5369.6
769.093	5218.05
769.284	5762.81
769.474	5689.09
769.665	5017.35
769.855	4994.83
770.046	6119.16
770.236	5615.36
770.426	5373.7
770.617	5109.51
770.807	5625.6
770.998	6031.1
771.188	5416.71
771.378	5299.97
771.569	5949.18
771.759	5721.85
771.949	5164.81
772.139	4845.32
772.33	5863.16
772.52	5717.76
772.71	5043.98
772.9	4837.13
773.09	5721.85
773.281	6027
773.471	5129.99
773.661	5187.33
773.851	5562.11
774.041	5607.17
774.231	4849.42
774.421	5408.51
774.611	5785.34
774.802	5586.69
774.992	5115.66
775.182	4798.22
775.372	5807.87
775.562	5748.48
775.752	5097.22
775.942	5056.26
776.131	6067.96
776.321	5707.52
776.511	4759.31
776.701	4929.29
776.891	6084.34
777.081	5299.97
777.271	5125.9
777.461	4955.91
777.651	5574.4
777.84	5721.85
778.03	5029.64
778.22	4929.29
778.41	5560.06
778.599	5406.47
778.789	5033.74
778.979	4921.1
779.169	5445.38
779.358	5314.31
779.548	5402.37
779.738	4620.05
779.927	5435.14
780.117	5109.51
780.307	4878.09
780.496	4579.09
780.686	5465.86
780.875	6008.57
781.065	4781.84
781.254	4853.52
781.444	5400.32
781.633	5394.18
781.823	4656.91
782.012	4652.81
782.202	5414.66
782.391	5246.73
782.581	4675.34
782.77	5138.18
782.96	5617.41
783.149	5082.89
783.338	4765.45
783.528	4744.97
783.717	5500.67
783.906	5693.18
784.096	4855.56
784.285	4638.48
784.474	5179.14
784.663	5189.38
784.853	4734.73
785.042	4968.2
785.231	5451.52
785.42	5328.64
785.61	5097.22
785.799	4648.72
785.988	5592.83
786.177	5005.06
786.366	4779.79
786.555	5156.61
786.744	5414.66
786.933	5232.39
787.122	4421.39
787.312	4550.42
787.501	5148.42
787.69	5351.17
787.879	4701.97
788.068	4640.53
788.257	4878.09
788.445	5367.56
788.634	4656.91
788.823	4542.22
789.012	5539.58
789.201	5558.02
789.39	4804.36
789.579	4484.88
789.768	5285.64
789.957	5238.53
790.145	4546.32
790.334	4120.34
790.523	4753.16
790.712	4914.95
790.9	4654.86
791.089	4421.39
791.278	5213.96
791.467	5173
791.655	5220.1
791.844	5508.87
792.033	5084.94
792.221	5099.27
792.41	4509.46
792.599	4241.17
792.787	5189.38
792.976	5181.19
793.164	4437.78
793.353	4552.46
793.541	5357.32
793.73	5426.95
793.918	4476.69
794.107	4458.26
794.295	5082.89
794.484	5109.51
794.672	4615.95
794.861	4626.19
795.049	4966.15
795.238	5426.95
795.426	4239.12
795.614	4601.62
795.803	5119.75
795.991	5254.92
796.179	4411.15
796.368	4405.01
796.556	5197.57
796.744	4894.47
796.932	4255.51
797.121	4155.16
797.309	4994.83
797.497	5222.15
797.685	4362
797.874	4323.09
798.062	5000.97
798.25	5302.02
798.438	4314.9
798.626	4441.87
798.814	5152.52
799.002	5359.36
799.19	4595.47
799.378	4634.38
799.566	5095.18
799.755	5302.02
799.943	4626.19
800.131	4316.95
800.318	4783.88
800.506	5123.85
800.694	4230.93
800.882	4628.24
801.07	5271.3
801.258	5119.75
801.446	4398.87
801.634	4474.64
801.822	4812.56
802.01	4988.68
802.197	4331.28
802.385	4544.27
802.573	5144.33
802.761	5013.26
802.949	4425.49
803.136	4001.56
803.324	5207.81
803.512	4880.14
803.699	4439.83
803.887	4116.25
804.075	5048.07
804.262	4953.87
804.45	4278.04
804.638	4640.53
804.825	4665.1
805.013	4781.84
805.201	4411.15
805.388	4362
805.576	4972.3
805.763	5252.87
805.951	4286.23
806.138	4611.85
806.326	5189.38
806.513	4896.52
806.701	4380.43
806.888	4312.85
807.075	5125.9
807.263	5273.35
807.45	4396.82
807.638	4706.06
807.825	5310.21
808.012	5398.27
808.2	4687.63
808.387	4925.19
808.574	5170.95
808.761	5285.64
808.949	4357.91
809.136	4384.53
809.323	5111.56
809.51	5078.79
809.698	4929.29
809.885	4683.53
810.072	5418.75
810.259	5297.92
810.446	4687.63
810.633	4364.05
810.82	5105.42
811.008	5443.33
811.195	4673.29
811.382	4509.46
811.569	5265.16
811.756	4656.91
811.943	4587.28
812.13	4400.91
812.317	5199.62
812.504	4890.38
812.691	4599.57
812.878	4650.77
813.064	5424.9
813.251	5136.13
813.438	4413.2
813.625	4798.22
813.812	5060.36
813.999	5080.84
814.186	4607.76
814.372	4583.18
814.559	5289.73
814.746	5361.41
814.933	4345.62
815.12	4714.25
815.306	4951.82
815.493	4873.99
815.68	4347.67
815.866	4407.06
816.053	5199.62
816.24	5406.47
816.426	4503.31
816.613	4310.8
816.799	5017.35
816.986	5291.78
817.173	4644.62
817.359	4429.59
817.546	4992.78
817.732	4845.32
817.919	4140.82
818.105	4599.57
818.292	5115.66
818.478	5058.31
818.665	4726.54
818.851	4431.63
819.037	5820.16
819.224	5138.18
819.41	4288.28
819.597	4269.84
819.783	5789.44
819.969	5025.54
820.156	4335.38
820.342	4202.26
820.528	6346.48
820.714	4820.75
820.901	4685.58
821.087	4466.45
821.273	5138.18
821.459	4972.3
821.646	4243.22
821.832	4345.62
822.018	5267.2
822.204	5080.84
822.39	4407.06
822.576	4343.57
822.762	5082.89
822.948	5070.6
823.134	4675.34
823.32	4308.76
823.507	4704.01
823.693	5019.4
823.879	5072.65
824.065	4439.83
824.25	4933.39
824.436	4884.23
824.622	4179.73
824.808	4325.14
824.994	4816.65
825.18	4937.48
825.366	4165.4
825.552	4239.12
825.738	4937.48
825.923	5193.48
826.109	4808.46
826.295	4194.07
826.481	4814.6
826.667	4828.94
826.852	4738.83
827.038	4224.79
827.224	4988.68
827.409	4998.92
827.595	4028.18
827.781	4517.65
827.966	5222.15
828.152	5015.3
828.338	4398.87
828.523	3888.92
828.709	4769.55
828.894	4986.63
829.08	4085.53
829.266	4054.81
829.451	4767.5
829.637	5000.97
829.822	4437.78
830.008	4179.73
830.193	4830.99
830.378	5115.66
830.564	4167.45
830.749	3931.93
830.935	4796.17
831.12	4728.59
831.305	3925.79
831.491	4173.59
831.676	4284.18
831.861	4763.4
832.047	4101.91
832.232	3923.74
832.417	4851.47
832.602	4855.56
832.788	4095.77
832.973	4040.47
833.158	4661.01
833.343	4607.76
833.528	4390.67
833.714	4230.93
833.899	4552.46
834.084	5064.46
834.269	4370.19
834.454	4054.81
834.639	4818.7
834.824	4730.64
835.009	4302.61
835.194	4439.83
835.379	5086.98
835.564	5132.04
835.749	4470.55
835.934	3972.89
836.119	4919.05
836.304	4562.7
836.489	3931.93
836.674	4468.5
836.859	4562.7
837.044	5054.22
837.228	4022.04
837.413	3790.62
837.598	4669.2
837.783	4732.69
837.968	3968.79
838.152	3850.01
838.337	4005.66
838.522	4841.23
838.707	4835.08
838.891	4300.56
839.076	4626.19
839.261	4511.5
839.445	4169.49
839.63	3919.64
839.815	5093.13
839.999	4359.95
840.184	4009.75
840.368	3972.89
840.553	4681.49
840.737	4525.84
840.922	3655.45
841.106	3544.86
841.291	4237.08
841.475	4687.63
841.66	3940.12
841.844	3907.35
842.029	5076.74
842.213	4222.74
842.397	4017.94
842.582	3620.64
842.766	4495.12
842.951	4595.47
843.135	3866.39
843.319	3942.17
843.504	4628.24
843.688	5015.3
843.872	3495.71
844.056	3731.23
844.241	4505.36
844.425	4581.14
844.609	4044.57
844.793	3673.89
844.977	4509.46
845.161	4341.52
845.346	3510.05
845.53	3739.42
845.714	4392.72
845.898	4804.36
846.082	3442.46
846.266	3702.56
846.45	4239.12
846.634	4511.5
846.818	3727.13
847.002	3933.98
847.186	4433.68
847.37	4149.01
847.554	3497.76
847.738	4003.61
847.922	4388.63
848.106	4466.45
848.29	3516.19
848.473	3569.44
848.657	4210.45
848.841	4009.75
849.025	3462.94
849.209	3378.98
849.392	4251.41
849.576	4136.73
849.76	3391.27
849.944	3987.22
850.127	4638.48
850.311	4167.45
850.495	3508
850.678	3481.38
850.862	4345.62
851.046	4521.74
851.229	4142.87
851.413	3512.1
851.596	4595.47
851.78	3976.98
851.964	3833.63
852.147	3700.51
852.331	4808.46
852.514	4523.79
852.698	3596.06
852.881	3391.27
853.065	4138.77
853.248	4185.88
853.431	3772.19
853.615	3780.38
853.798	4785.93
853.982	4329.24
854.165	3804.96
854.348	3534.62
854.532	3870.49
854.715	3841.82
854.898	3575.58
855.081	3385.12
855.265	4751.12
855.448	4822.8
855.631	3360.55
855.814	3512.1
855.997	3979.03
856.181	4171.54
856.364	3551.01
856.547	3288.87
856.73	4189.97
856.913	4077.34
857.096	3254.05
857.279	3626.78
857.462	3940.12
857.645	4081.43
857.828	3716.89
858.011	3888.92
858.194	3870.49
858.377	4067.1
858.56	3301.15
858.743	3587.87
858.926	3931.93
859.109	3899.16
859.292	3415.84
859.475	3204.9
859.658	4155.16
859.841	4011.8
860.023	3282.72
860.206	3233.57
860.389	3856.15
860.572	3985.18
860.755	3487.52
860.937	3378.98
861.12	3864.35
861.303	3788.57
861.486	3432.22
861.668	3235.62
861.851	3614.49
862.034	4067.1
862.216	3680.03
862.399	3307.3
862.581	4116.25
862.764	4202.26
862.947	3268.39
863.129	3165.99
863.312	3436.32
863.494	4026.14
863.677	3987.22
863.859	3041.06
864.042	3960.6
864.224	3780.38
864.406	3610.4
864.589	2858.79
864.771	3766.04
864.954	3876.63
865.136	3282.72
865.318	2979.62
865.501	4267.8
865.683	3319.59
865.865	3135.27
866.048	3165.99
866.23	4060.95
866.412	3645.21
866.594	3118.89
866.777	3348.26
866.959	3622.69
867.141	3618.59
867.323	3688.22
867.505	3385.12
867.687	3673.89
867.869	3684.13
868.052	3120.93
868.234	3237.67
868.416	3729.18
868.598	3839.77
868.78	3272.48
868.962	2961.19
869.144	3878.68
869.326	3608.35
869.508	3082.02
869.69	3133.22
869.872	3448.61
870.054	4110.1
870.236	2852.65
870.417	2901.8
870.599	3391.27
870.781	4140.82
870.963	3317.54
871.145	2993.96
871.327	3542.82
871.508	3895.07
871.69	3127.08
871.872	3018.54
872.054	3407.65
872.235	3716.89
872.417	3184.42
872.599	2789.16
872.78	4282.13
872.962	3671.84
873.144	2840.36
873.325	3063.59
873.507	3919.64
873.689	3856.15
873.87	2942.76
874.052	3235.62
874.233	3528.48
874.415	4187.93
874.596	3268.39
874.778	3010.34
874.959	3739.42
875.141	4083.48
875.322	3161.89
875.503	2981.67
875.685	3735.32
875.866	3190.56
876.048	2922.28
876.229	2895.66
876.41	3555.1
876.592	3671.84
876.773	3178.28
876.954	2791.21
877.136	3850.01
877.317	3553.06
877.498	2817.83
877.679	3299.11
877.86	3567.39
878.042	3714.84
878.223	3032.87
878.404	3634.97
878.585	3790.62
878.766	5435.14
878.947	3368.74
879.128	3329.83
879.309	3643.17
879.49	4019.99
879.672	3114.79
879.853	3057.45
880.034	3530.53
880.215	3700.51
880.396	3317.54
880.576	3153.7
880.757	3669.79
880.938	4151.06
881.119	2926.38
881.3	3067.69
881.481	3669.79
881.662	4681.49
881.843	2887.47
882.023	3059.49
882.204	4042.52
882.385	3692.32
882.566	3110.69
882.747	3182.37
882.927	3657.5
883.108	3813.15
883.289	3034.92
883.469	3383.07
883.65	3612.45
883.831	3757.85
884.011	3397.41
884.192	3172.13
884.373	3862.3
884.553	3706.65
884.734	3395.36
884.914	3665.69
885.095	4921.1
885.275	3929.88
885.456	3514.14
885.636	3024.68
885.817	3764
885.997	3913.5
886.178	3192.61
886.358	3340.07
886.538	3780.38
886.719	5568.26
886.899	3055.4
887.08	3211.04
887.26	4036.38
887.44	3565.34
887.621	3110.69
887.801	3350.31
887.981	4245.27
888.161	4040.47
888.342	3295.01
888.522	3292.96
888.702	3960.6
888.882	4165.4
889.062	3419.94
889.242	3022.63
889.423	4132.63
889.603	3962.65
889.783	3446.56
889.963	3272.48
890.143	3956.5
890.323	4189.97
890.503	3333.92
890.683	3383.07
890.863	3741.47
891.043	3776.28
891.223	3411.75
891.403	3653.41
891.583	3895.07
891.763	4001.56
891.943	3512.1
892.122	3876.63
892.302	3837.72
892.482	3938.07
892.662	3573.53
892.842	3434.27
893.022	3856.15
893.201	3913.5
893.381	3428.13
893.561	3272.48
893.741	3993.37
893.92	3796.76
894.1	3522.34
894.28	3487.52
894.459	4097.81
894.639	3809.05
894.819	3321.63
894.998	3340.07
895.178	3946.27
895.357	3622.69
895.537	3159.85
895.716	3082.02
895.896	3641.12
896.075	4241.17
896.255	3165.99
896.434	2785.07
896.614	4202.26
896.793	3886.87
896.973	3446.56
897.152	3360.55
897.331	3616.54
897.511	3807
897.69	3018.54
897.87	3258.15
898.049	3694.36
898.228	3626.78
898.407	3335.97
898.587	3344.16
898.766	3477.28
898.945	3833.63
899.124	3712.8
899.304	3168.04
899.483	3620.64
899.662	4220.69
899.841	3086.12
900.02	3063.59
900.199	3702.56
900.378	3512.1
900.557	3055.4
900.737	3165.99
900.916	3401.51
901.095	3407.65
901.274	3364.64
901.453	2807.59
901.632	3366.69
901.811	3276.58
901.989	2862.89
902.168	2993.96
902.347	3675.93
902.526	3362.59
902.705	3028.78
902.884	3122.98
903.063	3850.01
903.242	3688.22
903.42	2938.66
903.599	3178.28
903.778	3540.77
903.957	3813.15
904.135	3229.48
904.314	2979.62
904.493	3329.83
904.672	3311.39
904.85	3145.51
905.029	2985.77
905.207	3297.06
905.386	3931.93
905.565	2588.46
905.743	2772.78
905.922	3469.09
906.1	3469.09
906.279	2426.67
906.457	2764.59
906.636	3223.33
906.814	3122.98
906.993	2740.01
907.171	2582.32
907.35	3319.59
907.528	3661.6
907.707	3161.89
907.885	2617.13
908.063	3374.88
908.242	2932.52
908.42	2666.28
908.598	2393.9
908.777	3272.48
908.955	2899.75
909.133	2842.41
909.311	2484.02
909.49	2893.61
909.668	2854.7
909.846	2467.63
910.024	2277.17
910.202	3069.73
910.38	3313.44
910.559	2438.96
910.737	2635.57
910.915	3055.4
911.093	3165.99
911.271	2705.2
911.449	2823.98
911.627	3217.19
911.805	3921.69
911.983	2666.28
912.161	2537.26
912.339	2961.19
912.517	3442.46
912.695	2873.13
912.872	2701.1
913.05	3243.81
913.228	3297.06
913.406	2660.14
913.584	2561.84
913.762	3440.42
913.939	3200.8
914.117	2496.3
914.295	2610.99
914.473	3147.56
914.65	3374.88
914.828	2705.2
915.006	2557.74
915.184	3051.3
915.361	3446.56
915.539	2965.29
915.716	3020.58
915.894	3272.48
916.072	3278.63
916.249	3223.33
916.427	2912.04
916.604	3118.89
916.782	3223.33
916.959	2563.89
917.137	2649.9
917.314	3286.82
917.492	3149.61
917.669	2918.18
917.847	2858.79
918.024	3147.56
918.201	2780.97
918.379	2725.68
918.556	2684.72
918.733	3125.03
918.911	2926.38
919.088	2934.57
919.265	2508.59
919.442	3247.91
919.62	3196.71
919.797	2586.41
919.974	2551.6
920.151	3348.26
920.328	3073.83
920.506	2608.94
920.683	3241.76
920.86	2922.28
921.037	3227.43
921.214	2654
921.391	2430.77
921.568	3088.17
921.745	2907.94
921.922	2682.67
922.099	2635.57
922.276	3079.97
922.453	2961.19
922.63	2395.95
922.807	2989.86
922.984	3102.5
923.161	2873.13
923.338	2766.64
923.514	2543.41
923.691	3192.61
923.868	3145.51
924.045	2621.23
924.222	2445.1
924.399	3028.78
924.575	3116.84
924.752	2613.04
924.929	2615.09
925.105	2846.51
925.282	2799.4
925.459	2545.45
925.635	2522.93
925.812	3055.4
925.989	2881.32
926.165	2627.37
926.342	2180.92
926.518	2920.23
926.695	2742.06
926.871	2238.26
927.048	2326.32
927.224	3229.48
927.401	2572.08
927.577	2510.64
927.754	2199.35
927.93	2938.66
928.107	3045.16
928.283	2281.27
928.459	2529.07
928.636	2905.9
928.812	2744.11
928.988	2164.53
929.165	2064.18
929.341	2805.55
929.517	2729.77
929.693	2873.13
929.87	2045.75
930.046	2907.94
930.222	2512.69
930.398	2037.56
930.574	2492.21
930.751	2588.46
930.927	2551.6
931.103	2015.03
931.279	2291.51
931.455	2541.36
931.631	2699.05
931.807	1904.44
931.983	1953.59
932.159	2195.25
932.335	2410.29
932.511	1988.41
932.687	2031.41
932.863	2539.31
933.039	2647.85
933.215	1982.26
933.391	1990.45
933.566	2467.63
933.742	2430.77
933.918	2019.13
934.094	1748.79
934.27	2379.57
934.445	2324.27
934.621	2068.28
934.797	1810.23
934.973	2486.06
935.148	2199.35
935.324	1771.32
935.5	1505.09
935.675	2463.54
935.851	2113.33
936.027	1933.11
936.202	1857.34
936.378	2381.62
936.553	2060.09
936.729	2527.02
936.904	1580.86
937.08	1799.99
937.255	1914.68
937.431	1638.2
937.606	1466.17
937.782	1744.7
937.957	2125.62
938.133	1513.28
938.308	1417.02
938.483	1804.09
938.659	1666.88
938.834	1642.3
939.009	1175.36
939.185	1933.11
939.36	1595.2
939.535	872.26
939.71	1457.98
939.886	1984.31
940.061	1560.38
940.236	1763.13
940.411	1439.55
940.586	1673.02
940.761	1677.12
940.937	1406.78
941.112	1175.36
941.287	1513.28
941.462	1476.41
941.637	999.24
941.812	1255.23
941.987	1441.6
942.162	1451.84
942.337	1302.34
942.512	1013.57
942.687	1789.75
942.862	1599.29
943.037	798.54
943.212	733
943.386	1347.39
943.561	1478.46
943.736	1294.15
943.911	1742.65
944.086	1789.75
944.26	1445.7
944.435	1083.2
944.61	1347.39
944.785	1494.85
944.959	2148.15
945.134	1251.14
945.309	1015.62
945.483	1187.65
945.658	1568.57
945.833	773.96
946.007	882.5
946.182	1746.75
946.357	1414.98
946.531	943.94
946.706	980.81
946.88	1134.4
947.055	1513.28
947.229	1118.02
947.404	966.47
947.578	1574.72
947.752	1511.23
947.927	929.61
948.101	859.98
948.276	1838.91
948.45	1658.68
948.624	1490.75
948.799	1027.91
948.973	1431.36
949.147	1298.24
949.321	1075.01
949.496	1206.08
949.67	1888.06
949.844	1355.58
950.018	1136.45
950.193	1058.63
950.367	2139.96
950.541	1402.69
950.715	1191.75
950.889	1417.02
951.063	1472.32
951.237	1691.45
951.411	925.51
951.585	978.76
951.759	1730.36
951.933	1642.3
952.107	1128.26
952.281	1437.5
952.455	1974.07
952.629	1687.36
952.803	1204.03
952.977	1064.77
953.151	1632.06
953.325	1376.06
953.499	1316.67
953.672	907.08
953.846	1388.35
954.02	1503.04
954.194	1019.72
954.368	1036.1
954.541	1785.66
954.715	1486.65
954.889	1240.9
955.062	941.89
955.236	1376.06
955.41	1546.05
955.583	1376.06
955.757	954.18
955.93	1619.77
956.104	1324.87
956.278	1075.01
956.451	1249.09
956.625	1742.65
956.798	2012.98
956.972	1599.29
957.145	1091.4
957.319	2109.24
957.492	1570.62
957.665	1429.31
957.839	1150.79
958.012	1670.97
958.185	1541.95
958.359	1177.41
958.532	1386.3
958.705	1486.65
958.879	1632.06
959.052	1431.36
959.225	898.89
959.398	1646.4
959.572	1777.47
959.745	1077.06
959.918	1177.41
960.091	1601.34
960.264	1918.78
960.438	1101.64
960.611	1142.6
960.784	1955.64
960.957	1423.17
961.13	1910.58
961.303	1154.88
961.476	1601.34
961.649	2125.62
961.822	1064.77
961.995	1357.63
962.168	1541.95
962.341	1881.91
962.514	1261.38
962.686	1333.06
962.859	1546.05
963.032	1795.9
963.205	1210.18
963.378	909.13
963.551	1605.44
963.723	1470.27
963.896	1390.4
964.069	1568.57
964.242	1605.44
964.414	2174.77
964.587	1351.49
964.76	1451.84
964.932	1638.2
965.105	1679.16
965.278	1244.99
965.45	1193.8
965.623	1808.19
965.795	1644.35
965.968	1173.32
966.14	1120.07
966.313	1562.43
966.485	1609.53
966.658	1208.13
966.83	1103.68
967.003	1791.8
967.175	1707.84
967.348	1169.22
967.52	1224.51
967.692	2152.24
967.865	1902.39
968.037	1214.27
968.209	1533.76
968.382	1812.28
968.554	1904.44
968.726	1175.36
968.898	1081.16
969.071	1890.1
969.243	1683.26
969.415	1210.18
969.587	1419.07
969.759	1969.98
969.932	1621.82
970.104	1261.38
970.276	757.58
970.448	1410.88
970.62	1476.41
970.792	1251.14
970.964	1128.26
971.136	1892.15
971.308	1636.16
971.48	1070.92
971.652	1048.39
971.824	1908.54
971.996	1550.14
972.168	1124.16
972.339	1222.47
972.511	1587.01
972.683	1609.53
972.855	1486.65
973.027	1019.72
973.199	1687.36
973.37	1654.59
973.542	1267.52
973.714	1476.41
973.886	1353.54
974.057	1589.05
974.229	1156.93
974.401	1060.68
974.572	1371.97
974.744	1134.4
974.915	1072.96
975.087	1032.01
975.259	1814.33
975.43	1212.23
975.602	970.57
975.773	989
975.945	1267.52
976.116	1675.07
976.288	945.99
976.459	1244.99
976.63	1261.38
976.802	1527.61
976.973	970.57
977.145	1271.62
977.316	2160.44
977.487	2293.55
977.659	1216.32
977.83	1064.77
978.001	1851.19
978.172	1546.05
978.344	972.61
978.515	1044.29
978.686	1363.78
978.857	1873.72
979.028	999.24
979.2	937.8
979.371	1855.29
979.542	1257.28
979.713	1150.79
979.884	720.71
980.055	1365.82
980.226	1470.27
980.397	868.17
980.568	925.51
980.739	1584.96
980.91	1324.87
981.081	1316.67
981.252	1040.2
981.423	1414.98
981.594	1421.12
981.765	880.46
981.936	1134.4
982.106	1285.95
982.277	1584.96
982.448	776.01
982.619	1283.91
982.79	1136.45
982.96	1476.41
983.131	1191.75
983.302	644.94
983.472	1326.91
983.643	1371.97
983.814	1052.49
983.984	872.26
984.155	1285.95
984.326	1392.45
984.496	1011.53
984.667	859.98
984.837	1101.64
985.008	1699.64
985.178	1333.06
985.349	913.22
985.519	1265.47
985.69	1158.98
985.86	839.5
986.031	866.12
986.201	1382.21
986.371	1300.29
986.542	708.43
986.712	601.93
986.882	1376.06
987.053	1277.76
987.223	792.39
987.393	1302.34
987.563	1226.56
987.734	1486.65
987.904	1568.57
988.074	692.04
988.244	1136.45
988.414	1234.75
988.585	704.33
988.755	1077.06
988.925	1158.98
989.095	1709.88
989.265	757.58
989.435	991.05
989.605	1355.58
989.775	1548.09
989.945	1302.34
990.115	696.14
990.285	1228.61
990.455	1216.32
990.625	911.18
990.795	704.33
990.965	1496.89
991.134	1060.68
991.304	724.81
991.474	739.15
991.644	1281.86
991.814	1595.2
991.984	665.42
992.153	724.81
992.323	1027.91
992.493	1382.21
992.662	528.21
992.832	896.84
993.002	964.42
993.171	1314.63
993.341	487.25
993.511	741.19
993.68	997.19
993.85	1177.41
994.019	505.68
994.189	587.6
994.358	1093.44
994.528	1011.53
994.697	300.88
994.867	540.49
995.036	1388.35
995.206	972.61
995.375	565.07
995.544	950.09
995.714	1369.92
995.883	1054.53
996.052	933.7
996.222	339.79
996.391	1470.27
996.56	1179.46
996.73	573.26
996.899	376.66
997.068	1412.93
997.237	1210.18
997.406	532.3
997.576	321.36
997.745	1496.89
997.914	1107.78
998.083	286.54
998.252	587.6
998.421	1187.65
998.59	964.42
998.759	503.63
998.928	323.41
999.097	1320.77
999.266	1150.79
999.435	755.53
999.604	352.08
999.773	1257.28
999.942	945.99
1000.111	270.16
1000.28	292.69
1000.448	804.68
1000.617	802.63
1000.786	761.67
1000.955	329.55
1001.124	1296.19
1001.292	1646.4
1001.461	425.81
1001.63	298.83
1001.798	1150.79
1001.967	1132.36
1002.136	323.41
1002.304	327.5
1002.473	1226.56
1002.642	868.17
1002.81	524.11
1002.979	438.09
1003.147	1265.47
1003.316	1230.66
1003.484	384.85
1003.653	431.95
1003.821	970.57
1003.99	845.64
1004.158	724.81
1004.327	524.11
1004.495	1085.25
1004.663	902.98
1004.832	644.94
1005	251.73
1005.168	945.99
1005.337	784.2
1005.505	94.04
1005.673	696.14
1005.842	1179.46
1006.01	786.25
1006.178	163.67
1006.346	388.94
1006.514	825.16
1006.683	1371.97
1006.851	337.74
1007.019	624.46
1007.187	800.59
1007.355	421.71
1007.523	34.64
1007.691	96.08
1007.859	655.18
1008.027	1453.89
1008.195	403.28
1008.363	91.99
1008.531	757.58
1008.699	872.26
1008.867	42.84
1009.035	294.74
1009.203	1236.8
1009.37	816.97
1009.538	327.5
1009.706	1154.88
1009.874	896.84
1010.042	825.16
1010.209	116.56
1010.377	120.66
1010.545	907.08
1010.713	954.18
1010.88	261.97
1011.048	298.83
1011.216	870.22
1011.383	1154.88
1011.551	243.54
1011.718	91.99
1011.886	855.88
1012.054	1087.3
1012.221	149.33
1012.389	118.61
1012.556	737.1
1012.724	1105.73
1012.891	431.95
1013.058	-61.61
1013.226	900.94
1013.393	962.37
1013.561	81.75
1013.728	-53.42
1013.895	991.05
1014.063	898.89
1014.23	-0.17
1014.397	87.89
1014.565	1011.53
1014.732	702.28
1014.899	61.27
1015.066	51.03
1015.233	958.28
1015.401	933.7
1015.568	132.95
1015.735	409.42
1015.902	907.08
1016.069	1042.25
1016.236	155.47
1016.403	63.32
1016.57	520.01
1016.737	1253.19
1016.904	165.71
1017.071	5.97
1017.238	544.59
1017.405	728.91
1017.572	202.58
1017.739	509.77
1017.906	1236.8
1018.073	1001.29
1018.24	32.6
1018.407	315.22
1018.573	812.87
1018.74	761.67
1018.907	249.68
1019.074	-133.29
1019.241	808.78
1019.407	706.38
1019.574	-8.36
1019.741	67.41
1019.907	1021.77
1020.074	1081.16
1020.241	-196.78
1020.407	-116.9
1020.574	589.64
1020.74	618.32
1020.907	16.21
1021.073	30.55
1021.24	1425.22
1021.406	878.41
1021.573	-86.19
1021.739	-51.37
1021.906	1087.3
1022.072	687.95
1022.239	14.17
1022.405	91.99
1022.571	755.53
1022.738	649.04
1022.904	-26.79
1023.07	237.39
1023.237	597.84
1023.403	880.46
1023.569	91.99
1023.735	196.43
1023.902	761.67
1024.068	753.48
1024.234	-149.67
1024.4	-8.36
1024.566	513.87
1024.732	687.95
1024.898	48.98
1025.065	-209.06
1025.231	628.56
1025.397	528.21
1025.563	75.6
1025.729	-90.28
1025.895	208.72
1026.061	479.05
1026.227	-217.26
1026.392	51.03
1026.558	749.39
1026.724	782.15
1026.89	-4.27
1027.056	159.57
1027.222	458.57
1027.388	646.99
1027.553	110.42
1027.719	-86.19
1027.885	1015.62
1028.051	520.01
1028.216	-233.64
1028.382	-26.79
1028.548	710.47
1028.713	569.16
1028.879	-155.82
1029.045	253.78
1029.21	884.55
1029.376	761.67
1029.541	-92.33
1029.707	3.93
1029.873	806.73
1030.038	640.84
1030.204	-104.62
1030.369	-133.29
1030.534	718.67
1030.7	321.36
1030.865	69.46
1031.031	-75.95
1031.196	661.32
1031.361	483.15
1031.527	-20.65
1031.692	-106.67
1031.857	323.41
1032.023	642.89
1032.188	-16.55
1032.353	-12.46
1032.518	778.06
1032.684	513.87
1032.849	-202.92
1033.014	106.32
1033.179	591.69
1033.344	575.31
1033.509	30.55
1033.674	-47.27
1033.839	669.52
1034.004	696.14
1034.17	18.26
1034.335	-176.3
1034.5	350.03
1034.664	417.61
1034.829	-24.75
1034.994	40.79
1035.159	413.52
1035.324	720.71
1035.489	-18.6
1035.654	-94.38
1035.819	1134.4
1035.984	569.16
1036.148	57.17
1036.313	-123.05
1036.478	679.75
1036.643	446.29
1036.807	-86.19
1036.972	-155.82
1037.137	1099.59
1037.301	464.72
1037.466	-344.23
1037.631	159.57
1037.795	663.37
1037.96	427.85
1038.124	241.49
1038.289	-164.01
1038.454	532.3
1038.618	694.09
1038.783	65.36
1038.947	81.75
1039.111	397.14
1039.276	468.81
1039.44	-211.11
1039.605	735.05
1039.769	499.53
1039.933	458.57
1040.098	-67.75
1040.262	327.5
1040.426	624.46
1040.591	581.45
1040.755	-207.02
1040.919	-16.55
1041.083	776.01
1041.248	444.24
1041.412	-346.28
1041.576	-182.44
1041.74	399.18
1041.904	481.1
1042.068	-92.33
1042.232	-12.46
1042.397	880.46
1042.561	540.49
1042.725	-329.89
1042.889	20.31
1043.053	495.44
1043.217	360.27
1043.381	-59.56
1043.544	-293.03
1043.708	601.93
1043.872	360.27
1044.036	-422.05
1044.2	-243.88
1044.364	710.47
1044.528	644.94
1044.691	4978.44
1044.855	-268.45
1045.019	552.78
1045.183	581.45
1045.346	53.08
1045.51	-272.55
1045.674	563.02
1045.837	499.53
1046.001	-121
1046.165	-161.96
1046.328	952.13
1046.492	413.52
1046.655	212.82
1046.819	-77.99
1046.983	415.57
1047.146	315.22
1047.31	75.6
1047.473	-329.89
1047.636	370.51
1047.8	161.62
1047.963	-37.03
1048.127	-229.54
1048.29	229.2
