345.52	-1325.72
345.736	-1325.72
345.952	-1325.72
346.168	-1295
346.384	-1223.32
346.6	-207.53
346.816	-254.63
347.032	-207.53
347.248	521.55
347.464	-264.87
347.68	-178.86
347.896	-47.79
348.112	294.22
348.328	-111.27
348.544	9.56
348.76	179.54
348.975	267.6
349.191	-322.21
349.407	-391.84
349.623	169.3
349.839	163.15
350.055	-201.38
350.27	-31.4
350.486	197.97
350.702	255.31
350.918	318.8
351.133	-144.04
351.349	187.73
351.565	640.33
351.781	-387.75
351.996	-10.92
352.212	167.25
352.428	95.57
352.644	-332.45
352.859	-273.06
353.075	347.47
353.291	238.93
353.506	-160.42
353.722	-426.66
353.938	25.94
354.153	437.58
354.369	312.66
354.584	-373.41
354.8	251.22
355.016	-103.08
355.231	-479.91
355.447	-127.66
355.662	443.73
355.878	748.87
356.093	-529.06
356.309	-62.12
356.524	-68.27
356.74	482.64
356.955	-416.42
357.171	-84.65
357.386	290.13
357.602	-74.41
357.817	-64.17
358.033	-180.9
358.248	341.33
358.464	396.62
358.679	-223.91
358.895	-441
359.11	64.85
359.325	159.06
359.541	496.97
359.756	-39.59
359.972	-203.43
360.187	554.32
360.402	-307.88
360.618	-234.15
360.833	1570.11
361.048	183.63
361.264	-207.53
361.479	-31.4
361.694	185.68
361.909	245.07
362.125	-279.21
362.34	-225.96
362.555	288.08
362.77	349.52
362.986	-395.94
363.201	-168.62
363.416	243.03
363.631	30.04
363.847	-305.83
364.062	-225.96
364.277	99.67
364.492	34.13
364.707	-275.11
364.922	-449.19
365.138	306.51
365.353	501.07
365.568	-455.33
365.783	-166.57
365.998	345.42
366.213	587.08
366.428	-348.84
366.643	245.07
366.858	230.74
367.073	372.05
367.288	-160.42
367.503	-256.68
367.718	62.8
367.933	456.01
368.148	-326.31
368.363	-96.94
368.578	267.6
368.793	564.56
369.008	-80.55
369.223	-438.95
369.438	361.81
369.653	269.65
369.868	-393.89
370.083	-348.84
370.298	251.22
370.513	546.12
370.728	173.39
370.943	-199.34
371.157	58.71
371.372	709.96
371.587	-379.56
371.802	-432.8
372.017	91.48
372.232	539.98
372.446	11.61
372.661	-275.11
372.876	89.43
373.091	298.32
373.306	-123.56
373.52	-455.33
373.735	52.56
373.95	630.09
374.165	-262.82
374.379	-193.19
374.594	15.7
374.809	429.39
375.023	46.42
375.238	-250.53
375.453	318.8
375.667	-66.22
375.882	-285.35
376.097	-332.45
376.311	83.28
376.526	312.66
376.741	-352.93
376.955	154.96
377.17	517.45
377.384	972.1
377.599	97.62
377.813	-453.28
378.028	863.56
378.242	324.94
378.457	-129.7
378.672	-400.04
378.886	11.61
379.101	191.83
379.315	-473.76
379.53	-154.28
379.744	445.77
379.958	298.32
380.173	-182.95
380.387	-357.03
380.602	413.01
380.816	5.46
381.031	-170.66
381.245	-287.4
381.459	265.55
381.674	1060.17
381.888	-488.1
382.103	298.32
382.317	93.52
382.531	439.63
382.746	-41.64
382.96	-234.15
383.174	128.34
383.388	601.42
383.603	58.71
383.817	-430.76
384.031	161.11
384.246	470.35
384.46	-4.78
384.674	769.35
384.888	52.56
385.103	345.42
385.317	-406.18
385.531	62.8
385.745	763.21
385.959	558.41
386.174	-383.65
386.388	-152.23
386.602	87.38
386.816	66.9
387.03	-117.42
387.244	-62.12
387.458	320.85
387.672	449.87
387.887	-481.96
388.101	-264.87
388.315	345.42
388.529	210.26
388.743	-238.25
388.957	-266.92
389.171	576.84
389.385	58.71
389.599	-357.03
389.813	58.71
390.027	243.03
390.241	832.84
390.455	-189.1
390.669	-23.21
390.883	93.52
391.097	599.37
391.311	230.74
391.525	-119.46
391.738	513.36
391.952	447.82
392.166	-10.92
392.38	-469.67
392.594	474.45
392.808	361.81
393.022	-96.94
393.236	-121.51
393.449	331.09
393.663	542.03
393.877	-266.92
394.091	-23.21
394.305	152.91
394.518	111.96
394.732	-236.2
394.946	-191.14
395.16	841.03
395.373	249.17
395.587	-338.6
395.801	-232.1
396.015	476.49
396.228	322.9
396.442	-352.93
396.656	-436.9
396.869	408.91
397.083	634.19
397.297	50.52
397.51	-121.51
397.724	302.42
397.938	277.84
398.151	-441
398.365	-381.6
398.578	331.09
398.792	669
399.005	60.76
399.219	-176.81
399.433	234.83
399.646	451.92
399.86	224.59
400.073	232.79
400.287	279.89
400.5	275.79
400.714	15.7
400.927	-80.55
401.141	572.75
401.354	1877.3
401.567	531.79
401.781	-316.07
401.994	267.6
402.208	793.93
402.421	-2.73
402.635	-180.9
402.848	17.75
403.061	419.15
403.275	27.99
403.488	-293.54
403.701	572.75
403.915	617.8
404.128	54.61
404.341	-127.66
404.555	828.74
404.768	44.37
404.981	197.97
405.195	-78.51
405.408	623.95
405.621	388.43
405.834	204.11
406.048	-252.58
406.261	464.21
406.474	433.49
406.687	-146.09
406.9	-31.4
407.114	476.49
407.327	634.19
407.54	-293.54
407.753	-406.18
407.966	50.52
408.179	240.98
408.392	-201.38
408.605	-336.55
408.819	423.25
409.032	427.34
409.245	-80.55
409.458	183.63
409.671	359.76
409.884	527.69
410.097	-252.58
410.31	181.59
410.523	795.98
410.736	273.75
410.949	66.9
411.162	-66.22
411.375	443.73
411.588	484.69
411.801	142.68
412.014	-228.01
412.227	195.92
412.44	320.85
412.653	-109.23
412.865	181.59
413.078	626
413.291	505.17
413.504	165.2
413.717	-127.66
413.93	615.76
414.143	122.2
414.356	107.86
414.568	-318.12
414.781	566.6
414.994	464.21
415.207	87.38
415.42	81.24
415.632	406.86
415.845	896.33
416.058	-281.25
416.271	-191.14
416.483	419.15
416.696	757.07
416.909	-119.46
417.121	-162.47
417.334	277.84
417.547	718.15
417.759	-180.9
417.972	-119.46
418.185	259.41
418.397	456.01
418.61	-103.08
418.823	-154.28
419.035	765.26
419.248	445.77
419.46	-15.02
419.673	109.91
419.885	277.84
420.098	410.96
420.311	-127.66
420.523	-352.93
420.736	535.89
420.948	496.97
421.161	-72.36
421.373	-215.72
421.586	204.11
421.798	150.87
422.01	-408.23
422.223	114
422.435	169.3
422.648	785.74
422.86	-127.66
423.073	-2.73
423.285	306.51
423.497	214.35
423.71	-76.46
423.922	-8.87
424.134	724.3
424.347	800.07
424.559	390.48
424.771	449.87
424.984	558.41
425.196	410.96
425.408	-197.29
425.621	-146.09
425.833	605.52
426.045	791.88
426.257	-162.47
426.47	128.34
426.682	318.8
426.894	390.48
427.106	-35.5
427.318	118.1
427.531	400.72
427.743	415.05
427.955	93.52
428.167	779.59
428.379	419.15
428.591	202.07
428.804	175.44
429.016	-121.51
429.228	523.6
429.44	578.89
429.652	13587.59
429.864	-199.34
430.076	419.15
430.288	537.93
430.5	173.39
430.712	191.83
430.924	544.08
431.136	648.52
431.348	-58.03
431.56	-21.16
431.772	261.46
431.984	214.35
432.196	-101.03
432.408	85.33
432.62	445.77
432.832	628.04
433.044	433.49
433.256	310.61
433.468	677.19
433.679	208.21
433.891	-94.89
434.103	345.42
434.315	931.14
434.527	609.61
434.739	259.41
434.95	105.81
435.162	585.04
435.374	208.21
435.586	206.16
435.798	148.82
436.009	341.33
436.221	443.73
436.433	128.34
436.645	185.68
436.856	462.16
437.068	902.47
437.28	-23.21
437.491	425.29
437.703	673.1
437.915	642.38
438.126	71
438.338	683.34
438.55	470.35
438.761	451.92
438.973	195.92
439.184	245.07
439.396	503.12
439.608	599.37
439.819	21.84
440.031	257.36
440.242	703.82
440.454	800.07
440.665	212.31
440.877	367.95
441.088	793.93
441.3	578.89
441.511	-78.51
441.723	75.09
441.934	906.57
442.146	730.44
442.357	300.37
442.569	687.43
442.78	867.66
442.991	1389.89
443.203	791.88
443.414	165.2
443.626	1025.35
443.837	517.45
444.048	157.01
444.26	-19.11
444.471	773.45
444.682	669
444.894	34.13
445.105	107.86
445.316	939.33
445.528	820.55
445.739	460.11
445.95	417.1
446.161	634.19
446.373	783.69
446.584	423.25
446.795	208.21
447.006	1060.17
447.217	929.1
447.429	85.33
447.64	68.95
447.851	1574.21
448.062	943.43
448.273	-21.16
448.484	200.02
448.695	855.37
448.907	828.74
449.118	398.67
449.329	630.09
449.54	615.76
449.751	677.19
449.962	238.93
450.173	232.79
450.384	808.26
450.595	1144.13
450.806	265.55
451.017	341.33
451.228	1201.47
451.439	935.24
451.65	441.68
451.861	-45.74
452.072	759.11
452.283	791.88
452.494	566.6
452.705	331.09
452.915	1322.31
453.126	855.37
453.337	613.71
453.548	251.22
453.759	1230.15
453.97	1082.69
454.181	849.22
454.391	308.56
454.602	857.42
454.813	1299.78
455.024	392.53
455.235	394.58
455.445	1219.91
455.656	886.09
455.867	638.28
456.078	513.36
456.288	716.11
456.499	1133.89
456.71	300.37
456.921	845.13
457.131	957.77
457.342	867.66
457.553	496.97
457.763	419.15
457.974	834.89
458.184	988.49
458.395	353.62
458.606	179.54
458.816	1199.43
459.027	1254.72
459.237	744.78
459.448	421.2
459.659	1107.27
459.869	1994.04
460.08	197.97
460.29	675.15
460.501	1322.31
460.711	992.58
460.922	216.4
461.132	480.59
461.343	1944.89
461.553	843.08
461.764	415.05
461.974	556.36
462.184	1353.02
462.395	1228.1
462.605	572.75
462.816	279.89
463.026	1164.61
463.236	1246.53
463.447	509.26
463.657	574.8
463.867	1334.59
464.078	1013.06
464.288	628.04
464.498	652.62
464.709	1228.1
464.919	1285.44
465.129	730.44
465.339	517.45
465.55	1156.42
465.76	1355.07
465.97	736.59
466.18	699.72
466.391	1443.14
466.601	1275.2
466.811	818.5
467.021	445.77
467.231	1508.67
467.441	1426.75
467.651	765.26
467.862	372.05
468.072	1232.19
468.282	1250.63
468.492	621.9
468.702	922.95
468.912	1328.45
469.122	2012.47
469.332	1271.11
469.542	666.96
469.752	1912.12
469.962	1381.7
470.172	849.22
470.382	820.55
470.592	1828.15
470.802	1520.96
471.012	1248.58
471.222	996.68
471.432	1520.96
471.642	1674.56
471.852	1199.43
472.062	884.04
472.272	1502.53
472.482	1240.39
472.691	943.43
472.901	918.86
473.111	1402.18
473.321	2123.06
473.531	957.77
473.741	1295.68
473.95	1832.25
474.16	1690.94
474.37	1353.02
474.58	1025.35
474.79	2313.52
474.999	1748.28
475.209	1228.1
475.419	1195.33
475.628	1799.48
475.838	2125.11
476.048	1406.27
476.258	1045.83
476.467	1942.84
476.677	1688.89
476.886	1785.15
477.096	1424.7
477.306	1852.73
477.515	2121.01
477.725	1600.83
477.935	1670.46
478.144	2602.29
478.354	2014.52
478.563	1529.15
478.773	1471.81
478.982	2247.99
479.192	2239.8
479.401	1600.83
479.611	1559.87
479.82	1858.87
480.03	2270.51
480.239	1412.42
480.449	1332.54
480.658	2458.93
480.868	2161.97
481.077	1791.29
481.287	1680.7
481.496	2219.32
481.705	2479.41
481.915	2223.41
482.124	2196.79
482.333	2342.19
482.543	2780.46
482.752	2188.6
482.961	1770.81
483.171	2362.67
483.38	2307.38
483.589	1989.94
483.799	1910.07
484.008	2503.98
484.217	2428.21
484.426	2080.05
484.636	1795.39
484.845	2669.87
485.054	2174.26
485.263	2485.55
485.472	2041.14
485.682	2811.18
485.891	2618.67
486.1	1869.11
486.309	2159.92
486.518	2815.27
486.727	3585.31
486.936	2080.05
487.146	2520.37
487.355	2983.21
487.564	2735.4
487.773	2352.43
487.982	2329.91
488.191	2745.64
488.4	2999.59
488.609	2233.65
488.818	2387.25
489.027	3384.61
489.236	3198.24
489.445	2381.1
489.654	2229.56
489.863	3298.59
490.072	2790.7
490.281	3108.13
490.49	2673.96
490.698	3282.21
490.907	3640.61
491.116	2659.63
491.325	2436.4
491.534	3411.23
491.743	2991.4
491.952	2815.27
492.16	2835.75
492.369	3433.76
492.578	3644.7
492.787	2899.24
492.996	2551.09
493.204	3253.54
493.413	3759.39
493.622	2630.96
493.831	2514.22
494.039	3740.96
494.248	3310.88
494.457	2755.88
494.665	2706.73
494.874	3648.8
495.083	4271.38
495.291	2983.21
495.5	2835.75
495.709	3646.75
495.917	3472.67
496.126	3026.22
496.335	2909.48
496.543	3550.5
496.752	3605.79
496.96	3349.79
497.169	2860.33
497.377	3458.34
497.586	3734.81
497.794	3286.31
498.003	2774.31
498.211	3716.38
498.42	4009.24
498.628	3206.44
498.837	2975.02
499.045	3800.35
499.254	3505.44
499.462	3194.15
499.671	3196.2
499.879	4707.6
500.087	3921.18
500.296	3091.75
500.504	3319.07
500.713	3779.87
500.921	4310.29
501.129	3329.31
501.338	3204.39
501.546	3933.47
501.754	3843.35
501.962	3640.61
502.171	3253.54
502.379	3978.52
502.587	4191.51
502.795	3554.59
503.004	3491.1
503.212	4175.13
503.42	4244.76
503.628	3450.14
503.837	3691.8
504.045	4156.69
504.253	4633.87
504.461	3497.25
504.669	3237.16
504.877	4451.6
505.085	4302.1
505.294	3413.28
505.502	3992.86
505.71	4625.68
505.918	4146.45
506.126	3409.19
506.334	3454.24
506.542	4257.04
506.75	4207.89
506.958	4119.83
507.166	3706.14
507.374	3990.81
507.582	4508.94
507.79	3882.27
507.998	3716.38
508.206	4689.17
508.414	4408.59
508.622	3677.47
508.83	3843.35
509.037	4506.9
509.245	4060.44
509.453	3788.06
509.661	3613.98
509.869	4680.97
510.077	4230.42
510.285	4171.03
510.492	3433.76
510.7	4861.2
510.908	4220.18
511.116	3794.2
511.324	3802.4
511.531	4205.85
511.739	4660.49
511.947	4322.58
512.155	4267.28
512.362	4541.71
512.57	4207.89
512.778	3831.07
512.985	3673.37
513.193	4467.99
513.401	4875.53
513.608	4134.17
513.816	3890.46
514.024	4752.65
514.231	4871.43
514.439	4085.01
514.646	4113.69
514.854	4861.2
515.061	4783.37
515.269	4091.16
515.477	4099.35
515.684	4478.22
515.892	4844.81
516.099	3951.9
516.307	3878.17
516.514	5135.62
516.722	5119.24
516.929	4156.69
517.136	4017.43
517.344	4891.91
517.551	4955.4
517.759	4150.55
517.966	4470.03
518.173	4742.41
518.381	4932.87
518.588	4341.01
518.796	4148.5
519.003	5072.14
519.21	4969.74
519.418	4560.14
519.625	4789.52
519.832	4922.63
520.039	5154.05
520.247	4099.35
520.454	4617.49
520.661	5039.37
520.868	5168.39
521.076	4441.36
521.283	4644.11
521.49	5731.58
521.697	5195.01
521.904	4488.46
522.112	4652.3
522.319	5473.54
522.526	5301.51
522.733	4429.07
522.94	4588.82
523.147	5238.02
523.354	5156.1
523.561	4367.63
523.768	4914.44
523.975	5405.95
524.183	5260.55
524.39	4941.07
524.597	4549.9
524.804	5190.92
525.011	5199.11
525.218	4746.51
525.425	4668.69
525.632	5659.9
525.838	5164.29
526.045	4736.27
526.252	4891.91
526.459	6946.03
526.666	7081.19
526.873	4730.13
527.08	4605.2
527.287	5684.48
527.494	5580.03
527.701	4777.23
527.907	4648.21
528.114	5444.87
528.321	5602.56
528.528	4934.92
528.735	4912.39
528.941	5610.75
529.148	5309.7
529.355	5117.19
529.562	5035.27
529.768	6206.71
529.975	5442.82
530.182	5027.08
530.388	4865.29
530.595	5850.36
530.802	5326.08
531.008	5428.48
531.215	5096.71
531.422	6681.84
531.628	6366.45
531.835	5211.4
532.042	5319.94
532.248	5848.32
532.455	5934.33
532.661	5211.4
532.868	5149.96
533.074	5891.32
533.281	6266.1
533.487	5260.55
533.694	5029.13
533.9	5889.28
534.107	5649.66
534.313	5293.32
534.52	5190.92
534.726	5850.36
534.933	6341.88
535.139	5147.91
535.345	5240.07
535.552	6241.53
535.758	6165.75
535.965	5514.5
536.171	5381.38
536.377	6169.85
536.584	6569.2
536.79	5446.91
536.996	5604.61
537.203	6221.05
537.409	6358.26
537.615	5539.07
537.821	5776.64
538.028	6673.65
538.234	6028.54
538.44	5573.89
538.646	5711.1
538.853	5975.29
539.059	6032.63
539.265	6300.92
539.471	5362.95
539.677	6341.88
539.883	6100.22
540.09	7202.02
540.296	6415.6
540.502	6298.87
540.708	6092.02
540.914	6110.46
541.12	5739.77
541.326	6782.19
541.532	6720.75
541.738	5971.19
541.944	5795.07
542.15	6507.76
542.356	6266.1
542.562	5747.97
542.768	5928.19
542.974	6743.28
543.18	6606.06
543.386	6092.02
543.592	5629.18
543.798	7351.53
544.004	6831.34
544.21	5702.91
544.415	6204.66
544.621	6823.15
544.827	7234.79
545.033	5919.99
545.239	6325.49
545.445	6513.91
545.651	6628.59
545.856	6092.02
546.062	6044.92
546.268	6552.82
546.474	6860.01
546.679	6073.59
546.885	6126.84
547.091	6644.98
547.297	7202.02
547.502	6286.58
547.708	5958.91
547.914	6538.48
548.119	7038.19
548.325	5950.71
548.531	5956.86
548.736	7431.4
548.942	6716.65
549.147	6006.01
549.353	6636.78
549.559	7107.82
549.764	7001.32
549.97	5919.99
550.175	6126.84
550.381	7113.96
550.586	6653.17
550.792	6386.93
550.997	6337.78
551.203	7056.62
551.408	7097.58
551.614	6280.44
551.819	6251.77
552.025	7488.74
552.23	6935.79
552.435	6579.44
552.641	6784.24
552.846	6835.44
553.052	7521.51
553.257	6925.55
553.462	6440.18
553.668	7013.61
553.873	7152.87
554.078	6538.48
554.283	6454.51
554.489	7240.93
554.694	7146.73
554.899	6221.05
555.105	6860.01
555.31	7369.96
555.515	7259.37
555.72	6692.08
555.925	7718.11
556.131	7527.65
556.336	7163.11
556.541	6663.41
556.746	6620.4
556.951	7644.38
557.156	7367.91
557.361	6708.46
557.567	7058.67
557.772	7554.27
557.977	7607.52
558.182	6636.78
558.387	6681.84
558.592	6952.17
558.797	7834.85
559.002	6800.62
559.207	7052.52
559.412	7470.31
559.617	7804.13
559.822	6739.18
560.027	6544.63
560.232	7365.86
560.437	7652.58
560.642	6497.52
560.847	6765.81
561.051	7279.85
561.256	7546.08
561.461	7070.95
561.666	6608.11
561.871	7369.96
562.076	7824.61
562.281	7021.8
562.485	6823.15
562.69	7611.62
562.895	7531.75
563.1	6972.65
563.305	6790.38
563.509	7840.99
563.714	8099.03
563.919	6982.89
564.123	7050.47
564.328	7455.97
564.533	7937.24
564.737	7054.57
564.942	6898.92
565.147	7884
565.351	7847.13
565.556	7091.43
565.761	6997.23
565.965	7947.48
566.17	7535.84
566.374	7152.87
566.579	6982.89
566.784	7781.6
566.988	7838.94
567.193	7107.82
567.397	7324.9
567.602	7464.16
567.806	7687.39
568.011	7238.89
568.215	7163.11
568.42	7619.81
568.624	7922.91
568.828	7169.26
569.033	7357.67
569.237	8148.18
569.442	8127.71
569.646	7105.77
569.85	7220.46
570.055	7965.92
570.259	7992.54
570.463	7775.45
570.668	7480.55
570.872	7881.95
571.076	7783.65
571.281	7539.94
571.485	7513.31
571.689	7914.72
571.893	8125.66
572.098	7539.94
572.302	7435.49
572.506	8013.02
572.71	8029.4
572.914	7439.59
573.119	7390.44
573.323	8215.77
573.527	8205.53
573.731	7359.72
573.935	7476.45
574.139	8064.22
574.343	7881.95
574.547	7482.6
574.751	7642.34
574.955	8275.16
575.159	8217.82
575.364	7464.16
575.568	7492.83
575.772	8199.38
575.976	8088.79
576.18	7302.37
576.383	7576.8
576.587	8486.1
576.791	8121.56
576.995	7339.24
577.199	7345.38
577.403	7851.23
577.607	8254.68
577.811	7621.86
578.015	7824.61
578.219	8197.34
578.422	8369.37
578.626	7920.86
578.83	7986.4
579.034	8715.47
579.238	8436.95
579.442	7845.09
579.645	8447.19
579.849	8371.41
580.053	8455.38
580.257	7865.57
580.46	7836.89
580.664	8590.55
580.868	8508.63
581.071	8082.65
581.275	8107.23
581.479	8340.69
581.682	8746.19
581.886	7726.3
582.09	8072.41
582.293	8715.47
582.497	8660.18
582.7	8344.79
582.904	8094.94
583.107	8504.53
583.311	8602.83
583.515	8170.71
583.718	8289.49
583.922	8682.7
584.125	9295.05
584.329	7912.67
584.532	8131.8
584.735	8891.6
584.939	8805.58
585.142	7861.47
585.346	7904.48
585.549	8846.54
585.753	8670.42
585.956	7865.57
586.159	8336.6
586.363	9020.62
586.566	8813.77
586.769	7990.49
586.973	7804.13
587.176	8899.79
587.379	8824.01
587.582	8486.1
587.786	8686.8
587.989	8973.52
588.192	10026.17
588.395	8322.26
588.599	8905.93
588.802	8795.34
589.005	9151.69
589.208	8303.83
589.411	8105.18
589.615	8930.51
589.818	9393.35
590.021	8854.73
590.224	8557.78
590.427	9555.14
590.63	9100.49
590.833	8172.76
591.036	8395.99
591.239	9014.48
591.442	8981.71
591.645	8713.42
591.848	8514.77
592.051	9219.27
592.254	9084.11
592.457	8647.89
592.66	8672.46
592.863	9063.63
593.066	9395.4
593.269	8471.76
593.472	8633.55
593.675	8998.09
593.878	9270.47
594.081	8744.14
594.284	8434.9
594.486	9262.28
594.689	9473.22
594.892	8817.87
595.095	8903.89
595.298	9362.63
595.5	8996.04
595.703	8942.8
595.906	8989.9
596.109	9374.92
596.311	9632.96
596.514	8539.35
596.717	8791.25
596.92	9831.62
597.122	9786.56
597.325	8328.41
597.528	8647.89
597.73	9989.31
597.933	9790.66
598.136	8963.28
598.338	8484.05
598.541	9919.68
598.743	9858.24
598.946	8979.66
599.148	8981.71
599.351	9733.31
599.554	9567.43
599.756	9106.63
599.959	9200.84
600.161	9643.2
600.363	10114.23
600.566	9225.42
600.768	8965.32
600.971	9770.18
601.173	9592
601.376	9006.28
601.578	9233.61
601.78	9733.31
601.983	10376.38
602.185	8871.12
602.388	9663.68
602.59	9893.05
602.792	9651.39
602.995	9397.45
603.197	9153.74
603.399	9684.16
603.601	10210.49
603.804	9112.78
604.006	9211.08
604.208	9397.45
604.41	9407.69
604.613	9434.31
604.815	8869.07
605.017	10167.48
605.219	9602.24
605.421	9792.7
605.623	9260.23
605.826	10177.72
606.028	10310.84
606.23	9272.52
606.432	9309.38
606.634	9804.99
606.836	10110.14
607.038	9217.22
607.24	9549
607.442	10009.79
607.644	10003.64
607.846	9485.51
608.048	9110.73
608.25	10284.22
608.452	9700.55
608.654	9315.53
608.856	9198.79
609.058	9716.93
609.26	10101.95
609.462	9399.49
609.664	9331.91
609.866	10245.3
610.067	10015.93
610.269	9589.95
610.471	9299.14
610.673	9942.21
610.875	10083.52
611.077	9270.47
611.278	9526.47
611.48	9854.14
611.682	10294.46
611.884	9598.15
612.085	9475.27
612.287	9880.77
612.489	9858.24
612.69	9168.07
612.892	9553.09
613.094	10194.11
613.295	9880.77
613.497	9278.66
613.699	9536.71
613.9	10288.31
614.102	9960.64
614.304	9555.14
614.505	9284.81
614.707	9778.37
614.908	10194.11
615.11	9303.24
615.311	9686.21
615.513	10036.41
615.714	9946.3
615.916	9299.14
616.117	9661.63
616.319	10015.93
616.52	10357.94
616.722	9221.32
616.923	9434.31
617.124	10292.41
617.326	10257.59
617.527	9630.91
617.729	9819.33
617.93	10257.59
618.131	10396.85
618.333	9555.14
618.534	9469.12
618.735	10241.21
618.937	10306.74
619.138	9358.53
619.339	9413.83
619.54	10114.23
619.742	9874.62
619.943	9651.39
620.144	9821.38
620.345	10460.34
620.546	10065.08
620.748	9675.97
620.949	9577.67
621.15	10120.38
621.351	9989.31
621.552	9516.23
621.753	9368.77
621.954	9768.13
622.155	10634.42
622.356	9444.55
622.558	9886.91
622.759	10638.51
622.96	10294.46
623.161	9811.14
623.362	9460.93
623.563	10282.17
623.764	10314.94
623.965	9456.84
624.166	9895.1
624.366	9800.9
624.567	10276.02
624.768	9108.68
624.969	9596.1
625.17	10179.77
625.371	10167.48
625.572	9964.73
625.773	9637.06
625.973	10517.68
626.174	10513.59
626.375	9886.91
626.576	9819.33
626.777	10439.86
626.977	10546.36
627.178	9845.95
627.379	9833.66
627.58	10060.99
627.78	10265.78
627.981	9589.95
628.182	9962.69
628.382	10183.87
628.583	9874.62
628.784	9653.44
628.984	9938.11
629.185	10446.01
629.386	10503.35
629.586	9917.63
629.787	9559.24
629.987	10120.38
630.188	10421.43
630.388	9884.86
630.589	10142.91
630.79	11017.39
630.99	10337.46
631.191	9759.94
631.391	9962.69
631.591	10392.76
631.792	10466.49
631.992	10314.94
632.193	10011.84
632.393	10728.63
632.594	10460.34
632.794	9841.86
632.994	9727.17
633.195	9835.71
633.395	10214.59
633.595	9657.54
633.796	10183.87
633.996	10378.42
634.196	10552.5
634.397	9745.6
634.597	9776.32
634.797	10351.8
634.997	10697.91
635.198	10212.54
635.398	9942.21
635.598	10759.35
635.798	10630.32
635.998	10564.79
636.199	9997.5
636.399	10409.14
636.599	10380.47
636.799	9915.58
636.999	10405.05
637.199	10605.75
637.399	10724.53
637.599	10058.94
637.799	10052.8
637.999	10484.92
638.199	10740.91
638.399	10036.41
638.599	9970.88
638.799	10728.63
638.999	10745.01
639.199	10355.9
639.399	10202.3
639.599	10853.55
639.799	10593.46
639.999	10020.03
640.199	10136.76
640.399	10335.42
640.599	10515.64
640.799	10339.51
640.998	10509.49
641.198	10810.54
641.398	10941.61
641.598	10237.11
641.798	10362.04
641.997	11805.86
642.197	10499.25
642.397	10441.91
642.597	10187.96
642.796	10658.99
642.996	10628.28
643.196	10613.94
643.395	9977.02
643.595	10796.21
643.795	10392.76
643.994	10273.98
644.194	10142.91
644.394	11283.63
644.593	11127.98
644.793	10171.58
644.992	10552.5
645.192	11039.92
645.392	10542.26
645.591	10556.6
645.791	10415.29
645.99	11037.87
646.19	10761.39
646.389	10370.23
646.589	10304.7
646.788	10671.28
646.987	10859.7
647.187	10900.65
647.386	10728.63
647.586	10925.23
647.785	11213.99
647.984	10316.98
648.184	10673.33
648.383	10855.6
648.582	10732.72
648.782	10413.24
648.981	10605.75
649.18	10572.98
649.38	10712.24
649.579	10499.25
649.778	10171.58
649.977	11091.12
650.177	11058.35
650.376	10343.61
650.575	10378.42
650.774	10859.7
650.973	10812.59
651.173	10056.89
651.372	10478.77
651.571	10792.11
651.77	11025.58
651.969	10472.63
652.168	10546.36
652.367	10695.86
652.566	11050.16
652.765	10560.69
652.964	11187.37
653.163	11146.41
653.362	10802.35
653.561	10511.54
653.76	10740.91
653.959	11041.96
654.158	11379.88
654.357	10722.48
654.556	10429.62
654.755	11015.34
654.954	10876.08
655.153	10513.59
655.352	10708.15
655.551	11203.75
655.749	11191.47
655.948	10685.62
656.147	10761.39
656.346	11111.6
656.545	11025.58
656.743	10622.13
656.942	10779.82
657.141	11015.34
657.34	10857.65
657.538	10532.02
657.737	10306.74
657.936	11220.14
658.135	11023.53
658.333	10661.04
658.532	10990.77
658.731	11416.74
658.929	11222.19
659.128	11039.92
659.326	10595.51
659.525	11316.39
659.724	11357.35
659.922	10519.73
660.121	10519.73
660.319	11146.41
660.518	10843.31
660.716	10726.58
660.915	10368.18
661.113	11467.94
661.312	10824.88
661.51	10925.23
661.709	10417.33
661.907	11205.8
662.105	11353.26
662.304	10446.01
662.502	10841.26
662.701	11424.93
662.899	10810.54
663.097	11318.44
663.296	10525.88
663.494	11492.52
663.692	11674.79
663.891	10464.44
664.089	10347.7
664.287	11101.36
664.485	11115.69
664.684	10562.74
664.882	10726.58
665.08	11076.78
665.278	11035.82
665.476	10906.8
665.675	11031.72
665.873	11459.75
666.071	11363.5
666.269	10523.83
666.467	11029.68
666.665	11125.93
666.863	11111.6
667.061	10865.84
667.259	10851.5
667.457	11170.99
667.655	11472.04
667.853	10757.3
668.051	11005.1
668.249	10894.51
668.447	11265.19
668.645	10654.9
668.843	10994.86
669.041	11523.24
669.239	11009.2
669.437	11117.74
669.635	11084.97
669.833	11105.45
670.031	11209.9
670.229	10937.52
670.426	11005.1
670.624	11103.4
670.822	11132.08
671.02	10691.76
671.218	11027.63
671.415	11099.31
671.613	11119.79
671.811	10919.09
672.009	10697.91
672.206	11340.97
672.404	11070.64
672.602	10937.52
672.799	11084.97
672.997	11381.93
673.195	11375.78
673.392	11048.11
673.59	10607.8
673.788	11357.35
673.985	10728.63
674.183	10835.12
674.38	10783.92
674.578	11279.53
674.775	10876.08
674.973	10491.06
675.17	10501.3
675.368	11261.1
675.565	11142.32
675.763	10654.9
675.96	10495.16
676.158	11357.35
676.355	11099.31
676.553	10675.38
676.75	10806.45
676.947	11254.95
677.145	10962.09
677.342	10923.18
677.539	11015.34
677.737	11416.74
677.934	11596.96
678.131	10658.99
678.329	10452.15
678.526	11750.56
678.723	11279.53
678.92	10833.07
679.118	10835.12
679.315	11115.69
679.512	11418.79
679.709	10874.03
679.906	10794.16
680.104	11312.3
680.301	10929.33
680.498	10376.38
680.695	10525.88
680.892	10923.18
681.089	11070.64
681.286	10749.11
681.483	10396.85
681.68	10980.53
681.877	11291.82
682.075	10675.38
682.272	10527.92
682.469	10861.74
682.665	11064.49
682.862	10536.12
683.059	10458.29
683.256	10863.79
683.453	11168.94
683.65	10716.34
683.847	10646.71
684.044	11052.2
684.241	10736.82
684.438	10650.8
684.635	10419.38
684.831	11543.72
685.028	11121.84
685.225	10308.79
685.422	10880.18
685.619	11019.44
685.815	10802.35
686.012	10675.38
686.209	10226.87
686.405	10615.99
686.602	10904.75
686.799	10372.28
686.996	10302.65
687.192	10824.88
687.389	11513
687.586	10325.18
687.782	10413.24
687.979	11412.65
688.175	10980.53
688.372	10314.94
688.568	10658.99
688.765	10681.52
688.962	11011.25
689.158	10458.29
689.355	10167.48
689.551	10847.41
689.748	10933.42
689.944	10620.08
690.14	10202.3
690.337	10935.47
690.533	10912.94
690.73	10652.85
690.926	10527.92
691.123	10730.67
691.319	10880.18
691.515	10058.94
691.712	10572.98
691.908	10677.43
692.104	10732.72
692.301	10568.88
692.497	10056.89
692.693	10966.19
692.889	10423.48
693.086	10421.43
693.282	10017.98
693.478	10663.09
693.674	10931.37
693.87	10175.67
694.067	10292.41
694.263	10755.25
694.459	10615.99
694.655	10704.05
694.851	10767.54
695.047	10595.51
695.243	10771.63
695.439	10306.74
695.635	10206.39
695.831	10726.58
696.027	10499.25
696.224	9999.55
696.42	10642.61
696.615	10955.95
696.811	10843.31
697.007	10073.28
697.203	10167.48
697.399	10755.25
697.595	10824.88
697.791	10202.3
697.987	10364.09
698.183	10521.78
698.379	10593.46
698.575	10243.26
698.77	10374.33
698.966	10595.51
699.162	10908.85
699.358	10310.84
699.554	10339.51
699.749	10923.18
699.945	10736.82
700.141	10413.24
700.337	10196.15
700.532	10034.36
700.728	10245.3
700.924	9737.41
701.119	9606.34
701.315	10699.95
701.511	10325.18
701.706	10015.93
701.902	9721.02
702.097	10546.36
702.293	10532.02
702.489	10249.4
702.684	9882.81
702.88	10908.85
703.075	10364.09
703.271	10249.4
703.466	9884.86
703.662	10022.08
703.857	10331.32
704.053	10138.81
704.248	10196.15
704.443	10609.84
704.639	10712.24
704.834	10122.43
705.03	10011.84
705.225	10505.4
705.42	10685.62
705.616	10046.65
705.811	10175.67
706.006	10341.56
706.202	10478.77
706.397	10153.15
706.592	9659.59
706.787	10755.25
706.983	10314.94
707.178	10282.17
707.373	10032.32
707.568	10513.59
707.763	10448.05
707.959	9981.12
708.154	9954.49
708.349	10446.01
708.544	10646.71
708.739	10378.42
708.934	9936.06
709.129	10599.6
709.324	10601.65
709.519	9977.02
709.714	9796.8
709.909	10618.04
710.104	10806.45
710.299	9962.69
710.494	9970.88
710.689	10376.38
710.884	10325.18
711.079	10087.61
711.274	10233.02
711.469	10620.08
711.664	10302.65
711.859	10005.69
712.054	10151.1
712.249	10423.48
712.443	10558.64
712.638	9757.89
712.833	9585.86
713.028	10190.01
713.223	10208.44
713.417	10300.6
713.612	9682.11
713.807	10501.3
714.002	11310.25
714.196	10124.47
714.391	9766.08
714.586	10364.09
714.78	10587.32
714.975	9784.51
715.17	9809.09
715.364	10177.72
715.559	10448.05
715.754	9360.58
715.948	9587.91
716.143	10814.64
716.337	9993.4
716.532	10044.6
716.726	9835.71
716.921	10474.68
717.115	10634.42
717.31	9544.9
717.504	10863.79
717.699	10278.07
717.893	10239.16
718.088	9577.67
718.282	9536.71
718.476	9950.4
718.671	10478.77
718.865	9882.81
719.059	9737.41
719.254	10339.51
719.448	10505.4
719.642	12141.72
719.837	9395.4
720.031	12090.52
720.225	10292.41
720.419	9817.28
720.614	9575.62
720.808	9907.39
721.002	9956.54
721.196	9516.23
721.39	9479.36
721.585	10030.27
721.779	10427.57
721.973	9573.57
722.167	9372.87
722.361	10005.69
722.555	10292.41
722.749	9721.02
722.943	9817.28
723.137	9802.94
723.331	10179.77
723.525	9481.41
723.719	9606.34
723.913	10069.18
724.107	10394.81
724.301	9258.18
724.495	9467.08
724.689	10384.57
724.883	9987.26
725.077	9475.27
725.271	9620.67
725.465	10134.71
725.659	10032.32
725.853	9657.54
726.046	9141.45
726.24	9632.96
726.434	10063.04
726.628	9620.67
726.822	9569.48
727.015	10030.27
727.209	10339.51
727.403	9419.97
727.596	9174.22
727.79	9655.49
727.984	10147
728.177	9319.62
728.371	9344.2
728.565	9948.35
728.758	9696.45
728.952	9333.96
729.146	9209.03
729.339	10030.27
729.533	9997.5
729.726	9596.1
729.92	9301.19
730.113	10171.58
730.307	10042.56
730.5	9614.53
730.694	9446.6
730.887	9901.25
731.081	9958.59
731.274	9252.04
731.468	9628.87
731.661	9850.05
731.854	9827.52
732.048	9415.88
732.241	9383.11
732.435	9905.34
732.628	9893.05
732.821	9704.64
733.014	9241.8
733.208	9835.71
733.401	9968.83
733.594	9655.49
733.788	9514.18
733.981	10071.23
734.174	10130.62
734.367	9401.54
734.56	9585.86
734.754	10261.69
734.947	9813.18
735.14	8961.23
735.333	9473.22
735.526	10134.71
735.719	9684.16
735.912	9139.4
736.105	9370.82
736.298	10181.82
736.491	10122.43
736.684	9417.93
736.877	9217.22
737.07	10157.24
737.263	10210.49
737.456	9430.21
737.649	9258.18
737.842	9837.76
738.035	10075.32
738.228	9438.41
738.421	9776.32
738.614	10306.74
738.807	10120.38
739	9231.56
739.192	9393.35
739.385	9817.28
739.578	9968.83
739.771	9964.73
739.964	9047.24
740.156	10097.85
740.349	9934.01
740.542	9645.25
740.735	9069.77
740.927	9311.43
741.12	9495.75
741.313	9061.58
741.505	9475.27
741.698	9768.13
741.891	9821.38
742.083	9321.67
742.276	9196.74
742.468	10149.05
742.661	9682.11
742.854	9270.47
743.046	8948.94
743.239	9907.39
743.431	9813.18
743.624	9145.55
743.816	9088.2
744.009	9376.97
744.201	9819.33
744.393	9665.73
744.586	8885.45
744.778	9794.75
744.971	9518.28
745.163	9272.52
745.355	9331.91
745.548	9598.15
745.74	9589.95
745.932	9084.11
746.125	9129.16
746.317	10038.46
746.509	9796.8
746.702	8987.85
746.894	9153.74
747.086	9600.19
747.278	9780.42
747.471	9432.26
747.663	9456.84
747.855	9882.81
748.047	10013.88
748.239	8983.76
748.431	9172.17
748.623	9962.69
748.815	9737.41
749.008	8975.56
749.2	9229.51
749.392	9596.1
749.584	9741.5
749.776	9331.91
749.968	9536.71
750.16	9966.78
750.352	9526.47
750.544	9483.46
750.736	8985.8
750.928	9438.41
751.12	9651.39
751.311	9039.05
751.503	9323.72
751.695	9342.15
751.887	9610.43
752.079	8854.73
752.271	9135.31
752.463	10214.59
752.654	9536.71
752.846	9159.88
753.038	8850.64
753.23	9303.24
753.421	9458.88
753.613	9000.14
753.805	9376.97
753.997	9501.89
754.188	9864.38
754.38	8811.73
754.572	8989.9
754.763	9469.12
754.955	9583.81
755.146	9094.35
755.338	9077.96
755.53	9778.37
755.721	9340.1
755.913	8656.08
756.104	8760.53
756.296	9348.29
756.487	9821.38
756.679	8717.52
756.87	8774.86
757.062	9333.96
757.253	9454.79
757.445	8877.26
757.636	9057.48
757.827	9417.93
758.019	9974.97
758.21	8645.84
758.401	8799.44
758.593	9891.01
758.784	9714.88
758.975	8445.14
759.167	8719.57
759.358	9233.61
759.549	9442.5
759.74	8807.63
759.932	8682.7
760.123	9276.62
760.314	9333.96
760.505	8602.83
760.696	8565.97
760.888	9325.77
761.079	9161.93
761.27	8484.05
761.461	8361.17
761.652	9448.65
761.843	9172.17
762.034	8942.8
762.225	9372.87
762.416	8991.95
762.607	9073.87
762.798	8514.77
762.989	8807.63
763.18	10265.78
763.371	9172.17
763.562	8535.25
763.753	8320.21
763.944	8901.84
764.135	8889.55
764.326	8727.76
764.517	8762.58
764.708	9116.87
764.899	9213.13
765.089	8269.02
765.28	8430.8
765.471	8666.32
765.662	9004.24
765.853	8602.83
766.043	8330.45
766.234	9151.69
766.425	8948.94
766.615	8504.53
766.806	8293.59
766.997	9030.86
767.187	8965.32
767.378	8346.84
767.569	8164.57
767.759	8924.37
767.95	8742.1
768.141	8723.66
768.331	8436.95
768.522	9049.29
768.712	8918.22
768.903	8152.28
769.093	8428.76
769.284	9041.1
769.474	8920.27
769.665	7957.72
769.855	7924.96
770.046	8905.93
770.236	8750.29
770.426	8443.09
770.617	8066.27
770.807	8570.07
770.998	8856.78
771.188	8359.13
771.378	8230.1
771.569	8834.25
771.759	8584.4
771.949	7863.52
772.139	7814.37
772.33	8602.83
772.52	8639.7
772.71	7927
772.9	7881.95
773.09	8660.18
773.281	9039.05
773.471	7982.3
773.661	8080.6
773.851	8641.75
774.041	8541.39
774.231	7843.04
774.421	8348.89
774.611	8697.04
774.802	8711.38
774.992	8037.59
775.182	7759.07
775.372	8668.37
775.562	8738
775.752	7881.95
775.942	8197.34
776.131	8832.21
776.321	8453.33
776.511	7754.97
776.701	7795.93
776.891	8735.95
777.081	8350.93
777.271	7781.6
777.461	7828.7
777.651	8391.89
777.84	8711.38
778.03	7972.06
778.22	7763.17
778.41	8307.93
778.599	8240.34
778.789	7832.8
778.979	7638.24
779.169	8246.49
779.358	8056.03
779.548	8031.45
779.738	7404.77
779.927	8176.86
780.117	7865.57
780.307	7664.86
780.496	7245.03
780.686	8318.17
780.875	8770.77
781.065	7572.71
781.254	7652.58
781.444	8240.34
781.633	8297.69
781.823	7529.7
782.012	7589.09
782.202	8183
782.391	8017.11
782.581	7548.13
782.77	7744.74
782.96	8250.58
783.149	7935.2
783.338	7591.14
783.528	7273.7
783.717	8314.07
783.906	8516.82
784.096	7517.41
784.285	7329
784.474	7963.87
784.663	7939.29
784.853	7451.88
785.042	7498.98
785.231	7918.81
785.42	7959.77
785.61	7675.1
785.799	7369.96
785.988	8285.4
786.177	7797.98
786.366	7572.71
786.555	7988.44
786.744	7992.54
786.933	7935.2
787.122	7288.04
787.312	7285.99
787.501	7777.5
787.69	8105.18
787.879	7386.34
788.068	7361.76
788.257	7650.53
788.445	8041.69
788.634	7486.69
788.823	7206.12
789.012	8389.85
789.201	8107.23
789.39	7386.34
789.579	7105.77
789.768	8113.37
789.957	7816.41
790.145	7382.24
790.334	6876.4
790.523	7451.88
790.712	7720.16
790.9	7435.49
791.089	7001.32
791.278	7826.65
791.467	7777.5
791.655	7539.94
791.844	8176.86
792.033	7707.87
792.221	7718.11
792.41	7087.34
792.599	6903.02
792.787	7718.11
792.976	7974.11
793.164	7029.99
793.353	7111.91
793.541	7869.66
793.73	7836.89
793.918	7017.71
794.107	7077.1
794.295	7671.01
794.484	7615.71
794.672	7128.3
794.861	7081.19
795.049	7572.71
795.238	8135.9
795.426	6835.44
795.614	7083.24
795.803	7701.73
795.991	7888.09
796.179	6798.57
796.368	6825.2
796.556	7947.48
796.744	7439.59
796.932	6595.82
797.121	6847.72
797.309	7435.49
797.497	7681.25
797.685	7036.14
797.874	6972.65
798.062	7759.07
798.25	7750.88
798.438	6974.7
798.626	6866.16
798.814	7734.5
799.002	7955.68
799.19	7107.82
799.378	7079.15
799.566	7484.64
799.755	7746.78
799.943	7142.63
800.131	6843.63
800.318	7433.44
800.506	7599.33
800.694	6675.7
800.882	7042.28
801.07	7892.19
801.258	7564.51
801.446	7144.68
801.634	7349.48
801.822	7695.58
802.01	7744.74
802.197	7095.53
802.385	7132.39
802.573	7757.02
802.761	7480.55
802.949	6991.08
803.136	6659.31
803.324	7556.32
803.512	7587.04
803.699	7056.62
803.887	6673.65
804.075	7785.69
804.262	7441.64
804.45	6595.82
804.638	7032.04
804.825	7419.11
805.013	7052.52
805.201	6878.44
805.388	6810.86
805.576	7533.79
805.763	7820.51
805.951	6972.65
806.138	7011.56
806.326	7662.82
806.513	7705.82
806.701	6995.18
806.888	6862.06
807.075	7566.56
807.263	7720.16
807.45	6864.11
807.638	7075.05
807.825	7884
808.012	7845.09
808.2	7191.78
808.387	7589.09
808.574	7621.86
808.761	8058.07
808.949	7132.39
809.136	7271.65
809.323	7503.07
809.51	7515.36
809.698	7400.68
809.885	7242.98
810.072	7744.74
810.259	7859.42
810.446	7154.92
810.633	6964.46
810.82	7566.56
811.008	7855.33
811.195	7349.48
811.382	7277.8
811.569	7924.96
811.756	7335.14
811.943	7339.24
812.13	7027.95
812.317	7730.4
812.504	7349.48
812.691	7142.63
812.878	7316.71
813.064	8197.34
813.251	7605.47
813.438	7048.43
813.625	7345.38
813.812	7689.44
813.999	7865.57
814.186	7415.01
814.372	7032.04
814.559	7769.31
814.746	8170.71
814.933	7085.29
815.12	7298.28
815.306	7615.71
815.493	7681.25
815.68	7083.24
815.866	7003.37
816.053	7873.76
816.24	7775.45
816.426	7152.87
816.613	6806.77
816.799	7591.14
816.986	7906.52
817.173	6970.6
817.359	6958.32
817.546	7615.71
817.732	7402.72
817.919	6776.05
818.105	7238.89
818.292	7808.22
818.478	7529.7
818.665	7329
818.851	6982.89
819.037	8291.54
819.224	7650.53
819.41	6808.81
819.597	6730.99
819.783	8158.42
819.969	7490.79
820.156	6886.64
820.342	6972.65
820.528	9057.48
820.714	7285.99
820.901	7302.37
821.087	6900.97
821.273	7730.4
821.459	7720.16
821.646	6618.35
821.832	6917.36
822.018	7568.61
822.204	7523.55
822.39	6817.01
822.576	6730.99
822.762	7603.43
822.948	7777.5
823.134	7208.17
823.32	6839.53
823.507	7390.44
823.693	7539.94
823.879	7742.69
824.065	6886.64
824.25	7451.88
824.436	7372
824.622	6919.4
824.808	6763.76
824.994	7185.64
825.18	7218.41
825.366	6509.81
825.552	6606.06
825.738	7343.33
825.923	7556.32
826.109	7193.83
826.295	6610.16
826.481	7218.41
826.667	6974.7
826.852	7130.34
827.038	6374.64
827.224	7455.97
827.409	7584.99
827.595	6532.34
827.781	6919.4
827.966	7447.78
828.152	7640.29
828.338	6753.52
828.523	6550.77
828.709	7165.16
828.894	7380.2
829.08	6444.27
829.266	6513.91
829.451	6986.99
829.637	7206.12
829.822	6927.6
830.008	6569.2
830.193	7247.08
830.378	7601.38
830.564	6628.59
830.749	6763.76
830.935	7267.56
831.12	7169.26
831.305	6563.06
831.491	6747.37
831.676	6812.91
831.861	7267.56
832.047	6618.35
832.232	6563.06
832.417	7447.78
832.602	7439.59
832.788	6583.54
832.973	6507.76
833.158	7134.44
833.343	6997.23
833.528	6751.47
833.714	6657.26
833.899	7079.15
834.084	7564.51
834.269	6841.58
834.454	6372.6
834.639	7167.21
834.824	7128.3
835.009	6784.24
835.194	6796.53
835.379	7412.96
835.564	7654.62
835.749	6821.1
835.934	6391.03
836.119	7070.95
836.304	7156.97
836.489	6288.63
836.674	6704.37
836.859	6710.51
837.044	7376.1
837.228	6331.64
837.413	6296.82
837.598	7001.32
837.783	6980.84
837.968	6302.97
838.152	6167.8
838.337	6315.25
838.522	7267.56
838.707	7212.26
838.891	6587.63
839.076	6778.09
839.261	6784.24
839.445	6280.44
839.63	6540.53
839.815	7251.17
839.999	6769.9
840.184	6249.72
840.368	6286.58
840.553	7118.06
840.737	6937.84
840.922	6089.98
841.106	5987.58
841.291	6538.48
841.475	6872.3
841.66	6235.38
841.844	6214.9
842.029	7263.46
842.213	6616.3
842.397	6081.78
842.582	5836.03
842.766	6890.73
842.951	6874.35
843.135	6163.7
843.319	6251.77
843.504	6718.7
843.688	7087.34
843.872	5885.18
844.056	5954.81
844.241	6624.5
844.425	6532.34
844.609	6368.5
844.793	5860.6
844.977	6716.65
845.161	6597.87
845.346	5811.45
845.53	5954.81
845.714	6620.4
845.898	7095.53
846.082	5762.3
846.266	5817.6
846.45	6425.84
846.634	6710.51
846.818	5993.72
847.002	6223.09
847.186	6452.47
847.37	6229.24
847.554	5838.08
847.738	5946.62
847.922	6495.47
848.106	6427.89
848.29	5743.87
848.473	5842.17
848.657	6608.11
848.841	6300.92
849.025	5805.31
849.209	5686.53
849.392	6761.71
849.576	6309.11
849.76	5414.15
849.944	6120.7
850.127	6829.29
850.311	6272.25
850.495	5653.76
850.678	5565.7
850.862	6216.95
851.046	6624.5
851.229	6206.71
851.413	5543.17
851.596	6673.65
851.78	6280.44
851.964	5752.06
852.147	5881.08
852.331	6829.29
852.514	6583.54
852.698	5952.76
852.881	5436.67
853.065	6339.83
853.248	6259.96
853.431	5774.59
853.615	5911.8
853.798	7013.61
853.982	6429.94
854.165	5946.62
854.348	5600.51
854.532	5922.04
854.715	6018.3
854.898	5731.58
855.081	5590.27
855.265	6718.7
855.448	6882.54
855.631	5514.5
855.814	5580.03
855.997	6235.38
856.181	6243.57
856.364	5672.19
856.547	5276.93
856.73	6270.2
856.913	6171.9
857.096	5235.97
857.279	5676.29
857.462	6112.5
857.645	6237.43
857.828	5745.92
858.011	5958.91
858.194	5917.95
858.377	6126.84
858.56	5307.65
858.743	5434.63
858.926	5836.03
859.109	5977.34
859.292	5195.01
859.475	5326.08
859.658	6141.18
859.841	5913.85
860.023	5321.99
860.206	5332.23
860.389	5897.47
860.572	5905.66
860.755	5362.95
860.937	5408
861.12	5532.93
861.303	5876.99
861.486	5354.76
861.668	5104.9
861.851	5651.71
862.034	6089.98
862.216	5588.22
862.399	5016.84
862.581	5852.41
862.764	5989.63
862.947	5346.56
863.129	5135.62
863.312	5473.54
863.494	6024.44
863.677	5739.77
863.859	4891.91
864.042	5936.38
864.224	5602.56
864.406	5408
864.589	4867.34
864.771	5573.89
864.954	5608.7
865.136	5160.2
865.318	4801.8
865.501	6286.58
865.683	5117.19
865.865	5096.71
866.048	4902.15
866.23	5911.8
866.412	5704.96
866.594	4904.2
866.777	5254.41
866.959	5412.1
867.141	5473.54
867.323	5393.67
867.505	5176.58
867.687	5426.43
867.869	5541.12
868.052	4965.64
868.234	4916.49
868.416	5549.31
868.598	5641.47
868.78	4992.27
868.962	4760.84
869.144	5899.52
869.326	5436.67
869.508	4902.15
869.69	4875.53
869.872	5352.71
870.054	5881.08
870.236	4785.42
870.417	5010.7
870.599	5424.39
870.781	5811.45
870.963	5209.35
871.145	4945.16
871.327	5315.84
871.508	5637.38
871.69	4922.63
871.872	5068.04
872.054	5438.72
872.235	5553.41
872.417	4979.98
872.599	4801.8
872.78	6077.69
872.962	5473.54
873.144	4732.17
873.325	4953.35
873.507	5764.35
873.689	5758.21
873.87	4760.84
874.052	5086.47
874.233	5272.84
874.415	5868.8
874.596	5184.77
874.778	4744.46
874.959	5747.97
875.141	5836.03
875.322	4945.16
875.503	4746.51
875.685	5311.75
875.866	5088.52
876.048	4801.8
876.229	4683.02
876.41	5309.7
876.592	5717.25
876.773	4844.81
876.954	4803.85
877.136	5629.18
877.317	5498.11
877.498	4762.89
877.679	5063.94
877.86	5522.69
878.042	5496.07
878.223	4914.44
878.404	5698.81
878.585	5608.7
878.766	5930.23
878.947	5494.02
879.128	5268.74
879.309	5680.38
879.49	5850.36
879.672	5135.62
879.853	5012.74
880.034	5399.81
880.215	5647.62
880.396	5233.93
880.576	5006.6
880.757	5340.42
880.938	6092.02
881.119	4900.11
881.3	5008.65
881.481	5610.75
881.662	6604.02
881.843	4781.32
882.023	4850.96
882.204	5930.23
882.385	5532.93
882.566	5098.76
882.747	5086.47
882.927	5672.19
883.108	5711.1
883.289	5035.27
883.469	5559.55
883.65	5737.73
883.831	5793.02
884.011	5448.96
884.192	5031.18
884.373	5668.09
884.553	5573.89
884.734	5219.59
884.914	5612.8
885.095	6827.25
885.275	5862.65
885.456	5481.73
885.636	5008.65
885.817	5627.14
885.997	5971.19
886.178	5117.19
886.358	5326.08
886.538	5809.4
886.719	7392.48
886.899	5143.81
887.08	5246.21
887.26	6173.94
887.44	5549.31
887.621	5403.91
887.801	5426.43
887.981	6262.01
888.161	6128.89
888.342	5426.43
888.522	5342.47
888.702	6118.65
888.882	6046.97
889.062	5362.95
889.242	4951.31
889.423	6159.61
889.603	6053.11
889.783	5571.84
889.963	5381.38
890.143	5788.92
890.323	6014.2
890.503	5215.49
890.683	5285.12
890.863	5735.68
891.043	5680.38
891.223	5362.95
891.403	5367.04
891.583	6006.01
891.763	6016.25
891.943	5397.76
892.122	5553.41
892.302	5766.4
892.482	5653.76
892.662	5489.92
892.842	5186.82
893.022	5713.15
893.201	5893.37
893.381	5465.35
893.561	5178.63
893.741	5879.04
893.92	5590.27
894.1	5428.48
894.28	5229.83
894.459	5872.89
894.639	5690.62
894.819	5203.21
894.998	5330.18
895.178	5756.16
895.357	5573.89
895.537	5100.81
895.716	4947.21
895.896	5651.71
896.075	6190.33
896.255	5113.1
896.434	4685.07
896.614	6274.29
896.793	5842.17
896.973	5463.3
897.152	5424.39
897.331	5518.59
897.511	5678.33
897.69	4838.67
897.87	5152.01
898.049	5737.73
898.228	5405.95
898.407	5192.97
898.587	5143.81
898.766	5225.73
898.945	5598.46
899.124	5512.45
899.304	4963.59
899.483	5643.52
899.662	5979.39
899.841	4953.35
900.02	4850.96
900.199	5588.22
900.378	5582.08
900.557	4793.61
900.737	4723.98
900.916	5285.12
901.095	5367.04
901.274	5088.52
901.453	4572.43
901.632	5244.17
901.811	5143.81
901.989	4510.99
902.168	4531.47
902.347	5428.48
902.526	5154.05
902.705	4744.46
902.884	5002.5
903.063	5688.57
903.242	5418.24
903.42	4658.45
903.599	4791.56
903.778	5235.97
903.957	5528.83
904.135	4879.63
904.314	4721.93
904.493	5102.86
904.672	5131.53
904.85	4885.77
905.029	4695.31
905.207	5100.81
905.386	5653.76
905.565	4275.48
905.743	4523.28
905.922	5115.14
906.1	5113.1
906.279	4160.79
906.457	4271.38
906.636	4867.34
906.814	4805.9
906.993	4418.83
907.171	4203.8
907.35	4750.6
907.528	5416.19
907.707	4687.12
907.885	3884.31
908.063	4920.59
908.242	4617.49
908.42	4175.13
908.598	3941.66
908.777	4844.81
908.955	4521.23
909.133	4287.76
909.311	3884.31
909.49	4486.42
909.668	4580.62
909.846	4185.37
910.024	4042.01
910.202	4633.87
910.38	4861.2
910.559	4171.03
910.737	4080.92
910.915	4615.44
911.093	4859.15
911.271	4283.67
911.449	4295.96
911.627	4844.81
911.805	5301.51
911.983	4171.03
912.161	4148.5
912.339	4625.68
912.517	4979.98
912.695	4482.32
912.872	4173.08
913.05	4871.43
913.228	5049.61
913.406	4236.56
913.584	4295.96
913.762	5121.29
913.939	4801.8
914.117	4130.07
914.295	4451.6
914.473	4803.85
914.65	5072.14
914.828	4541.71
915.006	4164.89
915.184	4726.03
915.361	4828.43
915.539	4668.69
915.716	4701.45
915.894	4680.97
916.072	4826.38
916.249	5121.29
916.427	4482.32
916.604	4687.12
916.782	5027.08
916.959	4285.72
917.137	4244.76
917.314	4740.36
917.492	4730.13
917.669	4375.83
917.847	4298
918.024	4707.6
918.201	4410.64
918.379	4326.68
918.556	4406.55
918.733	4613.39
918.911	4427.03
919.088	4560.14
919.265	4156.69
919.442	4572.43
919.62	4875.53
919.797	4228.37
919.974	4033.82
920.151	4865.29
920.328	4586.77
920.506	3966.23
920.683	4674.83
920.86	4349.2
921.037	4478.22
921.214	4056.34
921.391	3978.52
921.568	4697.36
921.745	4273.43
921.922	4105.49
922.099	4144.41
922.276	4680.97
922.453	4308.24
922.63	3837.21
922.807	4343.06
922.984	4578.58
923.161	4347.15
923.338	4046.1
923.514	3751.2
923.691	4451.6
923.868	4752.65
924.045	3777.82
924.222	3652.89
924.399	4416.79
924.575	4332.82
924.752	4099.35
924.929	3982.62
925.105	4070.68
925.282	4035.86
925.459	4039.96
925.635	3947.8
925.812	4519.18
925.989	4463.89
926.165	3974.42
926.342	3783.96
926.518	4222.23
926.695	4224.28
926.871	3693.85
927.048	3738.91
927.224	4343.06
927.401	4035.86
927.577	3988.76
927.754	3566.88
927.93	4474.13
928.107	4361.49
928.283	3550.5
928.459	3949.85
928.636	4285.72
928.812	4113.69
928.988	3550.5
929.165	3611.93
929.341	3906.84
929.517	4175.13
929.693	4277.52
929.87	3288.36
930.046	4068.63
930.222	4044.06
930.398	3429.66
930.574	3642.65
930.751	3794.2
930.927	3837.21
931.103	3544.35
931.279	3493.15
931.455	3720.48
931.631	4060.44
931.807	3304.74
931.983	3261.73
932.159	3380.51
932.335	3753.24
932.511	3458.34
932.687	3405.09
932.863	3636.51
933.039	3724.57
933.215	3147.05
933.391	3132.71
933.566	3700
933.742	3585.31
933.918	3245.35
934.094	2878.76
934.27	3495.2
934.445	3384.61
934.621	3249.44
934.797	2954.54
934.973	3609.89
935.148	3216.68
935.324	2901.29
935.5	2622.77
935.675	3493.15
935.851	3380.51
936.027	2985.26
936.202	2946.34
936.378	3460.38
936.553	3140.9
936.729	3540.26
936.904	2706.73
937.08	2778.41
937.255	2843.95
937.431	2506.03
937.606	2366.77
937.782	2809.13
937.957	3038.5
938.133	2508.08
938.308	2200.88
938.483	2796.84
938.659	2635.05
938.834	2405.68
939.009	2063.67
939.185	2747.69
939.36	2366.77
939.535	1688.89
939.71	2393.39
939.886	2862.38
940.061	2442.54
940.236	2417.97
940.411	2053.43
940.586	2604.33
940.761	2487.6
940.937	2139.44
941.112	1979.7
941.287	2325.81
941.462	2215.22
941.637	1865.02
941.812	1824.06
941.987	2317.62
942.162	2196.79
942.337	2049.33
942.512	1842.49
942.687	2622.77
942.862	2215.22
943.037	1592.64
943.212	1549.63
943.386	2057.53
943.561	2172.21
943.736	2055.48
943.911	2473.26
944.086	2497.84
944.26	2196.79
944.435	1887.54
944.61	1996.09
944.785	2288.95
944.959	2917.67
945.134	1785.15
945.309	1662.27
945.483	1797.43
945.658	2293.04
945.833	1498.43
946.007	1602.88
946.182	2637.1
946.357	1987.89
946.531	1754.43
946.706	1860.92
946.88	1994.04
947.055	2186.55
947.229	1789.24
947.404	1557.82
947.578	2223.41
947.752	2141.49
947.927	1735.99
948.101	1492.29
948.276	2546.99
948.45	2307.38
948.624	2174.26
948.799	1865.02
948.973	2202.93
949.147	2055.48
949.321	1975.61
949.496	1926.46
949.67	2815.27
949.844	2143.54
950.018	1944.89
950.193	1854.78
950.367	2979.11
950.541	2258.23
950.715	1873.21
950.889	1983.8
951.063	2303.28
951.237	2495.79
951.411	1627.45
951.585	1701.18
951.759	2352.43
951.933	2315.57
952.107	1754.43
952.281	2143.54
952.455	2512.17
952.629	2483.5
952.803	1951.03
952.977	2016.57
953.151	2475.31
953.325	2166.07
953.499	2094.39
953.672	1738.04
953.846	2303.28
954.02	2315.57
954.194	1850.68
954.368	1854.78
954.541	2610.48
954.715	2321.71
954.889	2110.77
955.062	1795.39
955.236	2237.75
955.41	2485.55
955.583	2202.93
955.757	1852.73
955.93	2436.4
956.104	2237.75
956.278	1895.74
956.451	1893.69
956.625	2510.13
956.798	2794.79
956.972	2458.93
957.145	1813.82
957.319	2741.55
957.492	2385.2
957.665	2385.2
957.839	1881.4
958.012	2374.96
958.185	2172.21
958.359	2118.96
958.532	2209.08
958.705	2360.63
958.879	2241.84
959.052	2168.12
959.225	1797.43
959.398	2524.46
959.572	2493.74
959.745	2030.9
959.918	2026.81
960.091	2467.12
960.264	2782.51
960.438	1860.92
960.611	1928.5
960.784	2729.26
960.957	2237.75
961.13	2647.34
961.303	2014.52
961.476	2336.05
961.649	2833.71
961.822	2102.58
961.995	2172.21
962.168	2338.1
962.341	2725.16
962.514	2016.57
962.686	1973.56
962.859	2477.36
963.032	2667.82
963.205	2108.73
963.378	1705.28
963.551	2608.43
963.723	2270.51
963.896	2139.44
964.069	2166.07
964.242	2399.54
964.414	2966.82
964.587	2098.49
964.76	2221.36
964.932	2499.89
965.105	2530.61
965.278	2020.66
965.45	1961.27
965.623	2598.19
965.795	2540.85
965.968	2084.15
966.14	2043.19
966.313	2336.05
966.485	2450.74
966.658	1938.74
966.83	2002.23
967.003	2622.77
967.175	2479.41
967.348	1934.65
967.52	2024.76
967.692	2831.66
967.865	2671.92
968.037	1965.37
968.209	2307.38
968.382	2526.51
968.554	2649.39
968.726	2065.72
968.898	1903.93
969.071	2688.3
969.243	2508.08
969.415	2026.81
969.587	2237.75
969.759	2884.91
969.932	2377.01
970.104	2008.37
970.276	1643.84
970.448	2370.87
970.62	2243.89
970.792	2176.31
970.964	2155.83
971.136	2891.05
971.308	2372.91
971.48	1725.75
971.652	2026.81
971.824	2503.98
971.996	2133.3
972.168	1994.04
972.339	1858.87
972.511	2276.66
972.683	2366.77
972.855	2295.09
973.027	1723.71
973.199	2673.96
973.37	2553.13
973.542	2080.05
973.714	2086.2
973.886	2084.15
974.057	2551.09
974.229	1709.37
974.401	1893.69
974.572	2078.01
974.744	2010.42
974.915	1752.38
975.087	1830.2
975.259	2590
975.43	2061.62
975.602	1709.37
975.773	1727.8
975.945	2114.87
976.116	2436.4
976.288	1625.4
976.459	2157.88
976.63	1996.09
976.802	2231.6
976.973	1709.37
977.145	2102.58
977.316	2884.91
977.487	2682.16
977.659	2014.52
977.83	1844.54
978.001	2596.14
978.172	2385.2
978.344	1766.71
978.515	1756.47
978.686	2088.25
978.857	2583.85
979.028	1809.72
979.2	1623.36
979.371	2491.7
979.542	2020.66
979.713	1920.31
979.884	1361.22
980.055	2010.42
980.226	2065.72
980.397	1709.37
980.568	1559.87
980.739	2348.34
980.91	1971.51
981.081	2041.14
981.252	1586.49
981.423	2088.25
981.594	2078.01
981.765	1561.92
981.936	1875.26
982.106	1961.27
982.277	2336.05
982.448	1443.14
982.619	1903.93
982.79	1787.19
982.96	2104.63
983.131	1908.02
983.302	1307.97
983.472	1955.13
983.643	2104.63
983.814	1649.98
983.984	1639.74
984.155	1942.84
984.326	2102.58
984.496	1809.72
984.667	1660.22
984.837	1690.94
985.008	2411.82
985.178	2016.57
985.349	1557.82
985.519	1877.3
985.69	1719.61
985.86	1539.39
986.031	1402.18
986.201	1983.8
986.371	1901.88
986.542	1359.17
986.712	1254.72
986.882	2049.33
987.053	1860.92
987.223	1336.64
987.393	1801.53
987.563	1824.06
987.734	2078.01
987.904	2057.53
988.074	1410.37
988.244	1725.75
988.414	1752.38
988.585	1324.35
988.755	1637.69
988.925	1819.96
989.095	2164.02
989.265	1375.55
989.435	1570.11
989.605	1848.63
989.775	2178.36
989.945	1787.19
990.115	1148.23
990.285	1690.94
990.455	1690.94
990.625	1551.68
990.795	1242.43
990.965	2172.21
991.134	1566.01
991.304	1213.76
991.474	1254.72
991.644	1758.52
991.814	2129.2
991.984	1097.03
992.153	1238.34
992.323	1494.33
992.493	1922.36
992.662	1090.88
992.832	1400.13
993.002	1658.17
993.171	1908.02
993.341	1070.4
993.511	1295.68
993.68	1574.21
993.85	1828.15
994.019	1148.23
994.189	994.63
994.358	1606.97
994.528	1594.68
994.697	816.46
994.867	1099.08
995.036	1867.06
995.206	1393.98
995.375	1002.82
995.544	1471.81
995.714	1985.85
995.883	1631.55
996.052	1461.57
996.222	736.59
996.391	1901.88
996.56	1680.7
996.73	1008.97
996.899	884.04
997.068	1840.44
997.237	1692.99
997.406	972.1
997.576	836.94
997.745	1809.72
997.914	1475.9
998.083	845.13
998.252	1013.06
998.421	1643.84
998.59	1496.38
998.759	1035.59
998.928	802.12
999.097	1799.48
999.266	1484.09
999.435	1226.05
999.604	757.07
999.773	1707.32
999.942	1486.14
1000.111	681.29
1000.28	826.7
1000.448	1267.01
1000.617	1262.91
1000.786	1299.78
1000.955	681.29
1001.124	1688.89
1001.292	2055.48
1001.461	1068.36
1001.63	689.48
1001.798	1627.45
1001.967	1512.77
1002.136	775.5
1002.304	853.32
1002.473	1631.55
1002.642	1297.73
1002.81	996.68
1002.979	908.62
1003.147	1641.79
1003.316	1688.89
1003.484	871.75
1003.653	877.9
1003.821	1606.97
1003.99	1185.09
1004.158	1113.41
1004.327	937.29
1004.495	1408.32
1004.663	1500.48
1004.832	1049.93
1005	712.01
1005.168	1361.22
1005.337	1271.11
1005.505	589.13
1005.673	1185.09
1005.842	1635.64
1006.01	1207.62
1006.178	562.51
1006.346	765.26
1006.514	1254.72
1006.683	1725.75
1006.851	763.21
1007.019	1045.83
1007.187	1185.09
1007.355	873.8
1007.523	474.45
1007.691	503.12
1007.859	986.44
1008.027	1869.11
1008.195	785.74
1008.363	519.5
1008.531	1193.28
1008.699	1297.73
1008.867	372.05
1009.035	699.72
1009.203	1678.65
1009.37	1213.76
1009.538	695.63
1009.706	1385.79
1009.874	1187.14
1010.042	1226.05
1010.209	566.6
1010.377	621.9
1010.545	1219.91
1010.713	1215.81
1010.88	546.12
1011.048	558.41
1011.216	1144.13
1011.383	1473.85
1011.551	568.65
1011.718	443.73
1011.886	1215.81
1012.054	1393.98
1012.221	331.09
1012.389	525.65
1012.556	1137.99
1012.724	1449.28
1012.891	689.48
1013.058	300.37
1013.226	1207.62
1013.393	1252.67
1013.561	400.72
1013.728	339.28
1013.895	1385.79
1014.063	1197.38
1014.23	345.42
1014.397	486.73
1014.565	1230.15
1014.732	1084.74
1014.899	329.04
1015.066	415.05
1015.233	1236.29
1015.401	1131.84
1015.568	480.59
1015.735	740.68
1015.902	1267.01
1016.069	1418.56
1016.236	517.45
1016.403	263.51
1016.57	892.23
1016.737	1594.68
1016.904	451.92
1017.071	406.86
1017.238	795.98
1017.405	1015.11
1017.572	398.67
1017.739	918.86
1017.906	1461.57
1018.073	1334.59
1018.24	312.66
1018.407	460.11
1018.573	1105.22
1018.74	1072.45
1018.907	484.69
1019.074	208.21
1019.241	1051.97
1019.407	957.77
1019.574	263.51
1019.741	238.93
1019.907	1342.78
1020.074	1498.43
1020.241	48.47
1020.407	122.2
1020.574	894.28
1020.74	959.81
1020.907	247.12
1021.073	236.88
1021.24	1582.4
1021.406	947.53
1021.573	197.97
1021.739	288.08
1021.906	1297.73
1022.072	965.96
1022.239	345.42
1022.405	384.34
1022.571	896.33
1022.738	877.9
1022.904	269.65
1023.07	533.84
1023.237	861.51
1023.403	1189.19
1023.569	314.7
1023.735	365.9
1023.902	1099.08
1024.068	939.33
1024.234	124.24
1024.4	243.03
1024.566	730.44
1024.732	925
1024.898	288.08
1025.065	27.99
1025.231	795.98
1025.397	697.67
1025.563	306.51
1025.729	136.53
1025.895	388.43
1026.061	634.19
1026.227	3.41
1026.392	222.55
1026.558	812.36
1026.724	1002.82
1026.89	251.22
1027.056	265.55
1027.222	693.58
1027.388	773.45
1027.553	392.53
1027.719	148.82
1027.885	1287.49
1028.051	771.4
1028.216	-88.75
1028.382	216.4
1028.548	945.48
1028.713	738.63
1028.879	52.56
1029.045	355.66
1029.21	1117.51
1029.376	963.91
1029.541	224.59
1029.707	200.02
1029.873	908.62
1030.038	1017.16
1030.204	109.91
1030.369	193.87
1030.534	898.38
1030.7	537.93
1030.865	296.27
1031.031	144.72
1031.196	820.55
1031.361	767.31
1031.527	50.52
1031.692	58.71
1031.857	451.92
1032.023	865.61
1032.188	54.61
1032.353	140.63
1032.518	998.73
1032.684	693.58
1032.849	-8.87
1033.014	195.92
1033.179	765.26
1033.344	761.16
1033.509	288.08
1033.674	128.34
1033.839	890.18
1034.004	775.5
1034.17	210.26
1034.335	-105.13
1034.5	623.95
1034.664	494.93
1034.829	21.84
1034.994	161.11
1035.159	453.97
1035.324	836.94
1035.489	140.63
1035.654	-35.5
1035.819	1256.77
1035.984	701.77
1036.148	224.59
1036.313	157.01
1036.478	810.31
1036.643	634.19
1036.807	42.32
1036.972	-113.32
1037.137	1232.19
1037.301	568.65
1037.466	-273.06
1037.631	185.68
1037.795	769.35
1037.96	558.41
1038.124	288.08
1038.289	-137.9
1038.454	634.19
1038.618	865.61
1038.783	193.87
1038.947	175.44
1039.111	476.49
1039.276	617.8
1039.44	-76.46
1039.605	816.46
1039.769	562.51
1039.933	529.74
1040.098	230.74
1040.262	494.93
1040.426	810.31
1040.591	683.34
1040.755	-25.26
1040.919	-41.64
1041.083	857.42
1041.248	531.79
1041.412	-289.45
1041.576	1.37
1041.74	585.04
1041.904	566.6
1042.068	-17.07
1042.232	177.49
1042.397	1058.12
1042.561	621.9
1042.725	-268.97
1042.889	161.11
1043.053	572.75
1043.217	490.83
1043.381	93.52
1043.544	-60.07
1043.708	736.59
1043.872	439.63
1044.036	-228.01
1044.2	-215.72
1044.364	890.18
1044.528	781.64
1044.691	7974.11
1044.855	-185
1045.019	783.69
1045.183	791.88
1045.346	132.44
1045.51	-264.87
1045.674	787.79
1045.837	558.41
1046.001	-55.98
1046.165	-23.21
1046.328	1084.74
1046.492	386.38
1046.655	304.46
1046.819	44.37
1046.983	460.11
1047.146	339.28
1047.31	64.85
1047.473	-324.26
1047.636	488.78
1047.8	335.18
1047.963	120.15
1048.127	-232.1
1048.29	324.94
