345.52	-1311.89
345.736	-1311.89
345.952	-1311.89
346.168	-1326.23
346.384	-1291.41
346.6	-224.42
346.816	-271.53
347.032	-138.41
347.248	484.17
347.464	-318.63
347.68	-181.42
347.896	-56.49
348.112	344.91
348.328	-136.36
348.544	47.96
348.76	205.65
348.975	244.56
349.191	-273.57
349.407	-447.65
349.623	183.12
349.839	119.64
350.055	-230.57
350.27	15.19
350.486	123.73
350.702	344.91
350.918	437.07
351.133	-60.59
351.349	213.84
351.565	545.61
351.781	-330.92
351.996	111.44
352.212	168.79
352.428	131.92
352.644	-253.09
352.859	-220.33
353.075	211.79
353.291	131.92
353.506	-42.15
353.722	-363.69
353.938	47.96
354.153	586.57
354.369	293.71
354.584	-242.85
354.8	234.32
355.016	-64.68
355.231	-423.08
355.447	-46.25
355.662	426.83
355.878	781.13
356.093	-433.32
356.309	13.14
356.524	-11.43
356.74	551.76
356.955	-302.25
357.171	-128.17
357.386	293.71
357.602	45.91
357.817	-56.49
358.033	-189.61
358.248	435.02
358.464	449.36
358.679	-234.66
358.895	-384.16
359.11	84.82
359.325	238.42
359.541	447.31
359.756	86.87
359.972	-158.89
360.187	539.47
360.402	-281.77
360.618	-142.5
360.833	1694.52
361.048	148.31
361.264	-95.4
361.479	-85.16
361.694	252.75
361.909	285.52
362.125	-222.38
362.34	-205.99
362.555	373.58
362.77	277.33
362.986	-347.3
363.201	-195.75
363.416	346.96
363.631	99.16
363.847	-337.06
364.062	-183.46
364.277	260.95
364.492	82.77
364.707	-130.22
364.922	-394.4
365.138	353.1
365.353	439.12
365.568	-400.55
365.783	-240.81
365.998	435.02
366.213	695.11
366.428	-249
366.643	193.36
366.858	346.96
367.073	332.62
367.288	-179.37
367.503	-246.95
367.718	213.84
367.933	467.79
368.148	-412.84
368.363	25.43
368.578	211.79
368.793	592.72
369.008	-152.74
369.223	-287.91
369.438	328.53
369.653	262.99
369.868	-326.82
370.083	-339.11
370.298	293.71
370.513	611.15
370.728	224.08
370.943	-210.09
371.157	-3.24
371.372	719.69
371.587	-394.4
371.802	-314.53
372.017	234.32
372.232	555.85
372.446	60.24
372.661	-212.14
372.876	172.88
373.091	342.86
373.306	-62.63
373.52	-369.83
373.735	93.01
373.95	766.79
374.165	-136.36
374.379	-99.5
374.594	78.68
374.809	516.94
375.023	146.26
375.238	-216.23
375.453	387.92
375.667	41.81
375.882	-124.07
376.097	-263.33
376.311	140.12
376.526	351.06
376.741	-228.52
376.955	332.62
377.17	562
377.384	1080.13
377.599	56.15
377.813	-410.79
378.028	990.02
378.242	465.74
378.457	-11.43
378.672	-312.49
378.886	140.12
379.101	312.14
379.315	-380.07
379.53	-117.93
379.744	547.66
379.958	420.69
380.173	-220.33
380.387	-294.05
380.602	455.5
380.816	103.25
381.031	-64.68
381.245	-240.81
381.459	414.54
381.674	3328.8
381.888	-339.11
382.103	369.49
382.317	205.65
382.531	510.8
382.746	62.29
382.96	-201.9
383.174	209.75
383.388	883.53
383.603	361.3
383.817	-285.86
384.031	244.56
384.246	594.76
384.46	160.59
384.674	877.38
384.888	156.5
385.103	410.45
385.317	-302.25
385.531	152.4
385.745	858.95
385.959	537.42
386.174	-185.51
386.388	-150.7
386.602	267.09
386.816	209.75
387.03	-31.91
387.244	27.48
387.458	418.64
387.672	490.32
387.887	-285.86
388.101	-111.78
388.315	500.56
388.529	351.06
388.743	-68.78
388.957	-81.07
389.171	625.48
389.385	168.79
389.599	-101.55
389.813	185.17
390.027	310.1
390.241	987.97
390.455	37.72
390.669	168.79
390.883	303.95
391.097	791.37
391.311	377.68
391.525	-97.45
391.738	672.59
391.952	656.2
392.166	166.74
392.38	-220.33
392.594	605
392.808	521.04
393.022	146.26
393.236	82.77
393.449	410.45
393.663	805.71
393.877	-177.32
394.091	154.45
394.305	318.29
394.518	269.14
394.732	-156.84
394.946	52.05
395.16	926.54
395.373	435.02
395.587	-203.94
395.801	9.05
396.015	600.91
396.228	529.23
396.442	-122.02
396.656	-298.15
396.869	635.72
397.083	1008.45
397.297	193.36
397.51	86.87
397.724	521.04
397.938	496.46
398.151	-228.52
398.365	-230.57
398.578	717.64
398.792	824.14
399.005	357.2
399.219	95.06
399.433	615.24
399.646	676.68
399.86	349.01
400.073	441.17
400.287	471.89
400.5	543.57
400.714	420.69
400.927	170.83
401.141	750.41
401.354	2018.1
401.567	750.41
401.781	-140.46
401.994	578.38
402.208	977.73
402.421	142.16
402.635	113.49
402.848	306
403.061	691.02
403.275	189.27
403.488	31.57
403.701	867.14
403.915	897.86
404.128	365.39
404.341	119.64
404.555	1014.6
404.768	275.28
404.981	486.22
405.195	236.37
405.408	805.71
405.621	680.78
405.834	551.76
406.048	11.09
406.261	908.1
406.474	787.27
406.687	103.25
406.9	312.14
407.114	746.31
407.327	820.04
407.54	35.67
407.753	-40.11
407.966	506.7
408.179	656.2
408.392	224.08
408.605	0.85
408.819	697.16
409.032	768.84
409.245	273.23
409.458	471.89
409.671	633.68
409.884	820.04
410.097	-25.77
410.31	416.59
410.523	1035.08
410.736	553.8
410.949	332.62
411.162	256.85
411.375	844.62
411.588	678.73
411.801	435.02
412.014	176.98
412.227	521.04
412.44	697.16
412.653	160.59
412.865	605
413.078	1065.8
413.291	856.9
413.504	389.97
413.717	133.97
413.93	936.78
414.143	455.5
414.356	459.6
414.568	62.29
414.781	914.25
414.994	799.56
415.207	410.45
415.42	510.8
415.632	822.09
415.845	1276.74
416.058	111.44
416.271	191.31
416.483	908.1
416.696	1022.79
416.909	308.05
417.121	217.94
417.334	664.4
417.547	971.59
417.759	240.47
417.972	265.04
418.185	729.93
418.397	891.72
418.61	447.31
418.823	299.86
419.035	1198.92
419.248	828.23
419.46	414.54
419.673	521.04
419.885	668.49
420.098	891.72
420.311	435.02
420.523	203.6
420.736	979.78
420.948	865.1
421.161	463.69
421.373	260.95
421.586	652.11
421.798	600.91
422.01	111.44
422.223	754.51
422.435	523.09
422.648	1092.42
422.86	525.13
423.073	529.23
423.285	856.9
423.497	650.06
423.71	420.69
423.922	379.73
424.134	1078.08
424.347	1432.38
424.559	768.84
424.771	998.21
424.984	1180.48
425.196	1024.84
425.408	383.82
425.621	365.39
425.833	1045.32
426.045	1332.03
426.257	312.14
426.47	521.04
426.682	848.71
426.894	938.82
427.106	412.5
427.318	715.59
427.531	955.21
427.743	1067.85
427.955	738.12
428.167	1340.22
428.379	865.1
428.591	893.77
428.804	768.84
429.016	500.56
429.228	1002.31
429.44	1219.39
429.652	14056.06
429.864	459.6
430.076	1020.74
430.288	1080.13
430.5	811.85
430.712	940.87
430.924	1133.38
431.136	1200.96
431.348	482.13
431.56	596.81
431.772	932.68
431.984	904.01
432.196	475.98
432.408	742.22
432.62	1073.99
432.832	1280.83
433.044	992.07
433.256	910.15
433.468	1217.35
433.679	934.73
433.891	586.57
434.103	1106.76
434.315	1600.32
434.527	1456.96
434.739	1076.04
434.95	734.03
435.162	1352.51
435.374	936.78
435.586	899.91
435.798	822.09
436.009	1127.24
436.221	1061.7
436.433	877.38
436.645	815.94
436.856	1160
437.068	1647.42
437.28	822.09
437.491	1311.55
437.703	1434.43
437.915	1405.76
438.126	910.15
438.338	1370.94
438.55	1319.75
438.761	1268.55
438.973	1041.22
439.184	942.92
439.396	1227.59
439.608	1366.85
439.819	918.34
440.031	1086.28
440.242	1637.18
440.454	1475.39
440.665	934.73
440.877	1262.4
441.088	1682.24
441.3	1479.49
441.511	846.66
441.723	992.07
441.934	1762.11
442.146	1700.67
442.357	1256.26
442.569	1602.36
442.78	1747.77
442.991	2155.32
443.203	1602.36
443.414	996.17
443.626	1880.89
443.837	1536.83
444.048	1059.65
444.26	885.58
444.471	1813.31
444.682	1645.37
444.894	1014.6
445.105	1039.17
445.316	1815.35
445.528	1762.11
445.739	1332.03
445.95	1360.7
446.161	1672
446.373	1712.96
446.584	1282.88
446.795	1151.81
447.006	2018.1
447.217	1803.07
447.429	1213.25
447.64	963.4
447.851	2403.12
448.062	1985.34
448.273	1053.51
448.484	1119.04
448.695	1708.86
448.907	1850.17
449.118	1366.85
449.329	1721.15
449.54	1545.02
449.751	1706.81
449.962	1276.74
450.173	1227.59
450.384	1839.93
450.595	2134.84
450.806	1366.85
451.017	1377.09
451.228	2063.16
451.439	1907.51
451.65	1309.51
451.861	1076.04
452.072	1706.81
452.283	1848.12
452.494	1645.37
452.705	1315.65
452.915	2499.38
453.126	1932.09
453.337	1624.89
453.548	1391.42
453.759	2450.22
453.97	2388.78
454.181	2083.64
454.391	1473.34
454.602	2110.26
454.813	2460.46
455.024	1563.45
455.235	1471.29
455.445	2358.07
455.656	2157.36
455.867	1934.14
456.078	1674.04
456.288	1889.08
456.499	2437.94
456.71	1516.35
456.921	1997.62
457.131	2265.91
457.342	2067.25
457.553	1690.43
457.763	1692.48
457.974	2335.54
458.184	2364.21
458.395	1774.39
458.606	1731.39
458.816	2693.93
459.027	2730.8
459.237	2095.93
459.448	1862.46
459.659	2491.18
459.869	3371.81
460.08	1749.82
460.29	2251.57
460.501	2908.97
460.711	2634.54
460.922	1782.59
461.132	1841.98
461.343	3328.8
461.553	2325.3
461.764	1942.33
461.974	2073.4
462.184	2904.87
462.395	2997.03
462.605	2198.32
462.816	1927.99
463.026	2865.96
463.236	2757.42
463.447	2065.21
463.657	2253.62
463.867	2980.65
464.078	2695.98
464.288	2286.39
464.498	2468.66
464.709	2923.3
464.919	2999.08
465.129	2429.74
465.339	2200.37
465.55	2898.73
465.76	3277.6
465.97	2409.26
466.18	2505.52
466.391	3384.1
466.601	3060.52
466.811	2655.02
467.021	2376.5
467.231	3425.06
467.441	3423.01
467.651	2790.19
467.862	2294.58
468.072	3371.81
468.282	3367.71
468.492	2532.14
468.702	2921.26
468.912	3463.97
469.122	4086.55
469.332	3341.09
469.542	2808.62
469.752	3894.04
469.962	3480.35
470.172	3025.7
470.382	3173.16
470.592	3914.52
470.802	3859.23
471.012	3336.99
471.222	3232.55
471.432	3951.39
471.642	4016.92
471.852	3437.34
472.062	3201.83
472.272	3953.43
472.482	3937.05
472.691	3457.82
472.901	3367.71
473.111	3787.55
473.321	4606.74
473.531	3636
473.741	3904.28
473.95	4682.51
474.16	4440.85
474.37	4084.5
474.58	3777.31
474.79	5165.83
474.999	4371.22
475.209	3754.78
475.419	4145.94
475.628	4668.17
475.838	5131.02
476.048	4412.18
476.258	4031.26
476.467	5114.63
476.677	4676.37
476.886	4764.43
477.096	4592.4
477.306	4971.27
477.515	5104.39
477.725	4805.39
477.935	4836.11
478.144	5575.42
478.354	5141.25
478.563	4868.88
478.773	4614.93
478.982	5528.32
479.192	5593.86
479.401	5165.83
479.611	4866.83
479.82	5042.95
480.03	5739.26
480.239	5196.55
480.449	4954.89
480.658	5972.73
480.868	5923.58
481.077	5690.11
481.287	5182.21
481.496	5765.89
481.705	6468.34
481.915	5944.06
482.124	5876.48
482.333	6339.32
482.543	6609.65
482.752	6087.42
482.961	5872.38
483.171	6529.78
483.38	6097.66
483.589	6091.51
483.799	6054.65
484.008	6697.71
484.217	6439.67
484.426	6327.03
484.636	6165.24
484.845	7019.24
485.054	6427.38
485.263	6818.54
485.472	6501.11
485.682	7209.7
485.891	6984.43
486.1	6251.25
486.309	6613.74
486.518	7336.68
486.727	8073.95
486.936	6583.02
487.146	7156.46
487.355	7799.52
487.564	7443.17
487.773	7193.32
487.982	7156.46
488.191	7424.74
488.4	7914.2
488.609	7181.03
488.818	7279.33
489.027	8159.96
489.236	8008.41
489.445	7633.63
489.654	7256.81
489.863	8375
490.072	7955.16
490.281	8162.01
490.49	7885.53
490.698	8637.14
490.907	8848.08
491.116	7811.81
491.325	7721.7
491.534	8585.94
491.743	8200.92
491.952	8071.9
492.16	8190.68
492.369	8778.45
492.578	9108.17
492.787	8352.47
492.996	8573.65
493.204	8643.28
493.413	9259.72
493.622	8336.09
493.831	8024.79
494.039	9280.2
494.248	8884.94
494.457	8506.07
494.665	8188.63
494.874	9294.54
495.083	9820.86
495.291	8803.02
495.5	8878.8
495.709	9624.26
495.917	9347.78
496.126	8930
496.335	8792.78
496.543	9407.17
496.752	9700.03
496.96	9464.52
497.169	8878.8
497.377	9390.79
497.586	10015.42
497.794	9515.72
498.003	9071.31
498.211	9900.73
498.42	9964.22
498.628	9468.61
498.837	9523.91
499.045	10234.55
499.254	9943.74
499.462	9368.26
499.671	9528
499.879	10795.7
500.087	10367.67
500.296	9634.5
500.504	9542.34
500.713	10369.72
500.921	10943.15
501.129	9777.86
501.338	9665.22
501.546	10896.05
501.754	10498.74
501.962	9976.51
502.171	9894.59
502.379	10853.04
502.587	10937.01
502.795	10150.59
503.004	10209.98
503.212	10984.11
503.42	10928.81
503.628	10398.39
503.837	10353.34
504.045	10902.19
504.253	11829.92
504.461	10318.52
504.669	10128.06
504.877	11698.85
505.085	11342.5
505.294	10347.19
505.502	10980.01
505.71	11958.94
505.918	11319.98
506.126	10656.43
506.334	10588.85
506.542	11455.14
506.75	11403.94
506.958	11121.32
507.166	10986.16
507.374	11408.04
507.582	12022.43
507.79	11186.86
507.998	10951.34
508.206	11985.57
508.414	11895.46
508.622	11274.92
508.83	11309.74
509.037	11782.82
509.245	11532.97
509.453	11354.79
509.661	11129.52
509.869	12343.96
510.077	11889.31
510.285	11600.55
510.492	11031.21
510.7	12651.16
510.908	11915.94
511.116	11369.13
511.324	11391.66
511.531	12049.05
511.739	12268.19
511.947	11940.51
512.155	12247.71
512.362	12391.06
512.57	11874.98
512.778	11567.78
512.985	11424.42
513.193	12188.32
513.401	12804.75
513.608	11981.47
513.816	11965.09
514.024	12503.7
514.231	12694.16
514.439	12176.03
514.646	12169.88
514.854	12767.89
515.061	12737.17
515.269	12239.51
515.477	12350.1
515.684	12751.51
515.892	13046.41
516.099	12038.81
516.307	12024.48
516.514	13556.36
516.722	13525.64
516.929	12380.82
517.136	12305.05
517.344	13140.62
517.551	13177.48
517.759	12346.01
517.966	12825.23
518.173	13161.1
518.381	13097.61
518.588	12667.54
518.796	12735.12
519.003	13406.86
519.21	13462.15
519.418	12706.45
519.625	13445.77
519.832	13353.61
520.039	13767.3
520.247	12653.2
520.454	12978.83
520.661	13681.28
520.868	13679.24
521.076	13175.44
521.283	13224.59
521.49	14295.68
521.697	13937.28
521.904	13073.04
522.112	13007.5
522.319	14033.54
522.526	13847.17
522.733	13294.22
522.94	13240.97
523.147	13927.04
523.354	14146.17
523.561	13400.71
523.768	13730.44
523.975	14475.9
524.183	13922.94
524.39	13951.62
524.597	13365.9
524.804	14051.97
525.011	14348.92
525.218	13677.19
525.425	13843.07
525.632	14680.69
525.838	14463.61
526.045	13906.56
526.252	13877.89
526.459	16142.94
526.666	16124.51
526.873	14148.22
527.08	14156.41
527.287	15022.7
527.494	14787.19
527.701	13904.51
527.907	14252.67
528.114	14779
528.321	14877.3
528.528	14602.87
528.735	14588.53
528.941	14867.06
529.148	14598.77
529.355	14811.76
529.562	14516.86
529.768	16196.19
529.975	14840.43
530.182	14871.15
530.388	14310.01
530.595	15481.45
530.802	15059.57
531.008	14967.41
531.215	14895.73
531.422	16345.69
531.628	16310.88
531.835	14905.97
532.042	15377
532.248	15712.87
532.455	15802.98
532.661	15096.43
532.868	15043.18
533.074	16067.17
533.281	16085.6
533.487	15125.1
533.694	15303.28
533.9	15907.43
534.107	15749.73
534.313	15422.06
534.52	15000.18
534.726	15915.62
534.933	16353.88
535.139	15127.15
535.345	15327.85
535.552	16527.96
535.758	16257.63
535.965	15888.99
536.171	15608.42
536.377	16374.36
536.584	16945.75
536.79	15712.87
536.996	15841.89
537.203	16456.28
537.409	16831.06
537.615	15891.04
537.821	16224.86
538.028	17216.08
538.234	16648.79
538.44	16048.74
538.646	16233.05
538.853	16585.3
539.059	16699.99
539.265	16898.64
539.471	16452.19
539.677	17021.52
539.883	16962.13
540.09	17949.25
540.296	17113.68
540.502	17076.82
540.708	16929.36
540.914	17037.91
541.12	16697.94
541.326	17408.59
541.532	17406.54
541.738	16978.51
541.944	16872.02
542.15	17723.97
542.356	17263.18
542.562	16988.75
542.768	17064.53
542.974	17807.94
543.18	17816.13
543.386	17259.09
543.592	16724.57
543.798	18508.35
544.004	17912.39
544.21	17492.55
544.415	17263.18
544.621	18264.64
544.827	18467.39
545.033	17252.94
545.239	17625.67
545.445	18264.64
545.651	18102.85
545.856	17400.4
546.062	17592.9
546.268	18102.85
546.474	18022.98
546.679	17568.33
546.885	17486.41
547.091	18070.08
547.297	18766.39
547.502	17652.3
547.708	17640.01
547.914	17928.77
548.119	18496.06
548.325	17304.14
548.531	17480.27
548.736	18786.87
548.942	18362.94
549.147	17537.61
549.353	18192.96
549.559	19102.26
549.764	18741.82
549.97	17953.35
550.175	17951.3
550.381	18526.78
550.586	18092.61
550.792	17963.59
550.997	18111.04
551.203	19042.87
551.408	18954.8
551.614	18258.49
551.819	18301.5
552.025	19454.51
552.23	19221.04
552.435	18444.86
552.641	19200.56
552.846	18776.63
553.052	20070.95
553.257	18995.76
553.462	18551.35
553.668	19075.63
553.873	19372.59
554.078	18641.46
554.283	18684.47
554.489	19468.84
554.694	19481.13
554.899	18686.52
555.105	19118.64
555.31	19653.16
555.515	19626.54
555.72	19237.42
555.925	20169.25
556.131	20060.71
556.336	19743.27
556.541	18981.43
556.746	18860.6
556.951	20034.08
557.156	19706.41
557.361	19327.53
557.567	19452.46
557.772	20146.72
557.977	20003.36
558.182	19374.64
558.387	19317.29
558.592	19810.86
558.797	20599.32
559.002	19642.92
559.207	19913.25
559.412	20302.37
559.617	20857.37
559.822	19518
560.027	19370.54
560.232	19966.5
560.437	20220.45
560.642	19307.05
560.847	19937.83
561.051	20304.42
561.256	20316.7
561.461	20103.71
561.666	19479.08
561.871	20103.71
562.076	20976.15
562.281	19894.82
562.485	19501.61
562.69	20447.77
562.895	20367.9
563.1	20224.54
563.305	19370.54
563.509	20685.34
563.714	20750.87
563.919	19741.22
564.123	20167.2
564.328	20492.83
564.533	21424.65
564.737	20083.23
564.942	20148.77
565.147	21258.77
565.351	21068.31
565.556	20320.8
565.761	20642.33
565.965	21297.68
566.17	20714.01
566.374	20537.88
566.579	20253.22
566.784	21201.43
566.988	21111.32
567.193	20533.79
567.397	20472.35
567.602	20873.75
567.806	21062.16
568.011	20906.52
568.215	20797.98
568.42	21133.84
568.624	21426.7
568.828	20525.6
569.033	20894.23
569.237	21537.29
569.442	21432.85
569.646	20451.87
569.85	20574.75
570.055	21432.85
570.259	21656.07
570.463	21178.9
570.668	21103.12
570.872	21586.44
571.076	21582.35
571.281	21361.17
571.485	20906.52
571.689	21389.84
571.893	21877.26
572.098	21232.15
572.302	21217.81
572.506	21512.72
572.71	21754.38
572.914	20933.14
573.119	21203.47
573.323	22098.44
573.527	22129.16
573.731	21355.02
573.935	21381.65
574.139	21914.12
574.343	21785.1
574.547	21277.2
574.751	21471.76
574.955	22094.34
575.159	22415.87
575.364	21637.64
575.568	21434.89
575.772	22329.86
575.976	22338.05
576.18	21400.08
576.383	21688.84
576.587	22768.12
576.791	22462.97
576.995	21385.74
577.199	21842.44
577.403	22215.17
577.607	22723.07
577.811	21772.81
578.015	21844.49
578.219	22653.44
578.422	22880.76
578.626	22206.98
578.83	22475.26
579.034	22903.29
579.238	22843.9
579.442	21914.12
579.645	22835.7
579.849	22596.09
580.053	23013.88
580.257	22428.16
580.46	22260.23
580.664	23112.18
580.868	22915.58
581.071	22393.34
581.275	22526.46
581.479	22458.88
581.682	23288.31
581.886	22221.31
582.09	22551.04
582.293	23187.96
582.497	23269.87
582.7	22696.44
582.904	22772.22
583.107	23312.88
583.311	23161.33
583.515	22538.75
583.718	23005.69
583.922	23233.01
584.125	24447.46
584.329	22845.94
584.532	23073.27
584.735	23702
584.939	23464.43
585.142	22741.5
585.346	22757.88
585.549	23855.59
585.753	23691.76
585.956	22981.11
586.159	23302.64
586.363	24054.25
586.566	23906.79
586.769	23075.32
586.973	22956.54
587.176	23853.55
587.379	23820.78
587.582	23572.97
587.786	23929.32
587.989	23998.95
588.192	24791.52
588.395	23149.04
588.599	23722.48
588.802	24148.45
589.005	23986.66
589.208	23716.33
589.411	23583.21
589.615	24105.45
589.818	24750.56
590.021	24142.31
590.224	23937.51
590.427	24744.41
590.63	24601.05
590.833	23730.67
591.036	23831.02
591.239	24134.12
591.442	24195.56
591.645	24236.52
591.848	23933.42
592.051	24365.54
592.254	24863.19
592.457	24089.06
592.66	24101.35
592.863	24777.18
593.066	25383.38
593.269	24259.04
593.472	24175.08
593.675	24918.49
593.878	24728.03
594.081	24343.01
594.284	24250.85
594.486	25080.28
594.689	25147.86
594.892	24515.04
595.095	24609.25
595.298	25401.81
595.5	25295.32
595.703	24955.35
595.906	25323.99
596.109	25536.98
596.311	25401.81
596.514	24136.17
596.717	24666.59
596.92	25774.54
597.122	25684.43
597.325	24621.53
597.528	24814.04
597.73	26155.46
597.933	26087.88
598.136	24889.82
598.338	24719.84
598.541	25715.15
598.743	26046.92
598.946	25268.69
599.148	25002.46
599.351	25903.56
599.554	25883.08
599.756	25426.39
599.959	25348.56
600.161	25946.57
600.363	26448.32
600.566	25840.08
600.768	25432.53
600.971	26210.76
601.173	25881.03
601.376	25321.94
601.578	25448.91
601.78	26001.86
601.983	26941.88
602.185	25352.66
602.388	25874.89
602.59	26198.47
602.792	26155.46
602.995	25967.05
603.197	25457.1
603.399	26165.7
603.601	26560.96
603.804	25653.71
604.006	25889.23
604.208	26233.29
604.41	26024.39
604.613	25962.95
604.815	25485.78
605.017	26769.85
605.219	26380.74
605.421	26620.35
605.623	26100.17
605.826	26911.16
606.028	26941.88
606.23	25729.48
606.432	26098.12
606.634	26624.45
606.836	26804.67
607.038	25932.23
607.24	26128.84
607.442	26423.75
607.644	26620.35
607.846	25936.33
608.048	25682.38
608.25	26735.04
608.452	26466.75
608.654	26221
608.856	25778.64
609.058	26747.33
609.26	26925.5
609.462	25921.99
609.664	26284.48
609.866	26669.5
610.067	26796.48
610.269	26343.88
610.471	25860.55
610.673	26524.1
610.875	26948.03
611.077	25833.93
611.278	26261.96
611.48	26685.89
611.682	26778.04
611.884	26206.66
612.085	26243.52
612.287	26960.31
612.489	26765.76
612.69	26016.2
612.892	26534.34
613.094	27191.73
613.295	26847.68
613.497	26460.61
613.699	26528.19
613.9	27087.29
614.102	26984.89
614.304	26157.51
614.505	25741.77
614.707	27316.66
614.908	27001.27
615.11	26329.54
615.311	26755.52
615.513	27181.49
615.714	27189.69
615.916	26278.34
616.117	26866.11
616.319	27060.66
616.52	27173.3
616.722	26526.14
616.923	26577.34
617.124	27738.54
617.326	27109.82
617.527	26896.83
617.729	27226.55
617.93	27273.65
618.131	27191.73
618.333	26698.17
618.534	26845.63
618.735	27251.13
618.937	27380.15
619.138	26360.26
619.339	26419.65
619.54	27316.66
619.742	27234.74
619.943	26917.31
620.144	26995.13
620.345	27875.76
620.546	27195.83
620.748	27115.96
620.949	27007.42
621.15	27658.67
621.351	27269.56
621.552	26737.09
621.753	26841.53
621.954	27849.13
622.155	28004.78
622.356	26769.85
622.558	27511.22
622.759	28096.94
622.96	28408.23
623.161	26974.65
623.362	26436.03
623.563	27986.35
623.764	27441.59
623.965	27267.51
624.166	27140.54
624.366	27457.97
624.567	27697.58
624.768	26665.41
624.969	26771.9
625.17	27427.25
625.371	27314.61
625.572	27156.92
625.773	26937.79
625.973	27507.12
626.174	27855.28
626.375	26966.46
626.576	27120.06
626.777	27873.71
626.977	27789.74
627.178	27689.39
627.379	27201.97
627.58	27748.78
627.78	27474.35
627.981	27072.95
628.182	27527.6
628.382	27699.63
628.583	27417.01
628.784	27087.29
628.984	27388.34
629.185	27926.96
629.386	28086.7
629.586	27752.88
629.787	27353.52
629.987	27763.12
630.188	28311.97
630.388	27500.98
630.589	27455.92
630.79	28727.71
630.99	27722.16
631.191	27435.44
631.391	27871.66
631.591	27679.15
631.792	28209.57
631.992	27832.75
632.193	27646.38
632.393	28141.99
632.594	27738.54
632.794	27161.01
632.994	27732.4
633.195	28039.59
633.395	28080.55
633.595	27879.85
633.796	27914.67
633.996	28264.87
634.196	28719.52
634.397	27634.1
634.597	27931.05
634.797	28125.61
634.997	28535.2
635.198	27683.25
635.398	27492.79
635.598	28426.66
635.798	28418.47
635.998	28068.27
636.199	27455.92
636.399	27894.19
636.599	27894.19
636.799	27279.8
636.999	27963.82
637.199	28084.65
637.399	28436.9
637.599	27355.57
637.799	27232.69
637.999	28266.92
638.199	28823.97
638.399	28015.02
638.599	27847.08
638.799	28584.35
638.999	28944.8
639.199	28574.11
639.399	28395.94
639.599	28952.99
639.799	28645.79
639.999	27992.49
640.199	28316.07
640.399	28754.33
640.599	28393.89
640.799	28348.84
640.998	28514.72
641.198	28680.61
641.398	28320.17
641.598	28387.75
641.798	28565.92
641.997	29442.45
642.197	28301.73
642.397	28221.86
642.597	28627.36
642.796	28539.3
642.996	28735.9
643.196	28621.22
643.395	28256.68
643.595	29026.71
643.795	28547.49
643.994	27994.54
644.194	28508.58
644.394	29188.5
644.593	29372.82
644.793	28477.86
644.992	28656.03
645.192	29585.81
645.392	28570.02
645.591	28692.9
645.791	28414.37
645.99	29041.05
646.19	28793.25
646.389	28172.71
646.589	28111.27
646.788	29047.19
646.987	28574.11
647.187	29022.62
647.386	28889.5
647.586	29194.65
647.785	29706.64
647.984	28424.61
648.184	29163.93
648.383	29002.14
648.582	28887.45
648.782	28418.47
648.981	28744.09
649.18	28551.59
649.38	28922.27
649.579	28766.62
649.778	29258.13
649.977	29444.5
650.177	29082.01
650.376	28420.52
650.575	28776.86
650.774	29555.09
650.973	29536.66
651.173	28895.64
651.372	29143.45
651.571	29192.6
651.77	30099.85
651.969	29370.77
652.168	29288.85
652.367	29524.37
652.566	29878.67
652.765	29094.3
652.964	29618.58
653.163	30013.84
653.362	29817.23
653.561	28871.07
653.76	29372.82
653.959	29766.03
654.158	29999.5
654.357	29501.84
654.556	29221.27
654.755	29759.89
654.954	29446.55
655.153	29063.58
655.352	29366.68
655.551	30009.74
655.749	29854.09
655.948	29247.9
656.147	29467.03
656.346	30241.16
656.545	29794.7
656.743	28952.99
656.942	29106.59
657.141	29536.66
657.34	29704.59
657.538	29198.74
657.737	29553.04
657.936	30024.08
658.135	30026.12
658.333	29491.6
658.532	29708.69
658.731	30361.99
658.929	29913.48
659.128	29489.56
659.326	29082.01
659.525	29548.95
659.724	29831.57
659.922	29018.52
660.121	29022.62
660.319	29569.43
660.518	29790.61
660.716	29516.18
660.915	29249.94
661.113	30376.33
661.312	29731.22
661.51	29430.16
661.709	29352.34
661.907	29829.52
662.105	30673.28
662.304	29548.95
662.502	29976.97
662.701	30304.65
662.899	29802.89
663.097	30230.92
663.296	29409.68
663.494	30161.29
663.692	30493.06
663.891	29376.92
664.089	29499.8
664.287	30177.67
664.485	30552.45
664.684	29536.66
664.882	29606.29
665.08	30245.26
665.278	30419.33
665.476	29655.44
665.675	30052.75
665.873	30435.72
666.071	30656.9
666.269	29215.13
666.467	30085.51
666.665	30634.37
666.863	30067.08
667.061	29768.08
667.259	29458.84
667.457	29905.29
667.655	30157.19
667.853	29690.26
668.051	29858.19
668.249	29862.29
668.447	30505.35
668.645	29387.16
668.843	29942.16
669.041	30034.32
669.239	29583.76
669.437	29518.23
669.635	29950.35
669.833	29897.1
670.031	29956.49
670.229	29491.6
670.426	29772.18
670.624	29745.55
670.822	29991.31
671.02	29385.11
671.218	29710.74
671.415	29712.78
671.613	29897.1
671.811	29364.63
672.009	29288.85
672.206	30220.68
672.404	30026.12
672.602	29524.37
672.799	29540.75
672.997	29686.16
673.195	29788.56
673.392	29723.02
673.59	29360.53
673.788	29864.33
673.985	29057.43
674.183	29729.17
674.38	29532.56
674.578	30036.36
674.775	29464.98
674.973	29079.96
675.17	29456.79
675.368	29534.61
675.565	29716.88
675.763	29239.7
675.96	29288.85
676.158	29548.95
676.355	29446.55
676.553	29143.45
676.75	29004.19
676.947	29499.8
677.145	29135.26
677.342	29421.97
677.539	29145.5
677.737	29895.05
677.934	29913.48
678.131	29292.95
678.329	28946.84
678.526	29952.4
678.723	30468.48
678.92	29747.6
679.118	29538.71
679.315	29469.08
679.512	29884.81
679.709	29278.61
679.906	29276.57
680.104	30286.22
680.301	29819.28
680.498	28828.06
680.695	29030.81
680.892	29348.25
681.089	29800.85
681.286	29249.94
681.483	28639.65
681.68	29647.25
681.877	29921.68
682.075	29387.16
682.272	29387.16
682.469	29501.84
682.665	29782.41
682.862	28815.77
683.059	28815.77
683.256	29338.01
683.453	29456.79
683.65	28850.59
683.847	29213.08
684.044	29356.44
684.241	28969.37
684.438	29026.71
684.635	28453.28
684.831	29610.39
685.028	29680.02
685.225	28946.84
685.422	29217.18
685.619	28914.08
685.815	29114.78
686.012	28803.49
686.209	28692.9
686.405	28823.97
686.602	29092.25
686.799	28314.02
686.996	28430.76
687.192	28809.63
687.389	29557.14
687.586	28420.52
687.782	28457.38
687.979	29669.78
688.175	29008.28
688.372	28254.63
688.568	28463.52
688.765	28488.1
688.962	28715.42
689.158	28379.56
689.355	27969.96
689.551	28576.16
689.748	28660.13
689.944	28445.09
690.14	28410.28
690.337	28613.02
690.533	28682.66
690.73	28185
690.926	28703.14
691.123	28731.81
691.319	28723.62
691.515	28154.28
691.712	28664.22
691.908	28729.76
692.104	28696.99
692.301	28223.91
692.497	27988.39
692.693	29000.09
692.889	28932.51
693.086	28502.43
693.282	27619.76
693.478	28723.62
693.674	29170.07
693.87	28062.12
694.067	28225.96
694.263	28664.22
694.459	28588.45
694.655	28789.15
694.851	28379.56
695.047	28735.9
695.243	28914.08
695.439	28053.93
695.635	27896.24
695.831	28582.31
696.027	28377.51
696.224	27941.29
696.42	28477.86
696.615	28864.92
696.811	28445.09
697.007	27652.53
697.203	27699.63
697.399	28363.17
697.595	28424.61
697.791	28010.92
697.987	28213.67
698.183	28336.55
698.379	28021.16
698.575	28002.73
698.77	27806.13
698.966	28068.27
699.162	28533.15
699.358	27943.34
699.554	28031.4
699.749	28379.56
699.945	28178.86
700.141	27734.45
700.337	27388.34
700.532	27619.76
700.728	27593.14
700.924	27247.03
701.119	27511.22
701.315	27834.8
701.511	28115.37
701.706	27996.59
701.902	27478.45
702.097	28187.05
702.293	28191.14
702.489	27533.75
702.684	27748.78
702.88	28410.28
703.075	28006.83
703.271	27361.72
703.466	27376.05
703.662	27752.88
703.857	27873.71
704.053	27406.77
704.248	27634.1
704.443	28240.29
704.639	28311.97
704.834	27582.9
705.03	27455.92
705.225	27822.51
705.42	27902.38
705.616	27709.87
705.811	27269.56
706.006	27748.78
706.202	28006.83
706.397	27314.61
706.592	27154.87
706.787	28488.1
706.983	27816.36
707.178	27877.8
707.373	27677.1
707.568	27630
707.763	27693.49
707.959	27337.14
708.154	27609.52
708.349	27433.39
708.544	27638.19
708.739	27359.67
708.934	27036.09
709.129	27560.37
709.324	27879.85
709.519	27257.27
709.714	27070.9
709.909	27933.1
710.104	28021.16
710.299	27138.49
710.494	26968.51
710.689	27586.99
710.884	27541.94
711.079	26978.75
711.274	27126.2
711.469	27734.45
711.664	27697.58
711.859	27550.13
712.054	27363.76
712.249	27693.49
712.443	27646.38
712.638	27181.49
712.833	27189.69
713.028	27462.07
713.223	27056.57
713.417	27417.01
713.612	26978.75
713.807	27707.82
714.002	28201.38
714.196	27050.42
714.391	26567.1
714.586	27449.78
714.78	27675.06
714.975	26821.05
715.17	26743.23
715.364	27242.93
715.559	27718.06
715.754	26458.56
715.948	26419.65
716.143	27570.61
716.337	27103.67
716.532	27576.75
716.726	27093.43
716.921	27267.51
717.115	27636.14
717.31	26567.1
717.504	27943.34
717.699	27474.35
717.893	27457.97
718.088	26669.5
718.282	26782.14
718.476	26902.97
718.671	27083.19
718.865	26253.76
719.059	26288.58
719.254	26608.06
719.448	26960.31
719.642	26786.24
719.837	25745.87
720.031	28656.03
720.225	26776
720.419	26456.51
720.614	26522.05
720.808	26991.03
721.002	26763.71
721.196	26264
721.39	26546.62
721.585	27068.86
721.779	27208.12
721.973	26161.61
722.167	25723.34
722.361	26511.81
722.555	27253.17
722.749	25895.37
722.943	26030.54
723.137	26186.18
723.331	26243.52
723.525	25811.4
723.719	25717.2
723.913	26683.84
724.107	26814.91
724.301	25672.14
724.495	25856.46
724.689	26880.44
724.883	26476.99
725.077	25674.19
725.271	25934.28
725.465	26427.84
725.659	26333.64
725.853	26309.06
726.046	25485.78
726.24	25653.71
726.434	26476.99
726.628	25745.87
726.822	25811.4
727.015	26413.51
727.209	26696.13
727.403	25797.07
727.596	25407.95
727.79	26196.42
727.984	26575.3
728.177	26001.86
728.371	25838.03
728.565	26300.87
728.758	26120.65
728.952	25899.47
729.146	25512.4
729.339	26431.94
729.533	26319.3
729.726	25854.41
729.92	25756.11
730.113	26509.76
730.307	26530.24
730.5	25917.9
730.694	25815.5
730.887	26302.92
731.081	26450.37
731.274	25348.56
731.468	25821.64
731.661	26395.07
731.854	26405.31
732.048	25631.18
732.241	26153.41
732.435	26294.72
732.628	25831.88
732.821	25735.63
733.014	25842.12
733.208	26227.14
733.401	26620.35
733.594	25891.27
733.788	25653.71
733.981	26282.44
734.174	26409.41
734.367	25776.59
734.56	25965
734.754	26421.7
734.947	26212.81
735.14	25346.51
735.333	25870.79
735.526	26370.5
735.719	25698.77
735.912	25885.13
736.105	25835.98
736.298	26476.99
736.491	26274.24
736.684	25563.6
736.877	25471.44
737.07	26327.49
737.263	26761.66
737.456	25522.64
737.649	25539.02
737.842	25938.38
738.035	26151.37
738.228	25489.87
738.421	25285.08
738.614	26077.64
738.807	25911.75
739	24996.31
739.192	25197.01
739.385	25713.1
739.578	25467.34
739.771	25375.19
739.964	24707.55
740.156	26028.49
740.349	25649.61
740.542	25805.26
740.735	24857.05
740.927	25571.79
741.12	25340.37
741.313	25371.09
741.505	25440.72
741.698	25563.6
741.891	25711.05
742.083	25027.03
742.276	25205.2
742.468	25831.88
742.661	25496.02
742.854	25297.36
743.046	25254.36
743.239	25643.47
743.431	26091.98
743.624	25022.94
743.816	25035.22
744.009	25547.22
744.201	25629.13
744.393	25483.73
744.586	24895.96
744.778	25676.24
744.971	25592.27
745.163	25162.2
745.355	24875.48
745.548	25485.78
745.74	25582.03
745.932	25018.84
746.125	25108.95
746.317	25766.35
746.509	25194.96
746.702	25111
746.894	24752.6
747.086	25287.12
747.278	25237.97
747.471	24871.39
747.663	24984.02
747.855	25655.76
748.047	25926.09
748.239	24910.3
748.431	25162.2
748.623	26128.84
748.815	25610.7
749.008	24654.3
749.2	24885.72
749.392	25473.49
749.584	25522.64
749.776	25244.12
749.968	25252.31
750.16	25391.57
750.352	25178.58
750.544	24570.33
750.736	24363.49
750.928	25606.61
751.12	25078.23
751.311	24689.12
751.503	25063.89
751.695	24855
751.887	25180.63
752.079	24533.47
752.271	24326.63
752.463	25631.18
752.654	25182.68
752.846	24707.55
753.038	24672.73
753.23	25059.8
753.421	25197.01
753.613	24191.46
753.805	24920.54
753.997	24961.5
754.188	25479.63
754.38	24711.64
754.572	24515.04
754.763	25145.81
754.955	25115.09
755.146	24582.62
755.338	24529.38
755.53	25059.8
755.721	24842.71
755.913	23962.09
756.104	23890.41
756.296	24658.4
756.487	25211.35
756.679	24193.51
756.87	24068.58
757.062	24674.78
757.253	24543.71
757.445	23708.14
757.636	24644.06
757.827	24365.54
758.019	25111
758.21	23626.22
758.401	23665.13
758.593	24879.58
758.784	24840.67
758.975	23898.6
759.167	23597.55
759.358	24740.32
759.549	24977.88
759.74	24039.91
759.932	23679.47
760.123	24207.84
760.314	24443.36
760.505	23777.77
760.696	23763.43
760.888	24609.25
761.079	24236.52
761.27	23753.19
761.461	23527.92
761.652	24469.98
761.843	24254.95
762.034	23736.81
762.225	23902.7
762.416	24500.7
762.607	23591.41
762.798	23175.67
762.989	23079.41
763.18	24654.3
763.371	23661.04
763.562	22997.49
763.753	23132.66
763.944	23779.82
764.135	23503.34
764.326	23710.19
764.517	22979.06
764.708	23812.59
764.899	24023.53
765.089	22813.18
765.28	22663.68
765.471	23505.39
765.662	23552.49
765.853	23382.51
766.043	22731.26
766.234	23458.29
766.425	23392.75
766.615	22934.01
766.806	22540.8
766.997	23640.56
767.187	23327.22
767.378	22809.08
767.569	22336
767.759	23159.28
767.95	23048.69
768.141	22800.89
768.331	22587.9
768.522	23183.86
768.712	23366.13
768.903	22571.52
769.093	22430.21
769.284	23081.46
769.474	23142.9
769.665	22454.78
769.855	22340.1
770.046	23566.83
770.236	23026.17
770.426	22635
770.617	22462.97
770.807	22727.16
770.998	23073.27
771.188	22323.71
771.378	21967.37
771.569	22790.65
771.759	22399.49
771.949	21500.43
772.139	21449.23
772.33	22297.09
772.52	22331.9
772.71	21580.3
772.9	21957.13
773.09	22610.43
773.281	22958.58
773.471	22037
773.661	21602.83
773.851	22415.87
774.041	22518.27
774.231	21694.99
774.421	22432.26
774.611	22698.49
774.802	22524.41
774.992	22360.58
775.182	21742.09
775.372	22534.65
775.562	22905.34
775.752	21858.82
775.942	21795.34
776.131	22528.51
776.321	22229.51
776.511	21295.63
776.701	21414.41
776.891	22518.27
777.081	21832.2
777.271	21590.54
777.461	21522.96
777.651	22264.32
777.84	22510.08
778.03	21545.48
778.22	21606.92
778.41	21840.39
778.599	21938.69
778.789	21221.91
778.979	21357.07
779.169	21723.66
779.358	21545.48
779.548	21488.14
779.738	20865.56
779.927	21434.89
780.117	21187.09
780.307	20578.84
780.496	20425.25
780.686	21721.61
780.875	22108.68
781.065	21293.58
781.254	21242.39
781.444	21725.71
781.633	21244.43
781.823	20705.82
782.012	21033.49
782.202	21297.68
782.391	21219.86
782.581	20615.71
782.77	20783.64
782.96	21926.41
783.149	21129.75
783.338	21236.24
783.528	20716.06
783.717	21828.1
783.906	21670.41
784.096	20941.33
784.285	20447.77
784.474	20963.86
784.663	21092.88
784.853	20296.22
785.042	20412.96
785.231	20607.51
785.42	21086.74
785.61	20699.67
785.799	20210.21
785.988	21101.08
786.177	20486.68
786.366	20415.01
786.555	20978.2
786.744	20990.49
786.933	20879.89
787.122	20130.34
787.312	20292.13
787.501	20838.94
787.69	21223.95
787.879	20333.09
788.068	20068.9
788.257	20447.77
788.445	20558.36
788.634	20247.07
788.823	19681.83
789.012	20908.57
789.201	20668.95
789.39	19687.98
789.579	19757.61
789.768	20429.34
789.957	20337.18
790.145	19872.29
790.334	19604.01
790.523	20216.35
790.712	20044.32
790.9	19765.8
791.089	19452.46
791.278	20478.49
791.467	20302.37
791.655	20562.46
791.844	20664.86
792.033	20111.91
792.221	20083.23
792.41	19663.4
792.599	19186.22
792.787	20212.26
792.976	20722.2
793.164	19374.64
793.353	19755.56
793.541	20421.15
793.73	20126.24
793.918	19700.26
794.107	19520.04
794.295	20271.65
794.484	19972.64
794.672	19403.31
794.861	19417.65
795.049	19806.76
795.238	19812.9
795.426	19186.22
795.614	19218.99
795.803	19917.35
795.991	20060.71
796.179	19055.15
796.368	19042.87
796.556	20109.86
796.744	19653.16
796.932	19313.2
797.121	19040.82
797.309	19741.22
797.497	20089.38
797.685	19042.87
797.874	19061.3
798.062	19401.26
798.25	19837.48
798.438	19014.2
798.626	18946.61
798.814	19661.35
799.002	20044.32
799.19	19083.83
799.378	18938.42
799.566	19745.32
799.755	19900.97
799.943	19118.64
800.131	19378.73
800.318	19515.95
800.506	19935.78
800.694	18772.53
800.882	19266.1
801.07	19892.77
801.258	19540.52
801.446	19012.15
801.634	18893.37
801.822	19507.76
802.01	19401.26
802.197	19130.93
802.385	19589.67
802.573	19743.27
802.761	19976.74
802.949	19186.22
803.136	19165.74
803.324	19763.75
803.512	19567.15
803.699	19577.39
803.887	19020.34
804.075	19956.26
804.262	19728.94
804.45	19245.62
804.638	19132.98
804.825	19493.42
805.013	19268.14
805.201	19155.51
805.388	18864.69
805.576	19749.42
805.763	20343.33
805.951	19106.35
806.138	19157.55
806.326	19618.35
806.513	19831.33
806.701	18934.32
806.888	19089.97
807.075	19931.69
807.263	20017.7
807.45	18784.82
807.638	19321.39
807.825	20324.9
808.012	19843.62
808.2	19315.25
808.387	19808.81
808.574	19735.08
808.761	19909.16
808.949	19249.71
809.136	19163.7
809.323	19567.15
809.51	19538.48
809.698	19591.72
809.885	19157.55
810.072	20212.26
810.259	20099.62
810.446	19513.9
810.633	19345.97
810.82	20292.13
811.008	20347.42
811.195	19700.26
811.382	19638.83
811.569	20224.54
811.756	19730.98
811.943	19417.65
812.13	19477.04
812.317	19827.24
812.504	19896.87
812.691	19436.08
812.878	19624.49
813.064	20206.11
813.251	19714.6
813.438	19542.57
813.625	19360.3
813.812	19810.86
813.999	19839.53
814.186	19442.22
814.372	19057.2
814.559	20191.78
814.746	19943.97
814.933	19065.39
815.12	19905.06
815.306	19601.96
815.493	19593.77
815.68	19235.38
815.866	18856.5
816.053	20038.18
816.24	20062.76
816.426	19497.52
816.613	19116.59
816.799	20236.83
816.986	20056.61
817.173	19730.98
817.359	19057.2
817.546	19829.29
817.732	19356.21
817.919	18842.17
818.105	19479.08
818.292	19835.43
818.478	19878.44
818.665	19735.08
818.851	19395.12
819.037	20468.25
819.224	19726.89
819.41	18741.82
819.597	19036.72
819.783	20263.46
819.969	19814.95
820.156	19192.37
820.342	18991.67
820.528	20908.57
820.714	19696.17
820.901	19472.94
821.087	19092.02
821.273	20081.19
821.459	19608.11
821.646	18842.17
821.832	18983.48
822.018	20060.71
822.204	19749.42
822.39	19010.1
822.576	18682.42
822.762	19419.69
822.948	19497.52
823.134	18969.14
823.32	18471.48
823.507	19014.2
823.693	19597.87
823.879	19309.1
824.065	18876.98
824.25	19229.23
824.436	19343.92
824.622	18651.7
824.808	18393.66
824.994	19290.67
825.18	18739.77
825.366	18229.82
825.552	18383.42
825.738	19178.03
825.923	19298.86
826.109	18764.34
826.295	18408
826.481	18768.44
826.667	18764.34
826.852	18833.97
827.038	18350.65
827.224	19460.65
827.409	19350.06
827.595	18199.1
827.781	18465.34
827.966	19251.76
828.152	19278.38
828.338	18596.41
828.523	18033.22
828.709	18821.69
828.894	19083.83
829.08	18043.46
829.266	18147.9
829.451	18625.08
829.637	18903.6
829.822	18039.36
830.008	18186.82
830.193	18625.08
830.378	19141.17
830.564	18145.86
830.749	17664.58
830.935	18553.4
831.12	18397.76
831.305	17742.41
831.491	17861.19
831.676	17904.2
831.861	18422.33
832.047	17830.47
832.232	17525.32
832.417	18410.04
832.602	18682.42
832.788	17662.54
832.973	17449.55
833.158	18002.5
833.343	17861.19
833.528	17691.21
833.714	17805.89
833.899	18213.44
834.084	18321.98
834.269	17928.77
834.454	17502.79
834.639	18190.91
834.824	18473.53
835.009	17914.44
835.194	17961.54
835.379	18702.9
835.564	18350.65
835.749	17912.39
835.934	17467.98
836.119	18061.89
836.304	17840.71
836.489	17386.06
836.674	17957.44
836.859	18070.08
837.044	18420.28
837.228	17261.13
837.413	17263.18
837.598	18182.72
837.783	18305.6
837.968	17453.64
838.152	17627.72
838.337	17271.37
838.522	18156.1
838.707	17984.07
838.891	17457.74
839.076	17611.34
839.261	18000.45
839.445	17502.79
839.63	17351.24
839.815	18297.41
839.999	17412.68
840.184	16855.64
840.368	17003.09
840.553	17623.62
840.737	17289.81
840.922	16855.64
841.106	16718.42
841.291	17160.78
841.475	17427.02
841.66	17099.34
841.844	16611.93
842.029	18182.72
842.213	17175.12
842.397	16929.36
842.582	16550.49
842.766	17656.39
842.951	17617.48
843.135	16683.61
843.319	16775.77
843.504	17381.96
843.688	17926.72
843.872	16200.29
844.056	16699.99
844.241	17166.93
844.425	17037.91
844.609	16667.22
844.793	16237.15
844.977	17404.49
845.161	16564.82
845.346	15950.43
845.53	16183.9
845.714	17003.09
845.898	17510.99
846.082	16210.53
846.266	16587.35
846.45	16935.51
846.634	17177.17
846.818	16020.06
847.002	16142.94
847.186	16763.48
847.37	16396.89
847.554	16136.8
847.738	16452.19
847.922	16706.13
848.106	16691.8
848.29	15843.94
848.473	15749.73
848.657	16634.46
848.841	16411.23
849.025	15835.75
849.209	15506.02
849.392	16452.19
849.576	16474.71
849.76	15405.67
849.944	16337.5
850.127	16786.01
850.311	16018.02
850.495	15553.13
850.678	15577.7
850.862	16302.68
851.046	16740.95
851.229	16069.22
851.413	15473.26
851.596	16355.93
851.78	16183.9
851.964	15733.35
852.147	15596.14
852.331	16665.18
852.514	16396.89
852.698	15678.05
852.881	15135.34
853.065	16063.07
853.248	16001.63
853.431	15721.06
853.615	15454.83
853.798	16728.66
853.982	15970.91
854.165	15239.79
854.348	15256.17
854.532	15575.66
854.715	15782.5
854.898	15086.19
855.081	15106.67
855.265	16327.26
855.448	16405.08
855.631	15155.82
855.814	15168.11
855.997	15901.28
856.181	15809.12
856.364	15254.12
856.547	15131.25
856.73	16108.13
856.913	15997.54
857.096	15045.23
857.279	15229.55
857.462	15661.67
857.645	15813.22
857.828	15053.42
858.011	15274.6
858.194	15307.37
858.377	15024.75
858.56	14525.05
858.743	14842.48
858.926	15086.19
859.109	15223.41
859.292	14475.9
859.475	14529.14
859.658	15528.55
859.841	15563.37
860.023	14764.66
860.206	14545.53
860.389	15161.97
860.572	15420.01
860.755	14965.36
860.937	15045.23
861.12	15127.15
861.303	15235.69
861.486	14776.95
861.668	14281.34
861.851	14846.58
862.034	15303.28
862.216	14695.03
862.399	14060.16
862.581	14836.34
862.764	14975.6
862.947	14492.28
863.129	14285.44
863.312	14748.28
863.494	15340.14
863.677	14637.69
863.859	14060.16
864.042	14709.36
864.224	14602.87
864.406	14396.03
864.589	13830.79
864.771	14955.12
864.954	14557.82
865.136	14189.18
865.318	13851.27
865.501	14799.48
865.683	14125.69
865.865	13961.86
866.048	13906.56
866.23	14727.8
866.412	14430.84
866.594	13550.21
866.777	14346.87
866.959	14211.71
867.141	14527.1
867.323	14203.52
867.505	14129.79
867.687	14043.78
867.869	14103.17
868.052	13798.02
868.234	13669
868.416	14219.9
868.598	14326.39
868.78	13650.57
868.962	13582.98
869.144	14432.89
869.326	14185.08
869.508	13652.61
869.69	13669
869.872	14133.89
870.054	14774.9
870.236	13193.87
870.417	13329.03
870.599	14027.39
870.781	14635.64
870.963	13679.24
871.145	13398.66
871.327	14152.32
871.508	14471.8
871.69	13724.29
871.872	13445.77
872.054	14072.45
872.235	14299.77
872.417	13546.12
872.599	13255.31
872.78	14742.13
872.962	13963.9
873.144	13200.01
873.325	13646.47
873.507	14156.41
873.689	14092.93
873.87	13333.13
874.052	13562.5
874.233	13881.99
874.415	14410.36
874.596	13548.17
874.778	13240.97
874.959	14035.58
875.141	14078.59
875.322	13380.23
875.503	13187.72
875.685	13779.59
875.866	13525.64
876.048	13245.07
876.229	13251.21
876.41	13978.24
876.592	13986.43
876.773	13537.93
876.954	13144.72
877.136	14316.15
877.317	14051.97
877.498	13234.83
877.679	13798.02
877.86	14297.72
878.042	14164.61
878.223	13556.36
878.404	14453.37
878.585	14387.83
878.766	14398.07
878.947	14041.73
879.128	13595.27
879.309	13888.13
879.49	14305.92
879.672	13511.3
879.853	13652.61
880.034	14039.68
880.215	14488.18
880.396	13730.44
880.576	13908.61
880.757	14236.28
880.938	14772.85
881.119	13535.88
881.3	13707.91
881.481	14051.97
881.662	15276.65
881.843	13546.12
882.023	13300.36
882.204	14631.54
882.385	14373.5
882.566	13740.68
882.747	13709.96
882.927	14449.27
883.108	14385.79
883.289	13881.99
883.469	14115.45
883.65	14340.73
883.831	14451.32
884.011	14183.04
884.192	14049.92
884.373	14811.76
884.553	14512.76
884.734	14168.7
884.914	14611.06
885.095	16040.54
885.275	15209.07
885.456	14070.4
885.636	14049.92
885.817	14656.12
885.997	14772.85
886.178	14031.49
886.358	14250.62
886.538	14940.79
886.719	16544.34
886.899	14017.15
887.08	14174.85
887.26	14692.98
887.44	14617.21
887.621	14119.55
887.801	14121.6
887.981	15327.85
888.161	15168.11
888.342	14260.86
888.522	14094.97
888.702	15000.18
888.882	15282.8
889.062	14477.94
889.242	14086.78
889.423	15010.42
889.603	14869.11
889.783	14836.34
889.963	14099.07
890.143	14758.52
890.323	15037.04
890.503	14373.5
890.683	14412.41
890.863	14981.74
891.043	14660.21
891.223	14336.63
891.403	14492.28
891.583	14652.02
891.763	14824.05
891.943	14291.58
892.122	14494.33
892.302	14744.18
892.482	14848.63
892.662	14332.54
892.842	14369.4
893.022	14596.73
893.201	14709.36
893.381	14135.93
893.561	14314.11
893.741	14795.38
893.92	14533.24
894.1	14207.61
894.28	14185.08
894.459	14920.31
894.639	14463.61
894.819	13900.42
894.998	13863.55
895.178	14723.7
895.357	14430.84
895.537	13976.19
895.716	13843.07
895.896	14525.05
896.075	14865.01
896.255	14267
896.434	13863.55
896.614	15114.86
896.793	14772.85
896.973	14301.82
897.152	13841.03
897.331	14473.85
897.511	14496.38
897.69	13861.51
897.87	14156.41
898.049	14443.13
898.228	14441.08
898.407	14201.47
898.587	14043.78
898.766	14226.04
898.945	14436.99
899.124	14084.73
899.304	13972.1
899.483	14256.76
899.662	14758.52
899.841	13755.01
900.02	13554.31
900.199	13927.04
900.378	14168.7
900.557	13501.06
900.737	13464.2
900.916	13730.44
901.095	13871.75
901.274	13787.78
901.453	12974.74
901.632	13435.53
901.811	13562.5
901.989	12843.67
902.168	12972.69
902.347	13855.36
902.526	13361.8
902.705	12937.87
902.884	13114
903.063	14004.86
903.242	13494.92
903.42	12722.84
903.599	13058.7
903.778	13427.34
903.957	13836.93
904.135	12911.25
904.314	12718.74
904.493	12933.78
904.672	13036.17
904.85	12434.07
905.029	12292.76
905.207	12864.15
905.386	13603.46
905.565	12145.31
905.743	12198.56
905.922	12726.93
906.1	12829.33
906.279	11917.98
906.457	11895.46
906.636	12421.78
906.814	12296.86
906.993	11795.11
907.171	11649.7
907.35	12348.06
907.528	12718.74
907.707	11842.21
907.885	11426.47
908.063	12329.63
908.242	12083.87
908.42	11367.08
908.598	11219.63
908.777	12241.56
908.955	11604.64
909.133	11522.73
909.311	11180.71
909.49	11750.05
909.668	11834.02
909.846	11346.6
910.024	11383.46
910.202	11862.69
910.38	12253.85
910.559	11487.91
910.737	11412.14
910.915	12278.43
911.093	12292.76
911.271	11584.16
911.449	11920.03
911.627	12251.8
911.805	13228.68
911.983	11821.73
912.161	11887.26
912.339	12333.72
912.517	12585.62
912.695	12036.77
912.872	11928.22
913.05	12477.08
913.228	12532.37
913.406	12083.87
913.584	11989.66
913.762	12354.2
913.939	12219.03
914.117	11829.92
914.295	11682.47
914.473	11932.32
914.65	12518.04
914.828	11707.04
915.006	11485.86
915.184	11977.37
915.361	12343.96
915.539	11842.21
915.716	12116.64
915.894	12264.09
916.072	12341.91
916.249	12153.5
916.427	11950.75
916.604	12032.67
916.782	12311.19
916.959	11657.89
917.137	11487.91
917.314	12040.86
917.492	12102.3
917.669	11604.64
917.847	11840.16
918.024	12042.91
918.201	11647.65
918.379	11496.1
918.556	11348.65
918.733	12178.08
918.911	11752.1
919.088	11727.52
919.265	11487.91
919.442	11784.87
919.62	11920.03
919.797	11188.91
919.974	11043.5
920.151	11889.31
920.328	11670.18
920.506	11102.89
920.683	12040.86
920.86	11430.57
921.037	11670.18
921.214	11072.17
921.391	11031.21
921.568	11741.86
921.745	11444.9
921.922	11100.84
922.099	11023.02
922.276	11498.15
922.453	11283.11
922.63	10873.52
922.807	11223.72
922.984	11575.97
923.161	11242.15
923.338	11121.32
923.514	10734.26
923.691	11405.99
923.868	11496.1
924.045	11025.07
924.222	10650.29
924.399	11147.95
924.575	11393.7
924.752	10861.23
924.929	10824.37
925.105	11193
925.282	10973.87
925.459	10984.11
925.635	10713.78
925.812	11113.13
925.989	10850.99
926.165	10810.03
926.342	10490.55
926.518	10652.34
926.695	10785.46
926.871	10218.17
927.048	10209.98
927.224	11027.12
927.401	10390.2
927.577	10392.25
927.754	10050.24
927.93	10879.66
928.107	10937.01
928.283	9927.36
928.459	10300.09
928.636	10590.9
928.812	10437.3
928.988	9896.64
929.165	9675.46
929.341	10355.38
929.517	10414.77
929.693	10533.56
929.87	9413.32
930.046	10332.86
930.222	10003.13
930.398	9671.36
930.574	9833.15
930.751	10136.25
930.927	9964.22
931.103	9620.16
931.279	9706.18
931.455	10080.96
931.631	9980.61
931.807	9175.75
931.983	8854.22
932.159	9495.24
932.335	9667.27
932.511	9392.84
932.687	9231.05
932.863	9540.29
933.039	9618.11
933.215	8766.16
933.391	8811.21
933.566	9362.12
933.742	9253.58
933.918	8524.5
934.094	8372.95
934.27	9056.97
934.445	8751.82
934.621	8602.32
934.797	8213.21
934.973	8682.19
935.148	8467.16
935.324	8045.27
935.5	7953.12
935.675	8544.98
935.851	8426.2
936.027	8020.7
936.202	8010.46
936.378	8436.44
936.553	7826.14
936.729	8286.93
936.904	7230.18
937.08	7467.75
937.255	7367.4
937.431	7019.24
937.606	6691.57
937.782	7064.3
937.957	7402.21
938.133	6685.42
938.308	6490.87
938.483	6841.07
938.659	6531.83
938.834	6458.1
939.009	5960.44
939.185	6787.82
939.36	6150.9
939.535	5618.43
939.71	5995.26
939.886	6535.92
940.061	6226.68
940.236	6058.74
940.411	5774.08
940.586	6195.96
940.761	5880.57
940.937	5759.74
941.112	5255.94
941.287	5849.85
941.462	5763.84
941.637	5059.34
941.812	5421.83
941.987	5548.8
942.162	5600
942.337	5112.58
942.512	5245.7
942.687	5876.48
942.862	5499.65
943.037	4758.28
943.212	4657.93
943.386	5348.1
943.561	5235.46
943.736	5159.69
943.911	5708.54
944.086	5714.69
944.26	5384.96
944.435	4942.6
944.61	5241.61
944.785	5532.42
944.959	6124.28
945.134	4985.61
945.309	4907.79
945.483	5126.92
945.658	5528.32
945.833	4612.88
946.007	4731.66
946.182	5671.68
946.357	5358.34
946.531	5030.66
946.706	5020.42
946.88	5182.21
947.055	5550.85
947.229	5051.14
947.404	4985.61
947.578	5481.22
947.752	5513.99
947.927	4993.8
948.101	4778.76
948.276	5937.91
948.45	5534.46
948.624	5563.14
948.799	5001.99
948.973	5436.16
949.147	5260.04
949.321	5147.4
949.496	5346.05
949.67	5890.81
949.844	5485.31
950.018	5370.63
950.193	5237.51
950.367	6437.62
950.541	5747.45
950.715	5372.68
950.889	5600
951.063	5591.81
951.237	5804.8
951.411	5202.69
951.585	5182.21
951.759	5896.96
951.933	5837.56
952.107	5518.08
952.281	5724.93
952.455	6140.66
952.629	6118.14
952.803	5583.62
952.977	5454.59
953.151	6142.71
953.325	6030.07
953.499	5946.11
953.672	5319.43
953.846	5905.15
954.02	6003.45
954.194	5378.82
954.368	5444.35
954.541	6331.12
954.715	5944.06
954.889	5714.69
955.062	5384.96
955.236	5767.93
955.41	6058.74
955.583	5849.85
955.757	5585.66
955.93	6114.04
956.104	5880.57
956.278	5585.66
956.451	5606.14
956.625	6175.48
956.798	6652.66
956.972	6050.55
957.145	5460.74
957.319	6558.45
957.492	6314.74
957.665	5976.83
957.839	5618.43
958.012	6337.27
958.185	6048.51
958.359	5761.79
958.532	5944.06
958.705	6128.38
958.879	6161.14
959.052	5845.76
959.225	5415.68
959.398	6226.68
959.572	6263.54
959.745	5772.03
959.918	5817.08
960.091	6359.8
960.264	6460.15
960.438	5681.92
960.611	5669.63
960.784	6415.09
960.957	6089.46
961.13	6439.67
961.303	5790.46
961.476	6142.71
961.649	6531.83
961.822	5737.21
961.995	5960.44
962.168	6073.08
962.341	6650.61
962.514	5960.44
962.686	5755.65
962.859	6193.91
963.032	6327.03
963.205	5849.85
963.378	5468.93
963.551	6083.32
963.723	5948.15
963.896	5804.8
964.069	5960.44
964.242	5982.97
964.414	6617.84
964.587	5694.21
964.76	5845.76
964.932	6114.04
965.105	6089.46
965.278	5659.39
965.45	5528.32
965.623	6232.82
965.795	6255.35
965.968	5667.58
966.14	5763.84
966.313	6116.09
966.485	6198.01
966.658	5647.1
966.83	5675.77
967.003	6066.94
967.175	6091.51
967.348	5618.43
967.52	5632.77
967.692	6398.71
967.865	6181.62
968.037	5495.55
968.209	5692.16
968.382	5757.69
968.554	6128.38
968.726	5405.44
968.898	5264.13
969.071	6341.36
969.243	5999.35
969.415	5540.61
969.587	5579.52
969.759	6214.39
969.932	5913.34
970.104	5548.8
970.276	5165.83
970.448	5698.3
970.62	5683.97
970.792	5530.37
970.964	5698.3
971.136	5989.11
971.308	5739.26
971.48	5280.52
971.652	5395.2
971.824	5991.16
971.996	5733.12
972.168	5262.09
972.339	5335.81
972.511	5765.89
972.683	5716.73
972.855	5679.87
973.027	5266.18
973.199	5952.25
973.37	5989.11
973.542	5266.18
973.714	5346.05
973.886	5348.1
974.057	5700.35
974.229	5083.91
974.401	5028.62
974.572	5507.84
974.744	5165.83
974.915	5145.35
975.087	5047.05
975.259	5964.54
975.43	5272.32
975.602	5139.21
975.773	5006.09
975.945	5233.41
976.116	5657.34
976.288	5139.21
976.459	5593.86
976.63	5450.5
976.802	5460.74
976.973	4872.97
977.145	5223.17
977.316	6007.55
977.487	6365.94
977.659	5266.18
977.83	5241.61
978.001	5704.45
978.172	5651.2
978.344	4776.72
978.515	5053.19
978.686	5352.2
978.857	5718.78
979.028	4928.27
979.2	4854.54
979.371	5638.91
979.542	5176.07
979.713	4905.74
979.884	4588.3
980.055	5190.41
980.226	5233.41
980.397	4838.16
980.568	4614.93
980.739	5407.49
980.91	5006.09
981.081	5051.14
981.252	4786.96
981.423	5022.47
981.594	5272.32
981.765	4461.33
981.936	5079.82
982.106	5053.19
982.277	5362.44
982.448	4690.7
982.619	4711.18
982.79	4696.85
982.96	5051.14
983.131	4780.81
983.302	4348.69
983.472	5071.62
983.643	5034.76
983.814	4772.62
983.984	4639.5
984.155	4956.94
984.326	5069.58
984.496	4731.66
984.667	4453.14
984.837	4446.99
985.008	5135.11
985.178	4811.53
985.349	4352.79
985.519	4866.83
985.69	4604.69
985.86	4399.89
986.031	4408.08
986.201	4852.49
986.371	4895.5
986.542	4123.41
986.712	4113.17
986.882	4866.83
987.053	4670.22
987.223	4141.85
987.393	4725.52
987.563	4582.16
987.734	4883.21
987.904	4942.6
988.074	4160.28
988.244	4303.64
988.414	4541.2
988.585	3996.44
988.755	4281.11
988.925	4442.9
989.095	4825.87
989.265	3922.71
989.435	4313.88
989.605	4596.5
989.775	4760.33
989.945	4481.81
990.115	3887.9
990.285	4322.07
990.455	4264.72
990.625	4035.35
990.795	3830.55
990.965	4711.18
991.134	4260.63
991.304	3881.75
991.474	3709.72
991.644	4217.62
991.814	4549.39
991.984	3597.09
992.153	3814.17
992.323	4133.65
992.493	4287.25
992.662	3506.98
992.832	3996.44
993.002	4123.41
993.171	4406.03
993.341	3523.36
993.511	3760.92
993.68	4041.5
993.85	4305.68
994.019	3556.13
994.189	3509.02
994.358	4094.74
994.528	3924.76
994.697	3289.89
994.867	3506.98
995.036	4256.53
995.206	3762.97
995.375	3574.56
995.544	3701.53
995.714	4145.94
995.883	4035.35
996.052	3828.51
996.222	3117.86
996.391	4109.08
996.56	4053.78
996.73	3527.46
996.899	3326.75
997.068	4463.38
997.237	3900.19
997.406	3257.12
997.576	3136.29
997.745	4334.36
997.914	3758.88
998.083	2863.91
998.252	3265.32
998.421	3769.12
998.59	3496.74
998.759	3212.07
998.928	2964.26
999.097	4074.26
999.266	3867.42
999.435	3441.44
999.604	2781.99
999.773	3885.85
999.942	3492.64
1000.111	2835.24
1000.28	2806.57
1000.448	3418.91
1000.617	3291.94
1000.786	3296.04
1000.955	2831.15
1001.124	3754.78
1001.292	4168.47
1001.461	3126.05
1001.63	2788.14
1001.798	3597.09
1001.967	3574.56
1002.136	2775.85
1002.304	2716.46
1002.473	3644.19
1002.642	3273.51
1002.81	2970.41
1002.979	2812.71
1003.147	3660.57
1003.316	3752.73
1003.484	2894.63
1003.653	2849.58
1003.821	3355.43
1003.99	3093.29
1004.158	3044.13
1004.327	2767.66
1004.495	3369.76
1004.663	3134.25
1004.832	3007.27
1005	2446.13
1005.168	3318.56
1005.337	2982.7
1005.505	2468.66
1005.673	2949.93
1005.842	3375.91
1006.01	3054.37
1006.178	2446.13
1006.346	2437.94
1006.514	3066.66
1006.683	3619.61
1006.851	2538.29
1007.019	2777.9
1007.187	2966.31
1007.355	2585.39
1007.523	2188.08
1007.691	2245.43
1007.859	2732.84
1008.027	3525.41
1008.195	2429.74
1008.363	2210.61
1008.531	2745.13
1008.699	2984.74
1008.867	2106.17
1009.035	2425.65
1009.203	3265.32
1009.37	2925.35
1009.538	2296.63
1009.706	3142.44
1009.874	2790.19
1010.042	2700.08
1010.209	2192.18
1010.377	2046.77
1010.545	2618.16
1010.713	2724.65
1010.88	2241.33
1011.048	2192.18
1011.216	2542.38
1011.383	3021.61
1011.551	2147.12
1011.718	2048.82
1011.886	2841.39
1012.054	2835.24
1012.221	1934.14
1012.389	1979.19
1012.556	2589.49
1012.724	3066.66
1012.891	2190.13
1013.058	1694.52
1013.226	2784.04
1013.393	2659.12
1013.561	1790.78
1013.728	1760.06
1013.895	2708.27
1014.063	2628.4
1014.23	1794.87
1014.397	1952.57
1014.565	2661.16
1014.732	2429.74
1014.899	1776.44
1015.066	1872.7
1015.233	2652.97
1015.401	2732.84
1015.568	1950.52
1015.735	2190.13
1015.902	2552.62
1016.069	2730.8
1016.236	1936.18
1016.403	1651.52
1016.57	2128.69
1016.737	2933.54
1016.904	1905.46
1017.071	1473.34
1017.238	2095.93
1017.405	2294.58
1017.572	1790.78
1017.739	2081.59
1017.906	2814.76
1018.073	2532.14
1018.24	1688.38
1018.407	1831.74
1018.573	2317.11
1018.74	2384.69
1018.907	1712.96
1019.074	1319.75
1019.241	2194.23
1019.407	2202.42
1019.574	1540.93
1019.741	1495.87
1019.907	2528.05
1020.074	2693.93
1020.241	1080.13
1020.407	1332.03
1020.574	2069.3
1020.74	2194.23
1020.907	1532.73
1021.073	1282.88
1021.24	2544.43
1021.406	2214.71
1021.573	1252.16
1021.739	1559.36
1021.906	2392.88
1022.072	2102.07
1022.239	1479.49
1022.405	1502.01
1022.571	2159.41
1022.738	2120.5
1022.904	1391.42
1023.07	1583.93
1023.237	1905.46
1023.403	2171.7
1023.569	1485.63
1023.735	1510.21
1023.902	2095.93
1024.068	2034.49
1024.234	1264.45
1024.4	1311.55
1024.566	1874.74
1024.732	1829.69
1024.898	1379.14
1025.065	1100.61
1025.231	1901.37
1025.397	1846.07
1025.563	1405.76
1025.729	1188.68
1025.895	1340.22
1026.061	1614.65
1026.227	1020.74
1026.392	1375.04
1026.558	1901.37
1026.724	1985.34
1026.89	1112.9
1027.056	1317.7
1027.222	1620.8
1027.388	1821.5
1027.553	1203.01
1027.719	1147.72
1027.885	2335.54
1028.051	1819.45
1028.216	934.73
1028.382	1256.26
1028.548	1835.83
1028.713	1825.59
1028.879	1000.26
1029.045	1413.95
1029.21	2097.97
1029.376	1831.74
1029.541	1018.69
1029.707	1149.76
1029.873	1821.5
1030.038	1801.02
1030.204	1071.94
1030.369	953.16
1030.534	1667.9
1030.7	1522.49
1030.865	1225.54
1031.031	840.52
1031.196	1633.08
1031.361	1536.83
1031.527	924.49
1031.692	1020.74
1031.857	1233.73
1032.023	1698.62
1032.188	822.09
1032.353	912.2
1032.518	1817.4
1032.684	1604.41
1032.849	824.14
1033.014	1102.66
1033.179	1344.32
1033.344	1581.89
1033.509	1004.36
1033.674	938.82
1033.839	1694.52
1034.004	1667.9
1034.17	893.77
1034.335	701.26
1034.5	1463.1
1034.664	1338.18
1034.829	803.66
1034.994	1035.08
1035.159	1299.27
1035.324	1598.27
1035.489	998.21
1035.654	795.47
1035.819	2091.83
1035.984	1581.89
1036.148	1008.45
1036.313	926.54
1036.478	1663.8
1036.643	1444.67
1036.807	799.56
1036.972	797.51
1037.137	1995.57
1037.301	1405.76
1037.466	627.53
1037.631	990.02
1037.795	1540.93
1037.96	1235.78
1038.124	1180.48
1038.289	619.34
1038.454	1317.7
1038.618	1540.93
1038.783	873.29
1038.947	836.42
1039.111	1192.77
1039.276	1250.11
1039.44	742.22
1039.605	1514.3
1039.769	1219.39
1039.933	1221.44
1040.098	777.03
1040.262	1022.79
1040.426	1407.81
1040.591	1348.42
1040.755	650.06
1040.919	615.24
1041.083	1532.73
1041.248	1145.67
1041.412	435.02
1041.576	498.51
1041.74	1110.85
1041.904	1194.82
1042.068	557.9
1042.232	791.37
1042.397	1618.75
1042.561	1194.82
1042.725	349.01
1042.889	658.25
1043.053	1205.06
1043.217	1030.98
1043.381	652.11
1043.544	422.73
1043.708	1239.87
1043.872	1008.45
1044.036	189.27
1044.2	324.43
1044.364	1307.46
1044.528	1356.61
1044.691	4023.06
1044.855	496.46
1045.019	1256.26
1045.183	1268.55
1045.346	660.3
1045.51	422.73
1045.674	1231.68
1045.837	1133.38
1046.001	516.94
1046.165	521.04
1046.328	1610.56
1046.492	1045.32
1046.655	842.57
1046.819	656.2
1046.983	893.77
1047.146	1071.94
1047.31	643.92
1047.473	226.13
1047.636	1002.31
1047.8	830.28
1047.963	602.96
1048.127	312.14
1048.29	789.32
