345.52	-1335.96
345.736	-1335.96
345.952	-1335.96
346.168	-1370.77
346.384	-1372.82
346.6	-234.15
346.816	-258.73
347.032	-111.27
347.248	673.1
347.464	-326.31
347.68	-350.89
347.896	-125.61
348.112	298.32
348.328	-64.17
348.544	79.19
348.76	183.63
348.975	236.88
349.191	-412.32
349.407	-455.33
349.623	224.59
349.839	109.91
350.055	-252.58
350.27	40.28
350.486	107.86
350.702	169.3
350.918	337.23
351.133	-203.43
351.349	200.02
351.565	468.3
351.781	-367.27
351.996	-137.9
352.212	150.87
352.428	132.44
352.644	-332.45
352.859	-203.43
353.075	286.03
353.291	144.72
353.506	-242.34
353.722	-404.13
353.938	-80.55
354.153	453.97
354.369	263.51
354.584	-285.35
354.8	222.55
355.016	-178.86
355.231	-420.52
355.447	-135.85
355.662	392.53
355.878	664.91
356.093	-563.87
356.309	-139.94
356.524	-107.18
356.74	468.3
356.955	-469.67
357.171	-60.07
357.386	226.64
357.602	-121.51
357.817	-133.8
358.033	-135.85
358.248	288.08
358.464	326.99
358.679	-248.49
358.895	-443.04
359.11	97.62
359.325	79.19
359.541	445.77
359.756	-31.4
359.972	-197.29
360.187	501.07
360.402	-348.84
360.618	-197.29
360.833	1639.74
361.048	144.72
361.264	-271.01
361.479	-35.5
361.694	202.07
361.909	232.79
362.125	-359.08
362.34	-162.47
362.555	372.05
362.77	238.93
362.986	-514.72
363.201	-205.48
363.416	269.65
363.631	-10.92
363.847	-283.3
364.062	-232.1
364.277	189.78
364.492	-43.69
364.707	-258.73
364.922	-377.51
365.138	263.51
365.353	386.38
365.568	-477.86
365.783	-131.75
365.998	462.16
366.213	666.96
366.428	-348.84
366.643	142.68
366.858	269.65
367.073	281.94
367.288	-252.58
367.503	-295.59
367.718	62.8
367.933	533.84
368.148	-293.54
368.363	-96.94
368.578	214.35
368.793	552.27
369.008	-174.76
369.223	-400.04
369.438	296.27
369.653	226.64
369.868	-330.41
370.083	-400.04
370.298	240.98
370.513	503.12
370.728	73.04
370.943	-258.73
371.157	-51.88
371.372	714.06
371.587	-389.8
371.802	-432.8
372.017	87.38
372.232	572.75
372.446	-78.51
372.661	-211.62
372.876	136.53
373.091	355.66
373.306	-131.75
373.52	-449.19
373.735	-23.21
373.95	691.53
374.165	-244.39
374.379	-207.53
374.594	-21.16
374.809	456.01
375.023	126.29
375.238	-301.73
375.453	326.99
375.667	-6.83
375.882	-264.87
376.097	-291.49
376.311	44.37
376.526	253.27
376.741	-279.21
376.955	197.97
377.17	593.23
377.384	976.2
377.599	81.24
377.813	-418.47
378.028	779.59
378.242	290.13
378.457	-64.17
378.672	-477.86
378.886	9.56
379.101	95.57
379.315	-522.91
379.53	-168.62
379.744	468.3
379.958	357.71
380.173	-299.69
380.387	-287.4
380.602	312.66
380.816	54.61
381.031	-162.47
381.245	-283.3
381.459	283.99
381.674	2016.57
381.888	-408.23
382.103	249.17
382.317	122.2
382.531	484.69
382.746	-66.22
382.96	-307.88
383.174	187.73
383.388	738.63
383.603	212.31
383.817	-434.85
384.031	54.61
384.246	552.27
384.46	-64.17
384.674	779.59
384.888	-12.97
385.103	417.1
385.317	-479.91
385.531	36.18
385.745	865.61
385.959	486.73
386.174	-287.4
386.388	-334.5
386.602	142.68
386.816	130.39
387.03	-101.03
387.244	-103.08
387.458	230.74
387.672	447.82
387.887	-397.99
388.101	-281.25
388.315	429.39
388.529	251.22
388.743	-246.44
388.957	-203.43
389.171	558.41
389.385	48.47
389.599	-342.69
389.813	-10.92
390.027	212.31
390.241	859.46
390.455	-238.25
390.669	-74.41
390.883	189.78
391.097	609.61
391.311	118.1
391.525	-264.87
391.738	478.54
391.952	560.46
392.166	81.24
392.38	-344.74
392.594	468.3
392.808	413.01
393.022	-119.46
393.236	-62.12
393.449	208.21
393.663	556.36
393.877	-301.73
394.091	-109.22
394.305	77.14
394.518	132.44
394.732	-281.25
394.946	-98.99
395.16	804.17
395.373	267.6
395.587	-232.1
395.801	-209.58
396.015	462.16
396.228	337.23
396.442	-260.77
396.656	-416.42
396.869	441.68
397.083	775.5
397.297	-12.97
397.51	-176.81
397.724	306.51
397.938	288.08
398.151	-320.17
398.365	-361.13
398.578	470.35
398.792	632.14
399.005	234.83
399.219	-193.19
399.433	339.28
399.646	523.6
399.86	99.67
400.073	265.55
400.287	267.6
400.5	345.42
400.714	171.35
400.927	15.7
401.141	554.32
401.354	1932.6
401.567	632.14
401.781	-389.8
401.994	337.23
402.208	845.13
402.421	40.28
402.635	-88.75
402.848	15.7
403.061	470.35
403.275	-2.73
403.488	-203.43
403.701	576.84
403.915	656.72
404.128	54.61
404.341	-109.22
404.555	855.37
404.768	95.57
404.981	288.08
405.195	-72.36
405.408	552.27
405.621	398.67
405.834	161.11
406.048	-195.24
406.261	484.69
406.474	552.27
406.687	-201.38
406.9	44.37
407.114	439.63
407.327	535.89
407.54	-266.92
407.753	-297.64
407.966	136.53
408.179	372.05
408.392	-170.66
408.605	-297.64
408.819	404.82
409.032	527.69
409.245	-58.03
409.458	249.17
409.671	382.29
409.884	384.34
410.097	-316.07
410.31	187.73
410.523	695.63
410.736	271.7
410.949	71
411.162	-29.35
411.375	505.17
411.588	363.86
411.801	140.63
412.014	-182.95
412.227	228.69
412.44	300.37
412.653	-8.87
412.865	249.17
413.078	654.67
413.291	525.65
413.504	73.04
413.717	-201.38
413.93	669
414.143	132.44
414.356	122.2
414.568	-359.08
414.781	515.41
414.994	609.61
415.207	128.34
415.42	62.8
415.632	415.06
415.845	976.2
416.058	-215.72
416.271	-209.58
416.483	439.63
416.696	748.87
416.909	-62.12
417.121	-101.03
417.334	304.46
417.547	587.08
417.759	-47.79
417.972	-113.32
418.185	238.93
418.397	484.69
418.61	13.65
418.823	-74.41
419.035	697.67
419.248	513.36
419.46	40.28
419.673	140.63
419.885	275.79
420.098	527.69
420.311	-27.31
420.523	-246.44
420.736	548.17
420.948	415.06
421.161	-47.79
421.373	-111.27
421.586	243.03
421.798	193.87
422.01	-303.78
422.223	306.51
422.435	247.12
422.648	773.45
422.86	-72.36
423.073	25.94
423.285	484.69
423.497	134.48
423.71	-82.6
423.922	38.23
424.134	777.55
424.347	951.62
424.559	402.77
424.771	458.06
424.984	691.53
425.196	509.26
425.408	-178.86
425.621	-64.17
425.833	669
426.045	871.75
426.257	-141.99
426.47	142.68
426.682	337.23
426.894	386.38
427.106	-35.5
427.318	169.3
427.531	468.3
427.743	681.29
427.955	163.15
428.167	873.8
428.379	425.29
428.591	365.9
428.804	169.3
429.016	62.8
429.228	621.9
429.44	666.96
429.652	13769.86
429.864	-162.47
430.076	556.36
430.288	513.36
430.5	310.61
430.712	206.16
430.924	664.91
431.136	734.54
431.348	15.7
431.56	62.8
431.772	427.34
431.984	361.81
432.196	1.37
432.408	52.56
432.62	527.69
432.832	728.39
433.044	626
433.256	361.81
433.468	722.25
433.679	255.31
433.891	-62.12
434.103	437.58
434.315	939.34
434.527	664.91
434.739	324.94
434.95	204.11
435.162	546.12
435.374	322.9
435.586	353.62
435.798	140.63
436.009	525.65
436.221	398.67
436.433	259.41
436.645	171.35
436.856	501.07
437.068	925
437.28	124.24
437.491	546.12
437.703	787.79
437.915	652.62
438.126	136.53
438.338	615.76
438.55	531.79
438.761	630.09
438.973	271.7
439.184	243.03
439.396	576.84
439.608	660.81
439.819	128.34
440.031	322.9
440.242	742.73
440.454	750.92
440.665	240.98
440.877	494.93
441.088	841.03
441.3	757.07
441.511	34.13
441.723	265.55
441.934	1105.22
442.146	841.03
442.357	462.16
442.569	832.84
442.78	888.14
442.991	1410.37
443.203	890.18
443.414	304.46
443.626	1158.47
443.837	656.72
444.048	249.17
444.26	116.05
444.471	861.51
444.682	820.55
444.894	277.84
445.105	232.79
445.316	972.1
445.528	947.53
445.739	460.11
445.95	380.24
446.161	722.25
446.373	861.51
446.584	488.78
446.795	310.61
447.006	978.25
447.217	1047.88
447.429	228.69
447.64	179.54
447.851	1688.89
448.062	984.39
448.273	281.94
448.484	236.88
448.695	931.14
448.907	965.96
449.118	533.84
449.329	871.75
449.54	742.73
449.751	802.12
449.962	376.14
450.173	372.05
450.384	949.57
450.595	1287.49
450.806	394.58
451.017	402.77
451.228	1199.43
451.439	1017.16
451.65	474.45
451.861	138.58
452.072	838.98
452.283	947.53
452.494	755.02
452.705	447.82
452.915	1633.6
453.126	1000.77
453.337	642.38
453.548	355.66
453.759	1398.08
453.97	1346.88
454.181	1078.6
454.391	546.12
454.602	970.05
454.813	1445.18
455.024	554.32
455.235	503.12
455.445	1383.74
455.656	1056.07
455.867	808.27
456.078	582.99
456.288	666.96
456.499	1322.31
456.71	527.69
456.921	1051.97
457.131	1058.12
457.342	1017.16
457.553	705.87
457.763	638.28
457.974	1078.6
458.184	1135.94
458.395	453.97
458.606	445.77
458.816	1445.18
459.027	1459.52
459.237	894.28
459.448	576.84
459.659	1344.83
459.869	2161.97
460.08	456.01
460.29	830.79
460.501	1578.3
460.711	1328.45
460.922	505.17
461.132	730.44
461.343	2168.12
461.553	994.63
461.764	574.8
461.974	757.07
462.184	1492.29
462.395	1471.81
462.605	761.16
462.816	566.6
463.026	1424.7
463.236	1295.68
463.447	732.49
463.657	763.21
463.867	1527.1
464.078	1385.79
464.288	836.94
464.498	863.56
464.709	1414.46
464.919	1428.8
465.129	886.09
465.339	812.36
465.55	1402.18
465.76	1701.18
465.97	953.67
466.18	920.9
466.391	1662.27
466.601	1594.69
466.811	1086.79
467.021	771.4
467.231	1748.28
467.441	1813.82
467.651	1035.59
467.862	740.68
468.072	1561.92
468.282	1557.82
468.492	904.52
468.702	1316.16
468.912	1719.61
469.122	2549.04
469.332	1529.15
469.542	1029.45
469.752	2096.44
469.962	1690.94
470.172	1011.01
470.382	1064.26
470.592	2114.87
470.802	1928.5
471.012	1539.39
471.222	1230.15
471.432	1817.91
471.642	1928.5
471.852	1537.34
472.062	1189.19
472.272	1776.95
472.482	1625.4
472.691	1275.2
472.901	1205.57
473.111	1633.6
473.321	2348.34
473.531	1344.83
473.741	1647.93
473.95	2153.78
474.16	2106.68
474.37	1725.76
474.58	1377.6
474.79	2585.9
474.999	2196.79
475.209	1592.64
475.419	1570.11
475.628	2141.49
475.838	2716.97
476.048	1934.65
476.258	1580.35
476.467	2428.21
476.677	2059.57
476.886	2221.36
477.096	1836.35
477.306	2358.58
477.515	2508.08
477.725	2168.12
477.935	1928.5
478.144	3061.03
478.354	2358.58
478.563	2071.86
478.773	1893.69
478.982	2639.15
479.192	2721.07
479.401	2063.67
479.611	1914.17
479.82	2364.72
480.03	2802.99
480.239	2073.91
480.449	1928.5
480.658	2925.86
480.868	2819.37
481.077	2401.58
481.287	2282.8
481.496	2747.69
481.705	3169.57
481.915	2753.84
482.124	2716.97
482.333	3018.02
482.543	3360.03
482.752	2825.51
482.961	2395.44
483.171	3052.84
483.38	2903.34
483.589	2592.05
483.799	2487.6
484.008	3034.41
484.217	3056.93
484.426	2704.68
484.636	2551.09
484.845	3317.03
485.054	3013.93
485.263	3253.54
485.472	2682.16
485.682	3544.35
485.891	3183.91
486.1	2684.2
486.309	2805.03
486.518	3630.37
486.727	4398.35
486.936	2739.5
487.146	3124.52
487.355	3859.74
487.564	3339.55
487.773	3056.93
487.982	2981.16
488.191	3376.42
488.4	3872.03
488.609	3069.22
488.818	3061.03
489.027	4056.34
489.236	4046.1
489.445	3050.79
489.654	2962.73
489.863	3980.57
490.072	3990.81
490.281	3865.88
490.49	3372.32
490.698	4093.21
490.907	4506.9
491.116	3458.34
491.325	3312.93
491.534	4064.54
491.743	3958.04
491.952	3523.87
492.16	3593.5
492.369	4173.08
492.578	4431.12
492.787	3659.04
492.996	3357.99
493.204	3869.98
493.413	4543.76
493.622	3382.56
493.831	3532.06
494.039	4803.85
494.248	4089.11
494.457	3732.76
494.665	3450.14
494.874	4416.79
495.083	4902.15
495.291	3816.73
495.5	3613.98
495.709	4525.33
495.917	4390.16
496.126	3927.32
496.335	3837.21
496.543	4480.27
496.752	4574.48
496.96	4353.3
497.169	3841.31
497.377	4465.94
497.586	4556.05
497.794	4191.51
498.003	3712.28
498.211	4584.72
498.42	4924.68
498.628	4211.99
498.837	3960.09
499.045	4666.64
499.254	4674.83
499.462	4207.89
499.671	4113.69
499.879	5643.52
500.087	4912.39
500.296	4082.97
500.504	4228.37
500.713	4893.96
500.921	5256.45
501.129	4109.59
501.338	4107.54
501.546	4879.63
501.754	4910.35
501.962	4330.77
502.171	4238.61
502.379	5158.15
502.587	5254.41
502.795	4506.9
503.004	4455.7
503.212	5240.07
503.42	5137.67
503.628	4785.42
503.837	4637.97
504.045	5145.86
504.253	5577.98
504.461	4533.52
504.669	4371.73
504.877	5537.02
505.085	5371.14
505.294	4353.3
505.502	4973.83
505.71	5776.64
505.918	5137.67
506.126	4578.58
506.334	4676.88
506.542	5420.29
506.75	5305.6
506.958	4982.03
507.166	4785.42
507.374	5115.14
507.582	5637.38
507.79	5121.29
507.998	4670.73
508.206	5661.95
508.414	5666.05
508.622	4818.19
508.83	4859.15
509.037	5655.81
509.245	5229.83
509.453	4728.08
509.661	4801.8
509.869	5727.49
510.077	5383.43
510.285	5272.84
510.492	4486.42
510.7	6173.94
510.908	5514.5
511.116	5082.38
511.324	4885.77
511.531	5455.11
511.739	5870.84
511.947	5487.87
512.155	5455.11
512.362	5838.08
512.57	5453.06
512.778	5004.55
512.985	4883.72
513.193	5604.61
513.401	6204.66
513.608	5360.9
513.816	5262.6
514.024	5868.8
514.231	6038.78
514.439	5528.83
514.646	5209.35
514.854	6229.24
515.061	6061.3
515.269	5442.82
515.477	5328.13
515.684	5989.63
515.892	6143.22
516.099	5160.2
516.307	5307.65
516.514	6425.84
516.722	6685.94
516.929	5616.9
517.136	5289.22
517.344	6239.48
517.551	6462.71
517.759	5379.33
517.966	5401.86
518.173	5973.24
518.381	6198.52
518.588	5616.9
518.796	5467.39
519.003	6413.56
519.21	6221.05
519.418	5735.68
519.625	5926.14
519.832	6313.2
520.039	6341.88
520.247	5520.64
520.454	5637.38
520.661	6481.14
520.868	6325.49
521.076	5743.87
521.283	5801.21
521.49	6933.74
521.697	6307.06
521.904	5819.64
522.112	5827.84
522.319	6698.22
522.526	6483.19
522.733	5786.88
522.94	5936.38
523.147	6518
523.354	6438.13
523.561	5827.84
523.768	6188.28
523.975	6948.08
524.183	6638.83
524.39	6311.16
524.597	5803.26
524.804	6399.22
525.011	6704.37
525.218	6161.66
525.425	6137.08
525.632	7044.33
525.838	6550.77
526.045	6092.02
526.252	6335.73
526.459	8525.01
526.666	8383.7
526.873	6194.42
527.08	6206.71
527.287	6997.23
527.494	7085.29
527.701	6292.73
527.907	6137.08
528.114	7054.57
528.321	7034.09
528.528	6352.12
528.735	6356.21
528.941	6845.68
529.148	6730.99
529.355	6546.67
529.562	6350.07
529.768	7759.07
529.975	6923.5
530.182	6546.67
530.388	6270.2
530.595	7372
530.802	6677.74
531.008	6751.47
531.215	6501.62
531.422	7982.3
531.628	8125.66
531.835	6790.38
532.042	6728.94
532.248	7312.61
532.455	7619.81
532.661	6784.24
532.868	6608.11
533.074	7550.18
533.281	7621.86
533.487	6808.81
533.694	6802.67
533.9	7099.62
534.107	7249.13
534.313	6698.22
534.52	6581.49
534.726	7472.36
534.933	7877.85
535.139	6712.56
535.345	6696.18
535.552	7967.96
535.758	7689.44
535.965	6976.75
536.171	6792.43
536.377	7699.68
536.584	8033.5
536.79	6980.84
536.996	7259.37
537.203	7906.52
537.409	8226.01
537.615	7202.02
537.821	7537.89
538.028	8383.7
538.234	7767.26
538.44	7068.91
538.646	7093.48
538.853	7748.83
539.059	7775.45
539.265	7843.04
539.471	6907.12
539.677	7996.64
539.883	7908.57
540.09	8791.25
540.296	7998.68
540.502	7972.06
540.708	7879.9
540.914	7984.35
541.12	7412.96
541.326	8441.04
541.532	8201.43
541.738	7759.07
541.944	7582.95
542.15	8375.51
542.356	7990.49
542.562	7466.21
542.768	7711.97
542.974	8592.59
543.18	8527.06
543.386	7718.11
543.592	7402.72
543.798	8940.75
544.004	8533.2
544.21	7365.86
544.415	7914.72
544.621	8482
544.827	9065.67
545.033	7650.53
545.239	8197.34
545.445	8262.87
545.651	8502.48
545.856	8010.97
546.062	7703.78
546.268	8377.56
546.474	8404.18
546.679	7904.48
546.885	7914.72
547.091	8365.27
547.297	8959.18
547.502	8029.4
547.708	7552.23
547.914	8496.34
548.119	8907.98
548.325	7619.81
548.531	7638.24
548.736	9249.99
548.942	8465.62
549.147	7916.76
549.353	8191.19
549.559	9180.36
549.764	8838.35
549.97	7892.19
550.175	8053.98
550.381	8787.15
550.586	8291.54
550.792	7992.54
550.997	8150.23
551.203	8930.51
551.408	9120.97
551.614	8082.65
551.819	8082.65
552.025	9321.67
552.23	9051.34
552.435	8221.91
552.641	8570.07
552.846	8738
553.052	9561.28
553.257	8651.99
553.462	8383.7
553.668	8705.23
553.873	9184.46
554.078	8324.31
554.283	8199.38
554.489	9137.35
554.694	8887.5
554.899	8344.79
555.105	8774.86
555.31	9258.18
555.515	9303.24
555.72	8602.83
555.925	9706.69
556.131	9266.38
556.336	9276.62
556.541	8479.96
556.746	8318.17
556.951	9522.37
557.156	9409.73
557.361	8735.95
557.567	8836.3
557.772	9569.48
557.977	9567.43
558.182	8355.03
558.387	8590.55
558.592	9037
558.797	9583.81
559.002	8686.8
559.207	9010.38
559.412	9426.12
559.617	9612.48
559.822	8699.09
560.027	8490.2
560.232	9219.27
560.437	9489.6
560.642	8649.94
560.847	8707.28
561.051	9290.95
561.256	9409.73
561.461	8662.23
561.666	8690.9
561.871	9313.48
562.076	9704.64
562.281	8938.7
562.485	8953.04
562.69	9780.42
562.895	9503.94
563.1	8895.69
563.305	8676.56
563.509	9833.66
563.714	9970.88
563.919	8742.1
564.123	8989.9
564.328	9348.29
564.533	10106.04
564.737	9092.3
564.942	8840.4
565.147	9958.59
565.351	9960.64
565.556	9206.98
565.761	9422.02
565.965	9899.2
566.17	9571.52
566.374	8905.93
566.579	8987.85
566.784	9794.75
566.988	9745.6
567.193	8963.28
567.397	9270.47
567.602	9682.11
567.806	10097.85
568.011	9217.22
568.215	9315.53
568.42	9706.69
568.624	10028.22
568.828	9123.02
569.033	9428.17
569.237	10169.53
569.442	10294.46
569.646	9037
569.85	9483.46
570.055	10028.22
570.259	10015.93
570.463	9764.03
570.668	9661.63
570.872	9874.62
571.076	10163.39
571.281	9432.26
571.485	9411.78
571.689	10212.54
571.893	10284.22
572.098	9721.02
572.302	9430.21
572.506	10323.13
572.71	10169.53
572.914	9467.08
573.119	9444.55
573.323	10476.73
573.527	10503.35
573.731	9630.91
573.935	9512.13
574.139	10306.74
574.343	10056.89
574.547	9706.69
574.751	9823.42
574.955	10521.78
575.159	10554.55
575.364	9546.95
575.568	9645.25
575.772	10425.53
575.976	10310.84
576.18	9745.6
576.383	9702.59
576.587	10779.82
576.791	10400.95
576.995	9401.54
577.199	9612.48
577.403	10163.39
577.607	10476.73
577.811	9802.94
578.015	9929.92
578.219	10523.83
578.422	10513.59
578.626	10134.71
578.83	10220.73
579.034	10749.11
579.238	10677.43
579.442	10044.6
579.645	10472.63
579.849	10581.17
580.053	10839.22
580.257	10151.1
580.46	10175.67
580.664	10781.87
580.868	10910.89
581.071	10407.09
581.275	10241.21
581.479	10456.25
581.682	10998.96
581.886	9891.01
582.09	10237.11
582.293	10884.27
582.497	10874.03
582.7	10372.28
582.904	10316.98
583.107	10988.72
583.311	10755.25
583.515	10329.27
583.718	10316.98
583.922	11054.25
584.125	11834.53
584.329	10222.78
584.532	10663.09
584.735	11396.26
584.939	10955.95
585.142	10196.15
585.346	10405.05
585.549	10964.14
585.753	10972.33
585.956	10411.19
586.159	10724.53
586.363	11211.95
586.566	11101.36
586.769	10218.68
586.973	10243.26
587.176	10925.23
587.379	11046.06
587.582	10812.59
587.786	10892.46
587.989	11322.54
588.192	12403.86
588.395	10747.06
588.599	11336.87
588.802	11158.7
589.005	11400.36
589.208	10675.38
589.411	10456.25
589.615	11277.48
589.818	11771.04
590.021	11300.01
590.224	11058.35
590.427	11777.19
590.63	11570.34
590.833	10386.61
591.036	10722.48
591.239	11564.2
591.442	11201.71
591.645	11232.43
591.848	10716.34
592.051	11656.36
592.254	11687.07
592.457	11250.86
592.66	11033.77
592.863	11404.46
593.066	12014.75
593.269	10910.89
593.472	10929.33
593.675	11601.06
593.878	11537.57
594.081	11187.37
594.284	11101.36
594.486	11715.75
594.689	11619.49
594.892	11246.76
595.095	11377.83
595.298	11969.69
595.5	11429.03
595.703	11289.77
595.906	11175.08
596.109	11787.43
596.311	11889.82
596.514	10812.59
596.717	11386.02
596.92	12084.38
597.122	12119.2
597.325	10835.12
597.528	11011.25
597.73	12428.44
597.933	12027.04
598.136	11420.84
598.338	11068.59
598.541	12428.44
598.743	12178.59
598.946	11424.93
599.148	11265.19
599.351	12133.53
599.554	12045.47
599.756	11510.95
599.959	11599.01
600.161	12197.02
600.363	12391.58
600.566	11701.41
600.768	11515.05
600.971	12346.52
601.173	12414.1
601.376	11568.29
601.578	11519.14
601.78	12174.49
601.983	12913.81
602.185	11465.89
602.388	12088.48
602.59	12158.11
602.792	12174.49
602.995	11998.37
603.197	11648.16
603.399	12225.69
603.601	12692.63
603.804	11938.98
604.006	11912.35
604.208	12125.34
604.41	11906.21
604.613	12076.19
604.815	11621.54
605.017	12803.22
605.219	12045.47
605.421	12403.86
605.623	11648.16
605.826	12915.86
606.028	12897.42
606.23	11666.6
606.432	11924.64
606.634	12514.45
606.836	12559.51
607.038	11721.89
607.24	11834.53
607.442	12696.72
607.644	12483.73
607.846	11836.58
608.048	11760.8
608.25	13063.31
608.452	12172.44
608.654	12262.55
608.856	11642.02
609.058	12231.83
609.26	12727.44
609.462	12129.44
609.664	12086.43
609.866	12651.67
610.067	12565.65
610.269	12076.19
610.471	11832.48
610.673	12471.45
610.875	12737.68
611.077	11549.86
611.278	11969.69
611.48	12455.06
611.682	12790.93
611.884	11934.88
612.085	11885.73
612.287	12350.62
612.489	12274.84
612.69	11750.56
612.892	12041.37
613.094	13126.8
613.295	12657.81
613.497	11930.78
613.699	12262.55
613.9	13145.23
614.102	12844.18
614.304	12137.63
614.505	11875.49
614.707	12608.66
614.908	12713.11
615.11	11650.21
615.311	12141.72
615.513	12457.11
615.714	12694.68
615.916	12104.86
616.117	12571.8
616.319	12682.39
616.52	12956.82
616.722	12111
616.923	12045.47
617.124	13178
617.326	12852.37
617.527	12627.09
617.729	12508.31
617.93	13034.64
618.131	13012.11
618.333	11947.17
618.534	12090.52
618.735	12782.74
618.937	12813.46
619.138	12221.59
619.339	12022.94
619.54	13063.31
619.742	12616.85
619.943	12373.14
620.144	12289.18
620.345	12932.24
620.546	12811.41
620.748	12254.36
620.949	12465.3
621.15	13014.16
621.351	12856.47
621.552	12154.01
621.753	11943.07
621.954	12688.53
622.155	13255.82
622.356	12096.67
622.558	12541.08
622.759	13063.31
622.96	13261.96
623.161	12108.96
623.362	12076.19
623.563	12756.11
623.764	12706.96
623.965	12229.79
624.166	12526.74
624.366	12856.47
624.567	13317.26
624.768	12010.65
624.969	12170.4
625.17	12696.72
625.371	12784.79
625.572	12541.08
625.773	12528.79
625.973	12975.25
626.174	13384.84
626.375	12506.26
626.576	12536.98
626.777	13081.74
626.977	13427.85
627.178	12645.52
627.379	12827.79
627.58	12958.86
627.78	13012.11
627.981	12567.7
628.182	12623
628.382	13141.13
628.583	12594.33
628.784	12328.09
628.984	12686.48
629.185	12846.23
629.386	13053.07
629.586	12704.92
629.787	12248.22
629.987	13077.65
630.188	13257.87
630.388	12539.03
630.589	12715.16
630.79	13868.16
630.99	12897.42
631.191	12678.29
631.391	12788.88
631.591	13020.3
631.792	13247.63
631.992	12811.41
632.193	12575.89
632.393	13470.86
632.594	13180.04
632.794	12448.92
632.994	12907.66
633.195	13098.13
633.395	13091.98
633.595	12735.64
633.796	12774.55
633.996	13218.96
634.196	13339.79
634.397	12493.97
634.597	12819.6
634.797	12962.96
634.997	13360.27
635.198	12883.09
635.398	12657.81
635.598	13612.17
635.798	13579.4
635.998	13151.37
636.199	12512.41
636.399	12965.01
636.599	12799.12
636.799	12651.67
636.999	13106.32
637.199	13399.18
637.399	13509.77
637.599	12610.71
637.799	12995.73
637.999	13186.19
638.199	13448.33
638.399	12590.23
638.599	12790.93
638.799	13626.5
638.999	13831.3
639.199	13165.71
639.399	13120.65
639.599	13733
639.799	13116.56
639.999	12858.51
640.199	12942.48
640.399	13429.9
640.599	13415.56
640.799	13055.12
640.998	13137.04
641.198	13630.6
641.398	13753.48
641.598	13239.44
641.798	13139.08
641.997	14584.95
642.197	13327.5
642.397	13249.68
642.597	12975.25
642.796	13452.42
642.996	13575.3
643.196	13354.12
643.395	12727.44
643.595	13546.63
643.795	13505.67
643.994	13030.54
644.194	13231.24
644.394	14181.5
644.593	13767.81
644.793	12713.11
644.992	13298.83
645.192	13839.49
645.392	13116.56
645.591	13302.92
645.791	13124.75
645.99	13958.27
646.19	13477
646.389	13196.43
646.589	12899.47
646.788	13628.55
646.987	13477
647.187	13810.82
647.386	13855.87
647.586	13759.62
647.785	14218.36
647.984	13104.27
648.184	13503.62
648.383	13622.41
648.582	13331.59
648.782	13235.34
648.981	13487.24
649.18	13151.37
649.38	13667.46
649.579	13319.31
649.778	13188.24
649.977	13966.46
650.177	13956.22
650.376	13075.6
650.575	13311.11
650.774	14032
650.973	13827.2
651.173	12987.54
651.372	13407.37
651.571	13728.9
651.77	14081.15
651.969	13102.22
652.168	13505.67
652.367	13468.81
652.566	13931.65
652.765	13253.77
652.964	13888.64
653.163	14029.95
653.362	13939.84
653.561	13206.67
653.76	13563.01
653.959	13958.27
654.158	14115.97
654.357	13730.95
654.556	13444.23
654.755	14095.49
654.954	14081.15
655.153	13560.97
655.352	13618.31
655.551	14072.96
655.749	13808.77
655.948	13673.6
656.147	13692.04
656.346	13874.31
656.545	14142.59
656.743	13536.39
656.942	13841.54
657.141	13776
657.34	13902.98
657.538	13343.88
657.737	13583.49
657.936	13986.94
658.135	13653.12
658.333	13503.62
658.532	13894.79
658.731	14347.39
658.929	14259.32
659.128	13945.98
659.326	13450.38
659.525	14134.4
659.724	13945.98
659.922	13485.19
660.121	13515.91
660.319	14060.67
660.518	13689.99
660.716	13507.72
660.915	13440.14
661.113	14091.39
661.312	13905.03
661.51	13921.41
661.709	13696.13
661.907	14087.29
662.105	14476.41
662.304	13376.65
662.502	13995.14
662.701	14380.15
662.899	14066.81
663.097	14206.08
663.296	13763.72
663.494	14427.26
663.692	14359.67
663.891	13548.68
664.089	13268.11
664.287	14144.64
664.485	14222.46
664.684	13481.1
664.882	13694.08
665.08	13868.16
665.278	13886.59
665.476	13718.66
665.675	13855.87
665.873	14052.48
666.071	14177.4
666.269	13429.9
666.467	13915.26
666.665	14365.82
666.863	14136.45
667.061	13810.82
667.259	13608.07
667.457	14218.36
667.655	14068.86
667.853	13370.51
668.051	13898.88
668.249	13845.63
668.447	14429.31
668.645	13628.55
668.843	14052.48
669.041	14316.67
669.239	13769.86
669.437	13864.07
669.635	14234.75
669.833	14075.01
670.031	13911.17
670.229	13872.26
670.426	13952.13
670.624	13917.31
670.822	14238.84
671.02	13411.46
671.218	13720.71
671.415	14050.43
671.613	14238.84
671.811	13874.31
672.009	13567.11
672.206	14212.22
672.404	13905.03
672.602	13980.8
672.799	13806.72
672.997	14318.71
673.195	14105.73
673.392	13622.41
673.59	13284.49
673.788	13993.09
673.985	13499.53
674.183	13673.6
674.38	13702.28
674.578	14230.65
674.775	13982.85
674.973	13530.25
675.17	13497.48
675.368	14142.59
675.565	13974.66
675.763	13778.05
675.96	13495.43
676.158	14259.32
676.355	14453.88
676.553	13569.16
676.75	13702.28
676.947	13814.91
677.145	13839.49
677.342	13640.84
677.539	13708.42
677.737	14238.84
677.934	14386.3
678.131	13833.35
678.329	13466.76
678.526	14652.53
678.723	14195.84
678.92	13782.15
679.118	13718.66
679.315	13632.65
679.512	14150.78
679.709	13452.42
679.906	13675.65
680.104	14238.84
680.301	14171.26
680.498	13446.28
680.695	13614.21
680.892	13700.23
681.089	14175.36
681.286	13651.08
681.483	13128.84
681.68	13644.93
681.877	14025.86
682.075	13663.36
682.272	13630.6
682.469	14111.87
682.665	13634.69
682.862	12962.96
683.059	12967.06
683.256	13646.98
683.453	13706.37
683.65	13417.61
683.847	13489.29
684.044	13821.06
684.241	13616.26
684.438	13546.63
684.635	13229.2
684.831	14255.23
685.028	14359.67
685.225	13335.69
685.422	13694.08
685.619	13733
685.815	13591.69
686.012	13180.04
686.209	13259.91
686.405	13552.77
686.602	13829.25
686.799	13241.48
686.996	13264.01
687.192	13673.6
687.389	14390.39
687.586	13089.93
687.782	13368.46
687.979	14369.91
688.175	13808.77
688.372	13464.71
688.568	13415.56
688.765	13706.37
688.962	13814.91
689.158	13227.15
689.355	13120.65
689.551	13495.43
689.748	14087.29
689.944	13145.23
690.14	13280.39
690.337	13896.83
690.533	13720.71
690.73	13378.7
690.926	13206.67
691.123	13536.39
691.319	13786.24
691.515	12956.82
691.712	13644.93
691.908	13771.91
692.104	13366.41
692.301	13481.1
692.497	12901.52
692.693	13585.54
692.889	13239.44
693.086	13368.46
693.282	12895.38
693.478	13425.8
693.674	13907.07
693.87	13106.32
694.067	13114.51
694.263	13388.94
694.459	13603.97
694.655	13804.67
694.851	13325.45
695.047	13579.4
695.243	13653.12
695.439	13016.21
695.635	12977.3
695.831	13436.04
696.027	13427.85
696.224	12924.05
696.42	13638.79
696.615	13757.57
696.811	13743.24
697.007	12915.86
697.203	12917.9
697.399	13517.96
697.595	13360.27
697.791	12907.66
697.987	13186.19
698.183	13214.86
698.379	13272.2
698.575	12893.33
698.77	13208.72
698.966	13675.65
699.162	13642.89
699.358	12786.83
699.554	13155.47
699.749	13925.5
699.945	13429.9
700.141	13169.8
700.337	13186.19
700.532	13126.8
700.728	13171.85
700.924	12620.95
701.119	12792.98
701.315	13266.06
701.511	13124.75
701.706	13063.31
701.902	12600.47
702.097	13407.37
702.293	13274.25
702.489	12866.7
702.684	12582.04
702.88	13423.75
703.075	13030.54
703.271	12747.92
703.466	12706.96
703.662	13008.01
703.857	13288.59
704.053	12588.18
704.248	13036.69
704.443	13483.14
704.639	13560.97
704.834	13087.89
705.03	12813.46
705.225	13171.85
705.42	13479.05
705.616	12928.14
705.811	12913.81
706.006	13085.84
706.202	13143.18
706.397	12756.11
706.592	12401.82
706.787	13403.27
706.983	12858.51
707.178	13089.93
707.373	12844.18
707.568	13102.22
707.763	12823.7
707.959	12506.26
708.154	12633.24
708.349	12774.55
708.544	13151.37
708.739	12930.19
708.934	12430.49
709.129	13130.89
709.324	13264.01
709.519	12442.78
709.714	12483.73
709.909	13200.52
710.104	13300.87
710.299	12668.05
710.494	12594.33
710.689	13026.45
710.884	13020.3
711.079	12635.28
711.274	12666
711.469	12881.04
711.664	13120.65
711.859	12690.58
712.054	12350.62
712.249	13028.49
712.443	13161.61
712.638	12262.55
712.833	12500.12
713.028	13171.85
713.223	12733.59
713.417	12883.09
713.612	12557.46
713.807	13272.2
714.002	13808.77
714.196	12731.54
714.391	12500.12
714.586	13225.1
714.78	13522.06
714.975	12407.96
715.17	12563.61
715.364	12715.16
715.559	13046.93
715.754	12203.16
715.948	12088.48
716.143	13530.25
716.337	13034.64
716.532	12805.27
716.726	12598.42
716.921	13010.06
717.115	13300.87
717.31	12076.19
717.504	13360.27
717.699	12827.79
717.893	13001.87
718.088	12405.91
718.282	12164.25
718.476	12762.26
718.671	12975.25
718.865	12393.62
719.059	12174.49
719.254	12510.36
719.448	12790.93
719.642	14842.99
719.837	11975.84
720.031	14339.19
720.225	12817.55
720.419	12293.27
720.614	12055.71
720.808	12469.4
721.002	12469.4
721.196	12207.26
721.39	12111
721.585	12567.7
721.779	12569.75
721.973	12207.26
722.167	12029.09
722.361	12416.15
722.555	12864.66
722.749	12113.05
722.943	12086.43
723.137	12352.66
723.331	12770.45
723.525	12278.94
723.719	12149.92
723.913	12649.62
724.107	12887.18
724.301	11955.36
724.495	12139.68
724.689	13157.52
724.883	12463.26
725.077	11990.17
725.271	12012.7
725.465	12758.16
725.659	12375.19
725.853	12254.36
726.046	11922.59
726.24	12295.32
726.434	12416.15
726.628	12059.81
726.822	11838.62
727.015	12668.05
727.209	12821.65
727.403	12055.71
727.596	11517.09
727.79	12586.13
727.984	12655.76
728.177	12072.09
728.371	12035.23
728.565	12557.46
728.758	12246.17
728.952	11781.28
729.146	11906.21
729.339	12559.51
729.533	12346.52
729.726	11965.6
729.92	11719.84
730.113	12717.2
730.307	12479.64
730.5	12160.16
730.694	12119.2
730.887	12289.18
731.081	12737.68
731.274	11924.64
731.468	11842.72
731.661	12190.88
731.854	12278.94
732.048	12092.57
732.241	11779.23
732.435	12623
732.628	12207.26
732.821	12008.61
733.014	11879.58
733.208	12262.55
733.401	12557.46
733.594	11990.17
733.788	11832.48
733.981	12522.65
734.174	12584.09
734.367	11981.98
734.56	12287.13
734.754	12625.04
734.947	12559.51
735.14	11941.02
735.333	12246.17
735.526	12747.92
735.719	12201.12
735.912	11979.93
736.105	12111
736.298	12620.95
736.491	12614.8
736.684	12049.57
736.877	11777.19
737.07	12469.4
737.263	13083.79
737.456	11910.3
737.649	11682.98
737.842	12553.37
738.035	12616.85
738.228	11981.98
738.421	12002.46
738.614	12819.6
738.807	12799.12
739	11631.78
739.192	11859.1
739.385	12461.21
739.578	12391.58
739.771	12332.19
739.964	11666.6
740.156	12563.61
740.349	12416.15
740.542	12242.07
740.735	11603.11
740.927	12012.7
741.12	12031.13
741.313	11693.22
741.505	11871.39
741.698	12188.83
741.891	12489.88
742.083	11910.3
742.276	11740.32
742.468	12493.97
742.661	12219.55
742.854	11711.65
743.046	11619.49
743.239	12418.2
743.431	12240.03
743.624	11818.15
743.816	11390.12
744.009	11857.06
744.201	11963.55
744.393	12098.72
744.586	11271.34
744.778	12184.73
744.971	12188.83
745.163	11547.81
745.355	11881.63
745.548	11801.76
745.74	12315.8
745.932	11785.38
746.125	11459.75
746.317	12584.09
746.509	12143.77
746.702	11768.99
746.894	11887.78
747.086	12289.18
747.278	12332.19
747.471	11707.55
747.663	11797.67
747.855	12242.07
748.047	12242.07
748.239	11859.1
748.431	11498.66
748.623	12448.92
748.815	12235.93
749.008	11398.31
749.2	11234.47
749.392	12186.78
749.584	12270.75
749.776	11873.44
749.968	11785.38
750.16	12250.27
750.352	11961.5
750.544	11578.53
750.736	11486.37
750.928	12135.58
751.12	11967.65
751.311	11408.55
751.503	11777.19
751.695	11766.95
751.887	12172.44
752.079	11359.4
752.271	11537.57
752.463	12981.39
752.654	11906.21
752.846	11480.23
753.038	11519.14
753.23	11904.16
753.421	11916.45
753.613	11551.91
753.805	11936.93
753.997	11824.29
754.188	12264.6
754.38	11390.12
754.572	11250.86
754.763	11945.12
754.955	11834.53
755.146	11519.14
755.338	11349.16
755.53	12158.11
755.721	11791.52
755.913	10943.66
756.104	11189.42
756.296	11496.61
756.487	12076.19
756.679	11052.2
756.87	10933.42
757.062	11736.23
757.253	11666.6
757.445	11314.34
757.636	11535.53
757.827	11480.23
758.019	12479.64
758.21	11213.99
758.401	11181.23
758.593	12346.52
758.784	12108.96
758.975	11039.92
759.167	10990.77
759.358	11551.91
759.549	11908.26
759.74	11121.84
759.932	11207.85
760.123	11605.16
760.314	11574.44
760.505	11390.12
760.696	10902.7
760.888	11846.82
761.079	11725.99
761.27	10923.18
761.461	10777.78
761.652	11758.75
761.843	11582.63
762.034	10982.57
762.225	11789.47
762.416	11642.02
762.607	11228.33
762.798	10724.53
762.989	11068.59
763.18	12438.68
763.371	11517.09
763.562	10839.22
763.753	10755.25
763.944	11386.02
764.135	11433.13
764.326	11216.04
764.517	10874.03
764.708	11402.41
764.899	11351.21
765.089	10790.06
765.28	10431.67
765.471	10865.84
765.662	11646.12
765.853	10663.09
766.043	10667.19
766.234	11553.96
766.425	11193.51
766.615	10929.33
766.806	10470.58
766.997	11449.51
767.187	11220.14
767.378	10826.93
767.569	10462.39
767.759	11439.27
767.95	11101.36
768.141	10790.06
768.331	10478.77
768.522	11154.6
768.712	11324.58
768.903	10589.36
769.093	10681.52
769.284	11211.95
769.474	10978.48
769.665	10325.18
769.855	9811.14
770.046	11371.69
770.236	11089.07
770.426	10697.91
770.617	10564.79
770.807	11056.3
770.998	11281.58
771.188	10560.69
771.378	10302.65
771.569	11130.03
771.759	10855.6
771.949	10036.41
772.139	10235.07
772.33	10900.65
772.52	10828.98
772.71	10265.78
772.9	10024.12
773.09	10818.74
773.281	11001.01
773.471	10104
773.661	10216.63
773.851	10755.25
774.041	10710.19
774.231	10089.66
774.421	10390.71
774.611	10693.81
774.802	10673.33
774.992	10165.43
775.182	9962.69
775.372	10818.74
775.562	10863.79
775.752	10046.65
775.942	10112.19
776.131	10945.71
776.321	10892.46
776.511	9790.66
776.701	9792.7
776.891	10937.52
777.081	10433.72
777.271	10214.59
777.461	9882.81
777.651	10540.21
777.84	10388.66
778.03	10067.13
778.22	9938.11
778.41	10527.92
778.599	10331.32
778.789	9807.04
778.979	9798.85
779.169	10392.76
779.358	10306.74
779.548	10153.15
779.738	9569.48
779.927	10482.87
780.117	9942.21
780.307	9577.67
780.496	9409.73
780.686	10591.41
780.875	10939.57
781.065	9825.47
781.254	9770.18
781.444	10378.42
781.633	10122.43
781.823	9370.82
782.012	9618.63
782.202	10187.96
782.391	10241.21
782.581	9608.39
782.77	9856.19
782.96	10405.05
783.149	10052.8
783.338	9477.32
783.528	9315.53
783.717	10241.21
783.906	10560.69
784.096	9888.96
784.285	9501.89
784.474	9977.02
784.663	9909.44
784.853	9411.78
785.042	9942.21
785.231	10009.79
785.42	10204.35
785.61	9972.93
785.799	9565.38
785.988	10419.38
786.177	9848
786.366	9510.08
786.555	9911.49
786.744	9987.26
786.933	9899.2
787.122	9098.44
787.312	9354.44
787.501	9901.25
787.69	10093.76
787.879	9217.22
788.068	9204.94
788.257	9522.37
788.445	9770.18
788.634	9213.13
788.823	9241.8
789.012	10265.78
789.201	10079.42
789.39	9217.22
789.579	9149.64
789.768	10077.37
789.957	10015.93
790.145	9178.31
790.334	8975.56
790.523	9542.85
790.712	9692.35
790.9	9301.19
791.089	8944.84
791.278	9817.28
791.467	9905.34
791.655	9751.74
791.844	10071.23
792.033	9675.97
792.221	9618.63
792.41	8985.8
792.599	8627.41
792.787	9534.66
792.976	9753.79
793.164	8877.26
793.353	9114.83
793.541	9950.4
793.73	9700.55
793.918	9039.05
794.107	9116.87
794.295	9596.1
794.484	9481.41
794.672	8854.73
794.861	9012.43
795.049	9565.38
795.238	9921.73
795.426	8819.92
795.614	8832.21
795.803	9721.02
795.991	9997.5
796.179	8578.26
796.368	8611.03
796.556	9479.36
796.744	9114.83
796.932	8758.48
797.121	8703.18
797.309	9258.18
797.497	9419.97
797.685	8860.88
797.874	8678.61
798.062	9456.84
798.25	9721.02
798.438	8760.53
798.626	8758.48
798.814	9651.39
799.002	9690.31
799.19	8985.8
799.378	8907.98
799.566	9368.77
799.755	9727.17
799.943	8959.18
800.131	8664.27
800.318	9376.97
800.506	9510.08
800.694	8668.37
800.882	8873.17
801.07	9972.93
801.258	9475.27
801.446	8914.13
801.634	8869.07
801.822	9405.64
802.01	9741.5
802.197	8756.43
802.385	9077.96
802.573	9499.84
802.761	9497.8
802.949	8938.7
803.136	8631.51
803.324	9673.92
803.512	9323.72
803.699	9106.63
803.887	8596.69
804.075	9616.58
804.262	9426.12
804.45	8905.93
804.638	9053.39
804.825	9100.49
805.013	9073.87
805.201	9012.43
805.388	8744.14
805.576	9493.7
805.763	9733.31
805.951	8766.67
806.138	9063.63
806.326	9727.17
806.513	9534.66
806.701	8781.01
806.888	8578.26
807.075	9516.23
807.263	9764.03
807.45	8764.62
807.638	8979.66
807.825	9878.72
808.012	9481.41
808.2	8930.51
808.387	9417.93
808.574	9800.9
808.761	9827.52
808.949	8905.93
809.136	9002.19
809.323	9561.28
809.51	9620.67
809.698	9153.74
809.885	9284.81
810.072	9577.67
810.259	9573.57
810.446	8805.58
810.633	8776.91
810.82	9647.3
811.008	9956.54
811.195	9323.72
811.382	9043.15
811.569	9729.22
811.756	9288.9
811.943	8955.08
812.13	9069.77
812.317	9718.98
812.504	9342.15
812.691	8959.18
812.878	9155.79
813.064	9848
813.251	9293
813.438	8840.4
813.625	9280.71
813.812	9290.95
813.999	9614.53
814.186	9168.07
814.372	9063.63
814.559	9606.34
814.746	9852.09
814.933	8901.84
815.12	9256.14
815.306	9391.3
815.493	9301.19
815.68	8930.51
815.866	8817.87
816.053	9710.79
816.24	9823.42
816.426	8983.76
816.613	8889.55
816.799	9565.38
816.986	9878.72
817.173	9053.39
817.359	8774.86
817.546	9549
817.732	9170.12
817.919	8623.31
818.105	9192.65
818.292	9630.91
818.478	9340.1
818.665	9295.05
818.851	8948.94
819.037	10104
819.224	9702.59
819.41	8600.79
819.597	8676.56
819.783	9983.16
819.969	9518.28
820.156	9024.72
820.342	8783.06
820.528	10986.67
820.714	9325.77
820.901	9340.1
821.087	8787.15
821.273	9673.92
821.459	9352.39
821.646	8776.91
821.832	8692.94
822.018	9395.4
822.204	9247.94
822.39	8977.61
822.576	8701.14
822.762	9401.54
822.948	9624.77
823.134	9026.76
823.32	8830.16
823.507	9104.59
823.693	9383.11
823.879	9784.51
824.065	8725.71
824.25	9200.84
824.436	9202.89
824.622	8647.89
824.808	8635.6
824.994	9030.86
825.18	9221.32
825.366	8293.59
825.552	8594.64
825.738	9286.86
825.923	9540.8
826.109	8625.36
826.295	8285.4
826.481	9192.65
826.667	9120.97
826.852	8817.87
827.038	8338.65
827.224	9379.01
827.409	9379.01
827.595	8387.8
827.781	8621.27
827.966	9206.98
828.152	9469.12
828.338	8418.52
828.523	8127.71
828.709	9100.49
828.894	9247.94
829.08	8324.31
829.266	8293.59
829.451	8850.64
829.637	9178.31
829.822	8621.27
830.008	8455.38
830.193	8940.75
830.378	9579.72
830.564	8770.77
830.749	8111.32
830.935	9051.34
831.12	8754.38
831.305	8287.45
831.491	8260.82
831.676	8385.75
831.861	8950.99
832.047	8348.89
832.232	8119.51
832.417	8834.25
832.602	8996.04
832.788	8189.14
832.973	8051.93
833.158	8899.79
833.343	8670.42
833.528	8439
833.714	8389.85
833.899	8561.87
834.084	9434.31
834.269	8711.38
834.454	8185.05
834.639	9004.24
834.824	8926.41
835.009	8379.61
835.194	8686.8
835.379	9020.62
835.564	9258.18
835.749	8479.96
835.934	8047.83
836.119	8828.11
836.304	8643.79
836.489	7906.52
836.674	8576.21
836.859	8783.06
837.044	8979.66
837.228	8021.21
837.413	7603.43
837.598	8443.09
837.783	8680.66
837.968	8180.95
838.152	7853.28
838.337	8004.83
838.522	9102.54
838.707	9032.91
838.891	8514.77
839.076	8623.31
839.261	8615.12
839.445	8281.3
839.63	8131.8
839.815	8821.97
839.999	8350.93
840.184	7986.4
840.368	8029.4
840.553	8647.89
840.737	8451.28
840.922	7748.83
841.106	7636.19
841.291	8152.28
841.475	8553.68
841.66	7716.06
841.844	7640.29
842.029	9059.53
842.213	8162.52
842.397	7707.87
842.582	7519.46
842.766	8383.7
842.951	8428.76
843.135	7888.09
843.319	7754.98
843.504	8486.1
843.688	8885.45
843.872	7484.64
844.056	7652.58
844.241	8475.86
844.425	8154.33
844.609	7939.29
844.793	7679.2
844.977	8441.04
845.161	8195.29
845.346	7613.67
845.53	7677.15
845.714	8281.3
845.898	8674.51
846.082	7482.6
846.266	7509.22
846.45	8021.21
846.634	8410.32
846.818	7351.53
847.002	7752.93
847.186	8289.49
847.37	7699.68
847.554	7390.44
847.738	7859.42
847.922	8299.73
848.106	8164.57
848.29	7236.84
848.473	7584.99
848.657	8211.67
848.841	7927
849.025	7541.99
849.209	7091.43
849.392	8142.04
849.576	7884
849.76	7242.98
849.944	7736.54
850.127	8166.62
850.311	7742.69
850.495	7271.65
850.678	7228.65
850.862	8090.84
851.046	7943.39
851.229	7658.72
851.413	7218.41
851.596	8051.93
851.78	7787.74
851.964	7539.94
852.147	7288.04
852.331	8350.93
852.514	8135.9
852.698	7431.4
852.881	6898.92
853.065	7843.04
853.248	7824.61
853.431	7173.35
853.615	7361.76
853.798	8553.68
853.982	7802.08
854.165	7677.15
854.348	7146.73
854.532	7587.04
854.715	7904.48
854.898	7220.46
855.081	7195.88
855.265	8185.05
855.448	8160.47
855.631	6903.02
855.814	7009.51
855.997	7773.41
856.181	7560.42
856.364	7161.06
856.547	6757.61
856.73	7746.78
856.913	7558.37
857.096	6993.13
857.279	7210.22
857.462	7652.58
857.645	7847.13
857.828	7159.02
858.011	7240.93
858.194	7378.15
858.377	7556.32
858.56	6825.2
858.743	7013.61
858.926	7404.77
859.109	7341.29
859.292	6864.11
859.475	6819.05
859.658	7584.99
859.841	7466.21
860.023	6595.82
860.206	6483.19
860.389	7345.38
860.572	7396.58
860.755	6733.04
860.937	6665.46
861.12	7283.94
861.303	7505.12
861.486	6798.57
861.668	6747.37
861.851	7132.39
862.034	7468.26
862.216	6956.27
862.399	6587.63
862.581	7175.4
862.764	7384.29
862.947	6644.98
863.129	6649.07
863.312	6915.31
863.494	7341.29
863.677	7277.8
863.859	6368.5
864.042	7392.48
864.224	7148.78
864.406	6833.39
864.589	6393.08
864.771	6939.88
864.954	7038.19
865.136	6540.53
865.318	6049.02
865.501	7662.82
865.683	6589.68
865.865	6653.17
866.048	6309.11
866.23	7247.08
866.412	7107.82
866.594	6223.09
866.777	6589.68
866.959	6771.95
867.141	6735.09
867.323	6704.37
867.505	6530.29
867.687	6835.44
867.869	7064.81
868.052	6255.86
868.234	6393.08
868.416	7029.99
868.598	7165.16
868.78	6581.49
868.962	6241.53
869.144	7202.02
869.326	6810.86
869.508	6204.66
869.69	6274.29
869.872	6618.35
870.054	7521.51
870.236	6026.49
870.417	6210.81
870.599	6677.74
870.781	7394.53
870.963	6644.98
871.145	6356.21
871.327	6751.47
871.508	7054.57
871.69	6311.16
871.872	6370.55
872.054	6733.04
872.235	6755.57
872.417	6429.94
872.599	5952.76
872.78	7634.14
872.962	6868.2
873.144	5895.42
873.325	6321.4
873.507	7118.06
873.689	6882.54
873.87	6104.31
874.052	6345.97
874.233	6771.95
874.415	7314.66
874.596	6202.61
874.778	6055.16
874.959	6817.01
875.141	7056.62
875.322	6161.66
875.503	6132.98
875.685	6679.79
875.866	6419.7
876.048	6094.07
876.229	5879.04
876.41	6692.08
876.592	6741.23
876.773	6350.07
876.954	6040.83
877.136	7027.95
877.317	6817.01
877.498	6151.42
877.679	6497.52
877.86	6685.94
878.042	6573.3
878.223	6141.18
878.404	6876.4
878.585	6991.08
878.766	8758.48
878.947	6661.36
879.128	6536.43
879.309	6952.17
879.49	7214.31
879.672	6370.55
879.853	6300.92
880.034	6827.25
880.215	7017.71
880.396	6665.46
880.576	6501.62
880.757	6974.7
880.938	7566.56
881.119	6352.12
881.3	6493.43
881.481	6937.84
881.662	7789.79
881.843	6171.9
882.023	6223.09
882.204	7255.27
882.385	7027.95
882.566	6216.95
882.747	6505.71
882.927	7081.19
883.108	6993.13
883.289	6448.37
883.469	6823.15
883.65	7087.34
883.831	7199.98
884.011	6819.05
884.192	6452.47
884.373	7175.4
884.553	7075.05
884.734	6765.81
884.914	7099.62
885.095	8228.06
885.275	7226.6
885.456	6794.48
885.636	6427.89
885.817	7130.34
885.997	7281.89
886.178	6223.09
886.358	6507.76
886.538	7234.79
886.719	8920.27
886.899	6485.23
887.08	6604.02
887.26	7445.73
887.44	6950.12
887.621	6536.43
887.801	6726.89
887.981	7603.43
888.161	7675.1
888.342	6733.04
888.522	6755.57
888.702	7498.98
888.882	7498.98
889.062	6950.12
889.242	6264.05
889.423	7513.31
889.603	7288.04
889.783	6839.53
889.963	6522.1
890.143	7212.26
890.323	7742.69
890.503	6735.09
890.683	6671.6
890.863	7107.82
891.043	7214.31
891.223	6624.5
891.403	7025.9
891.583	7113.96
891.763	7509.22
891.943	6890.73
892.122	7095.53
892.302	7421.16
892.482	7304.42
892.662	6989.03
892.842	6786.29
893.022	7312.61
893.201	7148.78
893.381	6925.55
893.561	6462.71
893.741	7357.67
893.92	6878.44
894.1	6923.5
894.28	6825.2
894.459	7507.17
894.639	7089.39
894.819	6474.99
894.998	6604.02
895.178	7382.24
895.357	6886.64
895.537	6378.74
895.716	6257.91
895.896	6915.31
896.075	7441.64
896.255	6470.9
896.434	6280.44
896.614	7752.93
896.793	7089.39
896.973	6874.35
897.152	6630.64
897.331	6786.29
897.511	6976.75
897.69	6094.07
897.87	6452.47
898.049	7175.4
898.228	6835.44
898.407	6698.22
898.587	6644.98
898.766	6819.05
898.945	7142.63
899.124	6964.46
899.304	6489.33
899.483	7193.83
899.662	7505.12
899.841	6395.12
900.02	6388.98
900.199	6935.79
900.378	6819.05
900.557	6288.63
900.737	6028.54
900.916	6720.75
901.095	6751.47
901.274	6413.56
901.453	6049.02
901.632	6331.64
901.811	6319.35
901.989	5995.77
902.168	5991.67
902.347	6610.16
902.526	6548.72
902.705	6190.33
902.884	6358.26
903.063	6960.36
903.242	6642.93
903.42	5854.46
903.599	6040.83
903.778	6497.52
903.957	6841.58
904.135	6063.35
904.314	5829.88
904.493	6515.95
904.672	6104.31
904.85	5903.61
905.029	5995.77
905.207	6329.59
905.386	6698.22
905.565	5567.74
905.743	5598.46
905.922	6290.68
906.1	6190.33
906.279	5207.3
906.457	5588.22
906.636	6069.5
906.814	5928.19
906.993	5256.45
907.171	5408
907.35	5891.32
907.528	6483.19
907.707	5618.94
907.885	5190.92
908.063	5948.67
908.242	5602.56
908.42	5164.29
908.598	4922.63
908.777	5967.1
908.955	5510.4
909.133	5420.29
909.311	5109
909.49	5612.8
909.668	5702.91
909.846	5188.87
910.024	5074.18
910.202	5731.58
910.38	6053.11
910.559	5154.05
910.737	5242.12
910.915	5870.84
911.093	5922.04
911.271	5418.24
911.449	5661.95
911.627	5790.97
911.805	6753.52
911.983	5397.76
912.161	5408
912.339	5919.99
912.517	6253.81
912.695	5797.12
912.872	5567.74
913.05	6143.22
913.228	6057.21
913.406	5383.43
913.584	5272.84
913.762	6354.16
913.939	5958.91
914.117	5299.46
914.295	5365
914.473	5770.49
914.65	6001.91
914.828	5242.12
915.006	5389.57
915.184	5842.17
915.361	6055.16
915.539	5580.03
915.716	5684.48
915.894	6110.46
916.072	6046.97
916.249	5876.99
916.427	5571.84
916.604	5680.38
916.782	6137.08
916.959	5295.36
917.137	5240.07
917.314	6003.96
917.492	5887.23
917.669	5432.58
917.847	5539.07
918.024	5833.98
918.201	5713.15
918.379	5434.63
918.556	5391.62
918.733	6030.59
918.911	5618.94
919.088	5594.37
919.265	5281.03
919.442	5784.83
919.62	5889.28
919.797	5139.72
919.974	4877.58
920.151	6020.35
920.328	5616.9
920.506	5072.14
920.683	5750.01
920.86	5522.69
921.037	5541.12
921.214	5213.45
921.391	4967.69
921.568	5901.56
921.745	5448.96
921.922	5272.84
922.099	5057.8
922.276	5596.42
922.453	5487.87
922.63	5088.52
922.807	5424.39
922.984	5643.52
923.161	5379.33
923.338	5209.35
923.514	5063.94
923.691	5584.13
923.868	5653.76
924.045	4883.72
924.222	4822.28
924.399	5471.49
924.575	5483.78
924.752	5049.61
924.929	5149.96
925.105	5328.13
925.282	5121.29
925.459	5027.08
925.635	4957.45
925.812	5410.05
925.989	5405.95
926.165	4982.03
926.342	4531.47
926.518	5141.77
926.695	5164.29
926.871	4779.28
927.048	4668.69
927.224	5553.41
927.401	5027.08
927.577	4953.35
927.754	4330.77
927.93	5289.22
928.107	5309.7
928.283	4582.67
928.459	4945.16
928.636	5227.78
928.812	5078.28
928.988	4404.5
929.165	4320.53
929.341	4793.61
929.517	5104.9
929.693	4967.69
929.87	4242.71
930.046	5102.86
930.222	4740.36
930.398	4261.14
930.574	4730.13
930.751	4789.52
930.927	4916.49
931.103	4650.25
931.279	4314.39
931.455	4869.39
931.631	4881.67
931.807	4248.85
931.983	4207.89
932.159	4451.6
932.335	4750.6
932.511	4154.65
932.687	4261.14
932.863	4601.1
933.039	4685.07
933.215	3943.71
933.391	3818.78
933.566	4386.07
933.742	4427.03
933.918	4076.82
934.094	3867.93
934.27	4203.8
934.445	4351.25
934.621	4134.17
934.797	3861.79
934.973	4441.36
935.148	4205.85
935.324	3591.45
935.5	3384.61
935.675	4236.56
935.851	4130.07
936.027	3747.1
936.202	3552.54
936.378	4234.52
936.553	3814.68
936.729	4361.49
936.904	3476.77
937.08	3478.82
937.255	3474.72
937.431	3306.79
937.606	3024.17
937.782	3364.13
937.957	3687.71
938.133	3044.65
938.308	2901.29
938.483	3396.9
938.659	3083.56
938.834	3126.57
939.009	2723.12
939.185	3237.16
939.36	2936.1
939.535	2370.87
939.71	2880.81
939.886	3341.6
940.061	3110.18
940.236	3138.85
940.411	2749.74
940.586	3099.94
940.761	3124.52
940.937	2661.68
941.112	2420.02
941.287	2782.51
941.462	2770.22
941.637	2213.17
941.812	2436.4
941.987	2618.67
942.162	2657.58
942.337	2526.51
942.512	2235.7
942.687	3085.61
942.862	2725.16
943.037	1983.8
943.212	1969.46
943.386	2616.62
943.561	2544.94
943.736	2573.61
943.911	3048.74
944.086	3083.56
944.26	2739.5
944.435	2153.78
944.61	2524.46
944.785	2667.82
944.959	3188
945.134	2241.84
945.309	2223.41
945.483	2372.91
945.658	2893.1
945.833	1905.98
946.007	2131.25
946.182	2932.01
946.357	2561.33
946.531	2166.07
946.706	2159.92
946.88	2434.35
947.055	2737.45
947.229	2256.18
947.404	2002.23
947.578	2895.15
947.752	2759.98
947.927	2180.4
948.101	2225.46
948.276	3210.53
948.45	2749.74
948.624	2671.92
948.799	2307.38
948.973	2690.35
949.147	2481.46
949.321	2299.19
949.496	2215.22
949.67	3147.05
949.844	2614.57
950.018	2422.06
950.193	2491.7
950.367	3429.66
950.541	2645.29
950.715	2606.38
950.889	2575.66
951.063	2739.5
951.237	3024.17
951.411	2268.47
951.585	2338.1
951.759	2972.97
951.933	2897.19
952.107	2250.03
952.281	2598.19
952.455	3288.36
952.629	3005.74
952.803	2499.89
952.977	2487.6
953.151	3065.13
953.325	2788.65
953.499	2682.16
953.672	2184.5
953.846	2778.41
954.02	2794.79
954.194	2487.6
954.368	2399.54
954.541	3194.15
954.715	2895.15
954.889	2503.98
955.062	2415.92
955.236	2747.69
955.41	2827.56
955.583	2854.19
955.757	2239.8
955.93	2911.53
956.104	2741.55
956.278	2501.94
956.451	2602.29
956.625	3040.55
956.798	3325.22
956.972	2932.01
957.145	2383.15
957.319	3362.08
957.492	2987.3
957.665	2782.51
957.839	2477.36
958.012	2997.54
958.185	2848.04
958.359	2620.72
958.532	2835.75
958.705	3067.17
958.879	2839.85
959.052	2663.72
959.225	2252.08
959.398	3108.13
959.572	2929.96
959.745	2360.63
959.918	2647.34
960.091	3063.08
960.264	3208.48
960.438	2520.37
960.611	2409.78
960.784	3247.4
960.957	2813.23
961.13	3294.5
961.303	2458.93
961.476	3030.31
961.649	3405.09
961.822	2303.28
961.995	2669.87
962.168	2798.89
962.341	3108.13
962.514	2727.21
962.686	2635.05
962.859	2907.43
963.032	3208.48
963.205	2518.32
963.378	2313.52
963.551	2975.02
963.723	2805.03
963.896	2741.55
964.069	2796.84
964.242	3018.02
964.414	3525.92
964.587	2600.24
964.76	2741.55
964.932	3056.93
965.105	2901.29
965.278	2465.07
965.45	2450.74
965.623	3048.74
965.795	3063.08
965.968	2614.57
966.14	2565.42
966.313	2993.45
966.485	3011.88
966.658	2499.89
966.83	2483.5
967.003	2944.3
967.175	2866.47
967.348	2456.88
967.52	2573.61
967.692	3403.04
967.865	3233.06
968.037	2540.85
968.209	2792.75
968.382	3038.5
968.554	3052.84
968.726	2460.98
968.898	2448.69
969.071	3241.25
969.243	2932.01
969.415	2565.42
969.587	2649.39
969.759	3360.03
969.932	2727.21
970.104	2690.35
970.276	2045.24
970.448	2770.22
970.62	2778.41
970.792	2706.73
970.964	2542.89
971.136	3159.33
971.308	2960.68
971.48	2286.9
971.652	2417.97
971.824	3110.18
971.996	2774.31
972.168	2438.45
972.339	2600.24
972.511	2999.59
972.683	2852.14
972.855	2743.6
973.027	2278.71
973.199	3032.36
973.37	2995.5
973.542	2569.52
973.714	2633.01
973.886	2643.24
974.057	2868.52
974.229	2227.51
974.401	2374.96
974.572	2579.76
974.744	2356.53
974.915	2139.44
975.087	2426.16
975.259	3155.24
975.43	2557.23
975.602	2114.87
975.773	2200.88
975.945	2542.89
976.116	2903.34
976.288	2209.08
976.459	2512.18
976.63	2319.67
976.802	2633.01
976.973	2133.3
977.145	2544.94
977.316	3237.16
977.487	3042.6
977.659	2440.5
977.83	2325.81
978.001	3044.65
978.172	2843.95
978.344	2086.2
978.515	2243.89
978.686	2602.29
978.857	3075.37
979.028	2135.35
979.2	2170.16
979.371	3030.31
979.542	2506.03
979.713	2305.33
979.884	1799.48
980.055	2467.12
980.226	2506.03
980.397	2094.39
980.568	1926.46
980.739	2860.33
980.91	2456.88
981.081	2417.97
981.252	2135.35
981.423	2395.44
981.594	2450.74
981.765	2020.66
981.936	2377.01
982.106	2420.02
982.277	2800.94
982.448	2002.23
982.619	2311.47
982.79	2178.36
982.96	2499.89
983.131	2254.13
983.302	1742.14
983.472	2491.7
983.643	2446.64
983.814	2143.54
983.984	2012.47
984.155	2362.67
984.326	2635.05
984.496	2047.29
984.667	2121.01
984.837	2112.82
985.008	2737.45
985.178	2387.25
985.349	2069.81
985.519	2295.09
985.69	2186.55
985.86	1996.09
986.031	1854.78
986.201	2473.26
986.371	2274.61
986.542	1781.05
986.712	1641.79
986.882	2420.02
987.053	2317.62
987.223	1779
987.393	2260.27
987.563	2225.46
987.734	2446.64
987.904	2411.82
988.074	1850.68
988.244	2078.01
988.414	2143.54
988.585	1742.14
988.755	1951.03
988.925	2143.54
989.095	2536.75
989.265	1641.79
989.435	1873.21
989.605	2319.67
989.775	2512.18
989.945	2204.98
990.115	1572.16
990.285	2180.4
990.455	2149.68
990.625	2016.57
990.795	1574.21
990.965	2499.89
991.134	2061.62
991.304	1678.65
991.474	1598.78
991.644	2147.64
991.814	2592.05
991.984	1389.89
992.153	1582.4
992.323	2004.28
992.493	2178.36
992.662	1561.92
992.832	1715.52
993.002	1936.7
993.171	2280.75
993.341	1422.66
993.511	1625.4
993.68	1961.27
993.85	2157.88
994.019	1373.5
994.189	1420.61
994.358	2010.42
994.528	1944.89
994.697	1283.39
994.867	1518.91
995.036	2135.35
995.206	1848.63
995.375	1391.94
995.544	1703.23
995.714	2350.39
995.883	1897.78
996.052	1781.05
996.222	988.49
996.391	2229.56
996.56	1940.79
996.73	1332.55
996.899	1107.27
997.068	2286.9
997.237	1914.17
997.406	1232.19
997.576	1219.91
997.745	2110.77
997.914	1762.62
998.083	1033.54
998.252	1258.82
998.421	1789.24
998.59	1606.97
998.759	1197.38
998.928	1097.03
999.097	2092.34
999.266	1938.74
999.435	1697.08
999.604	1008.97
999.773	2000.18
999.942	1764.67
1000.111	965.96
1000.28	1004.87
1000.448	1756.47
1000.617	1563.97
1000.786	1545.53
1000.955	1105.22
1001.124	2016.57
1001.292	2395.44
1001.461	1209.67
1001.63	1099.08
1001.798	1955.13
1001.967	1905.98
1002.136	937.29
1002.304	1103.17
1002.473	1959.22
1002.642	1660.22
1002.81	1193.28
1002.979	1219.91
1003.147	1926.46
1003.316	1885.5
1003.484	1166.66
1003.653	1062.21
1003.821	1701.18
1003.99	1471.81
1004.158	1533.25
1004.327	1224
1004.495	1649.98
1004.663	1502.53
1004.832	1340.74
1005	863.56
1005.168	1697.08
1005.337	1412.42
1005.505	822.6
1005.673	1404.22
1005.842	1766.71
1006.01	1459.52
1006.178	771.4
1006.346	1041.73
1006.514	1424.7
1006.683	1938.74
1006.851	830.79
1007.019	1303.87
1007.187	1422.66
1007.355	1109.32
1007.523	611.66
1007.691	707.91
1007.859	1275.2
1008.027	2063.67
1008.195	849.22
1008.363	742.73
1008.531	1400.13
1008.699	1516.86
1008.867	652.62
1009.035	1002.82
1009.203	1779
1009.37	1402.18
1009.538	826.7
1009.706	1797.43
1009.874	1324.35
1010.042	1410.37
1010.209	707.91
1010.377	687.43
1010.545	1488.19
1010.713	1299.78
1010.88	783.69
1011.048	795.98
1011.216	1330.5
1011.383	1623.36
1011.551	814.41
1011.718	644.43
1011.886	1471.81
1012.054	1574.21
1012.221	648.52
1012.389	591.18
1012.556	1443.14
1012.724	1580.35
1012.891	908.62
1013.058	513.36
1013.226	1449.28
1013.393	1436.99
1013.561	601.42
1013.728	468.3
1013.895	1619.26
1014.063	1289.54
1014.23	331.09
1014.397	695.63
1014.565	1412.42
1014.732	1187.14
1014.899	429.39
1015.066	531.79
1015.233	1353.02
1015.401	1295.68
1015.568	656.72
1015.735	879.94
1015.902	1449.28
1016.069	1510.72
1016.236	630.09
1016.403	386.38
1016.57	1043.78
1016.737	1688.89
1016.904	656.72
1017.071	587.08
1017.238	1027.4
1017.405	1183.04
1017.572	589.13
1017.739	1019.21
1017.906	1594.69
1018.073	1340.74
1018.24	378.19
1018.407	746.83
1018.573	1226.05
1018.74	1289.54
1018.907	648.52
1019.074	329.04
1019.241	1287.49
1019.407	1049.93
1019.574	441.68
1019.741	413.01
1019.907	1498.43
1020.074	1627.45
1020.241	204.11
1020.407	306.51
1020.574	931.14
1020.74	1004.87
1020.907	413.01
1021.073	382.29
1021.24	1756.47
1021.406	1156.42
1021.573	337.23
1021.739	380.24
1021.906	1369.41
1022.072	1127.75
1022.239	427.34
1022.405	619.85
1022.571	1185.09
1022.738	976.2
1022.904	468.3
1023.07	646.48
1023.237	892.23
1023.403	1234.24
1023.569	476.49
1023.735	456.01
1023.902	1168.71
1024.068	1103.17
1024.234	275.79
1024.4	415.06
1024.566	920.9
1024.732	965.96
1024.898	505.17
1025.065	128.34
1025.231	939.34
1025.397	900.42
1025.563	558.41
1025.729	177.49
1025.895	509.26
1026.061	845.13
1026.227	122.2
1026.392	333.14
1026.558	972.1
1026.724	1234.24
1026.89	320.85
1027.056	566.6
1027.222	800.07
1027.388	879.94
1027.553	351.57
1027.719	138.58
1027.885	1295.68
1028.051	881.99
1028.216	42.32
1028.382	351.57
1028.548	937.29
1028.713	869.7
1028.879	202.07
1029.045	494.93
1029.21	1164.61
1029.376	1076.55
1029.541	312.66
1029.707	261.46
1029.873	980.29
1030.038	1039.69
1030.204	224.59
1030.369	247.12
1030.534	847.18
1030.7	734.54
1030.865	421.2
1031.031	197.97
1031.196	828.74
1031.361	836.94
1031.527	224.59
1031.692	107.86
1031.857	585.04
1032.023	984.39
1032.188	161.11
1032.353	240.98
1032.518	1101.12
1032.684	855.37
1032.849	15.7
1033.014	337.23
1033.179	800.07
1033.344	789.83
1033.509	353.62
1033.674	228.69
1033.839	845.13
1034.004	869.7
1034.17	310.61
1034.335	-10.92
1034.5	658.76
1034.664	681.29
1034.829	81.24
1034.994	380.24
1035.159	560.46
1035.324	935.24
1035.489	161.11
1035.654	144.72
1035.819	1393.98
1035.984	890.18
1036.148	238.93
1036.313	337.23
1036.478	970.05
1036.643	634.19
1036.807	185.68
1036.972	73.04
1037.137	1293.63
1037.301	662.86
1037.466	-113.32
1037.631	337.23
1037.795	793.93
1037.96	738.63
1038.124	437.58
1038.289	-94.89
1038.454	687.43
1038.618	922.95
1038.783	271.7
1038.947	390.48
1039.111	511.31
1039.276	697.67
1039.44	200.02
1039.605	1082.69
1039.769	642.38
1039.933	728.39
1040.098	206.16
1040.262	503.12
1040.426	861.51
1040.591	838.98
1040.755	15.7
1040.919	161.11
1041.083	965.96
1041.248	628.04
1041.412	-84.65
1041.576	34.13
1041.74	654.67
1041.904	703.82
1042.068	214.35
1042.232	187.73
1042.397	1137.99
1042.561	681.29
1042.725	-164.52
1042.889	193.87
1043.053	685.39
1043.217	574.8
1043.381	193.87
1043.544	-31.4
1043.708	861.51
1043.872	548.17
1044.036	-164.52
1044.2	-148.14
1044.364	871.75
1044.528	884.04
1044.691	5104.9
1044.855	-45.74
1045.019	755.02
1045.183	732.49
1045.346	189.78
1045.51	-203.43
1045.674	904.52
1045.837	720.2
1046.001	-62.12
1046.165	-17.07
1046.328	1209.67
1046.492	507.21
1046.655	408.91
1046.819	99.67
1046.983	621.9
1047.146	486.73
1047.31	218.45
1047.473	-277.16
1047.636	562.51
1047.8	433.49
1047.963	132.44
1048.127	-174.76
1048.29	363.86
