345.52	-1359.51
345.736	-1359.51
345.952	-1359.51
346.168	-1296.02
346.384	-1345.17
346.6	-220.84
346.816	-296.61
347.032	-204.46
347.248	547.15
347.464	-317.09
347.68	-163.5
347.896	-85.67
348.112	393.55
348.328	-143.02
348.544	6.49
348.76	225.62
348.975	258.39
349.191	-296.61
349.407	-333.48
349.623	227.67
349.839	147.8
350.055	-358.05
350.27	-83.63
350.486	133.46
350.702	237.91
350.918	397.65
351.133	-128.68
351.349	123.22
351.565	514.38
351.781	-353.96
351.996	29.01
352.212	276.82
352.428	211.28
352.644	-323.24
352.859	-353.96
353.075	227.67
353.291	143.7
353.506	-89.77
353.722	-392.87
353.938	39.25
354.153	457.04
354.369	334.16
354.584	-302.76
354.8	201.04
355.016	-153.26
355.231	-394.92
355.447	-52.91
355.662	438.61
355.878	659.79
356.093	-503.46
356.309	-63.15
356.524	-89.77
356.74	586.06
356.955	-386.72
357.171	-97.96
357.386	291.15
357.602	-128.68
357.817	-73.39
358.033	-214.7
358.248	401.74
358.464	287.06
358.679	-231.08
358.895	-349.86
359.11	53.59
359.325	201.04
359.541	426.32
359.756	-100.01
359.972	-116.39
360.187	387.41
360.402	-186.02
360.618	-251.56
360.833	1640.76
361.048	57.68
361.264	-208.55
361.479	-110.25
361.694	186.71
361.909	287.06
362.125	-401.06
362.34	-257.7
362.555	291.15
362.77	207.19
362.986	-394.92
363.201	-198.31
363.416	262.48
363.631	47.44
363.847	-325.29
364.062	-243.37
364.277	149.84
364.492	53.59
364.707	-204.46
364.922	-376.48
365.138	274.77
365.353	315.73
365.568	-470.69
365.783	-134.82
365.998	434.51
366.213	678.22
366.428	-313
366.643	155.99
366.858	276.82
367.073	332.11
367.288	-224.94
367.503	-269.99
367.718	61.78
367.933	454.99
368.148	-341.67
368.363	-91.82
368.578	307.54
368.793	547.15
369.008	-159.4
369.223	-417.44
369.438	381.26
369.653	282.96
369.868	-396.96
370.083	-372.39
370.298	254.29
370.513	510.29
370.728	106.84
370.943	-247.46
371.157	14.68
371.372	708.94
371.587	-376.48
371.802	-415.4
372.017	96.6
372.232	473.42
372.446	-50.86
372.661	-255.65
372.876	162.13
373.091	323.92
373.306	-149.16
373.52	-396.96
373.735	57.68
373.95	594.25
374.165	-237.22
374.379	-237.22
374.594	-38.57
374.809	399.7
375.023	104.79
375.238	-353.96
375.453	268.63
375.667	-63.15
375.882	-329.38
376.097	-329.38
376.311	104.79
376.526	334.16
376.741	-302.76
376.955	182.61
377.17	534.86
377.384	960.84
377.599	14.68
377.813	-388.77
378.028	837.96
378.242	405.84
378.457	-151.21
378.672	-356.01
378.886	72.02
379.101	121.17
379.315	-491.17
379.53	-206.5
379.744	481.61
379.958	291.15
380.173	-261.8
380.387	-251.56
380.602	330.06
380.816	57.68
381.031	-216.74
381.245	-274.09
381.459	237.91
381.674	3207.46
381.888	-417.44
382.103	305.49
382.317	33.11
382.531	409.94
382.746	-93.87
382.96	-222.89
383.174	135.51
383.388	735.56
383.603	123.22
383.817	-364.2
384.031	164.18
384.246	477.52
384.46	102.74
384.674	803.15
384.888	-5.8
385.103	291.15
385.317	-401.06
385.531	35.16
385.745	719.18
385.959	409.94
386.174	-308.9
386.388	-282.28
386.602	143.7
386.816	55.64
387.03	-118.44
387.244	-149.16
387.458	282.96
387.672	432.46
387.887	-468.64
388.101	-290.47
388.315	334.16
388.529	180.56
388.743	-202.41
388.957	-335.53
389.171	563.53
389.385	78.16
389.599	-245.41
389.813	-91.82
390.027	225.62
390.241	762.19
390.455	-147.11
390.669	-63.15
390.883	129.36
391.097	608.59
391.311	88.4
391.525	-190.12
391.738	524.62
391.952	500.05
392.166	55.64
392.38	-360.1
392.594	428.37
392.808	393.55
393.022	-171.69
393.236	-134.82
393.449	268.63
393.663	444.75
393.877	-292.52
394.091	-143.02
394.305	86.36
394.518	76.12
394.732	-364.2
394.946	-198.31
395.16	768.33
395.373	317.78
395.587	-243.37
395.801	-251.56
396.015	391.5
396.228	325.97
396.442	-407.2
396.656	-429.73
396.869	389.46
397.083	735.56
397.297	-75.43
397.51	-151.21
397.724	231.76
397.938	235.86
398.151	-452.26
398.365	-380.58
398.578	389.46
398.792	610.64
399.005	92.5
399.219	-165.54
399.433	250.19
399.646	389.46
399.86	160.08
400.073	196.95
400.287	307.54
400.5	260.43
400.714	92.5
400.927	-106.15
401.141	559.44
401.354	1831.23
401.567	450.89
401.781	-405.16
401.994	399.7
402.208	688.46
402.421	-38.57
402.635	-190.12
402.848	22.87
403.061	387.41
403.275	-52.91
403.488	-241.32
403.701	498
403.915	528.72
404.128	110.93
404.341	-171.69
404.555	696.65
404.768	88.4
404.981	201.04
405.195	-163.5
405.408	594.25
405.621	385.36
405.834	94.55
406.048	-310.95
406.261	532.81
406.474	538.96
406.687	-269.99
406.9	20.82
407.114	348.5
407.327	555.34
407.54	-269.99
407.753	-364.2
407.966	-32.43
408.179	227.67
408.392	-220.84
408.605	-372.39
408.819	375.12
409.032	473.42
409.245	-93.87
409.458	176.47
409.671	346.45
409.884	512.33
410.097	-253.61
410.31	37.2
410.523	676.17
410.736	127.32
410.949	-22.19
411.162	-106.15
411.375	461.13
411.588	297.3
411.801	74.07
412.014	-237.22
412.227	129.36
412.44	235.86
412.653	-73.39
412.865	176.47
413.078	602.44
413.291	467.28
413.504	47.44
413.717	-186.02
413.93	522.57
414.143	90.45
414.356	-120.49
414.568	-444.07
414.781	414.03
414.994	354.64
415.207	80.21
415.42	35.16
415.632	354.64
415.845	807.24
416.058	-368.29
416.271	-181.93
416.483	420.17
416.696	682.31
416.909	-175.78
417.121	-130.73
417.334	178.51
417.547	549.2
417.759	-186.02
417.972	-231.08
418.185	168.27
418.397	387.41
418.61	-126.63
418.823	-181.93
419.035	616.78
419.248	391.5
419.46	-100.01
419.673	67.92
419.885	237.91
420.098	276.82
420.311	-198.31
420.523	-347.81
420.736	457.04
420.948	299.34
421.161	-138.92
421.373	-274.09
421.586	129.36
421.798	20.82
422.01	-394.92
422.223	147.8
422.435	53.59
422.648	598.35
422.86	-132.78
423.073	-34.47
423.285	260.43
423.497	69.97
423.71	-143.02
423.922	-106.15
424.134	530.77
424.347	708.94
424.559	135.51
424.771	368.98
424.984	448.85
425.196	391.5
425.408	-384.68
425.621	-190.12
425.833	538.96
426.045	747.85
426.257	-263.85
426.47	6.49
426.682	237.91
426.894	332.11
427.106	-108.2
427.318	4.44
427.531	305.49
427.743	514.38
427.955	47.44
428.167	737.61
428.379	274.77
428.591	266.58
428.804	69.97
429.016	-112.3
429.228	418.13
429.44	481.61
429.652	13586.57
429.864	-239.27
430.076	328.02
430.288	258.39
430.5	100.69
430.712	20.82
430.924	567.63
431.136	577.87
431.348	-220.84
431.56	-118.44
431.772	356.69
431.984	233.81
432.196	-128.68
432.408	-52.91
432.62	211.28
432.832	520.53
433.044	348.5
433.256	112.98
433.468	483.66
433.679	88.4
433.891	-265.89
434.103	239.95
434.315	704.84
434.527	561.48
434.739	147.8
434.95	31.06
435.162	354.64
435.374	151.89
435.586	108.88
435.798	-118.44
436.009	280.91
436.221	233.81
436.433	24.92
436.645	2.39
436.856	340.3
437.068	696.65
437.28	-87.72
437.491	350.54
437.703	684.36
437.915	446.8
438.126	-69.29
438.338	444.75
438.55	213.33
438.761	385.36
438.973	57.68
439.184	76.12
439.396	303.44
439.608	498
439.819	-149.16
440.031	96.6
440.242	602.44
440.454	614.73
440.665	16.73
440.877	110.93
441.088	639.31
441.3	530.77
441.511	-198.31
441.723	-36.52
441.934	930.12
442.146	551.24
442.357	203.09
442.569	571.72
442.78	659.79
442.991	1077.57
443.203	596.3
443.414	0.34
443.626	897.35
443.837	344.4
444.048	-40.62
444.26	-190.12
444.471	612.68
444.682	528.72
444.894	-59.05
445.105	-122.54
445.316	739.66
445.528	610.64
445.739	221.52
445.95	110.93
446.161	440.65
446.373	659.79
446.584	139.6
446.795	4.44
447.006	876.87
447.217	807.24
447.429	-40.62
447.64	-85.67
447.851	1274.18
448.062	766.28
448.273	-157.35
448.484	43.35
448.695	610.64
448.907	651.6
449.118	153.94
449.329	407.89
449.54	342.35
449.751	430.41
449.962	88.4
450.173	86.36
450.384	584.01
450.595	880.97
450.806	8.53
451.017	121.17
451.228	790.86
451.439	727.37
451.65	180.56
451.861	-237.22
452.072	520.53
452.283	514.38
452.494	381.26
452.705	49.49
452.915	1182.02
453.126	618.83
453.337	276.82
453.548	4.44
453.759	1057.09
453.97	928.07
454.181	782.67
454.391	155.99
454.602	622.92
454.813	983.37
455.024	129.36
455.235	213.33
455.445	964.93
455.656	543.05
455.867	508.24
456.078	158.03
456.288	473.42
456.499	844.1
456.71	115.03
456.921	500.05
457.131	647.5
457.342	600.4
457.553	262.48
457.763	239.95
457.974	600.4
458.184	803.15
458.395	112.98
458.606	-118.44
458.816	1038.66
459.027	991.56
459.237	360.78
459.448	74.07
459.659	846.15
459.869	1741.11
460.08	-159.4
460.29	334.16
460.501	1040.71
460.711	743.75
460.922	76.12
461.132	90.45
461.343	1653.05
461.553	530.77
461.764	162.13
461.974	256.34
462.184	973.13
462.395	1055.05
462.605	340.3
462.816	51.54
463.026	971.08
463.236	915.78
463.447	180.56
463.657	198.99
463.867	923.98
464.078	733.51
464.288	190.8
464.498	330.06
464.709	887.11
464.919	891.21
465.129	360.78
465.339	176.47
465.55	872.78
465.76	1143.11
465.97	414.03
466.18	350.54
466.391	1126.72
466.601	926.02
466.811	422.22
467.021	90.45
467.231	1130.82
467.441	1163.59
467.651	379.22
467.862	88.4
468.072	817.48
468.282	840.01
468.492	323.92
468.702	598.35
468.912	1012.04
469.122	1675.58
469.332	844.1
469.542	364.88
469.752	1243.46
469.962	903.5
470.172	405.84
470.382	309.58
470.592	1341.76
470.802	1235.27
471.012	610.64
471.222	448.85
471.432	960.84
471.642	1163.59
471.852	696.65
472.062	440.65
472.272	1048.9
472.482	807.24
472.691	444.75
472.901	536.91
473.111	913.74
473.321	1634.62
473.531	557.39
473.741	852.3
473.95	1276.23
474.16	1235.27
474.37	753.99
474.58	463.18
474.79	1640.76
474.999	1188.16
475.209	606.54
475.419	686.41
475.628	1276.23
475.838	1732.92
476.048	950.6
476.258	487.76
476.467	1446.21
476.677	1141.06
476.886	1126.72
477.096	880.97
477.306	1392.96
477.515	1491.26
477.725	1036.61
477.935	1003.85
478.144	1921.34
478.354	1345.86
478.563	948.55
478.773	762.19
478.982	1648.96
479.192	1499.45
479.401	1061.19
479.611	831.82
479.82	1247.55
480.03	1540.41
480.239	835.91
480.449	813.38
480.658	1755.45
480.868	1503.55
481.077	1114.44
481.287	1118.53
481.496	1540.41
481.705	1773.88
481.915	1499.45
482.124	1335.62
482.333	1671.48
482.543	2036.02
482.752	1339.71
482.961	1048.9
483.171	1751.35
483.38	1380.67
483.589	1243.46
483.799	1106.24
484.008	1694.01
484.217	1603.9
484.426	1337.66
484.636	1169.73
484.845	1784.12
485.054	1407.3
485.263	1810.75
485.472	1335.62
485.682	1935.67
485.891	1782.07
486.1	1009.99
486.309	1390.91
486.518	2023.73
486.727	2767.15
486.936	1370.43
487.146	1466.69
487.355	2208.05
487.564	1792.31
487.773	1552.7
487.982	1331.52
488.191	1726.78
488.4	2335.03
488.609	1397.06
488.818	1501.5
489.027	2431.28
489.236	2455.86
489.445	1513.79
489.654	1356.1
489.863	2447.66
490.072	2046.26
490.281	2265.39
490.49	1702.2
490.698	2451.76
490.907	2765.1
491.116	1761.59
491.325	1515.84
491.534	2476.34
491.743	2050.36
491.952	1786.17
492.16	1812.79
492.369	2478.38
492.578	2466.1
492.787	1990.97
492.996	1581.37
493.204	2212.15
493.413	2627.89
493.622	1515.84
493.831	1417.54
494.039	2683.18
494.248	2214.2
494.457	1732.92
494.665	1567.04
494.874	2433.33
495.083	3092.77
495.291	1904.95
495.5	1712.44
495.709	2601.26
495.917	2421.04
496.126	2099.51
496.335	1835.32
496.543	2347.31
496.752	2472.24
496.96	2302.26
497.169	1724.73
497.377	2441.52
497.586	2521.39
497.794	2267.44
498.003	1534.27
498.211	2529.58
498.42	2711.85
498.628	2134.32
498.837	2031.93
499.045	2509.1
499.254	2599.21
499.462	2056.5
499.671	1909.05
499.879	3512.61
500.087	2734.38
500.296	1911.1
500.504	2087.22
500.713	2625.84
500.921	3117.35
501.129	2068.79
501.338	1892.66
501.546	2701.61
501.754	2730.28
501.962	2076.98
502.171	1876.28
502.379	2806.06
502.587	2943.27
502.795	2154.8
503.004	2097.46
503.212	2863.4
503.42	2961.7
503.628	2183.48
503.837	2314.55
504.045	2738.48
504.253	3338.53
504.461	2226.48
504.669	2113.85
504.877	3305.76
505.085	2988.33
505.294	2076.98
505.502	2574.64
505.71	3281.19
505.918	2795.82
506.126	2099.51
506.334	2177.33
506.542	2941.22
506.75	2822.44
506.958	2537.77
507.166	2371.89
507.374	2588.97
507.582	3236.13
507.79	2505.01
507.998	2328.88
508.206	3277.09
508.414	3219.75
508.622	2308.4
508.83	2474.29
509.037	2933.03
509.245	2658.6
509.453	2392.37
509.661	2273.59
509.869	3320.1
510.077	2832.68
510.285	2871.59
510.492	2126.13
510.7	3674.4
510.908	3051.81
511.116	2472.24
511.324	2412.85
511.531	2910.5
511.739	3227.94
511.947	2902.31
512.155	3068.2
512.362	3264.8
512.57	2986.28
512.778	2388.27
512.985	2255.15
513.193	3172.64
513.401	3438.88
513.608	2662.7
513.816	2601.26
514.024	3262.76
514.231	3340.58
514.439	2715.95
514.646	2609.45
514.854	3475.74
515.061	3322.15
515.269	2578.73
515.477	2711.85
515.684	3158.31
515.892	3502.37
516.099	2478.38
516.307	2521.39
516.514	3623.2
516.722	3694.88
516.929	2640.17
517.136	2638.13
517.344	3438.88
517.551	3510.56
517.759	2724.14
517.966	2904.36
518.173	3240.23
518.381	3371.3
518.588	2894.12
518.796	2707.76
519.003	3703.07
519.21	3445.02
519.418	2928.94
519.625	3307.81
519.832	3293.48
520.039	3356.96
520.247	2548.01
520.454	2881.83
520.661	3610.91
520.868	3518.75
521.076	2777.39
521.283	2928.94
521.49	4014.36
521.697	3428.64
521.904	2933.03
522.112	2910.5
522.319	3791.13
522.526	3500.32
522.733	2996.52
522.94	2834.73
523.147	3545.38
523.354	3508.51
523.561	2838.83
523.768	3219.75
523.975	3752.22
524.183	3563.81
524.39	3318.05
524.597	2824.49
524.804	3481.89
525.011	3330.34
525.218	3017
525.425	3125.54
525.632	4135.19
525.838	3547.42
526.045	3062.05
526.252	3223.84
526.459	5325.06
526.666	5531.9
526.873	3076.39
527.08	3117.35
527.287	3977.5
527.494	3922.2
527.701	2955.56
527.907	2947.37
528.114	3838.23
528.321	3846.43
528.528	3086.63
528.735	3017
528.941	3633.44
529.148	3504.42
529.355	3275.04
529.562	3135.78
529.768	4628.75
529.975	3635.49
530.182	3191.08
530.388	3207.46
530.595	4004.12
530.802	3600.67
531.008	3639.58
531.215	3234.08
531.422	4892.94
531.628	4708.62
531.835	3377.44
532.042	3408.16
532.248	3971.35
532.455	4131.09
532.661	3287.33
532.868	3361.06
533.074	4161.81
533.281	4337.94
533.487	3404.07
533.694	3363.11
533.9	3914.01
534.107	3797.28
534.313	3363.11
534.52	3313.95
534.726	3856.67
534.933	4606.22
535.139	3318.05
535.345	3172.64
535.552	4315.41
535.758	4403.47
535.965	3514.66
536.171	3490.08
536.377	4350.23
536.584	4702.48
536.79	3365.15
536.996	3709.21
537.203	4229.4
537.409	4555.02
537.615	3615.01
537.821	3809.56
538.028	4878.6
538.234	4182.29
538.44	3588.38
538.646	3748.12
538.853	4110.61
539.059	4237.59
539.265	4247.83
539.471	3326.24
539.677	4354.32
539.883	4200.73
540.09	5497.09
540.296	4397.33
540.502	4430.1
540.708	4159.77
540.914	4233.49
541.12	3715.36
541.326	4407.57
541.532	4469.01
541.738	3877.15
541.944	3741.98
542.15	4614.41
542.356	4227.35
542.562	3735.84
542.768	3817.76
542.974	4684.05
543.18	4679.95
543.386	3821.85
543.592	3508.51
543.798	5308.68
544.004	4749.58
544.21	3664.16
544.415	4006.17
544.621	4761.87
544.827	5251.33
545.033	3664.16
545.239	4430.1
545.445	4391.19
545.651	4645.13
545.856	3928.35
546.062	3967.26
546.268	4481.3
546.474	4641.04
546.679	4045.08
546.885	3950.87
547.091	4528.4
547.297	5009.67
547.502	4045.08
547.708	3707.16
547.914	4522.26
548.119	4972.81
548.325	3914.01
548.531	3717.4
548.736	5298.44
548.942	4454.67
549.147	3805.47
549.353	4550.93
549.559	5024.01
549.764	4874.51
549.97	3895.58
550.175	4024.6
550.381	4798.73
550.586	4528.4
550.792	4192.53
550.997	4045.08
551.203	4931.85
551.408	5038.34
551.614	3940.63
551.819	4059.42
552.025	5216.52
552.23	4839.69
552.435	3961.11
552.641	4335.89
552.846	4546.83
553.052	5339.4
553.257	4548.88
553.462	4135.19
553.668	4561.17
553.873	5026.06
554.078	3977.5
554.283	4331.8
554.489	5058.82
554.694	4827.4
554.899	4110.61
555.105	4577.55
555.31	5062.92
555.515	5089.54
555.72	4524.3
555.925	5470.47
556.131	5181.7
556.336	4960.52
556.541	4256.02
556.746	4282.64
556.951	5214.47
557.156	4854.03
557.361	4483.34
557.567	4630.8
557.772	5370.12
557.977	5251.33
558.182	4352.27
558.387	4366.61
558.592	5077.26
558.797	5460.23
559.002	4495.63
559.207	4796.68
559.412	5298.44
559.617	5658.88
559.822	4294.93
560.027	4421.91
560.232	4950.28
560.437	5243.14
560.642	4147.48
560.847	4364.56
561.051	5120.26
561.256	5267.72
561.461	4569.36
561.666	4268.31
561.871	4937.99
562.076	5474.56
562.281	4399.38
562.485	4356.37
562.69	5304.58
562.895	5107.98
563.1	4495.63
563.305	4301.08
563.509	5249.29
563.714	5705.98
563.919	4544.78
564.123	4593.94
564.328	5036.3
564.533	5501.19
564.737	4595.98
564.942	4505.87
565.147	5392.64
565.351	5361.92
565.556	4538.64
565.761	4710.67
565.965	5402.88
566.17	5161.22
566.374	4598.03
566.579	4428.05
566.784	5423.36
566.988	5214.47
567.193	4391.19
567.397	4892.94
567.602	5224.71
567.806	5355.78
568.011	4743.44
568.215	4903.18
568.42	5312.77
568.624	5349.64
568.828	4741.39
569.033	5046.54
569.237	5593.34
569.442	5466.37
569.646	4469.01
569.85	4651.28
570.055	5288.2
570.259	5292.29
570.463	5134.6
570.668	4845.84
570.872	5316.87
571.076	5566.72
571.281	5007.62
571.485	4854.03
571.689	5447.94
571.893	5527.81
572.098	4952.33
572.302	4696.33
572.506	5458.18
572.71	5691.65
572.914	4874.51
573.119	4690.19
573.323	5687.55
573.527	5583.1
573.731	4692.24
573.935	4735.25
574.139	5513.47
574.343	5222.66
574.547	4978.95
574.751	4946.19
574.955	5525.76
575.159	5777.66
575.364	4845.84
575.568	4813.07
575.772	5716.22
575.976	5697.79
576.18	4755.72
576.383	4913.42
576.587	6007.03
576.791	5683.45
576.995	4575.5
577.199	4894.99
577.403	5482.75
577.607	5748.99
577.811	4860.17
578.015	5050.63
578.219	5835
578.422	5748.99
578.626	5150.98
578.83	5368.07
579.034	5925.11
579.238	5812.48
579.442	5087.5
579.645	5519.62
579.849	5724.41
580.053	5939.45
580.257	5234.95
580.46	5228.81
580.664	5974.27
580.868	5933.31
581.071	5464.32
581.275	5294.34
581.479	5591.3
581.682	5878.01
581.886	5001.48
582.09	5216.52
582.293	6025.47
582.497	6035.71
582.7	5525.76
582.904	5091.59
583.107	5785.85
583.311	5998.84
583.515	5411.07
583.718	5210.37
583.922	6246.65
584.125	6623.47
584.329	5202.18
584.532	5452.03
584.735	6293.75
584.939	5869.82
585.142	5193.99
585.346	5218.57
585.549	5867.77
585.753	5910.78
585.956	5239.05
586.159	5777.66
586.363	6232.31
586.566	6066.42
586.769	5284.1
586.973	5273.86
587.176	6134.01
587.379	5900.54
587.582	5656.83
587.786	5779.71
587.989	6156.54
588.192	7160.04
588.395	5667.07
588.599	5980.41
588.802	6105.34
589.005	6230.26
589.208	5329.16
589.411	5441.79
589.615	5957.88
589.818	6334.71
590.021	5816.57
590.224	5679.36
590.427	6512.88
590.63	6398.2
590.833	5316.87
591.036	5531.9
591.239	6213.88
591.442	5902.59
591.645	5847.29
591.848	5728.51
592.051	6082.81
592.254	6101.24
592.457	5830.91
592.66	5650.69
592.863	6136.06
593.066	6529.27
593.269	5808.38
593.472	5509.38
593.675	6209.78
593.878	6203.64
594.081	5775.61
594.284	5648.64
594.486	6334.71
594.689	6353.14
594.892	5916.92
595.095	5787.9
595.298	6428.92
595.5	6015.23
595.703	5923.07
595.906	5992.7
596.109	6402.29
596.311	6217.97
596.514	5548.29
596.717	6000.89
596.92	6672.62
597.122	6652.14
597.325	5417.22
597.528	5642.5
597.73	6703.34
597.933	6727.92
598.136	5667.07
598.338	5411.07
598.541	6990.06
598.743	6719.73
598.946	6011.13
599.148	5902.59
599.351	6666.48
599.554	6535.41
599.756	6019.32
599.959	6041.85
600.161	6697.2
600.363	7051.5
600.566	6275.32
600.768	5929.21
600.971	6791.41
601.173	6525.17
601.376	5904.64
601.578	5959.93
601.78	6584.56
601.983	7039.21
602.185	6056.18
602.388	6310.13
602.59	6672.62
602.792	6633.71
602.995	6293.75
603.197	6084.86
603.399	6586.61
603.601	7141.61
603.804	6140.15
604.006	5994.75
604.208	6406.39
604.41	6279.41
604.613	6232.31
604.815	5923.07
605.017	7047.4
605.219	6486.26
605.421	6998.25
605.623	5959.93
605.826	6994.15
606.028	7201
606.23	6134.01
606.432	6166.78
606.634	6783.21
606.836	6975.72
607.038	5779.71
607.24	6199.54
607.442	6609.14
607.644	6588.66
607.846	6275.32
608.048	5863.68
608.25	6813.93
608.452	6336.76
608.654	6260.98
608.856	5943.55
609.058	6467.83
609.26	6912.24
609.462	6228.21
609.664	6172.92
609.866	6957.29
610.067	6811.89
610.269	6430.96
610.471	6471.92
610.673	6680.82
610.875	7026.92
611.077	6097.14
611.278	6191.35
611.48	6838.51
611.682	7166.18
611.884	6355.19
612.085	6279.41
612.287	6631.66
612.489	6392.05
612.69	6476.02
612.892	6242.55
613.094	7209.19
613.295	6639.86
613.497	6131.96
613.699	6226.17
613.9	7061.74
614.102	6791.41
614.304	6172.92
614.505	6166.78
614.707	6740.21
614.908	6848.75
615.11	6015.23
615.311	6420.72
615.513	6820.08
615.714	6734.06
615.916	5947.64
616.117	6461.68
616.319	6756.59
616.52	7000.3
616.722	6164.73
616.923	6193.4
617.124	7194.86
617.326	6877.42
617.527	6557.94
617.729	6428.92
617.93	6891.76
618.131	7049.45
618.333	6158.58
618.534	6189.3
618.735	6803.69
618.937	7153.9
619.138	6291.7
619.339	6263.03
619.54	7067.88
619.742	6760.69
619.943	6570.23
620.144	6258.93
620.345	7244.01
620.546	6949.1
620.748	6516.98
620.949	6279.41
621.15	6916.33
621.351	6877.42
621.552	6260.98
621.753	6230.26
621.954	6740.21
622.155	7413.99
622.356	6267.13
622.558	6711.53
622.759	7084.27
622.96	7307.49
623.161	6410.48
623.362	6332.66
623.563	7049.45
623.764	6803.69
623.965	6412.53
624.166	6703.34
624.366	6658.29
624.567	7180.52
624.768	6164.73
624.969	6344.95
625.17	6746.35
625.371	7026.92
625.572	6629.62
625.773	6361.33
625.973	7205.1
626.174	7356.65
626.375	6553.84
626.576	6727.92
626.777	7143.66
626.977	7514.34
627.178	6856.94
627.379	6617.33
627.58	6838.51
627.78	6871.28
627.981	6271.22
628.182	6648.05
628.382	7114.98
628.583	6689.01
628.784	6334.71
628.984	6594.8
629.185	6945
629.386	7239.91
629.586	6559.99
629.787	6402.29
629.987	6981.87
630.188	7092.46
630.388	6621.42
630.589	6809.84
630.79	7639.26
630.99	6885.61
631.191	6549.75
631.391	6783.21
631.591	7221.48
631.792	7315.69
631.992	6836.46
632.193	6707.44
632.393	7239.91
632.594	7002.35
632.794	6447.35
632.994	6654.19
633.195	6940.91
633.395	6957.29
633.595	6539.51
633.796	6805.74
633.996	7117.03
634.196	7293.16
634.397	6422.77
634.597	6611.18
634.797	7016.68
634.997	7321.83
635.198	7133.42
635.398	6469.87
635.598	7086.31
635.798	7231.72
635.998	6924.52
636.199	6465.78
636.399	6807.79
636.599	6854.89
636.799	6611.18
636.999	7061.74
637.199	7186.66
637.399	7500
637.599	6375.67
637.799	6861.04
637.999	7127.27
638.199	7327.97
638.399	6568.18
638.599	6639.86
638.799	7256.29
638.999	7438.56
639.199	7004.39
639.399	6852.84
639.599	7387.36
639.799	6985.96
639.999	6631.66
640.199	6570.23
640.399	7231.72
640.599	7413.99
640.799	6635.76
640.998	7129.32
641.198	7143.66
641.398	7375.08
641.598	6856.94
641.798	6928.62
641.997	8491.22
642.197	6979.82
642.397	7086.31
642.597	6695.15
642.796	7334.12
642.996	7309.54
643.196	7065.83
643.395	6502.64
643.595	7092.46
643.795	7074.03
643.994	6627.57
644.194	6861.04
644.394	7794.91
644.593	7696.61
644.793	6738.16
644.992	6822.13
645.192	7454.95
645.392	7084.27
645.591	6889.71
645.791	6701.3
645.99	7446.76
646.19	7018.73
646.389	6795.5
646.589	6742.25
646.788	7121.13
646.987	7184.62
647.187	7399.65
647.386	7217.38
647.586	7442.66
647.785	7772.38
647.984	6748.4
648.184	7151.85
648.383	7225.58
648.582	7006.44
648.782	6824.17
648.981	6990.06
649.18	7094.51
649.38	7201
649.579	7002.35
649.778	6762.73
649.977	7635.17
650.177	7530.72
650.376	7014.63
650.575	6844.65
650.774	7581.92
650.973	7164.14
651.173	6746.35
651.372	7055.59
651.571	7145.7
651.77	7674.08
651.969	6916.33
652.168	6895.85
652.367	6992.11
652.566	7416.04
652.765	7022.83
652.964	7553.25
653.163	7657.7
653.362	7272.68
653.561	6834.41
653.76	7135.46
653.959	7444.71
654.158	7842.01
654.357	7143.66
654.556	6889.71
654.755	7495.91
654.954	7483.62
655.153	6783.21
655.352	7157.99
655.551	7782.62
655.749	7426.28
655.948	7065.83
656.147	7106.79
656.346	7440.61
656.545	7530.72
656.743	7145.7
656.942	7035.11
657.141	7192.81
657.34	7168.23
657.538	6861.04
657.737	6959.34
657.936	7518.43
658.135	7336.17
658.333	7043.31
658.532	7311.59
658.731	7735.52
658.929	7600.35
659.128	7383.27
659.326	6924.52
659.525	7649.5
659.724	7735.52
659.922	6770.93
660.121	6858.99
660.319	7540.96
660.518	7323.88
660.716	6885.61
660.915	6951.15
661.113	7827.68
661.312	7229.67
661.51	7160.04
661.709	6922.48
661.907	7684.32
662.105	7614.69
662.304	7088.36
662.502	7162.09
662.701	7686.37
662.899	7473.38
663.097	7667.94
663.296	6928.62
663.494	7682.27
663.692	7790.81
663.891	6863.08
664.089	6815.98
664.287	7469.28
664.485	7530.72
664.684	6926.57
664.882	7303.4
665.08	7516.39
665.278	7504.1
665.476	7082.22
665.675	7420.13
665.873	7905.5
666.071	7856.35
666.269	6785.26
666.467	7575.78
666.665	7686.37
666.863	7547.11
667.061	7227.62
667.259	7190.76
667.457	7534.82
667.655	7588.07
667.853	6906.09
668.051	7387.36
668.249	7475.43
668.447	7803.1
668.645	7045.35
668.843	7461.09
669.041	7712.99
669.239	7287.01
669.437	7168.23
669.635	7420.13
669.833	7506.15
670.031	7366.88
670.229	7186.66
670.426	7299.3
670.624	7528.67
670.822	7471.33
671.02	6934.76
671.218	7182.57
671.415	7389.41
671.613	7518.43
671.811	7405.8
672.009	7194.86
672.206	7706.85
672.404	7366.88
672.602	7479.52
672.799	7385.32
672.997	7635.17
673.195	7583.97
673.392	7241.96
673.59	6904.04
673.788	7588.07
673.985	6910.19
674.183	7244.01
674.38	7139.56
674.578	7592.16
674.775	7500
674.973	7061.74
675.17	7010.54
675.368	7698.66
675.565	7590.11
675.763	7291.11
675.96	7082.22
676.158	7809.25
676.355	7749.86
676.553	7006.44
676.75	7289.06
676.947	7436.52
677.145	7491.81
677.342	7168.23
677.539	7364.84
677.737	7647.46
677.934	7848.16
678.131	7248.1
678.329	7033.07
678.526	8134.87
678.723	7813.34
678.92	7385.32
679.118	7157.99
679.315	7223.53
679.512	7710.94
679.709	7160.04
679.906	7121.13
680.104	7823.58
680.301	7418.08
680.498	6893.8
680.695	7117.03
680.892	7463.14
681.089	7524.58
681.286	7225.58
681.483	6697.2
681.68	7467.24
681.877	7639.26
682.075	7223.53
682.272	7166.18
682.469	7549.15
682.665	7518.43
682.862	6879.47
683.059	6750.45
683.256	7317.73
683.453	7508.19
683.65	7145.7
683.847	7094.51
684.044	7647.46
684.241	7321.83
684.438	7170.28
684.635	6652.14
684.831	7862.49
685.028	7825.63
685.225	7094.51
685.422	7323.88
685.619	7401.7
685.815	7229.67
686.012	7170.28
686.209	6930.67
686.405	7147.75
686.602	7424.23
686.799	6602.99
686.996	6842.6
687.192	7338.21
687.389	8136.92
687.586	6799.6
687.782	6904.04
687.979	7753.95
688.175	7385.32
688.372	6828.27
688.568	6826.22
688.765	7336.17
688.962	7616.74
689.158	7037.16
689.355	6566.13
689.551	7305.45
689.748	7256.29
689.944	6983.91
690.14	6699.25
690.337	7278.82
690.533	7239.91
690.73	7121.13
690.926	6691.06
691.123	7102.7
691.319	7313.64
691.515	6490.35
691.712	7303.4
691.908	7078.12
692.104	7428.32
692.301	6936.81
692.497	6770.93
692.693	7590.11
692.889	7336.17
693.086	7071.98
693.282	6650.1
693.478	7350.5
693.674	7663.84
693.87	6916.33
694.067	6662.38
694.263	7268.58
694.459	7117.03
694.655	7061.74
694.851	7039.21
695.047	7332.07
695.243	7397.6
695.439	7217.38
695.635	6787.31
695.831	7321.83
696.027	7071.98
696.224	6418.68
696.42	7176.42
696.615	7467.24
696.811	7395.56
697.007	6631.66
697.203	6639.86
697.399	7375.08
697.595	7383.27
697.791	6627.57
697.987	6947.05
698.183	7082.22
698.379	7401.7
698.575	6793.45
698.77	6926.57
698.966	7149.8
699.162	7428.32
699.358	6803.69
699.554	7071.98
699.749	7459.04
699.945	7248.1
700.141	6881.52
700.337	6990.06
700.532	6865.13
700.728	7063.79
700.924	6566.13
701.119	6224.12
701.315	7018.73
701.511	6955.24
701.706	6793.45
701.902	6533.36
702.097	6934.76
702.293	7037.16
702.489	6635.76
702.684	6672.62
702.88	7461.09
703.075	7061.74
703.271	6869.23
703.466	6492.4
703.662	6744.3
703.857	6971.63
704.053	6693.1
704.248	6641.9
704.443	7424.23
704.639	7213.29
704.834	6938.86
705.03	6633.71
705.225	7059.69
705.42	7233.77
705.616	6715.63
705.811	6537.46
706.006	7026.92
706.202	6971.63
706.397	6803.69
706.592	6510.83
706.787	7272.68
706.983	6852.84
707.178	6963.44
707.373	6709.49
707.568	7043.31
707.763	7289.06
707.959	6473.97
708.154	6623.47
708.349	7055.59
708.544	7323.88
708.739	6994.15
708.934	6652.14
709.129	7114.98
709.324	7366.88
709.519	6789.36
709.714	6508.79
709.909	7364.84
710.104	7139.56
710.299	6742.25
710.494	6869.23
710.689	7082.22
710.884	7020.78
711.079	6715.63
711.274	6709.49
711.469	7262.44
711.664	7028.97
711.859	6553.84
712.054	6813.93
712.249	7244.01
712.443	7182.57
712.638	6424.82
712.833	6369.52
713.028	6856.94
713.223	6553.84
713.417	6945
713.612	6541.55
713.807	7147.75
714.002	7852.25
714.196	6926.57
714.391	6445.3
714.586	7004.39
714.78	7233.77
714.975	6469.87
715.17	6578.42
715.364	6979.82
715.559	7336.17
715.754	6172.92
715.948	6197.49
716.143	7594.21
716.337	6983.91
716.532	6992.11
716.726	6605.04
716.921	7063.79
717.115	7295.21
717.31	6338.8
717.504	7608.55
717.699	6918.38
717.893	7282.92
718.088	6457.59
718.282	6347
718.476	6768.88
718.671	7129.32
718.865	6369.52
719.059	6353.14
719.254	6723.82
719.448	7393.51
719.642	9109.71
719.837	6197.49
720.031	8779.98
720.225	6920.43
720.419	6379.76
720.614	6234.36
720.808	6736.11
721.002	6666.48
721.196	6217.97
721.39	6177.02
721.585	6902
721.779	7000.3
721.973	6424.82
722.167	6058.23
722.361	6721.77
722.555	7026.92
722.749	6306.04
722.943	6404.34
723.137	6486.26
723.331	6746.35
723.525	6447.35
723.719	6289.65
723.913	6979.82
724.107	7231.72
724.301	6209.78
724.495	6410.48
724.689	7418.08
724.883	6936.81
725.077	6322.42
725.271	6297.85
725.465	6990.06
725.659	6705.39
725.853	6439.16
726.046	6131.96
726.24	6467.83
726.434	6830.32
726.628	6295.8
726.822	6150.39
727.015	6975.72
727.209	7325.93
727.403	6113.53
727.596	5929.21
727.79	6797.55
727.984	6910.19
728.177	6146.3
728.371	6220.02
728.565	6738.16
728.758	6441.2
728.952	6025.47
729.146	6019.32
729.339	6904.04
729.533	6658.29
729.726	6283.51
729.92	6066.42
730.113	6969.58
730.307	6766.83
730.5	6365.43
730.694	6340.85
730.887	6519.03
731.081	6803.69
731.274	5886.2
731.468	6310.13
731.661	6543.6
731.854	6621.42
732.048	6123.77
732.241	6127.86
732.435	6498.55
732.628	6502.64
732.821	6211.83
733.014	6183.16
733.208	6547.7
733.401	6629.62
733.594	6179.06
733.788	6318.32
733.981	6643.95
734.174	6889.71
734.367	6168.82
734.56	6541.55
734.754	6805.74
734.947	6527.22
735.14	6131.96
735.333	6369.52
735.526	6910.19
735.719	6381.81
735.912	6131.96
736.105	6123.77
736.298	6879.47
736.491	6709.49
736.684	5984.51
736.877	6060.28
737.07	7004.39
737.263	7227.62
737.456	6082.81
737.649	6263.03
737.842	6756.59
738.035	6725.87
738.228	6314.23
738.421	6525.17
738.614	6969.58
738.807	6936.81
739	5914.88
739.192	6189.3
739.385	6633.71
739.578	6729.97
739.771	6709.49
739.964	6062.33
740.156	6904.04
740.349	6615.28
740.542	6459.63
740.735	5951.74
740.927	6392.05
741.12	6500.59
741.313	5961.98
741.505	6312.18
741.698	6899.95
741.891	6717.68
742.083	6437.11
742.276	6252.79
742.468	6721.77
742.661	6805.74
742.854	6303.99
743.046	6107.38
743.239	6531.31
743.431	6766.83
743.624	6148.34
743.816	5923.07
744.009	6418.68
744.201	6623.47
744.393	6306.04
744.586	5992.7
744.778	6609.14
744.971	6664.43
745.163	6113.53
745.355	6326.52
745.548	6668.53
745.74	6721.77
745.932	5976.31
746.125	6037.75
746.317	6969.58
746.509	6762.73
746.702	6111.48
746.894	6146.3
747.086	6797.55
747.278	6897.9
747.471	6338.8
747.663	6238.45
747.855	6697.2
748.047	6906.09
748.239	6146.3
748.431	6011.13
748.623	7000.3
748.815	6770.93
749.008	5847.29
749.2	5921.02
749.392	6406.39
749.584	6742.25
749.776	6113.53
749.968	6150.39
750.16	6840.56
750.352	6172.92
750.544	5998.84
750.736	5908.73
750.928	6430.96
751.12	6588.66
751.311	5996.79
751.503	6224.12
751.695	6451.44
751.887	6834.41
752.079	5656.83
752.271	6209.78
752.463	7022.83
752.654	6590.7
752.846	6158.58
753.038	6148.34
753.23	6400.24
753.421	6549.75
753.613	5902.59
753.805	6271.22
753.997	6361.33
754.188	6545.65
754.38	6115.58
754.572	6025.47
754.763	6234.36
754.955	6453.49
755.146	6236.41
755.338	5814.52
755.53	6848.75
755.721	6406.39
755.913	5738.75
756.104	5931.26
756.296	6424.82
756.487	6549.75
756.679	5683.45
756.87	5804.28
757.062	6256.89
757.253	6445.3
757.445	5787.9
757.636	6101.24
757.827	6637.81
758.019	7192.81
758.21	5638.4
758.401	5869.82
758.593	6689.01
758.784	6672.62
758.975	5648.64
759.167	5740.8
759.358	6152.44
759.549	6613.23
759.74	5726.46
759.932	5755.13
760.123	6312.18
760.314	6357.24
760.505	5904.64
760.696	5552.38
760.888	6549.75
761.079	6359.28
761.27	5609.73
761.461	5529.86
761.652	6514.93
761.843	6125.82
762.034	5894.4
762.225	6430.96
762.416	6088.95
762.607	6260.98
762.798	5628.16
762.989	5667.07
763.18	7448.8
763.371	6308.09
763.562	5505.28
763.753	5583.1
763.944	6025.47
764.135	6037.75
764.326	5988.6
764.517	5638.4
764.708	6209.78
764.899	6306.04
765.089	5449.99
765.28	5484.8
765.471	5861.63
765.662	6312.18
765.853	5857.53
766.043	5626.11
766.234	6170.87
766.425	6056.18
766.615	5613.82
766.806	5286.15
766.997	6062.33
767.187	5972.22
767.378	5505.28
767.569	5333.25
767.759	6105.34
767.95	5759.23
768.141	5660.93
768.331	5355.78
768.522	6140.15
768.712	6306.04
768.903	5361.92
769.093	5325.06
769.284	6058.23
769.474	5878.01
769.665	5103.88
769.855	5269.76
770.046	6244.6
770.236	5947.64
770.426	5589.25
770.617	5384.45
770.807	5806.33
770.998	6047.99
771.188	5654.78
771.378	5157.13
771.569	6232.31
771.759	6031.61
771.949	5159.17
772.139	5148.93
772.33	5869.82
772.52	5820.67
772.71	5294.34
772.9	5150.98
773.09	5912.83
773.281	6377.72
773.471	5327.11
773.661	5347.59
773.851	5779.71
774.041	5812.48
774.231	5171.46
774.421	5660.93
774.611	5898.49
774.802	5767.42
774.992	5251.33
775.182	5122.31
775.372	6078.71
775.562	6041.85
775.752	5142.79
775.942	5263.62
776.131	6160.63
776.321	5933.31
776.511	5193.99
776.701	5230.85
776.891	6240.5
777.081	5622.02
777.271	5310.72
777.461	5228.81
777.651	6142.2
777.84	5843.2
778.03	5366.02
778.22	5138.69
778.41	5773.57
778.599	5587.2
778.789	5316.87
778.979	5005.58
779.169	5583.1
779.358	5474.56
779.548	5460.23
779.738	4886.79
779.927	5583.1
780.117	5263.62
780.307	5118.22
780.496	4778.25
780.686	5855.48
780.875	6115.58
781.065	5116.17
781.254	5001.48
781.444	5644.54
781.633	5492.99
781.823	4882.7
782.012	4983.05
782.202	5599.49
782.391	5345.54
782.581	4999.43
782.77	5294.34
782.96	5886.2
783.149	5282.05
783.338	5050.63
783.528	4589.84
783.717	5800.19
783.906	5914.88
784.096	5095.69
784.285	4831.5
784.474	5546.24
784.663	5370.12
784.853	4839.69
785.042	5099.78
785.231	5376.26
785.42	5568.77
785.61	5173.51
785.799	4780.3
785.988	5789.95
786.177	5275.91
786.366	4856.08
786.555	5275.91
786.744	5521.67
786.933	5454.08
787.122	4755.72
787.312	4624.65
787.501	4997.39
787.69	5482.75
787.879	4870.41
788.068	4804.88
788.257	5181.7
788.445	5511.43
788.634	4952.33
788.823	4682
789.012	5755.13
789.201	5685.5
789.39	4800.78
789.579	4741.39
789.768	5521.67
789.957	5519.62
790.145	4712.72
790.334	4380.95
790.523	4972.81
790.712	5243.14
790.9	4913.42
791.089	4630.8
791.278	5509.38
791.467	5349.64
791.655	5388.55
791.844	5652.74
792.033	5202.18
792.221	5107.98
792.41	4827.4
792.599	4278.55
792.787	5243.14
792.976	5525.76
793.164	4497.68
793.353	4614.41
793.541	5419.27
793.73	5374.21
793.918	4583.7
794.107	4712.72
794.295	5183.75
794.484	5228.81
794.672	4661.52
794.861	4581.65
795.049	5185.8
795.238	5605.63
795.426	4438.29
795.614	4823.31
795.803	5386.5
795.991	5505.28
796.179	4428.05
796.368	4692.24
796.556	5230.85
796.744	5122.31
796.932	4542.74
797.121	4413.71
797.309	4942.09
797.497	5243.14
797.685	4491.54
797.874	4436.24
798.062	5071.11
798.25	5533.95
798.438	4471.06
798.626	4518.16
798.814	5273.86
799.002	5542.14
799.19	4698.38
799.378	4725.01
799.566	5329.16
799.755	5198.09
799.943	4860.17
800.131	4591.89
800.318	4907.27
800.506	5230.85
800.694	4415.76
800.882	4751.63
801.07	5642.5
801.258	5044.49
801.446	4296.98
801.634	4571.41
801.822	5009.67
802.01	5114.12
802.197	4638.99
802.385	4684.05
802.573	5214.47
802.761	4946.19
802.949	4632.85
803.136	4358.42
803.324	5224.71
803.512	5099.78
803.699	4677.9
803.887	4397.33
804.075	5230.85
804.262	5193.99
804.45	4456.72
804.638	4786.44
804.825	4974.86
805.013	5069.06
805.201	4671.76
805.388	4415.76
805.576	5191.94
805.763	5417.22
805.951	4544.78
806.138	4722.96
806.326	5476.61
806.513	5056.78
806.701	4444.43
806.888	4403.47
807.075	5302.53
807.263	5513.47
807.45	4378.9
807.638	4638.99
807.825	5529.86
808.012	5437.7
808.2	4677.9
808.387	5054.73
808.574	5222.66
808.761	5402.88
808.949	4417.81
809.136	4712.72
809.323	5204.23
809.51	5228.81
809.698	4903.18
809.885	4835.6
810.072	5280
810.259	5366.02
810.446	4841.74
810.633	4497.68
810.82	5316.87
811.008	5607.68
811.195	4911.37
811.382	4729.1
811.569	5505.28
811.756	4944.14
811.943	4702.48
812.13	4552.98
812.317	5087.5
812.504	5112.07
812.691	4835.6
812.878	4884.75
813.064	5718.27
813.251	5259.53
813.438	4682
813.625	4921.61
813.812	5218.57
813.999	5261.57
814.186	4886.79
814.372	4616.46
814.559	5351.68
814.746	5724.41
814.933	4442.39
815.12	4843.79
815.306	5216.52
815.493	5091.59
815.68	4776.2
815.866	4765.96
816.053	5335.3
816.24	5679.36
816.426	4823.31
816.613	4458.77
816.799	5458.18
816.986	5607.68
817.173	4552.98
817.359	4589.84
817.546	5302.53
817.732	4970.76
817.919	4229.4
818.105	4765.96
818.292	5255.43
818.478	5374.21
818.665	5042.44
818.851	4571.41
819.037	5787.9
819.224	5181.7
819.41	4342.04
819.597	4722.96
819.783	5984.51
819.969	5218.57
820.156	4690.19
820.342	4469.01
820.528	6617.33
820.714	4872.46
820.901	4978.95
821.087	4534.54
821.273	5413.12
821.459	5316.87
821.646	4595.98
821.832	4344.08
822.018	5196.04
822.204	5116.17
822.39	4512.02
822.576	4577.55
822.762	5226.76
822.948	5290.24
823.134	4667.66
823.32	4595.98
823.507	4858.12
823.693	5196.04
823.879	5161.22
824.065	4395.28
824.25	4874.51
824.436	5083.4
824.622	4485.39
824.808	4329.75
824.994	5015.82
825.18	4937.99
825.366	4268.31
825.552	4348.18
825.738	5144.84
825.923	5355.78
826.109	4808.97
826.295	4524.3
826.481	4997.39
826.667	4976.91
826.852	4935.95
827.038	4147.48
827.224	5249.29
827.409	5177.61
827.595	4088.09
827.781	4831.5
827.966	5382.4
828.152	5107.98
828.338	4495.63
828.523	4129.05
828.709	5028.1
828.894	5134.6
829.08	4335.89
829.266	4165.91
829.451	4792.59
829.637	5142.79
829.822	4487.44
830.008	4335.89
830.193	5026.06
830.378	5325.06
830.564	4370.71
830.749	4256.02
830.935	4985.1
831.12	4708.62
831.305	4178.2
831.491	4329.75
831.676	4378.9
831.861	4985.1
832.047	4342.04
832.232	3993.88
832.417	4985.1
832.602	5073.16
832.788	4370.71
832.973	4247.83
833.158	4792.59
833.343	4821.26
833.528	4462.87
833.714	4423.95
833.899	4638.99
834.084	5427.46
834.269	4489.49
834.454	4342.04
834.639	4942.09
834.824	4899.08
835.009	4475.15
835.194	4581.65
835.379	5122.31
835.564	5208.33
835.749	4589.84
835.934	4088.09
836.119	4831.5
836.304	4956.43
836.489	4346.13
836.674	4688.14
836.859	4708.62
837.044	5126.41
837.228	4192.53
837.413	3838.23
837.598	4849.93
837.783	5001.48
837.968	4223.25
838.152	4043.03
838.337	4245.78
838.522	5095.69
838.707	4954.38
838.891	4593.94
839.076	4567.31
839.261	4618.51
839.445	4159.77
839.63	4405.52
839.815	5083.4
839.999	4509.97
840.184	3971.35
840.368	4022.55
840.553	4804.88
840.737	4649.23
840.922	3856.67
841.106	3707.16
841.291	4385.04
841.475	4782.35
841.66	4045.08
841.844	3920.15
842.029	5058.82
842.213	4395.28
842.397	4063.51
842.582	3899.67
842.766	4823.31
842.951	4927.75
843.135	4028.7
843.319	4018.46
843.504	4741.39
843.688	5214.47
843.872	3754.27
844.056	3871
844.241	4663.57
844.425	4489.49
844.609	4354.32
844.793	3678.49
844.977	4794.64
845.161	4530.45
845.346	3744.03
845.53	3811.61
845.714	4477.2
845.898	5058.82
846.082	3764.51
846.266	3948.83
846.45	4325.65
846.634	4534.54
846.818	3934.49
847.002	3959.06
847.186	4579.6
847.37	4170.01
847.554	3684.64
847.738	4010.26
847.922	4405.52
848.106	4448.53
848.29	3940.63
848.473	3799.32
848.657	4575.5
848.841	4237.59
849.025	3703.07
849.209	3535.14
849.392	4555.02
849.576	4165.91
849.76	3514.66
849.944	4020.5
850.127	4864.27
850.311	4243.73
850.495	3600.67
850.678	3543.33
850.862	4544.78
851.046	4657.42
851.229	4270.36
851.413	3643.68
851.596	4665.61
851.78	4305.17
851.964	4069.66
852.147	3764.51
852.331	4792.59
852.514	4847.88
852.698	3748.12
852.881	3512.61
853.065	4421.91
853.248	4344.08
853.431	3780.89
853.615	3940.63
853.798	5110.02
853.982	4389.14
854.165	4014.36
854.348	3846.43
854.532	4120.85
854.715	4364.56
854.898	3676.45
855.081	3887.39
855.265	4823.31
855.448	5026.06
855.631	3510.56
855.814	3629.34
855.997	4247.83
856.181	4430.1
856.364	3805.47
856.547	3434.78
856.73	4339.99
856.913	4346.13
857.096	3391.78
857.279	3832.09
857.462	4098.33
857.645	4409.62
857.828	3846.43
858.011	4059.42
858.194	4026.65
858.377	4288.79
858.56	3524.9
858.743	3479.84
858.926	4120.85
859.109	4151.57
859.292	3547.42
859.475	3275.04
859.658	4176.15
859.841	4307.22
860.023	3432.74
860.206	3453.22
860.389	4012.31
860.572	4145.43
860.755	3528.99
860.937	3612.96
861.12	3866.91
861.303	3963.16
861.486	3637.53
861.668	3248.42
861.851	3789.08
862.034	4335.89
862.216	3580.19
862.399	3203.36
862.581	4026.65
862.764	4208.92
862.947	3508.51
863.129	3338.53
863.312	3766.56
863.494	4217.11
863.677	3940.63
863.859	3291.43
864.042	4170.01
864.224	4047.13
864.406	3604.77
864.589	3146.02
864.771	3846.43
864.954	4378.9
865.136	3215.65
865.318	3107.11
865.501	4483.34
865.683	3498.27
865.865	3262.76
866.048	3383.59
866.23	4083.99
866.412	3809.56
866.594	3152.17
866.777	3402.02
866.959	3561.76
867.141	3725.6
867.323	3600.67
867.505	3332.39
867.687	3709.21
867.869	3754.27
868.052	3225.89
868.234	3301.67
868.416	3995.93
868.598	4120.85
868.78	3465.5
868.962	3094.82
869.144	4073.75
869.326	3844.38
869.508	3250.47
869.69	3225.89
869.872	3467.55
870.054	4405.52
870.236	3031.34
870.417	3076.39
870.599	3668.25
870.781	4274.45
870.963	3651.87
871.145	3121.45
871.327	3658.01
871.508	4192.53
871.69	3244.32
871.872	3301.67
872.054	3834.14
872.235	3752.22
872.417	3406.11
872.599	3029.29
872.78	4489.49
872.962	3838.23
873.144	3041.57
873.325	3205.41
873.507	3948.83
873.689	3756.32
873.87	3107.11
874.052	3309.86
874.233	3662.11
874.415	4239.64
874.596	3277.09
874.778	2945.32
874.959	3832.09
875.141	4135.19
875.322	3225.89
875.503	3078.44
875.685	3731.74
875.866	3289.38
876.048	3211.56
876.229	3092.77
876.41	3639.58
876.592	3653.92
876.773	3219.75
876.954	2892.07
877.136	3989.78
877.317	3612.96
877.498	2969.9
877.679	3268.9
877.86	3739.93
878.042	3848.47
878.223	3100.97
878.404	3885.34
878.585	3971.35
878.766	5695.74
878.947	3641.63
879.128	3467.55
879.309	3891.48
879.49	4178.2
879.672	3432.74
879.853	3359.01
880.034	3598.62
880.215	3977.5
880.396	3465.5
880.576	3203.36
880.757	3645.73
880.938	4372.75
881.119	3209.51
881.3	3344.67
881.481	3623.2
881.662	4780.3
881.843	3139.88
882.023	2928.94
882.204	4174.1
882.385	3649.82
882.566	3240.23
882.747	3260.71
882.927	3805.47
883.108	3944.73
883.289	3229.99
883.469	3559.71
883.65	3803.42
883.831	3862.81
884.011	3535.14
884.192	3123.49
884.373	4010.26
884.553	3807.52
884.734	3404.07
884.914	3864.86
885.095	5251.33
885.275	4213.01
885.456	3578.14
885.636	3297.57
885.817	3813.66
885.997	4053.27
886.178	3268.9
886.358	3385.63
886.538	4010.26
886.719	5771.52
886.899	3217.7
887.08	3328.29
887.26	4096.28
887.44	3635.49
887.621	3324.19
887.801	3502.37
887.981	4516.11
888.161	4264.21
888.342	3488.03
888.522	3313.95
888.702	4186.39
888.882	4147.48
889.062	3477.79
889.242	3086.63
889.423	4141.33
889.603	4055.32
889.783	3483.94
889.963	3363.11
890.143	3862.81
890.323	4135.19
890.503	3359.01
890.683	3477.79
890.863	3739.93
891.043	3940.63
891.223	3485.98
891.403	3717.4
891.583	3821.85
891.763	4204.82
891.943	3586.33
892.122	3723.55
892.302	3907.87
892.482	4012.31
892.662	3670.3
892.842	3502.37
893.022	4034.84
893.201	4067.61
893.381	3578.14
893.561	3383.59
893.741	4047.13
893.92	3752.22
894.1	3625.25
894.28	3510.56
894.459	4200.73
894.639	3897.63
894.819	3256.61
894.998	3510.56
895.178	3977.5
895.357	3789.08
895.537	3371.3
895.716	3191.08
895.896	3651.87
896.075	4262.16
896.255	3399.97
896.434	2992.42
896.614	4407.57
896.793	4147.48
896.973	3598.62
897.152	3402.02
897.331	3848.47
897.511	3914.01
897.69	3201.32
897.87	3291.43
898.049	3873.05
898.228	3731.74
898.407	3488.03
898.587	3586.33
898.766	3692.83
898.945	3907.87
899.124	3627.29
899.304	3572
899.483	4034.84
899.662	4157.72
899.841	3367.2
900.02	3158.31
900.199	3928.35
900.378	3914.01
900.557	3156.26
900.737	3045.67
900.916	3510.56
901.095	3744.03
901.274	3496.22
901.453	2930.98
901.632	3426.59
901.811	3363.11
901.989	3146.02
902.168	3129.64
902.347	3815.71
902.526	3408.16
902.705	2998.57
902.884	3154.21
903.063	4004.12
903.242	3883.29
903.42	2961.7
903.599	3213.6
903.778	3674.4
903.957	4079.9
904.135	3363.11
904.314	3027.24
904.493	3504.42
904.672	3365.15
904.85	2994.47
905.029	2947.37
905.207	3346.72
905.386	4069.66
905.565	2707.76
905.743	2883.88
905.922	3477.79
906.1	3531.04
906.279	2601.26
906.457	2631.98
906.636	3252.52
906.814	3195.17
906.993	2736.43
907.171	2623.79
907.35	3342.63
907.528	3721.5
907.707	3127.59
907.885	2724.14
908.063	3356.96
908.242	3191.08
908.42	2734.38
908.598	2498.86
908.777	3303.71
908.955	2969.9
909.133	2918.7
909.311	2617.65
909.49	3109.16
909.668	3086.63
909.846	2662.7
910.024	2582.83
910.202	2986.28
910.38	3295.52
910.559	2619.69
910.737	2625.84
910.915	3313.95
911.093	3328.29
911.271	2832.68
911.449	3053.86
911.627	3424.55
911.805	4100.37
911.983	2861.35
912.161	2941.22
912.339	3125.54
912.517	3555.62
912.695	3041.57
912.872	2906.41
913.05	3459.36
913.228	3385.63
913.406	2844.97
913.584	2666.8
913.762	3617.05
913.939	3393.83
914.117	2746.67
914.295	2654.51
914.473	3252.52
914.65	3608.86
914.828	2662.7
915.006	2656.56
915.184	3123.49
915.361	3307.81
915.539	3072.29
915.716	3039.53
915.894	3248.42
916.072	3346.72
916.249	3285.28
916.427	3043.62
916.604	3131.69
916.782	3438.88
916.959	2656.56
917.137	2859.31
917.314	3307.81
917.492	3264.8
917.669	2973.99
917.847	3017
918.024	3195.17
918.201	2969.9
918.379	2791.72
918.556	2742.57
918.733	3416.35
918.911	2982.18
919.088	3004.71
919.265	2687.28
919.442	3275.04
919.62	3473.7
919.797	2777.39
919.974	2617.65
920.151	3408.16
920.328	3182.88
920.506	2615.6
920.683	3158.31
920.86	2892.07
921.037	3227.94
921.214	2685.23
921.391	2494.77
921.568	3268.9
921.745	2908.46
921.922	2722.09
922.099	2560.3
922.276	3248.42
922.453	3045.67
922.63	2568.49
922.807	2885.93
922.984	3100.97
923.161	3006.76
923.338	2689.32
923.514	2582.83
923.691	3158.31
923.868	3166.5
924.045	2554.16
924.222	2431.28
924.399	2978.09
924.575	3051.81
924.752	2533.68
924.929	2631.98
925.105	2853.16
925.282	2595.12
925.459	2605.36
925.635	2611.5
925.812	3051.81
925.989	2844.97
926.165	2677.04
926.342	2134.32
926.518	2871.59
926.695	2887.98
926.871	2478.38
927.048	2378.03
927.224	3252.52
927.401	2720.04
927.577	2588.97
927.754	2349.36
927.93	3137.83
928.107	2939.18
928.283	2320.69
928.459	2619.69
928.636	2922.79
928.812	2793.77
928.988	2359.6
929.165	2142.52
929.341	2754.86
929.517	2828.59
929.693	2953.51
929.87	2146.61
930.046	2914.6
930.222	2740.52
930.398	2183.48
930.574	2355.51
930.751	2701.61
930.927	2650.41
931.103	2312.5
931.279	2222.39
931.455	2646.32
931.631	2695.47
931.807	2070.84
931.983	2021.69
932.159	2201.91
932.335	2562.35
932.511	2007.35
932.687	2224.44
932.863	2507.06
933.039	2693.42
933.215	2019.64
933.391	1874.23
933.566	2511.15
933.742	2478.38
933.918	2054.45
934.094	1814.84
934.27	2427.18
934.445	2425.14
934.621	2165.04
934.797	1917.24
934.973	2564.4
935.148	2220.34
935.324	1741.11
935.5	1679.68
935.675	2509.1
935.851	2410.8
936.027	1970.49
936.202	1925.43
936.378	2488.62
936.553	2136.37
936.729	2502.96
936.904	1708.35
937.08	1878.33
937.255	1935.67
937.431	1755.45
937.606	1405.25
937.782	1841.47
937.957	2197.81
938.133	1560.89
938.308	1464.64
938.483	1945.91
938.659	1618.24
938.834	1683.77
939.009	1235.27
939.185	1896.76
939.36	1614.14
939.535	997.7
939.71	1608
939.886	1997.11
940.061	1732.92
940.236	1712.44
940.411	1444.16
940.586	1847.61
940.761	1784.12
940.937	1401.15
941.112	1259.84
941.287	1626.43
941.462	1558.85
941.637	1106.24
941.812	1282.37
941.987	1519.93
942.162	1452.35
942.337	1286.47
942.512	1126.72
942.687	1929.53
942.862	1593.66
943.037	825.67
943.212	848.2
943.386	1341.76
943.561	1487.17
943.736	1313.09
943.911	1896.76
944.086	1796.41
944.26	1341.76
944.435	1110.34
944.61	1388.86
944.785	1497.41
944.959	2130.23
945.134	1114.44
945.309	1087.81
945.483	1200.45
945.658	1634.62
945.833	889.16
946.007	872.78
946.182	1913.14
946.357	1425.73
946.531	983.37
946.706	995.65
946.88	1079.62
947.055	1595.71
947.229	1077.57
947.404	907.59
947.578	1573.18
947.752	1597.76
947.927	880.97
948.101	870.73
948.276	2064.69
948.45	1657.15
948.624	1458.5
948.799	1120.58
948.973	1524.03
949.147	1290.56
949.321	1108.29
949.496	1188.16
949.67	1888.57
949.844	1347.9
950.018	1245.51
950.193	1155.4
950.367	2185.52
950.541	1511.74
950.715	1343.81
950.889	1442.11
951.063	1446.21
951.237	1620.28
951.411	999.75
951.585	1012.04
951.759	1745.21
951.933	1587.52
952.107	1079.62
952.281	1425.73
952.455	1986.87
952.629	1671.48
952.803	1227.07
952.977	1188.16
953.151	1823.03
953.325	1489.21
953.499	1454.4
953.672	1055.05
953.846	1530.17
954.02	1534.27
954.194	1151.3
954.368	1255.75
954.541	1851.71
954.715	1632.57
954.889	1335.62
955.062	1192.26
955.236	1362.24
955.41	1671.48
955.583	1503.55
955.757	987.46
955.93	1696.06
956.104	1470.78
956.278	1208.64
956.451	1227.07
956.625	1737.02
956.798	1956.15
956.972	1626.43
957.145	1071.43
957.319	2015.54
957.492	1810.75
957.665	1462.59
957.839	1194.31
958.012	1667.39
958.185	1528.13
958.359	1335.62
958.532	1577.28
958.705	1640.76
958.879	1634.62
959.052	1442.11
959.225	1169.73
959.398	1718.59
959.572	1694.01
959.745	1235.27
959.918	1284.42
960.091	1698.11
960.264	1898.81
960.438	1169.73
960.611	1136.96
960.784	2007.35
960.957	1417.54
961.13	1878.33
961.303	1110.34
961.476	1589.57
961.649	2107.7
961.822	1053
961.995	1493.31
962.168	1653.05
962.341	1849.66
962.514	1352
962.686	1349.95
962.859	1669.44
963.032	1843.51
963.205	1245.51
963.378	981.32
963.551	1651
963.723	1483.07
963.896	1470.78
964.069	1524.03
964.242	1620.28
964.414	2107.7
964.587	1458.5
964.76	1354.05
964.932	1777.98
965.105	1773.88
965.278	1335.62
965.45	1159.49
965.623	1853.75
965.795	1855.8
965.968	1257.79
966.14	1308.99
966.313	1689.92
966.485	1716.54
966.658	1130.82
966.83	1313.09
967.003	1739.07
967.175	1698.11
967.348	1220.93
967.52	1265.99
967.692	2066.74
967.865	1911.1
968.037	1331.52
968.209	1409.34
968.382	1786.17
968.554	1802.55
968.726	1286.47
968.898	1100.1
969.071	1947.96
969.243	1679.68
969.415	1255.75
969.587	1474.88
969.759	1984.82
969.932	1753.4
970.104	1368.38
970.276	915.78
970.448	1487.17
970.62	1382.72
970.792	1399.1
970.964	1177.92
971.136	1962.3
971.308	1569.09
971.48	1024.33
971.652	1276.23
971.824	1814.84
971.996	1579.33
972.168	1204.55
972.339	1225.03
972.511	1663.29
972.683	1694.01
972.855	1544.51
973.027	1114.44
973.199	1845.56
973.37	1839.42
973.542	1366.34
973.714	1390.91
973.886	1278.27
974.057	1698.11
974.229	1147.2
974.401	1130.82
974.572	1259.84
974.744	1347.9
974.915	1042.76
975.087	1061.19
975.259	1863.99
975.43	1331.52
975.602	989.51
975.773	995.65
975.945	1405.25
976.116	1640.76
976.288	1126.72
976.459	1464.64
976.63	1376.58
976.802	1427.78
976.973	860.49
977.145	1417.54
977.316	2085.17
977.487	2412.85
977.659	1270.08
977.83	1239.36
978.001	1892.66
978.172	1743.16
978.344	993.61
978.515	1214.79
978.686	1444.16
978.857	2029.88
979.028	1100.1
979.2	969.03
979.371	1882.42
979.542	1521.98
979.713	1298.75
979.884	766.28
980.055	1444.16
980.226	1429.82
980.397	1028.42
980.568	977.22
980.739	1595.71
980.91	1372.48
981.081	1304.9
981.252	999.75
981.423	1380.67
981.594	1501.5
981.765	975.17
981.936	1132.87
982.106	1331.52
982.277	1642.81
982.448	909.64
982.619	1343.81
982.79	1198.4
982.96	1517.89
983.131	1136.96
983.302	622.92
983.472	1405.25
983.643	1421.63
983.814	1182.02
983.984	1036.61
984.155	1302.85
984.326	1478.97
984.496	1139.01
984.667	1087.81
984.837	1165.64
985.008	1728.83
985.178	1397.06
985.349	1061.19
985.519	1354.05
985.69	1204.55
985.86	1069.38
986.031	876.87
986.201	1397.06
986.371	1401.15
986.542	813.38
986.712	694.6
986.882	1544.51
987.053	1411.39
987.223	936.26
987.393	1284.42
987.563	1196.36
987.734	1452.35
987.904	1433.92
988.074	782.67
988.244	1200.45
988.414	1188.16
988.585	762.19
988.755	1036.61
988.925	1182.02
989.095	1753.4
989.265	588.11
989.435	1007.94
989.605	1382.72
989.775	1517.89
989.945	1325.38
990.115	602.44
990.285	1225.03
990.455	1225.03
990.625	1020.23
990.795	758.09
990.965	1661.24
991.134	1161.54
991.304	780.62
991.474	782.67
991.644	1276.23
991.814	1554.75
991.984	561.48
992.153	690.51
992.323	1034.57
992.493	1284.42
992.662	561.48
992.832	1044.81
993.002	1083.72
993.171	1360.19
993.341	553.29
993.511	794.95
993.68	1083.72
993.85	1360.19
994.019	620.88
994.189	565.58
994.358	1057.09
994.528	1003.85
994.697	391.5
994.867	622.92
995.036	1384.77
995.206	971.08
995.375	696.65
995.544	1096
995.714	1513.79
995.883	1149.25
996.052	989.51
996.222	307.54
996.391	1425.73
996.56	1255.75
996.73	444.75
996.899	387.41
997.068	1478.97
997.237	1179.97
997.406	549.2
997.576	385.36
997.745	1487.17
997.914	942.41
998.083	227.67
998.252	584.01
998.421	1257.79
998.59	866.63
998.759	590.16
998.928	266.58
999.097	1380.67
999.266	1159.49
999.435	797
999.604	356.69
999.773	1339.71
999.942	1016.13
1000.111	196.95
1000.28	272.72
1000.448	960.84
1000.617	823.62
1000.786	966.98
1000.955	338.26
1001.124	1233.22
1001.292	1659.2
1001.461	463.18
1001.63	319.82
1001.798	1126.72
1001.967	1196.36
1002.136	381.26
1002.304	399.7
1002.473	1311.04
1002.642	979.27
1002.81	506.19
1002.979	387.41
1003.147	1212.74
1003.316	1249.6
1003.484	424.27
1003.653	516.43
1003.821	1065.29
1003.99	932.17
1004.158	688.46
1004.327	618.83
1004.495	1110.34
1004.663	1007.94
1004.832	643.4
1005	295.25
1005.168	969.03
1005.337	844.1
1005.505	125.27
1005.673	780.62
1005.842	1200.45
1006.01	932.17
1006.178	180.56
1006.346	463.18
1006.514	731.47
1006.683	1417.54
1006.851	325.97
1007.019	682.31
1007.187	874.82
1007.355	541.01
1007.523	121.17
1007.691	186.71
1007.859	631.12
1008.027	1435.97
1008.195	315.73
1008.363	121.17
1008.531	782.67
1008.699	1059.14
1008.867	90.45
1009.035	334.16
1009.203	1290.56
1009.37	835.91
1009.538	383.31
1009.706	1198.4
1009.874	821.58
1010.042	819.53
1010.209	131.41
1010.377	166.23
1010.545	946.5
1010.713	872.78
1010.88	217.43
1011.048	242
1011.216	864.58
1011.383	1065.29
1011.551	307.54
1011.718	110.93
1011.886	993.61
1012.054	962.89
1012.221	139.6
1012.389	135.51
1012.556	799.05
1012.724	1089.86
1012.891	461.13
1013.058	-42.67
1013.226	868.68
1013.393	940.36
1013.561	80.21
1013.728	47.44
1013.895	1067.33
1014.063	864.58
1014.23	-24.23
1014.397	198.99
1014.565	1009.99
1014.732	698.7
1014.899	45.4
1015.066	74.07
1015.233	903.5
1015.401	973.13
1015.568	242
1015.735	498
1015.902	1007.94
1016.069	1055.05
1016.236	143.7
1016.403	-7.85
1016.57	518.48
1016.737	1319.23
1016.904	276.82
1017.071	22.87
1017.238	602.44
1017.405	821.58
1017.572	127.32
1017.739	667.98
1017.906	1225.03
1018.073	1067.33
1018.24	45.4
1018.407	276.82
1018.573	776.52
1018.74	782.67
1018.907	246.1
1019.074	-231.08
1019.241	870.73
1019.407	745.8
1019.574	10.58
1019.741	8.53
1019.907	1145.16
1020.074	1175.88
1020.241	-200.36
1020.407	-136.87
1020.574	590.16
1020.74	577.87
1020.907	-13.99
1021.073	33.11
1021.24	1321.28
1021.406	766.28
1021.573	-87.72
1021.739	2.39
1021.906	981.32
1022.072	592.2
1022.239	72.02
1022.405	145.75
1022.571	807.24
1022.738	690.51
1022.904	-16.04
1023.07	233.81
1023.237	663.88
1023.403	948.55
1023.569	35.16
1023.735	125.27
1023.902	790.86
1024.068	815.43
1024.234	-134.82
1024.4	149.84
1024.566	559.44
1024.732	661.84
1024.898	31.06
1025.065	-179.88
1025.231	614.73
1025.397	420.17
1025.563	110.93
1025.729	-36.52
1025.895	205.14
1026.061	414.03
1026.227	-134.82
1026.392	131.41
1026.558	803.15
1026.724	790.86
1026.89	69.97
1027.056	158.03
1027.222	512.33
1027.388	577.87
1027.553	86.36
1027.719	-52.91
1027.885	999.75
1028.051	717.13
1028.216	-226.98
1028.382	31.06
1028.548	614.73
1028.713	569.68
1028.879	-186.02
1029.045	170.32
1029.21	846.15
1029.376	737.61
1029.541	8.53
1029.707	49.49
1029.873	721.23
1030.038	745.8
1030.204	-3.75
1030.369	12.63
1030.534	729.42
1030.7	495.95
1030.865	86.36
1031.031	-36.52
1031.196	575.82
1031.361	532.81
1031.527	-69.29
1031.692	-85.67
1031.857	315.73
1032.023	807.24
1032.188	-112.3
1032.353	-16.04
1032.518	887.11
1032.684	532.81
1032.849	-208.55
1033.014	18.77
1033.179	469.33
1033.344	495.95
1033.509	69.97
1033.674	-79.53
1033.839	684.36
1034.004	616.78
1034.17	26.96
1034.335	-247.46
1034.5	487.76
1034.664	407.89
1034.829	-36.52
1034.994	110.93
1035.159	385.36
1035.324	563.53
1035.489	76.12
1035.654	-190.12
1035.819	1216.83
1035.984	559.44
1036.148	51.54
1036.313	-61.1
1036.478	780.62
1036.643	489.81
1036.807	-87.72
1036.972	-204.46
1037.137	1093.96
1037.301	473.42
1037.466	-313
1037.631	94.55
1037.795	545.1
1037.96	418.13
1038.124	217.43
1038.289	-204.46
1038.454	512.33
1038.618	639.31
1038.783	55.64
1038.947	10.58
1039.111	362.83
1039.276	489.81
1039.44	-36.52
1039.605	786.76
1039.769	438.61
1039.933	493.9
1040.098	39.25
1040.262	254.29
1040.426	725.32
1040.591	487.76
1040.755	-202.41
1040.919	-91.82
1041.083	801.1
1041.248	409.94
1041.412	-341.67
1041.576	-85.67
1041.74	498
1041.904	561.48
1042.068	-155.3
1042.232	49.49
1042.397	883.02
1042.561	487.76
1042.725	-394.92
1042.889	-30.38
1043.053	522.57
1043.217	442.7
1043.381	-50.86
1043.544	-315.05
1043.708	627.02
1043.872	391.5
1044.036	-413.35
1044.2	-351.91
1044.364	807.24
1044.528	627.02
1044.691	4948.23
1044.855	-173.74
1045.019	594.25
1045.183	561.48
1045.346	-44.71
1045.51	-249.51
1045.674	588.11
1045.837	510.29
1046.001	-138.92
1046.165	-5.8
1046.328	1059.14
1046.492	354.64
1046.655	147.8
1046.819	6.49
1046.983	448.85
1047.146	350.54
1047.31	24.92
1047.473	-413.35
1047.636	414.03
1047.8	348.5
1047.963	-87.72
1048.127	-298.66
1048.29	213.33
