345.52	-1336.3
345.736	-1336.3
345.952	-1336.3
346.168	-1293.29
346.384	-1371.12
346.6	-271.36
346.816	-240.64
347.032	-175.1
347.248	537.59
347.464	-322.56
347.68	-234.49
347.896	-19.46
348.112	338.94
348.328	-115.71
348.544	11.26
348.76	228.35
348.975	263.16
349.191	-412.67
349.407	-410.62
349.623	250.88
349.839	154.62
350.055	-193.53
350.27	27.65
350.486	148.48
350.702	238.59
350.918	359.42
351.133	-111.61
351.349	148.48
351.565	472.06
351.781	-349.18
351.996	-39.94
352.212	179.2
352.428	150.53
352.644	-402.43
352.859	-295.93
353.075	373.75
353.291	101.37
353.506	-195.58
353.722	-388.09
353.938	5.12
354.153	545.78
354.369	224.25
354.584	-285.69
354.8	293.88
355.016	-193.53
355.231	-383.99
355.447	-39.94
355.662	367.61
355.878	795.64
356.093	-490.49
356.309	41.98
356.524	-173.05
356.74	502.78
356.955	-461.82
357.171	-140.29
357.386	250.88
357.602	-156.67
357.817	-140.29
358.033	-177.15
358.248	367.61
358.464	351.23
358.679	-232.44
358.895	-429.05
359.11	140.29
359.325	95.23
359.541	451.58
359.756	-5.12
359.972	-179.2
360.187	556.02
360.402	-340.99
360.618	-224.25
360.833	1614.82
361.048	152.57
361.264	-220.16
361.479	-148.48
361.694	177.15
361.909	297.98
362.125	-369.66
362.34	-187.39
362.555	312.32
362.77	230.4
362.986	-406.52
363.201	-238.59
363.416	177.15
363.631	56.32
363.847	-322.56
364.062	-257.02
364.277	158.72
364.492	31.74
364.707	-228.35
364.922	-463.86
365.138	295.93
365.353	420.86
365.568	-459.77
365.783	-203.77
365.998	345.08
366.213	629.75
366.428	-324.6
366.643	132.09
366.858	211.96
367.073	304.12
367.288	-148.48
367.503	-322.56
367.718	44.03
367.933	465.91
368.148	-304.12
368.363	-52.22
368.578	300.03
368.793	467.96
369.008	-119.81
369.223	-418.81
369.438	355.32
369.653	314.36
369.868	-347.13
370.083	-322.56
370.298	263.16
370.513	455.67
370.728	107.52
370.943	-265.21
371.157	-27.65
371.372	775.16
371.587	-375.8
371.802	-336.89
372.017	152.57
372.232	531.45
372.446	-97.28
372.661	-232.44
372.876	203.77
373.091	308.22
373.306	-84.99
373.52	-412.67
373.735	74.75
373.95	658.42
374.165	-283.64
374.379	-177.15
374.594	23.55
374.809	445.43
375.023	41.98
375.238	-369.66
375.453	338.94
375.667	-25.6
375.882	-267.26
376.097	-343.03
376.311	91.13
376.526	351.23
376.741	-324.6
376.955	248.83
377.17	515.06
377.384	969.71
377.599	54.27
377.813	-478.2
378.028	799.73
378.242	297.98
378.457	-105.47
378.672	-422.91
378.886	17.41
379.101	156.67
379.315	-437.24
379.53	-175.1
379.744	373.75
379.958	328.7
380.173	-211.96
380.387	-375.8
380.602	470.01
380.816	-5.12
381.031	-84.99
381.245	-257.02
381.459	250.88
381.674	3072.98
381.888	-427
382.103	228.35
382.317	91.13
382.531	435.19
382.746	-64.51
382.96	-310.27
383.174	107.52
383.388	683
383.603	93.18
383.817	-355.32
384.031	199.68
384.246	439.29
384.46	3.07
384.674	734.2
384.888	-41.98
385.103	275.45
385.317	-410.62
385.531	117.76
385.745	830.45
385.959	359.42
386.174	-330.75
386.388	-324.6
386.602	132.09
386.816	148.48
387.03	-125.95
387.244	-99.33
387.458	277.5
387.672	422.91
387.887	-445.43
388.101	-242.68
388.315	332.79
388.529	205.82
388.743	-285.69
388.957	-361.47
389.171	519.16
389.385	35.84
389.599	-308.22
389.813	-62.46
390.027	207.87
390.241	789.49
390.455	-220.16
390.669	-146.43
390.883	111.61
391.097	539.64
391.311	150.53
391.525	-148.48
391.738	455.67
391.952	496.63
392.166	-11.26
392.38	-361.47
392.594	390.14
392.808	392.19
393.022	-160.77
393.236	-93.18
393.449	281.6
393.663	549.88
393.877	-273.4
394.091	-72.7
394.305	125.95
394.518	148.48
394.732	-302.08
394.946	-121.85
395.16	756.72
395.373	156.67
395.587	-236.54
395.801	-261.12
396.015	492.54
396.228	390.14
396.442	-328.7
396.656	-402.43
396.869	398.33
397.083	857.07
397.297	-50.18
397.51	-140.29
397.724	283.64
397.938	336.89
398.151	-347.13
398.365	-338.94
398.578	406.52
398.792	519.16
399.005	95.23
399.219	-273.4
399.433	338.94
399.646	521.21
399.86	99.33
400.073	189.44
400.287	365.56
400.5	361.47
400.714	154.62
400.927	-82.94
401.141	527.35
401.354	1856.48
401.567	627.7
401.781	-244.73
401.994	351.23
402.208	762.87
402.421	-19.46
402.635	-103.42
402.848	48.13
403.061	418.81
403.275	-15.36
403.488	-228.35
403.701	568.31
403.915	674.81
404.128	111.61
404.341	-80.89
404.555	715.77
404.768	58.37
404.981	119.81
405.195	-87.04
405.408	461.82
405.621	410.62
405.834	193.53
406.048	-330.75
406.261	566.26
406.474	545.78
406.687	-160.77
406.9	-31.74
407.114	412.67
407.327	652.28
407.54	-279.55
407.753	-343.03
407.966	158.72
408.179	355.32
408.392	-142.33
408.605	-326.65
408.819	383.99
409.032	535.54
409.245	-76.8
409.458	175.1
409.671	361.47
409.884	445.43
410.097	-271.36
410.31	205.82
410.523	726
410.736	207.87
410.949	-11.26
411.162	-125.95
411.375	553.98
411.588	451.58
411.801	87.04
412.014	-160.77
412.227	138.24
412.44	394.23
412.653	-103.42
412.865	269.31
413.078	564.22
413.291	523.26
413.504	66.56
413.717	-171.01
413.93	695.29
414.143	156.67
414.356	-21.5
414.568	-324.6
414.781	510.97
414.994	439.29
415.207	105.47
415.42	64.51
415.632	443.39
415.845	861.17
416.058	-240.64
416.271	-136.19
416.483	467.96
416.696	754.68
416.909	-3.07
417.121	-105.47
417.334	295.93
417.547	627.7
417.759	-150.53
417.972	-105.47
418.185	293.88
418.397	435.19
418.61	-93.18
418.823	-142.33
419.035	721.91
419.248	461.82
419.46	5.12
419.673	111.61
419.885	228.35
420.098	400.38
420.311	-97.28
420.523	-383.99
420.736	535.54
420.948	465.91
421.161	-89.09
421.373	-281.6
421.586	160.77
421.798	136.19
422.01	-269.31
422.223	279.55
422.435	166.91
422.648	715.77
422.86	13.31
423.073	31.74
423.285	451.58
423.497	189.44
423.71	-119.81
423.922	-93.18
424.134	744.44
424.347	850.93
424.559	273.4
424.771	459.77
424.984	629.75
425.196	492.54
425.408	-238.59
425.621	-68.61
425.833	566.26
426.045	836.6
426.257	-187.39
426.47	46.08
426.682	330.75
426.894	390.14
427.106	-105.47
427.318	97.28
427.531	455.67
427.743	392.19
427.955	87.04
428.167	689.14
428.379	367.61
428.591	285.69
428.804	171.01
429.016	-68.61
429.228	508.92
429.44	547.83
429.652	13853.48
429.864	-179.2
430.076	435.19
430.288	498.68
430.5	173.05
430.712	158.72
430.924	674.81
431.136	652.28
431.348	-62.46
431.56	-7.17
431.772	248.83
431.984	254.97
432.196	-140.29
432.408	-9.22
432.62	453.63
432.832	660.47
433.044	410.62
433.256	181.25
433.468	662.52
433.679	183.29
433.891	-119.81
434.103	318.46
434.315	1020.91
434.527	633.85
434.739	218.11
434.95	148.48
435.162	560.12
435.374	254.97
435.586	246.78
435.798	109.57
436.009	422.91
436.221	375.8
436.433	187.39
436.645	60.42
436.856	441.34
437.068	850.93
437.28	82.94
437.491	500.73
437.703	789.49
437.915	539.64
438.126	52.22
438.338	689.14
438.55	457.72
438.761	582.65
438.973	76.8
439.184	263.16
439.396	500.73
439.608	574.46
439.819	1.02
440.031	242.68
440.242	748.53
440.454	623.61
440.665	291.84
440.877	386.04
441.088	842.74
441.3	652.28
441.511	-46.08
441.723	142.33
441.934	926.71
442.146	766.96
442.357	408.57
442.569	787.44
442.78	783.35
442.991	1278.96
443.203	691.19
443.414	205.82
443.626	992.24
443.837	615.41
444.048	91.13
444.26	27.65
444.471	818.16
444.682	676.85
444.894	111.61
445.105	93.18
445.316	879.6
445.528	795.64
445.739	427
445.95	310.27
446.161	617.46
446.373	746.48
446.584	347.13
446.795	152.57
447.006	936.95
447.217	955.38
447.429	185.34
447.64	41.98
447.851	1506.28
448.062	947.19
448.273	80.89
448.484	193.53
448.695	846.84
448.907	930.8
449.118	361.47
449.329	642.04
449.54	553.98
449.751	592.89
449.962	250.88
450.173	259.07
450.384	904.18
450.595	1072.11
450.806	195.58
451.017	404.47
451.228	1061.87
451.439	959.47
451.65	394.23
451.861	-72.7
452.072	631.8
452.283	836.6
452.494	478.2
452.705	388.09
452.915	1321.96
453.126	758.77
453.337	527.35
453.548	269.31
453.759	1301.48
453.97	1203.18
454.181	990.19
454.391	381.95
454.602	971.76
454.813	1262.57
455.024	449.53
455.235	281.6
455.445	1180.65
455.656	887.79
455.867	750.58
456.078	404.47
456.288	707.57
456.499	1121.26
456.71	394.23
456.921	766.96
457.131	924.66
457.342	873.46
457.553	498.68
457.763	547.83
457.974	891.89
458.184	1068.02
458.395	435.19
458.606	365.56
458.816	1289.2
459.027	1287.15
459.237	758.77
459.448	486.39
459.659	1158.13
459.869	1993.7
460.08	283.64
460.29	668.66
460.501	1299.44
460.711	1000.43
460.922	283.64
461.132	506.87
461.343	1879.01
461.553	916.47
461.764	353.27
461.974	617.46
462.184	1274.86
462.395	1436.65
462.605	627.7
462.816	398.33
463.026	1248.24
463.236	1262.57
463.447	539.64
463.657	615.41
463.867	1340.4
464.078	1027.06
464.288	656.37
464.498	635.89
464.709	1213.42
464.919	1242.09
465.129	791.54
465.339	533.5
465.55	1238
465.76	1516.52
465.97	746.48
466.18	762.87
466.391	1440.75
466.601	1326.06
466.811	760.82
467.021	558.07
467.231	1508.33
467.441	1539.05
467.651	848.88
467.862	492.54
468.072	1262.57
468.282	1379.31
468.492	717.81
468.702	973.81
468.912	1555.43
469.122	2098.14
469.332	1238
469.542	809.97
469.752	1905.63
469.962	1444.84
470.172	820.21
470.382	912.37
470.592	1815.52
470.802	1534.95
471.012	1117.17
471.222	963.57
471.432	1518.57
471.642	1803.24
471.852	1170.41
472.062	918.51
472.272	1557.48
472.482	1412.07
472.691	1010.67
472.901	889.84
473.111	1491.95
473.321	2147.3
473.531	1029.1
473.741	1242.09
473.95	1743.85
474.16	1739.75
474.37	1360.88
474.58	1061.87
474.79	2313.18
474.999	1725.41
475.209	1346.54
475.419	1389.55
475.628	1956.83
475.838	2302.94
476.048	1610.73
476.258	1131.5
476.467	2229.21
476.677	1770.47
476.886	1881.06
477.096	1512.42
477.306	1950.69
477.515	2104.29
477.725	1721.32
477.935	1770.47
478.144	2626.52
478.354	2016.23
478.563	1604.58
478.773	1463.27
478.982	2333.66
479.192	2321.37
479.401	1819.62
479.611	1635.3
479.82	1936.35
480.03	2317.28
480.239	1623.02
480.449	1575.91
480.658	2495.45
480.868	2388.96
481.077	1995.75
481.287	1891.3
481.496	2423.77
481.705	2692.05
481.915	2317.28
482.124	2214.88
482.333	2413.53
482.543	3015.63
482.752	2417.63
482.961	1958.88
483.171	2638.81
483.38	2421.72
483.589	2139.1
483.799	1993.7
484.008	2647
484.217	2513.88
484.426	2292.7
484.636	2112.48
484.845	2925.52
485.054	2397.15
485.263	2720.73
485.472	2251.74
485.682	2948.05
485.891	2710.49
486.1	2180.06
486.309	2210.78
486.518	3144.66
486.727	3750.85
486.936	2255.84
487.146	2595.8
487.355	3259.34
487.564	2913.24
487.773	2528.22
487.982	2540.51
488.191	2868.18
488.4	3187.66
488.609	2628.57
488.818	2544.6
489.027	3365.84
489.236	3476.43
489.445	2581.46
489.654	2462.68
489.863	3501
490.072	2993.11
490.281	3242.96
490.49	2851.8
490.698	3566.54
490.907	3795.91
491.116	2792.41
491.325	2683.86
491.534	3537.87
491.743	3371.98
491.952	3036.11
492.16	3036.11
492.369	3783.62
492.578	3677.13
492.787	2978.77
492.996	2790.36
493.204	3337.17
493.413	3736.52
493.622	2675.67
493.831	2667.48
494.039	3869.64
494.248	3263.44
494.457	2896.85
494.665	2835.41
494.874	3775.43
495.083	4400.06
495.291	3044.31
495.5	3113.94
495.709	3959.75
495.917	3879.88
496.126	3369.93
496.335	3085.26
496.543	3589.07
496.752	3728.33
496.96	3722.18
497.169	3193.81
497.377	3853.25
497.586	3941.32
497.794	3417.04
498.003	2968.53
498.211	3783.62
498.42	4031.43
498.628	3460.04
498.837	3285.97
499.045	4031.43
499.254	4000.71
499.462	3376.08
499.671	3331.02
499.879	4907.96
500.087	4291.52
500.296	3331.02
500.504	3466.19
500.713	4197.31
500.921	4645.82
501.129	3529.67
501.338	3437.52
501.546	4193.22
501.754	4076.48
501.962	3658.7
502.171	3484.62
502.379	4289.47
502.587	4547.51
502.795	3677.13
503.004	3531.72
503.212	4414.4
503.42	4455.36
503.628	3924.93
503.837	3912.64
504.045	4346.81
504.253	5008.31
504.461	3718.09
504.669	3535.82
504.877	4916.15
505.085	4494.27
505.294	3550.15
505.502	4123.59
505.71	5022.64
505.918	4432.83
506.126	3791.81
506.334	3726.28
506.542	4582.33
506.75	4531.13
506.958	4193.22
507.166	3986.37
507.374	4307.9
507.582	4993.97
507.79	4193.22
507.998	3982.28
508.206	5008.31
508.414	4803.51
508.622	3926.98
508.83	4043.71
509.037	4576.19
509.245	4266.94
509.453	3949.51
509.661	3924.93
509.869	5010.36
510.077	4572.09
510.285	4424.64
510.492	3849.16
510.7	5297.07
510.908	4678.58
511.116	4283.33
511.324	4242.37
511.531	4643.77
511.739	5151.67
511.947	4379.58
512.155	4629.43
512.362	4883.38
512.57	4522.94
512.778	4035.52
512.985	3998.66
513.193	4910.01
513.401	5137.33
513.608	4441.02
513.816	4422.59
514.024	4961.2
514.231	5104.56
514.439	4498.36
514.646	4285.37
514.854	5374.89
515.061	5149.62
515.269	4428.73
515.477	4508.6
515.684	5016.5
515.892	5252.02
516.099	4234.18
516.307	4262.85
516.514	5362.61
516.722	5548.97
516.929	4651.96
517.136	4459.45
517.344	5411.76
517.551	5450.67
517.759	4512.7
517.966	4770.74
518.173	5129.14
518.381	5252.02
518.588	4737.98
518.796	4623.29
519.003	5323.69
519.21	5362.61
519.418	4611
519.625	5247.92
519.832	5206.96
520.039	5475.24
520.247	4420.54
520.454	4821.94
520.661	5338.03
520.868	5510.06
521.076	4623.29
521.283	4869.05
521.49	5858.21
521.697	5393.33
521.904	4973.49
522.112	5079.99
522.319	5677.99
522.526	5555.12
522.733	4930.48
522.94	4938.68
523.147	5620.65
523.354	5551.02
523.561	4877.24
523.768	5239.73
523.975	5944.23
524.183	5598.12
524.39	5288.88
524.597	4844.47
524.804	5419.95
525.011	5473.2
525.218	4983.73
525.425	5030.84
525.632	6204.32
525.838	5825.45
526.045	5133.23
526.252	5329.84
526.459	7426.96
526.666	7521.17
526.873	5137.33
527.08	5174.19
527.287	6067.11
527.494	6015.91
527.701	5147.57
527.907	5350.32
528.114	5823.4
528.321	6149.03
528.528	5321.65
528.735	5262.26
528.941	5856.17
529.148	5688.23
529.355	5559.21
529.562	5305.26
529.768	6710.17
529.975	5985.19
530.182	5557.16
530.388	5323.69
530.595	6202.27
530.802	5847.97
531.008	5886.89
531.215	5577.64
531.422	7119.76
531.628	6814.62
531.835	5669.8
532.042	5614.51
532.248	6249.38
532.455	6407.07
532.661	5671.85
532.868	5620.65
533.074	6431.65
533.281	6599.58
533.487	5698.47
533.694	5649.32
533.9	6218.66
534.107	6222.75
534.313	5729.19
534.52	5544.88
534.726	6415.26
534.933	6792.09
535.139	5653.42
535.345	5659.56
535.552	6716.31
535.758	6943.64
535.965	5776.3
536.171	5819.3
536.377	6583.2
536.584	7160.72
536.79	5987.24
536.996	6169.51
537.203	6714.27
537.409	6775.7
537.615	5997.48
537.821	6097.83
538.028	6861.72
538.234	6763.42
538.44	6083.49
538.646	6206.37
538.853	6484.89
539.059	6593.44
539.265	6683.55
539.471	5845.93
539.677	7031.7
539.883	6755.22
540.09	7938.95
540.296	6976.41
540.502	6841.24
540.708	6732.7
540.914	6753.18
541.12	6218.66
541.326	7013.27
541.532	6839.19
541.738	6577.05
541.944	6480.8
542.15	7123.86
542.356	6753.18
542.562	6185.89
542.768	6435.74
542.974	7156.63
543.18	7244.69
543.386	6427.55
543.592	6155.17
543.798	7893.9
544.004	7277.46
544.21	6230.94
544.415	6730.65
544.621	7263.12
544.827	7840.65
545.033	6458.27
545.239	7041.94
545.445	7050.13
545.651	7320.46
545.856	6640.54
546.062	6521.76
546.268	7226.26
546.474	7426.96
546.679	6773.66
546.885	6671.26
547.091	7115.67
547.297	7826.31
547.502	6769.56
547.708	6638.49
547.914	7068.56
548.119	7654.28
548.325	6607.77
548.531	6587.29
548.736	7873.42
548.942	7183.25
549.147	6759.32
549.353	7070.61
549.559	7764.87
549.764	7408.53
549.97	6605.72
550.175	6984.6
550.381	7594.89
550.586	7023.51
550.792	6904.73
550.997	6949.78
551.203	7725.96
551.408	7611.28
551.614	6841.24
551.819	6917.01
552.025	8020.87
552.23	7695.24
552.435	6747.03
552.641	7439.25
552.846	7582.6
553.052	8088.45
553.257	7381.9
553.462	6939.54
553.668	7594.89
553.873	7631.76
554.078	7107.48
554.283	7216.02
554.489	8049.54
554.694	7709.58
554.899	6785.94
555.105	7369.62
555.31	7969.67
555.515	8039.3
555.72	7082.9
555.925	8541.05
556.131	8010.63
556.336	7928.71
556.541	7220.11
556.746	6861.72
556.951	8203.14
557.156	7938.95
557.361	7392.14
557.567	7558.03
557.772	8295.3
557.977	8119.17
558.182	7433.1
558.387	7195.54
558.592	7746.44
558.797	8479.61
559.002	7416.72
559.207	7461.77
559.412	8164.23
559.617	8504.19
559.822	7355.28
560.027	7099.28
560.232	7795.59
560.437	8299.39
560.642	7197.59
560.847	7521.17
561.051	7902.09
561.256	8340.35
561.461	7574.41
561.666	7424.91
561.871	7957.38
562.076	8375.17
562.281	7547.79
562.485	7424.91
562.69	8227.71
562.895	8070.02
563.1	7699.34
563.305	7396.24
563.509	8434.56
563.714	8680.32
563.919	7650.19
564.123	7781.26
564.328	8237.95
564.533	8858.49
564.737	7685
564.942	7437.2
565.147	8635.26
565.351	8545.15
565.556	7754.63
565.761	7828.36
565.965	8539.01
566.17	8151.94
566.374	7875.46
566.579	7799.69
566.784	8608.64
566.988	8317.83
567.193	7738.25
567.397	7934.85
567.602	8340.35
567.806	8512.38
568.011	7902.09
568.215	7975.81
568.42	8518.53
568.624	8663.93
568.828	8045.45
569.033	8176.52
569.237	8864.63
569.442	8586.11
569.646	7717.77
569.85	8160.13
570.055	8668.03
570.259	8610.68
570.463	8463.23
570.668	8174.47
570.872	8717.18
571.076	8610.68
571.281	8229.76
571.485	8196.99
571.689	8717.18
571.893	8973.18
572.098	8438.66
572.302	8004.49
572.506	8739.71
572.71	8887.16
572.914	8178.56
573.119	8168.32
573.323	8878.97
573.527	9106.29
573.731	8287.11
573.935	8072.07
574.139	8932.22
574.343	8545.15
574.547	8303.49
574.751	8266.63
574.955	9100.15
575.159	8987.51
575.364	8076.16
575.568	8362.88
575.772	8807.29
575.976	9173.88
576.18	8143.75
576.383	8190.85
576.587	9278.32
576.791	9069.43
576.995	8065.92
577.199	8291.2
577.403	8735.61
577.607	9237.36
577.811	8565.63
578.015	8606.59
578.219	8977.27
578.422	9003.89
578.626	8500.09
578.83	8711.04
579.034	9427.82
579.238	9096.05
579.442	8455.04
579.645	9143.16
579.849	9180.02
580.053	9489.26
580.257	8694.65
580.46	8663.93
580.664	9462.64
580.868	9171.83
581.071	8895.35
581.275	8760.19
581.479	8747.9
581.682	9505.65
581.886	8559.49
582.09	8770.43
582.293	9511.79
582.497	9309.04
582.7	8903.54
582.904	8797.05
583.107	9560.94
583.311	9304.95
583.515	8881.02
583.718	8860.54
583.922	9773.93
584.125	10156.9
584.329	8721.27
584.532	9016.18
584.735	9708.4
584.939	9499.5
585.142	8835.96
585.346	8827.77
585.549	9597.81
585.753	9552.75
585.956	8950.65
586.159	9247.6
586.363	9786.22
586.566	9536.37
586.769	9128.82
586.973	8993.65
587.176	9646.96
587.379	9571.18
587.582	9225.08
587.786	9472.88
587.989	10060.65
588.192	10822.49
588.395	9376.62
588.599	9663.34
588.802	9661.29
589.005	9995.11
589.208	9159.54
589.411	9046.9
589.615	9540.46
589.818	10294.11
590.021	9726.83
590.224	9292.66
590.427	10382.18
590.63	9872.23
590.833	9020.28
591.036	9163.64
591.239	9956.2
591.442	9780.07
591.645	9601.9
591.848	9552.75
592.051	9976.68
592.254	9866.09
592.457	9472.88
592.66	9479.02
592.863	10195.81
593.066	10312.55
593.269	9243.51
593.472	9272.18
593.675	9931.62
593.878	9939.82
594.081	9825.13
594.284	9393.01
594.486	10173.28
594.689	10320.74
594.892	9782.12
595.095	9644.91
595.298	10212.2
595.5	9876.33
595.703	9853.8
595.906	9913.19
596.109	10326.88
596.311	10240.87
596.514	9309.04
596.717	9673.58
596.92	10326.88
597.122	10546.02
597.325	9360.24
597.528	9503.6
597.73	10853.21
597.933	10507.1
598.136	9808.75
598.338	9524.08
598.541	10838.87
598.743	10732.38
598.946	9792.36
599.148	9778.03
599.351	10765.15
599.554	10330.98
599.756	9968.49
599.959	9986.92
600.161	10683.23
600.363	10957.66
600.566	10146.66
600.768	9925.48
600.971	10890.07
601.173	10484.58
601.376	9937.77
601.578	9939.82
601.78	10576.73
601.983	11303.76
602.185	9970.54
602.388	10439.52
602.59	10877.79
602.792	10494.82
602.995	10249.06
603.197	10095.46
603.399	10740.57
603.601	10926.94
603.804	9845.61
604.006	9948.01
604.208	10513.25
604.41	10197.86
604.613	10472.29
604.815	9835.37
605.017	11131.73
605.219	10550.11
605.421	10937.18
605.623	10064.74
605.826	10994.52
606.028	11420.5
606.23	10316.64
606.432	10163.04
606.634	10806.11
606.836	10967.9
607.038	10074.98
607.24	10462.05
607.442	10877.79
607.644	10703.71
607.846	10306.4
608.048	10068.84
608.25	11176.79
608.452	10730.33
608.654	10353.51
608.856	9927.53
609.058	10478.43
609.26	11078.49
609.462	10437.47
609.664	10439.52
609.866	11154.26
610.067	11039.58
610.269	10441.57
610.471	10406.75
610.673	10818.39
610.875	10988.38
611.077	10267.49
611.278	10281.83
611.48	11021.14
611.682	11264.85
611.884	10435.42
612.085	10412.9
612.287	10867.55
612.489	10720.09
612.69	10179.43
612.892	10314.59
613.094	11469.65
613.295	10933.08
613.497	10218.34
613.699	10621.79
613.9	11381.59
614.102	11131.73
614.304	10478.43
614.505	10478.43
614.707	10951.51
614.908	11117.4
615.11	10306.4
615.311	10568.54
615.513	11103.06
615.714	10861.4
615.916	10396.51
616.117	10900.31
616.319	11080.53
616.52	11281.24
616.722	10435.42
616.923	10556.25
617.124	11361.11
617.326	11094.87
617.527	10711.9
617.729	10959.7
617.93	11146.07
618.131	11232.08
618.333	10498.91
618.534	10523.49
618.735	11483.98
618.937	11187.03
619.138	10384.23
619.339	10240.87
619.54	11262.8
619.742	11103.06
619.943	10795.87
620.144	10681.18
620.345	11443.03
620.546	11160.41
620.748	10503.01
620.949	10466.14
621.15	11465.55
621.351	11338.58
621.552	10490.72
621.753	10552.16
621.954	10996.57
622.155	11727.69
622.356	10525.54
622.558	10986.33
622.759	11424.59
622.96	11635.53
623.161	10691.42
623.362	10812.25
623.563	11545.42
623.764	11154.26
623.965	10599.26
624.166	10865.5
624.366	10939.23
624.567	11457.36
624.768	10318.69
624.969	10773.34
625.17	11002.71
625.371	11219.8
625.572	11025.24
625.773	10660.7
625.973	11385.68
626.174	11328.34
626.375	10906.46
626.576	10937.18
626.777	11400.02
626.977	11836.24
627.178	11072.34
627.379	10773.34
627.58	11254.61
627.78	11305.81
627.981	10789.72
628.182	11127.64
628.382	11467.6
628.583	10799.96
628.784	10617.69
628.984	10920.79
629.185	11352.91
629.386	11535.18
629.586	10980.18
629.787	10611.55
629.987	11363.15
630.188	11567.95
630.388	10947.42
630.589	11053.91
630.79	11969.35
630.99	11406.16
631.191	11127.64
631.391	11039.58
631.591	11543.38
631.792	11672.4
631.992	10990.42
632.193	11139.93
632.393	11838.28
632.594	11555.66
632.794	11135.83
632.994	11252.56
633.195	11154.26
633.395	11365.2
633.595	10974.04
633.796	11332.44
633.996	11666.25
634.196	11916.11
634.397	10851.16
634.597	11131.73
634.797	11541.33
634.997	11895.63
635.198	11451.22
635.398	10924.89
635.598	11782.99
635.798	11836.24
635.998	11574.1
636.199	10759
636.399	11371.35
636.599	11324.24
636.799	11090.77
636.999	11199.32
637.199	11524.94
637.399	12217.16
637.599	10699.61
637.799	11205.46
637.999	11625.29
638.199	11922.25
638.399	11494.22
638.599	10928.99
638.799	11922.25
638.999	11981.64
639.199	11340.63
639.399	11375.44
639.599	11924.3
639.799	11535.18
639.999	11055.96
640.199	11301.72
640.399	11737.93
640.599	11856.72
640.799	11381.59
640.998	11635.53
641.198	11977.55
641.398	11727.69
641.598	11219.8
641.798	11367.25
641.997	12968.76
642.197	11522.9
642.397	11563.86
642.597	11541.33
642.796	11924.3
642.996	11991.88
643.196	11670.35
643.395	11469.65
643.595	11735.88
643.795	11555.66
643.994	11187.03
644.194	11469.65
644.394	12272.45
644.593	12268.36
644.793	11406.16
644.992	11684.69
645.192	12180.29
645.392	11627.34
645.591	11750.22
645.791	11432.79
645.99	12176.2
646.19	11764.56
646.389	11475.79
646.589	11768.65
646.788	11914.06
646.987	12307.27
647.187	12227.4
647.386	11879.24
647.586	12024.65
647.785	12372.8
647.984	11408.21
648.184	11969.35
648.383	11774.8
648.582	11752.27
648.782	11273.04
648.981	11633.49
649.18	11707.21
649.38	11873.1
649.579	11668.3
649.778	11357.01
649.977	12391.23
650.177	12292.93
650.376	11549.52
650.575	11180.89
650.774	12397.38
650.973	11832.14
651.173	11293.52
651.372	11815.76
651.571	11889.48
651.77	12182.34
651.969	11666.25
652.168	11709.26
652.367	12047.18
652.566	12161.86
652.765	11850.57
652.964	12428.1
653.163	12395.33
653.362	12186.44
653.561	11623.25
653.76	12014.41
653.959	12143.43
654.158	12440.39
654.357	11981.64
654.556	11619.15
654.755	12434.24
654.954	12194.63
655.153	11787.08
655.352	12059.46
655.551	12452.67
655.749	12127.05
655.948	11791.18
656.147	11723.6
656.346	11983.69
656.545	12165.96
656.743	11916.11
656.942	11694.93
657.141	12288.84
657.34	12131.14
657.538	11842.38
657.737	11813.71
657.936	12407.62
658.135	12102.47
658.333	12030.79
658.532	12198.73
658.731	12522.3
658.929	12417.86
659.128	12350.28
659.326	11631.44
659.525	12741.44
659.724	12311.36
659.922	11551.57
660.121	11823.95
660.319	12292.93
660.518	12073.8
660.716	12018.5
660.915	11725.65
661.113	12727.1
661.312	12045.13
661.51	12159.81
661.709	11580.24
661.907	12303.17
662.105	12630.85
662.304	11656.01
662.502	12157.77
662.701	12489.54
662.899	12417.86
663.097	12636.99
663.296	12071.75
663.494	12905.28
663.692	12596.03
663.891	11793.23
664.089	11858.76
664.287	12403.52
664.485	12413.76
664.684	11920.2
664.882	12284.74
665.08	12383.04
665.278	12657.47
665.476	11871.05
665.675	12297.03
665.873	12727.1
666.071	12540.74
666.269	11854.67
666.467	12290.88
666.665	12520.26
666.863	12325.7
667.061	12008.26
667.259	12045.13
667.457	12190.53
667.655	12372.8
667.853	11862.86
668.051	12274.5
668.249	12237.64
668.447	12622.66
668.645	11807.56
668.843	12081.99
669.041	12245.83
669.239	12172.1
669.437	12034.89
669.635	12145.48
669.833	12647.23
670.031	12397.38
670.229	12024.65
670.426	12053.32
670.624	12129.09
670.822	12194.63
671.02	11912.01
671.218	12151.62
671.415	12043.08
671.613	12235.59
671.811	12051.27
672.009	12165.96
672.206	12565.31
672.404	12399.43
672.602	12233.54
672.799	11914.06
672.997	12530.5
673.195	12540.74
673.392	11985.74
673.59	11709.26
673.788	12407.62
673.985	11756.36
674.183	12110.66
674.38	11772.75
674.578	12657.47
674.775	12284.74
674.973	11780.94
675.17	12049.22
675.368	12759.87
675.565	12319.56
675.763	12254.02
675.96	12041.03
676.158	12284.74
676.355	12321.6
676.553	11770.7
676.75	11762.51
676.947	12139.33
677.145	12407.62
677.342	12188.49
677.539	12032.84
677.737	12567.36
677.934	12766.01
678.131	11895.63
678.329	11838.28
678.526	12874.56
678.723	12460.87
678.92	11946.83
679.118	11752.27
679.315	11977.55
679.512	12188.49
679.709	11893.58
679.906	11885.39
680.104	12520.26
680.301	12249.93
680.498	11547.47
680.695	11664.21
680.892	12131.14
681.089	12264.26
681.286	11838.28
681.483	11395.92
681.68	12157.77
681.877	12434.24
682.075	12141.38
682.272	12239.69
682.469	12243.78
682.665	12495.68
682.862	11780.94
683.059	11715.41
683.256	12331.84
683.453	12393.28
683.65	11817.8
683.847	11897.67
684.044	12440.39
684.241	11895.63
684.438	11924.3
684.635	11443.03
684.831	12546.88
685.028	12483.39
685.225	11674.45
685.422	12186.44
685.619	12213.06
685.815	12075.85
686.012	11780.94
686.209	11713.36
686.405	11920.2
686.602	12163.91
686.799	11361.11
686.996	11731.79
687.192	11850.57
687.389	12774.21
687.586	11481.94
687.782	11529.04
687.979	12585.79
688.175	12237.64
688.372	11510.61
688.568	11717.45
688.765	11766.6
688.962	12290.88
689.158	11875.15
689.355	11426.64
689.551	12163.91
689.748	12071.75
689.944	11692.88
690.14	11711.31
690.337	12231.49
690.533	12225.35
690.73	11864.91
690.926	11674.45
691.123	11993.93
691.319	12030.79
691.515	11367.25
691.712	11856.72
691.908	12036.94
692.104	11940.68
692.301	11887.43
692.497	11373.39
692.693	12196.68
692.889	11909.96
693.086	11653.97
693.282	11248.47
693.478	12145.48
693.674	12471.11
693.87	11526.99
694.067	11311.96
694.263	12131.14
694.459	12006.22
694.655	11764.56
694.851	11578.19
695.047	12188.49
695.243	12165.96
695.439	11885.39
695.635	11711.31
695.831	12018.5
696.027	11912.01
696.224	11172.69
696.42	11838.28
696.615	12077.9
696.811	12219.21
697.007	11082.58
697.203	11234.13
697.399	11748.17
697.595	11879.24
697.791	11277.14
697.987	11412.31
698.183	11780.94
698.379	11461.46
698.575	11277.14
698.77	11371.35
698.966	11952.97
699.162	11875.15
699.358	11428.69
699.554	11510.61
699.749	11963.21
699.945	11780.94
700.141	11514.7
700.337	11561.81
700.532	11314
700.728	11500.37
700.924	11268.95
701.119	11275.09
701.315	11778.89
701.511	11488.08
701.706	11473.74
701.902	11027.29
702.097	11746.12
702.293	11731.79
702.489	11285.33
702.684	11275.09
702.88	11995.98
703.075	11707.21
703.271	11477.84
703.466	11187.03
703.662	11471.7
703.857	11613.01
704.053	11184.98
704.248	11420.5
704.443	11930.44
704.639	11817.8
704.834	11318.1
705.03	11285.33
705.225	11633.49
705.42	11891.53
705.616	11385.68
705.811	11248.47
706.006	11658.06
706.202	11674.45
706.397	11443.03
706.592	10933.08
706.787	11785.04
706.983	11508.56
707.178	11909.96
707.373	11275.09
707.568	11877.19
707.763	11864.91
707.959	11264.85
708.154	11389.78
708.349	11572.05
708.544	11885.39
708.739	11424.59
708.934	11101.01
709.129	11737.93
709.324	11875.15
709.519	11197.27
709.714	11158.36
709.909	11866.95
710.104	11813.71
710.299	11064.15
710.494	11268.95
710.689	11881.29
710.884	11633.49
711.079	11297.62
711.274	11377.49
711.469	11707.21
711.664	11858.76
711.859	11080.53
712.054	11234.13
712.249	11776.84
712.443	11449.17
712.638	11072.34
712.833	10787.68
713.028	11400.02
713.223	11004.76
713.417	11357.01
713.612	11047.77
713.807	11821.9
714.002	12200.77
714.196	11273.04
714.391	11199.32
714.586	11670.35
714.78	11678.54
714.975	10885.98
715.17	11094.87
715.364	11635.53
715.559	11832.14
715.754	10523.49
715.948	10754.91
716.143	11977.55
716.337	11467.6
716.532	11443.03
716.726	11068.25
716.921	11438.93
717.115	11709.26
717.31	10746.72
717.504	12206.92
717.699	11332.44
717.893	11545.42
718.088	10695.52
718.282	10834.78
718.476	11371.35
718.671	11541.33
718.865	10816.35
719.059	10849.11
719.254	11410.26
719.448	11838.28
719.642	13611.82
719.837	10562.4
720.031	13189.94
720.225	11418.45
720.419	10726.24
720.614	10476.38
720.808	11152.21
721.002	11160.41
721.196	10826.59
721.39	10742.62
721.585	11305.81
721.779	11494.22
721.973	10935.13
722.167	10447.71
722.361	10982.23
722.555	11510.61
722.749	10726.24
722.943	10736.48
723.137	10830.68
723.331	11318.1
723.525	10609.5
723.719	10658.65
723.913	11139.93
724.107	11281.24
724.301	10562.4
724.495	10879.83
724.689	11518.8
724.883	11297.62
725.077	10558.3
725.271	10885.98
725.465	11115.35
725.659	10920.79
725.853	10720.09
726.046	10500.96
726.24	10666.85
726.434	11137.88
726.628	10687.32
726.822	10744.67
727.015	11309.91
727.209	11715.41
727.403	10849.11
727.596	10328.93
727.79	11101.01
727.984	11498.32
728.177	10634.08
728.371	10701.66
728.565	11103.06
728.758	10894.17
728.952	10621.79
729.146	10533.73
729.339	11297.62
729.533	11168.6
729.726	10558.3
729.92	10593.12
730.113	11518.8
730.307	11178.84
730.5	10787.68
730.694	10498.91
730.887	10898.27
731.081	11258.71
731.274	10517.34
731.468	10642.27
731.661	11025.24
731.854	10781.53
732.048	10636.13
732.241	10361.7
732.435	10949.46
732.628	11035.48
732.821	10597.21
733.014	10656.61
733.208	10955.61
733.401	11230.04
733.594	10505.06
733.788	10343.27
733.981	10974.04
734.174	11160.41
734.367	10576.73
734.56	10859.35
734.754	11414.35
734.947	10928.99
735.14	10271.59
735.333	10412.9
735.526	11430.74
735.719	10814.3
735.912	10412.9
736.105	10582.88
736.298	11197.27
736.491	11037.53
736.684	10576.73
736.877	10462.05
737.07	11451.22
737.263	11672.4
737.456	10525.54
737.649	10457.95
737.842	11254.61
738.035	11217.75
738.228	10724.19
738.421	10918.75
738.614	11397.97
738.807	11330.39
739	10326.88
739.192	10619.74
739.385	11092.82
739.578	10953.56
739.771	11037.53
739.964	10349.41
740.156	11377.49
740.349	11027.29
740.542	10965.85
740.735	10136.42
740.927	10576.73
741.12	10826.59
741.313	10421.09
741.505	10640.22
741.698	11092.82
741.891	11094.87
742.083	10517.34
742.276	10488.67
742.468	11424.59
742.661	11070.3
742.854	10492.77
743.046	10496.86
743.239	11074.39
743.431	11027.29
743.624	10281.83
743.816	10290.02
744.009	10861.4
744.201	10912.6
744.393	10685.28
744.586	10247.01
744.778	11088.73
744.971	10888.03
745.163	10337.12
745.355	10509.15
745.548	10775.39
745.74	11008.86
745.932	10404.71
746.125	10279.78
746.317	11250.52
746.509	10965.85
746.702	10515.3
746.894	10447.71
747.086	10996.57
747.278	11004.76
747.471	10546.02
747.663	10470.24
747.855	10971.99
748.047	11199.32
748.239	10277.73
748.431	10326.88
748.623	11373.39
748.815	10818.39
749.008	10191.72
749.2	10462.05
749.392	10707.8
749.584	11109.21
749.776	10351.46
749.968	10574.69
750.16	11197.27
750.352	10752.86
750.544	10718.04
750.736	9991.02
750.928	10873.69
751.12	11045.72
751.311	10312.55
751.503	10513.25
751.695	10830.68
751.887	10933.08
752.079	10394.47
752.271	10269.54
752.463	11457.36
752.654	10834.78
752.846	10425.18
753.038	10130.28
753.23	10736.48
753.421	10756.96
753.613	10027.88
753.805	10552.16
753.997	10695.52
754.188	11008.86
754.38	10068.84
754.572	10136.42
754.763	10457.95
754.955	10654.56
755.146	10261.35
755.338	10148.71
755.53	10949.46
755.721	10607.45
755.913	10105.7
756.104	10013.54
756.296	10462.05
756.487	10828.63
756.679	9980.78
756.87	9905
757.062	10351.46
757.253	10451.81
757.445	10070.89
757.636	10392.42
757.827	10619.74
758.019	11223.89
758.21	10161
758.401	9892.71
758.593	11015
758.784	10740.57
758.975	9562.99
759.167	9775.98
759.358	10437.47
759.549	10716
759.74	9827.18
759.932	9855.85
760.123	10384.23
760.314	10570.59
760.505	10052.45
760.696	10085.22
760.888	10670.94
761.079	10478.43
761.27	9796.46
761.461	9546.61
761.652	10519.39
761.843	10232.68
762.034	9859.95
762.225	10480.48
762.416	10304.35
762.607	10240.87
762.798	9681.77
762.989	9888.62
763.18	11420.5
763.371	10550.11
763.562	9583.47
763.753	9939.82
763.944	10355.55
764.135	10206.05
764.326	10054.5
764.517	9620.33
764.708	10150.76
764.899	10271.59
765.089	9603.95
765.28	9587.57
765.471	9995.11
765.662	10232.68
765.853	9593.71
766.043	9634.67
766.234	10279.78
766.425	10036.07
766.615	9651.05
766.806	9333.62
766.997	10009.45
767.187	9999.21
767.378	9452.4
767.569	9386.86
767.759	9855.85
767.95	9720.68
768.141	9577.33
768.331	9341.81
768.522	10161
768.712	10091.37
768.903	9397.1
769.093	9282.42
769.284	10109.8
769.474	9915.24
769.665	9329.52
769.855	9114.48
770.046	10232.68
770.236	9849.71
770.426	9243.51
770.617	9315.19
770.807	9581.42
770.998	10308.45
771.188	9425.78
771.378	9302.9
771.569	9927.53
771.759	9794.41
771.949	9010.04
772.139	8868.73
772.33	9712.49
772.52	9767.79
772.71	8956.79
772.9	8895.35
773.09	9775.98
773.281	10117.99
773.471	9065.33
773.661	9126.77
773.851	9495.41
774.041	9606
774.231	8905.59
774.421	9378.67
774.611	9925.48
774.802	9546.61
774.992	8874.87
775.182	8833.91
775.372	9663.34
775.562	9730.92
775.752	9024.37
775.942	8936.31
776.131	9855.85
776.321	9485.17
776.511	8676.22
776.701	8665.98
776.891	9974.63
777.081	9380.72
777.271	9116.53
777.461	8952.7
777.651	9464.69
777.84	9517.93
778.03	8952.7
778.22	8938.36
778.41	9358.19
778.599	9263.99
778.789	8895.35
778.979	8706.94
779.169	9298.8
779.358	9184.12
779.548	9413.49
779.738	8557.44
779.927	9364.34
780.117	8952.7
780.307	8723.32
780.496	8266.63
780.686	9552.75
780.875	10052.45
781.065	8962.94
781.254	8598.4
781.444	9220.98
781.633	9094.01
781.823	8620.92
782.012	8506.24
782.202	9089.91
782.391	8919.93
782.581	8575.87
782.77	8934.26
782.96	9345.91
783.149	8795
783.338	8444.8
783.528	8303.49
783.717	9302.9
783.906	9630.57
784.096	8506.24
784.285	8438.66
784.474	8981.37
784.663	8807.29
784.853	8244.1
785.042	8545.15
785.231	9012.09
785.42	8895.35
785.61	8590.2
785.799	8561.53
785.988	9227.12
786.177	8862.58
786.366	8364.93
786.555	8979.32
786.744	8958.84
786.933	9126.77
787.122	8307.59
787.312	8143.75
787.501	8629.12
787.69	8932.22
787.879	8233.86
788.068	8201.09
788.257	8702.84
788.445	8829.82
788.634	8534.91
788.823	8211.33
789.012	9247.6
789.201	9143.16
789.39	8153.99
789.579	8465.28
789.768	9040.76
789.957	8807.29
790.145	8186.76
790.334	7889.8
790.523	8459.13
790.712	8592.25
790.9	8252.29
791.089	7963.53
791.278	8924.02
791.467	9001.85
791.655	8690.56
791.844	9071.48
792.033	8878.97
792.221	8584.06
792.41	8115.08
792.599	7721.87
792.787	8692.6
792.976	8751.99
793.164	8100.74
793.353	8002.44
793.541	8842.11
793.73	8991.61
793.918	8264.58
794.107	8057.73
794.295	8819.58
794.484	8711.04
794.672	7981.96
794.861	8086.4
795.049	8721.27
795.238	8797.05
795.426	7996.29
795.614	8199.04
795.803	8809.34
795.991	8881.02
796.179	7955.33
796.368	7637.9
796.556	8725.37
796.744	8463.23
796.932	8047.49
797.121	7846.79
797.309	8405.89
797.497	8639.36
797.685	7924.62
797.874	7795.59
798.062	8526.72
798.25	8754.04
798.438	7707.53
798.626	8043.4
798.814	8766.33
799.002	8739.71
799.19	8072.07
799.378	8119.17
799.566	8569.73
799.755	8616.83
799.943	8301.44
800.131	7820.17
800.318	8313.73
800.506	8678.27
800.694	7619.47
800.882	7984.01
801.07	8887.16
801.258	8414.08
801.446	7842.7
801.634	8012.68
801.822	8399.74
802.01	8627.07
802.197	7965.57
802.385	8078.21
802.573	8813.43
802.761	8313.73
802.949	7865.22
803.136	7715.72
803.324	8647.55
803.512	8369.02
803.699	8203.14
803.887	7787.4
804.075	8778.62
804.262	8518.53
804.45	7752.59
804.638	8094.6
804.825	8301.44
805.013	8285.06
805.201	8096.64
805.388	7908.23
805.576	8520.57
805.763	8778.62
805.951	7656.33
806.138	8045.45
806.326	8823.67
806.513	8569.73
806.701	7910.28
806.888	7805.83
807.075	8577.92
807.263	8629.12
807.45	7742.35
807.638	8002.44
807.825	8751.99
808.012	8541.05
808.2	8127.36
808.387	8432.51
808.574	8672.12
808.761	8942.46
808.949	8078.21
809.136	8102.79
809.323	8633.21
809.51	8702.84
809.698	8364.93
809.885	8221.57
810.072	8758.14
810.259	8772.47
810.446	8117.12
810.633	7859.08
810.82	8612.73
811.008	9001.85
811.195	8459.13
811.382	8180.61
811.569	8909.69
811.756	8328.06
811.943	8207.23
812.13	8059.78
812.317	8584.06
812.504	8352.64
812.691	8299.39
812.878	7955.33
813.064	9169.78
813.251	8780.67
813.438	8127.36
813.625	8391.55
813.812	8655.74
813.999	8702.84
814.186	8287.11
814.372	8106.88
814.559	8811.39
814.746	9104.25
814.933	7951.24
815.12	8366.98
815.306	8694.65
815.493	8536.96
815.68	8010.63
815.866	8242.05
816.053	8868.73
816.24	9085.81
816.426	8219.52
816.613	7857.03
816.799	8706.94
816.986	8956.79
817.173	8033.16
817.359	7957.38
817.546	8350.59
817.732	8119.17
817.919	7725.96
818.105	8053.64
818.292	8551.29
818.478	8700.8
818.665	8420.22
818.851	8039.3
819.037	9298.8
819.224	8561.53
819.41	7740.3
819.597	7842.7
819.783	9249.65
819.969	8452.99
820.156	7930.76
820.342	7854.98
820.528	9952.1
820.714	8344.45
820.901	8151.94
821.087	8045.45
821.273	8665.98
821.459	8696.7
821.646	7920.52
821.832	7619.47
822.018	8520.57
822.204	8481.66
822.39	7920.52
822.576	7828.36
822.762	8659.84
822.948	8586.11
823.134	8156.04
823.32	7752.59
823.507	8051.59
823.693	8489.85
823.879	8553.34
824.065	7564.17
824.25	8285.06
824.436	8070.02
824.622	7775.11
824.808	7811.98
824.994	8272.77
825.18	8283.01
825.366	7742.35
825.552	7988.1
825.738	8455.04
825.923	8936.31
826.109	8233.86
826.295	7793.55
826.481	8362.88
826.667	8119.17
826.852	8057.73
827.038	7662.48
827.224	8715.13
827.409	8756.09
827.595	7424.91
827.781	8237.95
827.966	8715.13
828.152	8496
828.338	7824.26
828.523	7527.31
828.709	8240
828.894	8549.25
829.08	7535.5
829.266	7644.04
829.451	8250.24
829.637	8387.46
829.822	7832.46
830.008	7453.58
830.193	8137.6
830.378	8539.01
830.564	7658.38
830.749	7578.51
830.935	8252.29
831.12	8184.71
831.305	7426.96
831.491	7754.63
831.676	7783.31
831.861	8092.55
832.047	7306.13
832.232	7179.15
832.417	8156.04
832.602	8127.36
832.788	7472.01
832.973	7426.96
833.158	7871.37
833.343	8004.49
833.528	7644.04
833.714	7717.77
833.899	7926.66
834.084	8569.73
834.269	7721.87
834.454	7447.44
834.639	8127.36
834.824	8012.68
835.009	7408.53
835.194	7580.56
835.379	8260.48
835.564	8221.57
835.749	7758.73
835.934	7105.43
836.119	8186.76
836.304	7908.23
836.489	7203.73
836.674	7703.43
836.859	7746.44
837.044	8135.56
837.228	7254.93
837.413	7107.48
837.598	7783.31
837.783	7926.66
837.968	7287.7
838.152	7201.68
838.337	7205.78
838.522	8276.87
838.707	8008.58
838.891	7603.08
839.076	7871.37
839.261	7857.03
839.445	7355.28
839.63	7449.49
839.815	8289.15
839.999	7553.93
840.184	7246.74
840.368	7185.3
840.553	8051.59
840.737	7965.57
840.922	7013.27
841.106	7136.15
841.291	7537.55
841.475	7840.65
841.66	6964.12
841.844	6882.2
842.029	8395.65
842.213	7560.08
842.397	7115.67
842.582	6675.35
842.766	7685
842.951	7635.85
843.135	6957.97
843.319	6871.96
843.504	7771.02
843.688	8190.85
843.872	6495.13
844.056	6685.59
844.241	7875.46
844.425	7601.04
844.609	7144.34
844.793	6796.18
844.977	7740.3
845.161	7658.38
845.346	6929.3
845.53	6808.47
845.714	7555.98
845.898	8096.64
846.082	6808.47
846.266	6806.42
846.45	7414.67
846.634	7539.6
846.818	6695.83
847.002	7111.57
847.186	7642
847.37	7144.34
847.554	6857.62
847.738	7109.52
847.922	7418.77
848.106	7379.86
848.29	6693.79
848.473	6775.7
848.657	7521.17
848.841	7132.05
849.025	6734.75
849.209	6466.46
849.392	7525.26
849.576	7130
849.76	6497.18
849.944	7021.46
850.127	7742.35
850.311	7089.04
850.495	6595.48
850.678	6368.16
850.862	7299.98
851.046	7426.96
851.229	6792.09
851.413	6362.01
851.596	7361.42
851.78	7277.46
851.964	6824.86
852.147	6566.81
852.331	7699.34
852.514	7629.71
852.698	6751.13
852.881	6400.93
853.065	7181.2
853.248	7111.57
853.431	6519.71
853.615	6304.67
853.798	7824.26
853.982	7254.93
854.165	6808.47
854.348	6548.38
854.532	6931.35
854.715	6757.27
854.898	6491.04
855.081	6470.56
855.265	7615.37
855.448	7611.28
855.631	6353.82
855.814	6515.61
855.997	6957.97
856.181	7062.42
856.364	6482.85
856.547	6128.55
856.73	6943.64
856.913	6968.21
857.096	6157.22
857.279	6251.42
857.462	6880.15
857.645	6990.74
857.828	6564.76
858.011	6615.96
858.194	6718.36
858.377	6833.05
858.56	6101.92
858.743	6206.37
858.926	6794.14
859.109	6675.35
859.292	6153.12
859.475	6022.05
859.658	6939.54
859.841	6902.68
860.023	6097.83
860.206	6026.15
860.389	6581.15
860.572	6687.64
860.755	6181.79
860.937	6407.07
861.12	6554.52
861.303	6826.9
861.486	6228.9
861.668	6075.3
861.851	6384.54
862.034	6835.1
862.216	6374.3
862.399	5759.91
862.581	6720.41
862.764	6882.2
862.947	5983.14
863.129	5811.11
863.312	6349.73
863.494	6712.22
863.677	6667.16
863.859	5739.43
864.042	6826.9
864.224	6566.81
864.406	6165.41
864.589	5692.33
864.771	6417.31
864.954	6362.01
865.136	5778.34
865.318	5637.03
865.501	7152.53
865.683	5987.24
865.865	5792.68
866.048	5845.93
866.23	6450.08
866.412	6466.46
866.594	5723.05
866.777	5936.04
866.959	6063.01
867.141	6271.9
867.323	6196.13
867.505	6101.92
867.687	6114.21
867.869	6431.65
868.052	5895.08
868.234	5759.91
868.416	6351.78
868.598	6661.02
868.78	5856.17
868.962	5714.86
869.144	6454.17
869.326	6210.47
869.508	5800.87
869.69	5837.73
869.872	6122.4
870.054	6773.66
870.236	5323.69
870.417	5534.64
870.599	6179.75
870.781	6779.8
870.963	5950.37
871.145	5563.31
871.327	6042.53
871.508	6456.22
871.69	5727.14
871.872	5860.26
872.054	6081.44
872.235	6278.05
872.417	5831.59
872.599	5440.43
872.78	6904.73
872.962	6185.89
873.144	5419.95
873.325	5702.57
873.507	6624.15
873.689	6341.54
873.87	5448.62
874.052	5897.13
874.233	6112.16
874.415	6841.24
874.596	5680.04
874.778	5530.54
874.959	6259.62
875.141	6319.01
875.322	5608.36
875.503	5530.54
875.685	6314.91
875.866	5749.67
876.048	5575.59
876.229	5528.49
876.41	5940.13
876.592	6355.87
876.773	5776.3
876.954	5307.31
877.136	6378.4
877.317	6122.4
877.498	5567.4
877.679	5870.5
877.86	6345.63
878.042	6024.1
878.223	5485.48
878.404	6278.05
878.585	6392.73
878.766	8047.49
878.947	5854.12
879.128	5733.29
879.309	6169.51
879.49	6509.47
879.672	5829.54
879.853	5624.75
880.034	6157.22
880.215	6269.86
880.396	5864.36
880.576	5710.76
880.757	6206.37
880.938	6742.94
881.119	5718.95
881.3	5782.44
881.481	6319.01
881.662	7322.51
881.843	5825.45
882.023	5436.33
882.204	6624.15
882.385	6362.01
882.566	5718.95
882.747	5862.31
882.927	6357.92
883.108	6386.59
883.289	5710.76
883.469	6212.51
883.65	6286.24
883.831	6497.18
884.011	6095.78
884.192	5694.38
884.373	6669.21
884.553	6390.69
884.734	6028.2
884.914	6345.63
885.095	7742.35
885.275	6669.21
885.456	6265.76
885.636	5766.06
885.817	6532
885.997	6697.88
886.178	5909.41
886.358	6079.4
886.538	6562.72
886.719	8487.81
886.899	5938.09
887.08	6155.17
887.26	6697.88
887.44	6335.39
887.621	5796.78
887.801	6228.9
887.981	7080.85
888.161	7146.39
888.342	6153.12
888.522	6112.16
888.702	6818.71
888.882	7041.94
889.062	6116.26
889.242	5835.69
889.423	6910.87
889.603	6804.38
889.783	6302.62
889.963	6013.86
890.143	6577.05
890.323	6822.81
890.503	6122.4
890.683	6296.48
890.863	6419.36
891.043	6575
891.223	6218.66
891.403	6482.85
891.583	6759.32
891.763	6529.95
891.943	6165.41
892.122	6476.7
892.302	6540.19
892.482	6751.13
892.662	6239.14
892.842	6220.71
893.022	6738.84
893.201	6730.65
893.381	6325.15
893.561	5979.04
893.741	6828.95
893.92	6394.78
894.1	6132.64
894.28	6163.36
894.459	7005.08
894.639	6665.11
894.819	5739.43
894.998	6226.85
895.178	6618.01
895.357	6443.93
895.537	5964.71
895.716	5860.26
895.896	6491.04
896.075	6921.11
896.255	6067.11
896.434	5653.42
896.614	7152.53
896.793	6736.79
896.973	6054.82
897.152	5989.28
897.331	6278.05
897.511	6321.06
897.69	5471.15
897.87	5872.55
898.049	6435.74
898.228	6306.72
898.407	5921.7
898.587	5960.61
898.766	6034.34
898.945	6337.44
899.124	6267.81
899.304	5690.28
899.483	6337.44
899.662	6704.03
899.841	5600.17
900.02	5557.16
900.199	6577.05
900.378	6292.38
900.557	5555.12
900.737	5458.86
900.916	6042.53
901.095	6142.88
901.274	6028.2
901.453	5458.86
901.632	5860.26
901.811	5784.49
901.989	5565.36
902.168	5467.05
902.347	6194.08
902.526	5901.22
902.705	5663.66
902.884	5868.45
903.063	6488.99
903.242	6171.55
903.42	5340.08
903.599	5737.38
903.778	6083.49
903.957	6347.68
904.135	5598.12
904.314	5223.34
904.493	5927.85
904.672	5675.95
904.85	5508.01
905.029	5198.77
905.207	5731.24
905.386	6169.51
905.565	5047.22
905.743	5252.02
905.922	5618.6
906.1	5634.99
906.279	4760.5
906.457	4762.55
906.636	5643.18
906.814	5460.91
906.993	5131.19
907.171	4850.61
907.35	5563.31
907.528	5977
907.707	5292.98
907.885	4756.41
908.063	5634.99
908.242	5145.52
908.42	4864.95
908.598	4527.03
908.777	5411.76
908.955	5202.86
909.133	5256.11
909.311	4506.56
909.49	5239.73
909.668	5034.93
909.846	4619.19
910.024	4430.78
910.202	5133.23
910.38	5512.11
910.559	4541.37
910.737	4817.85
910.915	5348.27
911.093	5383.09
911.271	4772.79
911.449	4926.39
911.627	5366.7
911.805	5993.38
911.983	4721.59
912.161	4936.63
912.339	5182.38
912.517	5612.46
912.695	5190.58
912.872	5079.99
913.05	5510.06
913.228	5856.17
913.406	5061.55
913.584	4924.34
913.762	5759.91
913.939	5583.79
914.117	4967.35
914.295	4957.11
914.473	5415.85
914.65	5757.86
914.828	5090.23
915.006	4907.96
915.184	5352.37
915.361	5579.69
915.539	5161.91
915.716	5260.21
915.894	5331.89
916.072	5637.03
916.249	5598.12
916.427	5180.34
916.604	5090.23
916.782	5540.78
916.959	4836.28
917.137	4772.79
917.314	5444.52
917.492	5286.83
917.669	5120.95
917.847	4867
918.024	5409.71
918.201	5016.5
918.379	5030.84
918.556	4834.23
918.733	5422
918.911	4979.64
919.088	5036.98
919.265	4801.46
919.442	5438.38
919.62	5448.62
919.797	4707.26
919.974	4498.36
920.151	5409.71
920.328	5139.38
920.506	4641.72
920.683	5190.58
920.86	4961.2
921.037	5290.93
921.214	4705.21
921.391	4576.19
921.568	5325.74
921.745	5153.71
921.922	4895.67
922.099	4615.1
922.276	5159.86
922.453	5137.33
922.63	4522.94
922.807	5077.94
922.984	5297.07
923.161	4946.87
923.338	4737.98
923.514	4670.39
923.691	5247.92
923.868	5094.32
924.045	4494.27
924.222	4494.27
924.399	5010.36
924.575	5116.85
924.752	4740.02
924.929	4803.51
925.105	4940.72
925.282	4817.85
925.459	4572.09
925.635	4705.21
925.812	5122.99
925.989	4721.59
926.165	4680.63
926.342	4195.26
926.518	4856.76
926.695	4621.24
926.871	4389.82
927.048	4305.85
927.224	5053.36
927.401	4598.71
927.577	4611
927.754	4082.63
927.93	4981.68
928.107	4940.72
928.283	4074.43
928.459	4465.6
928.636	4950.96
928.812	4721.59
928.988	4019.14
929.165	3877.83
929.341	4443.07
929.517	4686.78
929.693	4615.1
929.87	3830.73
930.046	4727.74
930.222	4533.18
930.398	4103.11
930.574	4344.77
930.751	4449.21
930.927	4453.31
931.103	4119.49
931.279	4162.5
931.455	4522.94
931.631	4656.06
931.807	3916.74
931.983	3820.49
932.159	3959.75
932.335	4391.87
932.511	3998.66
932.687	4041.67
932.863	4307.9
933.039	4254.66
933.215	3673.03
933.391	3554.25
933.566	4074.43
933.742	4301.76
933.918	3722.18
934.094	3476.43
934.27	3976.13
934.445	3853.25
934.621	3644.36
934.797	3449.8
934.973	4053.95
935.148	3695.56
935.324	3107.79
935.5	3140.56
935.675	4051.91
935.851	3945.41
936.027	3658.7
936.202	3349.45
936.378	3855.3
936.553	3318.73
936.729	3957.7
936.904	3156.94
937.08	3404.75
937.255	3337.17
937.431	2909.14
937.606	2825.17
937.782	3099.6
937.957	3480.52
938.133	2786.26
938.308	2630.62
938.483	3177.42
938.659	2866.13
938.834	2868.18
939.009	2548.7
939.185	3003.35
939.36	2794.45
939.535	2178.01
939.71	2773.97
939.886	3091.41
940.061	2900.95
940.236	2849.75
940.411	2429.91
940.586	2935.76
940.761	2913.24
940.937	2522.07
941.112	2278.37
941.287	2618.33
941.462	2606.04
941.637	2132.96
941.812	2331.61
941.987	2575.32
942.162	2495.45
942.337	2302.94
942.512	2155.49
942.687	2909.14
942.862	2587.61
943.037	1797.09
943.212	1696.74
943.386	2311.13
943.561	2454.49
943.736	2376.67
943.911	2708.44
944.086	2874.32
944.26	2550.75
944.435	1993.7
944.61	2229.21
944.785	2479.07
944.959	3042.26
945.134	2214.88
945.309	1954.79
945.483	2130.91
945.658	2667.48
945.833	1770.47
946.007	1784.8
946.182	2829.27
946.357	2321.37
946.531	1803.24
946.706	2016.23
946.88	2087.9
947.055	2644.95
947.229	2098.14
947.404	1985.51
947.578	2614.23
947.752	2577.37
947.927	1864.68
948.101	1889.25
948.276	2894.8
948.45	2603.99
948.624	2526.17
948.799	2190.3
948.973	2517.98
949.147	2302.94
949.321	2167.77
949.496	2155.49
949.67	2952.15
949.844	2464.73
950.018	2139.1
950.193	2110.43
950.367	3281.87
950.541	2487.26
950.715	2268.13
950.889	2450.39
951.063	2466.78
951.237	2694.1
951.411	1942.5
951.585	1962.98
951.759	2687.96
951.933	2673.62
952.107	2122.72
952.281	2425.82
952.455	2970.58
952.629	2749.4
952.803	2335.71
952.977	2194.4
953.151	2868.18
953.325	2552.79
953.499	2569.18
953.672	2032.61
953.846	2638.81
954.02	2589.66
954.194	2188.25
954.368	2190.3
954.541	2905.04
954.715	2765.78
954.889	2456.54
955.062	2005.99
955.236	2452.44
955.41	2642.9
955.583	2474.97
955.757	2102.24
955.93	2776.02
956.104	2464.73
956.278	2190.3
956.451	2386.91
956.625	2847.7
956.798	3171.28
956.972	2808.79
957.145	2171.87
957.319	3085.26
957.492	2673.62
957.665	2610.14
957.839	2106.34
958.012	2692.05
958.185	2671.58
958.359	2376.67
958.532	2716.63
958.705	2872.28
958.879	2716.63
959.052	2434.01
959.225	2030.56
959.398	2876.37
959.572	2755.54
959.745	2229.21
959.918	2450.39
960.091	2823.12
960.264	3013.59
960.438	2311.13
960.611	2270.17
960.784	3134.42
960.957	2628.57
961.13	2995.15
961.303	2458.59
961.476	2943.96
961.649	3253.2
961.822	2331.61
961.995	2511.83
962.168	2862.04
962.341	3036.11
962.514	2210.78
962.686	2425.82
962.859	2931.67
963.032	2933.72
963.205	2388.96
963.378	2198.49
963.551	2808.79
963.723	2542.55
963.896	2589.66
964.069	2653.14
964.242	2722.77
964.414	3339.21
964.587	2391
964.76	2587.61
964.932	2802.65
965.105	2755.54
965.278	2466.78
965.45	2393.05
965.623	2966.48
965.795	2874.32
965.968	2378.72
966.14	2395.1
966.313	2814.93
966.485	2751.45
966.658	2233.31
966.83	2241.5
967.003	2888.66
967.175	2788.31
967.348	2401.24
967.52	2378.72
967.692	3156.94
967.865	2978.77
968.037	2294.75
968.209	2577.37
968.382	2769.88
968.554	2925.52
968.726	2235.36
968.898	2163.68
969.071	3109.84
969.243	2796.5
969.415	2380.76
969.587	2436.06
969.759	3175.38
969.932	2716.63
970.104	2362.33
970.276	1889.25
970.448	2534.36
970.62	2739.16
970.792	2462.68
970.964	2501.59
971.136	3118.03
971.308	2622.42
971.48	2184.16
971.652	2245.6
971.824	2927.57
971.996	2579.42
972.168	2175.97
972.339	2280.41
972.511	2597.85
972.683	2696.15
972.855	2450.39
973.027	2239.45
973.199	2898.9
973.37	2880.47
973.542	2214.88
973.714	2245.6
973.886	2245.6
974.057	2806.74
974.229	2055.14
974.401	2118.62
974.572	2391
974.744	2214.88
974.915	1952.74
975.087	2048.99
975.259	2937.81
975.43	2307.04
975.602	2104.29
975.773	2051.04
975.945	2429.91
976.116	2681.82
976.288	1913.83
976.459	2382.81
976.63	2302.94
976.802	2434.01
976.973	1825.76
977.145	2325.47
977.316	3105.74
977.487	2714.58
977.659	2182.11
977.83	2102.24
978.001	2708.44
978.172	2665.43
978.344	1962.98
978.515	2089.95
978.686	2368.48
978.857	2841.56
979.028	2024.42
979.2	1958.88
979.371	2692.05
979.542	2425.82
979.713	2296.8
979.884	1616.87
980.055	2366.43
980.226	2468.83
980.397	1950.69
980.568	1770.47
980.739	2608.09
980.91	2272.22
981.081	2253.79
981.252	1889.25
981.423	2274.27
981.594	2304.99
981.765	1790.95
981.936	2143.2
982.106	2233.31
982.277	2509.79
982.448	1762.28
982.619	2167.77
982.79	2173.92
982.96	2442.2
983.131	2075.62
983.302	1586.15
983.472	2405.34
983.643	2300.89
983.814	2098.14
983.984	1788.9
984.155	2137.06
984.326	2425.82
984.496	2030.56
984.667	1915.87
984.837	1907.68
985.008	2571.22
985.178	2348
985.349	1883.11
985.519	2094.05
985.69	1991.65
985.86	1795.04
986.031	1711.08
986.201	2339.8
986.371	2155.49
986.542	1690.6
986.712	1549.29
986.882	2335.71
987.053	2155.49
987.223	1647.59
987.393	2083.81
987.563	1977.31
987.734	2325.47
987.904	2231.26
988.074	1688.55
988.244	1993.7
988.414	2089.95
988.585	1610.73
988.755	1885.16
988.925	2106.34
989.095	2538.46
989.265	1557.48
989.435	1821.67
989.605	2231.26
989.775	2413.53
989.945	2141.15
990.115	1457.13
990.285	1930.21
990.455	2089.95
990.625	1784.8
990.795	1420.27
990.965	2274.27
991.134	1848.29
991.304	1469.42
991.474	1586.15
991.644	1891.3
991.814	2253.79
991.984	1235.95
992.153	1534.95
992.323	1838.05
992.493	2008.03
992.662	1401.83
992.832	1668.07
993.002	1733.61
993.171	2069.47
993.341	1311.72
993.511	1418.22
993.68	1838.05
993.85	2053.09
994.019	1266.67
994.189	1373.16
994.358	1917.92
994.528	1764.33
994.697	1207.28
994.867	1254.38
995.036	2018.27
995.206	1672.17
995.375	1305.58
995.544	1407.98
995.714	2186.21
995.883	1795.04
996.052	1637.35
996.222	908.27
996.391	2106.34
996.56	1833.96
996.73	1231.85
996.899	1117.17
997.068	2114.53
997.237	1696.74
997.406	1225.71
997.576	1033.2
997.745	2034.66
997.914	1678.31
998.083	953.33
998.252	1252.33
998.421	1819.62
998.59	1575.91
998.759	1151.98
998.928	930.8
999.097	1971.17
999.266	1790.95
999.435	1487.85
999.604	959.47
999.773	2065.38
999.942	1788.9
1000.111	934.9
1000.28	887.79
1000.448	1577.96
1000.617	1455.08
1000.786	1498.09
1000.955	1047.54
1001.124	1967.07
1001.292	2218.97
1001.461	1158.13
1001.63	920.56
1001.798	1766.37
1001.967	1727.46
1002.136	824.31
1002.304	1039.34
1002.473	1967.07
1002.642	1563.62
1002.81	1172.46
1002.979	1016.82
1003.147	1926.11
1003.316	1848.29
1003.484	998.38
1003.653	1068.02
1003.821	1725.41
1003.99	1465.32
1004.158	1377.26
1004.327	1211.37
1004.495	1700.84
1004.663	1477.61
1004.832	1174.51
1005	756.72
1005.168	1555.43
1005.337	1426.41
1005.505	711.67
1005.673	1211.37
1005.842	1729.51
1006.01	1412.07
1006.178	855.03
1006.346	863.22
1006.514	1385.45
1006.683	2010.08
1006.851	865.27
1007.019	1100.78
1007.187	1338.35
1007.355	1115.12
1007.523	637.94
1007.691	730.1
1007.859	1123.31
1008.027	2032.61
1008.195	824.31
1008.363	683
1008.531	1305.58
1008.699	1457.13
1008.867	605.17
1009.035	705.53
1009.203	1745.89
1009.37	1395.69
1009.538	865.27
1009.706	1784.8
1009.874	1299.44
1010.042	1350.64
1010.209	605.17
1010.377	592.89
1010.545	1432.55
1010.713	1354.73
1010.88	691.19
1011.048	685.05
1011.216	1268.72
1011.383	1577.96
1011.551	715.77
1011.718	756.72
1011.886	1377.26
1012.054	1438.7
1012.221	519.16
1012.389	533.5
1012.556	1182.7
1012.724	1487.85
1012.891	754.68
1013.058	365.56
1013.226	1360.88
1013.393	1319.92
1013.561	410.62
1013.728	377.85
1013.895	1604.58
1014.063	1238
1014.23	394.23
1014.397	619.51
1014.565	1430.51
1014.732	1166.32
1014.899	427
1015.066	500.73
1015.233	1420.27
1015.401	1328.11
1015.568	556.02
1015.735	926.71
1015.902	1393.64
1016.069	1403.88
1016.236	642.04
1016.403	435.19
1016.57	885.75
1016.737	1760.23
1016.904	510.97
1017.071	472.06
1017.238	904.18
1017.405	1168.37
1017.572	576.5
1017.739	881.65
1017.906	1684.45
1018.073	1377.26
1018.24	349.18
1018.407	766.96
1018.573	1248.24
1018.74	1213.42
1018.907	529.4
1019.074	285.69
1019.241	1201.13
1019.407	1002.48
1019.574	433.15
1019.741	369.66
1019.907	1522.66
1020.074	1555.43
1020.241	119.81
1020.407	265.21
1020.574	869.36
1020.74	1002.48
1020.907	467.96
1021.073	263.16
1021.24	1762.28
1021.406	1254.38
1021.573	242.68
1021.739	353.27
1021.906	1379.31
1022.072	961.52
1022.239	422.91
1022.405	492.54
1022.571	1098.74
1022.738	795.64
1022.904	422.91
1023.07	508.92
1023.237	994.29
1023.403	1203.18
1023.569	388.09
1023.735	461.82
1023.902	1078.26
1024.068	1061.87
1024.234	136.19
1024.4	320.51
1024.566	826.36
1024.732	963.57
1024.898	457.72
1025.065	78.85
1025.231	910.32
1025.397	748.53
1025.563	402.43
1025.729	107.52
1025.895	496.63
1026.061	730.1
1026.227	7.17
1026.392	355.32
1026.558	1018.86
1026.724	1082.35
1026.89	257.02
1027.056	443.39
1027.222	750.58
1027.388	885.75
1027.553	318.46
1027.719	171.01
1027.885	1387.5
1028.051	801.78
1028.216	31.74
1028.382	316.41
1028.548	932.85
1028.713	861.17
1028.879	7.17
1029.045	482.3
1029.21	1074.16
1029.376	1035.25
1029.541	271.36
1029.707	300.03
1029.873	928.75
1030.038	1027.06
1030.204	195.58
1030.369	269.31
1030.534	936.95
1030.7	584.7
1030.865	476.15
1031.031	87.04
1031.196	852.98
1031.361	795.64
1031.527	95.23
1031.692	82.94
1031.857	494.58
1032.023	988.14
1032.188	52.22
1032.353	111.61
1032.518	949.23
1032.684	687.09
1032.849	-31.74
1033.014	359.42
1033.179	779.25
1033.344	885.75
1033.509	345.08
1033.674	181.25
1033.839	918.51
1034.004	850.93
1034.17	201.72
1034.335	-17.41
1034.5	748.53
1034.664	662.52
1034.829	150.53
1034.994	373.75
1035.159	443.39
1035.324	902.13
1035.489	287.74
1035.654	115.71
1035.819	1383.4
1035.984	836.6
1036.148	312.32
1036.313	181.25
1036.478	871.41
1036.643	713.72
1036.807	97.28
1036.972	-23.55
1037.137	1319.92
1037.301	664.57
1037.466	-119.81
1037.631	275.45
1037.795	861.17
1037.96	617.46
1038.124	451.58
1038.289	58.37
1038.454	619.51
1038.618	828.4
1038.783	136.19
1038.947	216.06
1039.111	558.07
1039.276	572.41
1039.44	58.37
1039.605	883.7
1039.769	633.85
1039.933	664.57
1040.098	115.71
1040.262	476.15
1040.426	893.94
1040.591	750.58
1040.755	52.22
1040.919	35.84
1041.083	1002.48
1041.248	570.36
1041.412	-146.43
1041.576	95.23
1041.74	558.07
1041.904	693.24
1042.068	21.5
1042.232	211.96
1042.397	1043.44
1042.561	723.96
1042.725	-166.91
1042.889	158.72
1043.053	762.87
1043.217	592.89
1043.381	136.19
1043.544	-37.89
1043.708	762.87
1043.872	414.71
1044.036	-244.73
1044.2	-138.24
1044.364	871.41
1044.528	865.27
1044.691	8121.22
1044.855	-99.33
1045.019	656.37
1045.183	746.48
1045.346	128
1045.51	-115.71
1045.674	877.55
1045.837	685.05
1046.001	-7.17
1046.165	64.51
1046.328	1184.75
1046.492	558.07
1046.655	332.79
1046.819	66.56
1046.983	562.17
1047.146	519.16
1047.31	164.86
1047.473	-168.96
1047.636	504.82
1047.8	449.53
1047.963	148.48
1048.127	-154.62
1048.29	443.39
