345.52	-1326.23
345.736	-1326.23
345.952	-1326.23
346.168	-1322.13
346.384	-1342.61
346.6	-263.33
346.816	-314.53
347.032	-195.75
347.248	609.1
347.464	-332.97
347.68	-242.85
347.896	-48.3
348.112	340.82
348.328	-97.45
348.544	50
348.76	162.64
348.975	332.62
349.191	-349.35
349.407	-451.75
349.623	174.93
349.839	84.82
350.055	-275.62
350.27	-3.24
350.486	160.59
350.702	303.95
350.918	351.06
351.133	-89.26
351.349	166.74
351.565	549.71
351.781	-363.69
351.996	21.33
352.212	172.88
352.428	125.78
352.644	-402.6
352.859	-324.77
353.075	283.47
353.291	138.07
353.506	-179.37
353.722	-394.4
353.938	-3.24
354.153	492.37
354.369	338.77
354.584	-265.38
354.8	148.31
355.016	-19.63
355.231	-468.13
355.447	-109.74
355.662	420.69
355.878	637.77
356.093	-464.04
356.309	-103.59
356.524	-107.69
356.74	475.98
356.955	-414.88
357.171	-162.98
357.386	258.9
357.602	-46.25
357.817	-144.55
358.033	-265.38
358.248	402.26
358.464	293.71
358.679	-242.85
358.895	-400.55
359.11	80.72
359.325	170.83
359.541	400.21
359.756	27.48
359.972	-201.9
360.187	531.28
360.402	-347.3
360.618	-195.75
360.833	1604.41
361.048	246.61
361.264	-222.38
361.479	-38.06
361.694	136.02
361.909	262.99
362.125	-355.49
362.34	-150.7
362.555	316.24
362.77	262.99
362.986	-455.84
363.201	-296.1
363.416	201.55
363.631	80.72
363.847	-292.01
364.062	-292.01
364.277	146.26
364.492	-19.63
364.707	-210.09
364.922	-441.51
365.138	244.56
365.353	355.15
365.568	-431.27
365.783	-271.53
365.998	375.63
366.213	602.96
366.428	-382.12
366.643	78.68
366.858	324.43
367.073	295.76
367.288	-242.85
367.503	-261.29
367.718	33.62
367.933	465.74
368.148	-404.64
368.363	-97.45
368.578	174.93
368.793	492.37
369.008	-191.66
369.223	-375.97
369.438	381.78
369.653	238.42
369.868	-427.17
370.083	-388.26
370.298	252.75
370.513	543.57
370.728	119.64
370.943	-292.01
371.157	25.43
371.372	731.98
371.587	-396.45
371.802	-429.22
372.017	187.22
372.232	592.72
372.446	-140.46
372.661	-289.96
372.876	76.63
373.091	330.58
373.306	-83.11
373.52	-472.23
373.735	90.96
373.95	654.16
374.165	-234.66
374.379	-224.42
374.594	-46.25
374.809	426.83
375.023	29.52
375.238	-384.16
375.453	318.29
375.667	-25.77
375.882	-275.62
376.097	-328.87
376.311	21.33
376.526	363.34
376.741	-320.68
376.955	219.99
377.17	605
377.384	1061.7
377.599	-11.43
377.813	-488.61
378.028	727.88
378.242	273.23
378.457	-101.55
378.672	-371.88
378.886	-9.39
379.101	166.74
379.315	-482.47
379.53	-150.7
379.744	469.84
379.958	287.57
380.173	-310.44
380.387	-320.68
380.602	371.54
380.816	27.48
381.031	-195.75
381.245	-283.81
381.459	279.38
381.674	1272.64
381.888	-388.26
382.103	238.42
382.317	168.79
382.531	363.34
382.746	-117.93
382.96	-320.68
383.174	131.92
383.388	682.83
383.603	152.4
383.817	-406.69
384.031	105.3
384.246	447.31
384.46	-64.68
384.674	738.12
384.888	-29.87
385.103	334.67
385.317	-529.57
385.531	80.72
385.745	873.29
385.959	437.07
386.174	-263.33
386.388	-314.53
386.602	170.83
386.816	68.44
387.03	-124.07
387.244	-115.88
387.458	301.9
387.672	445.26
387.887	-466.08
388.101	-296.1
388.315	363.34
388.529	179.03
388.743	-275.62
388.957	-212.14
389.171	580.43
389.385	-9.39
389.599	-285.86
389.813	-5.29
390.027	123.73
390.241	817.99
390.455	-218.28
390.669	-62.63
390.883	19.29
391.097	582.48
391.311	117.59
391.525	-249
391.738	551.76
391.952	512.85
392.166	-9.39
392.38	-386.21
392.594	547.66
392.808	340.82
393.022	-5.29
393.236	-226.47
393.449	226.13
393.663	510.8
393.877	-339.11
394.091	-33.96
394.305	119.64
394.518	76.63
394.732	-330.92
394.946	-175.27
395.16	817.99
395.373	185.17
395.587	-339.11
395.801	-292.01
396.015	418.64
396.228	383.82
396.442	-310.44
396.656	-421.03
396.869	396.11
397.083	785.23
397.297	-109.74
397.51	-236.71
397.724	383.82
397.938	209.75
398.151	-384.16
398.365	-337.06
398.578	406.35
398.792	570.19
399.005	240.47
399.219	-261.29
399.433	275.28
399.646	484.17
399.86	187.22
400.073	226.13
400.287	283.47
400.5	279.38
400.714	107.35
400.927	-50.35
401.141	510.8
401.354	1780.54
401.567	514.89
401.781	-375.97
401.994	340.82
402.208	811.85
402.421	-79.02
402.635	-199.85
402.848	0.85
403.061	418.64
403.275	-25.77
403.488	-238.76
403.701	607.05
403.915	758.6
404.128	150.36
404.341	-160.94
404.555	717.64
404.768	11.09
404.981	224.08
405.195	-132.26
405.408	494.41
405.621	357.2
405.834	121.68
406.048	-253.09
406.261	529.23
406.474	488.27
406.687	-242.85
406.9	-38.06
407.114	316.24
407.327	562
407.54	-298.15
407.753	-343.21
407.966	119.64
408.179	306
408.392	-87.21
408.605	-294.05
408.819	406.35
409.032	494.41
409.245	-64.68
409.458	224.08
409.671	432.97
409.884	447.31
410.097	-292.01
410.31	162.64
410.523	703.31
410.736	133.97
410.949	7
411.162	-109.74
411.375	463.69
411.588	412.5
411.801	125.78
412.014	-150.7
412.227	234.32
412.44	361.3
412.653	-50.35
412.865	119.64
413.078	559.95
413.291	449.36
413.504	17.24
413.717	-224.42
413.93	551.76
414.143	105.3
414.356	95.06
414.568	-363.69
414.781	420.69
414.994	488.27
415.207	138.07
415.42	117.59
415.632	306
415.845	906.06
416.058	-261.29
416.271	-169.13
416.483	420.69
416.696	633.68
416.909	-165.03
417.121	-177.32
417.334	256.85
417.547	631.63
417.759	-234.66
417.972	-95.4
418.185	213.84
418.397	527.18
418.61	-25.77
418.823	-158.89
419.035	764.75
419.248	441.17
419.46	-74.92
419.673	144.21
419.885	275.28
420.098	373.58
420.311	-54.44
420.523	-378.02
420.736	564.04
420.948	349.01
421.161	-111.78
421.373	-292.01
421.586	168.79
421.798	127.83
422.01	-246.95
422.223	146.26
422.435	146.26
422.648	641.87
422.86	-68.78
423.073	-21.67
423.285	398.16
423.497	219.99
423.71	-60.59
423.922	-13.48
424.134	684.87
424.347	744.27
424.559	328.53
424.771	471.89
424.984	617.29
425.196	457.55
425.408	-228.52
425.621	-134.31
425.833	541.52
426.045	762.7
426.257	-142.5
426.47	84.82
426.682	281.43
426.894	379.73
427.106	-109.74
427.318	117.59
427.531	369.49
427.743	469.84
427.955	93.01
428.167	869.19
428.379	314.19
428.591	299.86
428.804	117.59
429.016	-103.59
429.228	469.84
429.44	551.76
429.652	13638.28
429.864	-240.81
430.076	437.07
430.288	422.73
430.5	244.56
430.712	271.19
430.924	566.09
431.136	662.35
431.348	-56.49
431.56	-103.59
431.772	338.77
431.984	330.58
432.196	-66.73
432.408	76.63
432.62	408.4
432.832	609.1
433.044	480.08
433.256	285.52
433.468	611.15
433.679	267.09
433.891	-105.64
434.103	365.39
434.315	949.06
434.527	750.41
434.739	361.3
434.95	166.74
435.162	523.09
435.374	170.83
435.586	197.46
435.798	39.76
436.009	346.96
436.221	416.59
436.433	195.41
436.645	60.24
436.856	459.6
437.068	979.78
437.28	70.48
437.491	412.5
437.703	650.06
437.915	582.48
438.126	64.34
438.338	559.95
438.55	418.64
438.761	508.75
438.973	164.69
439.184	224.08
439.396	426.83
439.608	574.28
439.819	33.62
440.031	244.56
440.242	799.56
440.454	736.07
440.665	140.12
440.877	422.73
441.088	873.29
441.3	719.69
441.511	-93.35
441.723	158.55
441.934	942.92
442.146	787.27
442.357	349.01
442.569	709.45
442.78	756.55
442.991	1243.97
443.203	727.88
443.414	215.89
443.626	1055.56
443.837	551.76
444.048	64.34
444.26	105.3
444.471	779.08
444.682	619.34
444.894	97.11
445.105	64.34
445.316	938.82
445.528	764.75
445.739	392.02
445.95	308.05
446.161	562
446.373	795.47
446.584	353.1
446.795	115.54
447.006	1045.32
447.217	916.3
447.429	131.92
447.64	-3.24
447.851	1528.64
448.062	889.67
448.273	54.1
448.484	238.42
448.695	764.75
448.907	904.01
449.118	461.65
449.329	701.26
449.54	652.11
449.751	654.16
449.962	279.38
450.173	224.08
450.384	785.23
450.595	1192.77
450.806	262.99
451.017	461.65
451.228	1006.41
451.439	1016.65
451.65	279.38
451.861	15.19
452.072	707.4
452.283	867.14
452.494	668.49
452.705	367.44
452.915	1413.95
453.126	861
453.337	541.52
453.548	240.47
453.759	1192.77
453.97	1250.11
454.181	953.16
454.391	439.12
454.602	963.4
454.813	1286.98
455.024	469.84
455.235	389.97
455.445	1160
455.656	897.86
455.867	680.78
456.078	490.32
456.288	670.54
456.499	996.17
456.71	344.91
456.921	901.96
457.131	891.72
457.342	858.95
457.553	492.37
457.763	557.9
457.974	840.52
458.184	998.21
458.395	342.86
458.606	170.83
458.816	1278.79
459.027	1354.56
459.237	744.27
459.448	379.73
459.659	1243.97
459.869	2071.35
460.08	252.75
460.29	731.98
460.501	1444.67
460.711	1018.69
460.922	230.23
461.132	447.31
461.343	1925.94
461.553	826.18
461.764	377.68
461.974	592.72
462.184	1256.26
462.395	1375.04
462.605	674.64
462.816	432.97
463.026	1252.16
463.236	1172.29
463.447	508.75
463.657	535.37
463.867	1354.56
464.078	1069.89
464.288	641.87
464.498	729.93
464.709	1217.35
464.919	1260.35
465.129	707.4
465.339	611.15
465.55	1198.92
465.76	1465.15
465.97	650.06
466.18	744.27
466.391	1495.87
466.601	1305.41
466.811	838.47
467.021	443.21
467.231	1502.01
467.441	1508.16
467.651	736.07
467.862	404.3
468.072	1346.37
468.282	1387.33
468.492	805.71
468.702	928.58
468.912	1469.25
469.122	2190.13
469.332	1260.35
469.542	822.09
469.752	1936.18
469.962	1354.56
470.172	779.08
470.382	861
470.592	1798.97
470.802	1598.27
471.012	1252.16
471.222	1059.65
471.432	1516.35
471.642	1698.62
471.852	1266.5
472.062	963.4
472.272	1690.43
472.482	1479.49
472.691	1053.51
472.901	963.4
473.111	1434.43
473.321	2169.65
473.531	1153.86
473.741	1420.1
473.95	1889.08
474.16	1717.05
474.37	1409.86
474.58	1102.66
474.79	2386.74
474.999	1821.5
475.209	1286.98
475.419	1375.04
475.628	1981.24
475.838	2173.75
476.048	1526.59
476.258	1182.53
476.467	2179.89
476.677	1678.14
476.886	1887.03
477.096	1512.25
477.306	1874.74
477.515	2151.22
477.725	1700.67
477.935	1575.74
478.144	2542.38
478.354	2079.54
478.563	1669.95
478.773	1493.82
478.982	2333.49
479.192	2290.48
479.401	1715
479.611	1624.89
479.82	1948.47
480.03	2302.77
480.239	1600.32
480.449	1565.5
480.658	2556.72
480.868	2280.24
481.077	1968.95
481.287	1776.44
481.496	2415.41
481.705	2616.11
481.915	2399.02
482.124	2202.42
482.333	2521.9
482.543	2880.3
482.752	2030.39
482.961	1921.85
483.171	2577.2
483.38	2413.36
483.589	2036.53
483.799	2140.98
484.008	2542.38
484.217	2530.09
484.426	2227
484.636	1968.95
484.845	2878.25
485.054	2333.49
485.263	2718.51
485.472	2214.71
485.682	2915.11
485.891	2777.9
486.1	2183.99
486.309	2247.48
486.518	3109.67
486.727	3773.21
486.936	2280.24
487.146	2485.04
487.355	3291.94
487.564	2859.82
487.773	2401.07
487.982	2495.28
488.191	2792.23
488.4	3353.38
488.609	2569.01
488.818	2493.23
489.027	3496.74
489.236	3357.47
489.445	2689.84
489.654	2550.57
489.863	3484.45
490.072	3124.01
490.281	3279.65
490.49	2831.15
490.698	3617.57
490.907	3939.1
491.116	2738.99
491.325	2814.76
491.534	3556.13
491.743	3169.06
491.952	2997.03
492.16	3081
492.369	3709.72
492.578	3619.61
492.787	3160.87
492.996	2878.25
493.204	3390.24
493.413	3842.84
493.622	2722.6
493.831	2632.49
494.039	4043.54
494.248	3386.15
494.457	2919.21
494.665	2843.43
494.874	3828.51
495.083	4403.99
495.291	3158.82
495.5	3050.28
495.709	3975.96
495.917	3805.98
496.126	3314.47
496.335	3003.18
496.543	3797.79
496.752	3885.85
496.96	3674.91
497.169	3103.53
497.377	3820.32
497.586	3937.05
497.794	3443.49
498.003	2968.36
498.211	3975.96
498.42	4188.95
498.628	3547.94
498.837	3287.84
499.045	3904.28
499.254	3951.39
499.462	3373.86
499.671	3263.27
499.879	4989.71
500.087	4115.22
500.296	3423.01
500.504	3490.59
500.713	4018.97
500.921	4623.12
501.129	3535.65
501.338	3308.32
501.546	4119.32
501.754	4113.17
501.962	3681.05
502.171	3406.63
502.379	4340.5
502.587	4453.14
502.795	3709.72
503.004	3627.81
503.212	4371.22
503.42	4369.17
503.628	3906.33
503.837	3803.93
504.045	4565.78
504.253	4811.53
504.461	3762.97
504.669	3547.94
504.877	4862.73
505.085	4485.9
505.294	3590.94
505.502	4082.46
505.71	4954.89
505.918	4469.52
506.126	3636
506.334	3580.7
506.542	4666.13
506.75	4481.81
506.958	4182.81
507.166	3779.36
507.374	4365.07
507.582	4881.16
507.79	4215.57
507.998	4094.74
508.206	5094.15
508.414	4784.91
508.622	3924.76
508.83	4061.98
509.037	4623.12
509.245	4338.45
509.453	4004.63
509.661	4014.87
509.869	4936.46
510.077	4547.34
510.285	4307.73
510.492	3902.23
510.7	5325.57
510.908	4762.38
511.116	4279.06
511.324	3957.53
511.531	4664.08
511.739	5053.19
511.947	4553.49
512.155	4659.98
512.362	4924.17
512.57	4541.2
512.778	4236.05
512.985	3891.99
513.193	4877.07
513.401	5264.13
513.608	4432.66
513.816	4297.49
514.024	5141.25
514.231	5032.71
514.439	4350.74
514.646	4324.12
514.854	5333.76
515.061	5208.84
515.269	4709.13
515.477	4344.6
515.684	4997.9
515.892	5229.32
516.099	4197.14
516.307	4252.44
516.514	5602.05
516.722	5405.44
516.929	4682.51
517.136	4363.03
517.344	5315.33
517.551	5432.07
517.759	4281.11
517.966	4621.07
518.173	5182.21
518.381	5286.66
518.588	4746
518.796	4500.24
519.003	5440.26
519.21	5225.22
519.418	4586.26
519.625	5114.63
519.832	5348.1
520.039	5288.71
520.247	4524.82
520.454	4821.77
520.661	5516.03
520.868	5499.65
521.076	4844.3
521.283	4832.01
521.49	5894.91
521.697	5387.01
521.904	4979.47
522.112	5006.09
522.319	5663.49
522.526	5556.99
522.733	4778.76
522.94	4936.46
523.147	5509.89
523.354	5454.59
523.561	4801.29
523.768	5270.28
523.975	6085.37
524.183	5526.27
524.39	5227.27
524.597	4821.77
524.804	5688.06
525.011	5483.27
525.218	5122.82
525.425	4979.47
525.632	6114.04
525.838	5561.09
526.045	5114.63
526.252	5346.05
526.459	7322.34
526.666	7602.91
526.873	5174.02
527.08	5212.93
527.287	6165.24
527.494	5954.3
527.701	5348.1
527.907	5133.06
528.114	6032.12
528.321	5888.76
528.528	5378.82
528.735	5233.41
528.941	5909.24
529.148	5683.97
529.355	5473.03
529.562	5389.06
529.768	6843.12
529.975	5931.77
530.182	5481.22
530.388	5311.24
530.595	6191.86
530.802	5796.6
531.008	5745.41
531.215	5556.99
531.422	7015.15
531.628	6904.56
531.835	5593.86
532.042	5675.77
532.248	6103.8
532.455	6118.14
532.661	5561.09
532.868	5419.78
533.074	6351.6
533.281	6482.67
533.487	5634.82
533.694	5536.51
533.9	6132.47
534.107	6163.19
534.313	5722.88
534.52	5577.47
534.726	6306.55
534.933	6871.79
535.139	5585.66
535.345	5716.73
535.552	6701.81
535.758	6626.03
535.965	5874.43
536.171	5860.09
536.377	6623.98
536.584	6992.62
536.79	5952.25
536.996	6140.66
537.203	6748.91
537.409	6787.82
537.615	5952.25
537.821	6177.53
538.028	7113.45
538.234	6654.7
538.44	6210.29
538.646	6128.38
538.853	6591.22
539.059	6521.59
539.265	6687.47
539.471	5860.09
539.677	6851.31
539.883	6740.72
540.09	7848.67
540.296	6793.97
540.502	6898.41
540.708	6707.95
540.914	6859.5
541.12	6253.3
541.326	6873.84
541.532	6802.16
541.738	6648.56
541.944	6335.22
542.15	7168.74
542.356	6810.35
542.562	6357.75
542.768	6263.54
542.974	7357.16
543.18	7357.16
543.386	6361.84
543.592	6202.1
543.798	7752.42
544.004	7502.56
544.21	6464.24
544.415	6562.55
544.621	7361.25
544.827	7842.53
545.033	6370.04
545.239	6892.27
545.445	6959.85
545.651	7267.05
545.856	6568.69
546.062	6509.3
546.268	7105.26
546.474	7203.56
546.679	6595.31
546.885	6601.46
547.091	7125.74
547.297	7740.13
547.502	6761.2
547.708	6490.87
547.914	7152.36
548.119	7662.3
548.325	6595.31
548.531	6523.63
548.736	8071.9
548.942	7097.07
549.147	6660.85
549.353	7181.03
549.559	7762.65
549.764	7482.08
549.97	6683.38
550.175	6757.1
550.381	7717.6
550.586	7209.7
550.792	7021.29
550.997	6933.23
551.203	7600.87
551.408	7820
551.614	6732.53
551.819	6910.7
552.025	7959.26
552.23	7695.07
552.435	6757.1
552.641	7334.63
552.846	7660.26
553.052	8278.74
553.257	7451.36
553.462	7049.96
553.668	7492.32
553.873	7797.47
554.078	6951.66
554.283	7074.54
554.489	7852.77
554.694	7738.08
554.899	7000.81
555.105	7441.12
555.31	8082.14
555.515	7871.2
555.72	7199.46
555.925	8327.89
556.131	8202.97
556.336	7908.06
556.541	7410.4
556.746	7150.31
556.951	8147.67
557.156	7830.24
557.361	7256.81
557.567	7580.39
557.772	8219.35
557.977	8125.15
558.182	7232.23
558.387	7375.59
558.592	7844.57
558.797	8630.99
559.002	7342.82
559.207	7531.23
559.412	8205.02
559.617	8555.22
559.822	7265
560.027	7107.3
560.232	7791.33
560.437	8268.5
560.642	7191.27
560.847	7256.81
561.051	7793.37
561.256	8151.77
561.461	7443.17
561.666	7150.31
561.871	7799.52
562.076	8295.13
562.281	7578.34
562.485	7265
562.69	8336.09
562.895	8090.33
563.1	7516.9
563.305	7416.55
563.509	8420.05
563.714	8557.27
563.919	7484.13
564.123	7785.18
564.328	8196.82
564.533	8540.88
564.737	7537.38
564.942	7672.54
565.147	8471.25
565.351	8518.36
565.556	7805.66
565.761	7838.43
565.965	8714.96
566.17	8235.74
566.374	7844.57
566.579	7738.08
566.784	8348.37
566.988	8379.09
567.193	7703.26
567.397	8084.19
567.602	8338.13
567.806	8256.22
568.011	8008.41
568.215	7901.92
568.42	8391.38
568.624	8622.8
568.828	7807.71
569.033	8174.3
569.237	8755.92
569.442	8862.41
569.646	7871.2
569.85	8086.23
570.055	8501.97
570.259	8671.95
570.463	8602.32
570.668	8059.61
570.872	8628.95
571.076	8604.37
571.281	8348.37
571.485	8053.47
571.689	8805.07
571.893	8755.92
572.098	8278.74
572.302	7969.5
572.506	8764.11
572.71	9009.87
572.914	8213.21
573.119	8065.75
573.323	9079.5
573.527	9046.73
573.731	8190.68
573.935	7977.69
574.139	8829.65
574.343	8547.03
574.547	8325.85
574.751	8411.86
574.955	8819.41
575.159	9056.97
575.364	8125.15
575.568	8139.48
575.772	8895.18
575.976	9001.68
576.18	8071.9
576.383	8225.5
576.587	9278.15
576.791	9059.02
576.995	8256.22
577.199	7977.69
577.403	8858.32
577.607	9032.4
577.811	8209.11
578.015	8596.18
578.219	9044.68
578.422	9038.54
578.626	8577.75
578.83	8803.02
579.034	9306.82
579.238	9378.5
579.442	8526.55
579.645	9032.4
579.849	9276.1
580.053	9222.86
580.257	8536.79
580.46	8909.52
580.664	9417.41
580.868	9300.68
581.071	8669.91
581.275	8747.73
581.479	9112.27
581.682	9446.09
581.886	8555.22
582.09	8893.13
582.293	9503.43
582.497	9466.56
582.7	9022.16
582.904	8938.19
583.107	9345.73
583.311	9257.67
583.515	8835.79
583.718	8973
583.922	9575.11
584.125	10379.96
584.329	8891.09
584.532	8882.89
584.735	9892.54
584.939	9460.42
585.142	8555.22
585.346	8930
585.549	9687.75
585.753	9720.51
585.956	8911.57
586.159	9280.2
586.363	9980.61
586.566	9550.53
586.769	8985.29
586.973	8970.96
587.176	9611.97
587.379	9802.43
587.582	9278.15
587.786	9419.46
587.989	9865.92
588.192	10738.35
588.395	9255.62
588.599	9714.37
588.802	9810.62
589.005	10091.2
589.208	9075.4
589.411	9269.96
589.615	9736.9
589.818	10298.04
590.021	9689.79
590.224	9462.47
590.427	10304.18
590.63	10093.24
590.833	9054.92
591.036	9147.08
591.239	9802.43
591.442	9824.96
591.645	9675.46
591.848	9343.69
592.051	9960.13
592.254	10298.04
592.457	9843.39
592.66	9642.69
592.863	10136.25
593.066	10377.91
593.269	9335.49
593.472	9380.55
593.675	9958.08
593.878	10169.02
594.081	9607.87
594.284	9255.62
594.486	10226.36
594.689	9994.94
594.892	9589.44
595.095	9847.49
595.298	10349.24
595.5	10191.55
595.703	9880.25
595.906	9906.88
596.109	10390.2
596.311	10226.36
596.514	9312.97
596.717	9882.3
596.92	10842.8
597.122	10486.45
597.325	9448.13
597.528	9552.58
597.73	10861.23
597.933	10533.56
598.136	9628.35
598.338	9501.38
598.541	10969.77
598.743	10822.32
598.946	9898.69
599.148	9851.58
599.351	10562.23
599.554	10343.1
599.756	9953.98
599.959	10029.76
600.161	10658.48
600.363	10959.53
600.566	10248.89
600.768	9726.66
600.971	10705.59
601.173	10470.07
601.376	9798.34
601.578	10068.67
601.78	10439.35
601.983	11299.5
602.185	9974.46
602.388	10431.16
602.59	10773.17
602.792	10728.11
602.995	10463.93
603.197	9810.62
603.399	10891.95
603.601	11014.83
603.804	10005.18
604.006	9972.41
604.208	10504.89
604.41	10257.08
604.613	10277.56
604.815	9915.07
605.017	11049.64
605.219	10537.65
605.421	10668.72
605.623	10152.63
605.826	11127.47
606.028	11342.5
606.23	10060.48
606.432	10091.2
606.634	10746.55
606.836	10824.37
607.038	9943.74
607.24	10564.28
607.442	10883.76
607.644	10754.74
607.846	10445.49
608.048	10062.52
608.25	11141.8
608.452	10576.56
608.654	10402.49
608.856	9966.27
609.058	10556.08
609.26	11070.12
609.462	10361.53
609.664	10365.62
609.866	11137.71
610.067	10932.91
610.269	10490.55
610.471	10332.86
610.673	10828.46
610.875	11086.51
611.077	10154.68
611.278	10609.33
611.48	11059.88
611.682	11225.77
611.884	10341.05
612.085	10488.5
612.287	10719.92
612.489	10607.28
612.69	10216.12
612.892	10525.36
613.094	11330.22
613.295	10914.48
613.497	10267.32
613.699	10595
613.9	11279.02
614.102	10984.11
614.304	10443.45
614.505	10076.86
614.707	10963.63
614.908	11135.66
615.11	10396.34
615.311	10543.8
615.513	11121.32
615.714	11041.45
615.916	10252.98
616.117	10807.98
616.319	11307.69
616.52	11180.71
616.722	10336.95
616.923	10668.72
617.124	11344.55
617.326	11203.24
617.527	10605.24
617.729	10947.25
617.93	11070.12
618.131	11311.78
618.333	10353.34
618.534	10588.85
618.735	11188.91
618.937	11166.38
619.138	10322.62
619.339	10414.77
619.54	11176.62
619.742	11244.2
619.943	10656.43
620.144	10681.01
620.345	11440.81
620.546	11125.42
620.748	10687.15
620.949	10771.12
621.15	11346.6
621.351	11246.25
621.552	10740.4
621.753	10396.34
621.954	10967.73
622.155	11891.36
622.356	10713.78
622.558	10818.22
622.759	11575.97
622.96	11891.36
623.161	10924.72
623.362	10642.1
623.563	11416.23
623.764	11442.85
623.965	10670.77
624.166	10924.72
624.366	11010.73
624.567	11475.62
624.768	10463.93
624.969	10660.53
625.17	11037.36
625.371	11252.39
625.572	10980.01
625.773	10734.26
625.973	11449
626.174	11496.1
626.375	10734.26
626.576	11012.78
626.777	11713.19
626.977	11778.72
627.178	11113.13
627.379	11072.17
627.58	11449
627.78	11156.14
627.981	10633.91
628.182	11059.88
628.382	11293.35
628.583	11012.78
628.784	10502.84
628.984	11041.45
629.185	11391.66
629.386	11674.28
629.586	10867.38
629.787	10760.88
629.987	11193
630.188	11492.01
630.388	11029.17
630.589	11049.64
630.79	11870.88
630.99	11483.81
631.191	10830.51
631.391	11115.18
631.591	11461.29
631.792	11702.95
631.992	11068.08
632.193	10988.21
632.393	11793.06
632.594	11651.75
632.794	10957.49
632.994	11233.96
633.195	11223.72
633.395	11152.04
633.595	10984.11
633.796	11279.02
633.996	11827.87
634.196	11838.11
634.397	10824.37
634.597	10941.1
634.797	11348.65
634.997	11887.26
635.198	11348.65
635.398	10945.2
635.598	11549.35
635.798	11786.91
635.998	11606.69
636.199	10963.63
636.399	11172.52
636.599	11473.57
636.799	11156.14
636.999	11420.33
637.199	11840.16
637.399	11920.03
637.599	11037.36
637.799	11178.67
637.999	11573.92
638.199	11973.28
638.399	11457.19
638.599	11082.41
638.799	11999.9
638.999	11907.74
639.199	11631.27
639.399	11393.7
639.599	11842.21
639.799	11750.05
639.999	11250.35
640.199	11219.63
640.399	11770.53
640.599	11799.2
640.799	11391.66
640.998	11532.97
641.198	11664.04
641.398	12079.77
641.598	11201.19
641.798	11496.1
641.997	12974.74
642.197	11811.49
642.397	11578.02
642.597	11303.59
642.796	11946.66
642.996	11788.96
643.196	11621.03
643.395	11135.66
643.595	11866.78
643.795	11643.56
643.994	11256.49
644.194	11449
644.394	12118.68
644.593	12044.96
644.793	11305.64
644.992	11545.25
645.192	12145.31
645.392	11381.42
645.591	11696.8
645.791	11334.31
645.99	12190.36
646.19	11774.63
646.389	11354.79
646.589	11457.19
646.788	11987.61
646.987	11784.87
647.187	12130.97
647.386	11924.13
647.586	12118.68
647.785	12307.1
647.984	11625.12
648.184	11547.3
648.383	11903.65
648.582	11684.52
648.782	11475.62
648.981	11776.67
649.18	11801.25
649.38	12028.57
649.579	11659.94
649.778	11383.46
649.977	12429.98
650.177	12360.34
650.376	11565.73
650.575	11549.35
650.774	12335.77
650.973	12020.38
651.173	11240.11
651.372	11547.3
651.571	11905.7
651.77	12343.96
651.969	11635.36
652.168	11762.34
652.367	11852.45
652.566	12378.78
652.765	11723.43
652.964	12532.37
653.163	12333.72
653.362	12073.63
653.561	11715.23
653.76	11754.15
653.959	12149.4
654.158	12284.57
654.357	11750.05
654.556	11713.19
654.755	12284.57
654.954	12145.31
655.153	11575.97
655.352	11838.11
655.551	12384.92
655.749	12182.17
655.948	11920.03
656.147	11879.07
656.346	11948.7
656.545	12194.46
656.743	11520.68
656.942	12079.77
657.141	12225.18
657.34	12194.46
657.538	11717.28
657.737	11946.66
657.936	12542.61
658.135	12081.82
658.333	11881.12
658.532	12047.01
658.731	12495.51
658.929	12694.16
659.128	12534.42
659.326	11561.64
659.525	12616.34
659.724	12239.51
659.922	11528.87
660.121	11469.48
660.319	12343.96
660.518	12135.07
660.716	11860.64
660.915	11606.69
661.113	12550.81
661.312	12001.95
661.51	12149.4
661.709	11881.12
661.907	12257.95
662.105	12493.46
662.304	12061.34
662.502	12008.09
662.701	12690.07
662.899	12290.71
663.097	12837.52
663.296	12016.29
663.494	12466.84
663.692	12812.95
663.891	11651.75
664.089	11786.91
664.287	12106.4
664.485	12292.76
664.684	11975.33
664.882	12079.77
665.08	12237.47
665.278	12399.26
665.476	11838.11
665.675	12151.45
665.873	12784.27
666.071	12522.13
666.269	11735.71
666.467	12253.85
666.665	12386.97
666.863	12090.01
667.061	11963.04
667.259	12235.42
667.457	12247.71
667.655	12515.99
667.853	11823.78
668.051	12358.3
668.249	12061.34
668.447	12739.22
668.645	11825.82
668.843	12249.75
669.041	12475.03
669.239	12249.75
669.437	12106.4
669.635	12171.93
669.833	12362.39
670.031	12503.7
670.229	12090.01
670.426	12274.33
670.624	12440.22
670.822	12425.88
671.02	12126.88
671.218	12092.06
671.415	12210.84
671.613	12362.39
671.811	12274.33
672.009	11979.42
672.206	12528.28
672.404	12266.14
672.602	12014.24
672.799	11954.85
672.997	12384.92
673.195	12438.17
673.392	12130.97
673.59	11866.78
673.788	12526.23
673.985	11795.11
674.183	12386.97
674.38	11952.8
674.578	12610.2
674.775	12186.27
674.973	11821.73
675.17	11766.43
675.368	12599.96
675.565	12223.13
675.763	12143.26
675.96	11745.95
676.158	12415.64
676.355	12034.72
676.553	11897.5
676.75	11844.26
676.947	12049.05
677.145	12225.18
677.342	12143.26
677.539	12270.23
677.737	12432.02
677.934	12657.3
678.131	11913.89
678.329	11893.41
678.526	12851.86
678.723	12446.36
678.92	12049.05
679.118	12028.57
679.315	12124.83
679.512	12530.33
679.709	11842.21
679.906	11975.33
680.104	12645.01
680.301	12194.46
680.498	11555.49
680.695	11909.79
680.892	12331.67
681.089	12030.62
681.286	11938.46
681.483	11272.87
681.68	11981.47
681.877	12350.1
682.075	11831.97
682.272	12008.09
682.469	12450.46
682.665	12429.98
682.862	11668.13
683.059	11557.54
683.256	12010.14
683.453	12298.91
683.65	11657.89
683.847	12063.39
684.044	12540.57
684.241	12192.41
684.438	11969.18
684.635	11623.08
684.831	12597.91
685.028	12563.09
685.225	11647.65
685.422	12184.22
685.619	12282.52
685.815	12202.65
686.012	11754.15
686.209	11614.88
686.405	12020.38
686.602	12018.33
686.799	11336.36
686.996	11504.29
687.192	11928.22
687.389	12765.84
687.586	11549.35
687.782	11760.29
687.979	12610.2
688.175	12143.26
688.372	11651.75
688.568	11643.56
688.765	11866.78
688.962	12233.37
689.158	11580.07
689.355	11426.47
689.551	12202.65
689.748	12022.43
689.944	11692.71
690.14	11657.89
690.337	12114.59
690.533	12085.92
690.73	11772.58
690.926	11694.75
691.123	12083.87
691.319	12180.12
691.515	11322.02
691.712	11848.35
691.908	11963.04
692.104	12077.73
692.301	11917.98
692.497	11164.33
692.693	12071.58
692.889	12085.92
693.086	11899.55
693.282	11451.05
693.478	12036.77
693.674	12462.74
693.87	11522.73
694.067	11602.6
694.263	12036.77
694.459	12028.57
694.655	11954.85
694.851	11903.65
695.047	12124.83
695.243	12186.27
695.439	11541.16
695.635	11641.51
695.831	11848.35
696.027	11637.41
696.224	11444.9
696.42	12186.27
696.615	12214.94
696.811	11948.7
697.007	11080.36
697.203	11168.43
697.399	11924.13
697.595	11889.31
697.791	11127.47
697.987	11614.88
698.183	11721.38
698.379	11510.44
698.575	11156.14
698.77	11494.05
698.966	11993.76
699.162	12133.02
699.358	11453.09
699.554	11504.29
699.749	12198.56
699.945	11897.5
700.141	11721.38
700.337	11539.11
700.532	11475.62
700.728	11815.59
700.924	11086.51
701.119	11109.04
701.315	11680.42
701.511	11659.94
701.706	11467.43
701.902	11143.85
702.097	11618.98
702.293	11690.66
702.489	11391.66
702.684	11274.92
702.88	12090.01
703.075	11827.87
703.271	11410.09
703.466	11276.97
703.662	11412.14
703.857	11645.6
704.053	11279.02
704.248	11510.44
704.443	12130.97
704.639	11891.36
704.834	11373.22
705.03	11412.14
705.225	11528.87
705.42	11805.35
705.616	11326.12
705.811	11291.31
706.006	11520.68
706.202	11729.57
706.397	11440.81
706.592	10947.25
706.787	11850.4
706.983	11506.34
707.178	11473.57
707.373	11621.03
707.568	11778.72
707.763	11848.35
707.959	11045.55
708.154	11301.54
708.349	11778.72
708.544	11868.83
708.739	11559.59
708.934	11207.34
709.129	11750.05
709.324	11887.26
709.519	11274.92
709.714	10975.92
709.909	11729.57
710.104	11844.26
710.299	11315.88
710.494	11242.15
710.689	11793.06
710.884	11496.1
711.079	11102.89
711.274	11326.12
711.469	11834.02
711.664	11641.51
711.859	11078.32
712.054	11268.78
712.249	11866.78
712.443	11903.65
712.638	10912.43
712.833	10906.29
713.028	11467.43
713.223	11281.07
713.417	11416.23
713.612	11039.4
713.807	11670.18
714.002	12468.89
714.196	11301.54
714.391	11160.24
714.586	11651.75
714.78	11913.89
714.975	11025.07
715.17	11147.95
715.364	11661.99
715.559	11821.73
715.754	10787.5
715.948	10779.31
716.143	12077.73
716.337	11244.2
716.532	11391.66
716.726	10848.94
716.921	11678.37
717.115	11799.2
717.31	10939.05
717.504	12288.67
717.699	11338.41
717.893	11557.54
718.088	10582.71
718.282	10918.57
718.476	11315.88
718.671	11696.8
718.865	10775.22
719.059	10674.87
719.254	11172.52
719.448	11737.76
719.642	13572.74
719.837	10564.28
720.031	13126.29
720.225	11322.02
720.419	10801.84
720.614	10734.26
720.808	11152.04
721.002	11012.78
721.196	10572.47
721.39	10646.19
721.585	11063.98
721.779	11645.6
721.973	11055.79
722.167	10390.2
722.361	11066.03
722.555	11729.57
722.749	10844.85
722.943	10711.73
723.137	10869.42
723.331	11082.41
723.525	10795.7
723.719	10623.67
723.913	11418.28
724.107	11635.36
724.301	10504.89
724.495	10670.77
724.689	11987.61
724.883	11303.59
725.077	10701.49
725.271	10863.28
725.465	11408.04
725.659	10834.61
725.853	10701.49
726.046	10388.15
726.24	10728.11
726.434	11213.48
726.628	10756.79
726.822	10595
727.015	11389.61
727.209	11727.52
727.403	10980.01
727.596	10386.1
727.79	11111.08
727.984	11340.46
728.177	10582.71
728.371	10906.29
728.565	11074.22
728.758	10873.52
728.952	10574.52
729.146	10488.5
729.339	11231.91
729.533	10986.16
729.726	10857.14
729.92	10236.6
730.113	11532.97
730.307	11209.39
730.5	10898.1
730.694	10664.63
730.887	10824.37
731.081	11145.9
731.274	10377.91
731.468	10758.83
731.661	11090.6
731.854	11072.17
732.048	10435.25
732.241	10564.28
732.435	10805.94
732.628	10955.44
732.821	10664.63
733.014	10447.54
733.208	10785.46
733.401	10990.25
733.594	10644.15
733.788	10478.26
733.981	11100.84
734.174	11033.26
734.367	10605.24
734.56	10658.48
734.754	11381.42
734.947	10996.4
735.14	10504.89
735.333	10791.6
735.526	11399.85
735.719	10939.05
735.912	10568.37
736.105	10541.75
736.298	11119.28
736.491	11131.56
736.684	10541.75
736.877	10396.34
737.07	11332.26
737.263	11537.06
737.456	10431.16
737.649	10326.71
737.842	11152.04
738.035	11313.83
738.228	10762.93
738.421	10922.67
738.614	11405.99
738.807	11262.63
739	10291.9
739.192	10480.31
739.385	11068.08
739.578	10980.01
739.771	10971.82
739.964	10394.29
740.156	11293.35
740.349	10973.87
740.542	10928.81
740.735	10154.68
740.927	10721.97
741.12	10857.14
741.313	10181.31
741.505	10691.25
741.698	11227.82
741.891	11020.97
742.083	10644.15
742.276	10586.8
742.468	11164.33
742.661	10902.19
742.854	10472.12
743.046	10410.68
743.239	10922.67
743.431	11047.6
743.624	10414.77
743.816	10023.61
744.009	10777.26
744.201	10859.18
744.393	10818.22
744.586	10083
744.778	11035.31
744.971	10629.81
745.163	10373.82
745.355	10562.23
745.548	10828.46
745.74	10930.86
745.932	10336.95
746.125	10255.03
746.317	11139.76
746.509	10836.66
746.702	10130.11
746.894	10437.3
747.086	11000.49
747.278	10824.37
747.471	10588.85
747.663	10361.53
747.855	10623.67
748.047	11199.15
748.239	10392.25
748.431	10371.77
748.623	11031.21
748.815	10881.71
749.008	10017.47
749.2	10433.21
749.392	10894
749.584	11088.56
749.776	10371.77
749.968	10433.21
750.16	10971.82
750.352	10558.13
750.544	10312.38
750.736	10271.42
750.928	10830.51
751.12	10883.76
751.311	10357.43
751.503	10453.69
751.695	10834.61
751.887	11000.49
752.079	9990.84
752.271	10310.33
752.463	11487.91
752.654	10640.05
752.846	10474.17
753.038	10267.32
753.23	10535.6
753.421	10857.14
753.613	10287.8
753.805	10382.01
753.997	10644.15
754.188	10818.22
754.38	10175.16
754.572	10109.63
754.763	10525.36
754.955	10777.26
755.146	10101.44
755.338	10132.15
755.53	10848.94
755.721	10601.14
755.913	9861.82
756.104	9890.49
756.296	10410.68
756.487	10785.46
756.679	9982.65
756.87	9982.65
757.062	10345.14
757.253	10472.12
757.445	9992.89
757.636	10173.11
757.827	10422.97
758.019	10982.06
758.21	9751.23
758.401	9765.57
758.593	11000.49
758.784	10812.08
758.975	9900.73
759.167	9771.71
759.358	10406.58
759.549	10670.77
759.74	9786.05
759.932	9884.35
760.123	10668.72
760.314	10488.5
760.505	10115.77
760.696	10021.56
760.888	10869.42
761.079	10404.53
761.27	9900.73
761.461	9743.04
761.652	10738.35
761.843	10209.98
762.034	10052.28
762.225	10447.54
762.416	10136.25
762.607	10394.29
762.798	9620.16
762.989	9939.65
763.18	11430.57
763.371	10314.42
763.562	9761.47
763.753	9923.26
763.944	10187.45
764.135	10162.87
764.326	10001.08
764.517	9595.59
764.708	10085.05
764.899	10283.7
765.089	9341.64
765.28	9726.66
765.471	10099.39
765.662	10406.58
765.853	9755.33
766.043	9575.11
766.234	10316.47
766.425	10171.07
766.615	9581.25
766.806	9458.37
766.997	10162.87
767.187	9992.89
767.378	9284.3
767.569	9216.71
767.759	9968.32
767.95	9593.54
768.141	9689.79
768.331	9548.48
768.522	10003.13
768.712	10007.23
768.903	9329.35
769.093	9396.93
769.284	9894.59
769.474	10169.02
769.665	9071.31
769.855	8958.67
770.046	10308.28
770.236	9999.04
770.426	9349.83
770.617	9042.64
770.807	9710.27
770.998	9925.31
771.188	9589.44
771.378	9188.04
771.569	9976.51
771.759	9743.04
771.949	8858.32
772.139	8932.05
772.33	9419.46
772.52	9874.11
772.71	9022.16
772.9	9042.64
773.09	9781.95
773.281	9992.89
773.471	9335.49
773.661	9165.51
773.851	9401.03
774.041	9714.37
774.231	8823.5
774.421	9300.68
774.611	9798.34
774.802	9628.35
774.992	8970.96
775.182	8839.89
775.372	9853.63
775.562	9937.6
775.752	9169.61
775.942	8839.89
776.131	9802.43
776.321	9702.08
776.511	8870.61
776.701	8694.48
776.891	9913.02
777.081	9485
777.271	9102.03
777.461	8755.92
777.651	9628.35
777.84	9546.44
778.03	9011.92
778.22	8751.82
778.41	9308.87
778.599	9398.98
778.789	8997.58
778.979	8760.02
779.169	9249.48
779.358	9153.23
779.548	9245.38
779.738	8843.98
779.927	9214.66
780.117	9001.68
780.307	8755.92
780.496	8315.61
780.686	9558.72
780.875	9745.09
781.065	8702.67
781.254	8776.4
781.444	9274.06
781.633	9161.42
781.823	8479.44
782.012	8633.04
782.202	9048.78
782.391	9046.73
782.581	8645.33
782.77	9048.78
782.96	9423.56
783.149	8870.61
783.338	8362.71
783.528	8309.46
783.717	9413.32
783.906	9347.78
784.096	8757.97
784.285	8217.3
784.474	8919.76
784.663	8985.29
784.853	8241.88
785.042	8418
785.231	9065.16
785.42	9020.11
785.61	8852.17
785.799	8219.35
785.988	9073.35
786.177	8848.08
786.366	8712.91
786.555	8993.48
786.744	8903.37
786.933	8995.53
787.122	8106.71
787.312	8063.71
787.501	8602.32
787.69	9073.35
787.879	8262.36
788.068	8266.46
788.257	8741.58
788.445	8811.21
788.634	8409.81
788.823	8252.12
789.012	9407.17
789.201	9355.97
789.39	8182.49
789.579	8049.37
789.768	8841.93
789.957	8966.86
790.145	8297.17
790.334	7996.12
790.523	8645.33
790.712	8694.48
790.9	8311.51
791.089	8028.89
791.278	8667.86
791.467	8919.76
791.655	8682.19
791.844	8905.42
792.033	8501.97
792.221	8504.02
792.41	8098.52
792.599	7805.66
792.787	8743.63
792.976	8854.22
793.164	7897.82
793.353	8026.84
793.541	8800.98
793.73	9042.64
793.918	8278.74
794.107	8188.63
794.295	8852.17
794.484	8594.13
794.672	7983.84
794.861	8000.22
795.049	8755.92
795.238	9108.17
795.426	7766.75
795.614	8121.05
795.803	8712.91
795.991	8915.66
796.179	7914.2
796.368	7850.72
796.556	8686.29
796.744	8331.99
796.932	7928.54
797.121	7957.21
797.309	8323.8
797.497	8606.42
797.685	7879.39
797.874	7887.58
798.062	8626.9
798.25	8706.77
798.438	7959.26
798.626	7946.97
798.814	8805.07
799.002	8770.26
799.19	8047.32
799.378	8123.1
799.566	8493.78
799.755	8858.32
799.943	8205.02
800.131	7910.11
800.318	8415.96
800.506	8506.07
800.694	7738.08
800.882	7977.69
801.07	8837.84
801.258	8536.79
801.446	7944.92
801.634	8035.03
801.822	8344.28
802.01	8620.75
802.197	7912.16
802.385	8061.66
802.573	8700.62
802.761	8547.03
802.949	8311.51
803.136	7699.17
803.324	8577.75
803.512	8526.55
803.699	8229.59
803.887	7613.15
804.075	8766.16
804.262	8587.99
804.45	7756.51
804.638	8145.63
804.825	8272.6
805.013	8270.55
805.201	8049.37
805.388	7635.68
805.576	8401.62
805.763	8686.29
805.951	7797.47
806.138	7944.92
806.326	8805.07
806.513	8479.44
806.701	7703.26
806.888	7805.66
807.075	8506.07
807.263	8620.75
807.45	7617.25
807.638	8170.2
807.825	8774.35
808.012	8592.08
808.2	8075.99
808.387	8348.37
808.574	8600.27
808.761	8788.69
808.949	7826.14
809.136	8047.32
809.323	8710.86
809.51	8485.59
809.698	8286.93
809.885	8331.99
810.072	8835.79
810.259	8659.67
810.446	8215.26
810.633	7994.08
810.82	8583.89
811.008	8817.36
811.195	8153.82
811.382	8194.78
811.569	8846.03
811.756	8375
811.943	8162.01
812.13	7965.4
812.317	8557.27
812.504	8553.17
812.691	8252.12
812.878	8088.28
813.064	9138.89
813.251	8712.91
813.438	8200.92
813.625	8526.55
813.812	8856.27
813.999	8737.49
814.186	8225.5
814.372	7924.44
814.559	8731.34
814.746	9134.79
814.933	8024.79
815.12	8291.03
815.306	8772.3
815.493	8497.88
815.68	8094.43
815.866	7975.64
816.053	8739.54
816.24	8944.33
816.426	8035.03
816.613	7795.42
816.799	8649.43
816.986	9210.57
817.173	7897.82
817.359	8035.03
817.546	8606.42
817.732	8366.81
817.919	7813.85
818.105	8190.68
818.292	8438.48
818.478	8874.7
818.665	8205.02
818.851	7887.58
819.037	9185.99
819.224	8717.01
819.41	7736.03
819.597	7852.77
819.783	9257.67
819.969	8688.34
820.156	7873.25
820.342	7809.76
820.528	10054.33
820.714	8272.6
820.901	8280.79
821.087	7899.87
821.273	8766.16
821.459	8598.23
821.646	7805.66
821.832	7860.96
822.018	8563.41
822.204	8583.89
822.39	8248.02
822.576	7695.07
822.762	8473.3
822.948	8657.62
823.134	8045.27
823.32	7879.39
823.507	8063.71
823.693	8544.98
823.879	8346.33
824.065	7654.11
824.25	8205.02
824.436	8430.29
824.622	7863.01
824.808	7721.7
824.994	8049.37
825.18	8317.65
825.366	7772.89
825.552	7684.83
825.738	8438.48
825.923	8704.72
826.109	8032.99
826.295	7807.71
826.481	8209.11
826.667	7994.08
826.852	8037.08
827.038	7684.83
827.224	8516.31
827.409	8641.23
827.595	7625.44
827.781	8063.71
827.966	8547.03
828.152	8762.06
828.338	7729.89
828.523	7265
828.709	8260.31
828.894	8598.23
829.08	7635.68
829.266	7787.23
829.451	8037.08
829.637	8405.72
829.822	7592.67
830.008	7715.55
830.193	8274.65
830.378	8714.96
830.564	7604.96
830.749	7582.43
830.935	8143.58
831.12	8133.34
831.305	7482.08
831.491	7600.87
831.676	7705.31
831.861	8039.13
832.047	7537.38
832.232	7154.41
832.417	8397.53
832.602	8501.97
832.788	7447.27
832.973	7437.03
833.158	7908.06
833.343	7875.29
833.528	7598.82
833.714	7633.63
833.899	7920.35
834.084	8573.65
834.269	7662.3
834.454	7506.66
834.639	7949.02
834.824	8278.74
835.009	7547.62
835.194	7688.93
835.379	8063.71
835.564	8383.19
835.749	7588.58
835.934	6914.8
836.119	8092.38
836.304	7967.45
836.489	7371.49
836.674	7727.84
836.859	7652.06
837.044	8035.03
837.228	7285.48
837.413	7021.29
837.598	7987.93
837.783	7752.42
837.968	7088.87
838.152	6918.89
838.337	7308.01
838.522	8088.28
838.707	8028.89
838.891	7604.96
839.076	7979.74
839.261	7713.5
839.445	7494.37
839.63	7355.11
839.815	8309.46
839.999	7670.5
840.184	7201.51
840.368	7105.26
840.553	8018.65
840.737	7736.03
840.922	6896.36
841.106	7052.01
841.291	7627.49
841.475	7820
841.66	7064.3
841.844	7074.54
842.029	8329.94
842.213	7465.7
842.397	7043.82
842.582	6867.69
842.766	7736.03
842.951	7539.43
843.135	7080.68
843.319	7027.43
843.504	7543.52
843.688	7961.31
843.872	6746.86
844.056	6879.98
844.241	7611.11
844.425	7486.18
844.609	7291.62
844.793	6896.36
844.977	7721.7
845.161	7555.81
845.346	6779.63
845.53	6839.02
845.714	7678.69
845.898	8137.43
846.082	6681.33
846.266	7152.36
846.45	7533.28
846.634	7641.82
846.818	6785.77
847.002	7009
847.186	7607.01
847.37	7142.12
847.554	6650.61
847.738	7097.07
847.922	7434.98
848.106	7457.51
848.29	6585.07
848.473	6875.88
848.657	7564
848.841	7256.81
849.025	6716.14
849.209	6388.47
849.392	7494.37
849.576	7131.88
849.76	6187.77
849.944	6845.16
850.127	7736.03
850.311	6935.28
850.495	6492.91
850.678	6591.22
850.862	7330.53
851.046	7453.41
851.229	7002.86
851.413	6429.43
851.596	7463.65
851.78	7125.74
851.964	6898.41
852.147	6681.33
852.331	7746.27
852.514	7682.78
852.698	6556.4
852.881	6304.5
853.065	7318.25
853.248	7060.2
853.431	6785.77
853.615	6742.77
853.798	7830.24
853.982	7197.42
854.165	6781.68
854.348	6560.5
854.532	6802.16
854.715	6908.65
854.898	6585.07
855.081	6497.01
855.265	7488.23
855.448	7650.02
855.631	6155
855.814	6494.96
855.997	6994.67
856.181	7019.24
856.364	6421.24
856.547	6185.72
856.73	7135.98
856.913	6963.95
857.096	6298.36
857.279	6472.43
857.462	6759.15
857.645	6953.71
857.828	6425.33
858.011	6402.8
858.194	6660.85
858.377	6671.09
858.56	6191.86
858.743	6359.8
858.926	6701.81
859.109	6822.64
859.292	6107.9
859.475	5995.26
859.658	6894.32
859.841	6834.93
860.023	6032.12
860.206	5894.91
860.389	6822.64
860.572	6738.67
860.755	6079.22
860.937	6173.43
861.12	6634.22
861.303	6714.09
861.486	6263.54
861.668	5950.2
861.851	6419.19
862.034	6666.99
862.216	6384.37
862.399	5792.51
862.581	6593.26
862.764	6640.37
862.947	5958.39
863.129	5944.06
863.312	6083.32
863.494	6572.79
863.677	6613.74
863.859	5683.97
864.042	6810.35
864.224	6580.98
864.406	6337.27
864.589	5868.28
864.771	6533.87
864.954	6284.02
865.136	5974.78
865.318	5677.82
865.501	7138.02
865.683	6028.03
865.865	5780.22
866.048	5794.56
866.23	6558.45
866.412	6320.88
866.594	5608.19
866.777	6048.51
866.959	6183.67
867.141	6181.62
867.323	6333.17
867.505	6148.86
867.687	6261.49
867.869	6380.28
868.052	5806.84
868.234	5759.74
868.416	6507.25
868.598	6634.22
868.78	5749.5
868.962	5597.95
869.144	6529.78
869.326	6425.33
869.508	5757.69
869.69	5679.87
869.872	6148.86
870.054	6675.18
870.236	5505.79
870.417	5628.67
870.599	6142.71
870.781	6529.78
870.963	5827.32
871.145	5669.63
871.327	6241.01
871.508	6316.79
871.69	5796.6
871.872	5794.56
872.054	6155
872.235	6277.88
872.417	5735.17
872.599	5481.22
872.78	7041.77
872.962	6195.96
873.144	5513.99
873.325	5741.31
873.507	6552.31
873.689	6232.82
873.87	5503.75
874.052	5939.96
874.233	6146.81
874.415	6818.54
874.596	5810.94
874.778	5520.13
874.959	6218.49
875.141	6501.11
875.322	5692.16
875.503	5507.84
875.685	6109.94
875.866	5790.46
876.048	5511.94
876.229	5419.78
876.41	6068.98
876.592	6302.45
876.773	5667.58
876.954	5483.27
877.136	6449.91
877.317	6126.33
877.498	5604.1
877.679	5761.79
877.86	6155
878.042	6066.94
878.223	5530.37
878.404	6304.5
878.585	6367.99
878.766	8000.22
878.947	6040.31
879.128	5729.02
879.309	6181.62
879.49	6456.05
879.672	5856
879.853	5657.34
880.034	6308.6
880.215	6458.1
880.396	5790.46
880.576	5753.6
880.757	6228.73
880.938	6896.36
881.119	5669.63
881.3	5606.14
881.481	6447.86
881.662	7289.57
881.843	5561.09
882.023	5548.8
882.204	6755.05
882.385	6222.58
882.566	5763.84
882.747	5763.84
882.927	6466.29
883.108	6220.53
883.289	5671.68
883.469	6066.94
883.65	6374.13
883.831	6484.72
884.011	6306.55
884.192	5903.1
884.373	6554.35
884.553	6472.43
884.734	5919.48
884.914	6433.52
885.095	7600.87
885.275	6675.18
885.456	6103.8
885.636	5632.77
885.817	6433.52
885.997	6757.1
886.178	5737.21
886.358	6097.66
886.538	6642.42
886.719	8436.44
886.899	5841.66
887.08	6038.27
887.26	6863.6
887.44	6419.19
887.621	5972.73
887.801	6165.24
887.981	7142.12
888.161	6892.27
888.342	6068.98
888.522	6030.07
888.702	6732.53
888.882	6761.2
889.062	6122.23
889.242	5460.74
889.423	6765.29
889.603	6804.21
889.783	6220.53
889.963	6142.71
890.143	6484.72
890.323	6824.69
890.503	5968.63
890.683	6259.45
890.863	6550.26
891.043	6527.73
891.223	5982.97
891.403	6339.32
891.583	6593.26
891.763	6748.91
891.943	6179.58
892.122	6505.2
892.302	6728.43
892.482	6497.01
892.662	6132.47
892.842	6236.92
893.022	6464.24
893.201	6630.13
893.381	6259.45
893.561	5890.81
893.741	6589.17
893.92	6329.08
894.1	6122.23
894.28	6105.85
894.459	6802.16
894.639	6583.02
894.819	5935.87
894.998	6202.1
895.178	6693.62
895.357	6220.53
895.537	5966.59
895.716	5935.87
895.896	6411
896.075	6847.21
896.255	5931.77
896.434	5620.48
896.614	7002.86
896.793	6671.09
896.973	6191.86
897.152	6130.42
897.331	6185.72
897.511	6337.27
897.69	5401.35
897.87	5970.68
898.049	6472.43
898.228	6175.48
898.407	6095.61
898.587	6003.45
898.766	6206.2
898.945	6236.92
899.124	6247.16
899.304	5755.65
899.483	6419.19
899.662	6726.38
899.841	5528.32
900.02	5634.82
900.199	6222.58
900.378	6335.22
900.557	5591.81
900.737	5546.75
900.916	6062.84
901.095	6165.24
901.274	6040.31
901.453	5446.4
901.632	5917.44
901.811	5833.47
901.989	5581.57
902.168	5548.8
902.347	6206.2
902.526	5872.38
902.705	5636.86
902.884	5729.02
903.063	6486.77
903.242	6310.65
903.42	5528.32
903.599	5810.94
903.778	6019.83
903.957	6464.24
904.135	5645.06
904.314	5401.35
904.493	5880.57
904.672	5667.58
904.85	5405.44
905.029	5401.35
905.207	5743.36
905.386	6195.96
905.565	4901.64
905.743	5026.57
905.922	5565.18
906.1	5683.97
906.279	4727.57
906.457	4903.69
906.636	5483.27
906.814	5518.08
906.993	5090.06
907.171	4797.2
907.35	5409.54
907.528	6052.6
907.707	5167.88
907.885	4821.77
908.063	5692.16
908.242	5231.37
908.42	4770.57
908.598	4463.38
908.777	5430.02
908.955	5303.04
909.133	4901.64
909.311	4713.23
909.49	5206.79
909.668	5024.52
909.846	4604.69
910.024	4563.73
910.202	5262.09
910.38	5499.65
910.559	4651.79
910.737	4909.83
910.915	5214.98
911.093	5229.32
911.271	4799.24
911.449	4971.27
911.627	5319.43
911.805	5985.02
911.983	5198.6
912.161	4705.04
912.339	5358.34
912.517	5944.06
912.695	5231.37
912.872	5073.67
913.05	5571.33
913.228	5608.19
913.406	5077.77
913.584	4807.44
913.762	5831.42
913.939	5536.51
914.117	4930.31
914.295	4797.2
914.473	5329.67
914.65	5788.41
914.828	4932.36
915.006	4885.26
915.184	5200.65
915.361	5556.99
915.539	5081.86
915.716	5260.04
915.894	5415.68
916.072	5669.63
916.249	5245.7
916.427	5174.02
916.604	5298.95
916.782	5638.91
916.959	4844.3
917.137	4862.73
917.314	5188.36
917.492	5352.2
917.669	5108.49
917.847	5079.82
918.024	5257.99
918.201	5030.66
918.379	4846.35
918.556	4907.79
918.733	5374.72
918.911	5153.54
919.088	5223.17
919.265	4817.68
919.442	5266.18
919.62	5329.67
919.797	4805.39
919.974	4547.34
920.151	5491.46
920.328	5106.44
920.506	4715.28
920.683	5124.87
920.86	5016.33
921.037	5223.17
921.214	4811.53
921.391	4670.22
921.568	5292.8
921.745	5083.91
921.922	4707.09
922.099	4674.32
922.276	5243.65
922.453	5126.92
922.63	4571.92
922.807	4860.68
922.984	5184.26
923.161	5073.67
923.338	4772.62
923.514	4616.97
923.691	5331.72
923.868	5305.09
924.045	4475.67
924.222	4539.15
924.399	5034.76
924.575	5065.48
924.752	4625.17
924.929	4561.68
925.105	5096.2
925.282	4690.7
925.459	4676.37
925.635	4690.7
925.812	5081.86
925.989	4774.67
926.165	4602.64
926.342	4240.15
926.518	4760.33
926.695	4805.39
926.871	4412.18
927.048	4156.18
927.224	5045
927.401	4588.3
927.577	4262.68
927.754	4107.03
927.93	4942.6
928.107	4981.51
928.283	4092.69
928.459	4494.1
928.636	4834.06
928.812	4606.74
928.988	4201.24
929.165	4043.54
929.341	4430.61
929.517	4670.22
929.693	4746
929.87	3928.86
930.046	4850.44
930.222	4418.32
930.398	4059.93
930.574	4270.87
930.751	4379.41
930.927	4633.36
931.103	4254.48
931.279	4221.72
931.455	4477.71
931.631	4623.12
931.807	3779.36
931.983	3969.82
932.159	4199.19
932.335	4494.1
932.511	4027.16
932.687	3803.93
932.863	4234
933.039	4408.08
933.215	3607.33
933.391	3631.9
933.566	4131.61
933.742	4072.22
933.918	3724.06
934.094	3494.69
934.27	3988.25
934.445	3894.04
934.621	3783.45
934.797	3478.3
934.973	3914.52
935.148	3767.07
935.324	3199.78
935.5	3244.84
935.675	3912.47
935.851	3816.22
936.027	3535.65
936.202	3345.19
936.378	3922.71
936.553	3431.2
936.729	3984.15
936.904	3226.4
937.08	3230.5
937.255	3336.99
937.431	3029.8
937.606	2822.95
937.782	3146.53
937.957	3509.02
938.133	2798.38
938.308	2685.74
938.483	3183.4
938.659	2827.05
938.834	2939.69
939.009	2495.28
939.185	3095.33
939.36	2743.08
939.535	2190.13
939.71	2755.37
939.886	3173.16
940.061	2781.99
940.236	2964.26
940.411	2536.24
940.586	3089.19
940.761	2976.55
940.937	2358.07
941.112	2089.78
941.287	2587.44
941.462	2716.46
941.637	2204.47
941.812	2300.72
941.987	2618.16
942.162	2345.78
942.337	2321.2
942.512	2249.52
942.687	2861.87
942.862	2564.91
943.037	1735.48
943.212	1616.7
943.386	2315.06
943.561	2282.29
943.736	2450.22
943.911	2683.69
944.086	2720.56
944.26	2513.71
944.435	2038.58
944.61	2364.21
944.785	2478.9
944.959	3089.19
945.134	2177.84
945.309	1948.47
945.483	2097.97
945.658	2761.52
945.833	1798.97
946.007	1860.41
946.182	2886.44
946.357	2300.72
946.531	1893.18
946.706	2028.34
946.88	2263.86
947.055	2439.98
947.229	1964.86
947.404	1973.05
947.578	2569.01
947.752	2558.77
947.927	1897.27
948.101	1850.17
948.276	2894.63
948.45	2577.2
948.624	2552.62
948.799	1979.19
948.973	2472.75
949.147	2331.44
949.321	2169.65
949.496	2229.04
949.67	2886.44
949.844	2523.95
950.018	2116.41
950.193	2149.17
950.367	3085.09
950.541	2439.98
950.715	2210.61
950.889	2435.89
951.063	2472.75
951.237	2636.59
951.411	1968.95
951.585	2042.68
951.759	2587.44
951.933	2624.3
952.107	2190.13
952.281	2523.95
952.455	2986.79
952.629	2777.9
952.803	2388.78
952.977	2292.53
953.151	2861.87
953.325	2546.48
953.499	2497.33
953.672	1958.71
953.846	2573.1
954.02	2577.2
954.194	2351.92
954.368	2114.36
954.541	2808.62
954.715	2761.52
954.889	2450.22
955.062	2065.21
955.236	2442.03
955.41	2743.08
955.583	2583.34
955.757	2181.94
955.93	2683.69
956.104	2452.27
956.278	2190.13
956.451	2192.18
956.625	2726.7
956.798	2994.98
956.972	2677.55
957.145	1983.29
957.319	3148.58
957.492	2806.57
957.665	2591.53
957.839	2145.08
958.012	2773.8
958.185	2667.31
958.359	2396.98
958.532	2689.84
958.705	2820.91
958.879	2730.8
959.052	2497.33
959.225	2233.14
959.398	2820.91
959.572	2837.29
959.745	2349.87
959.918	2380.59
960.091	2904.87
960.264	3019.56
960.438	2263.86
960.611	2337.59
960.784	3048.23
960.957	2657.07
961.13	3007.27
961.303	2329.39
961.476	2843.43
961.649	3148.58
961.822	2327.35
961.995	2716.46
962.168	2755.37
962.341	3033.9
962.514	2358.07
962.686	2321.2
962.859	2804.52
963.032	2884.39
963.205	2411.31
963.378	2067.25
963.551	2818.86
963.723	2534.19
963.896	2589.49
964.069	2603.82
964.242	2816.81
964.414	3263.27
964.587	2435.89
964.76	2521.9
964.932	2872.11
965.105	2726.7
965.278	2396.98
965.45	2239.28
965.623	2951.98
965.795	2845.48
965.968	2310.96
966.14	2374.45
966.313	2751.28
966.485	2802.47
966.658	2321.2
966.83	2302.77
967.003	2902.83
967.175	2872.11
967.348	2239.28
967.52	2403.12
967.692	3201.83
967.865	2984.74
968.037	2345.78
968.209	2571.05
968.382	2775.85
968.554	3009.32
968.726	2257.71
968.898	2222.9
969.071	3035.94
969.243	2743.08
969.415	2302.77
969.587	2435.89
969.759	3058.47
969.932	2751.28
970.104	2337.59
970.276	1815.35
970.448	2519.85
970.62	2583.34
970.792	2538.29
970.964	2435.89
971.136	3085.09
971.308	2652.97
971.48	2071.35
971.652	2298.67
971.824	3121.96
971.996	2560.81
972.168	2233.14
972.339	2341.68
972.511	2577.2
972.683	2566.96
972.855	2595.63
973.027	2077.49
973.199	2710.32
973.37	2786.09
973.542	2270
973.714	2356.02
973.886	2214.71
974.057	2724.65
974.229	2114.36
974.401	1927.99
974.572	2497.33
974.744	2175.8
974.915	2016.05
975.087	2014.01
975.259	2747.18
975.43	2351.92
975.602	1913.66
975.773	2032.44
975.945	2319.15
976.116	2665.26
976.288	2073.4
976.459	2313.01
976.63	2315.06
976.802	2372.4
976.973	1907.51
977.145	2374.45
977.316	3064.61
977.487	2779.95
977.659	2163.51
977.83	2085.69
978.001	2796.33
978.172	2558.77
978.344	1858.36
978.515	2067.25
978.686	2327.35
978.857	2775.85
979.028	2046.77
979.2	1942.33
979.371	2685.74
979.542	2249.52
979.713	2177.84
979.884	1747.77
980.055	2315.06
980.226	2378.55
980.397	1987.38
980.568	1833.79
980.739	2566.96
980.91	2227
981.081	2175.8
981.252	1936.18
981.423	2317.11
981.594	2302.77
981.765	1907.51
981.936	2124.6
982.106	2362.16
982.277	2526
982.448	1764.15
982.619	2229.04
982.79	1981.24
982.96	2374.45
983.131	2093.88
983.302	1444.67
983.472	2177.84
983.643	2315.06
983.814	2024.25
983.984	1876.79
984.155	2190.13
984.326	2394.93
984.496	1989.43
984.667	1950.52
984.837	1899.32
985.008	2642.73
985.178	2177.84
985.349	1854.27
985.519	2145.08
985.69	1977.14
985.86	1659.71
986.031	1700.67
986.201	2272.05
986.371	2149.17
986.542	1604.41
986.712	1573.69
986.882	2218.8
987.053	2177.84
987.223	1608.51
987.393	2124.6
987.563	1979.19
987.734	2274.1
987.904	2341.68
988.074	1583.93
988.244	1921.85
988.414	2038.58
988.585	1592.13
988.755	1880.89
988.925	2046.77
989.095	2544.43
989.265	1456.96
989.435	1790.78
989.605	2235.19
989.775	2325.3
989.945	2145.08
990.115	1512.25
990.285	1991.48
990.455	2005.81
990.625	1706.81
990.795	1477.44
990.965	2374.45
991.134	1872.7
991.304	1479.49
991.474	1413.95
991.644	1981.24
991.814	2280.24
991.984	1289.03
992.153	1465.15
992.323	1821.5
992.493	2077.49
992.662	1266.5
992.832	1712.96
993.002	1760.06
993.171	2220.85
993.341	1268.55
993.511	1440.58
993.68	1862.46
993.85	2071.35
994.019	1268.55
994.189	1397.57
994.358	1897.27
994.528	1850.17
994.697	1157.96
994.867	1243.97
995.036	2114.36
995.206	1731.39
995.375	1338.18
995.544	1667.9
995.714	2263.86
995.883	1831.74
996.052	1749.82
996.222	977.73
996.391	2149.17
996.56	1938.23
996.73	1264.45
996.899	1043.27
997.068	2071.35
997.237	1768.25
997.406	1180.48
997.576	1198.92
997.745	2120.5
997.914	1672
998.083	910.15
998.252	1184.58
998.421	1747.77
998.59	1538.88
998.759	1168.2
998.928	1024.84
999.097	1927.99
999.266	1768.25
999.435	1506.11
999.604	889.67
999.773	1893.18
999.942	1594.17
1000.111	817.99
1000.28	893.77
1000.448	1510.21
1000.617	1450.82
1000.786	1491.77
1000.955	889.67
1001.124	2048.82
1001.292	2315.06
1001.461	1090.37
1001.63	1016.65
1001.798	1766.2
1001.967	1704.76
1002.136	975.69
1002.304	1002.31
1002.473	1823.55
1002.642	1604.41
1002.81	1069.89
1002.979	1141.57
1003.147	1895.22
1003.316	1862.46
1003.484	949.06
1003.653	1051.46
1003.821	1633.08
1003.99	1516.35
1004.158	1223.49
1004.327	1153.86
1004.495	1532.73
1004.663	1575.74
1004.832	1239.87
1005	830.28
1005.168	1569.6
1005.337	1424.19
1005.505	662.35
1005.673	1215.3
1005.842	1676.09
1006.01	1362.75
1006.178	785.23
1006.346	889.67
1006.514	1379.14
1006.683	1975.1
1006.851	787.27
1007.019	1196.87
1007.187	1278.79
1007.355	1051.46
1007.523	654.16
1007.691	658.25
1007.859	1145.67
1008.027	2087.73
1008.195	824.14
1008.363	713.55
1008.531	1313.6
1008.699	1405.76
1008.867	584.52
1009.035	756.55
1009.203	1858.36
1009.37	1334.08
1009.538	832.33
1009.706	1645.37
1009.874	1231.68
1010.042	1352.51
1010.209	592.72
1010.377	512.85
1010.545	1487.68
1010.713	1268.55
1010.88	652.11
1011.048	717.64
1011.216	1239.87
1011.383	1518.4
1011.551	660.3
1011.718	600.91
1011.886	1274.69
1012.054	1461.06
1012.221	494.41
1012.389	523.09
1012.556	1198.92
1012.724	1571.65
1012.891	809.8
1013.058	387.92
1013.226	1364.8
1013.393	1291.07
1013.561	453.45
1013.728	418.64
1013.895	1575.74
1014.063	1266.5
1014.23	320.34
1014.397	545.61
1014.565	1297.22
1014.732	1067.85
1014.899	514.89
1015.066	473.93
1015.233	1297.22
1015.401	1299.27
1015.568	617.29
1015.735	717.64
1015.902	1495.87
1016.069	1366.85
1016.236	697.16
1016.403	383.82
1016.57	879.43
1016.737	1663.8
1016.904	623.44
1017.071	424.78
1017.238	869.19
1017.405	1192.77
1017.572	564.04
1017.739	926.54
1017.906	1411.9
1018.073	1360.7
1018.24	306
1018.407	666.44
1018.573	1157.96
1018.74	1243.97
1018.907	527.18
1019.074	240.47
1019.241	1194.82
1019.407	994.12
1019.574	400.21
1019.741	322.38
1019.907	1450.82
1020.074	1553.21
1020.241	97.11
1020.407	238.42
1020.574	895.82
1020.74	1012.55
1020.907	422.73
1021.073	330.58
1021.24	1715
1021.406	1196.87
1021.573	332.62
1021.739	306
1021.906	1239.87
1022.072	1035.08
1022.239	516.94
1022.405	414.54
1022.571	1092.42
1022.738	969.54
1022.904	324.43
1023.07	553.8
1023.237	965.45
1023.403	1248.07
1023.569	461.65
1023.735	375.63
1023.902	987.97
1024.068	1014.6
1024.234	117.59
1024.4	283.47
1024.566	793.42
1024.732	961.35
1024.898	334.67
1025.065	33.62
1025.231	895.82
1025.397	779.08
1025.563	439.12
1025.729	201.55
1025.895	482.13
1026.061	725.83
1026.227	2.9
1026.392	422.73
1026.558	920.39
1026.724	1141.57
1026.89	330.58
1027.056	478.03
1027.222	719.69
1027.388	852.81
1027.553	252.75
1027.719	136.02
1027.885	1350.46
1028.051	811.85
1028.216	-1.19
1028.382	289.62
1028.548	781.13
1028.713	813.9
1028.879	43.86
1029.045	525.13
1029.21	1096.52
1029.376	920.39
1029.541	330.58
1029.707	265.04
1029.873	938.82
1030.038	944.97
1030.204	195.41
1030.369	222.03
1030.534	969.54
1030.7	637.77
1030.865	308.05
1031.031	131.92
1031.196	865.1
1031.361	854.86
1031.527	207.7
1031.692	150.36
1031.857	508.75
1032.023	961.35
1032.188	115.54
1032.353	119.64
1032.518	1045.32
1032.684	746.31
1032.849	-81.07
1033.014	373.58
1033.179	693.07
1033.344	824.14
1033.509	334.67
1033.674	226.13
1033.839	879.43
1034.004	899.91
1034.17	215.89
1034.335	56.15
1034.5	662.35
1034.664	648.01
1034.829	131.92
1034.994	303.95
1035.159	496.46
1035.324	967.49
1035.489	146.26
1035.654	72.53
1035.819	1559.36
1035.984	777.03
1036.148	322.38
1036.313	207.7
1036.478	967.49
1036.643	555.85
1036.807	58.2
1036.972	-1.19
1037.137	1243.97
1037.301	625.48
1037.466	-179.37
1037.631	285.52
1037.795	856.9
1037.96	629.58
1038.124	441.17
1038.289	-25.77
1038.454	656.2
1038.618	856.9
1038.783	232.27
1038.947	244.56
1039.111	537.42
1039.276	623.44
1039.44	60.24
1039.605	873.29
1039.769	609.1
1039.933	584.52
1040.098	353.1
1040.262	455.5
1040.426	883.53
1040.591	750.41
1040.755	7
1040.919	111.44
1041.083	885.58
1041.248	572.24
1041.412	-193.7
1041.576	11.09
1041.74	516.94
1041.904	709.45
1042.068	-5.29
1042.232	172.88
1042.397	1088.32
1042.561	664.4
1042.725	-189.61
1042.889	115.54
1043.053	742.22
1043.217	547.66
1043.381	113.49
1043.544	-56.49
1043.708	770.89
1043.872	412.5
1044.036	-203.94
1044.2	-144.55
1044.364	805.71
1044.528	863.05
1044.691	8121.05
1044.855	-124.07
1045.019	721.74
1045.183	811.85
1045.346	133.97
1045.51	-181.42
1045.674	770.89
1045.837	619.34
1046.001	4.95
1046.165	68.44
1046.328	1178.44
1046.492	473.93
1046.655	336.72
1046.819	72.53
1046.983	621.39
1047.146	412.5
1047.31	250.71
1047.473	-224.42
1047.636	504.65
1047.8	342.86
1047.963	70.48
1048.127	-115.88
1048.29	400.21
