345.52	-1323.5
345.736	-1323.5
345.952	-1323.5
346.168	-1372.65
346.384	-1395.18
346.6	-229.88
346.816	-258.56
347.032	-240.12
347.248	601.59
347.464	-283.13
347.68	-176.64
347.896	-61.95
348.112	323.07
348.328	-98.81
348.544	62.98
348.76	189.95
348.975	171.52
349.191	-418.3
349.407	-467.45
349.623	224.76
349.839	52.74
350.055	-344.57
350.27	-61.95
350.486	161.28
350.702	263.68
350.918	384.51
351.133	-215.55
351.349	151.04
351.565	503.29
351.781	-436.73
351.996	36.35
352.212	118.27
352.428	101.89
352.644	-377.34
352.859	-295.42
353.075	298.49
353.291	99.84
353.506	-221.69
353.722	-399.87
353.938	36.35
354.153	450.04
354.369	273.92
354.584	-301.56
354.8	159.23
355.016	-117.25
355.231	-365.05
355.447	-98.81
355.662	364.03
355.878	781.81
356.093	-535.03
356.309	-98.81
356.524	-98.81
356.74	560.63
356.955	-393.72
357.171	15.87
357.386	220.67
357.602	-59.9
357.817	-49.66
358.033	-231.93
358.248	343.55
358.464	278.01
358.679	-205.31
358.895	-381.43
359.11	28.16
359.325	208.38
359.541	411.13
359.756	-98.81
359.972	-133.63
360.187	536.06
360.402	-356.86
360.618	-287.23
360.833	1621.48
361.048	128.51
361.264	-242.17
361.479	-33.28
361.694	157.18
361.909	290.3
362.125	-377.34
362.34	-236.03
362.555	380.41
362.77	310.78
362.986	-455.16
363.201	-299.52
363.416	230.91
363.631	46.59
363.847	-311.8
364.062	-291.32
364.277	112.13
364.492	-37.38
364.707	-299.52
364.922	-438.78
365.138	243.2
365.353	361.98
365.568	-455.16
365.783	-260.6
365.998	419.32
366.213	572.92
366.428	-381.43
366.643	69.12
366.858	255.48
367.073	286.2
367.288	-262.65
367.503	-428.54
367.718	46.59
367.933	491
368.148	-299.52
368.363	-84.48
368.578	237.05
368.793	452.09
369.008	-141.82
369.223	-438.78
369.438	304.64
369.653	159.23
369.868	-412.15
370.083	-358.91
370.298	175.61
370.513	603.64
370.728	56.83
370.943	-330.23
371.157	3.58
371.372	775.67
371.587	-446.97
371.802	-430.59
372.017	77.31
372.232	462.33
372.446	-23.04
372.661	-340.47
372.876	204.28
373.091	247.29
373.306	-197.12
373.52	-442.87
373.735	-16.9
373.95	587.26
374.165	-242.17
374.379	-303.61
374.594	36.35
374.809	398.84
375.023	85.5
375.238	-299.52
375.453	259.58
375.667	-119.29
375.882	-344.57
376.097	-328.19
376.311	75.26
376.526	302.59
376.741	-420.35
376.955	243.2
377.17	466.42
377.384	869.87
377.599	22.02
377.813	-557.56
378.028	779.76
378.242	349.69
378.457	-160.25
378.672	-383.48
378.886	54.78
379.101	126.46
379.315	-492.02
379.53	-168.45
379.744	349.69
379.958	200.19
380.173	-238.08
380.387	-295.42
380.602	278.01
380.816	13.82
381.031	-233.98
381.245	-139.77
381.459	241.15
381.674	3196.37
381.888	-444.92
382.103	255.48
382.317	26.11
382.531	349.69
382.746	-121.34
382.96	-311.8
383.174	44.54
383.388	632.31
383.603	58.88
383.817	-532.98
384.031	99.84
384.246	429.56
384.46	-6.66
384.674	652.79
384.888	60.93
385.103	384.51
385.317	-489.98
385.531	-2.56
385.745	718.33
385.959	468.47
386.174	-274.94
386.388	-330.23
386.602	177.66
386.816	69.12
387.03	-164.35
387.244	-182.78
387.458	245.24
387.672	439.8
387.887	-504.31
388.101	-336.38
388.315	351.74
388.529	124.41
388.743	-256.51
388.957	-332.28
389.171	445.95
389.385	-39.42
389.599	-373.24
389.813	34.3
390.027	151.04
390.241	790
390.455	-227.84
390.669	-139.77
390.883	208.38
391.097	646.65
391.311	99.84
391.525	-256.51
391.738	409.08
391.952	464.38
392.166	42.5
392.38	-393.72
392.594	456.19
392.808	337.4
393.022	-33.28
393.236	-244.22
393.449	179.71
393.663	454.14
393.877	-326.14
394.091	-92.67
394.305	108.03
394.518	134.65
394.732	-279.04
394.946	-188.93
395.16	738.8
395.373	187.9
395.587	-330.23
395.801	-254.46
396.015	304.64
396.228	290.3
396.442	-332.28
396.656	-467.45
396.869	335.35
397.083	673.27
397.297	-59.9
397.51	-193.02
397.724	228.86
397.938	192
398.151	-463.35
398.365	-379.39
398.578	380.41
398.792	529.91
399.005	-23.04
399.219	-254.46
399.433	220.67
399.646	454.14
399.86	89.6
400.073	114.17
400.287	175.61
400.5	278.01
400.714	36.35
400.927	-84.48
401.141	493.05
401.354	1707.49
401.567	478.71
401.781	-414.2
401.994	200.19
402.208	751.09
402.421	-160.25
402.635	-186.88
402.848	-47.62
403.061	329.21
403.275	-43.52
403.488	-371.19
403.701	589.3
403.915	562.68
404.128	73.21
404.341	-209.4
404.555	712.18
404.768	77.31
404.981	69.12
405.195	-186.88
405.408	437.75
405.621	419.32
405.834	126.46
406.048	-272.89
406.261	447.99
406.474	484.86
406.687	-156.16
406.9	-74.24
407.114	255.48
407.327	507.38
407.54	-348.67
407.753	-428.54
407.966	89.6
408.179	155.13
408.392	-313.85
408.605	-391.67
408.819	333.31
409.032	361.98
409.245	-197.12
409.458	161.28
409.671	253.44
409.884	447.99
410.097	-389.63
410.31	54.78
410.523	562.68
410.736	167.42
410.949	-100.86
411.162	-160.25
411.375	433.66
411.588	271.87
411.801	46.59
412.014	-203.26
412.227	120.32
412.44	267.77
412.653	-145.92
412.865	112.13
413.078	445.95
413.291	390.65
413.504	15.87
413.717	-268.8
413.93	476.66
414.143	38.4
414.356	-90.62
414.568	-346.62
414.781	398.84
414.994	368.12
415.207	-104.96
415.42	-78.33
415.632	341.5
415.845	810.48
416.058	-451.07
416.271	-272.89
416.483	255.48
416.696	632.31
416.909	-297.47
417.121	-256.51
417.334	220.67
417.547	548.34
417.759	-279.04
417.972	-299.52
418.185	210.43
418.397	370.17
418.61	-193.02
418.823	-125.44
419.035	570.87
419.248	253.44
419.46	-133.63
419.673	30.21
419.885	171.52
420.098	239.1
420.311	-182.78
420.523	-520.7
420.736	404.99
420.948	300.54
421.161	-188.93
421.373	-332.28
421.586	65.02
421.798	52.74
422.01	-350.71
422.223	124.41
422.435	17.92
422.648	587.26
422.86	-184.83
423.073	-74.24
423.285	253.44
423.497	95.74
423.71	-166.4
423.922	-117.25
424.134	503.29
424.347	708.09
424.559	237.05
424.771	275.96
424.984	382.46
425.196	318.97
425.408	-408.06
425.621	-213.5
425.833	359.93
426.045	656.89
426.257	-338.43
426.47	-23.04
426.682	114.17
426.894	278.01
427.106	-276.99
427.318	-135.68
427.531	228.86
427.743	347.64
427.955	-82.43
428.167	564.73
428.379	173.57
428.591	93.69
428.804	40.45
429.016	-289.28
429.228	300.54
429.44	378.36
429.652	13630.77
429.864	-291.32
430.076	351.74
430.288	355.83
430.5	-4.61
430.712	-27.14
430.924	402.94
431.136	462.33
431.348	-274.94
431.56	-184.83
431.772	169.47
431.984	144.89
432.196	-270.84
432.408	-139.77
432.62	218.62
432.832	439.8
433.044	230.91
433.256	62.98
433.468	452.09
433.679	-12.8
433.891	-238.08
434.103	101.89
434.315	722.42
434.527	519.67
434.739	32.26
434.95	-152.06
435.162	368.12
435.374	30.21
435.586	48.64
435.798	-123.39
436.009	206.33
436.221	269.82
436.433	-29.18
436.645	-88.57
436.856	153.09
437.068	601.59
437.28	-223.74
437.491	255.48
437.703	495.1
437.915	341.5
438.126	-170.49
438.338	339.45
438.55	257.53
438.761	255.48
438.973	-47.62
439.184	-8.7
439.396	218.62
439.608	355.83
439.819	-125.44
440.031	48.64
440.242	581.11
440.454	425.47
440.665	-61.95
440.877	128.51
441.088	644.6
441.3	372.22
441.511	-340.47
441.723	-82.43
441.934	740.85
442.146	480.76
442.357	24.06
442.569	546.3
442.78	560.63
442.991	1007.09
443.203	445.95
443.414	-74.24
443.626	800.24
443.837	368.12
444.048	-156.16
444.26	-238.08
444.471	517.62
444.682	466.42
444.894	-117.25
445.105	-223.74
445.316	642.55
445.528	493.05
445.739	148.99
445.95	65.02
446.161	400.89
446.373	505.34
446.584	9.73
446.795	-78.33
447.006	757.24
447.217	685.56
447.429	-109.05
447.64	-262.65
447.851	1281.52
448.062	620.02
448.273	-178.69
448.484	-90.62
448.695	550.39
448.907	511.48
449.118	93.69
449.329	374.27
449.54	331.26
449.751	409.08
449.962	-78.33
450.173	-78.33
450.384	570.87
450.595	857.59
450.806	-23.04
451.017	89.6
451.228	865.78
451.439	607.73
451.65	97.79
451.861	-397.82
452.072	286.2
452.283	484.86
452.494	294.4
452.705	-57.86
452.915	972.27
453.126	550.39
453.337	253.44
453.548	-82.43
453.759	859.63
453.97	808.44
454.181	540.15
454.391	118.27
454.602	513.53
454.813	812.53
455.024	142.85
455.235	-47.62
455.445	833.01
455.656	566.78
455.867	331.26
456.078	112.13
456.288	392.7
456.499	677.37
456.71	-33.28
456.921	368.12
457.131	615.93
457.342	445.95
457.553	144.89
457.763	54.78
457.974	521.72
458.184	626.17
458.395	-18.94
458.606	-51.71
458.816	810.48
459.027	931.31
459.237	267.77
459.448	-57.86
459.659	714.23
459.869	1408.49
460.08	-178.69
460.29	271.87
460.501	771.57
460.711	656.89
460.922	-147.97
461.132	17.92
461.343	1461.74
461.553	460.28
461.764	11.78
461.974	128.51
462.184	847.35
462.395	824.82
462.605	196.09
462.816	-98.81
463.026	763.38
463.236	693.75
463.447	93.69
463.657	103.93
463.867	886.26
464.078	562.68
464.288	85.5
464.498	85.5
464.709	749.04
464.919	712.18
465.129	241.15
465.339	73.21
465.55	660.98
465.76	857.59
465.97	278.01
466.18	171.52
466.391	851.44
466.601	712.18
466.811	349.69
467.021	-43.52
467.231	898.55
467.441	1009.14
467.651	144.89
467.862	-98.81
468.072	751.09
468.282	769.52
468.492	122.37
468.702	327.16
468.912	785.91
469.122	1488.36
469.332	609.78
469.542	181.76
469.752	1084.91
469.962	882.16
470.172	-8.7
470.382	265.72
470.592	1140.21
470.802	996.85
471.012	513.53
471.222	173.57
471.432	804.34
471.642	945.65
471.852	441.85
472.062	316.92
472.272	849.4
472.482	830.96
472.691	318.97
472.901	187.9
473.111	652.79
473.321	1400.3
473.531	269.82
473.741	605.69
473.95	1048.05
474.16	988.66
474.37	636.41
474.58	185.85
474.79	1517.03
474.999	1041.9
475.209	331.26
475.419	429.56
475.628	966.13
475.838	1412.59
476.048	566.78
476.258	206.33
476.467	1213.93
476.677	896.5
476.886	806.39
477.096	589.3
477.306	1062.38
477.515	1193.45
477.725	818.68
477.935	744.95
478.144	1639.91
478.354	1050.1
478.563	652.79
478.773	538.1
478.982	1351.15
479.192	1330.67
479.401	720.37
479.611	546.3
479.82	923.12
480.03	1279.47
480.239	486.9
480.449	447.99
480.658	1418.73
480.868	1248.75
481.077	919.03
481.287	699.89
481.496	1199.6
481.705	1435.11
481.915	1193.45
482.124	1035.76
482.333	1308.14
482.543	1764.84
482.752	998.9
482.961	755.19
483.171	1439.21
483.38	1170.93
483.589	863.73
483.799	728.56
484.008	1297.9
484.217	1297.9
484.426	800.24
484.636	691.7
484.845	1592.81
485.054	1129.97
485.263	1367.53
485.472	820.72
485.682	1551.85
485.891	1392.11
486.1	740.85
486.309	865.78
486.518	1588.71
486.727	2317.79
486.936	790
487.146	1285.61
487.355	1850.85
487.564	1406.44
487.773	1095.15
487.982	978.42
488.191	1359.34
488.4	1930.72
488.609	1062.38
488.818	1021.42
489.027	1889.76
489.236	1949.15
489.445	1070.58
489.654	839.16
489.863	2000.35
490.072	1533.42
490.281	1682.92
490.49	1357.29
490.698	1990.11
490.907	2270.69
491.116	1328.62
491.325	1060.34
491.534	1906.15
491.743	1566.18
491.952	1322.48
492.16	1312.24
492.369	1967.59
492.578	2194.91
492.787	1281.52
492.996	1054.19
493.204	1590.76
493.413	2227.68
493.622	1002.99
493.831	941.55
494.039	2309.6
494.248	1574.38
494.457	1197.55
494.665	1019.38
494.874	2072.03
495.083	2608.6
495.291	1246.7
495.5	1205.74
495.709	2041.31
495.917	1877.48
496.126	1523.18
496.335	1291.76
496.543	1926.63
496.752	1850.85
496.96	1816.04
497.169	1293.8
497.377	1766.89
497.586	2022.88
497.794	1619.43
498.003	1168.88
498.211	2037.22
498.42	2072.03
498.628	1463.79
498.837	1494.51
499.045	2057.7
499.254	1926.63
499.462	1388.01
499.671	1369.58
499.879	2782.68
500.087	2211.29
500.296	1340.91
500.504	1613.29
500.713	2074.08
500.921	2426.33
501.129	1555.94
501.338	1400.3
501.546	2180.57
501.754	2119.14
501.962	1560.04
502.171	1420.78
502.379	2053.6
502.587	2276.83
502.795	1662.44
503.004	1572.33
503.212	2498.01
503.42	2334.17
503.628	1650.15
503.837	1793.51
504.045	2256.35
504.253	2885.08
504.461	1646.05
504.669	1390.06
504.877	2504.15
505.085	2510.3
505.294	1478.12
505.502	1908.19
505.71	2622.94
505.918	2213.34
506.126	1496.55
506.334	1598.95
506.542	2371.04
506.75	2254.3
506.958	2002.4
507.166	1652.2
507.374	1973.73
507.582	2504.15
507.79	1955.3
507.998	1752.55
508.206	2659.8
508.414	2481.63
508.622	1748.45
508.83	1697.25
509.037	2330.08
509.245	2057.7
509.453	1781.22
509.661	1617.38
509.869	2557.4
510.077	2231.77
510.285	2035.17
510.492	1543.66
510.7	2889.17
510.908	2274.78
511.116	1768.93
511.324	1818.08
511.531	2268.64
511.739	2592.22
511.947	2215.39
512.155	2358.75
512.362	2616.79
512.57	2100.7
512.778	1756.65
512.985	1553.9
513.193	2395.61
513.401	2715.09
513.608	2119.14
513.816	1922.53
514.024	2524.63
514.231	2725.33
514.439	1934.82
514.646	1992.16
514.854	2911.7
515.061	2500.06
515.269	2018.79
515.477	1916.39
515.684	2430.43
515.892	2696.66
516.099	1699.3
516.307	1701.35
516.514	2862.55
516.722	3034.58
516.929	2022.88
517.136	1936.87
517.344	2780.63
517.551	2719.19
517.759	1848.8
517.966	2043.36
518.173	2555.35
518.381	2500.06
518.588	2117.09
518.796	1986.02
519.003	2821.59
519.21	2751.96
519.418	2092.51
519.625	2557.4
519.832	2653.66
520.039	2766.29
520.247	1766.89
520.454	2194.91
520.661	2760.15
520.868	2797.01
521.076	1953.25
521.283	2205.15
521.49	3184.08
521.697	2676.18
521.904	2199.01
522.112	2244.06
522.319	3003.86
522.526	2727.38
522.733	2004.45
522.94	2026.98
523.147	3007.95
523.354	2674.14
523.561	2057.7
523.768	2489.82
523.975	3077.59
524.183	2930.13
524.39	2397.66
524.597	2018.79
524.804	2653.66
525.011	2700.76
525.218	2276.83
525.425	2067.94
525.632	3372.49
525.838	2639.32
526.045	2182.62
526.252	2295.26
526.459	4531.64
526.666	4535.74
526.873	2239.97
527.08	2190.81
527.287	3120.59
527.494	3083.73
527.701	2344.41
527.907	2072.03
528.114	3118.54
528.321	3077.59
528.528	2190.81
528.735	2252.25
528.941	2737.62
529.148	2749.91
529.355	2516.44
529.562	2354.65
529.768	3814.85
529.975	2962.9
530.182	2473.43
530.388	2321.88
530.595	3130.83
530.802	2756.05
531.008	2770.39
531.215	2495.96
531.422	3933.64
531.628	3775.94
531.835	2383.32
532.042	2657.75
532.248	3200.46
532.455	3155.41
532.661	2563.54
532.868	2407.9
533.074	3200.46
533.281	3392.97
533.487	2541.02
533.694	2395.61
533.9	2975.19
534.107	2964.95
534.313	2553.31
534.52	2272.73
534.726	3036.63
534.933	3747.27
535.139	2577.88
535.345	2438.62
535.552	3694.02
535.758	3368.4
535.965	2647.51
536.171	2665.94
536.377	3409.36
536.584	3749.32
536.79	2520.54
536.996	2815.45
537.203	3370.44
537.409	3761.61
537.615	2692.57
537.821	2897.36
538.028	3808.71
538.234	3225.04
538.44	2723.29
538.646	2815.45
538.853	3208.66
539.059	3145.17
539.265	3321.29
539.471	2328.03
539.677	3638.73
539.883	3454.41
540.09	4517.31
540.296	3309.01
540.502	3231.18
540.708	3261.9
540.914	3171.79
541.12	2764.25
541.326	3587.53
541.532	3487.18
541.738	3071.44
541.944	2878.93
542.15	3685.83
542.356	3313.1
542.562	2756.05
542.768	2858.45
542.974	3782.09
543.18	3845.57
543.386	3001.81
543.592	2596.31
543.798	4179.39
544.004	3866.05
544.21	2842.07
544.415	2954.71
544.621	3739.08
544.827	4363.71
545.033	2911.7
545.239	3315.15
545.445	3349.96
545.651	3636.68
545.856	2926.04
546.062	2872.79
546.268	3608.01
546.474	3618.25
546.679	3016.15
546.885	2915.8
547.091	3513.8
547.297	4136.38
547.502	3065.3
547.708	2731.48
547.914	3528.14
548.119	3909.06
548.325	2966.99
548.531	2858.45
548.736	4242.88
548.942	3507.66
549.147	2883.03
549.353	3339.73
549.559	4070.85
549.764	4001.22
549.97	2915.8
550.175	3077.59
550.381	3857.86
550.586	3354.06
550.792	3210.7
550.997	3120.59
551.203	3990.98
551.408	4027.84
551.614	2995.67
551.819	3040.72
552.025	4300.22
552.23	3806.66
552.435	3089.87
552.641	3409.36
552.846	3743.17
553.052	4322.75
553.257	3349.96
553.462	3153.36
553.668	3663.3
553.873	3847.62
554.078	3036.63
554.283	3192.27
554.489	4038.08
554.694	3755.46
554.899	3073.49
555.105	3534.28
555.31	4044.23
555.515	4050.37
555.72	3433.93
555.925	4404.67
556.131	4165.06
556.336	3976.64
556.541	3116.5
556.746	3188.18
556.951	4300.22
557.156	4025.79
557.361	3433.93
557.567	3478.99
557.772	4107.71
557.977	4079.04
558.182	3288.53
558.387	3306.96
558.592	3751.37
558.797	4482.49
559.002	3333.58
559.207	3476.94
559.412	4187.58
559.617	4511.16
559.822	3167.7
560.027	3079.63
560.232	3806.66
560.437	4169.15
560.642	3007.95
560.847	3268.05
561.051	3691.98
561.256	4093.38
561.461	3386.83
561.666	3188.18
561.871	3921.35
562.076	4478.4
562.281	3388.88
562.485	3431.88
562.69	4142.53
562.895	4025.79
563.1	3503.56
563.305	3390.92
563.509	4251.07
563.714	4496.83
563.919	3397.07
564.123	3509.71
564.328	3976.64
564.533	4580.79
564.737	3608.01
564.942	3313.1
565.147	4365.76
565.351	4212.16
565.556	3581.39
565.761	3583.43
565.965	4242.88
566.17	4058.56
566.374	3534.28
566.579	3431.88
566.784	4146.62
566.988	4074.95
567.193	3319.25
567.397	3556.81
567.602	3995.08
567.806	4210.11
568.011	3489.23
568.215	3612.1
568.42	4068.8
568.624	4150.72
568.828	3462.6
569.033	3773.89
569.237	4392.38
569.442	4357.57
569.646	3325.39
569.85	3472.84
570.055	4269.5
570.259	4308.41
570.463	3913.16
570.668	3593.67
570.872	4326.85
571.076	4120
571.281	3888.58
571.485	3706.31
571.689	4392.38
571.893	4425.15
572.098	3784.13
572.302	3550.67
572.506	4369.85
572.71	4486.59
572.914	3644.87
573.119	3640.78
573.323	4611.51
573.527	4754.87
573.731	3747.27
573.935	3665.35
574.139	4275.65
574.343	4173.25
574.547	3694.02
574.751	3712.46
574.955	4552.12
575.159	4455.87
575.364	3794.37
575.568	3665.35
575.772	4384.19
575.976	4441.53
576.18	3597.77
576.383	3712.46
576.587	4509.12
576.791	4347.33
576.995	3499.47
577.199	3575.24
577.403	4154.82
577.607	4484.54
577.811	3694.02
578.015	3780.04
578.219	4357.57
578.422	4423.1
578.626	4087.23
578.83	4238.78
579.034	4775.35
579.238	4750.78
579.442	3878.34
579.645	4468.16
579.849	4314.56
580.053	4666.81
580.257	3962.31
580.46	4019.65
580.664	4701.62
580.868	4505.02
581.071	4064.71
581.275	4253.12
581.479	4287.93
581.682	4875.7
581.886	3931.59
582.09	4173.25
582.293	4779.45
582.497	4734.39
582.7	4138.43
582.904	3931.59
583.107	4681.14
583.311	4548.03
583.515	3964.36
583.718	4091.33
583.922	4824.5
584.125	5459.37
584.329	3976.64
584.532	4163.01
584.735	5082.55
584.939	4787.64
585.142	3722.7
585.346	3984.84
585.549	4603.32
585.753	4627.9
585.956	4097.47
586.159	4398.52
586.363	4988.34
586.566	4750.78
586.769	3941.83
586.973	3909.06
587.176	4836.79
587.379	4572.6
587.582	4396.48
587.786	4445.63
587.989	4836.79
588.192	5868.97
588.395	4222.4
588.599	4675
588.802	4816.31
589.005	4963.76
589.208	4283.84
589.411	4236.74
589.615	4636.09
589.818	5064.11
590.021	4650.43
590.224	4429.24
590.427	5125.55
590.63	4969.91
590.833	4072.9
591.036	4226.5
591.239	4767.16
591.442	4740.54
591.645	4511.16
591.848	4306.37
592.051	5023.16
592.254	4834.74
592.457	4492.73
592.66	4496.83
592.863	4881.85
593.066	5193.14
593.269	4201.92
593.472	4378.05
593.675	4713.91
593.878	4771.26
594.081	4357.57
594.284	4054.47
594.486	4967.86
594.689	4814.26
594.892	4533.69
595.095	4533.69
595.298	5023.16
595.5	4652.47
595.703	4687.29
595.906	4707.77
596.109	5119.41
596.311	4885.94
596.514	4007.36
596.717	4570.55
596.92	5146.03
597.122	5193.14
597.325	4146.62
597.528	4230.59
597.73	5391.79
597.933	5377.45
598.136	4357.57
598.338	4107.71
598.541	5524.91
598.743	5297.58
598.946	4550.07
599.148	4445.63
599.351	5313.97
599.554	5203.38
599.756	4484.54
599.959	4601.27
600.161	5232.05
600.363	5567.92
600.566	4879.8
600.768	4502.97
600.971	5240.24
601.173	5215.66
601.376	4650.43
601.578	4449.72
601.78	5186.99
601.983	5828.01
602.185	4386.24
602.388	4963.76
602.59	5141.94
602.792	5094.83
602.995	4853.17
603.197	4621.75
603.399	5475.76
603.601	5610.92
603.804	4724.15
604.006	4537.79
604.208	4808.12
604.41	4896.18
604.613	4904.37
604.815	4476.35
605.017	5565.87
605.219	5123.51
605.421	5453.23
605.623	4640.19
605.826	5434.8
606.028	5871.01
606.23	4607.42
606.432	4505.02
606.634	5311.92
606.836	5449.13
607.038	4359.61
607.24	4705.72
607.442	5434.8
607.644	5232.05
607.846	4738.49
608.048	4474.3
608.25	5744.04
608.452	5164.47
608.654	4875.7
608.856	4320.7
609.058	5369.26
609.26	5588.39
609.462	4742.58
609.664	4785.59
609.866	5504.43
610.067	5387.69
610.269	4851.13
610.471	4777.4
610.673	5262.77
610.875	5641.64
611.077	4505.02
611.278	4887.99
611.48	5453.23
611.682	5633.45
611.884	4908.47
612.085	4933.04
612.287	5311.92
612.489	5373.36
612.69	4513.21
612.892	4887.99
613.094	5762.47
613.295	5189.04
613.497	4591.03
613.699	4679.1
613.9	5483.95
614.102	5336.49
614.304	4779.45
614.505	4679.1
614.707	5170.61
614.908	5582.25
615.11	4646.33
615.311	5033.4
615.513	5582.25
615.714	5363.12
615.916	4505.02
616.117	4959.67
616.319	5543.34
616.52	5500.33
616.722	4828.6
616.923	4775.35
617.124	5600.68
617.326	5512.62
617.527	5051.83
617.729	5172.66
617.93	5533.1
618.131	5596.59
618.333	4879.8
618.534	4963.76
618.735	5635.5
618.937	5741.99
619.138	5033.4
619.339	4896.18
619.54	5576.11
619.742	5324.21
619.943	5168.56
620.144	4992.44
620.345	5739.94
620.546	5553.58
620.748	4904.37
620.949	5012.92
621.15	5504.43
621.351	5426.61
621.552	4904.37
621.753	4758.97
621.954	5170.61
622.155	5873.06
622.356	4908.47
622.558	5348.78
622.759	5590.44
622.96	5819.82
623.161	4914.61
623.362	4804.02
623.563	5514.67
623.764	5516.72
623.965	4922.8
624.166	5289.39
624.366	5336.49
624.567	5535.15
624.768	4517.31
624.969	4931
625.17	5305.78
625.371	5344.69
625.572	5234.1
625.773	5055.92
625.973	5608.87
626.174	5705.13
626.375	4935.09
626.576	4804.02
626.777	5635.5
626.977	5789.1
627.178	5113.27
627.379	5330.35
627.58	5526.96
627.78	5418.41
627.981	5041.59
628.182	5305.78
628.382	5670.31
628.583	5236.14
628.784	4816.31
628.984	5209.52
629.185	5535.15
629.386	5705.13
629.586	5068.21
629.787	4865.46
629.987	5535.15
630.188	5707.18
630.388	4978.1
630.589	5389.74
630.79	6428.06
630.99	5567.92
631.191	5000.63
631.391	5332.4
631.591	5664.17
631.792	5963.17
631.992	5348.78
632.193	5168.56
632.393	5889.45
632.594	5426.61
632.794	4816.31
632.994	5213.62
633.195	5438.89
633.395	5467.56
633.595	5197.23
633.796	5381.55
633.996	5586.35
634.196	5903.78
634.397	4775.35
634.597	5066.16
634.797	5340.59
634.997	5973.41
635.198	5481.9
635.398	4947.38
635.598	5660.07
635.798	5580.2
635.998	5631.4
636.199	5041.59
636.399	5361.07
636.599	5301.68
636.799	5027.25
636.999	5586.35
637.199	5631.4
637.399	6026.66
637.599	5035.44
637.799	5279.15
637.999	5617.07
638.199	5768.62
638.399	5023.16
638.599	5006.77
638.799	5860.77
638.999	6084
639.199	5375.41
639.399	5225.9
639.599	5860.77
639.799	5451.18
639.999	4951.48
640.199	4978.1
640.399	5520.81
640.599	5918.12
640.799	5475.76
640.998	5363.12
641.198	5758.38
641.398	5758.38
641.598	5436.85
641.798	5363.12
641.997	6911.38
642.197	5526.96
642.397	5449.13
642.597	5479.85
642.796	5823.91
642.996	5760.42
643.196	5617.07
643.395	5025.2
643.595	5727.66
643.795	5268.91
643.994	5225.9
644.194	5488.04
644.394	6176.16
644.593	6104.48
644.793	5162.42
644.992	5385.65
645.192	5944.74
645.392	5547.44
645.591	5598.63
645.791	5502.38
645.99	6157.73
646.19	5688.75
646.389	5266.86
646.589	5346.73
646.788	5928.36
646.987	5889.45
647.187	5901.73
647.386	5725.61
647.586	5856.68
647.785	6075.81
647.984	5113.27
648.184	5617.07
648.383	5690.79
648.582	5524.91
648.782	5266.86
648.981	5543.34
649.18	5633.45
649.38	5555.63
649.579	5486
649.778	5428.65
649.977	6122.91
650.177	5813.67
650.376	5238.19
650.575	5256.62
650.774	5987.75
650.973	5737.9
651.173	5137.84
651.372	5543.34
651.571	5731.75
651.77	6114.72
651.969	5469.61
652.168	5498.28
652.367	5512.62
652.566	5895.59
652.765	5494.19
652.964	6016.42
653.163	6139.3
653.362	5574.06
653.561	5262.77
653.76	5572.01
653.959	5752.23
654.158	6026.66
654.357	5660.07
654.556	5391.79
654.755	6043.04
654.954	6026.66
655.153	5467.56
655.352	5686.7
655.551	6165.92
655.749	5875.11
655.948	5545.39
656.147	5641.64
656.346	5758.38
656.545	5957.03
656.743	5721.51
656.942	5557.68
657.141	6073.76
657.34	5785
657.538	5453.23
657.737	5551.53
657.936	6063.52
658.135	5936.55
658.333	5617.07
658.532	5813.67
658.731	6342.05
658.929	6141.35
659.128	5905.83
659.326	5410.22
659.525	6462.88
659.724	6036.9
659.922	5316.01
660.121	5258.67
660.319	6047.14
660.518	5744.04
660.716	5479.85
660.915	5338.54
661.113	6251.94
661.312	5778.86
661.51	5617.07
661.709	5533.1
661.907	5997.99
662.105	6163.87
662.304	5574.06
662.502	5737.9
662.701	6374.81
662.899	5868.97
663.097	5930.41
663.296	5514.67
663.494	6274.46
663.692	6321.57
663.891	5455.28
664.089	5348.78
664.287	6225.31
664.485	6094.24
664.684	5389.74
664.882	5672.36
665.08	6012.32
665.278	6008.23
665.476	5526.96
665.675	6008.23
665.873	6174.11
666.071	6225.31
666.269	5481.9
666.467	5963.17
666.665	6292.9
666.863	6020.52
667.061	5692.84
667.259	5455.28
667.457	5782.95
667.655	6006.18
667.853	5459.37
668.051	5836.2
668.249	5832.1
668.447	6364.57
668.645	5498.28
668.843	5916.07
669.041	6231.46
669.239	5791.14
669.437	5721.51
669.635	5901.73
669.833	5803.43
670.031	5987.75
670.229	5598.63
670.426	5852.58
670.624	5875.11
670.822	5983.65
671.02	5483.95
671.218	5703.08
671.415	5817.77
671.613	5840.29
671.811	5844.39
672.009	5459.37
672.206	6198.69
672.404	5860.77
672.602	5866.92
672.799	5772.71
672.997	6151.59
673.195	5928.36
673.392	5770.66
673.59	5469.61
673.788	6153.63
673.985	5561.77
674.183	5815.72
674.38	5453.23
674.578	6157.73
674.775	5789.1
674.973	5252.53
675.17	5350.83
675.368	6184.35
675.565	5774.76
675.763	5526.96
675.96	5545.39
676.158	6059.43
676.355	5893.54
676.553	5291.44
676.75	5504.43
676.947	5682.6
677.145	5920.17
677.342	5764.52
677.539	5610.92
677.737	6157.73
677.934	6221.22
678.131	5666.22
678.329	5463.47
678.526	6667.67
678.723	6243.74
678.92	5778.86
679.118	5795.24
679.315	5924.26
679.512	6251.94
679.709	5617.07
679.906	5514.67
680.104	6368.67
680.301	5854.63
680.498	5301.68
680.695	5451.18
680.892	5879.21
681.089	5975.46
681.286	5625.26
681.483	5236.14
681.68	5682.6
681.877	5969.32
682.075	5459.37
682.272	5752.23
682.469	5789.1
682.665	5967.27
682.862	5430.7
683.059	5150.13
683.256	5914.02
683.453	6032.8
683.65	5590.44
683.847	5508.52
684.044	5995.94
684.241	5846.44
684.438	5547.44
684.635	5252.53
684.831	6247.84
685.028	6288.8
685.225	5320.11
685.422	5885.35
685.619	5922.21
685.815	5842.34
686.012	5379.5
686.209	5363.12
686.405	5494.19
686.602	5772.71
686.799	5205.42
686.996	5279.15
687.192	5580.2
687.389	6616.48
687.586	5293.49
687.782	5526.96
687.979	6413.73
688.175	6000.04
688.372	5334.45
688.568	5496.24
688.765	5731.75
688.962	6004.13
689.158	5549.48
689.355	5277.1
689.551	5748.14
689.748	5862.82
689.944	5344.69
690.14	5492.14
690.337	5967.27
690.533	5909.93
690.73	5768.62
690.926	5354.93
691.123	5721.51
691.319	5897.64
691.515	5166.51
691.712	5569.96
691.908	5830.06
692.104	5729.7
692.301	5510.57
692.497	5166.51
692.693	5866.92
692.889	5529
693.086	5510.57
693.282	5324.21
693.478	5717.42
693.674	6133.15
693.87	5526.96
694.067	5174.71
694.263	5905.83
694.459	5764.52
694.655	5701.03
694.851	5541.29
695.047	5756.33
695.243	6002.08
695.439	5469.61
695.635	5379.5
695.831	5709.22
696.027	5754.28
696.224	5291.44
696.42	5598.63
696.615	6090.15
696.811	6131.11
697.007	5012.92
697.203	5336.49
697.399	5836.2
697.595	5787.05
697.791	5146.03
697.987	5481.9
698.183	5692.84
698.379	5594.54
698.575	5291.44
698.77	5418.41
698.966	5967.27
699.162	5803.43
699.358	5273.01
699.554	5514.67
699.749	6014.37
699.945	5733.8
700.141	5559.72
700.337	5475.76
700.532	5551.53
700.728	5453.23
700.924	4969.91
701.119	4898.23
701.315	5782.95
701.511	5518.76
701.706	5324.21
701.902	5004.72
702.097	5733.8
702.293	5660.07
702.489	5365.17
702.684	5057.97
702.88	5942.69
703.075	5356.97
703.271	5469.61
703.466	5154.23
703.662	5424.56
703.857	5393.84
704.053	5168.56
704.248	5397.93
704.443	5770.66
704.639	5840.29
704.834	5336.49
705.03	5115.31
705.225	5733.8
705.42	5957.03
705.616	5416.37
705.811	5232.05
706.006	5506.48
706.202	5729.7
706.397	5418.41
706.592	4902.33
706.787	5793.19
706.983	5496.24
707.178	5752.23
707.373	5379.5
707.568	5793.19
707.763	5895.59
707.959	5035.44
708.154	5262.77
708.349	5623.21
708.544	5811.62
708.739	5529
708.934	5090.74
709.129	5903.78
709.324	5881.25
709.519	5076.4
709.714	4967.86
709.909	5703.08
710.104	5842.34
710.299	5139.89
710.494	5121.46
710.689	5785
710.884	5580.2
711.079	5273.01
711.274	5500.33
711.469	5774.76
711.664	5746.09
711.859	5232.05
712.054	5389.74
712.249	5789.1
712.443	5911.97
712.638	4998.58
712.833	5168.56
713.028	5551.53
713.223	5606.83
713.417	5502.38
713.612	5012.92
713.807	5846.44
714.002	6417.82
714.196	5340.59
714.391	5041.59
714.586	5494.19
714.78	5864.87
714.975	5168.56
715.17	5137.84
715.364	5637.55
715.559	5879.21
715.754	4791.73
715.948	4906.42
716.143	5899.69
716.337	5555.63
716.532	5440.94
716.726	5287.34
716.921	5684.65
717.115	5907.88
717.31	4982.2
717.504	6172.07
717.699	5590.44
717.893	5680.55
718.088	4931
718.282	5039.54
718.476	5375.41
718.671	5828.01
718.865	4861.37
719.059	5057.97
719.254	5432.75
719.448	5758.38
719.642	7839.11
719.837	4683.19
720.031	7386.51
720.225	5592.49
720.419	5047.73
720.614	4724.15
720.808	5326.25
721.002	5182.9
721.196	4853.17
721.39	5023.16
721.585	5516.72
721.779	5504.43
721.973	5225.9
722.167	4730.3
722.361	5461.42
722.555	5787.05
722.749	5143.99
722.943	5049.78
723.137	5266.86
723.331	5490.09
723.525	5068.21
723.719	5037.49
723.913	5596.59
724.107	5772.71
724.301	4754.87
724.495	5043.64
724.689	5924.26
724.883	5481.9
725.077	4822.45
725.271	4752.82
725.465	5522.86
725.659	5223.86
725.853	5008.82
726.046	4679.1
726.24	5209.52
726.434	5477.8
726.628	5092.79
726.822	5094.83
727.015	5412.27
727.209	5774.76
727.403	4931
727.596	4642.23
727.79	5449.13
727.984	5475.76
728.177	4814.26
728.371	5023.16
728.565	5399.98
728.758	5182.9
728.952	4758.97
729.146	4836.79
729.339	5565.87
729.533	5289.39
729.726	5057.97
729.92	4935.09
730.113	5578.15
730.307	5477.8
730.5	5109.17
730.694	4992.44
730.887	5260.72
731.081	5451.18
731.274	4648.38
731.468	4847.03
731.661	5320.11
731.854	5166.51
732.048	4718.01
732.241	4847.03
732.435	5361.07
732.628	5434.8
732.821	4996.53
733.014	4730.3
733.208	5160.37
733.401	5369.26
733.594	5131.7
733.788	4855.22
733.981	5617.07
734.174	5537.2
734.367	4810.17
734.56	5000.63
734.754	5754.28
734.947	5455.28
735.14	4738.49
735.333	4951.48
735.526	5776.81
735.719	5199.28
735.912	4685.24
736.105	4801.97
736.298	5277.1
736.491	5520.81
736.684	4664.76
736.877	4818.36
737.07	5469.61
737.263	5899.69
737.456	4928.95
737.649	4814.26
737.842	5356.97
738.035	5533.1
738.228	4896.18
738.421	4986.29
738.614	5490.09
738.807	5602.73
739	4537.79
739.192	4801.97
739.385	5430.7
739.578	5428.65
739.771	5348.78
739.964	4791.73
740.156	5492.14
740.349	5428.65
740.542	5098.93
740.735	4486.59
740.927	4969.91
741.12	5191.09
741.313	4711.86
741.505	5131.7
741.698	5479.85
741.891	5461.42
742.083	5057.97
742.276	4771.26
742.468	5694.89
742.661	5332.4
742.854	4816.31
743.046	4746.68
743.239	5205.42
743.431	5414.32
743.624	4672.95
743.816	4496.83
744.009	5031.35
744.201	5279.15
744.393	5008.82
744.586	4466.11
744.778	5381.55
744.971	5182.9
745.163	4748.73
745.355	4994.48
745.548	5225.9
745.74	5451.18
745.932	4767.16
746.125	4675
746.317	5619.11
746.509	5442.99
746.702	4838.84
746.894	4830.65
747.086	5404.08
747.278	5344.69
747.471	5049.78
747.663	4974
747.855	5406.13
748.047	5631.4
748.239	4781.5
748.431	4769.21
748.623	5582.25
748.815	5475.76
749.008	4578.75
749.2	4781.5
749.392	5412.27
749.584	5567.92
749.776	4961.72
749.968	5045.68
750.16	5676.46
750.352	5258.67
750.544	4758.97
750.736	4599.23
750.928	5242.29
751.12	5404.08
751.311	4736.44
751.503	4855.22
751.695	5209.52
751.887	5467.56
752.079	4455.87
752.271	4877.75
752.463	5995.94
752.654	5217.71
752.846	4648.38
753.038	4789.69
753.23	4914.61
753.421	5219.76
753.613	4754.87
753.805	4967.86
753.997	5225.9
754.188	5322.16
754.38	4539.83
754.572	4677.05
754.763	4910.52
754.955	5060.02
755.146	4939.19
755.338	4711.86
755.53	5193.14
755.721	5352.88
755.913	4369.85
756.104	4517.31
756.296	4957.62
756.487	5406.13
756.679	4531.64
756.87	4652.47
757.062	5084.59
757.253	5213.62
757.445	4609.47
757.636	4765.11
757.827	5307.82
758.019	5752.23
758.21	4562.36
758.401	4574.65
758.593	5672.36
758.784	5395.89
758.975	4765.11
759.167	4439.48
759.358	5135.79
759.549	5404.08
759.74	4535.74
759.932	4623.8
760.123	5293.49
760.314	5139.89
760.505	4656.57
760.696	4474.3
760.888	5422.51
761.079	5186.99
761.27	4419
761.461	4238.78
761.652	5285.3
761.843	5019.06
762.034	4672.95
762.225	5279.15
762.416	4869.56
762.607	4763.06
762.798	4343.23
762.989	4584.89
763.18	6100.39
763.371	5084.59
763.562	4304.32
763.753	4519.36
763.944	4849.08
764.135	4933.04
764.326	4789.69
764.517	4597.18
764.708	5004.72
764.899	5166.51
765.089	4349.37
765.28	4160.96
765.471	4867.51
765.662	5246.38
765.853	4533.69
766.043	4279.74
766.234	5215.66
766.425	5203.38
766.615	4480.44
766.806	4140.48
766.997	5121.46
767.187	4951.48
767.378	4320.7
767.569	4091.33
767.759	4881.85
767.95	4707.77
768.141	4621.75
768.331	4236.74
768.522	4898.23
768.712	4869.56
768.903	4314.56
769.093	4384.19
769.284	5174.71
769.474	4816.31
769.665	4109.76
769.855	4033.99
770.046	5041.59
770.236	4707.77
770.426	4490.68
770.617	4150.72
770.807	4799.93
770.998	5049.78
771.188	4603.32
771.378	4312.51
771.569	5150.13
771.759	4779.45
771.949	4068.8
772.139	3804.61
772.33	4885.94
772.52	4775.35
772.71	3935.68
772.9	4017.6
773.09	4765.11
773.281	4810.17
773.471	4144.58
773.661	4197.82
773.851	4851.13
774.041	4574.65
774.231	4124.1
774.421	4625.85
774.611	4793.78
774.802	4814.26
774.992	4216.26
775.182	3888.58
775.372	4900.28
775.562	4877.75
775.752	4240.83
775.942	4066.75
776.131	5027.25
776.321	4804.02
776.511	4031.94
776.701	4091.33
776.891	5060.02
777.081	4552.12
777.271	4173.25
777.461	3919.3
777.651	4634.04
777.84	4703.67
778.03	4218.3
778.22	4122.05
778.41	4769.21
778.599	4453.82
778.789	4201.92
778.979	3943.88
779.169	4640.19
779.358	4396.48
779.548	4515.26
779.738	3728.84
779.927	4527.55
780.117	4281.79
780.307	3853.77
780.496	3702.22
780.686	4607.42
780.875	5225.9
781.065	4036.03
781.254	3976.64
781.444	4638.14
781.633	4582.84
781.823	3794.37
782.012	3947.97
782.202	4441.53
782.391	4496.83
782.581	3872.2
782.77	4343.23
782.96	4830.65
783.149	4496.83
783.338	3972.55
783.528	3495.37
783.717	4640.19
783.906	4879.8
784.096	4150.72
784.285	3775.94
784.474	4259.26
784.663	4318.65
784.853	3716.55
785.042	4093.38
785.231	4451.77
785.42	4459.96
785.61	4144.58
785.799	3845.57
785.988	4732.34
786.177	4310.46
786.366	3825.09
786.555	4388.29
786.744	4353.47
786.933	4406.72
787.122	3802.57
787.312	3636.68
787.501	4152.77
787.69	4617.66
787.879	3728.84
788.068	3724.74
788.257	4031.94
788.445	4394.43
788.634	3880.39
788.823	3591.63
789.012	4867.51
789.201	4586.94
789.39	3945.92
789.579	3632.58
789.768	4488.64
789.957	4355.52
790.145	3622.34
790.334	3255.76
790.523	3962.31
790.712	4179.39
790.9	3753.41
791.089	3503.56
791.278	4453.82
791.467	4369.85
791.655	4169.15
791.844	4799.93
792.033	4181.44
792.221	4187.58
792.41	3728.84
792.599	3374.54
792.787	4177.34
792.976	4134.34
793.164	3694.02
793.353	3513.8
793.541	4337.09
793.73	4355.52
793.918	3659.21
794.107	3716.55
794.295	4251.07
794.484	4117.95
794.672	3716.55
794.861	3638.73
795.049	4193.73
795.238	4740.54
795.426	3526.09
795.614	3732.94
795.803	4359.61
795.991	4500.92
796.179	3476.94
796.368	3610.06
796.556	4369.85
796.744	3976.64
796.932	3544.52
797.121	3468.75
797.309	4029.89
797.497	4259.26
797.685	3487.18
797.874	3560.91
798.062	4285.89
798.25	4386.24
798.438	3409.36
798.626	3640.78
798.814	4398.52
799.002	4525.5
799.19	3646.92
799.378	3839.43
799.566	4351.42
799.755	4539.83
799.943	4070.85
800.131	3648.97
800.318	4074.95
800.506	4251.07
800.694	3368.4
800.882	3831.24
801.07	4611.51
801.258	4138.43
801.446	3632.58
801.634	3714.5
801.822	4206.02
802.01	4220.35
802.197	3476.94
802.385	3904.96
802.573	4398.52
802.761	4109.76
802.949	3648.97
803.136	3411.4
803.324	4322.75
803.512	4158.91
803.699	3780.04
803.887	3255.76
804.075	4353.47
804.262	4187.58
804.45	3546.57
804.638	4081.09
804.825	4036.03
805.013	4048.32
805.201	3552.71
805.388	3409.36
805.576	4117.95
805.763	4392.38
805.951	3636.68
806.138	3927.49
806.326	4398.52
806.513	4140.48
806.701	3626.44
806.888	3679.69
807.075	4326.85
807.263	4521.4
807.45	3501.51
807.638	3800.52
807.825	4423.1
808.012	4527.55
808.2	3800.52
808.387	4107.71
808.574	4412.86
808.761	4492.73
808.949	3730.89
809.136	3734.98
809.323	4275.65
809.51	4246.98
809.698	3984.84
809.885	3923.4
810.072	4394.43
810.259	4509.12
810.446	3773.89
810.633	3655.11
810.82	4277.69
811.008	4576.7
811.195	4111.81
811.382	3784.13
811.569	4494.78
811.756	4042.18
811.943	3677.64
812.13	3726.79
812.317	4332.99
812.504	3966.4
812.691	3732.94
812.878	3765.7
813.064	4677.05
813.251	4283.84
813.438	3710.41
813.625	3988.93
813.812	4394.43
813.999	4406.72
814.186	3888.58
814.372	3759.56
814.559	4527.55
814.746	4715.96
814.933	3605.96
815.12	3982.79
815.306	4193.73
815.493	3952.07
815.68	3655.11
815.866	3747.27
816.053	4517.31
816.24	4711.86
816.426	3780.04
816.613	3462.6
816.799	4189.63
816.986	4703.67
817.173	3749.32
817.359	3626.44
817.546	4246.98
817.732	4029.89
817.919	3384.78
818.105	3816.9
818.292	4146.62
818.478	4113.86
818.665	4011.46
818.851	3581.39
819.037	4963.76
819.224	4206.02
819.41	3423.69
819.597	3667.4
819.783	4844.98
819.969	4201.92
820.156	3599.82
820.342	3601.87
820.528	5598.63
820.714	3974.6
820.901	3950.02
821.087	3388.88
821.273	4380.09
821.459	4087.23
821.646	3403.21
821.832	3495.37
822.018	4169.15
822.204	4316.61
822.39	3489.23
822.576	3454.41
822.762	4181.44
822.948	4304.32
823.134	3810.76
823.32	3648.97
823.507	3982.79
823.693	4210.11
823.879	4349.37
824.065	3323.34
824.25	4042.18
824.436	4066.75
824.622	3425.74
824.808	3569.1
824.994	3978.69
825.18	4027.84
825.366	3386.83
825.552	3495.37
825.738	4126.15
825.923	4257.22
826.109	3706.31
826.295	3290.57
826.481	3968.45
826.667	3888.58
826.852	3675.59
827.038	3235.28
827.224	4150.72
827.409	4187.58
827.595	3241.42
827.781	3665.35
827.966	4394.43
828.152	4451.77
828.338	3587.53
828.523	3089.87
828.709	4056.51
828.894	4236.74
829.08	3431.88
829.266	3411.4
829.451	3870.15
829.637	4304.32
829.822	3771.85
830.008	3579.34
830.193	4269.5
830.378	4431.29
830.564	3589.58
830.749	3311.05
830.935	4064.71
831.12	4011.46
831.305	3272.14
831.491	3593.67
831.676	3577.29
831.861	3947.97
832.047	3526.09
832.232	3108.3
832.417	4076.99
832.602	4181.44
832.788	3304.91
832.973	3409.36
833.158	4011.46
833.343	3974.6
833.528	3491.27
833.714	3532.23
833.899	3837.38
834.084	4425.15
834.269	3681.74
834.454	3411.4
834.639	3925.44
834.824	3950.02
835.009	3728.84
835.194	3708.36
835.379	4187.58
835.564	4427.2
835.749	3571.15
835.934	3059.15
836.119	4009.41
836.304	3874.24
836.489	3225.04
836.674	3640.78
836.859	3628.49
837.044	4148.67
837.228	3263.95
837.413	3075.54
837.598	3857.86
837.783	3978.69
837.968	3423.69
838.152	3343.82
838.337	3184.08
838.522	4304.32
838.707	3945.92
838.891	3567.05
839.076	4001.22
839.261	3929.54
839.445	3388.88
839.63	3605.96
839.815	4580.79
839.999	3880.39
840.184	3206.61
840.368	3175.89
840.553	4042.18
840.737	3552.71
840.922	3196.37
841.106	2934.23
841.291	3583.43
841.475	4027.84
841.66	3108.3
841.844	3089.87
842.029	4363.71
842.213	3517.9
842.397	3243.47
842.582	2917.84
842.766	3878.34
842.951	4003.27
843.135	3124.69
843.319	3192.27
843.504	4009.41
843.688	4306.37
843.872	2848.21
844.056	2942.42
844.241	3669.45
844.425	3595.72
844.609	3399.12
844.793	3012.05
844.977	3950.02
845.161	3694.02
845.346	2909.65
845.53	3089.87
845.714	3661.26
845.898	4171.2
846.082	2903.51
846.266	3130.83
846.45	3659.21
846.634	3843.53
846.818	2944.47
847.002	3378.64
847.186	3665.35
847.37	3362.25
847.554	2889.17
847.738	3214.8
847.922	3751.37
848.106	3618.25
848.29	3010
848.473	3093.97
848.657	3851.72
848.841	3433.93
849.025	2991.57
849.209	2919.89
849.392	3724.74
849.576	3399.12
849.76	2633.18
849.944	3390.92
850.127	3997.12
850.311	3337.68
850.495	2899.41
850.678	2825.68
850.862	3577.29
851.046	3868.1
851.229	3470.8
851.413	2813.4
851.596	3757.51
851.78	3560.91
851.964	3173.84
852.147	2942.42
852.331	4083.14
852.514	3913.16
852.698	3175.89
852.881	2823.64
853.065	3618.25
853.248	3366.35
853.431	3190.22
853.615	3067.35
853.798	4365.76
853.982	3571.15
854.165	3145.17
854.348	2917.84
854.532	3245.52
854.715	3415.5
854.898	2805.21
855.081	2899.41
855.265	4050.37
855.448	4099.52
855.631	2831.83
855.814	2981.33
855.997	3501.51
856.181	3528.14
856.364	2973.14
856.547	2682.33
856.73	3585.48
856.913	3481.03
857.096	2612.7
857.279	3032.53
857.462	3446.22
857.645	3595.72
857.828	3005.91
858.011	3132.88
858.194	3423.69
858.377	3292.62
858.56	2817.49
858.743	2862.55
858.926	3157.46
859.109	3431.88
859.292	2788.82
859.475	2506.2
859.658	3401.16
859.841	3395.02
860.023	2698.71
860.206	2723.29
860.389	3298.77
860.572	3452.36
860.755	2792.92
860.937	2862.55
861.12	3182.03
861.303	3411.4
861.486	2895.32
861.668	2575.83
861.851	3100.11
862.034	3521.99
862.216	3036.63
862.399	2485.72
862.581	3536.33
862.764	3538.38
862.947	2663.9
863.129	2616.79
863.312	3059.15
863.494	3376.59
863.677	3317.2
863.859	2387.42
864.042	3411.4
864.224	3266
864.406	2835.92
864.589	2452.95
864.771	3179.98
864.954	3190.22
865.136	2694.61
865.318	2395.61
865.501	3786.18
865.683	2915.8
865.865	2735.57
866.048	2543.07
866.23	3528.14
866.412	3177.94
866.594	2448.86
866.777	2782.68
866.959	3034.58
867.141	2966.99
867.323	2969.04
867.505	2756.05
867.687	2981.33
867.869	3182.03
868.052	2532.83
868.234	2567.64
868.416	3149.26
868.598	3472.84
868.78	2692.57
868.962	2420.19
869.144	3349.96
869.326	3102.16
869.508	2563.54
869.69	2504.15
869.872	2930.13
870.054	3663.3
870.236	2299.36
870.417	2266.59
870.599	3093.97
870.781	3431.88
870.963	2788.82
871.145	2450.91
871.327	3005.91
871.508	3204.56
871.69	2610.65
871.872	2430.43
872.054	2975.19
872.235	3149.26
872.417	2696.66
872.599	2256.35
872.78	3608.01
872.962	3149.26
873.144	2383.32
873.325	2514.39
873.507	3399.12
873.689	3126.74
873.87	2487.77
874.052	2729.43
874.233	2921.94
874.415	3526.09
874.596	2608.6
874.778	2434.52
874.959	3122.64
875.141	3259.85
875.322	2530.78
875.503	2463.19
875.685	3110.35
875.866	2776.53
876.048	2440.67
876.229	2489.82
876.41	3014.1
876.592	3194.32
876.773	2657.75
876.954	2287.07
877.136	3384.78
877.317	2903.51
877.498	2295.26
877.679	2741.72
877.86	3065.3
878.042	3075.54
878.223	2475.48
878.404	3225.04
878.585	3235.28
878.766	3638.73
878.947	2846.16
879.128	2647.51
879.309	3077.59
879.49	3356.11
879.672	2799.06
879.853	2500.06
880.034	2964.95
880.215	3315.15
880.396	2729.43
880.576	2684.38
880.757	3001.81
880.938	3620.3
881.119	2371.04
881.3	2547.16
881.481	3014.1
881.662	4087.23
881.843	2403.8
882.023	2471.39
882.204	3513.8
882.385	3098.06
882.566	2420.19
882.747	2541.02
882.927	3198.42
883.108	3143.12
883.289	2471.39
883.469	2862.55
883.65	3016.15
883.831	3186.13
884.011	2915.8
884.192	2649.56
884.373	3378.64
884.553	3175.89
884.734	2741.72
884.914	3294.67
885.095	4523.45
885.275	3526.09
885.456	2983.38
885.636	2493.91
885.817	3200.46
885.997	3427.79
886.178	2518.49
886.358	2739.67
886.538	3292.62
886.719	5017.01
886.899	2686.42
887.08	2711
887.26	3372.49
887.44	3026.39
887.621	2469.34
887.801	2823.64
887.981	3571.15
888.161	3585.48
888.342	2862.55
888.522	2682.33
888.702	3464.65
888.882	3388.88
889.062	2749.91
889.242	2309.6
889.423	3538.38
889.603	3386.83
889.783	2880.98
889.963	2782.68
890.143	3198.42
890.323	3458.51
890.503	2633.18
890.683	2858.45
890.863	3290.57
891.043	3167.7
891.223	2813.4
891.403	2893.27
891.583	3200.46
891.763	3489.23
891.943	2711
892.122	2995.67
892.302	3311.05
892.482	3249.61
892.662	2817.49
892.842	2856.4
893.022	3292.62
893.201	3241.42
893.381	2743.77
893.561	2649.56
893.741	3384.78
893.92	2991.57
894.1	2754.01
894.28	2856.4
894.459	3614.15
894.639	3157.46
894.819	2590.17
894.998	2633.18
895.178	3290.57
895.357	3149.26
895.537	2620.89
895.716	2512.35
895.896	3083.73
896.075	3567.05
896.255	2590.17
896.434	2477.53
896.614	3646.92
896.793	3257.81
896.973	3022.29
897.152	2921.94
897.331	2956.75
897.511	3239.37
897.69	2426.33
897.87	2498.01
898.049	3272.14
898.228	2971.09
898.407	2717.14
898.587	2782.68
898.766	2981.33
898.945	3266
899.124	3212.75
899.304	2778.58
899.483	3304.91
899.662	3614.15
899.841	2594.26
900.02	2565.59
900.199	3233.23
900.378	3163.6
900.557	2452.95
900.737	2362.84
900.916	2991.57
901.095	3100.11
901.274	2850.26
901.453	2145.76
901.632	2729.43
901.811	2674.14
901.989	2334.17
902.168	2285.02
902.347	3128.78
902.526	2731.48
902.705	2569.69
902.884	2743.77
903.063	3435.98
903.242	3141.07
903.42	2366.94
903.599	2682.33
903.778	3010
903.957	3519.95
904.135	2624.98
904.314	2426.33
904.493	2895.32
904.672	2731.48
904.85	2446.81
905.029	2405.85
905.207	2852.31
905.386	3542.47
905.565	2088.42
905.743	2239.97
905.922	2840.02
906.1	2813.4
906.279	2039.26
906.457	2160.1
906.636	2667.99
906.814	2635.22
906.993	2209.25
907.171	2084.32
907.35	2792.92
907.528	3255.76
907.707	2608.6
907.885	1904.1
908.063	2973.14
908.242	2606.55
908.42	2239.97
908.598	1740.26
908.777	2811.35
908.955	2377.18
909.133	2336.22
909.311	1932.77
909.49	2538.97
909.668	2444.76
909.846	2170.33
910.024	1971.68
910.202	2606.55
910.38	2807.25
910.559	2016.74
910.737	2102.75
910.915	2690.52
911.093	2602.46
911.271	2125.28
911.449	2321.88
911.627	2743.77
911.805	3366.35
911.983	2321.88
912.161	2100.7
912.339	2577.88
912.517	2952.66
912.695	2412
912.872	2239.97
913.05	2938.32
913.228	2794.97
913.406	2430.43
913.584	2041.31
913.762	3005.91
913.939	2727.38
914.117	2289.12
914.295	2172.38
914.473	2629.08
914.65	3132.88
914.828	2168.29
915.006	2153.95
915.184	2667.99
915.361	2962.9
915.539	2405.85
915.716	2502.11
915.894	2725.33
916.072	2995.67
916.249	2717.14
916.427	2442.71
916.604	2575.83
916.782	2801.11
916.959	2131.42
917.137	2231.77
917.314	2616.79
917.492	2647.51
917.669	2436.57
917.847	2373.08
918.024	2581.98
918.201	2414.04
918.379	2182.62
918.556	2323.93
918.733	2694.61
918.911	2399.71
919.088	2526.68
919.265	2078.18
919.442	2624.98
919.62	2635.22
919.797	2067.94
919.974	1902.05
920.151	2846.16
920.328	2555.35
920.506	1990.11
920.683	2653.66
920.86	2448.86
921.037	2557.4
921.214	2291.17
921.391	2012.64
921.568	2600.41
921.745	2616.79
921.922	2092.51
922.099	2192.86
922.276	2481.63
922.453	2422.24
922.63	1930.72
922.807	2618.84
922.984	2620.89
923.161	2305.5
923.338	2190.81
923.514	1940.96
923.691	2821.59
923.868	2733.53
924.045	1973.73
924.222	1953.25
924.399	2479.58
924.575	2569.69
924.752	2112.99
924.929	2020.83
925.105	2444.76
925.282	2182.62
925.459	2137.57
925.635	2168.29
925.812	2670.04
925.989	2319.84
926.165	2129.38
926.342	1701.35
926.518	2340.32
926.695	2268.64
926.871	1902.05
927.048	1986.02
927.224	2637.27
927.401	2209.25
927.577	1969.63
927.754	1748.45
927.93	2561.5
928.107	2620.89
928.283	1787.36
928.459	2037.22
928.636	2551.26
928.812	2448.86
928.988	1695.21
929.165	1650.15
929.341	2250.21
929.517	2446.81
929.693	2440.67
929.87	1545.7
930.046	2414.04
930.222	2143.71
930.398	1756.65
930.574	1955.3
930.751	2219.49
930.927	2276.83
931.103	1799.65
931.279	1967.59
931.455	2086.37
931.631	2401.76
931.807	1637.86
931.983	1404.39
932.159	1832.42
932.335	2080.22
932.511	1670.63
932.687	1752.55
932.863	1963.49
933.039	2209.25
933.215	1523.18
933.391	1539.56
933.566	2037.22
933.742	2026.98
933.918	1697.25
934.094	1351.15
934.27	2014.69
934.445	1908.19
934.621	1777.12
934.797	1580.52
934.973	2057.7
935.148	1740.26
935.324	1394.15
935.5	1183.21
935.675	2029.03
935.851	1930.72
936.027	1648.1
936.202	1570.28
936.378	2102.75
936.553	1705.45
936.729	2268.64
936.904	1304.04
937.08	1613.29
937.255	1574.38
937.431	1390.06
937.606	1191.41
937.782	1603.05
937.957	1887.72
938.133	1312.24
938.308	1142.25
938.483	1674.73
938.659	1455.59
938.834	1265.13
939.009	962.03
939.185	1564.14
939.36	1283.56
939.535	669.17
939.71	1226.22
939.886	1725.93
940.061	1342.96
940.236	1490.41
940.411	1041.9
940.586	1564.14
940.761	1578.47
940.937	1080.82
941.112	923.12
941.287	1375.72
941.462	1152.49
941.637	845.3
941.812	1035.76
941.987	1306.09
942.162	1013.23
942.337	1068.53
942.512	853.49
942.687	1703.4
942.862	1353.2
943.037	593.4
943.212	525.82
943.386	1121.77
943.561	1156.59
943.736	1101.3
943.911	1549.8
944.086	1656.29
944.26	1189.36
944.435	851.44
944.61	1181.17
944.785	1293.8
944.959	1955.3
945.134	816.63
945.309	663.03
945.483	990.7
945.658	1416.68
945.833	534.01
946.007	615.93
946.182	1666.53
946.357	1101.3
946.531	806.39
946.706	816.63
946.88	876.02
947.055	1269.23
947.229	830.96
947.404	597.49
947.578	1308.14
947.752	1254.89
947.927	667.13
948.101	703.99
948.276	1773.03
948.45	1201.65
948.624	1289.71
948.799	816.63
948.973	1146.35
949.147	1060.34
949.321	972.27
949.496	888.31
949.67	1668.58
949.844	1203.69
950.018	976.37
950.193	865.78
950.367	2016.74
950.541	1152.49
950.715	955.89
950.889	1060.34
951.063	1154.54
951.237	1324.52
951.411	749.04
951.585	785.91
951.759	1447.4
951.933	1453.55
952.107	826.87
952.281	1191.41
952.455	1660.39
952.629	1449.45
952.803	984.56
952.977	908.79
953.151	1426.92
953.325	1091.06
953.499	1281.52
953.672	765.43
953.846	1179.12
954.02	1209.84
954.194	792.05
954.368	732.66
954.541	1553.9
954.715	1445.35
954.889	1070.58
955.062	706.04
955.236	1080.82
955.41	1330.67
955.583	1150.45
955.757	736.76
955.93	1310.19
956.104	986.61
956.278	790
956.451	904.69
956.625	1441.26
956.798	1732.07
956.972	1443.31
957.145	728.56
957.319	1666.53
957.492	1478.12
957.665	1289.71
957.839	783.86
958.012	1435.11
958.185	1234.41
958.359	1013.23
958.532	1201.65
958.705	1375.72
958.879	1263.08
959.052	1109.49
959.225	744.95
959.398	1418.73
959.572	1498.6
959.745	857.59
959.918	933.36
960.091	1412.59
960.264	1619.43
960.438	894.45
960.611	855.54
960.784	1670.63
960.957	1113.58
961.13	1543.66
961.303	830.96
961.476	1320.43
961.649	1756.65
961.822	1019.38
961.995	1209.84
962.168	1195.5
962.341	1568.23
962.514	916.98
962.686	910.83
962.859	1420.78
963.032	1553.9
963.205	937.46
963.378	708.09
963.551	1310.19
963.723	1252.84
963.896	1187.31
964.069	1183.21
964.242	1447.4
964.414	1887.72
964.587	931.31
964.76	1111.54
964.932	1527.27
965.105	1398.25
965.278	978.42
965.45	888.31
965.623	1433.07
965.795	1355.24
965.968	962.03
966.14	896.5
966.313	1252.84
966.485	1324.52
966.658	882.16
966.83	876.02
967.003	1404.39
967.175	1519.08
967.348	835.06
967.52	904.69
967.692	1672.68
967.865	1584.62
968.037	980.47
968.209	1269.23
968.382	1543.66
968.554	1521.13
968.726	833.01
968.898	824.82
969.071	1490.41
969.243	1390.06
969.415	937.46
969.587	1129.97
969.759	1644.01
969.932	1220.08
970.104	937.46
970.276	585.21
970.448	1334.76
970.62	1332.72
970.792	1220.08
970.964	990.7
971.136	1881.57
971.308	1316.33
971.48	658.93
971.652	929.27
971.824	1613.29
971.996	1295.85
972.168	976.37
972.339	1089.01
972.511	1392.11
972.683	1435.11
972.855	1211.89
973.027	677.37
973.199	1756.65
973.37	1469.93
973.542	1035.76
973.714	1263.08
973.886	1013.23
974.057	1533.42
974.229	814.58
974.401	894.45
974.572	1156.59
974.744	908.79
974.915	695.8
975.087	896.5
975.259	1601
975.43	1039.86
975.602	820.72
975.773	769.52
975.945	1177.07
976.116	1402.35
976.288	765.43
976.459	1111.54
976.63	1091.06
976.802	1181.17
976.973	716.28
977.145	1046
977.316	1951.2
977.487	1996.26
977.659	1062.38
977.83	861.68
978.001	1596.9
978.172	1408.49
978.344	740.85
978.515	904.69
978.686	1007.09
978.857	1617.38
979.028	853.49
979.2	652.79
979.371	1535.46
979.542	1132.01
979.713	1013.23
979.884	493.05
980.055	1072.62
980.226	1181.17
980.397	740.85
980.568	691.7
980.739	1334.76
980.91	1046
981.081	910.83
981.252	773.62
981.423	1134.06
981.594	1123.82
981.765	714.23
981.936	867.83
982.106	1058.29
982.277	1453.55
982.448	726.52
982.619	1070.58
982.79	884.21
982.96	1105.39
983.131	923.12
983.302	466.42
983.472	1150.45
983.643	1144.3
983.814	824.82
983.984	675.32
984.155	1152.49
984.326	1279.47
984.496	869.87
984.667	851.44
984.837	835.06
985.008	1502.7
985.178	1138.16
985.349	816.63
985.519	982.51
985.69	843.25
985.86	609.78
986.031	667.13
986.201	1189.36
986.371	1205.74
986.542	566.78
986.712	402.94
986.882	1166.83
987.053	1082.86
987.223	503.29
987.393	1082.86
987.563	892.4
987.734	1226.22
987.904	1302
988.074	548.34
988.244	845.3
988.414	1015.28
988.585	534.01
988.755	818.68
988.925	937.46
989.095	1453.55
989.265	458.23
989.435	927.22
989.605	1201.65
989.775	1271.28
989.945	980.47
990.115	396.79
990.285	945.65
990.455	1019.38
990.625	884.21
990.795	441.85
990.965	1324.52
991.134	935.41
991.304	517.62
991.474	525.82
991.644	1017.33
991.814	1273.32
991.984	331.26
992.153	589.3
992.323	904.69
992.493	1091.06
992.662	421.37
992.832	794.1
993.002	835.06
993.171	1138.16
993.341	241.15
993.511	531.96
993.68	792.05
993.85	1039.86
994.019	427.51
994.189	282.11
994.358	898.55
994.528	921.07
994.697	249.34
994.867	370.17
995.036	1132.01
995.206	769.52
995.375	425.47
995.544	634.36
995.714	1226.22
995.883	1052.14
996.052	718.33
996.222	214.52
996.391	1275.37
996.56	974.32
996.73	390.65
996.899	257.53
997.068	1230.32
997.237	939.51
997.406	421.37
997.576	230.91
997.745	1345
997.914	824.82
998.083	69.12
998.252	468.47
998.421	1000.94
998.59	761.33
998.759	349.69
998.928	208.38
999.097	1144.3
999.266	974.32
999.435	724.47
999.604	105.98
999.773	1105.39
999.942	794.1
1000.111	103.93
1000.28	118.27
1000.448	728.56
1000.617	747
1000.786	710.13
1000.955	183.81
1001.124	1148.4
1001.292	1508.84
1001.461	282.11
1001.63	187.9
1001.798	1058.29
1001.967	880.11
1002.136	146.94
1002.304	192
1002.473	1060.34
1002.642	790
1002.81	378.36
1002.979	249.34
1003.147	1060.34
1003.316	1105.39
1003.484	241.15
1003.653	310.78
1003.821	818.68
1003.99	693.75
1004.158	644.6
1004.327	460.28
1004.495	955.89
1004.663	753.14
1004.832	542.2
1005	11.78
1005.168	884.21
1005.337	693.75
1005.505	-64
1005.673	488.95
1005.842	1002.99
1006.01	699.89
1006.178	91.65
1006.346	263.68
1006.514	734.71
1006.683	1258.99
1006.851	226.81
1007.019	462.33
1007.187	609.78
1007.355	411.13
1007.523	24.06
1007.691	-39.42
1007.859	548.34
1008.027	1314.28
1008.195	101.89
1008.363	103.93
1008.531	634.36
1008.699	726.52
1008.867	-53.76
1009.035	308.73
1009.203	1197.55
1009.37	622.07
1009.538	243.2
1009.706	1082.86
1009.874	642.55
1010.042	669.17
1010.209	-61.95
1010.377	-86.53
1010.545	736.76
1010.713	749.04
1010.88	-2.56
1011.048	138.75
1011.216	658.93
1011.383	962.03
1011.551	206.33
1011.718	-20.99
1011.886	710.13
1012.054	814.58
1012.221	3.58
1012.389	17.92
1012.556	620.02
1012.724	1002.99
1012.891	314.88
1013.058	-156.16
1013.226	732.66
1013.393	855.54
1013.561	-74.24
1013.728	-94.72
1013.895	988.66
1014.063	779.76
1014.23	-139.77
1014.397	181.76
1014.565	839.16
1014.732	519.67
1014.899	-84.48
1015.066	-49.66
1015.233	753.14
1015.401	894.45
1015.568	105.98
1015.735	357.88
1015.902	937.46
1016.069	867.83
1016.236	134.65
1016.403	-168.45
1016.57	394.75
1016.737	1105.39
1016.904	138.75
1017.071	-53.76
1017.238	409.08
1017.405	617.97
1017.572	-0.51
1017.739	415.23
1017.906	1103.34
1018.073	781.81
1018.24	-127.49
1018.407	304.64
1018.573	736.76
1018.74	663.03
1018.907	120.32
1019.074	-166.4
1019.241	681.46
1019.407	603.64
1019.574	-147.97
1019.741	-172.54
1019.907	880.11
1020.074	1043.95
1020.241	-387.58
1020.407	-135.68
1020.574	454.14
1020.74	577.02
1020.907	13.82
1021.073	-111.1
1021.24	1213.93
1021.406	693.75
1021.573	-143.87
1021.739	-104.96
1021.906	873.97
1022.072	636.41
1022.239	46.59
1022.405	140.8
1022.571	706.04
1022.738	597.49
1022.904	-4.61
1023.07	151.04
1023.237	568.82
1023.403	810.48
1023.569	116.22
1023.735	58.88
1023.902	716.28
1024.068	703.99
1024.234	-154.11
1024.4	-92.67
1024.566	437.75
1024.732	568.82
1024.898	-51.71
1025.065	-322.04
1025.231	536.06
1025.397	345.59
1025.563	69.12
1025.729	-137.73
1025.895	171.52
1026.061	321.02
1026.227	-272.89
1026.392	-27.14
1026.558	577.02
1026.724	693.75
1026.89	-94.72
1027.056	-16.9
1027.222	417.27
1027.388	554.49
1027.553	-8.7
1027.719	-27.14
1027.885	1013.23
1028.051	542.2
1028.216	-387.58
1028.382	-57.86
1028.548	593.4
1028.713	544.25
1028.879	-260.6
1029.045	134.65
1029.21	810.48
1029.376	583.16
1029.541	-66.05
1029.707	-102.91
1029.873	620.02
1030.038	669.17
1030.204	-129.53
1030.369	-131.58
1030.534	581.11
1030.7	327.16
1030.865	-55.81
1031.031	-147.97
1031.196	445.95
1031.361	499.19
1031.527	-156.16
1031.692	-109.05
1031.857	235
1032.023	693.75
1032.188	-145.92
1032.353	-195.07
1032.518	769.52
1032.684	478.71
1032.849	-358.91
1033.014	-29.18
1033.179	515.58
1033.344	491
1033.509	52.74
1033.674	-98.81
1033.839	607.73
1034.004	470.52
1034.17	-102.91
1034.335	-217.6
1034.5	343.55
1034.664	347.64
1034.829	-182.78
1034.994	19.97
1035.159	286.2
1035.324	626.17
1035.489	-80.38
1035.654	-176.64
1035.819	1093.1
1035.984	497.14
1036.148	-20.99
1036.313	-51.71
1036.478	554.49
1036.643	415.23
1036.807	-82.43
1036.972	-211.45
1037.137	957.94
1037.301	351.74
1037.466	-377.34
1037.631	95.74
1037.795	536.06
1037.96	382.46
1038.124	146.94
1038.289	-274.94
1038.454	390.65
1038.618	712.18
1038.783	-102.91
1038.947	-82.43
1039.111	321.02
1039.276	404.99
1039.44	-152.06
1039.605	630.26
1039.769	353.79
1039.933	368.12
1040.098	-37.38
1040.262	189.95
1040.426	593.4
1040.591	497.14
1040.755	-193.02
1040.919	-135.68
1041.083	714.23
1041.248	278.01
1041.412	-387.58
1041.576	-270.84
1041.74	378.36
1041.904	480.76
1042.068	-248.32
1042.232	46.59
1042.397	830.96
1042.561	495.1
1042.725	-424.44
1042.889	-84.48
1043.053	499.19
1043.217	452.09
1043.381	-162.3
1043.544	-354.81
1043.708	491
1043.872	257.53
1044.036	-461.3
1044.2	-367.1
1044.364	601.59
1044.528	505.34
1044.691	5838.25
1044.855	-303.61
1045.019	409.08
1045.183	456.19
1045.346	-72.19
1045.51	-352.76
1045.674	634.36
1045.837	468.47
1046.001	-236.03
1046.165	-213.5
1046.328	931.31
1046.492	380.41
1046.655	118.27
1046.819	-23.04
1046.983	310.78
1047.146	339.45
1047.31	-12.8
1047.473	-438.78
1047.636	415.23
1047.8	185.85
1047.963	-72.19
1048.127	-274.94
1048.29	157.18
