345.52	-1345.86
345.736	-1345.86
345.952	-1345.86
346.168	-1311.04
346.384	-1352
346.6	-174.42
346.816	-274.77
347.032	-274.77
347.248	464.55
347.464	-348.5
347.68	-184.66
347.896	-57.68
348.112	368.29
348.328	-143.7
348.544	83.63
348.76	214.7
348.975	327.33
349.191	-348.5
349.407	-377.17
349.623	206.5
349.839	155.3
350.055	-244.05
350.27	63.15
350.486	229.03
350.702	259.75
350.918	444.07
351.133	-26.96
351.349	298.66
351.565	591.52
351.781	-278.87
351.996	44.71
352.212	224.94
352.428	177.83
352.644	-223.57
352.859	-233.81
353.075	292.52
353.291	163.5
353.506	-190.8
353.722	-340.3
353.938	7.85
354.153	511.65
354.369	407.2
354.584	-223.57
354.8	249.51
355.016	-74.07
355.231	-371.02
355.447	-26.96
355.662	425.64
355.878	784.03
356.093	-491.85
356.309	34.47
356.524	28.33
356.74	593.57
356.955	-358.74
357.171	-57.68
357.386	384.68
357.602	-20.82
357.817	-61.78
358.033	-84.31
358.248	433.83
358.464	386.72
358.679	-182.61
358.895	-391.5
359.11	140.97
359.325	296.61
359.541	-18.77
359.756	61.1
359.972	-86.36
360.187	587.43
360.402	-254.29
360.618	-76.12
360.833	1705.62
361.048	210.6
361.264	-110.93
361.479	16.04
361.694	294.57
361.909	300.71
362.125	-235.86
362.34	-231.76
362.555	302.76
362.77	296.61
362.986	-293.2
363.201	-141.65
363.416	345.77
363.631	140.97
363.847	-242
364.062	-172.37
364.277	313
364.492	87.72
364.707	-151.89
364.922	-338.26
365.138	386.72
365.353	528.03
365.568	-334.16
365.783	-121.17
365.998	566.95
366.213	640.67
366.428	-194.9
366.643	224.94
366.858	325.29
367.073	327.33
367.288	-121.17
367.503	-198.99
367.718	163.5
367.933	546.47
368.148	-201.04
368.363	34.47
368.578	413.35
368.793	636.58
369.008	-166.23
369.223	-287.06
369.438	466.6
369.653	345.77
369.868	-268.63
370.083	-291.15
370.298	261.8
370.513	579.23
370.728	229.03
370.943	-182.61
371.157	134.82
371.372	786.08
371.587	-317.78
371.802	-293.2
372.017	259.75
372.232	601.76
372.446	22.19
372.661	-291.15
372.876	351.91
373.091	460.45
373.306	-20.82
373.52	-256.34
373.735	155.3
373.95	771.74
374.165	-170.32
374.379	-39.25
374.594	89.77
374.809	568.99
375.023	181.93
375.238	-168.27
375.453	515.75
375.667	26.28
375.882	-127.32
376.097	-244.05
376.311	231.08
376.526	485.03
376.741	-223.57
376.955	351.91
377.17	628.39
377.384	1195.67
377.599	79.53
377.813	-297.3
378.028	939.68
378.242	462.5
378.457	-14.68
378.672	-325.97
378.886	169.64
379.101	224.94
379.315	-307.54
379.53	-41.3
379.744	560.8
379.958	401.06
380.173	-65.88
380.387	-96.6
380.602	542.37
380.816	85.67
381.031	-26.96
381.245	-90.45
381.459	433.83
381.674	3450.49
381.888	-338.26
382.103	489.12
382.317	263.85
382.531	571.04
382.746	188.07
382.96	-88.4
383.174	364.2
383.388	884.38
383.603	282.28
383.817	-250.19
384.031	259.75
384.246	636.58
384.46	145.06
384.674	997.02
384.888	212.65
385.103	548.51
385.317	-221.52
385.531	128.68
385.745	951.96
385.959	603.81
386.174	-127.32
386.388	-61.78
386.602	374.44
386.816	284.33
387.03	48.81
387.244	52.91
387.458	499.36
387.672	605.86
387.887	-203.09
388.101	-94.55
388.315	591.52
388.529	409.25
388.743	-90.45
388.957	-125.27
389.171	710.3
389.385	200.36
389.599	-125.27
389.813	173.74
390.027	358.05
390.241	941.72
390.455	1.71
390.669	147.11
390.883	345.77
391.097	900.76
391.311	315.05
391.525	57
391.738	794.27
391.952	753.31
392.166	241.32
392.38	-137.56
392.594	814.75
392.808	636.58
393.022	272.04
393.236	183.98
393.449	548.51
393.663	816.8
393.877	-49.49
394.091	186.02
394.305	411.3
394.518	388.77
394.732	-22.87
394.946	54.95
395.16	1156.76
395.373	464.55
395.587	-67.92
395.801	11.95
396.015	714.4
396.228	575.14
396.442	-67.92
396.656	-229.71
396.869	759.46
397.083	988.83
397.297	272.04
397.51	161.45
397.724	554.66
397.938	599.71
398.151	-102.74
398.365	-55.64
398.578	691.87
398.792	941.72
399.005	444.07
399.219	93.87
399.433	591.52
399.646	824.99
399.86	536.23
400.073	536.23
400.287	605.86
400.5	691.87
400.714	386.72
400.927	278.18
401.141	851.61
401.354	2201.23
401.567	868
401.781	9.9
401.994	677.54
402.208	1111.71
402.421	323.24
402.635	251.56
402.848	401.06
403.061	753.31
403.275	345.77
403.488	65.19
403.701	935.58
403.915	1031.83
404.128	472.74
404.341	261.8
404.555	1203.86
404.768	431.78
404.981	530.08
405.195	304.81
405.408	831.13
405.621	865.95
405.834	505.51
406.048	149.16
406.261	939.68
406.474	921.24
406.687	222.89
406.9	577.19
407.114	779.93
407.327	986.78
407.54	169.64
407.753	13.99
407.966	566.95
408.179	716.45
408.392	394.92
408.605	48.81
408.819	945.82
409.032	882.33
409.245	427.68
409.458	687.78
409.671	810.65
409.884	978.59
410.097	190.12
410.31	640.67
410.523	1146.52
410.736	628.39
410.949	640.67
411.162	431.78
411.375	1048.22
411.588	1001.12
411.801	636.58
412.014	374.44
412.227	726.69
412.44	779.93
412.653	497.32
412.865	796.32
413.078	1095.32
413.291	992.92
413.504	612
413.717	269.99
413.93	1123.99
414.143	638.62
414.356	579.23
414.568	272.04
414.781	1085.08
414.994	1052.31
415.207	657.06
415.42	581.28
415.632	923.29
415.845	1468.05
416.058	239.27
416.271	409.25
416.483	1046.17
416.696	1318.55
416.909	491.17
417.121	456.36
417.334	808.61
417.547	1244.82
417.759	485.03
417.972	505.51
418.185	849.57
418.397	1042.07
418.61	499.36
418.823	575.14
419.035	1341.08
419.248	1148.57
419.46	648.86
419.673	777.89
419.885	927.39
420.098	1062.55
420.311	646.82
420.523	423.59
420.736	1162.9
420.948	1144.47
421.161	638.62
421.373	403.11
421.586	956.06
421.798	820.89
422.01	329.38
422.223	894.62
422.435	835.23
422.648	1408.66
422.86	620.19
423.073	734.88
423.285	1132.19
423.497	1005.21
423.71	636.58
423.922	609.95
424.134	1455.76
424.347	1476.24
424.559	1001.12
424.771	1287.83
424.984	1279.64
425.196	1349.27
425.408	620.19
425.621	704.16
425.833	1345.17
426.045	1590.93
426.257	540.32
426.47	833.18
426.682	1140.38
426.894	1210.01
427.106	761.5
427.318	933.53
427.531	1160.86
427.743	1304.21
427.955	968.35
428.167	1472.15
428.379	1162.9
428.591	1240.73
428.804	988.83
429.016	831.13
429.228	1418.9
429.44	1482.39
429.652	14446.03
429.864	659.1
430.076	1431.19
430.288	1377.94
430.5	1089.18
430.712	1123.99
430.924	1517.2
431.136	1627.79
431.348	837.28
431.56	941.72
431.772	1300.12
431.984	1302.17
432.196	792.22
432.408	988.83
432.62	1400.47
432.832	1678.99
433.044	1443.48
433.256	1279.64
433.468	1638.03
433.679	1134.23
433.891	923.29
434.103	1382.04
434.315	1959.56
434.527	1832.59
434.739	1347.22
434.95	1195.67
435.162	1570.45
435.374	1341.08
435.586	1285.78
435.798	1046.17
436.009	1382.04
436.221	1451.67
436.433	1343.13
436.645	1291.93
436.856	1463.96
437.068	1998.48
437.28	1181.34
437.491	1744.53
437.703	1865.36
437.915	1750.67
438.126	1291.93
438.338	1728.14
438.55	1607.31
438.761	1670.8
438.973	1353.37
439.184	1394.33
439.396	1728.14
439.608	1793.68
439.819	1281.69
440.031	1529.49
440.242	1990.28
440.454	1930.89
440.665	1519.25
440.877	1662.61
441.088	2049.68
441.3	1994.38
441.511	1089.18
441.723	1324.69
441.934	2143.88
442.146	2035.34
442.357	1705.62
442.569	2016.91
442.78	2215.56
442.991	2707.07
443.203	2047.63
443.414	1517.2
443.626	2346.63
443.837	1916.56
444.048	1447.57
444.26	1398.42
444.471	2068.11
444.682	2016.91
444.894	1545.88
445.105	1345.17
445.316	2438.79
445.528	2213.51
445.739	1869.45
445.95	1767.06
446.161	1916.56
446.373	2233.99
446.584	1775.25
446.795	1687.18
447.006	2385.54
447.217	2297.48
447.429	1582.74
447.64	1504.92
447.851	3008.12
448.062	2375.3
448.273	1539.73
448.484	1685.14
448.695	2254.47
448.907	2416.26
449.118	1873.55
449.329	2193.03
449.54	2078.35
449.751	2076.3
449.962	1857.17
450.173	1701.52
450.384	2453.13
450.595	2743.94
450.806	1883.79
451.017	1908.37
451.228	2768.51
451.439	2530.95
451.65	2078.35
451.861	1756.82
452.072	2408.07
452.283	2414.21
452.494	2344.58
452.705	1920.65
452.915	3278.46
453.126	2528.9
453.337	2395.78
453.548	1848.97
453.759	2934.4
453.97	2915.97
454.181	2555.52
454.391	2137.74
454.602	2739.84
454.813	3126.91
455.024	2215.56
455.235	2328.2
455.445	2932.35
455.656	2668.16
455.867	2469.51
456.078	2440.84
456.288	2612.87
456.499	3049.08
456.71	2164.36
456.921	2674.31
457.131	2866.81
457.342	2807.42
457.553	2422.41
457.763	2465.41
457.974	2903.68
458.184	3022.46
458.395	2301.58
458.606	2315.91
458.816	3450.49
459.027	3503.73
459.237	2678.4
459.448	2489.99
459.659	3223.16
459.869	4212.33
460.08	2553.48
460.29	2934.4
460.501	3516.02
460.711	3387
460.922	2522.76
461.132	2760.32
461.343	4152.94
461.553	3102.33
461.764	2774.66
461.974	2725.51
462.184	3507.83
462.395	3677.81
462.605	3016.32
462.816	2842.24
463.026	3671.67
463.236	3565.17
463.447	2979.45
463.657	3049.08
463.867	3780.21
464.078	3710.58
464.288	3165.82
464.498	3206.78
464.709	3690.1
464.919	3812.98
465.129	3427.96
465.339	3143.29
465.55	3837.55
465.76	4058.73
465.97	3364.47
466.18	3284.6
466.391	4331.11
466.601	4023.92
466.811	3643
467.021	3268.22
467.231	4429.42
467.441	4324.97
467.651	3640.95
467.862	3257.98
468.072	4183.66
468.282	4437.61
468.492	3491.45
468.702	4167.28
468.912	4587.11
469.122	5277.27
469.332	4406.89
469.542	3946.09
469.752	5072.48
469.962	4816.48
470.172	4114.03
470.382	4064.88
470.592	5219.93
470.802	5013.09
471.012	4517.48
471.222	4501.09
471.432	5027.42
471.642	4996.7
471.852	4800.1
472.062	4550.25
472.272	5187.16
472.482	5084.77
472.691	4716.13
472.901	4632.16
473.111	5092.96
473.321	5903.95
473.531	4886.11
473.741	5271.13
473.95	5834.32
474.16	5916.24
474.37	5484.12
474.58	5031.52
474.79	6426.18
474.999	5987.92
475.209	5215.84
475.419	5547.61
475.628	6239.82
475.838	6432.33
476.048	5938.77
476.258	5389.91
476.467	6688.32
476.677	6434.38
476.886	6465.1
477.096	6243.92
477.306	6510.15
477.515	6710.85
477.725	6395.47
477.935	6397.51
478.144	7337.53
478.354	6649.41
478.563	6671.94
478.773	6364.75
478.982	7179.84
479.192	7317.05
479.401	6774.34
479.611	6723.14
479.82	7214.65
480.03	7462.46
480.239	7104.06
480.449	6856.26
480.658	7951.92
480.868	7755.32
481.077	7241.28
481.287	7179.84
481.496	7874.1
481.705	8224.3
481.915	7896.63
482.124	7874.1
482.333	8343.08
482.543	8705.57
482.752	8042.03
482.961	7745.08
483.171	8691.24
483.38	8359.47
483.589	8205.87
483.799	8029.74
484.008	8672.81
484.217	8664.61
484.426	8279.6
484.636	8316.46
484.845	9166.37
485.054	8617.51
485.263	9068.06
485.472	8517.16
485.682	9537.05
485.891	9387.55
486.1	8465.96
486.309	8912.42
486.518	9809.43
486.727	10479.11
486.936	9027.1
487.146	9162.27
487.355	10028.56
487.564	9737.75
487.773	9455.13
487.982	9530.91
488.191	9975.31
488.4	10495.5
488.609	9690.65
488.818	9784.85
489.027	10833.41
489.236	10665.48
489.445	9733.65
489.654	9721.37
489.863	11056.64
490.072	10546.7
490.281	10972.68
490.49	10276.37
490.698	11361.79
490.907	11486.72
491.116	10567.18
491.325	10360.33
491.534	11271.68
491.743	10929.67
491.952	10745.35
492.16	10927.62
492.369	11699.7
492.578	11984.37
492.787	11216.38
492.996	10966.53
493.204	11458.04
493.413	12203.5
493.622	10989.06
493.831	10933.76
494.039	12563.95
494.248	11771.38
494.457	11601.4
494.665	11200
494.874	12467.69
495.083	12809.7
495.291	11492.86
495.5	11611.64
495.709	12592.62
495.917	12244.46
496.126	11937.27
496.335	12043.76
496.543	12422.64
496.752	12662.25
496.96	12506.6
497.169	12041.71
497.377	12727.78
497.586	13211.11
497.794	12617.19
498.003	12019.19
498.211	13258.21
498.42	13198.82
498.628	12711.4
498.837	12604.91
499.045	13229.54
499.254	13200.87
499.462	13102.56
499.671	12664.3
499.879	14405.07
500.087	13581.79
500.296	12928.49
500.504	13100.51
500.713	13819.35
500.921	14286.29
501.129	12967.4
501.338	13065.7
501.546	13946.33
501.754	13850.07
501.962	13596.12
502.171	13481.44
502.379	14380.5
502.587	14333.39
502.795	13747.67
503.004	13299.17
503.212	14609.87
503.42	14214.61
503.628	13841.88
503.837	14022.1
504.045	14556.62
504.253	15310.27
504.461	14144.98
504.669	14198.23
504.877	15267.27
505.085	14986.69
505.294	14046.68
505.502	14568.91
505.71	15371.71
505.918	14933.45
506.126	14427.6
506.334	14411.21
506.542	15230.4
506.75	15209.92
506.958	14896.58
507.166	14636.49
507.374	15085
507.582	15644.09
507.79	15076.8
507.998	14722.51
508.206	15799.74
508.414	15838.65
508.622	14890.44
508.83	14765.51
509.037	15617.47
509.245	15250.88
509.453	15097.28
509.661	14931.4
509.869	15949.24
510.077	15625.66
510.285	15611.32
510.492	15193.54
510.7	16741.8
510.908	15910.33
511.116	15484.35
511.324	15650.24
511.531	15936.95
511.739	16450.99
511.947	15957.43
512.155	16072.12
512.362	16379.31
512.57	16018.87
512.778	15564.22
512.985	15404.48
513.193	16293.3
513.401	16686.51
513.608	15783.35
513.816	15939
514.024	16475.57
514.231	16864.68
514.439	16180.66
514.646	16254.39
514.854	17089.96
515.061	16840.11
515.269	16403.89
515.477	16180.66
515.684	16993.7
515.892	17040.81
516.099	16125.36
516.307	16080.31
516.514	17345.95
516.722	17587.61
516.929	16668.08
517.136	16768.43
517.344	17386.91
517.551	17298.85
517.759	16543.15
517.966	16885.16
518.173	17413.54
518.381	17442.21
518.588	17030.57
518.796	17030.57
519.003	17753.5
519.21	17808.79
519.418	16817.58
519.625	17606.05
519.832	17683.87
520.039	17874.33
520.247	16846.25
520.454	17618.33
520.661	18230.68
520.868	17958.3
521.076	17696.16
521.283	17407.39
521.49	18994.57
521.697	18083.22
521.904	17585.57
522.112	17683.87
522.319	18625.93
522.526	18265.49
522.733	18023.83
522.94	17669.53
523.147	18478.48
523.354	18503.06
523.561	17974.68
523.768	18150.81
523.975	18992.52
524.183	18806.16
524.39	18410.9
524.597	18003.35
524.804	18732.43
525.011	18990.47
525.218	18331.03
525.425	18505.1
525.632	19318.15
525.838	19129.73
526.045	18306.45
526.252	18984.33
526.459	21095.78
526.666	21259.62
526.873	18767.24
527.08	18802.06
527.287	19883.39
527.494	19588.48
527.701	19029.38
527.907	18826.64
528.114	19535.23
528.321	19541.38
528.528	19072.39
528.735	19332.48
528.941	19899.77
529.148	19426.69
529.355	19209.61
529.562	19037.58
529.768	20708.72
529.975	19678.59
530.182	19639.68
530.388	19299.72
530.595	20180.34
530.802	19821.95
531.008	20006.27
531.215	19846.52
531.422	21198.18
531.628	21333.35
531.835	20184.44
532.042	20123
532.248	20888.94
532.455	20553.07
532.661	19959.16
532.868	20397.43
533.074	20813.17
533.281	21382.5
533.487	20303.22
533.694	20258.17
533.9	21058.92
534.107	21130.6
534.313	20782.45
534.52	20446.58
534.726	20979.05
534.933	22046.04
535.139	20598.13
535.345	20632.94
535.552	21753.18
535.758	21532
535.965	21022.06
536.171	21050.73
536.377	22082.91
536.584	22271.32
536.79	20802.93
536.996	21689.7
537.203	22019.42
537.409	22216.02
537.615	21130.6
537.821	21480.8
538.028	22613.33
538.234	22228.31
538.44	21624.16
538.646	21558.63
538.853	22246.74
539.059	22017.37
539.265	22029.66
539.471	21382.5
539.677	22676.82
539.883	22402.39
540.09	23309.64
540.296	22469.97
540.502	22758.74
540.708	22484.31
540.914	22435.16
541.12	22089.05
541.326	23016.78
541.532	23110.99
541.738	22222.17
541.944	22412.63
542.15	23223.62
542.356	23082.31
542.562	22682.96
542.768	22598.99
542.974	23620.93
543.18	23561.54
543.386	22734.16
543.592	22541.65
543.798	24290.62
544.004	24259.9
544.21	23139.66
544.415	23164.23
544.621	23903.55
544.827	24311.1
545.033	22936.91
545.239	23653.7
545.445	24048.96
545.651	23975.23
545.856	23254.34
546.062	23197
546.268	23774.53
546.474	23729.47
546.679	22795.6
546.885	22965.58
547.091	23479.62
547.297	24501.56
547.502	23491.91
547.708	23084.36
547.914	23577.92
548.119	24483.13
548.325	23440.71
548.531	23170.38
548.736	25081.13
548.942	24186.17
549.147	23643.46
549.353	24104.25
549.559	24894.77
549.764	24767.79
549.97	23606.59
550.175	24110.39
550.381	24927.53
550.586	24288.57
550.792	23948.61
550.997	24085.82
551.203	24972.59
551.408	25027.88
551.614	24337.72
551.819	24433.97
552.025	25539.88
552.23	25378.09
552.435	24618.29
552.641	25351.46
552.846	25322.79
553.052	26086.68
553.257	25191.72
553.462	25263.4
553.668	25384.23
553.873	25748.77
554.078	24511.8
554.283	25285.93
554.489	25951.52
554.694	25492.77
554.899	24890.67
555.105	25802.02
555.31	26035.49
555.515	26092.83
555.72	25568.55
555.925	26428.7
556.131	26422.55
556.336	25988.38
556.541	25445.67
556.746	25589.03
556.951	26565.91
557.156	26375.45
557.361	25294.12
557.567	26346.78
557.772	27034.89
557.977	26613.01
558.182	25521.45
558.387	25789.73
558.592	26377.5
558.797	26991.89
559.002	26318.11
559.207	26094.88
559.412	26754.32
559.617	26961.17
559.822	26015.01
560.027	25552.16
560.232	26512.66
560.437	26793.23
560.642	25771.3
560.847	26088.73
561.051	26584.34
561.256	26977.55
561.461	26307.87
561.666	26144.03
561.871	26723.6
562.076	27305.23
562.281	26520.85
562.485	26033.44
562.69	27483.4
562.895	26918.16
563.1	26672.4
563.305	26334.49
563.509	27153.68
563.714	27923.71
563.919	26475.8
564.123	26791.19
564.328	27028.75
564.533	28030.21
564.737	26369.3
564.942	26348.82
565.147	27667.72
565.351	27811.07
565.556	26656.02
565.761	26735.89
565.965	27878.66
566.17	27546.89
566.374	26674.45
566.579	27290.89
566.784	27698.44
566.988	27743.49
567.193	26709.27
567.397	27720.96
567.602	27628.81
567.806	27714.82
568.011	27419.91
568.215	27538.69
568.42	27892.99
568.624	28200.19
568.828	27075.85
569.033	27327.75
569.237	28458.23
569.442	28366.07
569.646	27194.64
569.85	27499.78
570.055	28251.39
570.259	28192
570.463	28044.54
570.668	27942.14
570.872	28370.17
571.076	28544.25
571.281	28288.25
571.485	28060.93
571.689	28652.79
571.893	28986.61
572.098	28243.2
572.302	27878.66
572.506	28722.42
572.71	28491
572.914	27788.55
573.119	28329.21
573.323	29146.35
573.527	29555.94
573.731	28701.94
573.935	28703.99
574.139	29170.93
574.343	29052.14
574.547	28652.79
574.751	29039.86
574.955	29633.77
575.159	29379.82
575.364	28908.79
575.568	28775.67
575.772	29381.87
575.976	29525.22
576.18	28720.37
576.383	28966.13
576.587	29682.92
576.791	29658.34
576.995	28669.17
577.199	28949.74
577.403	29418.73
577.607	29951.2
577.811	29220.08
578.015	28988.66
578.219	29990.11
578.422	29627.62
578.626	29154.54
578.83	29441.26
579.034	29850.85
579.238	29877.47
579.442	29693.16
579.645	29967.59
579.849	29979.87
580.053	30094.56
580.257	29199.6
580.46	29388.01
580.664	30457.05
580.868	30020.83
581.071	29652.2
581.275	29738.21
581.479	30262.49
581.682	30319.84
581.886	29926.63
582.09	30203.1
582.293	30485.72
582.497	31044.82
582.7	30223.58
582.904	30207.2
583.107	30817.49
583.311	30758.1
583.515	30043.36
583.718	30153.95
583.922	30917.84
584.125	31794.37
584.329	30364.89
584.532	30528.73
584.735	31661.26
584.939	31026.39
585.142	30667.99
585.346	30262.49
585.549	30964.95
585.753	30786.77
585.956	30555.35
586.159	31128.78
586.363	31212.75
586.566	31577.29
586.769	30819.54
586.973	30702.81
587.176	31272.14
587.379	31585.48
587.582	30778.58
587.786	31495.37
587.989	31827.14
588.192	32597.18
588.395	31050.96
588.599	31380.68
588.802	31689.93
589.005	32206.02
589.208	31415.5
589.411	31229.13
589.615	31894.72
589.818	32527.55
590.021	31567.05
590.224	31597.77
590.427	32392.38
590.63	32292.03
590.833	31231.18
591.036	31222.99
591.239	32189.63
591.442	31706.31
591.645	31571.14
591.848	32017.6
592.051	32748.73
592.254	31976.64
592.457	32386.24
592.66	32070.85
592.863	32834.74
593.066	33156.27
593.269	31999.17
593.472	32189.63
593.675	32785.59
593.878	32900.28
594.081	32253.12
594.284	32433.34
594.486	33109.17
594.689	33201.33
594.892	32292.03
595.095	32875.7
595.298	33012.91
595.5	32894.13
595.703	32744.63
595.906	33008.82
596.109	33375.41
596.311	33098.93
596.514	32541.88
596.717	32992.44
596.92	34018.47
597.122	33764.52
597.325	32711.86
597.528	33045.68
597.73	34331.81
597.933	33868.97
598.136	33191.09
598.338	32640.18
598.541	33748.14
598.743	34028.71
598.946	33121.46
599.148	33336.49
599.351	34034.85
599.554	33875.11
599.756	33088.69
599.959	33486
600.161	34176.16
600.363	34391.2
600.566	33399.98
600.768	33457.32
600.971	34321.57
601.173	34290.85
601.376	33311.92
601.578	34196.64
601.78	34032.8
601.983	34913.43
602.185	33326.25
602.388	34409.63
602.59	34725.02
602.792	34505.88
602.995	34432.16
603.197	33993.89
603.399	34958.49
603.601	34952.34
603.804	34120.87
604.006	34270.37
604.208	34483.36
604.41	34133.15
604.613	34639
604.815	33658.03
605.017	35169.43
605.219	34358.43
605.421	34829.46
605.623	34305.18
605.826	35591.31
606.028	35716.23
606.23	34274.46
606.432	34440.35
606.634	35267.73
606.836	34849.94
607.038	34274.46
607.24	34174.11
607.442	35210.39
607.644	34718.87
607.846	34583.71
608.048	34127.01
608.25	35148.95
608.452	34768.02
608.654	34552.99
608.856	33971.36
609.058	34798.74
609.26	35206.29
609.462	34393.25
609.664	34761.88
609.866	35232.91
610.067	34761.88
610.269	34722.97
610.471	34641.05
610.673	35013.78
610.875	35597.45
611.077	34573.47
611.278	34587.8
611.48	35675.27
611.682	35632.27
611.884	34856.09
612.085	34710.68
612.287	35288.21
612.489	35376.27
612.69	34700.44
612.892	34938.01
613.094	35894.41
613.295	35085.46
613.497	34571.42
613.699	35071.12
613.9	36027.52
614.102	35677.32
614.304	34970.77
614.505	34636.95
614.707	35357.84
614.908	35589.26
615.11	34796.7
615.311	35355.79
615.513	35875.98
615.714	35980.42
615.916	34907.29
616.117	35107.99
616.319	35204.24
616.52	35312.78
616.722	34911.38
616.923	35120.27
617.124	36033.67
617.326	35454.09
617.527	35191.95
617.729	35302.54
617.93	35529.87
618.131	35964.04
618.333	34976.92
618.534	35439.76
618.735	35724.43
618.937	36402.3
619.138	35511.44
619.339	35384.46
619.54	36435.07
619.742	36312.19
619.943	35581.07
620.144	35546.25
620.345	36539.52
620.546	35785.86
620.748	35351.7
620.949	35337.36
621.15	35935.37
621.351	35779.72
621.552	35259.54
621.753	34804.89
621.954	35820.68
622.155	36306.05
622.356	35212.43
622.558	35728.52
622.759	36213.89
622.96	36310.14
623.161	35507.34
623.362	35202.19
623.563	36209.79
623.764	35882.12
623.965	35546.25
624.166	35867.78
624.366	35812.49
624.567	36091.01
624.768	35382.41
624.969	35194
625.17	36406.4
625.371	35984.52
625.572	35929.22
625.773	35615.88
625.973	36793.47
626.174	36795.51
626.375	36056.2
626.576	35720.33
626.777	36629.63
626.977	36207.75
627.178	35878.02
627.379	36005
627.58	36013.19
627.78	36484.22
627.981	35642.51
628.182	36060.29
628.382	36598.91
628.583	36336.77
628.784	35980.42
628.984	35769.48
629.185	36815.99
629.386	36674.68
629.586	36482.17
629.787	36283.52
629.987	36906.1
630.188	37031.03
630.388	36187.27
630.589	36482.17
630.79	36902.01
630.99	36572.28
631.191	36267.14
631.391	36230.27
631.591	36426.88
631.792	36879.48
631.992	36902.01
632.193	36392.06
632.393	36985.97
632.594	36545.66
632.794	36156.55
632.994	36777.08
633.195	36469.89
633.395	36873.34
633.595	36023.43
633.796	36412.54
633.996	36764.79
634.196	37459.06
634.397	36631.68
634.597	36332.67
634.797	36621.44
634.997	36973.69
635.198	36594.81
635.398	36021.38
635.598	36957.3
635.798	36985.97
635.998	36803.71
636.199	36162.69
636.399	37278.83
636.599	36793.47
636.799	36371.58
636.999	37026.93
637.199	36981.88
637.399	37252.21
637.599	36308.1
637.799	36953.21
637.999	37309.55
638.199	37784.68
638.399	37373.04
638.599	36660.35
638.799	37852.27
638.999	37893.22
639.199	37203.06
639.399	37137.52
639.599	37807.21
639.799	37209.2
639.999	36641.92
640.199	36727.93
640.399	37071.99
640.599	37000.31
640.799	36992.12
640.998	37399.66
641.198	37493.87
641.398	37577.84
641.598	37702.76
641.798	37385.33
641.997	38548.57
642.197	37540.97
642.397	37538.93
642.597	37174.39
642.796	38005.86
642.996	37803.11
643.196	37481.58
643.395	36742.27
643.595	37641.32
643.795	37520.49
643.994	37872.74
644.194	37764.2
644.394	38577.25
644.593	38378.59
644.793	37694.57
644.992	38042.73
645.192	38261.86
645.392	37532.78
645.591	37747.82
645.791	37670
645.99	38648.92
646.19	38126.69
646.389	37882.98
646.589	37545.07
646.788	38034.53
646.987	37792.87
647.187	38100.07
647.386	38110.31
647.586	38225
647.785	38411.36
647.984	37610.6
648.184	37948.52
648.383	38495.33
648.582	37911.66
648.782	37729.39
648.981	37973.1
649.18	38059.11
649.38	38265.95
649.579	38196.32
649.778	37735.53
649.977	38556.77
650.177	38407.26
650.376	37964.9
650.575	37532.78
650.774	38497.38
650.973	37930.09
651.173	37594.22
651.372	38059.11
651.571	38442.08
651.77	38769.76
651.969	38544.48
652.168	38186.08
652.367	38319.2
652.566	38337.63
652.765	38249.57
652.964	38900.83
653.163	38812.76
653.362	38521.95
653.561	37903.46
653.76	38542.43
653.959	38653.02
654.158	39199.83
654.357	38601.82
654.556	38163.56
654.755	39185.49
654.954	39076.95
655.153	37995.62
655.352	38876.25
655.551	39177.3
655.749	38769.76
655.948	38464.61
656.147	38767.71
656.346	39289.94
656.545	38851.67
656.743	38612.06
656.942	38675.55
657.141	39169.11
657.34	38796.38
657.538	38816.86
657.737	38560.86
657.936	39345.23
658.135	38728.8
658.333	38380.64
658.532	39199.83
658.731	39648.33
658.929	39982.15
659.128	39464.02
659.326	38210.66
659.525	39521.36
659.724	39003.22
659.922	38368.35
660.121	38642.78
660.319	39330.9
660.518	38831.19
660.716	39152.73
660.915	38581.34
661.113	39760.97
661.312	39009.37
661.51	38679.64
661.709	38368.35
661.907	38982.74
662.105	39400.53
662.304	38843.48
662.502	39197.78
662.701	39726.16
662.899	39109.72
663.097	39382.1
663.296	38972.5
663.494	39619.66
663.692	39316.56
663.891	38634.59
664.089	38513.76
664.287	39529.55
664.485	39644.24
664.684	39117.91
664.882	39005.27
665.08	39308.37
665.278	39527.5
665.476	39152.73
665.675	39408.72
665.873	39898.19
666.071	39703.63
666.269	38915.16
666.467	39468.11
666.665	39832.65
666.863	39031.9
667.061	39193.68
667.259	39052.37
667.457	39334.99
667.655	39527.5
667.853	38661.21
668.051	38734.94
668.249	39369.81
668.447	39226.45
668.645	38503.52
668.843	38929.5
669.041	39464.02
669.239	39031.9
669.437	39109.72
669.635	39191.64
669.833	39261.27
670.031	39437.39
670.229	38866.01
670.426	38841.43
670.624	38845.53
670.822	39437.39
671.02	38779.99
671.218	38786.14
671.415	38665.31
671.613	39113.81
671.811	38886.49
672.009	38915.16
672.206	39623.76
672.404	39371.86
672.602	39320.66
672.799	39142.49
672.997	39398.48
673.195	39617.61
673.392	39087.19
673.59	38610.01
673.788	39685.2
673.985	38636.64
674.183	39203.92
674.38	39203.92
674.578	39717.96
674.775	39316.56
674.973	38397.02
675.17	38612.06
675.368	39382.1
675.565	39072.85
675.763	38693.98
675.96	38536.29
676.158	38974.55
676.355	38775.9
676.553	38331.49
676.75	38349.92
676.947	38888.54
677.145	38775.9
677.342	38798.43
677.539	38691.93
677.737	39040.09
677.934	38808.67
678.131	38798.43
678.329	38534.24
678.526	39580.75
678.723	39416.91
678.92	38911.06
679.118	38573.15
679.315	38921.3
679.512	39593.04
679.709	38841.43
679.906	38796.38
680.104	39701.58
680.301	39142.49
680.498	38503.52
680.695	38300.77
680.892	39187.54
681.089	39023.7
681.286	38872.15
681.483	37923.94
681.68	38671.45
681.877	39187.54
682.075	38245.48
682.272	38233.19
682.469	38775.9
682.665	38753.37
682.862	37743.72
683.059	38229.09
683.256	38427.74
683.453	38581.34
683.65	38055.01
683.847	38493.28
684.044	38368.35
684.241	38454.37
684.438	38499.42
684.635	37885.03
684.831	39095.38
685.028	38499.42
685.225	37670
685.422	38208.61
685.619	37682.28
685.815	37956.71
686.012	38141.03
686.209	37565.55
686.405	37792.87
686.602	38069.35
686.799	37485.68
686.996	37874.79
687.192	37739.63
687.389	38689.88
687.586	37377.14
687.782	37880.94
687.979	38650.97
688.175	38177.89
688.372	38046.82
688.568	37194.87
688.765	37766.25
688.962	37979.24
689.158	37588.08
689.355	37184.63
689.551	37366.9
689.748	37618.8
689.944	37377.14
690.14	37444.72
690.337	37989.48
690.533	37805.16
690.73	37203.06
690.926	37751.91
691.123	37665.9
691.319	37762.15
691.515	37600.36
691.712	37594.22
691.908	37817.45
692.104	37717.1
692.301	37506.16
692.497	36822.14
692.693	37717.1
692.889	37676.14
693.086	37506.16
693.282	36805.75
693.478	38020.2
693.674	38415.46
693.87	37735.53
694.067	37080.18
694.263	37698.67
694.459	37514.35
694.655	37491.82
694.851	37571.69
695.047	37545.07
695.243	37635.18
695.439	37211.25
695.635	37233.78
695.831	37301.36
696.027	37360.75
696.224	36732.03
696.42	37280.88
696.615	37520.49
696.811	37190.77
697.007	36453.5
697.203	36904.06
697.399	37463.15
697.595	37338.22
697.791	36301.95
697.987	36815.99
698.183	37131.38
698.379	36568.19
698.575	36623.48
698.77	36838.52
698.966	37342.32
699.162	37438.58
699.358	36756.6
699.554	36889.72
699.749	37502.06
699.945	37078.13
700.141	36719.74
700.337	36746.36
700.532	37049.46
700.728	36965.49
700.924	36371.58
701.119	36424.83
701.315	36619.39
701.511	36654.2
701.706	36613.24
701.902	35798.15
702.097	36457.6
702.293	36842.62
702.489	36056.2
702.684	36258.95
702.88	36777.08
703.075	36250.75
703.271	35757.19
703.466	35806.34
703.662	36355.2
703.857	36459.65
704.053	36557.95
704.248	36152.45
704.443	37158
704.639	36930.68
704.834	36326.53
705.03	36328.58
705.225	36660.35
705.42	36453.5
705.616	36103.3
705.811	35882.12
706.006	36406.4
706.202	36611.2
706.397	36242.56
706.592	35738.76
706.787	36232.32
706.983	36252.8
707.178	36650.11
707.373	35927.17
707.568	36111.49
707.763	35976.33
707.959	36007.05
708.154	36217.99
708.349	36107.4
708.544	36936.82
708.739	35570.83
708.934	35626.12
709.129	36187.27
709.324	36365.44
709.519	35875.98
709.714	35609.74
709.909	36285.57
710.104	36410.5
710.299	35568.78
710.494	35923.08
710.689	35894.41
710.884	35970.18
711.079	35538.06
711.274	35538.06
711.469	36076.68
711.664	36048
711.859	36277.38
712.054	36263.04
712.249	36762.75
712.443	36531.33
712.638	35761.29
712.833	35675.27
713.028	35953.8
713.223	35472.53
713.417	35847.3
713.612	35697.8
713.807	36119.68
714.002	36586.62
714.196	36084.87
714.391	34974.87
714.586	35576.97
714.78	35603.6
714.975	35261.58
715.17	35130.51
715.364	35818.63
715.559	35970.18
715.754	34714.78
715.948	35040.4
716.143	35941.51
716.337	35402.89
716.532	35820.68
716.726	35716.23
716.921	35990.66
717.115	35933.32
717.31	34712.73
717.504	36564.09
717.699	35814.54
717.893	35972.23
718.088	34866.33
718.282	35079.32
718.476	35126.42
718.671	34958.49
718.865	34466.97
719.059	34077.86
719.254	34858.13
719.448	35292.3
719.642	37233.78
719.837	33643.69
720.031	36863.1
720.225	34579.61
720.419	34618.52
720.614	34469.02
720.808	34815.13
721.002	34661.53
721.196	34669.72
721.39	34399.39
721.585	34886.81
721.779	35398.8
721.973	34696.35
722.167	34198.69
722.361	34860.18
722.555	35081.36
722.749	34043.04
722.943	34368.67
723.137	34284.7
723.331	34929.81
723.525	34288.8
723.719	34481.31
723.913	34798.74
724.107	34950.29
724.301	34249.89
724.495	34219.17
724.689	35003.54
724.883	34882.71
725.077	34317.47
725.271	34200.74
725.465	34821.27
725.659	35009.68
725.853	34200.74
726.046	34200.74
726.24	34227.36
726.434	34626.71
726.628	33959.08
726.822	34112.67
727.015	34946.2
727.209	35126.42
727.403	34335.9
727.596	33961.12
727.79	34653.34
727.984	34620.57
728.177	34305.18
728.371	34180.26
728.565	34559.13
728.758	34649.24
728.952	33969.32
729.146	34059.43
729.339	34778.26
729.533	34911.38
729.726	34104.48
729.92	33993.89
730.113	34698.39
730.307	34544.8
730.5	34194.59
730.694	33887.4
730.887	33723.56
731.081	34509.98
731.274	33789.1
731.468	33655.98
731.661	34086.05
731.854	33995.94
732.048	33584.3
732.241	33543.34
732.435	34215.07
732.628	34192.54
732.821	34014.37
733.014	34165.92
733.208	34053.28
733.401	34688.15
733.594	33451.18
733.788	33752.23
733.981	34391.2
734.174	34507.93
734.367	33557.67
734.56	34102.43
734.754	34346.14
734.947	34383.01
735.14	33354.93
735.333	33840.29
735.526	34727.06
735.719	34041
735.912	33733.8
736.105	33447.08
736.298	34526.36
736.491	34071.71
736.684	33299.63
736.877	33787.05
737.07	34358.43
737.263	34309.28
737.456	33733.8
737.649	34012.32
737.842	34184.35
738.035	34532.51
738.228	33500.33
738.421	33629.35
738.614	34221.22
738.807	34256.03
739	33266.86
739.192	33049.78
739.385	33514.67
739.578	33965.22
739.771	34000.04
739.964	33340.59
740.156	34354.33
740.349	33932.45
740.542	33934.5
740.735	33588.39
740.927	33539.24
741.12	33762.47
741.313	32955.57
741.505	33488.04
741.698	33678.5
741.891	33928.36
742.083	33529
742.276	33520.81
742.468	34010.28
742.661	33852.58
742.854	33189.04
743.046	33150.13
743.239	34200.74
743.431	33762.47
743.624	33143.98
743.816	32951.48
744.009	33717.42
744.201	33815.72
744.393	32808.12
744.586	32240.83
744.778	33647.79
744.971	33563.82
745.163	32933.04
745.355	33414.32
745.548	33154.22
745.74	33655.98
745.932	33172.66
746.125	32928.95
746.317	34016.42
746.509	33064.11
746.702	32943.28
746.894	33027.25
747.086	33402.03
747.278	33184.94
747.471	32861.37
747.663	32771.25
747.855	33692.84
748.047	33748.14
748.239	32844.98
748.431	33125.55
748.623	34051.24
748.815	33469.61
749.008	32945.33
749.2	32877.75
749.392	32998.58
749.584	33508.52
749.776	33025.2
749.968	32916.66
750.16	33639.59
750.352	33107.12
750.544	32556.22
750.736	32750.77
750.928	33225.9
751.12	33299.63
751.311	32652.47
751.503	32941.24
751.695	32955.57
751.887	32793.78
752.079	32326.85
752.271	32230.59
752.463	33651.88
752.654	32965.81
752.846	32689.34
753.038	32296.13
753.23	32941.24
753.421	33141.94
753.613	32183.49
753.805	32935.09
753.997	32726.2
754.188	32978.1
754.38	32042.18
754.572	32296.13
754.763	32734.39
754.955	32842.93
755.146	32046.27
755.338	32214.21
755.53	32867.51
755.721	32758.97
755.913	32056.51
756.104	31773.89
756.296	32513.21
756.487	32799.93
756.679	32091.33
756.87	31540.43
757.062	31943.88
757.253	32212.16
757.445	31509.71
757.636	32072.9
757.827	32570.55
758.019	32883.89
758.21	31468.75
758.401	31792.33
758.593	32611.51
758.784	32599.23
758.975	31239.37
759.167	31261.9
759.358	31802.57
759.549	32107.71
759.74	31065.3
759.932	30862.55
760.123	31470.79
760.314	31892.68
760.505	31282.38
760.696	30874.84
760.888	32046.27
761.079	32013.51
761.27	31280.33
761.461	30981.33
761.652	31945.92
761.843	31478.99
762.034	31286.48
762.225	31411.4
762.416	31511.75
762.607	30872.79
762.798	30592.22
762.989	30823.64
763.18	32453.82
763.371	31012.05
763.562	30364.89
763.753	30416.09
763.944	31075.54
764.135	30739.67
764.326	31028.43
764.517	30254.3
764.708	31026.39
764.899	31007.95
765.089	30199.01
765.28	29865.19
765.471	30594.26
765.662	31089.87
765.853	30508.25
766.043	30162.14
766.234	31122.64
766.425	30823.64
766.615	30399.71
766.806	30035.17
766.997	30866.64
767.187	30772.44
767.378	30287.07
767.569	29553.9
767.759	30561.5
767.95	30395.61
768.141	29998.3
768.331	29854.95
768.522	30624.98
768.712	30567.64
768.903	30045.41
769.093	29672.68
769.284	30012.64
769.474	29863.14
769.665	29117.68
769.855	29187.31
770.046	30530.78
770.236	29977.83
770.426	29347.05
770.617	29400.3
770.807	29406.44
770.998	30022.88
771.188	29512.94
771.378	29220.08
771.569	30280.92
771.759	29795.56
771.949	28560.63
772.139	29152.49
772.33	29117.68
772.52	29359.34
772.71	28761.33
772.9	28822.77
773.09	29879.52
773.281	29699.3
773.471	28941.55
773.661	28937.46
773.851	29117.68
774.041	29732.07
774.231	29043.95
774.421	29197.55
774.611	29877.47
774.802	29371.63
774.992	28497.14
775.182	28568.82
775.372	29043.95
775.562	29770.98
775.752	28390.65
775.942	28183.8
776.131	29551.85
776.321	28914.93
776.511	28353.79
776.701	28005.63
776.891	28962.03
777.081	28497.14
777.271	28257.53
777.461	27882.75
777.651	28654.84
777.84	28400.89
778.03	28468.47
778.22	27878.66
778.41	28089.6
778.599	28243.2
778.789	27628.81
778.979	27587.85
779.169	28343.55
779.358	28159.23
779.548	28302.59
779.738	27587.85
779.927	28329.21
780.117	28216.57
780.307	27600.13
780.496	27272.46
780.686	28447.99
780.875	29043.95
781.065	27921.66
781.254	27458.82
781.444	28216.57
781.633	27944.19
781.823	27452.68
782.012	27360.52
782.202	27931.9
782.391	27745.54
782.581	27360.52
782.77	27860.23
782.96	28488.95
783.149	27696.39
783.338	27591.94
783.528	27335.95
783.717	28439.8
783.906	28255.48
784.096	27860.23
784.285	27272.46
784.474	27688.2
784.663	27675.91
784.853	26920.21
785.042	27030.8
785.231	27481.35
785.42	27512.07
785.61	27127.05
785.799	26805.52
785.988	27720.96
786.177	26944.78
786.366	27155.72
786.555	27331.85
786.744	27315.47
786.933	27014.41
787.122	26361.11
787.312	26584.34
787.501	26989.84
787.69	27241.74
787.879	26467.61
788.068	26084.64
788.257	26535.19
788.445	26744.08
788.634	26189.08
788.823	26062.11
789.012	27030.8
789.201	27194.64
789.39	26115.36
789.579	26246.43
789.768	26672.4
789.957	26610.96
790.145	25953.57
790.334	25914.66
790.523	26271
790.712	26760.47
790.9	26334.49
791.089	26078.49
791.278	27002.13
791.467	26592.53
791.655	26543.38
791.844	27002.13
792.033	25965.85
792.221	26322.2
792.41	25648.42
792.599	25218.35
792.787	26381.59
792.976	26350.87
793.164	25226.54
793.353	25689.38
793.541	26465.56
793.73	26297.63
793.918	25765.15
794.107	25552.16
794.295	26043.68
794.484	25849.12
794.672	25627.94
794.861	25472.29
795.049	25851.17
795.238	26494.23
795.426	25425.19
795.614	25304.36
795.803	26000.67
795.991	25787.68
796.179	25101.61
796.368	25265.45
796.556	25951.52
796.744	25746.72
796.932	25191.72
797.121	24806.7
797.309	25713.95
797.497	25896.22
797.685	25081.13
797.874	24980.78
798.062	25353.51
798.25	25595.17
798.438	24862
798.626	24882.48
798.814	25722.15
799.002	25928.99
799.19	25349.42
799.378	25079.08
799.566	25537.83
799.755	25711.91
799.943	24890.67
800.131	25326.89
800.318	25439.53
800.506	25826.59
800.694	25122.09
800.882	25050.41
801.07	26131.74
801.258	25793.83
801.446	25066.8
801.634	25158.95
801.822	25873.7
802.01	26189.08
802.197	25027.88
802.385	25492.77
802.573	25732.39
802.761	25240.87
802.949	25320.74
803.136	24571.19
803.324	25621.8
803.512	25365.8
803.699	24620.34
803.887	24397.11
804.075	25597.22
804.262	25187.63
804.45	24589.62
804.638	24771.89
804.825	25486.63
805.013	25308.46
805.201	24892.72
805.388	24845.62
805.576	25470.25
805.763	25713.95
805.951	24612.15
806.138	25357.61
806.326	26033.44
806.513	25992.48
806.701	25310.5
806.888	25077.04
807.075	25945.37
807.263	25972
807.45	25093.42
807.638	24886.57
807.825	26178.84
808.012	26064.16
808.2	25226.54
808.387	25566.5
808.574	25720.1
808.761	26326.3
808.949	24962.35
809.136	25406.76
809.323	25593.12
809.51	26299.67
809.698	25877.79
809.885	25728.29
810.072	26365.21
810.259	26572.05
810.446	25541.92
810.633	25625.89
810.82	26453.27
811.008	26543.38
811.195	25783.59
811.382	25552.16
811.569	26492.18
811.756	25589.03
811.943	25429.29
812.13	25320.74
812.317	25777.44
812.504	26019.1
812.691	25503.01
812.878	25750.82
813.064	26195.23
813.251	26129.69
813.438	25476.39
813.625	25679.14
813.812	25877.79
813.999	25990.43
814.186	25541.92
814.372	25267.5
814.559	25685.28
814.746	25928.99
814.933	25081.13
815.12	25617.7
815.306	25398.57
815.493	25537.83
815.68	25048.36
815.866	24929.58
816.053	26072.35
816.24	25910.56
816.426	25320.74
816.613	24794.42
816.799	25496.87
816.986	25814.3
817.173	24960.3
817.359	24993.07
817.546	25908.51
817.732	25378.09
817.919	25120.04
818.105	25517.35
818.292	25822.5
818.478	26129.69
818.665	25709.86
818.851	25371.94
819.037	26350.87
819.224	25793.83
819.41	24907.05
819.597	24984.88
819.783	26334.49
819.969	25810.21
820.156	24704.31
820.342	24921.39
820.528	27266.31
820.714	25380.14
820.901	25494.82
821.087	25027.88
821.273	26309.91
821.459	25515.3
821.646	25404.71
821.832	24986.93
822.018	25679.14
822.204	25511.21
822.39	24974.64
822.576	24577.33
822.762	25353.51
822.948	25560.36
823.134	24667.44
823.32	24878.38
823.507	25371.94
823.693	25761.06
823.879	25384.23
824.065	24788.27
824.25	25404.71
824.436	24821.04
824.622	24601.91
824.808	24759.6
824.994	25363.75
825.18	25187.63
825.366	24141.11
825.552	24569.14
825.738	25212.2
825.923	25449.77
826.109	24667.44
826.295	24165.69
826.481	24790.32
826.667	24808.75
826.852	24829.23
827.038	24112.44
827.224	25236.78
827.409	24941.87
827.595	23971.13
827.781	24448.31
827.966	25466.15
828.152	25048.36
828.338	24386.87
828.523	23911.74
828.709	24980.78
828.894	24892.72
829.08	24405.3
829.266	24089.92
829.451	24454.45
829.637	24640.82
829.822	24102.2
830.008	23864.64
830.193	24431.93
830.378	24624.43
830.564	24137.02
830.749	23711.04
830.935	24280.38
831.12	23938.37
831.305	23270.73
831.491	23596.35
831.676	23805.25
831.861	24444.21
832.047	23569.73
832.232	23672.13
832.417	24247.61
832.602	24333.62
832.788	23215.43
832.973	23303.5
833.158	23895.36
833.343	23776.58
833.528	23479.62
833.714	23539.01
833.899	23625.03
834.084	24413.49
834.269	23463.24
834.454	23180.62
834.639	23729.47
834.824	23717.18
835.009	23135.56
835.194	23379.27
835.379	23969.08
835.564	23971.13
835.749	23498.05
835.934	22930.76
836.119	23588.16
836.304	23725.38
836.489	22725.97
836.674	23149.9
836.859	23381.32
837.044	23786.82
837.228	23180.62
837.413	22644.05
837.598	23469.38
837.783	23500.1
837.968	22789.45
838.152	22338.9
838.337	22728.02
838.522	23829.82
838.707	23461.19
838.891	22871.37
839.076	22838.61
839.261	22865.23
839.445	22725.97
839.63	22369.62
839.815	23190.86
839.999	22750.54
840.184	22386.01
840.368	22308.18
840.553	23387.46
840.737	22981.96
840.922	22140.25
841.106	22177.11
841.291	22398.29
841.475	22867.28
841.66	22345.05
841.844	22027.61
842.029	23530.82
842.213	22820.17
842.397	22396.24
842.582	21734.75
842.766	22873.42
842.951	22988.11
843.135	22332.76
843.319	22089.05
843.504	22869.33
843.688	23022.92
843.872	21701.98
844.056	22068.57
844.241	22623.57
844.425	22447.44
844.609	22033.75
844.793	21513.57
844.977	22500.69
845.161	22197.59
845.346	21495.14
845.53	21507.43
845.714	22291.8
845.898	22637.91
846.082	21296.49
846.266	21575.01
846.45	21814.62
846.634	22318.42
846.818	21327.21
847.002	21673.31
847.186	21701.98
847.37	21396.84
847.554	21022.06
847.738	21271.91
847.922	21366.12
848.106	21796.19
848.29	20788.59
848.473	20997.48
848.657	21445.99
848.841	21458.28
849.025	20833.64
849.209	20768.11
849.392	21525.86
849.576	21796.19
849.76	20608.37
849.944	21249.38
850.127	21964.12
850.311	21216.61
850.495	20680.05
850.678	20528.5
850.862	21493.09
851.046	21671.26
851.229	21099.88
851.413	20428.15
851.596	21538.15
851.78	21243.24
851.964	20860.27
852.147	20653.42
852.331	21710.18
852.514	21464.42
852.698	20401.52
852.881	20086.14
853.065	21046.63
853.248	21058.92
853.431	20540.79
853.615	20612.46
853.798	21816.67
853.982	20880.75
854.165	20614.51
854.348	19959.16
854.532	20653.42
854.715	20483.44
854.898	19912.06
855.081	20036.98
855.265	21044.59
855.448	21167.46
855.631	19860.86
855.814	19850.62
855.997	20657.52
856.181	20858.22
856.364	20120.95
856.547	19944.83
856.73	20596.08
856.913	20657.52
857.096	19905.91
857.279	20010.36
857.462	20338.04
857.645	20651.38
857.828	20053.37
858.011	20063.61
858.194	20075.9
858.377	20127.1
858.56	19158.41
858.743	19729.79
858.926	19658.11
859.109	19938.68
859.292	19219.85
859.475	19027.34
859.658	19977.59
859.841	19977.59
860.023	18912.65
860.206	19287.43
860.389	19991.93
860.572	19934.59
860.755	19269
860.937	19479.94
861.12	19656.06
861.303	19838.33
861.486	19250.56
861.668	18941.32
861.851	19770.75
862.034	19785.08
862.216	19156.36
862.399	18578.83
862.581	19635.58
862.764	19768.7
862.947	18877.83
863.129	18544.02
863.312	18642.32
863.494	19025.29
863.677	18728.33
863.859	17986.97
864.042	19197.32
864.224	18873.74
864.406	18644.37
864.589	18263.44
864.771	18902.41
864.954	18816.4
865.136	18533.78
865.318	18118.04
865.501	19248.52
865.683	18066.84
865.865	18175.38
866.048	18113.94
866.23	19039.62
866.412	18468.24
866.594	18189.72
866.777	18390.42
866.959	18394.51
867.141	18341.27
867.323	18529.68
867.505	18443.67
867.687	18496.91
867.869	18527.63
868.052	18052.5
868.234	18138.52
868.416	18740.62
868.598	19035.53
868.78	18029.98
868.962	18300.31
869.144	18812.3
869.326	18670.99
869.508	17962.39
869.69	18060.7
869.872	18300.31
870.054	18883.98
870.236	17280.42
870.417	17620.38
870.599	18523.54
870.781	18982.28
870.963	17925.53
871.145	17735.07
871.327	18269.59
871.508	18705.81
871.69	17894.81
871.872	17814.94
872.054	18621.84
872.235	18441.62
872.417	18032.02
872.599	17735.07
872.78	19387.78
872.962	18533.78
873.144	17634.72
873.325	17991.06
873.507	18558.35
873.689	18566.54
873.87	17882.52
874.052	18402.71
874.233	18245.01
874.415	18976.14
874.596	18001.3
874.778	17456.54
874.959	18085.27
875.141	18689.42
875.322	17702.3
875.503	17634.72
875.685	18388.37
875.866	18087.32
876.048	17618.33
876.229	17423.78
876.41	18019.74
876.592	18410.9
876.773	17737.12
876.954	17345.95
877.136	18501.01
877.317	17903
877.498	17528.22
877.679	17962.39
877.86	18265.49
878.042	18240.92
878.223	17548.7
878.404	18255.25
878.585	18283.92
878.766	19944.83
878.947	18255.25
879.128	17788.32
879.309	18298.26
879.49	18736.52
879.672	17771.93
879.853	18034.07
880.034	18376.08
880.215	18443.67
880.396	18009.5
880.576	18095.51
880.757	18435.47
880.938	19113.35
881.119	18050.46
881.3	17931.67
881.481	18378.13
881.662	19758.46
881.843	17919.39
882.023	17825.18
882.204	18722.19
882.385	19000.71
882.566	17927.58
882.747	18277.78
882.927	18572.69
883.108	18943.37
883.289	18171.29
883.469	18738.57
883.65	18525.58
883.831	18937.23
884.011	18746.76
884.192	18544.02
884.373	19285.38
884.553	18902.41
884.734	18709.9
884.914	19273.09
885.095	20245.88
885.275	19518.85
885.456	18900.36
885.636	18525.58
885.817	19150.21
885.997	19395.97
886.178	18431.38
886.358	18828.68
886.538	19238.28
886.719	20880.75
886.899	18595.21
887.08	18824.59
887.26	19422.59
887.44	18761.1
887.621	18505.1
887.801	18406.8
887.981	19774.84
888.161	19484.03
888.342	18926.99
888.522	18525.58
888.702	19379.59
888.882	19502.47
889.062	18754.96
889.242	18292.12
889.423	19297.67
889.603	19187.08
889.783	18736.52
889.963	18838.92
890.143	19373.44
890.323	19414.4
890.503	18488.72
890.683	19244.42
890.863	19410.31
891.043	19350.92
891.223	18992.52
891.403	19457.41
891.583	19459.46
891.763	19486.08
891.943	18670.99
892.122	18845.07
892.302	19279.24
892.482	19035.53
892.662	18814.35
892.842	19099.02
893.022	18972.04
893.201	19033.48
893.381	18935.18
893.561	18482.58
893.741	19508.61
893.92	18980.23
894.1	18515.34
894.28	18738.57
894.459	19336.58
894.639	19033.48
894.819	18328.98
894.998	19027.34
895.178	19541.38
895.357	19230.09
895.537	18488.72
895.716	18199.96
895.896	18908.55
896.075	19037.58
896.255	18421.14
896.434	18113.94
896.614	19381.63
896.793	19076.49
896.973	18337.17
897.152	18257.3
897.331	18867.59
897.511	19064.2
897.69	18136.47
897.87	18488.72
898.049	18779.53
898.228	18791.82
898.407	18152.85
898.587	18187.67
898.766	18617.74
898.945	18771.34
899.124	18652.56
899.304	18175.38
899.483	18847.12
899.662	19127.69
899.841	17757.6
900.02	17796.51
900.199	18343.31
900.378	18288.02
900.557	17628.57
900.737	17405.35
900.916	17857.95
901.095	17999.26
901.274	17819.03
901.453	17382.82
901.632	17837.47
901.811	17558.94
901.989	17147.3
902.168	17149.35
902.347	18105.75
902.526	17653.15
902.705	17059.24
902.884	17483.17
903.063	18183.57
903.242	17769.88
903.42	16809.39
903.599	17104.29
903.778	17544.61
903.957	17685.92
904.135	16934.31
904.314	16459.18
904.493	17104.29
904.672	16793
904.85	16401.84
905.029	16602.54
905.207	16985.51
905.386	17243.56
905.565	15795.64
905.743	15900.09
905.922	16446.9
906.1	16184.76
906.279	15388.1
906.457	15451.58
906.636	16227.76
906.814	15953.34
906.993	15429.06
907.171	15181.25
907.35	15934.9
907.528	16389.55
907.707	15560.13
907.885	14933.45
908.063	15621.56
908.242	15439.3
908.42	14943.69
908.598	14929.35
908.777	15709.63
908.955	15381.95
909.133	15033.8
909.311	14697.93
909.49	15424.96
909.668	15574.46
909.846	15013.32
910.024	14984.65
910.202	15568.32
910.38	15939
910.559	15279.55
910.737	15308.23
910.915	15928.76
911.093	16037.3
911.271	15537.6
911.449	15746.49
911.627	15924.66
911.805	16747.95
911.983	15347.14
912.161	15156.68
912.339	15836.6
912.517	16246.19
912.695	15963.58
912.872	15629.76
913.05	16281.01
913.228	16328.11
913.406	15498.69
913.584	15539.65
913.762	16190.9
913.939	16176.56
914.117	15699.39
914.295	15537.6
914.473	15664.57
914.65	16512.43
914.828	15291.84
915.006	15158.72
915.184	15898.04
915.361	15877.56
915.539	15726.01
915.716	15816.12
915.894	15889.85
916.072	16299.44
916.249	15912.38
916.427	15318.46
916.604	15543.74
916.782	15914.42
916.959	15091.14
917.137	15144.39
917.314	15850.94
917.492	15689.15
917.669	15140.29
917.847	15123.91
918.024	15594.94
918.201	15173.06
918.379	15199.68
918.556	15115.72
918.733	15605.18
918.911	15381.95
919.088	15429.06
919.265	15158.72
919.442	15764.92
919.62	15463.87
919.797	15173.06
919.974	14820.81
920.151	15508.93
920.328	15445.44
920.506	14745.03
920.683	15357.38
920.86	14716.36
921.037	15060.42
921.214	14609.87
921.391	14493.13
921.568	14937.54
921.745	14908.87
921.922	14341.58
922.099	14357.97
922.276	15015.37
922.453	15140.29
922.63	14532.04
922.807	14732.75
922.984	14998.98
923.161	14857.67
923.338	14325.2
923.514	14126.55
923.691	14947.78
923.868	15185.35
924.045	14159.31
924.222	13899.22
924.399	14511.57
924.575	14433.74
924.752	14187.99
924.929	14130.64
925.105	14689.74
925.282	14120.4
925.459	14335.44
925.635	14018
925.812	14454.22
925.989	13995.48
926.165	13778.39
926.342	13407.71
926.518	13886.93
926.695	13538.78
926.871	13440.48
927.048	13209.06
927.224	14243.28
927.401	13592.03
927.577	13598.17
927.754	13039.08
927.93	14046.68
928.107	13876.69
928.283	13221.34
928.459	13520.35
928.636	13913.56
928.812	13456.86
928.988	13028.84
929.165	12955.11
929.341	13592.03
929.517	13766.1
929.693	13632.99
929.87	12633.58
930.046	13413.85
930.222	12979.68
930.398	12590.57
930.574	12627.43
930.751	12856.81
930.927	12707.3
931.103	12353.01
931.279	12475.88
931.455	12735.98
931.631	12850.66
931.807	12109.3
931.983	12008.95
932.159	12154.35
932.335	12432.88
932.511	12142.07
932.687	12021.24
932.863	12123.63
933.039	12402.16
933.215	11613.69
933.391	11456
933.566	11789.81
933.742	12013.04
933.918	11599.35
934.094	11146.75
934.27	11625.98
934.445	11503.1
934.621	11382.27
934.797	10878.47
934.973	11470.33
935.148	11369.98
935.324	10919.43
935.5	10479.11
935.675	11156.99
935.851	11206.14
936.027	10440.2
936.202	10421.77
936.378	10534.41
936.553	9991.7
936.729	10444.3
936.904	9733.65
937.08	9692.69
937.255	9629.21
937.431	9307.68
937.606	8873.51
937.782	9076.26
937.957	9463.32
938.133	8701.48
938.308	8539.69
938.483	8928.8
938.659	8699.43
938.834	8259.12
939.009	8003.12
939.185	8562.22
939.36	8064.56
939.535	7306.81
939.71	7853.62
939.886	8269.36
940.061	8013.36
940.236	7908.91
940.411	7448.12
940.586	7761.46
940.761	7796.28
940.937	7405.11
941.112	7073.34
941.287	7345.72
941.462	7251.52
941.637	6628.93
941.812	7104.06
941.987	7411.26
942.162	7237.18
942.337	7030.34
942.512	6815.3
942.687	7579.19
942.862	7185.98
943.037	6575.69
943.212	6344.27
943.386	6944.32
943.561	7003.71
943.736	6803.01
943.911	7315
944.086	7450.17
944.26	7061.05
944.435	6776.39
944.61	6960.7
944.785	7095.87
944.959	7732.79
945.134	6510.15
945.309	6612.55
945.483	6757.96
945.658	7087.68
945.833	6432.33
946.007	6391.37
946.182	7358.01
946.357	6786.63
946.531	6583.88
946.706	6762.05
946.88	6950.46
947.055	7185.98
947.229	6735.43
947.404	6571.59
947.578	6995.52
947.752	7095.87
947.927	6501.96
948.101	6536.77
948.276	7654.97
948.45	7224.89
948.624	7075.39
948.799	6796.87
948.973	7138.88
949.147	7009.86
949.321	6860.35
949.496	6813.25
949.67	7779.89
949.844	7083.58
950.018	6690.37
950.193	6932.03
950.367	8009.26
950.541	7259.71
950.715	7138.88
950.889	7157.31
951.063	7245.37
951.237	7605.81
951.411	6901.31
951.585	6991.42
951.759	7714.36
951.933	7587.38
952.107	7140.93
952.281	7218.75
952.455	7863.86
952.629	7708.21
952.803	7157.31
952.977	7120.45
953.151	7577.14
953.325	7501.37
953.499	7249.47
953.672	6764.1
953.846	7341.63
954.02	7515.7
954.194	7179.84
954.368	7224.89
954.541	7976.5
954.715	7728.69
954.889	7134.78
955.062	7210.56
955.236	7624.25
955.41	8015.41
955.583	7618.1
955.757	7302.72
955.93	7857.71
956.104	7722.55
956.278	7294.52
956.451	7388.73
956.625	7958.07
956.798	8191.53
956.972	7697.97
957.145	7192.12
957.319	8308.27
957.492	7765.56
957.665	7634.49
957.839	7169.6
958.012	7962.16
958.185	7779.89
958.359	7620.15
958.532	7796.28
958.705	7902.77
958.879	7857.71
959.052	7648.82
959.225	7347.77
959.398	8011.31
959.572	8052.27
959.745	7681.59
959.918	7683.64
960.091	8056.37
960.264	8295.98
960.438	7638.58
960.611	7489.08
960.784	8431.15
960.957	7779.89
961.13	8298.03
961.303	7575.1
961.476	8207.92
961.649	8238.64
961.822	7495.22
961.995	7761.46
962.168	7970.35
962.341	8189.49
962.514	7530.04
962.686	7308.86
962.859	7853.62
963.032	8173.1
963.205	7421.5
963.378	7185.98
963.551	7853.62
963.723	7906.87
963.896	7790.13
964.069	7833.14
964.242	7847.47
964.414	8527.4
964.587	7581.24
964.76	7865.91
964.932	8089.14
965.105	7886.39
965.278	7519.8
965.45	7290.43
965.623	8078.9
965.795	8205.87
965.968	7593.53
966.14	7396.92
966.313	7960.11
966.485	7910.96
966.658	7355.96
966.83	7370.3
967.003	8025.65
967.175	7712.31
967.348	7302.72
967.52	7394.87
967.692	8310.32
967.865	8169.01
968.037	7517.75
968.209	7759.41
968.382	8011.31
968.554	7878.19
968.726	7476.79
968.898	7243.32
969.071	8046.13
969.243	7908.91
969.415	7444.03
969.587	7484.98
969.759	7878.19
969.932	7646.77
970.104	7386.68
970.276	6803.01
970.448	7575.1
970.62	7413.31
970.792	7194.17
970.964	7243.32
971.136	7990.83
971.308	7609.91
971.48	7132.73
971.652	7134.78
971.824	7894.58
971.996	7577.14
972.168	7190.08
972.339	7507.51
972.511	7421.5
972.683	7583.29
972.855	7325.24
973.027	7091.77
973.199	7695.93
973.37	7675.45
973.542	7065.15
973.714	7196.22
973.886	7185.98
974.057	7288.38
974.229	6745.67
974.401	6676.04
974.572	7081.53
974.744	6889.03
974.915	6598.21
975.087	6723.14
975.259	7523.9
975.43	7024.19
975.602	6628.93
975.773	6710.85
975.945	7009.86
976.116	7226.94
976.288	6755.91
976.459	6848.07
976.63	6866.5
976.802	7142.97
976.973	6616.65
977.145	7038.53
977.316	7675.45
977.487	7765.56
977.659	6749.76
977.83	6784.58
978.001	7392.83
978.172	7063.1
978.344	6575.69
978.515	6596.17
978.686	7147.07
978.857	7419.45
979.028	6446.66
979.2	6428.23
979.371	7212.6
979.542	6778.44
979.713	6737.48
979.884	5949.01
980.055	6850.11
980.226	6819.39
980.397	6426.18
980.568	5996.11
980.739	6948.42
980.91	6506.06
981.081	6350.41
981.252	6149.71
981.423	6659.65
981.594	6565.45
981.765	6174.28
981.936	6325.83
982.106	6436.42
982.277	6911.55
982.448	6137.42
982.619	6340.17
982.79	6360.65
982.96	6551.11
983.131	6291.02
983.302	5668.44
983.472	6391.37
983.643	6370.89
983.814	5981.78
983.984	5828.18
984.155	6127.18
984.326	6415.94
984.496	6071.89
984.667	5936.72
984.837	5908.05
985.008	6555.21
985.178	6391.37
985.349	5830.23
985.519	5971.54
985.69	5969.49
985.86	5631.57
986.031	5600.85
986.201	6227.53
986.371	6061.65
986.542	5371.48
986.712	5357.14
986.882	6153.8
987.053	5967.44
987.223	5449.3
987.393	5793.36
987.563	5908.05
987.734	6215.24
987.904	6055.5
988.074	5369.43
988.244	5672.53
988.414	5795.41
988.585	5410.39
988.755	5643.86
988.925	5725.78
989.095	6340.17
989.265	5228.12
989.435	5684.82
989.605	5742.16
989.775	6186.57
989.945	5854.8
990.115	5365.34
990.285	5699.16
990.455	5760.59
990.625	5490.26
990.795	4961.89
990.965	5985.87
991.134	5332.57
991.304	5008.99
991.474	5138.01
991.644	5621.33
991.814	5709.4
991.984	4853.34
992.153	5041.76
992.323	5125.72
992.493	5455.45
992.662	4798.05
992.832	5072.48
993.002	5305.95
993.171	5455.45
993.341	4775.52
993.511	5013.09
993.68	5209.69
993.85	5502.55
994.019	4908.64
994.189	4640.36
994.358	5307.99
994.528	5277.27
994.697	4564.58
994.867	4712.03
995.036	5338.71
995.206	4984.41
995.375	4597.35
995.544	4998.75
995.714	5518.93
995.883	5095
996.052	5049.95
996.222	4327.02
996.391	5363.29
996.56	5113.44
996.73	4611.68
996.899	4449.89
997.068	5363.29
997.237	5135.96
997.406	4376.17
997.576	4038.25
997.745	5135.96
997.914	4642.4
998.083	4009.58
998.252	4068.97
998.421	4879.97
998.59	4507.24
998.759	4116.08
998.928	4097.64
999.097	4873.82
999.266	4757.09
999.435	4376.17
999.604	3847.79
999.773	4937.31
999.942	4572.77
1000.111	3798.64
1000.28	3640.95
1000.448	4347.5
1000.617	4341.35
1000.786	4304.49
1000.955	3812.98
1001.124	4650.6
1001.292	5035.61
1001.461	3894.9
1001.63	3849.84
1001.798	4578.92
1001.967	4437.61
1002.136	3708.53
1002.304	3692.15
1002.473	4558.44
1002.642	4238.95
1002.81	4013.68
1002.979	3741.3
1003.147	4593.25
1003.316	4556.39
1003.484	3724.91
1003.653	3724.91
1003.821	4335.21
1003.99	4220.52
1004.158	4191.85
1004.327	3778.16
1004.495	4220.52
1004.663	4134.51
1004.832	3880.56
1005	3288.7
1005.168	4056.68
1005.337	3888.75
1005.505	3200.63
1005.673	3772.02
1005.842	4056.68
1006.01	3898.99
1006.178	3184.25
1006.346	3425.91
1006.514	3626.61
1006.683	4290.15
1006.851	3319.42
1007.019	3610.23
1007.187	3745.39
1007.355	3360.38
1007.523	3071.61
1007.691	3290.74
1007.859	3686
1008.027	4388.46
1008.195	3247.74
1008.363	3081.85
1008.531	3726.96
1008.699	3907.18
1008.867	2971.26
1009.035	3268.22
1009.203	4214.38
1009.37	3769.97
1009.538	3167.87
1009.706	4009.58
1009.874	3724.91
1010.042	3491.45
1010.209	2817.66
1010.377	2879.1
1010.545	3700.34
1010.713	3612.28
1010.88	2934.4
1011.048	2958.97
1011.216	3411.57
1011.383	3765.87
1011.551	2842.24
1011.718	2868.86
1011.886	3530.36
1012.054	3581.56
1012.221	2770.56
1012.389	2702.98
1012.556	3407.48
1012.724	3733.11
1012.891	2856.58
1013.058	2461.32
1013.226	3425.91
1013.393	3389.05
1013.561	2621.06
1013.728	2479.75
1013.895	3548.79
1014.063	3237.5
1014.23	2420.36
1014.397	2608.77
1014.565	3360.38
1014.732	3055.23
1014.899	2365.06
1015.066	2520.71
1015.233	3237.5
1015.401	3200.63
1015.568	2442.89
1015.735	2776.7
1015.902	3247.74
1016.069	3266.17
1016.236	2410.12
1016.403	2254.47
1016.57	2678.4
1016.737	3530.36
1016.904	2498.18
1017.071	2350.73
1017.238	2844.29
1017.405	2928.25
1017.572	2401.93
1017.739	2635.39
1017.906	3292.79
1018.073	3243.64
1018.24	2125.45
1018.407	2426.5
1018.573	3014.27
1018.74	2819.71
1018.907	2436.74
1019.074	1904.27
1019.241	2834.05
1019.407	2756.22
1019.574	2098.83
1019.741	1941.13
1019.907	3165.82
1020.074	3176.06
1020.241	1650.32
1020.407	1881.74
1020.574	2475.65
1020.74	2571.91
1020.907	1947.28
1021.073	1955.47
1021.24	3200.63
1021.406	2655.87
1021.573	1795.73
1021.739	1891.98
1021.906	2854.53
1022.072	2492.04
1022.239	1865.36
1022.405	1973.9
1022.571	2508.42
1022.738	2311.82
1022.904	1859.21
1023.07	2152.07
1023.237	2311.82
1023.403	2721.41
1023.569	1760.91
1023.735	1889.93
1023.902	2453.13
1024.068	2516.61
1024.234	1623.7
1024.4	1752.72
1024.566	2240.14
1024.732	2381.45
1024.898	1834.64
1025.065	1521.3
1025.231	2231.94
1025.397	2201.23
1025.563	1711.76
1025.729	1584.79
1025.895	1994.38
1026.061	2127.5
1026.227	1412.76
1026.392	1662.61
1026.558	2391.69
1026.724	2516.61
1026.89	1681.04
1027.056	1896.08
1027.222	2147.98
1027.388	2274.95
1027.553	1719.95
1027.719	1554.07
1027.885	2563.72
1028.051	2190.99
1028.216	1373.85
1028.382	1562.26
1028.548	2270.86
1028.713	2072.2
1028.879	1343.13
1029.045	1793.68
1029.21	2446.98
1029.376	2160.27
1029.541	1541.78
1029.707	1572.5
1029.873	2209.42
1030.038	2260.62
1030.204	1537.68
1030.369	1382.04
1030.534	2074.25
1030.7	1910.41
1030.865	1574.55
1031.031	1300.12
1031.196	2082.44
1031.361	2078.35
1031.527	1277.59
1031.692	1453.72
1031.857	1734.29
1032.023	2102.92
1032.188	1308.31
1032.353	1349.27
1032.518	2258.57
1032.684	1984.14
1032.849	1150.62
1033.014	1427.09
1033.179	1951.37
1033.344	1969.8
1033.509	1402.52
1033.674	1259.16
1033.839	1914.51
1034.004	1980.04
1034.17	1304.21
1034.335	1105.56
1034.5	1752.72
1034.664	1648.27
1034.829	1267.35
1034.994	1296.02
1035.159	1549.97
1035.324	2072.2
1035.489	1357.46
1035.654	1095.32
1035.819	2506.37
1035.984	1934.99
1036.148	1398.42
1036.313	1279.64
1036.478	1914.51
1036.643	1775.25
1036.807	994.97
1036.972	1097.37
1037.137	2254.47
1037.301	1664.66
1037.466	892.57
1037.631	1259.16
1037.795	1799.82
1037.96	1635.99
1038.124	1404.57
1038.289	976.54
1038.454	1685.14
1038.618	1881.74
1038.783	1136.28
1038.947	1136.28
1039.111	1488.53
1039.276	1676.95
1039.44	1017.5
1039.605	1810.06
1039.769	1552.02
1039.933	1539.73
1040.098	1064.6
1040.262	1392.28
1040.426	1783.44
1040.591	1648.27
1040.755	937.63
1040.919	923.29
1041.083	1734.29
1041.248	1390.23
1041.412	704.16
1041.576	835.23
1041.74	1408.66
1041.904	1511.06
1042.068	880.29
1042.232	1113.75
1042.397	1908.37
1042.561	1531.54
1042.725	607.91
1042.889	1029.79
1043.053	1390.23
1043.217	1457.81
1043.381	935.58
1043.544	628.39
1043.708	1568.4
1043.872	1310.36
1044.036	612
1044.2	726.69
1044.364	1744.53
1044.528	1722
1044.691	8695.33
1044.855	747.17
1045.019	1586.83
1045.183	1521.3
1045.346	935.58
1045.51	548.51
1045.674	1416.85
1045.837	1414.81
1046.001	736.93
1046.165	843.42
1046.328	1785.49
1046.492	1300.12
1046.655	1001.12
1046.819	841.37
1046.983	1275.54
1047.146	1160.86
1047.31	874.14
1047.473	513.7
1047.636	1230.49
1047.8	1126.04
1047.963	827.04
1048.127	575.14
1048.29	1115.8
