345.52	-1340.91
345.736	-1340.91
345.952	-1340.91
346.168	-1345
346.384	-1338.86
346.6	-235
346.816	-306.68
347.032	-185.85
347.248	516.6
347.464	-318.97
347.68	-241.15
347.896	39.42
348.112	432.63
348.328	-122.37
348.544	31.23
348.76	145.92
348.975	244.22
349.191	-306.68
349.407	-370.17
349.623	184.83
349.839	129.53
350.055	-292.35
350.27	27.14
350.486	184.83
350.702	174.59
350.918	399.87
351.133	-93.69
351.349	195.07
351.565	596.47
351.781	-439.8
351.996	35.33
352.212	207.36
352.428	68.09
352.644	-333.31
352.859	-292.35
353.075	289.28
353.291	109.05
353.506	-228.86
353.722	-390.65
353.938	20.99
354.153	496.12
354.369	240.12
354.584	-429.56
354.8	258.56
355.016	-140.8
355.231	-419.32
355.447	-99.84
355.662	406.01
355.878	807.41
356.093	-523.77
356.309	-128.51
356.524	-52.74
356.74	492.02
356.955	-462.33
357.171	-142.85
357.386	272.89
357.602	-48.64
357.817	-136.7
358.033	-241.15
358.248	338.43
358.464	272.89
358.679	-212.48
358.895	-450.04
359.11	59.9
359.325	117.25
359.541	453.11
359.756	-110.08
359.972	-241.15
360.187	438.78
360.402	-314.88
360.618	-204.28
360.833	1653.22
361.048	137.73
361.264	-230.91
361.479	-62.98
361.694	215.55
361.909	152.06
362.125	-286.2
362.34	-194.05
362.555	305.66
362.77	166.4
362.986	-456.19
363.201	-220.67
363.416	139.77
363.631	-83.45
363.847	-364.03
364.062	-267.77
364.277	113.15
364.492	18.94
364.707	-306.68
364.922	-372.22
365.138	244.22
365.353	397.82
365.568	-437.75
365.783	-198.14
365.998	365.05
366.213	580.09
366.428	-333.31
366.643	121.34
366.858	199.16
367.073	248.32
367.288	-138.75
367.503	-304.64
367.718	23.04
367.933	420.35
368.148	-366.07
368.363	-83.45
368.578	203.26
368.793	479.74
369.008	-97.79
369.223	-304.64
369.438	346.62
369.653	270.84
369.868	-343.55
370.083	-380.41
370.298	164.35
370.513	412.15
370.728	150.01
370.943	-288.25
371.157	-50.69
371.372	643.57
371.587	-376.31
371.802	-380.41
372.017	104.96
372.232	483.83
372.446	-116.22
372.661	-306.68
372.876	121.34
373.091	289.28
373.306	-157.18
373.52	-462.33
373.735	18.94
373.95	645.62
374.165	-251.39
374.379	-247.29
374.594	-5.63
374.809	428.54
375.023	43.52
375.238	-237.05
375.453	262.65
375.667	-17.92
375.882	-286.2
376.097	-357.88
376.311	129.53
376.526	297.47
376.741	-316.92
376.955	152.06
377.17	451.07
377.384	1028.59
377.599	-58.88
377.813	-509.43
378.028	766.45
378.242	289.28
378.457	-173.57
378.672	-398.84
378.886	-5.63
379.101	133.63
379.315	-564.73
379.53	-220.67
379.744	395.77
379.958	344.57
380.173	-302.59
380.387	-351.74
380.602	293.37
380.816	39.42
381.031	-247.29
381.245	-243.2
381.459	215.55
381.674	3250.64
381.888	-462.33
382.103	207.36
382.317	72.19
382.531	449.02
382.746	-142.85
382.96	-296.44
383.174	78.33
383.388	608.76
383.603	129.53
383.817	-382.46
384.031	86.53
384.246	559.61
384.46	10.75
384.674	709.11
384.888	-75.26
385.103	285.18
385.317	-503.29
385.531	16.9
385.745	791.03
385.959	463.35
386.174	-337.4
386.388	-357.88
386.602	139.77
386.816	-42.5
387.03	-153.09
387.244	-153.09
387.458	295.42
387.672	365.05
387.887	-439.8
388.101	-370.17
388.315	358.91
388.529	102.91
388.743	-267.77
388.957	-308.73
389.171	502.26
389.385	2.56
389.599	-343.55
389.813	18.94
390.027	125.44
390.241	756.21
390.455	-202.24
390.669	-52.74
390.883	109.05
391.097	635.38
391.311	86.53
391.525	-206.33
391.738	543.22
391.952	434.68
392.166	-38.4
392.38	-443.9
392.594	424.44
392.808	260.6
393.022	-99.84
393.236	-167.42
393.449	307.71
393.663	487.93
393.877	-361.98
394.091	-173.57
394.305	92.67
394.518	74.24
394.732	-314.88
394.946	-134.65
395.16	780.79
395.373	156.16
395.587	-357.88
395.801	-187.9
396.015	363
396.228	324.09
396.442	-292.35
396.656	-511.48
396.869	381.43
397.083	731.64
397.297	-75.26
397.51	-114.17
397.724	268.8
397.938	256.51
398.151	-417.27
398.365	-370.17
398.578	395.77
398.792	510.46
399.005	117.25
399.219	-288.25
399.433	311.8
399.646	467.45
399.86	78.33
400.073	188.93
400.287	276.99
400.5	236.03
400.714	-13.82
400.927	-93.69
401.141	530.94
401.354	1888.74
401.567	471.54
401.781	-445.95
401.994	186.88
402.208	766.45
402.421	-163.33
402.635	-192
402.848	-7.68
403.061	463.35
403.275	-218.62
403.488	-333.31
403.701	504.31
403.915	637.43
404.128	86.53
404.341	-218.62
404.555	647.67
404.768	-42.5
404.981	121.34
405.195	-163.33
405.408	455.16
405.621	422.39
405.834	109.05
406.048	-329.21
406.261	494.07
406.474	461.3
406.687	-120.32
406.9	-73.21
407.114	332.28
407.327	510.46
407.54	-316.92
407.753	-421.37
407.966	127.49
408.179	223.74
408.392	-222.72
408.605	-466.42
408.819	205.31
409.032	338.43
409.245	-255.48
409.458	139.77
409.671	307.71
409.884	532.98
410.097	-341.5
410.31	84.48
410.523	549.37
410.736	199.16
410.949	-124.41
411.162	-177.66
411.375	551.42
411.588	348.67
411.801	84.48
412.014	-245.24
412.227	117.25
412.44	233.98
412.653	-93.69
412.865	123.39
413.078	567.8
413.291	385.53
413.504	18.94
413.717	-329.21
413.93	580.09
414.143	29.18
414.356	-13.82
414.568	-462.33
414.781	379.39
414.994	408.06
415.207	-34.3
415.42	12.8
415.632	328.19
415.845	895.47
416.058	-384.51
416.271	-243.2
416.483	410.11
416.696	694.77
416.909	-206.33
417.121	-189.95
417.334	174.59
417.547	532.98
417.759	-235
417.972	-204.28
418.185	135.68
418.397	416.25
418.61	-161.28
418.823	-230.91
419.035	588.28
419.248	469.5
419.46	-155.13
419.673	-22.02
419.885	203.26
420.098	367.1
420.311	-134.65
420.523	-351.74
420.736	440.83
420.948	293.37
421.161	-161.28
421.373	-308.73
421.586	129.53
421.798	55.81
422.01	-349.69
422.223	92.67
422.435	76.29
422.648	586.23
422.86	-62.98
423.073	-85.5
423.285	274.94
423.497	66.05
423.71	-146.94
423.922	-69.12
424.134	526.84
424.347	793.08
424.559	236.03
424.771	334.33
424.984	465.4
425.196	371.19
425.408	-366.07
425.621	-226.81
425.833	508.41
426.045	666.1
426.257	-261.63
426.47	-11.78
426.682	162.3
426.894	256.51
427.106	-165.37
427.318	-13.82
427.531	178.69
427.743	389.63
427.955	29.18
428.167	672.25
428.379	129.53
428.591	229.88
428.804	94.72
429.016	-206.33
429.228	438.78
429.44	479.74
429.652	13670.7
429.864	-255.48
430.076	311.8
430.288	354.81
430.5	64
430.712	92.67
430.924	340.47
431.136	526.84
431.348	-198.14
431.56	-198.14
431.772	160.25
431.984	109.05
432.196	-290.3
432.408	37.38
432.62	303.61
432.832	602.61
433.044	285.18
433.256	78.33
433.468	539.13
433.679	96.77
433.891	-237.05
434.103	246.27
434.315	836.08
434.527	451.07
434.739	113.15
434.95	2.56
435.162	463.35
435.374	-60.93
435.586	76.29
435.798	-128.51
436.009	207.36
436.221	203.26
436.433	-36.35
436.645	-67.07
436.856	289.28
437.068	641.53
437.28	-194.05
437.491	256.51
437.703	561.66
437.915	375.29
438.126	-69.12
438.338	457.21
438.55	233.98
438.761	346.62
438.973	-3.58
439.184	-17.92
439.396	252.41
439.608	481.78
439.819	-148.99
440.031	109.05
440.242	647.67
440.454	569.85
440.665	20.99
440.877	213.5
441.088	692.73
441.3	508.41
441.511	-286.2
441.723	-48.64
441.934	760.31
442.146	653.81
442.357	156.16
442.569	535.03
442.78	565.75
442.991	1077.74
443.203	571.9
443.414	47.62
443.626	874.99
443.837	348.67
444.048	6.66
444.26	-214.52
444.471	635.38
444.682	555.51
444.894	-71.17
445.105	-183.81
445.316	807.41
445.528	655.86
445.739	154.11
445.95	156.16
446.161	412.15
446.373	575.99
446.584	176.64
446.795	80.38
447.006	743.92
447.217	838.13
447.429	-134.65
447.64	-140.8
447.851	1327.6
448.062	731.64
448.273	-136.7
448.484	-124.41
448.695	573.94
448.907	637.43
449.118	205.31
449.329	467.45
449.54	401.91
449.751	438.78
449.962	-26.11
450.173	61.95
450.384	604.66
450.595	870.9
450.806	-46.59
451.017	131.58
451.228	793.08
451.439	653.81
451.65	190.97
451.861	-282.11
452.072	465.4
452.283	557.56
452.494	317.95
452.705	125.44
452.915	1124.85
453.126	481.78
453.337	272.89
453.548	107.01
453.759	905.71
453.97	1001.97
454.181	662.01
454.391	109.05
454.602	600.57
454.813	1018.35
455.024	217.6
455.235	209.4
455.445	899.57
455.656	659.96
455.867	453.11
456.078	172.54
456.288	498.17
456.499	872.95
456.71	92.67
456.921	567.8
457.131	604.66
457.342	510.46
457.553	272.89
457.763	152.06
457.974	549.37
458.184	780.79
458.395	66.05
458.606	-3.58
458.816	1026.54
459.027	999.92
459.237	322.04
459.448	158.21
459.659	928.24
459.869	1829.35
460.08	-118.27
460.29	369.15
460.501	971.25
460.711	754.16
460.922	-79.36
461.132	82.43
461.343	1583.59
461.553	498.17
461.764	162.3
461.974	264.7
462.184	1012.21
462.395	963.06
462.605	219.64
462.816	158.21
463.026	928.24
463.236	852.47
463.447	209.4
463.657	213.5
463.867	1004.02
464.078	754.16
464.288	303.61
464.498	467.45
464.709	897.52
464.919	944.63
465.129	436.73
465.339	250.36
465.55	868.85
465.76	1128.94
465.97	332.28
466.18	344.57
466.391	1108.46
466.601	915.95
466.811	455.16
467.021	84.48
467.231	1139.18
467.441	1063.41
467.651	363
467.862	10.75
468.072	907.76
468.282	950.77
468.492	246.27
468.702	547.32
468.912	1001.97
469.122	1722.85
469.332	756.21
469.542	406.01
469.752	1366.51
469.962	981.49
470.172	301.56
470.382	440.83
470.592	1321.45
470.802	1100.27
471.012	719.35
471.222	395.77
471.432	1198.57
471.642	1157.61
471.852	784.88
472.062	387.58
472.272	1079.79
472.482	881.14
472.691	494.07
472.901	465.4
473.111	915.95
473.321	1606.12
473.531	387.58
473.741	766.45
473.95	1450.47
474.16	1331.69
474.37	913.91
474.58	399.87
474.79	1833.44
474.999	1206.77
475.209	659.96
475.419	727.54
475.628	1268.2
475.838	1681.89
476.048	860.66
476.258	567.8
476.467	1475.05
476.677	1055.22
476.886	1219.05
477.096	877.04
477.306	1241.58
477.515	1481.19
477.725	1061.36
477.935	1001.97
478.144	2085.34
478.354	1190.38
478.563	946.67
478.773	797.17
478.982	1577.45
479.192	1581.54
479.401	946.67
479.611	897.52
479.82	1219.05
480.03	1495.53
480.239	883.19
480.449	784.88
480.658	1733.09
480.868	1518.06
481.077	1116.65
481.287	1098.22
481.496	1569.26
481.705	1825.25
481.915	1526.25
482.124	1372.65
482.333	1681.89
482.543	2124.26
482.752	1468.91
482.961	1028.59
483.171	1796.58
483.38	1645.03
483.589	1274.35
483.799	1182.19
484.008	1602.02
484.217	1683.94
484.426	1337.84
484.636	1094.13
484.845	1896.93
485.054	1464.81
485.263	1802.72
485.472	1290.73
485.682	2122.21
485.891	1751.53
486.1	1020.4
486.309	1268.2
486.518	2189.79
486.727	2847.19
486.936	1167.85
487.146	1462.76
487.355	2114.02
487.564	1765.86
487.773	1483.24
487.982	1423.85
488.191	1802.72
488.4	2247.13
488.609	1436.14
488.818	1542.63
489.027	2548.19
489.236	2320.86
489.445	1550.82
489.654	1264.11
489.863	2458.07
490.072	2052.58
490.281	2367.96
490.49	1663.46
490.698	2501.08
490.907	2800.09
491.116	1745.38
491.325	1569.26
491.534	2456.03
491.743	2109.92
491.952	1763.81
492.16	1845.73
492.369	2599.38
492.578	2576.86
492.787	1860.07
492.996	1542.63
493.204	2046.43
493.413	2752.98
493.622	1440.23
493.831	1503.72
494.039	2722.26
494.248	2175.45
494.457	1647.08
494.665	1460.71
494.874	2392.54
495.083	3019.22
495.291	1673.7
495.5	1706.47
495.709	2587.1
495.917	2355.68
496.126	2114.02
496.335	1716.71
496.543	2482.65
496.752	2589.14
496.96	2236.89
497.169	1833.44
497.377	2435.55
497.586	2535.9
497.794	2095.58
498.003	1585.64
498.211	2458.07
498.42	2539.99
498.628	2095.58
498.837	2028
499.045	2583
499.254	2566.62
499.462	2081.25
499.671	1960.42
499.879	3385.8
500.087	2730.45
500.296	1944.03
500.504	2097.63
500.713	2607.58
500.921	3115.47
501.129	2007.52
501.338	1939.94
501.546	2761.17
501.754	2693.59
501.962	2120.16
502.171	1952.23
502.379	2722.26
502.587	2857.43
502.795	2142.69
503.004	2107.87
503.212	2900.44
503.42	2959.83
503.628	2359.77
503.837	2347.48
504.045	2904.53
504.253	3385.8
504.461	2202.08
504.669	2005.47
504.877	3197.39
505.085	2959.83
505.294	1962.47
505.502	2544.09
505.71	3279.31
505.918	2884.05
506.126	2134.5
506.334	2181.6
506.542	2943.44
506.75	2959.83
506.958	2566.62
507.166	2376.16
507.374	2623.96
507.582	3330.51
507.79	2605.53
507.998	2402.78
508.206	3172.82
508.414	3123.66
508.622	2335.2
508.83	2494.94
509.037	2980.31
509.245	2630.1
509.453	2296.28
509.661	2189.79
509.869	3197.39
510.077	2775.51
510.285	2697.69
510.492	2050.53
510.7	3553.74
510.908	2779.61
511.116	2496.99
511.324	2370.01
511.531	2847.19
511.739	3230.16
511.947	2890.2
512.155	2929.11
512.362	3135.95
512.57	2828.76
512.778	2402.78
512.985	2327
513.193	3066.32
513.401	3477.96
513.608	2644.44
513.816	2693.59
514.024	3326.41
514.231	3441.1
514.439	2730.45
514.646	2535.9
514.854	3471.82
515.061	3361.23
515.269	2793.94
515.477	2628.06
515.684	3103.18
515.892	3449.29
516.099	2558.42
516.307	2572.76
516.514	3570.12
516.722	3674.57
516.929	2623.96
517.136	2628.06
517.344	3590.6
517.551	3533.26
517.759	2478.55
517.966	2853.33
518.173	3334.61
518.381	3258.83
518.588	2791.89
518.796	2679.26
519.003	3695.05
519.21	3465.68
519.418	2820.56
519.625	3299.79
519.832	3232.21
520.039	3514.83
520.247	2544.09
520.454	3033.55
520.661	3430.86
520.868	3541.45
521.076	2896.34
521.283	2886.1
521.49	3860.93
521.697	3494.35
521.904	2783.7
522.112	2853.33
522.319	3668.42
522.526	3523.02
522.733	2943.44
522.94	2869.72
523.147	3488.2
523.354	3582.41
523.561	2855.38
523.768	3162.58
523.975	3817.93
524.183	3654.09
524.39	3305.93
524.597	2677.21
524.804	3355.08
525.011	3455.44
525.218	2988.5
525.425	2965.97
525.632	4084.16
525.838	3420.62
526.045	3025.36
526.252	3185.1
526.459	5386.67
526.666	5247.41
526.873	3037.65
527.08	3226.06
527.287	4147.65
527.494	3934.66
527.701	2961.87
527.907	2945.49
528.114	3824.07
528.321	3740.1
528.528	3191.25
528.735	3156.43
528.941	3527.11
529.148	3559.88
529.355	3344.84
529.562	3172.82
529.768	4493.76
529.975	3717.58
530.182	3385.8
530.388	3064.27
530.595	4104.64
530.802	3482.06
531.008	3539.4
531.215	3367.37
531.422	4929.97
531.628	4608.44
531.835	3289.55
532.042	3412.43
532.248	3969.48
532.455	4053.44
532.661	3178.96
532.868	3275.21
533.074	4198.85
533.281	4372.93
533.487	3406.28
533.694	3254.73
533.9	4063.68
534.107	3963.33
534.313	3381.71
534.52	3183.06
534.726	3979.72
534.933	4434.36
535.139	3353.04
535.345	3193.3
535.552	4563.39
535.758	4317.63
535.965	3453.39
536.171	3359.18
536.377	4239.81
536.584	4499.9
536.79	3375.56
536.996	3697.1
537.203	4299.2
537.409	4544.95
537.615	3594.7
537.821	3858.89
538.028	4712.89
538.234	4139.46
538.44	3660.23
538.646	3850.69
538.853	4073.92
539.059	4116.93
539.265	4284.86
539.471	3369.42
539.677	4422.08
539.883	4233.66
540.09	5409.2
540.296	4291.01
540.502	4250.05
540.708	4237.76
540.914	4405.69
541.12	3750.34
541.326	4438.46
541.532	4446.65
541.738	3971.52
541.944	3738.05
542.15	4596.15
542.356	4164.03
542.562	3631.56
542.768	3762.63
542.974	4759.99
543.18	4729.27
543.386	3971.52
543.592	3609.03
543.798	5302.7
544.004	4551.1
544.21	3729.86
544.415	3946.95
544.621	4532.67
544.827	5300.66
545.033	3733.96
545.239	4331.97
545.445	4415.93
545.651	4583.87
545.856	3959.24
546.062	3996.1
546.268	4559.29
546.474	4811.19
546.679	4075.97
546.885	3973.57
547.091	4348.35
547.297	4966.84
547.502	4131.26
547.708	3852.74
547.914	4446.65
548.119	4952.5
548.325	3891.65
548.531	3799.49
548.736	5114.29
548.942	4602.3
549.147	4186.56
549.353	4372.93
549.559	5083.57
549.764	4850.1
549.97	3998.15
550.175	4061.63
550.381	4590.01
550.586	4454.84
550.792	4196.8
550.997	4110.79
551.203	4843.96
551.408	4991.41
551.614	4004.29
551.819	3994.05
552.025	5353.9
552.23	4843.96
552.435	4118.98
552.641	4372.93
552.846	4536.76
553.052	5423.53
553.257	4581.82
553.462	4278.72
553.668	4651.45
553.873	4872.63
554.078	4268.48
554.283	4172.22
554.489	5120.43
554.694	4704.7
554.899	4219.33
555.105	4514.24
555.31	5054.9
555.515	5040.56
555.72	4321.73
555.925	5450.16
556.131	5134.77
556.336	4880.82
556.541	4266.43
556.746	4114.88
556.951	5194.16
557.156	5142.96
557.361	4614.59
557.567	4549.05
557.772	5405.1
557.977	5020.08
558.182	4276.67
558.387	4323.77
558.592	4903.35
558.797	5538.22
559.002	4544.95
559.207	4696.5
559.412	5360.05
559.617	5570.99
559.822	4518.33
560.027	4278.72
560.232	4895.16
560.437	5206.45
560.642	4204.99
560.847	4356.54
561.051	4837.81
561.256	5188.02
561.461	4540.86
561.666	4227.52
561.871	4872.63
562.076	5466.54
562.281	4526.52
562.485	4393.4
562.69	5331.37
562.895	5269.94
563.1	4460.99
563.305	4348.35
563.509	5265.84
563.714	5628.33
563.919	4456.89
564.123	4460.99
564.328	4993.46
564.533	5409.2
564.737	4520.38
564.942	4485.56
565.147	5376.43
565.351	5470.64
565.556	4694.46
565.761	4762.04
565.965	5380.53
566.17	5237.17
566.374	4647.35
566.579	4389.31
566.784	5288.37
566.988	5163.44
567.193	4501.95
567.397	4856.25
567.602	5050.8
567.806	5329.33
568.011	4731.32
568.215	4860.34
568.42	5237.17
568.624	5351.85
568.828	4784.57
569.033	4919.73
569.237	5515.69
569.442	5405.1
569.646	4481.47
569.85	4725.18
570.055	5360.05
570.259	5560.75
570.463	5095.86
570.668	4895.16
570.872	5409.2
571.076	5306.8
571.281	4889.01
571.485	4739.51
571.689	5700.01
571.893	5693.87
572.098	5009.84
572.302	4594.11
572.506	5620.14
572.71	5585.32
572.914	4831.67
573.119	4766.14
573.323	5646.76
573.527	5736.87
573.731	4876.73
573.935	4835.77
574.139	5390.77
574.343	5294.51
574.547	4991.41
574.751	4940.21
574.955	5458.35
575.159	5712.3
575.364	4884.92
575.568	4807.09
575.772	5706.15
575.976	5564.84
576.18	4970.93
576.383	4768.18
576.587	5771.69
576.791	5589.42
576.995	4737.46
577.199	4860.34
577.403	5470.64
577.607	5779.88
577.811	4839.86
578.015	5284.27
578.219	5464.49
578.422	5663.15
578.626	5163.44
578.83	5351.85
579.034	5941.67
579.238	5646.76
579.442	5087.67
579.645	5712.3
579.849	5767.59
580.053	5884.33
580.257	5079.47
580.46	5353.9
580.664	5974.44
580.868	5933.48
581.071	5527.98
581.275	5312.94
581.479	5458.35
581.682	5941.67
581.886	5112.24
582.09	5245.36
582.293	6052.26
582.497	5966.24
582.7	5484.97
582.904	5216.69
583.107	5910.95
583.311	5753.26
583.515	5417.39
583.718	5308.85
583.922	6082.98
584.125	6660.51
584.329	5177.78
584.532	5409.2
584.735	6189.47
584.939	5859.75
585.142	5181.87
585.346	5151.15
585.549	5896.61
585.753	5685.67
585.956	5458.35
586.159	5700.01
586.363	6212
586.566	6046.12
586.769	5218.74
586.973	5185.97
587.176	5908.9
587.379	5892.52
587.582	5765.54
587.786	5607.85
587.989	6214.05
588.192	7219.6
588.395	5530.03
588.599	5937.57
588.802	6101.41
589.005	6271.39
589.208	5446.06
589.411	5374.38
589.615	6031.78
589.818	6361.5
590.021	5806.5
590.224	5958.05
590.427	6457.76
590.63	6207.91
590.833	5360.05
591.036	5482.92
591.239	6074.79
591.442	5968.29
591.645	5900.71
591.848	5411.25
592.051	6183.33
592.254	6158.75
592.457	5886.37
592.66	5689.77
592.863	6158.75
593.066	6543.77
593.269	5790.12
593.472	5714.34
593.675	6052.26
593.878	6115.75
594.081	5863.85
594.284	5482.92
594.486	6375.84
594.689	6257.06
594.892	5835.17
595.095	5972.39
595.298	6519.2
595.5	6072.74
595.703	5822.89
595.906	5921.19
596.109	6449.57
596.311	6416.8
596.514	5429.68
596.717	6001.06
596.92	6746.52
597.122	6666.65
597.325	5433.77
597.528	5523.88
597.73	6818.2
597.933	6611.36
598.136	5820.84
598.338	5478.83
598.541	6805.91
598.743	6736.28
598.946	5851.56
599.148	5775.78
599.351	6810.01
599.554	6486.43
599.756	6019.49
599.959	6095.27
600.161	6801.82
600.363	7092.63
600.566	6324.64
600.768	5941.67
600.971	6652.31
601.173	6498.72
601.376	5788.07
601.578	5958.05
601.78	6414.75
601.983	7125.4
602.185	6003.11
602.388	6285.73
602.59	6621.59
602.792	6554.01
602.995	6238.62
603.197	6017.44
603.399	6830.49
603.601	7006.61
603.804	5949.86
604.006	5970.34
604.208	6330.78
604.41	6267.3
604.613	6349.22
604.815	5982.63
605.017	6910.36
605.219	6308.26
605.421	6756.76
605.623	5931.43
605.826	6906.26
606.028	7246.23
606.23	6132.13
606.432	6128.03
606.634	6893.97
606.836	6789.53
607.038	5896.61
607.24	6402.46
607.442	6865.3
607.644	6670.75
607.846	6244.77
608.048	5945.77
608.25	7055.76
608.452	6523.29
608.654	6240.67
608.856	5826.98
609.058	6420.89
609.26	6914.45
609.462	6248.86
609.664	6322.59
609.866	6771.1
610.067	6691.23
610.269	6408.61
610.471	6074.79
610.673	6953.37
610.875	6975.89
611.077	5992.87
611.278	6295.97
611.48	6736.28
611.682	7268.75
611.884	6332.83
612.085	6201.76
612.287	6588.83
612.489	6674.84
612.69	6011.3
612.892	6277.54
613.094	7356.82
613.295	6814.1
613.497	6007.2
613.699	6359.45
613.9	7113.11
614.102	6898.07
614.304	6103.46
614.505	5958.05
614.707	6719.9
614.908	6818.2
615.11	6236.58
615.311	6277.54
615.513	6877.59
615.714	6793.62
615.916	6140.32
616.117	6541.72
616.319	6922.65
616.52	6869.4
616.722	6189.47
616.923	6105.51
617.124	7258.51
617.326	6990.23
617.527	6474.14
617.729	6511
617.93	7139.73
618.131	6893.97
618.333	6097.31
618.534	6332.83
618.735	6810.01
618.937	7154.07
619.138	6330.78
619.339	6162.85
619.54	7002.52
619.742	6885.78
619.943	6631.83
620.144	6388.13
620.345	7326.1
620.546	6666.65
620.748	6449.57
620.949	6412.7
621.15	7076.24
621.351	6943.13
621.552	6293.92
621.753	6332.83
621.954	6728.09
622.155	7530.89
622.356	6250.91
622.558	6668.7
622.759	7172.5
622.96	7301.52
623.161	6603.16
623.362	6095.27
623.563	7076.24
623.764	7031.19
623.965	6351.26
624.166	6523.29
624.366	6924.69
624.567	7092.63
624.768	6187.43
624.969	6289.82
625.17	6580.64
625.371	7008.66
625.572	6701.47
625.773	6318.5
625.973	7031.19
626.174	7254.42
626.375	6459.81
626.576	6543.77
626.777	7348.62
626.977	7322
627.178	6613.4
627.379	6494.62
627.58	7043.48
627.78	6967.7
627.981	6402.46
628.182	6699.42
628.382	7145.87
628.583	6814.1
628.784	6162.85
628.984	6812.06
629.185	6990.23
629.386	7223.7
629.586	6660.51
629.787	6330.78
629.987	7154.07
630.188	7076.24
630.388	6367.65
630.589	6754.71
630.79	7530.89
630.99	7016.85
631.191	6533.53
631.391	6736.28
631.591	7080.34
631.792	7303.57
631.992	6947.22
632.193	6412.7
632.393	7463.31
632.594	6879.64
632.794	6412.7
632.994	6728.09
633.195	6801.82
633.395	6889.88
633.595	6400.41
633.796	6588.83
633.996	7088.53
634.196	7160.21
634.397	6408.61
634.597	6465.95
634.797	6810.01
634.997	7426.45
635.198	7121.3
635.398	6564.25
635.598	7278.99
635.798	7199.12
635.998	7018.9
636.199	6633.88
636.399	6738.33
636.599	6932.89
636.799	6603.16
636.999	6988.18
637.199	7233.94
637.399	7430.54
637.599	6566.3
637.799	6775.19
637.999	7125.4
638.199	7526.8
638.399	6611.36
638.599	6556.06
638.799	7344.53
638.999	7657.87
639.199	6896.02
639.399	6814.1
639.599	7319.95
639.799	7027.09
639.999	6609.31
640.199	6562.2
640.399	7240.08
640.599	7231.89
640.799	6807.96
640.998	6801.82
641.198	7260.56
641.398	7244.18
641.598	6848.92
641.798	6818.2
641.997	8280.45
642.197	7043.48
642.397	7020.95
642.597	6683.03
642.796	7291.28
642.996	7440.78
643.196	7139.73
643.395	6494.62
643.595	7317.9
643.795	7033.24
643.994	6613.4
644.194	6857.11
644.394	7455.12
644.593	7483.79
644.793	6537.63
644.992	6914.45
645.192	7631.24
645.392	6912.41
645.591	7063.96
645.791	6810.01
645.99	7440.78
646.19	7061.91
646.389	6773.14
646.589	6789.53
646.788	7305.62
646.987	7502.22
647.187	7317.9
647.386	6992.28
647.586	7203.22
647.785	7872.9
647.984	6820.25
648.184	7063.96
648.383	7283.09
648.582	7182.74
648.782	6699.42
648.981	6961.56
649.18	7186.83
649.38	7123.35
649.579	6951.32
649.778	6769.05
649.977	7684.49
650.177	7582.09
650.376	6822.3
650.575	6723.99
650.774	7522.7
650.973	7281.04
651.173	6621.59
651.372	7166.35
651.571	7326.1
651.77	7600.52
651.969	6961.56
652.168	7047.57
652.367	7121.3
652.566	7416.21
652.765	6982.04
652.964	7520.65
653.163	7872.9
653.362	7428.49
653.561	6861.21
653.76	6951.32
653.959	7534.99
654.158	7782.79
654.357	7262.61
654.556	6883.73
654.755	7711.11
654.954	7539.08
655.153	7111.06
655.352	7360.91
655.551	7520.65
655.749	7360.91
655.948	7104.92
656.147	7203.22
656.346	7489.93
656.545	7483.79
656.743	7016.85
656.942	6990.23
657.141	7289.23
657.34	7336.34
657.538	6953.37
657.737	6998.42
657.936	7537.04
658.135	7297.42
658.333	6857.11
658.532	7141.78
658.731	7719.31
658.929	7571.85
659.128	7590.28
659.326	6779.29
659.525	7717.26
659.724	7582.09
659.922	6756.76
660.121	6928.79
660.319	7479.69
660.518	7287.18
660.716	7100.82
660.915	6939.03
661.113	7817.61
661.312	7240.08
661.51	7293.33
661.709	6920.6
661.907	7604.62
662.105	7774.6
662.304	6932.89
662.502	7324.05
662.701	7809.42
662.899	7596.43
663.097	7747.98
663.296	7113.11
663.494	7866.76
663.692	7833.99
663.891	7039.38
664.089	6941.08
664.287	7494.03
664.485	7653.77
664.684	7000.47
664.882	7274.9
665.08	7459.21
665.278	7473.55
665.476	7221.65
665.675	7399.82
665.873	7772.55
666.071	7813.51
666.269	6998.42
666.467	7534.99
666.665	7616.91
666.863	7438.73
667.061	7401.87
667.259	7109.01
667.457	7393.68
667.655	7547.28
667.853	7002.52
668.051	7455.12
668.249	7397.78
668.447	7842.18
668.645	6961.56
668.843	7399.82
669.041	7733.64
669.239	7358.86
669.437	7223.7
669.635	7365.01
669.833	7408.01
670.031	7473.55
670.229	7262.61
670.426	7051.67
670.624	7451.02
670.822	7297.42
671.02	7033.24
671.218	7248.27
671.415	7283.09
671.613	7516.56
671.811	7553.42
672.009	7145.87
672.206	7975.3
672.404	7440.78
672.602	7414.16
672.799	7426.45
672.997	7741.83
673.195	7565.71
673.392	7258.51
673.59	6656.41
673.788	7668.11
673.985	7080.34
674.183	7291.28
674.38	7006.61
674.578	7584.14
674.775	7440.78
674.973	6850.97
675.17	6779.29
675.368	7747.98
675.565	7506.32
675.763	7211.41
675.96	7051.67
676.158	7733.64
676.355	7528.85
676.553	6660.51
676.75	7109.01
676.947	7291.28
677.145	7362.96
677.342	7301.52
677.539	7164.31
677.737	7645.58
677.934	7846.28
678.131	7289.23
678.329	6789.53
678.526	8147.33
678.723	7862.66
678.92	7231.89
679.118	7109.01
679.315	7123.35
679.512	7709.07
679.709	7023
679.906	7049.62
680.104	7704.97
680.301	7432.59
680.498	6760.86
680.695	7106.96
680.892	7532.94
681.089	7481.74
681.286	7203.22
681.483	6771.1
681.68	7410.06
681.877	7524.75
682.075	6994.33
682.272	7199.12
682.469	7371.15
682.665	7637.39
682.862	6744.47
683.059	6816.15
683.256	7479.69
683.453	7414.16
683.65	7100.82
683.847	7066
684.044	7694.73
684.241	7088.53
684.438	7133.59
684.635	6824.34
684.831	7946.63
685.028	7829.9
685.225	6752.66
685.422	7473.55
685.619	7358.86
685.815	7391.63
686.012	7059.86
686.209	7160.21
686.405	7074.2
686.602	7356.82
686.799	7004.57
686.996	6914.45
687.192	7399.82
687.389	8083.84
687.586	6926.74
687.782	7082.39
687.979	7952.77
688.175	7471.5
688.372	6883.73
688.568	7047.57
688.765	7129.49
688.962	7428.49
689.158	6969.75
689.355	6680.99
689.551	7293.33
689.748	7414.16
689.944	6945.17
690.14	6971.8
690.337	7283.09
690.533	7289.23
690.73	7055.76
690.926	6893.97
691.123	7281.04
691.319	7203.22
691.515	6807.96
691.712	7068.05
691.908	7258.51
692.104	7227.79
692.301	7057.81
692.497	6687.13
692.693	7405.97
692.889	7209.36
693.086	7016.85
693.282	6511
693.478	7238.03
693.674	7629.2
693.87	7092.63
694.067	6732.19
694.263	7442.83
694.459	6992.28
694.655	7039.38
694.851	7096.72
695.047	7438.73
695.243	7262.61
695.439	7084.44
695.635	6644.12
695.831	7315.86
696.027	7129.49
696.224	6726.04
696.42	7289.23
696.615	7727.5
696.811	7586.19
697.007	6642.07
697.203	6742.43
697.399	7350.67
697.595	7109.01
697.791	6629.79
697.987	6877.59
698.183	7131.54
698.379	7039.38
698.575	6734.23
698.77	6769.05
698.966	7254.42
699.162	7422.35
699.358	6752.66
699.554	6967.7
699.749	7367.06
699.945	7342.48
700.141	6810.01
700.337	6785.43
700.532	6975.89
700.728	6777.24
700.924	6525.34
701.119	6427.04
701.315	7074.2
701.511	6891.93
701.706	6908.31
701.902	6468
702.097	7264.66
702.293	7018.9
702.489	6635.93
702.684	6674.84
702.88	7332.24
703.075	6922.65
703.271	6762.9
703.466	6535.58
703.662	6869.4
703.857	7008.66
704.053	6588.83
704.248	6877.59
704.443	7395.73
704.639	7235.99
704.834	6777.24
705.03	6908.31
705.225	7049.62
705.42	7444.88
705.616	6932.89
705.811	6617.5
706.006	6998.42
706.202	6951.32
706.397	6738.33
706.592	6582.68
706.787	7451.02
706.983	6869.4
707.178	7025.04
707.373	6560.16
707.568	7063.96
707.763	7080.34
707.959	6502.81
708.154	6603.16
708.349	7076.24
708.544	7199.12
708.739	6818.2
708.934	6468
709.129	7309.71
709.324	7221.65
709.519	6601.12
709.714	6424.99
709.909	7006.61
710.104	7326.1
710.299	6648.22
710.494	6687.13
710.689	7156.11
710.884	7094.68
711.079	6678.94
711.274	6914.45
711.469	7244.18
711.664	7084.44
711.859	6777.24
712.054	6613.4
712.249	7348.62
712.443	7268.75
712.638	6332.83
712.833	6285.73
713.028	6975.89
713.223	6656.41
713.417	6998.42
713.612	6556.06
713.807	7201.17
714.002	7831.94
714.196	6982.04
714.391	6424.99
714.586	7211.41
714.78	7340.43
714.975	6703.51
715.17	6498.72
715.364	6756.76
715.559	7354.77
715.754	6220.19
715.948	6418.85
716.143	7528.85
716.337	7098.77
716.532	6949.27
716.726	6908.31
716.921	7203.22
717.115	7391.63
717.31	6404.51
717.504	7528.85
717.699	7029.14
717.893	6900.12
718.088	6293.92
718.282	6320.54
718.476	6840.73
718.671	7121.3
718.865	6420.89
719.059	6357.41
719.254	6703.51
719.448	7252.37
719.642	8939.9
719.837	6209.95
720.031	8575.36
720.225	6818.2
720.419	6388.13
720.614	6365.6
720.808	6822.3
721.002	6891.93
721.196	6246.82
721.39	6259.1
721.585	6887.83
721.779	7147.92
721.973	6388.13
722.167	6082.98
722.361	6781.34
722.555	7049.62
722.749	6261.15
722.943	6330.78
723.137	6637.98
723.331	6726.04
723.525	6287.78
723.719	6318.5
723.913	6877.59
724.107	7154.07
724.301	6191.52
724.495	6222.24
724.689	7426.45
724.883	6844.82
725.077	6199.71
725.271	6166.95
725.465	6797.72
725.659	6562.2
725.853	6562.2
726.046	6078.88
726.24	6545.82
726.434	6900.12
726.628	6214.05
726.822	6181.28
727.015	6914.45
727.209	7186.83
727.403	6386.08
727.596	6058.4
727.79	6797.72
727.984	6918.55
728.177	6095.27
728.371	6291.87
728.565	6875.54
728.758	6267.3
728.952	6351.26
729.146	6052.26
729.339	6889.88
729.533	6603.16
729.726	6361.5
729.92	5966.24
730.113	6869.4
730.307	6660.51
730.5	6316.45
730.694	6236.58
730.887	6758.81
731.081	6728.09
731.274	5992.87
731.468	6504.86
731.661	6562.2
731.854	6603.16
732.048	6144.42
732.241	6207.91
732.435	6424.99
732.628	6404.51
732.821	6265.25
733.014	5902.76
733.208	6453.66
733.401	6781.34
733.594	6117.79
733.788	6072.74
733.981	6754.71
734.174	6783.38
734.367	6048.16
734.56	6334.88
734.754	7010.71
734.947	6775.19
735.14	6060.45
735.333	6070.69
735.526	6994.33
735.719	6396.32
735.912	6107.55
736.105	6021.54
736.298	6783.38
736.491	6623.64
736.684	6017.44
736.877	6078.88
737.07	6662.55
737.263	6910.36
737.456	6050.21
737.649	6105.51
737.842	6713.75
738.035	6654.36
738.228	6359.45
738.421	6379.93
738.614	7111.06
738.807	6963.61
739	5978.53
739.192	6261.15
739.385	6767
739.578	6709.66
739.771	6711.71
739.964	6001.06
740.156	6810.01
740.349	6556.06
740.542	6363.55
740.735	5837.22
740.927	6338.98
741.12	6424.99
741.313	5781.93
741.505	6166.95
741.698	6734.23
741.891	6674.84
742.083	6375.84
742.276	6128.03
742.468	6850.97
742.661	6637.98
742.854	6183.33
743.046	6201.76
743.239	6793.62
743.431	6799.77
743.624	6146.47
743.816	5781.93
744.009	6437.28
744.201	6803.86
744.393	6179.23
744.586	5915.05
744.778	6625.69
744.971	6642.07
745.163	6089.12
745.355	6427.04
745.548	6689.18
745.74	6637.98
745.932	6156.71
746.125	6089.12
746.317	7104.92
746.509	6810.01
746.702	6166.95
746.894	6171.04
747.086	6883.73
747.278	6846.87
747.471	6359.45
747.663	6232.48
747.855	6644.12
748.047	6844.82
748.239	6152.61
748.431	6025.64
748.623	6982.04
748.815	6793.62
749.008	5835.17
749.2	6023.59
749.392	6621.59
749.584	6777.24
749.776	6056.36
749.968	6244.77
750.16	6822.3
750.352	6242.72
750.544	5976.48
750.736	6023.59
750.928	6384.03
751.12	6539.68
751.311	5953.96
751.503	6142.37
751.695	6562.2
751.887	6666.65
752.079	5863.85
752.271	5958.05
752.463	7152.02
752.654	6592.92
752.846	6177.19
753.038	5966.24
753.23	6443.42
753.421	6525.34
753.613	5896.61
753.805	6326.69
753.997	6533.53
754.188	6820.25
754.38	5917.09
754.572	5882.28
754.763	6369.69
754.955	6769.05
755.146	6177.19
755.338	6148.51
755.53	6814.1
755.721	6484.38
755.913	5630.38
756.104	5786.02
756.296	6293.92
756.487	6359.45
756.679	5814.7
756.87	5757.35
757.062	6433.18
757.253	6441.37
757.445	5661.1
757.636	6052.26
757.827	6465.95
758.019	7143.83
758.21	5808.55
758.401	5726.63
758.593	6836.63
758.784	6746.52
758.975	5667.24
759.167	5736.87
759.358	6103.46
759.549	6672.79
759.74	5753.26
759.932	5716.39
760.123	6410.65
760.314	6152.61
760.505	5808.55
760.696	5732.78
760.888	6498.72
761.079	6304.16
761.27	5738.92
761.461	5697.96
761.652	6496.67
761.843	6140.32
762.034	5822.89
762.225	6242.72
762.416	6435.23
762.607	6291.87
762.798	5583.27
762.989	5876.13
763.18	7520.65
763.371	6334.88
763.562	5790.12
763.753	5575.08
763.944	6072.74
764.135	6037.92
764.326	5867.94
764.517	5720.49
764.708	6037.92
764.899	6246.82
765.089	5386.67
765.28	5493.16
765.471	5861.8
765.662	6281.63
765.853	5872.04
766.043	5462.44
766.234	6349.22
766.425	6279.58
766.615	5622.19
766.806	5581.23
766.997	6056.36
767.187	6132.13
767.378	5454.25
767.569	5257.65
767.759	6097.31
767.95	5745.06
768.141	5722.54
768.331	5556.65
768.522	6003.11
768.712	6093.22
768.903	5310.89
769.093	5380.53
769.284	5908.9
769.474	6044.07
769.665	5269.94
769.855	5093.81
770.046	6355.36
770.236	5796.26
770.426	5702.06
770.617	5253.55
770.807	5829.03
770.998	6214.05
771.188	5779.88
771.378	5364.14
771.569	6173.09
771.759	5900.71
771.949	5110.19
772.139	5102
772.33	5792.17
772.52	5884.33
772.71	5216.69
772.9	5171.63
773.09	6142.37
773.281	6361.5
773.471	5253.55
773.661	5329.33
773.851	5953.96
774.041	5859.75
774.231	5228.98
774.421	5667.24
774.611	6033.83
774.802	5837.22
774.992	5278.13
775.182	4993.46
775.372	5872.04
775.562	6031.78
775.752	5222.83
775.942	5482.92
776.131	5945.77
776.321	5937.57
776.511	5106.1
776.701	5091.76
776.891	6070.69
777.081	5585.32
777.271	5358
777.461	5269.94
777.651	5851.56
777.84	5745.06
778.03	5380.53
778.22	5253.55
778.41	5730.73
778.599	5542.32
778.789	5253.55
778.979	5034.42
779.169	5822.89
779.358	5513.64
779.548	5446.06
779.738	4856.25
779.927	5687.72
780.117	5435.82
780.307	5089.71
780.496	4770.23
780.686	5910.95
780.875	6216.1
781.065	5200.3
781.254	5032.37
781.444	5822.89
781.633	5435.82
781.823	4966.84
782.012	5056.95
782.202	5689.77
782.391	5501.36
782.581	4921.78
782.77	5200.3
782.96	5833.13
783.149	5306.8
783.338	4958.64
783.528	4727.22
783.717	5654.95
783.906	5917.09
784.096	5179.82
784.285	4925.88
784.474	5317.04
784.663	5431.73
784.853	4792.76
785.042	5149.11
785.231	5429.68
785.42	5423.53
785.61	5015.99
785.799	4831.67
785.988	5675.43
786.177	5149.11
786.366	4913.59
786.555	5286.32
786.744	5456.3
786.933	5558.7
787.122	4768.18
787.312	4786.61
787.501	5212.59
787.69	5728.68
787.879	4843.96
788.068	4725.18
788.257	5157.3
788.445	5462.44
788.634	4843.96
788.823	4743.61
789.012	5761.45
789.201	5634.47
789.39	4975.03
789.579	4721.08
789.768	5577.13
789.957	5476.78
790.145	4762.04
790.334	4436.41
790.523	4991.41
790.712	5310.89
790.9	4753.85
791.089	4571.58
791.278	5333.42
791.467	5317.04
791.655	5337.52
791.844	5593.51
792.033	5247.41
792.221	5216.69
792.41	4671.93
792.599	4430.27
792.787	5263.79
792.976	5282.22
793.164	4678.07
793.353	4868.53
793.541	5390.77
793.73	5441.96
793.918	4581.82
794.107	4774.33
794.295	5425.58
794.484	5126.58
794.672	4698.55
794.861	4682.17
795.049	5122.48
795.238	5515.69
795.426	4221.38
795.614	4678.07
795.803	5249.46
795.991	5468.59
796.179	4477.37
796.368	4532.67
796.556	5269.94
796.744	5075.38
796.932	4573.63
797.121	4356.54
797.309	5102
797.497	5310.89
797.685	4538.81
797.874	4483.52
798.062	5056.95
798.25	5263.79
798.438	4450.75
798.626	4764.09
798.814	5319.09
799.002	5693.87
799.19	4655.54
799.378	4600.25
799.566	5147.06
799.755	5384.62
799.943	5071.28
800.131	4489.66
800.318	5171.63
800.506	5265.84
800.694	4524.47
800.882	4641.21
801.07	5482.92
801.258	5276.08
801.446	4624.83
801.634	4581.82
801.822	5044.66
802.01	5204.4
802.197	4430.27
802.385	4610.49
802.573	5487.02
802.761	5038.52
802.949	4626.87
803.136	4381.12
803.324	5192.11
803.512	4934.07
803.699	4686.26
803.887	4323.77
804.075	5278.13
804.262	5171.63
804.45	4430.27
804.638	4823.48
804.825	4884.92
805.013	4970.93
805.201	4635.07
805.388	4428.22
805.576	5040.56
805.763	5308.85
805.951	4348.35
806.138	4643.26
806.326	5495.21
806.513	5069.23
806.701	4551.1
806.888	4399.55
807.075	5231.02
807.263	5319.09
807.45	4381.12
807.638	4686.26
807.825	5396.91
808.012	5452.2
808.2	4757.94
808.387	5081.52
808.574	5239.22
808.761	5288.37
808.949	4522.43
809.136	4682.17
809.323	5257.65
809.51	5151.15
809.698	4891.06
809.885	4903.35
810.072	5337.52
810.259	5403.05
810.446	4759.99
810.633	4661.69
810.82	5167.54
811.008	5679.53
811.195	4938.16
811.382	4770.23
811.569	5355.95
811.756	5024.18
811.943	4766.14
812.13	4549.05
812.317	5198.26
812.504	4954.55
812.691	4796.85
812.878	4950.45
813.064	5646.76
813.251	5142.96
813.438	4626.87
813.625	4989.36
813.812	5333.42
813.999	5298.61
814.186	5065.14
814.372	4776.38
814.559	5425.58
814.746	5622.19
814.933	4549.05
815.12	4899.25
815.306	5167.54
815.493	4884.92
815.68	4504
815.866	4534.71
816.053	5353.9
816.24	5558.7
816.426	4655.54
816.613	4547
816.799	5259.7
816.986	5632.43
817.173	4667.83
817.359	4561.34
817.546	5376.43
817.732	4878.77
817.919	4495.8
818.105	4884.92
818.292	5265.84
818.478	5220.78
818.665	4837.81
818.851	4442.56
819.037	6033.83
819.224	5259.7
819.41	4348.35
819.597	4587.96
819.783	5994.92
819.969	5368.24
820.156	4618.68
820.342	4342.21
820.528	6717.85
820.714	4866.49
820.901	5134.77
821.087	4628.92
821.273	5431.73
821.459	5151.15
821.646	4417.98
821.832	4465.08
822.018	5378.48
822.204	5163.44
822.39	4526.52
822.576	4417.98
822.762	5228.98
822.948	5212.59
823.134	4725.18
823.32	4405.69
823.507	4757.94
823.693	5169.59
823.879	5312.94
824.065	4354.49
824.25	4893.11
824.436	4897.21
824.622	4567.48
824.808	4295.1
824.994	5009.84
825.18	5036.47
825.366	4426.17
825.552	4655.54
825.738	5147.06
825.923	5323.18
826.109	4809.14
826.295	4409.79
826.481	4932.02
826.667	4907.45
826.852	4913.59
827.038	4381.12
827.224	5228.98
827.409	5243.31
827.595	4217.28
827.781	4630.97
827.966	5360.05
828.152	5294.51
828.338	4291.01
828.523	4065.73
828.709	4917.68
828.894	4932.02
829.08	4305.34
829.266	4286.91
829.451	4778.42
829.637	4993.46
829.822	4393.4
830.008	4366.78
830.193	5056.95
830.378	5446.06
830.564	4504
830.749	4166.08
830.935	4991.41
831.12	4706.74
831.305	4041.15
831.491	4495.8
831.676	4483.52
831.861	4815.29
832.047	4309.44
832.232	3932.61
832.417	5058.99
832.602	5091.76
832.788	4233.66
832.973	4135.36
833.158	4870.58
833.343	4805.05
833.528	4452.8
833.714	4526.52
833.899	4598.2
834.084	5380.53
834.269	4520.38
834.454	4168.13
834.639	4831.67
834.824	4839.86
835.009	4348.35
835.194	4555.19
835.379	5122.48
835.564	5196.21
835.749	4626.87
835.934	4188.61
836.119	5032.37
836.304	4954.55
836.489	4069.83
836.674	4555.19
836.859	4673.98
837.044	5130.67
837.228	4219.33
837.413	4028.87
837.598	4655.54
837.783	4962.74
837.968	4336.06
838.152	4024.77
838.337	4198.85
838.522	5099.95
838.707	4925.88
838.891	4340.16
839.076	4708.79
839.261	4776.38
839.445	4217.28
839.63	4397.5
839.815	5032.37
839.999	4510.14
840.184	4016.58
840.368	4057.54
840.553	4852.15
840.737	4671.93
840.922	3871.17
841.106	3934.66
841.291	4458.94
841.475	4680.12
841.66	3975.62
841.844	3977.67
842.029	5243.31
842.213	4510.14
842.397	4254.14
842.582	3754.44
842.766	4723.13
842.951	4843.96
843.135	4256.19
843.319	4069.83
843.504	4749.75
843.688	5183.92
843.872	3787.21
844.056	3922.37
844.241	4547
844.425	4647.35
844.609	4274.62
844.793	3727.82
844.977	4780.47
845.161	4608.44
845.346	3705.29
845.53	3867.08
845.714	4504
845.898	4968.88
846.082	3811.78
846.266	3903.94
846.45	4483.52
846.634	4549.05
846.818	3688.9
847.002	3996.1
847.186	4567.48
847.37	4311.49
847.554	3805.64
847.738	4053.44
847.922	4530.62
848.106	4520.38
848.29	3717.58
848.473	3783.11
848.657	4551.1
848.841	4129.22
849.025	3901.89
849.209	3594.7
849.392	4729.27
849.576	4286.91
849.76	3432.91
849.944	4045.25
850.127	4872.63
850.311	4229.57
850.495	3656.14
850.678	3649.99
850.862	4442.56
851.046	4583.87
851.229	4215.23
851.413	3656.14
851.596	4557.24
851.78	4147.65
851.964	3989.96
852.147	3701.19
852.331	4858.29
852.514	4673.98
852.698	3869.12
852.881	3525.07
853.065	4364.73
853.248	4342.21
853.431	4000.19
853.615	3969.48
853.798	5171.63
853.982	4454.84
854.165	4080.07
854.348	3711.43
854.532	4024.77
854.715	4295.1
854.898	3858.89
855.081	3762.63
855.265	4702.65
855.448	5015.99
855.631	3480.01
855.814	3570.12
855.997	4215.23
856.181	4284.86
856.364	3723.72
856.547	3414.48
856.73	4438.46
856.913	4137.41
857.096	3469.77
857.279	3860.93
857.462	4157.89
857.645	4342.21
857.828	3996.1
858.011	3922.37
858.194	4116.93
858.377	4229.57
858.56	3387.85
858.743	3678.66
858.926	4174.27
859.109	4082.11
859.292	3463.63
859.475	3238.35
859.658	4221.38
859.841	4000.19
860.023	3301.84
860.206	3394
860.389	3961.28
860.572	4196.8
860.755	3633.61
860.937	3660.23
861.12	3897.8
861.303	3875.27
861.486	3508.68
861.668	3195.34
861.851	3817.93
862.034	4286.91
862.216	3654.09
862.399	3242.45
862.581	4110.79
862.764	4166.08
862.947	3545.55
863.129	3299.79
863.312	3844.55
863.494	4192.7
863.677	3967.43
863.859	3326.41
864.042	4069.83
864.224	4002.24
864.406	3641.8
864.589	3060.18
864.771	3996.1
864.954	3752.39
865.136	3303.89
865.318	3199.44
865.501	4602.3
865.683	3533.26
865.865	3330.51
866.048	3205.58
866.23	4133.31
866.412	3994.05
866.594	3109.33
866.777	3447.24
866.959	3811.78
867.141	3744.2
867.323	3705.29
867.505	3447.24
867.687	3707.34
867.869	3852.74
868.052	3299.79
868.234	3176.91
868.416	3914.18
868.598	4030.91
868.78	3396.04
868.962	3307.98
869.144	4112.83
869.326	3824.07
869.508	3142.1
869.69	3332.56
869.872	3606.98
870.054	4323.77
870.236	3088.85
870.417	3080.66
870.599	3719.62
870.781	4291.01
870.963	3418.57
871.145	3258.83
871.327	3590.6
871.508	4069.83
871.69	3350.99
871.872	3344.84
872.054	3621.32
872.235	3893.7
872.417	3387.85
872.599	3015.12
872.78	4383.17
872.962	3797.45
873.144	2906.58
873.325	3099.09
873.507	3987.91
873.689	3983.81
873.87	3019.22
874.052	3469.77
874.233	3752.39
874.415	4268.48
874.596	3248.59
874.778	2943.44
874.959	3797.45
875.141	3867.08
875.322	3035.6
875.503	2990.55
875.685	3649.99
875.866	3295.69
876.048	3125.71
876.229	3172.82
876.41	3619.27
876.592	3791.3
876.773	3303.89
876.954	2836.95
877.136	4121.03
877.317	3729.86
877.498	2836.95
877.679	3273.17
877.86	3748.29
878.042	3852.74
878.223	3152.34
878.404	3852.74
878.585	3912.13
878.766	5677.48
878.947	3686.86
879.128	3396.04
879.309	3795.4
879.49	4217.28
879.672	3318.22
879.853	3293.65
880.034	3738.05
880.215	3918.28
880.396	3437
880.576	3088.85
880.757	3662.28
880.938	4338.11
881.119	3119.57
881.3	3340.75
881.481	3686.86
881.662	4737.46
881.843	3144.14
882.023	3090.9
882.204	4151.74
882.385	3795.4
882.566	3117.52
882.747	3328.46
882.927	3865.03
883.108	3838.41
883.289	3244.49
883.469	3592.65
883.65	3746.25
883.831	3871.17
884.011	3457.48
884.192	3090.9
884.373	3899.84
884.553	3832.26
884.734	3502.54
884.914	4000.19
885.095	5149.11
885.275	4274.62
885.456	3711.43
885.636	3166.67
885.817	4035.01
885.997	4112.83
886.178	3338.7
886.358	3367.37
886.538	3934.66
886.719	5589.42
886.899	3350.99
887.08	3291.6
887.26	3981.76
887.44	3647.94
887.621	3256.78
887.801	3469.77
887.981	4422.08
888.161	4245.95
888.342	3588.55
888.522	3408.33
888.702	4182.46
888.882	4168.13
889.062	3781.06
889.242	3070.42
889.423	4227.52
889.603	4159.94
889.783	3594.7
889.963	3402.19
890.143	3815.88
890.323	4102.59
890.503	3322.32
890.683	3353.04
890.863	3705.29
891.043	3862.98
891.223	3406.28
891.403	3764.68
891.583	3934.66
891.763	4010.43
891.943	3484.11
892.122	3905.99
892.302	4012.48
892.482	4137.41
892.662	3770.82
892.842	3516.87
893.022	3981.76
893.201	4071.87
893.381	3547.59
893.561	3385.8
893.741	4116.93
893.92	3787.21
894.1	3666.38
894.28	3443.15
894.459	4250.05
894.639	3869.12
894.819	3248.59
894.998	3400.14
895.178	4024.77
895.357	3744.2
895.537	3205.58
895.716	3189.2
895.896	3789.25
896.075	4268.48
896.255	3264.97
896.434	3099.09
896.614	4299.2
896.793	3914.18
896.973	3744.2
897.152	3510.73
897.331	3674.57
897.511	3922.37
897.69	3066.32
897.87	3324.37
898.049	3817.93
898.228	3772.87
898.407	3471.82
898.587	3523.02
898.766	3701.19
898.945	3828.17
899.124	3955.14
899.304	3355.08
899.483	3959.24
899.662	4305.34
899.841	3199.44
900.02	3205.58
900.199	3905.99
900.378	3910.08
900.557	3140.05
900.737	3056.08
900.916	3639.75
901.095	3695.05
901.274	3533.26
901.453	2984.4
901.632	3375.56
901.811	3381.71
901.989	3119.57
902.168	2925.01
902.347	3615.18
902.526	3391.95
902.705	3174.86
902.884	3350.99
903.063	4114.88
903.242	3883.46
903.42	3111.38
903.599	3189.2
903.778	3733.96
903.957	4067.78
904.135	3281.36
904.314	3062.23
904.493	3596.75
904.672	3437
904.85	3133.9
905.029	2945.49
905.207	3426.76
905.386	3994.05
905.565	2781.65
905.743	2976.21
905.922	3369.42
906.1	3434.96
906.279	2765.27
906.457	2593.24
906.636	3181.01
906.814	3287.5
906.993	2765.27
907.171	2546.14
907.35	3535.31
907.528	3707.34
907.707	3094.99
907.885	2640.34
908.063	3404.24
908.242	3213.77
908.42	2779.61
908.598	2468.31
908.777	3385.8
908.955	2996.69
909.133	2951.63
909.311	2535.9
909.49	2925.01
909.668	3152.34
909.846	2544.09
910.024	2492.89
910.202	3084.75
910.38	3420.62
910.559	2535.9
910.737	2757.08
910.915	3131.86
911.093	3213.77
911.271	2855.38
911.449	3027.41
911.627	3201.49
911.805	3930.56
911.983	2937.3
912.161	2793.94
912.339	3162.58
912.517	3643.85
912.695	2900.44
912.872	2943.44
913.05	3484.11
913.228	3504.59
913.406	2791.89
913.584	2703.83
913.762	3664.33
913.939	3301.84
914.117	2746.84
914.295	2658.78
914.473	3103.18
914.65	3625.42
914.828	2861.52
915.006	2652.63
915.184	3092.94
915.361	3346.89
915.539	2953.68
915.716	2996.69
915.894	3387.85
916.072	3434.96
916.249	3408.33
916.427	3049.94
916.604	3203.54
916.782	3396.04
916.959	2781.65
917.137	2820.56
917.314	3262.93
917.492	3365.32
917.669	2886.1
917.847	2789.85
918.024	3156.43
918.201	2984.4
918.379	2980.31
918.556	2832.85
918.733	3271.12
918.911	3129.81
919.088	2920.92
919.265	2853.33
919.442	3117.52
919.62	3467.72
919.797	2683.35
919.974	2474.46
920.151	3371.47
920.328	3082.7
920.506	2529.75
920.683	3121.62
920.86	2908.63
921.037	3316.17
921.214	2666.97
921.391	2648.54
921.568	3142.1
921.745	2890.2
921.922	2681.3
922.099	2853.33
922.276	3205.58
922.453	3156.43
922.63	2470.36
922.807	3142.1
922.984	3183.06
923.161	2920.92
923.338	2722.26
923.514	2533.85
923.691	3181.01
923.868	3301.84
924.045	2484.7
924.222	2410.97
924.399	2974.16
924.575	3115.47
924.752	2611.67
924.929	2503.13
925.105	2828.76
925.282	2656.73
925.459	2560.47
925.635	2648.54
925.812	3070.42
925.989	2808.28
926.165	2732.5
926.342	2269.66
926.518	2857.43
926.695	2828.76
926.871	2437.59
927.048	2472.41
927.224	3230.16
927.401	2714.07
927.577	2583
927.754	2177.5
927.93	3234.25
928.107	2996.69
928.283	2370.01
928.459	2542.04
928.636	2927.06
928.812	2857.43
928.988	2265.57
929.165	2193.89
929.341	2890.2
929.517	2869.72
929.693	2951.63
929.87	2064.86
930.046	2879.96
930.222	2550.23
930.398	2148.83
930.574	2519.51
930.751	2585.05
930.927	2560.47
931.103	2228.7
931.279	2234.85
931.455	2642.39
931.631	2748.89
931.807	2126.3
931.983	2028
932.159	2331.1
932.335	2666.97
932.511	2296.28
932.687	2185.69
932.863	2507.23
933.039	2740.69
933.215	2038.24
933.391	1917.41
933.566	2611.67
933.742	2544.09
933.918	2077.15
934.094	1792.48
934.27	2359.77
934.445	2398.68
934.621	2255.33
934.797	1853.92
934.973	2492.89
935.148	2275.81
935.324	1864.16
935.5	1606.12
935.675	2558.42
935.851	2275.81
936.027	1995.23
936.202	2105.82
936.378	2316.76
936.553	2116.06
936.729	2628.06
936.904	1690.09
937.08	1878.5
937.255	1972.71
937.431	1655.27
937.606	1429.99
937.782	1976.8
937.957	2132.45
938.133	1581.54
938.308	1450.47
938.483	1901.03
938.659	1694.18
938.834	1591.78
939.009	1260.01
939.185	1976.8
939.36	1556.97
939.535	977.39
939.71	1538.54
939.886	1976.8
940.061	1593.83
940.236	1698.28
940.411	1446.38
940.586	1870.31
940.761	1847.78
940.937	1382.89
941.112	1210.86
941.287	1622.5
941.462	1579.5
941.637	1135.09
941.812	1247.72
941.987	1595.88
942.162	1513.96
942.337	1317.36
942.512	1102.32
942.687	1933.79
942.862	1462.76
943.037	893.43
943.212	760.31
943.386	1321.45
943.561	1524.2
943.736	1401.32
943.911	1817.06
944.086	1776.1
944.26	1542.63
944.435	1044.98
944.61	1378.79
944.785	1579.5
944.959	2107.87
945.134	1139.18
945.309	1067.5
945.483	1204.72
945.658	1755.62
945.833	887.28
946.007	936.43
946.182	1823.2
946.357	1348.08
946.531	1001.97
946.706	1047.02
946.88	1198.57
947.055	1673.7
947.229	1057.26
947.404	920.05
947.578	1530.34
947.752	1507.82
947.927	934.39
948.101	936.43
948.276	1825.25
948.45	1591.78
948.624	1440.23
948.799	1096.18
948.973	1559.02
949.147	1313.26
949.321	1165.81
949.496	1251.82
949.67	1909.22
949.844	1485.29
950.018	1112.56
950.193	1221.1
950.367	2240.99
950.541	1511.91
950.715	1180.14
950.889	1386.99
951.063	1565.16
951.237	1741.29
951.411	944.63
951.585	991.73
951.759	1751.53
951.933	1694.18
952.107	1104.37
952.281	1343.98
952.455	1868.26
952.629	1796.58
952.803	1368.56
952.977	1108.46
953.151	1817.06
953.325	1583.59
953.499	1376.75
953.672	1030.64
953.846	1542.63
954.02	1518.06
954.194	1163.76
954.368	1212.91
954.541	1878.5
954.715	1604.07
954.889	1292.78
955.062	1034.74
955.236	1544.68
955.41	1616.36
955.583	1595.88
955.757	1120.75
955.93	1552.87
956.104	1319.4
956.278	1120.75
956.451	1307.12
956.625	1821.16
956.798	1974.75
956.972	1669.61
957.145	1120.75
957.319	2081.25
957.492	1595.88
957.665	1534.44
957.839	1182.19
958.012	1817.06
958.185	1587.69
958.359	1425.9
958.532	1673.7
958.705	1690.09
958.879	1663.46
959.052	1356.27
959.225	1137.13
959.398	1608.17
959.572	1692.13
959.745	1198.57
959.918	1270.25
960.091	1694.18
960.264	1927.65
960.438	1110.51
960.611	1143.28
960.784	1972.71
960.957	1571.3
961.13	1898.98
961.303	1176.05
961.476	1683.94
961.649	2068.96
961.822	1161.71
961.995	1407.47
962.168	1577.45
962.341	1786.34
962.514	1370.6
962.686	1329.64
962.859	1651.17
963.032	1819.11
963.205	1239.53
963.378	989.68
963.551	1610.22
963.723	1456.62
963.896	1374.7
964.069	1415.66
964.242	1698.28
964.414	2255.33
964.587	1298.92
964.76	1370.6
964.932	1720.81
965.105	1624.55
965.278	1221.1
965.45	1073.65
965.623	1851.88
965.795	1864.16
965.968	1348.08
966.14	1280.49
966.313	1634.79
966.485	1702.37
966.658	1337.84
966.83	1290.73
967.003	1933.79
967.175	1718.76
967.348	1171.95
967.52	1366.51
967.692	2132.45
967.865	1837.54
968.037	1303.02
968.209	1491.43
968.382	1886.69
968.554	1749.48
968.726	1282.54
968.898	1044.98
969.071	1941.99
969.243	1698.28
969.415	1214.96
969.587	1456.62
969.759	1964.51
969.932	1696.23
970.104	1413.61
970.276	831.99
970.448	1530.34
970.62	1489.39
970.792	1413.61
970.964	1270.25
971.136	2058.72
971.308	1655.27
971.48	1010.16
971.652	1174
971.824	1948.13
971.996	1495.53
972.168	1343.98
972.339	1178.09
972.511	1702.37
972.683	1632.74
972.855	1507.82
973.027	1090.03
973.199	1972.71
973.37	1718.76
973.542	1327.6
973.714	1386.99
973.886	1450.47
974.057	1667.56
974.229	1063.41
974.401	1094.13
974.572	1378.79
974.744	1251.82
974.915	997.87
975.087	1081.84
975.259	1909.22
975.43	1239.53
975.602	979.44
975.773	1059.31
975.945	1427.95
976.116	1649.13
976.288	909.81
976.459	1489.39
976.63	1358.32
976.802	1526.25
976.973	1112.56
977.145	1389.03
977.316	2187.74
977.487	2312.67
977.659	1401.32
977.83	1184.24
978.001	1874.4
978.172	1661.41
978.344	1036.78
978.515	1151.47
978.686	1444.33
978.857	2042.34
979.028	1094.13
979.2	1030.64
979.371	1882.6
979.542	1395.18
979.713	1313.26
979.884	731.64
980.055	1524.2
980.226	1403.37
980.397	1040.88
980.568	981.49
980.739	1589.74
980.91	1292.78
981.081	1202.67
981.252	1128.94
981.423	1460.71
981.594	1473
981.765	924.15
981.936	1094.13
982.106	1235.44
982.277	1679.85
982.448	913.91
982.619	1311.21
982.79	1145.33
982.96	1401.32
983.131	1231.34
983.302	698.87
983.472	1364.46
983.643	1348.08
983.814	1137.13
983.984	899.57
984.155	1294.83
984.326	1509.86
984.496	1083.89
984.667	963.06
984.837	1122.8
985.008	1784.29
985.178	1450.47
985.349	1042.93
985.519	1262.06
985.69	1126.89
985.86	954.87
986.031	954.87
986.201	1331.69
986.371	1325.55
986.542	766.45
986.712	674.29
986.882	1374.7
987.053	1325.55
987.223	887.28
987.393	1272.3
987.563	1198.57
987.734	1513.96
987.904	1522.15
988.074	784.88
988.244	1055.22
988.414	1341.93
988.585	791.03
988.755	1012.21
988.925	1243.63
989.095	1692.13
989.265	735.73
989.435	924.15
989.605	1489.39
989.775	1581.54
989.945	1260.01
990.115	672.25
990.285	1208.81
990.455	1249.77
990.625	940.53
990.795	840.18
990.965	1645.03
991.134	1057.26
991.304	776.69
991.474	764.4
991.644	1389.03
991.814	1573.35
991.984	575.99
992.153	717.3
992.323	1083.89
992.493	1434.09
992.662	657.91
992.832	1004.02
993.002	1102.32
993.171	1468.91
993.341	512.5
993.511	821.75
993.68	1114.61
993.85	1341.93
994.019	600.57
994.189	596.47
994.358	1169.9
994.528	1094.13
994.697	403.96
994.867	571.9
995.036	1329.64
995.206	973.3
995.375	446.97
995.544	887.28
995.714	1427.95
995.883	1118.7
996.052	979.44
996.222	385.53
996.391	1446.38
996.56	1171.95
996.73	567.8
996.899	487.93
997.068	1415.66
997.237	1231.34
997.406	582.14
997.576	360.95
997.745	1520.1
997.914	985.58
998.083	365.05
998.252	692.73
998.421	1260.01
998.59	967.15
998.759	385.53
998.928	426.49
999.097	1315.31
999.266	1237.49
999.435	868.85
999.604	266.75
999.773	1296.88
999.942	1010.16
1000.111	233.98
1000.28	242.17
1000.448	973.3
1000.617	840.18
1000.786	915.95
1000.955	354.81
1001.124	1356.27
1001.292	1724.9
1001.461	487.93
1001.63	315.9
1001.798	1153.52
1001.967	1196.53
1002.136	276.99
1002.304	336.38
1002.473	1282.54
1002.642	958.96
1002.81	610.81
1002.979	602.61
1003.147	1284.59
1003.316	1292.78
1003.484	371.19
1003.653	528.89
1003.821	1034.74
1003.99	879.09
1004.158	758.26
1004.327	569.85
1004.495	1077.74
1004.663	913.91
1004.832	668.15
1005	272.89
1005.168	928.24
1005.337	846.32
1005.505	143.87
1005.673	647.67
1005.842	1255.92
1006.01	838.13
1006.178	203.26
1006.346	412.15
1006.514	817.65
1006.683	1413.61
1006.851	401.91
1007.019	643.57
1007.187	723.44
1007.355	391.67
1007.523	80.38
1007.691	197.12
1007.859	768.5
1008.027	1419.75
1008.195	293.37
1008.363	225.79
1008.531	809.46
1008.699	1051.12
1008.867	135.68
1009.035	313.85
1009.203	1268.2
1009.37	885.23
1009.538	354.81
1009.706	1245.68
1009.874	815.6
1010.042	854.51
1010.209	100.86
1010.377	223.74
1010.545	1026.54
1010.713	985.58
1010.88	367.1
1011.048	231.93
1011.216	807.41
1011.383	1145.33
1011.551	328.19
1011.718	127.49
1011.886	866.8
1012.054	961.01
1012.221	129.53
1012.389	223.74
1012.556	956.91
1012.724	1176.05
1012.891	340.47
1013.058	-26.11
1013.226	889.33
1013.393	887.28
1013.561	6.66
1013.728	-69.12
1013.895	1081.84
1014.063	909.81
1014.23	18.94
1014.397	174.59
1014.565	864.75
1014.732	764.4
1014.899	35.33
1015.066	76.29
1015.233	891.38
1015.401	901.62
1015.568	180.73
1015.735	436.73
1015.902	989.68
1016.069	1061.36
1016.236	276.99
1016.403	-85.5
1016.57	522.74
1016.737	1315.31
1016.904	139.77
1017.071	6.66
1017.238	467.45
1017.405	721.4
1017.572	170.49
1017.739	594.42
1017.906	1333.74
1018.073	967.15
1018.24	27.14
1018.407	313.85
1018.573	776.69
1018.74	723.44
1018.907	147.97
1019.074	-108.03
1019.241	829.94
1019.407	754.16
1019.574	39.42
1019.741	27.14
1019.907	1141.23
1020.074	1145.33
1020.241	-177.66
1020.407	-177.66
1020.574	600.57
1020.74	698.87
1020.907	31.23
1021.073	92.67
1021.24	1337.84
1021.406	854.51
1021.573	-77.31
1021.739	-3.58
1021.906	1006.06
1022.072	635.38
1022.239	125.44
1022.405	96.77
1022.571	717.3
1022.738	743.92
1022.904	102.91
1023.07	213.5
1023.237	637.43
1023.403	930.29
1023.569	127.49
1023.735	135.68
1023.902	766.45
1024.068	813.56
1024.234	-159.23
1024.4	39.42
1024.566	449.02
1024.732	666.1
1024.898	23.04
1025.065	-228.86
1025.231	557.56
1025.397	522.74
1025.563	117.25
1025.729	-19.97
1025.895	203.26
1026.061	473.59
1026.227	-239.1
1026.392	49.66
1026.558	764.4
1026.724	848.37
1026.89	-46.59
1027.056	223.74
1027.222	471.54
1027.388	580.09
1027.553	-1.54
1027.719	10.75
1027.885	1042.93
1028.051	563.7
1028.216	-327.16
1028.382	25.09
1028.548	735.73
1028.713	565.75
1028.879	-226.81
1029.045	207.36
1029.21	860.66
1029.376	780.79
1029.541	27.14
1029.707	6.66
1029.873	748.02
1030.038	797.17
1030.204	-105.98
1030.369	27.14
1030.534	563.7
1030.7	385.53
1030.865	107.01
1031.031	-146.94
1031.196	526.84
1031.361	592.37
1031.527	-60.93
1031.692	-38.4
1031.857	305.66
1032.023	721.4
1032.188	-171.52
1032.353	-71.17
1032.518	899.57
1032.684	498.17
1032.849	-261.63
1033.014	49.66
1033.179	543.22
1033.344	522.74
1033.509	139.77
1033.674	45.57
1033.839	668.15
1034.004	573.94
1034.17	-42.5
1034.335	-202.24
1034.5	403.96
1034.664	379.39
1034.829	-30.21
1034.994	70.14
1035.159	285.18
1035.324	586.23
1035.489	-79.36
1035.654	-144.89
1035.819	1077.74
1035.984	580.09
1036.148	31.23
1036.313	4.61
1036.478	762.36
1036.643	348.67
1036.807	-36.35
1036.972	-278.01
1037.137	1065.46
1037.301	430.59
1037.466	-302.59
1037.631	113.15
1037.795	592.37
1037.96	367.1
1038.124	225.79
1038.289	-179.71
1038.454	451.07
1038.618	688.63
1038.783	-1.54
1038.947	102.91
1039.111	377.34
1039.276	393.72
1039.44	-157.18
1039.605	702.97
1039.769	397.82
1039.933	412.15
1040.098	-11.78
1040.262	252.41
1040.426	653.81
1040.591	516.6
1040.755	-189.95
1040.919	-28.16
1041.083	827.89
1041.248	451.07
1041.412	-249.34
1041.576	-202.24
1041.74	377.34
1041.904	428.54
1042.068	-140.8
1042.232	98.81
1042.397	823.8
1042.561	469.5
1042.725	-447.99
1042.889	-38.4
1043.053	524.79
1043.217	403.96
1043.381	-58.88
1043.544	-280.06
1043.708	571.9
1043.872	285.18
1044.036	-443.9
1044.2	-257.53
1044.364	723.44
1044.528	586.23
1044.691	4975.03
1044.855	-216.57
1045.019	596.47
1045.183	633.33
1045.346	-56.83
1045.51	-398.84
1045.674	602.61
1045.837	485.88
1046.001	-169.47
1046.165	-153.09
1046.328	956.91
1046.492	352.76
1046.655	246.27
1046.819	-28.16
1046.983	477.69
1047.146	305.66
1047.31	-58.88
1047.473	-388.6
1047.636	422.39
1047.8	285.18
1047.963	-38.4
1048.127	-202.24
1048.29	221.69
