345.52	-1320.26
345.736	-1320.26
345.952	-1320.26
346.168	-1277.25
346.384	-1324.35
346.6	-212.31
346.816	-279.89
347.032	-197.97
347.248	578.21
347.464	-269.65
347.68	-314.7
347.896	8.87
348.112	377.51
348.328	-136.53
348.544	-13.65
348.76	203.43
348.975	256.68
349.191	-406.86
349.407	-431.44
349.623	228.01
349.839	148.14
350.055	-253.27
350.27	88.75
350.486	236.2
350.702	277.16
350.918	404.13
351.133	-75.09
351.349	156.33
351.565	549.54
351.781	-384.34
351.996	17.07
352.212	244.39
352.428	111.27
352.644	-302.42
352.859	-197.97
353.075	271.01
353.291	174.76
353.506	-206.16
353.722	-394.58
353.938	55.98
354.153	481.96
354.369	318.12
354.584	-269.65
354.8	246.44
355.016	-77.14
355.231	-365.9
355.447	-13.65
355.662	484
355.878	889.5
356.093	-472.4
356.309	12.97
356.524	-122.2
356.74	475.81
356.955	-460.11
357.171	-165.2
357.386	258.73
357.602	-25.94
357.817	-114
358.033	-255.31
358.248	406.18
358.464	318.12
358.679	-154.96
358.895	-355.66
359.11	58.03
359.325	121.51
359.541	457.38
359.756	-30.04
359.972	-144.72
360.187	508.58
360.402	-240.98
360.618	-173.39
360.833	1733.26
361.048	156.33
361.264	-142.68
361.479	27.31
361.694	178.86
361.909	240.3
362.125	-318.8
362.34	-148.82
362.555	303.78
362.77	289.45
362.986	-417.1
363.201	-220.5
363.416	320.17
363.631	53.93
363.847	-222.55
364.062	-175.44
364.277	217.77
364.492	78.51
364.707	-189.78
364.922	-415.05
365.138	252.58
365.353	496.29
365.568	-427.34
365.783	-183.63
365.998	467.62
366.213	686.75
366.428	-298.32
366.643	152.23
366.858	336.55
367.073	361.13
367.288	-181.59
367.503	-255.31
367.718	146.09
367.933	574.11
368.148	-312.66
368.363	94.89
368.578	334.5
368.793	606.88
369.008	-103.76
369.223	-335.18
369.438	369.32
369.653	334.5
369.868	-326.99
370.083	-365.9
370.298	283.3
370.513	641.7
370.728	154.28
370.943	-197.97
371.157	-17.75
371.372	801.44
371.587	-333.14
371.802	-365.9
372.017	223.91
372.232	623.27
372.446	47.79
372.661	-144.72
372.876	277.16
373.091	354.98
373.306	-105.81
373.52	-359.76
373.735	172.71
373.95	629.41
374.165	-189.78
374.379	-118.1
374.594	82.6
374.809	563.87
375.023	176.81
375.238	-210.26
375.453	432.8
375.667	8.87
375.882	-263.51
376.097	-251.22
376.311	152.23
376.526	408.23
376.741	-359.76
376.955	350.89
377.17	602.79
377.384	1082.01
377.599	137.9
377.813	-386.38
378.028	998.04
378.242	387.75
378.457	-93.52
378.672	-316.75
378.886	76.46
379.101	234.15
379.315	-388.43
379.53	-83.28
379.744	539.3
379.958	412.32
380.173	-263.51
380.387	-101.72
380.602	539.3
380.816	199.34
381.031	-58.71
381.245	-144.72
381.459	330.41
381.674	1112.73
381.888	-345.42
382.103	393.89
382.317	166.57
382.531	463.52
382.746	41.64
382.96	-140.63
383.174	215.72
383.388	776.86
383.603	252.58
383.817	-251.22
384.031	230.06
384.246	615.07
384.46	139.94
384.674	899.74
384.888	174.76
385.103	434.85
385.317	-263.51
385.531	170.66
385.745	883.36
385.959	639.65
386.174	-95.57
386.388	-148.82
386.602	307.88
386.816	211.62
387.03	2.73
387.244	-15.7
387.458	414.37
387.672	647.84
387.887	-271.7
388.101	-116.05
388.315	506.53
388.529	291.49
388.743	-146.77
388.957	-206.16
389.171	717.47
389.385	141.99
389.599	-165.2
389.813	107.18
390.027	301.73
390.241	1057.43
390.455	-7.51
390.669	60.07
390.883	228.01
391.097	895.64
391.311	352.93
391.525	-71
391.738	696.99
391.952	590.5
392.166	146.09
392.38	-195.92
392.594	715.42
392.808	549.54
393.022	158.38
393.236	82.6
393.449	486.05
393.663	656.03
393.877	-101.72
394.091	213.67
394.305	389.8
394.518	320.17
394.732	-83.28
394.946	60.07
395.16	1063.58
395.373	410.28
395.587	-245.07
395.801	8.87
396.015	672.42
396.228	469.67
396.442	-144.72
396.656	-261.46
396.869	637.6
397.083	983.71
397.297	189.1
397.51	58.03
397.724	551.59
397.938	469.67
398.151	-202.07
398.365	-124.24
398.578	604.83
398.792	787.1
399.005	346.79
399.219	43.69
399.433	494.24
399.646	723.62
399.86	391.84
400.073	354.98
400.287	570.02
400.5	551.59
400.714	336.55
400.927	137.9
401.141	770.72
401.354	2122.38
401.567	772.77
401.781	-83.28
401.994	576.16
402.208	1114.78
402.421	187.05
402.635	109.22
402.848	281.25
403.061	793.25
403.275	258.73
403.488	15.02
403.701	793.25
403.915	969.37
404.128	488.1
404.341	47.79
404.555	1041.05
404.768	365.22
404.981	469.67
405.195	98.99
405.408	819.87
405.621	692.9
405.834	492.2
406.048	105.13
406.261	830.11
406.474	869.02
406.687	123.56
406.9	426.66
407.114	699.04
407.327	907.93
407.54	-40.28
407.753	-42.32
407.966	465.57
408.179	643.74
408.392	221.86
408.605	-1.37
408.819	797.34
409.032	856.73
409.245	268.97
409.458	623.27
409.671	838.3
409.884	858.78
410.097	-23.89
410.31	549.54
410.523	985.76
410.736	637.6
410.949	369.32
411.162	248.49
411.375	938.65
411.588	752.29
411.801	455.33
412.014	170.66
412.227	522.91
412.44	762.53
412.653	414.37
412.865	645.79
413.078	993.95
413.291	866.97
413.504	404.13
413.717	217.77
413.93	1032.86
414.143	473.76
414.356	441
414.568	119.46
414.781	883.36
414.994	869.02
415.207	660.13
415.42	563.87
415.632	905.88
415.845	1432.21
416.058	156.33
416.271	160.42
416.483	963.23
416.696	1141.4
416.909	309.93
417.121	350.89
417.334	764.57
417.547	1016.48
417.759	383.65
417.972	295.59
418.185	740
418.397	1000.09
418.61	373.41
418.823	322.21
419.035	1227.42
419.248	1018.52
419.46	549.54
419.673	733.86
419.885	811.68
420.098	973.47
420.311	481.96
420.523	246.44
420.736	1024.67
420.948	916.12
421.161	443.04
421.373	342.69
421.586	690.85
421.798	735.9
422.01	215.72
422.223	758.43
422.435	635.55
422.648	1219.22
422.86	477.86
423.073	520.87
423.285	905.88
423.497	756.38
423.71	461.48
423.922	586.4
424.134	1329.81
424.347	1434.26
424.559	897.69
424.771	1057.43
424.984	1098.39
425.196	1133.21
425.408	500.39
425.621	498.34
425.833	1241.75
426.045	1383.06
426.257	512.67
426.47	727.71
426.682	1002.14
426.894	1008.28
427.106	653.98
427.318	795.29
427.531	1030.81
427.743	1317.53
427.955	793.25
428.167	1464.98
428.379	959.13
428.591	998.04
428.804	832.16
429.016	690.85
429.228	1145.5
429.44	1143.45
429.652	14381.52
429.864	484
430.076	1145.5
430.288	1176.22
430.5	932.51
430.712	993.95
430.924	1319.57
431.136	1360.53
431.348	680.61
431.56	762.53
431.772	1075.87
431.984	1098.39
432.196	670.37
432.408	920.22
432.62	1118.87
432.832	1485.46
433.044	1186.46
433.256	1006.24
433.468	1366.68
433.679	975.52
433.891	643.74
434.103	1176.22
434.315	1800.85
434.527	1497.75
434.739	1196.7
434.95	969.37
435.162	1376.92
435.374	1118.87
435.586	1168.02
435.798	965.28
436.009	1286.81
436.221	1229.46
436.433	1086.11
436.645	858.78
436.856	1378.97
437.068	1829.52
437.28	899.74
437.491	1342.1
437.703	1735.31
437.915	1649.3
438.126	1147.55
438.338	1628.82
438.55	1438.36
438.761	1417.88
438.973	1190.55
439.184	1170.07
439.396	1354.39
439.608	1571.47
439.819	1032.86
440.031	1307.29
440.242	1772.18
440.454	1639.06
440.665	1301.14
440.877	1464.98
441.088	1864.33
441.3	1632.91
441.511	850.59
441.723	1184.41
441.934	2011.79
442.146	1735.31
442.357	1415.83
442.569	1796.75
442.78	1835.66
442.991	2269.83
443.203	1800.85
443.414	1186.46
443.626	2052.75
443.837	1653.39
444.048	1190.55
444.26	1096.35
444.471	1868.43
444.682	1802.9
444.894	1151.64
445.105	1129.11
445.316	2161.29
445.528	2083.47
445.739	1536.66
445.95	1499.8
446.161	1751.7
446.373	1858.19
446.584	1378.97
446.795	1360.53
447.006	2105.99
447.217	2073.23
447.429	1307.29
447.64	1208.98
447.851	2749.06
448.062	1991.31
448.273	1194.65
448.484	1405.59
448.695	2132.62
448.907	2134.67
449.118	1637.01
449.329	1985.16
449.54	1858.19
449.751	1825.42
449.962	1446.55
450.173	1378.97
450.384	2044.56
450.595	2333.32
450.806	1501.84
451.017	1594
451.228	2345.61
451.439	2196.11
451.65	1624.72
451.861	1120.92
452.072	1960.59
452.283	2210.44
452.494	1966.73
452.705	1669.78
452.915	2699.91
453.126	2359.94
453.337	1909.39
453.548	1630.87
453.759	2611.84
453.97	2566.79
454.181	2353.8
454.391	1745.55
454.602	2296.46
454.813	2701.95
455.024	1850
455.235	1811.09
455.445	2562.69
455.656	2290.31
455.867	2120.33
456.078	1893.01
456.288	2101.9
456.499	2634.37
456.71	1841.81
456.921	2386.57
457.131	2482.82
457.342	2384.52
457.553	1936.01
457.763	2056.84
457.974	2495.11
458.184	2579.08
458.395	1983.12
458.606	1809.04
458.816	3015.29
459.027	3164.79
459.237	2513.54
459.448	2081.42
459.659	2747.01
459.869	3701.36
460.08	2011.79
460.29	2460.29
460.501	3187.32
460.711	2751.1
460.922	2075.28
461.132	2413.19
461.343	3676.79
461.553	2632.32
461.764	2194.06
461.974	2525.83
462.184	3160.7
462.395	3246.71
462.605	2493.06
462.816	2296.46
463.026	3201.66
463.236	3195.51
463.447	2435.72
463.657	2534.02
463.867	3553.91
464.078	3021.44
464.288	2677.38
464.498	2808.45
464.709	3396.21
464.919	3195.51
465.129	2839.17
465.339	2693.76
465.55	3293.82
465.76	3611.25
465.97	2861.7
466.18	2839.17
466.391	3678.83
466.601	3498.61
466.811	3121.79
467.021	2640.51
467.231	3873.39
467.441	3789.42
467.651	3113.6
467.862	2763.39
468.072	3689.07
468.282	3748.47
468.492	3213.95
468.702	3568.24
468.912	4084.33
469.122	4659.81
469.332	3711.6
469.542	3277.43
469.752	4604.52
469.962	4104.81
470.172	3445.37
470.382	3535.48
470.592	4409.96
470.802	4389.48
471.012	4031.09
471.222	3885.68
471.432	4180.59
471.642	4586.08
471.852	4158.06
472.062	3940.97
472.272	4350.57
472.482	4266.6
472.691	4086.38
472.901	3922.54
473.111	4430.44
473.321	5202.52
473.531	4184.68
473.741	4405.86
473.95	4962.91
474.16	5022.3
474.37	4625
474.58	4184.68
474.79	5671.51
474.999	5182.04
475.209	4397.67
475.419	4657.76
475.628	5270.11
475.838	5624.4
476.048	4999.77
476.258	4602.47
476.467	5872.21
476.677	5605.97
476.886	5507.67
477.096	5126.75
477.306	5806.67
477.515	5941.84
477.725	5481.05
477.935	5390.94
478.144	6482.5
478.354	5941.84
478.563	5677.65
478.773	5423.7
478.982	6249.04
479.192	6281.8
479.401	5671.51
479.611	5818.96
479.82	5907.02
480.03	6644.29
480.239	5782.1
480.449	5788.24
480.658	6816.32
480.868	6523.46
481.077	6298.19
481.287	6330.95
481.496	6818.37
481.705	7211.58
481.915	6748.74
482.124	6609.48
482.333	7260.73
482.543	7584.31
482.752	6910.53
482.961	6617.67
483.171	7436.86
483.38	7164.48
483.589	7131.71
483.799	6900.29
484.008	7393.85
484.217	7543.35
484.426	7383.61
484.636	7162.43
484.845	8008.24
485.054	7744.05
485.263	7944.75
485.472	7621.17
485.682	8096.3
485.891	7985.71
486.1	7230.01
486.309	7621.17
486.518	8356.4
486.727	9189.92
486.936	7973.42
487.146	8170.03
487.355	8804.9
487.564	8372.78
487.773	8272.43
487.982	8237.61
488.191	8608.3
488.4	9087.52
488.609	8405.55
488.818	8362.54
489.027	9419.29
489.236	9513.5
489.445	8645.16
489.654	8471.08
489.863	9617.94
490.072	9374.24
490.281	9468.44
490.49	9069.09
490.698	9570.84
490.907	10117.65
491.116	8954.4
491.325	9064.99
491.534	9808.41
491.743	9562.65
491.952	9265.69
492.16	9431.58
492.369	10005.01
492.578	10304.01
492.787	9513.5
492.996	9837.08
493.204	10000.91
493.413	10422.8
493.622	9337.37
493.831	9376.28
494.039	10783.24
494.248	10258.96
494.457	9929.24
494.665	9654.81
494.874	10721.8
495.083	11274.75
495.291	10064.4
495.5	9914.9
495.709	10875.4
495.917	10828.29
496.126	10406.41
496.335	10115.6
496.543	10938.88
496.752	11026.95
496.96	10924.55
497.169	10385.93
497.377	10807.81
497.586	11366.91
497.794	11028.99
498.003	10363.4
498.211	11340.29
498.42	11395.58
498.628	10990.08
498.837	10838.53
499.045	11561.47
499.254	11399.68
499.462	11024.9
499.671	11049.47
499.879	12552.68
500.087	12147.19
500.296	11178.5
500.504	11434.49
500.713	11700.73
500.921	12405.23
501.129	11248.13
501.338	11266.56
501.546	12478.96
501.754	12038.64
501.962	11747.83
502.171	11375.1
502.379	12405.23
502.587	12345.84
502.795	11780.6
503.004	11690.49
503.212	12650.99
503.42	12831.21
503.628	12114.42
503.837	12214.77
504.045	12585.45
504.253	13302.24
504.461	12126.71
504.669	11878.9
504.877	13271.52
505.085	13412.83
505.294	12218.86
505.502	12601.83
505.71	13488.6
505.918	12607.98
506.126	12364.27
506.334	12327.41
506.542	13158.88
506.75	13058.53
506.958	12804.58
507.166	12737
507.374	12960.23
507.582	13660.63
507.79	12884.45
507.998	12804.58
508.206	13677.02
508.414	13486.56
508.622	12927.46
508.83	13040.1
509.037	13679.07
509.245	13289.95
509.453	13246.94
509.661	12962.28
509.869	14260.69
510.077	13470.17
510.285	13371.87
510.492	12954.08
510.7	14463.44
510.908	13533.66
511.116	13404.64
511.324	13203.94
511.531	13935.06
511.739	14262.74
511.947	14029.27
512.155	13847
512.362	14315.98
512.57	13722.07
512.778	13709.79
512.985	13392.35
513.193	14477.77
513.401	14563.79
513.608	13879.77
513.816	13795.8
514.024	14469.58
514.231	14645.71
514.439	13861.34
514.646	14004.69
514.854	14897.61
515.061	14727.63
515.269	14184.91
515.477	14072.28
515.684	14571.98
515.892	14526.92
516.099	14129.62
516.307	14186.96
516.514	15182.28
516.722	15333.82
516.929	14176.72
517.136	14248.4
517.344	14987.72
517.551	15161.8
517.759	14221.78
517.966	14457.29
518.173	14975.43
518.381	15124.93
518.588	14545.36
518.796	14629.32
519.003	15679.93
519.21	15632.83
519.418	14901.7
519.625	15141.32
519.832	15507.9
520.039	15614.4
520.247	14608.84
520.454	15221.19
520.661	15903.16
520.868	15706.56
521.076	15157.7
521.283	15325.63
521.49	16210.36
521.697	15790.52
521.904	15210.95
522.112	15292.87
522.319	16112.05
522.526	15999.41
522.733	15497.66
522.94	15440.32
523.147	16216.5
523.354	16132.53
523.561	15573.44
523.768	15917.5
523.975	16445.87
524.183	16462.26
524.39	16161.2
524.597	15876.54
524.804	16226.74
525.011	16390.58
525.218	15880.63
525.425	16017.85
525.632	17158.56
525.838	16626.09
526.045	16048.57
526.252	16740.78
526.459	18424.21
526.666	18446.74
526.873	16271.79
527.08	16484.78
527.287	16970.15
527.494	16957.86
527.701	16284.08
527.907	16114.1
528.114	17443.23
528.321	16925.1
528.528	16763.31
528.735	16830.89
528.941	17222.05
529.148	16892.33
529.355	16873.9
529.562	16708.01
529.768	18248.08
529.975	17086.89
530.182	16972.2
530.388	16302.51
530.595	17645.98
530.802	17359.27
531.008	17168.8
531.215	16976.3
531.422	18487.7
531.628	18493.84
531.835	17179.04
532.042	17258.92
532.248	17592.73
532.455	18121.11
532.661	17420.7
532.868	17303.97
533.074	18440.59
533.281	18567.57
533.487	17529.25
533.694	17494.43
533.9	18149.78
534.107	17965.46
534.313	17416.61
534.52	17521.06
534.726	18332.05
534.933	19153.29
535.139	17867.16
535.345	17922.46
535.552	19054.98
535.758	18745.74
535.965	18282.9
536.171	18084.25
536.377	19005.83
536.584	19456.39
536.79	18246.04
536.996	18618.77
537.203	19036.55
537.409	19337.6
537.615	18493.84
537.821	18653.58
538.028	19849.6
538.234	19069.32
538.44	18669.97
538.646	18819.47
538.853	19114.38
539.059	18919.82
539.265	19298.69
539.471	18207.12
539.677	19339.65
539.883	19558.78
540.09	20392.31
540.296	19358.08
540.502	19675.52
540.708	19972.47
540.914	19612.03
541.12	19163.53
541.326	20203.89
541.532	20285.81
541.738	19659.13
541.944	19294.6
542.15	20363.64
542.356	20058.49
542.562	19300.74
542.768	19095.94
542.974	20294.01
543.18	20449.65
543.386	19644.8
543.592	19671.42
543.798	20943.21
544.004	20633.97
544.21	19716.48
544.415	19857.79
544.621	20867.44
544.827	21166.44
545.033	20175.22
545.239	20523.38
545.445	20662.64
545.651	20832.62
545.856	20132.22
546.062	20009.34
546.268	20744.56
546.474	20939.12
546.679	20191.61
546.885	20064.63
547.091	20685.17
547.297	21336.42
547.502	20230.52
547.708	19706.24
547.914	20701.55
548.119	21115.24
548.325	20306.29
548.531	19792.25
548.736	21191.02
548.942	20672.88
549.147	20353.4
549.353	20930.92
549.559	21528.93
549.764	21440.87
549.97	20429.17
550.175	20416.88
550.381	21379.43
550.586	21084.52
550.792	20701.55
550.997	20914.54
551.203	21827.93
551.408	22237.53
551.614	20468.08
551.819	21229.93
552.025	22331.73
552.23	21672.29
552.435	21342.56
552.641	21901.66
552.846	21881.18
553.052	22741.33
553.257	21676.38
553.462	21361
553.668	21793.12
553.873	22319.45
554.078	21483.87
554.283	21688.67
554.489	22651.22
554.694	22243.67
554.899	21641.57
555.105	22253.91
555.31	22774.1
555.515	22606.16
555.72	21756.25
555.925	22903.12
556.131	22757.71
556.336	22581.59
556.541	22098.27
556.746	21891.42
556.951	23097.67
557.156	22921.55
557.361	22012.25
557.567	22636.88
557.772	22890.83
557.977	23157.07
558.182	22026.59
558.387	22307.16
558.592	22763.86
558.797	23150.92
559.002	22440.28
559.207	22421.84
559.412	23441.73
559.617	23544.13
559.822	22391.12
560.027	22315.35
560.232	23200.07
560.437	23468.36
560.642	22374.74
560.847	22305.11
561.051	23226.7
561.256	23277.9
561.461	23038.28
561.666	22509.91
561.871	23251.27
562.076	23839.04
562.281	22733.14
562.485	22761.81
562.69	23763.26
562.895	23634.24
563.1	23075.15
563.305	22997.32
563.509	23886.14
563.714	24228.15
563.919	23343.43
564.123	23419.21
564.328	23320.9
564.533	24037.69
564.737	22710.61
564.942	22634.83
565.147	24037.69
565.351	23791.94
565.556	23163.21
565.761	23026
565.965	24375.61
566.17	23576.9
566.374	23159.11
566.579	23308.61
566.784	23980.35
566.988	24135.99
567.193	23464.26
567.397	24058.17
567.602	23966.01
567.806	24346.94
568.011	23601.47
568.215	23724.35
568.42	24254.78
568.624	24570.16
568.828	23914.81
569.033	24006.97
569.237	24688.95
569.442	24924.46
569.646	23695.68
569.85	23744.83
570.055	24607.03
570.259	24465.72
570.463	24193.34
570.668	23781.7
570.872	24377.65
571.076	24424.76
571.281	24305.98
571.485	24058.17
571.689	24711.47
571.893	24752.43
572.098	24688.95
572.302	24355.13
572.506	25084.2
572.71	25076.01
572.914	24099.13
573.119	24586.55
573.323	25389.35
573.527	25510.18
573.731	24551.73
573.935	24643.89
574.139	25254.19
574.343	24889.65
574.547	24697.14
574.751	24324.41
574.955	25301.29
575.159	25526.57
575.364	24463.67
575.568	24834.35
575.772	25450.79
575.976	25854.24
576.18	24482.1
576.383	24961.33
576.587	25923.87
576.791	25749.79
576.995	24912.17
577.199	25157.93
577.403	25461.03
577.607	25889.06
577.811	25286.95
578.015	25528.61
578.219	26216.73
578.422	25923.87
578.626	25678.11
578.83	25704.74
579.034	26466.58
579.238	26153.24
579.442	25180.46
579.645	26106.14
579.849	26272.03
580.053	26450.2
580.257	25614.63
580.46	25839.9
580.664	26310.94
580.868	26239.26
581.071	25760.03
581.275	25872.67
581.479	26018.08
581.682	26292.51
581.886	25596.2
582.09	26179.87
582.293	26960.14
582.497	26915.09
582.7	25991.45
582.904	25962.78
583.107	26542.36
583.311	26452.25
583.515	26194.2
583.718	26310.94
583.922	27146.51
584.125	27736.32
584.329	25948.45
584.532	26384.66
584.735	27291.91
584.939	26886.42
585.142	26124.57
585.346	25970.97
585.549	27003.15
585.753	27412.74
585.956	26401.05
586.159	26841.36
586.363	27363.59
586.566	27037.97
586.769	26487.06
586.973	26427.67
587.176	27156.75
587.379	27552.01
587.582	27486.47
587.786	26898.7
587.989	27425.03
588.192	28780.79
588.395	27087.12
588.599	27328.78
588.802	27513.09
589.005	27672.84
589.208	27318.54
589.411	27197.71
589.615	27558.15
589.818	28350.71
590.021	28088.57
590.224	27255.05
590.427	28449.02
590.63	28332.28
590.833	26972.43
591.036	27566.34
591.239	28223.74
591.442	28107.01
591.645	28094.72
591.848	27615.49
592.051	27963.65
592.254	27953.41
592.457	28066.05
592.66	28129.53
592.863	28412.15
593.066	28557.56
593.269	27629.83
593.472	27814.15
593.675	28625.14
593.878	28674.29
594.081	28137.73
594.284	28211.45
594.486	28809.46
594.689	28547.32
594.892	28059.9
595.095	28133.63
595.298	28918
595.5	28768.5
595.703	28797.17
595.906	28485.88
596.109	29182.19
596.311	28895.47
596.514	28076.29
596.717	28801.27
596.92	29663.46
597.122	29470.95
597.325	28223.74
597.528	28281.08
597.73	29786.34
597.933	29602.02
598.136	28924.15
598.338	28553.46
598.541	29524.2
598.743	30142.69
598.946	28971.25
599.148	29096.17
599.351	29890.79
599.554	29970.66
599.756	28950.77
599.959	29163.76
600.161	30048.48
600.363	30243.04
600.566	29479.14
600.768	29298.92
600.971	30099.68
601.173	29575.4
601.376	29810.92
601.578	29415.66
601.78	29956.32
601.983	30791.89
602.185	29161.71
602.388	29894.88
602.59	30087.39
602.792	29939.94
602.995	29640.93
603.197	29491.43
603.399	30484.7
603.601	30380.25
603.804	29739.24
604.006	29513.96
604.208	29821.16
604.41	30091.49
604.613	29673.7
604.815	29339.88
605.017	30279.9
605.219	29954.27
605.421	30578.9
605.623	29941.99
605.826	30787.8
606.028	30611.67
606.23	29501.67
606.432	29360.36
606.634	30484.7
606.836	30525.66
607.038	29593.83
607.24	30099.68
607.442	30859.48
607.644	30572.76
607.846	30089.44
608.048	29786.34
608.25	30533.85
608.452	30499.03
608.654	30320.86
608.856	29450.47
609.058	30519.51
609.26	30677.21
609.462	29923.55
609.664	30191.84
609.866	30705.88
610.067	30300.38
610.269	30142.69
610.471	30040.29
610.673	30482.65
610.875	30638.3
611.077	29849.83
611.278	30079.2
611.48	30646.49
611.682	30953.68
611.884	30075.1
612.085	30130.4
612.287	30728.41
612.489	30466.27
612.69	30200.03
612.892	30216.41
613.094	31318.22
613.295	30300.38
613.497	30134.49
613.699	30300.38
613.9	31090.9
614.102	31160.53
614.304	30189.79
614.505	30175.45
614.707	30501.08
614.908	31258.83
615.11	30105.82
615.311	30705.88
615.513	31439.05
615.714	31037.65
615.916	30513.37
616.117	30705.88
616.319	30824.66
616.52	31252.69
616.722	30222.56
616.923	30400.73
617.124	31262.93
617.326	30906.58
617.527	30613.72
617.729	30734.55
617.93	31230.16
618.131	31498.44
618.333	30650.58
618.534	30761.17
618.735	31320.27
618.937	31473.87
619.138	30052.58
619.339	30288.09
619.54	31348.94
619.742	31297.74
619.943	30742.74
620.144	30576.86
620.345	31568.07
620.546	31035.6
620.748	31049.94
620.949	30853.33
621.15	31748.29
621.351	31221.97
621.552	30671.06
621.753	30882
621.954	31869.12
622.155	31920.32
622.356	30994.64
622.558	31162.58
622.759	32141.5
622.96	31905.99
623.161	30863.57
623.362	30525.66
623.563	31572.17
623.764	31115.47
623.965	30775.51
624.166	31113.42
624.366	30707.93
624.567	31514.83
624.768	30779.6
624.969	30619.86
625.17	31189.2
625.371	31279.31
625.572	31213.77
625.773	30400.73
625.973	31420.62
626.174	31707.33
626.375	31156.43
626.576	31291.6
626.777	31828.17
626.977	31828.17
627.178	31494.35
627.379	31453.39
627.58	31635.66
627.78	31471.82
627.981	31414.48
628.182	31662.28
628.382	31707.33
628.583	31772.87
628.784	31420.62
628.984	31496.39
629.185	31875.27
629.386	31797.45
629.586	31428.81
629.787	31287.5
629.987	32276.67
630.188	32125.12
630.388	31400.14
630.589	31324.36
630.79	32592.06
630.99	31781.06
631.191	31271.12
631.391	31815.88
631.591	32075.97
631.792	31865.03
631.992	31617.22
632.193	31510.73
632.393	32073.92
632.594	31822.02
632.794	31068.37
632.994	31465.67
633.195	31781.06
633.395	31721.67
633.595	31549.64
633.796	32000.19
633.996	32336.06
634.196	32608.44
634.397	31711.43
634.597	31455.43
634.797	31934.66
634.997	32452.8
635.198	31940.8
635.398	31486.15
635.598	32491.71
635.798	32313.53
635.998	32121.02
636.199	31230.16
636.399	31916.23
636.599	31844.55
636.799	31535.31
636.999	31883.46
637.199	31944.9
637.399	32561.34
637.599	32221.38
637.799	32026.82
637.999	32549.05
638.199	32960.69
638.399	32479.42
638.599	31901.89
638.799	32682.17
638.999	33015.99
639.199	32166.08
639.399	32047.3
639.599	32336.06
639.799	32532.67
639.999	31516.87
640.199	32184.51
640.399	32555.19
640.599	32186.56
640.799	32667.83
640.998	32458.94
641.198	32731.32
641.398	32776.37
641.598	32510.14
641.798	32331.97
641.997	33884.33
642.197	32297.15
642.397	32694.46
642.597	32446.65
642.796	33204.4
642.996	33036.47
643.196	33007.79
643.395	32426.17
643.595	32786.61
643.795	32985.27
643.994	32811.19
644.194	32473.28
644.394	33765.54
644.593	33517.74
644.793	32553.15
644.992	32817.33
645.192	33251.5
645.392	32882.87
645.591	33194.16
645.791	32944.31
645.99	33880.23
646.19	32843.96
646.389	32710.84
646.589	32936.12
646.788	33319.09
646.987	33425.58
647.187	33712.3
647.386	33058.99
647.586	33042.61
647.785	33730.73
647.984	32585.91
648.184	33097.91
648.383	32854.2
648.582	32624.82
648.782	32897.2
648.981	33024.18
649.18	33089.71
649.38	33351.85
649.579	33212.59
649.778	32884.92
649.977	33714.34
650.177	33790.12
650.376	32528.57
650.575	32975.03
650.774	33530.03
650.973	33609.9
651.173	32463.04
651.372	33286.32
651.571	33493.16
651.77	33964.2
651.969	32831.67
652.168	33292.46
652.367	33065.14
652.566	33401
652.765	33319.09
652.964	33880.23
653.163	33902.76
653.362	33652.91
653.561	33239.22
653.76	33384.62
653.959	33509.55
654.158	34136.23
654.357	33237.17
654.556	32825.53
654.755	33826.98
654.954	34232.48
655.153	32929.97
655.352	33564.84
655.551	34234.53
655.749	34052.26
655.948	33657
656.147	33573.03
656.346	34054.31
656.545	34068.64
656.743	33265.84
656.942	33226.93
657.141	33327.28
657.34	33321.13
657.538	32903.35
657.737	33376.43
657.936	34166.95
658.135	33894.57
658.333	33642.67
658.532	33493.16
658.731	34193.57
658.929	34320.54
659.128	33609.9
659.326	33573.03
659.525	34285.73
659.724	33999.01
659.922	33550.51
660.121	33829.03
660.319	33949.86
660.518	33898.66
660.716	33839.27
660.915	33869.99
661.113	35045.52
661.312	34017.44
661.51	33857.7
661.709	33679.53
661.907	34527.39
662.105	34283.68
662.304	33788.07
662.502	33824.93
662.701	34793.62
662.899	34056.35
663.097	34726.04
663.296	33869.99
663.494	34984.08
663.692	34654.36
663.891	33761.45
664.089	33290.41
664.287	34336.93
664.485	34334.88
664.684	34236.58
664.882	34269.34
665.08	34332.83
665.278	34461.85
665.476	34007.2
665.675	33929.38
665.873	34664.6
666.071	34992.28
666.269	33943.72
666.467	34443.42
666.665	34427.04
666.863	34445.47
667.061	34381.98
667.259	34459.8
667.457	34433.18
667.655	34588.83
667.853	33953.96
668.051	34013.35
668.249	33818.79
668.447	34478.24
668.645	33530.03
668.843	34298.02
669.041	34912.41
669.239	34214.05
669.437	34322.59
669.635	34496.67
669.833	34605.21
670.031	34468
670.229	34205.86
670.426	34597.02
670.624	34283.68
670.822	34468
671.02	33749.16
671.218	34080.93
671.415	33808.55
671.613	34097.31
671.811	34246.82
672.009	33853.61
672.206	34437.28
672.404	34242.72
672.602	33845.41
672.799	33978.53
672.997	35066
673.195	34551.96
673.392	33822.89
673.59	33425.58
673.788	34359.45
673.985	33728.68
674.183	33878.18
674.38	34173.09
674.578	34248.86
674.775	34064.55
674.973	33644.71
675.17	33517.74
675.368	33894.57
675.565	33966.24
675.763	33738.92
675.96	33497.26
676.158	34060.45
676.355	33902.76
676.553	33464.49
676.75	33611.95
676.947	33976.48
677.145	33575.08
677.342	33495.21
677.539	33882.28
677.737	34330.78
677.934	33704.1
678.131	33722.54
678.329	33609.9
678.526	34664.6
678.723	34250.91
678.92	33607.85
679.118	33394.86
679.315	33749.16
679.512	34402.46
679.709	33767.59
679.906	33421.48
680.104	34046.12
680.301	33908.9
680.498	33247.41
680.695	33628.33
680.892	34173.09
681.089	34125.99
681.286	33700.01
681.483	32583.87
681.68	33171.63
681.877	33861.8
682.075	33392.81
682.272	33372.33
682.469	33773.74
682.665	33697.96
682.862	32929.97
683.059	32843.96
683.256	33255.6
683.453	33403.05
683.65	32721.08
683.847	33298.61
684.044	33403.05
684.241	33403.05
684.438	33499.31
684.635	32618.68
684.831	34412.7
685.028	33640.62
685.225	32829.62
685.422	33403.05
685.619	33153.2
685.815	33015.99
686.012	33235.12
686.209	32739.51
686.405	32848.05
686.602	33337.52
686.799	32620.73
686.996	32938.16
687.192	33040.56
687.389	33749.16
687.586	32598.2
687.782	32737.46
687.979	33947.81
688.175	33464.49
688.372	32753.85
688.568	32893.11
688.765	33013.94
688.962	33114.29
689.158	32757.94
689.355	32211.14
689.551	33001.65
689.748	32987.32
689.944	32598.2
690.14	32286.91
690.337	32870.58
690.533	33601.71
690.73	32567.48
690.926	32477.37
691.123	32563.39
691.319	32925.88
691.515	32356.54
691.712	32567.48
691.908	32864.44
692.104	32991.41
692.301	32692.41
692.497	32692.41
692.693	33110.19
692.889	33130.67
693.086	32319.68
693.282	32485.56
693.478	33310.89
693.674	33169.58
693.87	32532.67
694.067	32381.12
694.263	33263.79
694.459	32991.41
694.655	32798.9
694.851	32653.5
695.047	33226.93
695.243	32950.45
695.439	32417.98
695.635	32104.64
695.831	32698.55
696.027	32436.41
696.224	32108.74
696.42	32606.39
696.615	33001.65
696.811	32665.78
697.007	31398.09
697.203	32159.94
697.399	32526.52
697.595	32741.56
697.791	31963.33
697.987	32020.67
698.183	32354.49
698.379	32194.75
698.575	31815.88
698.77	32069.83
698.966	32133.31
699.162	32426.17
699.358	31809.73
699.554	31981.76
699.749	32698.55
699.945	32585.91
700.141	32067.78
700.337	32182.46
700.532	32381.12
700.728	32000.19
700.924	31314.12
701.119	31535.31
701.315	32325.82
701.511	31854.79
701.706	31897.8
701.902	31025.36
702.097	31848.64
702.293	31903.94
702.489	31312.08
702.684	31350.99
702.88	31770.82
703.075	31748.29
703.271	31340.75
703.466	31154.38
703.662	31797.45
703.857	31957.19
704.053	31844.55
704.248	31344.84
704.443	32403.64
704.639	32233.66
704.834	31596.74
705.03	31459.53
705.225	32092.35
705.42	31959.24
705.616	31791.3
705.811	31525.07
706.006	32016.58
706.202	31817.93
706.397	32057.54
706.592	31457.48
706.787	32219.33
706.983	31836.36
707.178	32213.18
707.373	31299.79
707.568	31535.31
707.763	31531.21
707.959	30931.15
708.154	31480.01
708.349	31557.83
708.544	31789.25
708.739	31021.27
708.934	31164.62
709.129	31623.37
709.324	31453.39
709.519	30927.06
709.714	30839
709.909	31361.23
710.104	31400.14
710.299	30572.76
710.494	31125.71
710.689	31453.39
710.884	31420.62
711.079	30705.88
711.274	31185.1
711.469	31514.83
711.664	31445.19
711.859	31051.98
712.054	30765.27
712.249	31561.93
712.443	31320.27
712.638	30732.5
712.833	30681.3
713.028	31242.45
713.223	30806.23
713.417	31201.49
713.612	30660.82
713.807	31504.59
714.002	31934.66
714.196	30927.06
714.391	30890.2
714.586	31363.28
714.78	31699.14
714.975	30593.24
715.17	30791.89
715.364	31461.58
715.559	31541.45
715.754	30234.85
715.948	30095.58
716.143	31443.15
716.337	30658.77
716.532	31021.27
716.726	30752.98
716.921	31082.7
717.115	31357.13
717.31	30351.58
717.504	31496.39
717.699	31166.67
717.893	30978.26
718.088	30058.72
718.282	30118.11
718.476	30990.55
718.671	31170.77
718.865	30382.3
719.059	30218.46
719.254	30804.18
719.448	31115.47
719.642	33046.71
719.837	29855.97
720.031	32516.28
720.225	30968.02
720.419	30439.64
720.614	29944.03
720.808	30513.37
721.002	30318.81
721.196	29845.73
721.39	29757.67
721.585	30294.24
721.779	30499.03
721.973	30150.88
722.167	29505.77
722.361	30200.03
722.555	30572.76
722.749	29913.31
722.943	29931.75
723.137	29960.42
723.331	30294.24
723.525	29606.12
723.719	29649.13
723.913	30671.06
724.107	30791.89
724.301	29882.59
724.495	29796.58
724.689	30841.04
724.883	30288.09
725.077	29432.04
725.271	29763.81
725.465	30333.15
725.659	30071.01
725.853	29440.23
726.046	29120.75
726.24	29372.65
726.434	30163.17
726.628	29667.56
726.822	29602.02
727.015	30378.2
727.209	30851.28
727.403	29786.34
727.596	29393.13
727.79	30349.53
727.984	30396.63
728.177	29984.99
728.371	29827.3
728.565	30220.51
728.758	30132.45
728.952	29454.57
729.146	29520.1
729.339	30531.8
729.533	30148.83
729.726	29993.18
729.92	29622.5
730.113	30447.83
730.307	30101.73
730.5	29561.06
730.694	29569.26
730.887	30064.86
731.081	30531.8
731.274	29724.9
731.468	29620.45
731.661	29995.23
731.854	30210.27
732.048	29620.45
732.241	29513.96
732.435	29815.01
732.628	29546.73
732.821	29872.35
733.014	29245.68
733.208	29759.72
733.401	30177.5
733.594	29503.72
733.788	29894.88
733.981	29761.76
734.174	30068.96
734.367	29059.31
734.56	29366.51
734.754	30380.25
734.947	29860.07
735.14	28983.54
735.333	29446.38
735.526	30290.14
735.719	29489.38
735.912	28987.63
736.105	29325.55
736.298	29860.07
736.491	29497.58
736.684	28702.96
736.877	28958.96
737.07	29714.66
737.263	30230.75
737.456	29149.42
737.649	28807.41
737.842	29530.34
738.035	29298.92
738.228	28776.69
738.421	29102.32
738.614	30048.48
738.807	30126.3
739	28688.63
739.192	28430.58
739.385	29284.59
739.578	29395.18
739.771	29534.44
739.964	28774.64
740.156	29653.22
740.349	29620.45
740.542	29610.21
740.735	28825.84
740.927	29368.55
741.12	29491.43
741.313	28901.62
741.505	29673.7
741.698	29378.79
741.891	29614.31
742.083	29153.52
742.276	28846.32
742.468	29202.67
742.661	29413.61
742.854	28737.78
743.046	28621.05
743.239	29432.04
743.431	29745.38
743.624	28561.65
743.816	28272.89
744.009	28903.67
744.201	29010.16
744.393	28625.14
744.586	28365.05
744.778	28862.71
744.971	28803.32
745.163	28434.68
745.355	28668.15
745.548	28930.29
745.74	28913.91
745.932	28915.95
746.125	28575.99
746.317	29303.02
746.509	28842.23
746.702	28754.16
746.894	28489.98
747.086	29159.66
747.278	29423.85
747.471	28369.15
747.663	28831.99
747.855	29100.27
748.047	29511.91
748.239	28760.31
748.431	28754.16
748.623	29739.24
748.815	29141.23
749.008	28354.81
749.2	28555.51
749.392	29098.22
749.584	29262.06
749.776	28666.1
749.968	28850.42
750.16	29116.65
750.352	28619
750.544	28752.12
750.736	28428.54
750.928	28752.12
751.12	28868.85
751.311	28123.39
751.503	28705.01
751.695	28713.2
751.887	29094.13
752.079	28078.33
752.271	27920.64
752.463	29772
752.654	28958.96
752.846	28166.4
753.038	28047.61
753.23	28354.81
753.421	28600.57
753.613	27990.27
753.805	29057.26
753.997	28692.72
754.188	28508.41
754.38	27750.66
754.572	28092.67
754.763	28291.32
754.955	28283.13
755.146	28434.68
755.338	27824.39
755.53	28422.39
755.721	28246.27
755.913	27406.6
756.104	27562.25
756.296	28367.1
756.487	28467.45
756.679	27568.39
756.87	27494.66
757.062	28178.68
757.253	28477.69
757.445	27588.87
757.636	28096.77
757.827	28281.08
758.019	28815.6
758.21	27685.12
758.401	27502.85
758.593	28627.19
758.784	28324.09
758.975	26829.07
759.167	27355.4
759.358	27764.99
759.549	28264.7
759.74	27199.76
759.932	27410.7
760.123	27767.04
760.314	27572.49
760.505	27046.16
760.696	26859.79
760.888	27627.78
761.079	27715.84
761.27	26759.44
761.461	26765.59
761.652	27908.35
761.843	27343.11
762.034	27078.93
762.225	27441.42
762.416	27515.14
762.607	27005.2
762.798	26683.67
762.989	26530.07
763.18	28354.81
763.371	27148.56
763.562	26609.94
763.753	26634.52
763.944	27152.65
764.135	26992.91
764.326	26784.02
764.517	26384.66
764.708	27242.76
764.899	27412.74
765.089	25831.71
765.28	25940.25
765.471	26611.99
765.662	26898.7
765.853	26235.16
766.043	26323.22
766.234	26829.07
766.425	27009.29
766.615	26251.55
766.806	26276.12
766.997	26831.12
767.187	26646.8
767.378	26087.71
767.569	25633.06
767.759	26386.71
767.95	26259.74
768.141	26657.04
768.331	25981.21
768.522	26892.56
768.712	26798.35
768.903	25819.42
769.093	26292.51
769.284	26097.95
769.474	26241.31
769.665	25225.51
769.855	25368.87
770.046	26446.1
770.236	25866.53
770.426	25893.15
770.617	25692.45
770.807	25669.92
770.998	25860.38
771.188	25583.91
771.378	25463.08
771.569	26145.05
771.759	25823.52
771.949	25082.16
772.139	25215.27
772.33	25680.16
772.52	25852.19
772.71	25393.45
772.9	25202.99
773.09	25592.1
773.281	26306.84
773.471	25114.92
773.661	24822.06
773.851	25524.52
774.041	25456.93
774.231	25213.23
774.421	25647.4
774.611	25334.06
774.802	24920.37
774.992	24600.88
775.182	24731.95
775.372	25368.87
775.562	25321.77
775.752	24531.25
775.942	24461.62
776.131	25465.13
776.321	25159.98
776.511	24500.53
776.701	24324.41
776.891	25301.29
777.081	25186.6
777.271	24850.74
777.461	24731.95
777.651	25127.21
777.84	25215.27
778.03	24432.95
778.22	24439.09
778.41	25043.24
778.599	25426.21
778.789	24594.74
778.979	24420.66
779.169	24863.02
779.358	24846.64
779.548	24457.53
779.738	23996.73
779.927	24674.61
780.117	24367.41
780.307	24027.45
780.496	23832.9
780.686	24830.26
780.875	25362.73
781.065	23914.81
781.254	24039.74
781.444	24777.01
781.633	24486.2
781.823	23710.02
782.012	24183.1
782.202	24660.27
782.391	24291.64
782.581	23910.72
782.77	24267.06
782.96	24641.84
783.149	24148.28
783.338	23771.46
783.528	23789.89
783.717	24250.68
783.906	24992.05
784.096	23427.4
784.285	23593.28
784.474	23892.29
784.663	23738.69
784.853	23134.54
785.042	23298.38
785.231	23669.06
785.42	24193.34
785.61	23851.33
785.799	23238.98
785.988	24246.58
786.177	23202.12
786.366	22896.97
786.555	23501.12
786.744	23800.13
786.933	23480.64
787.122	22866.25
787.312	22974.8
787.501	23298.38
787.69	23593.28
787.879	23042.38
788.068	22896.97
788.257	23214.41
788.445	23519.56
788.634	22856.01
788.823	22800.72
789.012	24031.55
789.201	23658.82
789.39	22880.59
789.579	22339.93
789.768	23265.61
789.957	23361.86
790.145	22772.05
790.334	22649.17
790.523	22874.45
790.712	23136.59
790.9	22843.73
791.089	22436.18
791.278	23122.25
791.467	23183.69
791.655	23195.98
791.844	22964.56
792.033	22872.4
792.221	22964.56
792.41	22557.01
792.599	21897.56
792.787	22520.15
792.976	22995.28
793.164	22190.42
793.353	22204.76
793.541	22870.35
793.73	22954.32
793.918	22337.88
794.107	22307.16
794.295	22788.43
794.484	22536.53
794.672	21891.42
794.861	22055.26
795.049	22665.55
795.238	22546.77
795.426	21629.28
795.614	21932.38
795.803	22544.72
795.991	22923.6
796.179	21703.01
796.368	21836.13
796.556	22827.34
796.744	22298.97
796.932	21881.18
797.121	21643.62
797.309	22370.65
797.497	22530.39
797.685	21918.04
797.874	21815.65
798.062	22516.05
798.25	22227.29
798.438	21547.36
798.626	21959
798.814	22464.85
799.002	22452.56
799.19	21967.2
799.378	21680.48
799.566	22188.38
799.755	22344.02
799.943	21817.69
800.131	21934.43
800.318	22311.25
800.506	22186.33
800.694	21293.41
800.882	21594.47
801.07	22561.11
801.258	22294.87
801.446	21846.37
801.634	21465.44
801.822	21748.06
802.01	22210.9
802.197	21924.19
802.385	21979.48
802.573	22309.21
802.761	22301.01
802.949	21789.02
803.136	21148.01
803.324	22305.11
803.512	22356.31
803.699	21844.32
803.887	21803.36
804.075	22270.29
804.262	22331.73
804.45	21401.96
804.638	22049.11
804.825	21948.76
805.013	22004.06
805.201	21815.65
805.388	21649.76
805.576	22329.69
805.763	22731.09
805.951	21698.91
806.138	21963.1
806.326	22923.6
806.513	22333.78
806.701	22053.21
806.888	21895.52
807.075	23079.24
807.263	22942.03
807.45	21940.57
807.638	22221.14
807.825	23030.09
808.012	22757.71
808.2	22057.31
808.387	22567.25
808.574	22798.67
808.761	22712.66
808.949	21993.82
809.136	22002.01
809.323	22194.52
809.51	22788.43
809.698	22591.83
809.885	22458.71
810.072	23087.43
810.259	22991.18
810.446	22116.7
810.633	22092.12
810.82	22737.23
811.008	23007.56
811.195	22303.06
811.382	22315.35
811.569	23169.35
811.756	22419.8
811.943	22081.88
812.13	22231.38
812.317	22815.05
812.504	22198.62
812.691	22339.93
812.878	22053.21
813.064	22681.94
813.251	22475.09
813.438	21735.77
813.625	21999.96
813.812	22440.28
813.999	22473.04
814.186	22264.15
814.372	21803.36
814.559	22739.28
814.746	23011.66
814.933	21930.33
815.12	22325.59
815.306	22597.97
815.493	22190.42
815.68	21889.37
815.866	21741.92
816.053	22677.84
816.24	22518.1
816.426	22061.4
816.613	21786.97
816.799	22694.22
816.986	22835.53
817.173	21791.07
817.359	21727.58
817.546	22595.92
817.732	22141.27
817.919	21870.94
818.105	22098.27
818.292	22712.66
818.478	22626.64
818.665	22239.58
818.851	22223.19
819.037	23245.13
819.224	22714.7
819.41	21782.88
819.597	21719.39
819.783	23220.55
819.969	22653.26
820.156	22116.7
820.342	21916
820.528	24080.7
820.714	22518.1
820.901	22008.15
821.087	21510.5
821.273	22511.96
821.459	22528.34
821.646	21490.02
821.832	21473.63
822.018	22331.73
822.204	21834.08
822.39	21455.2
822.576	21530.98
822.762	21956.96
822.948	21748.06
823.134	21535.07
823.32	21219.69
823.507	21829.98
823.693	22094.17
823.879	22067.55
824.065	21350.76
824.25	22231.38
824.436	22010.2
824.622	21399.91
824.808	21285.22
824.994	21829.98
825.18	21721.44
825.366	21293.41
825.552	21041.51
825.738	22071.64
825.923	22116.7
826.109	21877.08
826.295	21330.28
826.481	21731.68
826.667	21932.38
826.852	21655.9
827.038	21264.74
827.224	22049.11
827.409	22008.15
827.595	20922.73
827.781	21500.26
827.966	22217.05
828.152	21899.61
828.338	21125.48
828.523	20578.67
828.709	21510.5
828.894	21567.84
829.08	20533.62
829.266	20752.75
829.451	21186.92
829.637	21438.82
829.822	20816.24
830.008	20392.31
830.193	21346.66
830.378	21367.14
830.564	20771.18
830.749	20576.62
830.935	20885.87
831.12	20773.23
831.305	20396.4
831.491	20590.96
831.676	20724.08
831.861	20744.56
832.047	20218.23
832.232	20287.86
832.417	21090.66
832.602	21268.84
832.788	20443.51
832.973	20316.53
833.158	20705.65
833.343	20650.35
833.528	20402.55
833.714	20582.77
833.899	20373.88
834.084	21234.02
834.269	20527.47
834.454	19990.91
834.639	20754.8
834.824	20896.11
835.009	20205.94
835.194	20652.4
835.379	21209.45
835.564	21090.66
835.749	20525.43
835.934	19743.1
836.119	20091.26
836.304	20664.69
836.489	19784.06
836.674	20160.89
836.859	20040.06
837.044	20701.55
837.228	19730.81
837.413	19585.41
837.598	20414.84
837.783	20439.41
837.968	19722.62
838.152	19806.59
838.337	19777.92
838.522	20633.97
838.707	20365.68
838.891	19818.88
839.076	20232.57
839.261	20435.31
839.445	20130.17
839.63	20060.54
839.815	20603.25
839.999	20021.63
840.184	19497.35
840.368	19642.75
840.553	20322.68
840.737	20224.37
840.922	19239.3
841.106	19386.75
841.291	19968.38
841.475	19902.84
841.66	19206.53
841.844	19306.88
842.029	20459.89
842.213	19634.56
842.397	19370.37
842.582	18952.59
842.766	19890.56
842.951	19796.35
843.135	19108.23
843.319	18958.73
843.504	19935.61
843.688	20318.58
843.872	18821.52
844.056	19188.1
844.241	19865.98
844.425	19671.42
844.609	18919.82
844.793	18864.52
844.977	19450.24
845.161	19298.69
845.346	18755.98
845.53	18287
845.714	19132.81
845.898	19646.85
846.082	18426.26
846.266	18596.24
846.45	19126.66
846.634	19356.04
846.818	18391.44
847.002	18733.45
847.186	19368.32
847.37	18667.92
847.554	18155.93
847.738	18837.9
847.922	18907.53
848.106	19243.4
848.29	18362.77
848.473	18661.77
848.657	19261.83
848.841	18966.92
849.025	18489.74
849.209	18256.28
849.392	19251.59
849.576	18753.93
849.76	18059.67
849.944	18772.36
850.127	18993.54
850.311	18878.86
850.495	18108.82
850.678	17736.09
850.862	18833.8
851.046	18899.34
851.229	18305.43
851.413	17998.23
851.596	18973.07
851.78	18434.45
851.964	18057.62
852.147	18061.72
852.331	19061.13
852.514	18833.8
852.698	17987.99
852.881	17803.67
853.065	18248.08
853.248	17965.46
853.431	18057.62
853.615	17721.76
853.798	19227.01
853.982	18504.08
854.165	17912.22
854.348	17535.39
854.532	18049.43
854.715	18043.29
854.898	17400.23
855.081	17488.29
855.265	18545.04
855.448	18608.53
855.631	17011.11
855.814	17289.63
855.997	17928.6
856.181	17820.06
856.364	17342.88
856.547	17146.28
856.73	18086.29
856.913	17553.82
857.096	17062.31
857.279	17478.05
857.462	17678.75
857.645	17834.39
857.828	17054.12
858.011	17303.97
858.194	17430.94
858.377	17598.88
858.56	16935.34
858.743	17095.08
858.926	17242.53
859.109	17400.23
859.292	16871.85
859.475	16665
859.658	17705.37
859.841	17465.76
860.023	16648.62
860.206	16724.4
860.389	17330.59
860.572	17373.6
860.755	16538.03
860.937	16810.41
861.12	17035.69
861.303	17420.7
861.486	16691.63
861.668	16404.91
861.851	17101.22
862.034	17238.44
862.216	17004.97
862.399	16322.99
862.581	16951.72
862.764	17119.65
862.947	16374.19
863.129	15997.37
863.312	16554.41
863.494	16800.17
863.677	16705.96
863.859	15909.3
864.042	16456.11
864.224	16505.26
864.406	15962.55
864.589	15536.57
864.771	16542.13
864.954	16181.68
865.136	15849.91
865.318	15413.7
865.501	16845.23
865.683	16019.89
865.865	15946.17
866.048	15471.04
866.23	16538.03
866.412	16161.2
866.594	15585.72
866.777	15702.46
866.959	16361.9
867.141	16130.48
867.323	16052.66
867.505	16134.58
867.687	16239.03
867.869	16271.79
868.052	15585.72
868.234	15385.02
868.416	16179.64
868.598	16495.02
868.78	15737.27
868.962	15741.37
869.144	15956.41
869.326	16040.37
869.508	15559.1
869.69	15423.94
869.872	15759.8
870.054	16644.52
870.236	15385.02
870.417	15309.25
870.599	15778.23
870.781	16640.43
870.963	15630.78
871.145	15495.61
871.327	15925.69
871.508	16243.12
871.69	15540.67
871.872	15327.68
872.054	15970.74
872.235	15892.92
872.417	15589.82
872.599	15112.64
872.78	16562.61
872.962	15735.23
873.144	14881.22
873.325	15464.89
873.507	16097.72
873.689	15925.69
873.87	15106.5
874.052	15794.62
874.233	15911.35
874.415	16378.29
874.596	15538.62
874.778	15129.03
874.959	15798.71
875.141	16503.21
875.322	15458.75
875.503	15184.32
875.685	16177.59
875.866	15724.99
876.048	15235.52
876.229	15245.76
876.41	15708.6
876.592	15966.65
876.773	15434.18
876.954	15163.84
877.136	16382.38
877.317	15753.66
877.498	15120.84
877.679	15942.07
877.86	15884.73
878.042	16034.23
878.223	15262.15
878.404	16247.22
878.585	16062.9
878.766	16546.22
878.947	15815.1
879.128	15411.65
879.309	15897.02
879.49	16230.83
879.672	15679.93
879.853	15352.26
880.034	15927.74
880.215	16329.14
880.396	15327.68
880.576	15608.25
880.757	15911.35
880.938	16687.53
881.119	15704.51
881.3	15471.04
881.481	16003.51
881.662	17195.43
881.843	15499.71
882.023	15800.76
882.204	16613.81
882.385	16085.43
882.566	15706.56
882.747	15770.04
882.927	16511.41
883.108	16669.1
883.289	16017.85
883.469	16236.98
883.65	16394.67
883.831	16587.18
884.011	16437.68
884.192	16017.85
884.373	16802.22
884.553	16619.95
884.734	16241.07
884.914	16542.13
885.095	17873.31
885.275	17007.02
885.456	16253.36
885.636	15913.4
885.817	16497.07
885.997	16910.76
886.178	15964.6
886.358	15948.22
886.538	16617.9
886.719	18346.39
886.899	15862.2
887.08	16028.09
887.26	16945.58
887.44	16415.15
887.621	16142.77
887.801	16509.36
887.981	17435.04
888.161	17234.34
888.342	16388.53
888.522	16423.34
888.702	17338.79
888.882	17066.41
889.062	16650.67
889.242	16333.23
889.423	17017.26
889.603	17193.38
889.783	16593.33
889.963	16357.81
890.143	17144.23
890.323	17357.22
890.503	16419.25
890.683	16538.03
890.863	16884.14
891.043	16966.06
891.223	16980.39
891.403	16687.53
891.583	16976.3
891.763	17084.84
891.943	16351.67
892.122	16533.93
892.302	17043.88
892.482	16820.65
892.662	16615.85
892.842	16073.14
893.022	16787.88
893.201	16779.69
893.381	16261.55
893.561	16179.64
893.741	16877.99
893.92	16482.74
894.1	16509.36
894.28	16214.45
894.459	16880.04
894.639	16912.81
894.819	16175.54
894.998	16060.85
895.178	16523.69
895.357	16595.37
895.537	16026.04
895.716	15862.2
895.896	16468.4
896.075	17142.18
896.255	15970.74
896.434	15606.2
896.614	16964.01
896.793	16472.5
896.973	16036.28
897.152	15849.91
897.331	16224.69
897.511	16505.26
897.69	15518.14
897.87	15915.45
898.049	16476.59
898.228	16372.14
898.407	15751.61
898.587	16071.09
898.766	15923.64
898.945	16269.75
899.124	16079.29
899.304	15614.4
899.483	16185.78
899.662	16243.12
899.841	15622.59
900.02	15544.77
900.199	16091.57
900.378	16112.05
900.557	15071.68
900.737	15096.26
900.916	15557.05
901.095	15645.12
901.274	15532.48
901.453	14930.37
901.632	15473.09
901.811	15352.26
901.989	14819.78
902.168	15108.55
902.347	15796.67
902.526	15178.18
902.705	14631.37
902.884	14875.08
903.063	15622.59
903.242	15403.46
903.42	14514.64
903.599	14991.81
903.778	15008.2
903.957	15196.61
904.135	14528.97
904.314	14168.53
904.493	14655.95
904.672	14606.8
904.85	14510.54
905.029	14535.12
905.207	14582.22
905.386	15184.32
905.565	13752.79
905.743	13713.88
905.922	14227.92
906.1	14385.62
906.279	13240.8
906.457	13335.01
906.636	14014.93
906.814	13840.86
906.993	13318.62
907.171	13335.01
907.35	13951.45
907.528	14432.72
907.707	13781.46
907.885	13124.07
908.063	13910.49
908.242	13666.78
908.42	13390.3
908.598	12874.21
908.777	13646.3
908.955	13408.73
909.133	13257.18
909.311	12753.38
909.49	13607.39
909.668	13384.16
909.846	12943.85
910.024	12954.08
910.202	13875.67
910.38	13949.4
910.559	13052.39
910.737	13208.03
910.915	13652.44
911.093	13976.02
911.271	13453.79
911.449	13664.73
911.627	13980.12
911.805	14590.41
911.983	13601.24
912.161	13320.67
912.339	13793.75
912.517	14090.71
912.695	13517.28
912.872	13488.6
913.05	13918.68
913.228	13928.92
913.406	13578.72
913.584	13205.99
913.762	14402
913.939	14105.04
914.117	13605.34
914.295	13425.12
914.473	13881.81
914.65	14481.87
914.828	13038.05
915.006	13492.7
915.184	13820.38
915.361	13984.21
915.539	13478.36
915.716	13593.05
915.894	13693.4
916.072	14240.21
916.249	13687.26
916.427	13636.06
916.604	13996.5
916.782	14072.28
916.959	13359.58
917.137	13382.11
917.314	13834.71
917.492	13689.31
917.669	13386.21
917.847	13507.04
918.024	13836.76
918.201	13605.34
918.379	13265.38
918.556	13109.73
918.733	13922.77
918.911	13560.28
919.088	13429.21
919.265	12993
919.442	13568.48
919.62	13836.76
919.797	13212.13
919.974	13076.96
920.151	14109.14
920.328	13443.55
920.506	13101.54
920.683	13482.46
920.86	13312.48
921.037	13429.21
921.214	13070.82
921.391	12556.78
921.568	13378.01
921.745	13011.43
921.922	12571.11
922.099	12409.33
922.276	13031.91
922.453	13117.92
922.63	12435.95
922.807	13173.22
922.984	13140.45
923.161	12794.34
923.338	12988.9
923.514	12401.13
923.691	13265.38
923.868	13355.49
924.045	12648.94
924.222	12296.69
924.399	12591.59
924.575	12753.38
924.752	12251.63
924.929	12272.11
925.105	12493.29
925.282	12435.95
925.459	12255.73
925.635	12370.41
925.812	12648.94
925.989	12329.45
926.165	12022.26
926.342	11594.23
926.518	12081.65
926.695	12134.9
926.871	11414.01
927.048	11573.75
927.224	12528.11
927.401	11917.81
927.577	11747.83
927.754	11385.34
927.93	12405.23
928.107	12110.32
928.283	11385.34
928.459	11651.58
928.636	12026.36
928.812	11913.72
928.988	11256.32
929.165	11170.3
929.341	11835.89
929.517	11809.27
929.693	11807.22
929.87	10942.98
930.046	11690.49
930.222	11450.88
930.398	10959.36
930.574	11143.68
930.751	11475.45
930.927	11461.12
931.103	11014.66
931.279	11033.09
931.455	11158.02
931.631	11295.23
931.807	10629.64
931.983	10400.27
932.159	10662.41
932.335	10701.32
932.511	10455.56
932.687	10238.48
932.863	10527.24
933.039	10652.17
933.215	10041.87
933.391	9548.31
933.566	9943.57
933.742	10320.4
933.918	9781.78
934.094	9538.07
934.27	10078.74
934.445	9904.66
934.621	9800.21
934.797	9527.83
934.973	9845.27
935.148	9558.55
935.324	8995.36
935.5	9038.37
935.675	9413.15
935.851	9484.83
936.027	9157.15
936.202	8837.67
936.378	9275.93
936.553	8780.32
936.729	9290.27
936.904	8366.64
937.08	8426.03
937.255	8432.17
937.431	7932.47
937.606	7850.55
937.782	8063.54
937.957	8278.57
938.133	7563.83
938.308	7264.83
938.483	7873.07
938.659	7461.43
938.834	7264.83
939.009	6855.23
939.185	7637.56
939.36	6990.4
939.535	6380.11
939.71	6949.44
939.886	7352.89
940.061	6982.21
940.236	7244.35
940.411	6543.94
940.586	6871.62
940.761	6949.44
940.937	6408.78
941.112	6058.57
941.287	6677.06
941.462	6412.87
941.637	5988.94
941.812	5993.04
941.987	6218.32
942.162	6216.27
942.337	6085.2
942.512	5864.02
942.687	6681.16
942.862	6320.71
943.037	5634.64
943.212	5376.6
943.386	5907.02
943.561	6351.43
943.736	6072.91
943.911	6431.3
944.086	6474.31
944.26	6236.75
944.435	5784.15
944.61	6105.68
944.785	6222.41
944.959	6832.71
945.134	5702.23
945.309	5610.07
945.483	5909.07
945.658	6226.51
945.833	5448.28
946.007	5554.77
946.182	6562.37
946.357	5864.02
946.531	5483.09
946.706	5804.63
946.88	5775.95
947.055	6308.43
947.229	5694.04
947.404	5589.59
947.578	6214.22
947.752	6210.12
947.927	5782.1
948.101	5847.63
948.276	6572.61
948.45	6459.98
948.624	6367.82
948.799	5968.46
948.973	6421.06
949.147	6111.82
949.321	5982.8
949.496	6195.79
949.67	6885.95
949.844	6249.04
950.018	6058.57
950.193	6036.05
950.367	7141.95
950.541	6449.74
950.715	6189.64
950.889	6333
951.063	6371.91
951.237	6683.2
951.411	5892.69
951.585	6060.62
951.759	6920.77
951.933	6756.93
952.107	6220.36
952.281	6554.18
952.455	6928.96
952.629	6732.36
952.803	6339.15
952.977	6109.77
953.151	6963.78
953.325	6552.13
953.499	6433.35
953.672	6160.97
953.846	6662.73
954.02	6826.56
954.194	6431.3
954.368	6314.57
954.541	7090.75
954.715	6840.9
954.889	6738.5
955.062	6064.72
955.236	6511.18
955.41	6892.1
955.583	6640.2
955.757	6259.28
955.93	6871.62
956.104	6822.47
956.278	6451.78
956.451	6644.29
956.625	6994.5
956.798	7324.22
956.972	7150.14
957.145	6560.33
957.319	7453.24
957.492	7088.7
957.665	6974.02
957.839	6494.79
958.012	7033.41
958.185	7037.5
958.359	6502.98
958.532	6879.81
958.705	7162.43
958.879	6857.28
959.052	6785.6
959.225	6386.25
959.398	7004.74
959.572	6992.45
959.745	6455.88
959.918	6595.14
960.091	7037.5
960.264	7219.77
960.438	6496.84
960.611	6404.68
960.784	7213.63
960.957	6769.22
961.13	7113.28
961.303	6496.84
961.476	6857.28
961.649	7328.31
961.822	6431.3
961.995	6527.56
962.168	6847.04
962.341	7117.37
962.514	6416.97
962.686	6421.06
962.859	6851.14
963.032	7076.41
963.205	6494.79
963.378	6269.51
963.551	6935.1
963.723	6767.17
963.896	6486.6
964.069	6697.54
964.242	6986.3
964.414	7481.91
964.587	6720.07
964.76	6410.82
964.932	7047.74
965.105	6855.23
965.278	6453.83
965.45	6298.19
965.623	7053.89
965.795	7199.29
965.968	6468.17
966.14	6371.91
966.313	6842.95
966.485	6918.72
966.658	6300.23
966.83	6470.22
967.003	7189.05
967.175	6883.91
967.348	6236.75
967.52	6287.95
967.692	7402.04
967.865	7012.93
968.037	6441.54
968.209	6623.81
968.382	6773.32
968.554	6920.77
968.726	6269.51
968.898	6304.33
969.071	7070.27
969.243	6668.87
969.415	6146.64
969.587	6515.27
969.759	6918.72
969.932	6847.04
970.104	6337.1
970.276	5651.03
970.448	6642.25
970.62	6586.95
970.792	6380.11
970.964	6214.22
971.136	7113.28
971.308	6593.09
971.48	6003.28
971.652	6324.81
971.824	6861.38
971.996	6560.33
972.168	6386.25
972.339	6445.64
972.511	6615.62
972.683	6769.22
972.855	6437.45
973.027	6105.68
973.199	6978.11
973.37	6857.28
973.542	6451.78
973.714	6310.47
973.886	6357.58
974.057	6677.06
974.229	6027.85
974.401	5892.69
974.572	6318.67
974.744	6251.08
974.915	5878.35
975.087	5808.72
975.259	6699.59
975.43	6197.84
975.602	5812.82
975.773	5724.76
975.945	6077.01
976.116	6232.65
976.288	5624.4
976.459	5966.42
976.63	6068.81
976.802	6068.81
976.973	5569.11
977.145	5880.4
977.316	6675.01
977.487	6758.98
977.659	5868.11
977.83	5657.17
978.001	6443.59
978.172	6117.97
978.344	5552.73
978.515	5919.31
978.686	5982.8
978.857	6502.98
979.028	5565.01
979.2	5630.55
979.371	6421.06
979.542	5847.63
979.713	5929.55
979.884	5182.04
980.055	6056.53
980.226	6101.58
980.397	5651.03
980.568	5321.31
980.739	6031.95
980.91	5585.49
981.081	5749.33
981.252	5626.45
981.423	5868.11
981.594	5767.76
981.765	5296.73
981.936	5712.47
982.106	5706.32
982.277	6251.08
982.448	5034.59
982.619	5401.18
982.79	5313.11
982.96	5657.17
983.131	5384.79
983.302	4876.9
983.472	5556.82
983.643	5489.24
983.814	5341.79
983.984	5157.47
984.155	5411.42
984.326	5597.78
984.496	5159.52
984.667	5132.89
984.837	4780.64
985.008	5749.33
985.178	5438.04
985.349	5102.17
985.519	5157.47
985.69	5155.42
985.86	4864.61
986.031	4848.22
986.201	5544.53
986.371	5372.5
986.542	4655.72
986.712	4743.78
986.882	5370.46
987.053	5380.7
987.223	4727.39
987.393	5253.72
987.563	5370.46
987.734	5597.78
987.904	5696.08
988.074	4754.02
988.244	5141.08
988.414	5255.77
988.585	4553.32
988.755	4891.23
988.925	5157.47
989.095	5376.6
989.265	4491.88
989.435	4770.4
989.605	5243.48
989.775	5358.17
989.945	5087.84
990.115	4594.28
990.285	5016.16
990.455	5212.76
990.625	4995.68
990.795	4469.35
990.965	5282.39
991.134	4688.48
991.304	4416.1
991.474	4479.59
991.644	4911.71
991.814	5194.33
991.984	4100.72
992.153	4325.99
992.323	4620.9
992.493	4770.4
992.662	4123.24
992.832	4416.1
993.002	4506.21
993.171	5075.55
993.341	3971.69
993.511	4248.17
993.68	4524.65
993.85	4848.22
994.019	4078.19
994.189	4039.28
994.358	4573.8
994.528	4559.46
994.697	3832.43
994.867	4039.28
995.036	4643.43
995.206	4229.74
995.375	3818.1
995.544	4463.21
995.714	4833.89
995.883	4405.86
996.052	4285.03
996.222	3414.65
996.391	4721.25
996.56	4442.73
996.73	3846.77
996.899	3566.2
997.068	4692.58
997.237	4340.33
997.406	3617.4
997.576	3670.64
997.745	4618.85
997.914	4239.98
998.083	3553.91
998.252	3723.89
998.421	4272.75
998.59	4067.95
998.759	3543.67
998.928	3414.65
999.097	4424.3
999.266	4156.01
999.435	3824.24
999.604	3246.71
999.773	4366.95
999.942	4141.68
1000.111	3189.37
1000.28	3248.76
1000.448	3895.92
1000.617	3736.18
1000.786	3693.17
1000.955	3213.95
1001.124	4217.45
1001.292	4485.73
1001.461	3564.15
1001.63	3299.96
1001.798	4123.24
1001.967	4020.85
1002.136	3099.26
1002.304	3201.66
1002.473	4018.8
1002.642	3738.23
1002.81	3316.34
1002.979	3295.86
1003.147	4125.29
1003.316	4133.48
1003.484	3172.99
1003.653	3187.32
1003.821	3881.58
1003.99	3629.68
1004.158	3431.03
1004.327	3381.88
1004.495	3684.98
1004.663	3680.88
1004.832	3504.76
1005	3027.58
1005.168	3723.89
1005.337	3383.93
1005.505	2861.7
1005.673	3381.88
1005.842	3791.47
1006.01	3412.6
1006.178	2949.76
1006.346	3003
1006.514	3367.54
1006.683	3940.97
1006.851	2894.46
1007.019	3215.99
1007.187	3256.95
1007.355	2953.85
1007.523	2687.62
1007.691	2701.95
1007.859	3031.68
1008.027	3832.43
1008.195	2589.32
1008.363	2538.12
1008.531	3138.17
1008.699	3371.64
1008.867	2538.12
1009.035	2656.9
1009.203	3541.62
1009.37	3308.15
1009.538	2628.23
1009.706	3388.02
1009.874	3287.67
1010.042	3302.01
1010.209	2560.64
1010.377	2333.32
1010.545	3340.92
1010.713	3097.21
1010.88	2335.37
1011.048	2595.46
1011.216	2962.05
1011.383	3392.12
1011.551	2429.57
1011.718	2228.87
1011.886	3033.72
1012.054	3142.27
1012.221	2183.82
1012.389	2353.8
1012.556	3013.24
1012.724	3222.14
1012.891	2558.6
1013.058	2114.19
1013.226	2996.86
1013.393	2978.43
1013.561	2087.56
1013.728	2097.8
1013.895	3181.18
1014.063	2863.74
1014.23	2081.42
1014.397	2144.91
1014.565	2998.91
1014.732	2626.18
1014.899	2087.56
1015.066	1923.73
1015.233	2988.67
1015.401	2828.93
1015.568	2103.95
1015.735	2390.66
1015.902	2876.03
1016.069	2980.48
1016.236	2079.37
1016.403	1933.97
1016.57	2441.86
1016.737	3119.74
1016.904	2095.75
1017.071	1899.15
1017.238	2415.24
1017.405	2726.53
1017.572	2095.75
1017.739	2364.04
1017.906	3134.07
1018.073	2957.95
1018.24	1837.71
1018.407	2081.42
1018.573	2656.9
1018.74	2583.17
1018.907	2032.27
1019.074	1702.54
1019.241	2554.5
1019.407	2486.92
1019.574	1899.15
1019.741	1792.66
1019.907	2767.49
1020.074	2996.86
1020.241	1497.75
1020.407	1653.39
1020.574	2321.03
1020.74	2351.75
1020.907	1682.07
1021.073	1675.92
1021.24	2904.7
1021.406	2531.97
1021.573	1559.19
1021.739	1647.25
1021.906	2660.99
1022.072	2187.91
1022.239	1723.02
1022.405	1757.84
1022.571	2298.5
1022.738	2120.33
1022.904	1690.26
1023.07	1811.09
1023.237	2101.9
1023.403	2419.33
1023.569	1581.71
1023.735	1510.04
1023.902	2349.7
1024.068	2267.78
1024.234	1284.76
1024.4	1522.32
1024.566	1913.49
1024.732	2112.14
1024.898	1503.89
1025.065	1243.8
1025.231	2048.65
1025.397	1858.19
1025.563	1479.32
1025.729	1378.97
1025.895	1589.91
1026.061	1790.61
1026.227	1145.5
1026.392	1495.7
1026.558	2155.15
1026.724	2243.21
1026.89	1364.63
1027.056	1497.75
1027.222	1843.85
1027.388	1915.53
1027.553	1299.09
1027.719	1303.19
1027.885	2376.33
1028.051	1911.44
1028.216	985.76
1028.382	1264.28
1028.548	1966.73
1028.713	1751.7
1028.879	1075.87
1029.045	1501.84
1029.21	2151.05
1029.376	1983.12
1029.541	1311.38
1029.707	1202.84
1029.873	1942.16
1030.038	2009.74
1030.204	1190.55
1030.369	1186.46
1030.534	1870.48
1030.7	1677.97
1030.865	1309.33
1031.031	1120.92
1031.196	1796.75
1031.361	1759.89
1031.527	1084.06
1031.692	1077.91
1031.857	1444.5
1032.023	1950.35
1032.188	1127.07
1032.353	1051.29
1032.518	1936.01
1032.684	1604.24
1032.849	848.54
1033.014	1256.09
1033.179	1655.44
1033.344	1784.46
1033.509	1145.5
1033.674	1051.29
1033.839	1817.23
1034.004	1739.41
1034.17	1149.59
1034.335	801.44
1034.5	1559.19
1034.664	1606.29
1034.829	948.89
1034.994	1073.82
1035.159	1317.53
1035.324	1708.69
1035.489	1077.91
1035.654	885.41
1035.819	2175.63
1035.984	1587.86
1036.148	1104.54
1036.313	944.8
1036.478	1759.89
1036.643	1409.69
1036.807	903.84
1036.972	914.08
1037.137	2067.08
1037.301	1454.74
1037.466	707.23
1037.631	1116.83
1037.795	1585.81
1037.96	1428.12
1038.124	1270.42
1038.289	783.01
1038.454	1401.49
1038.618	1692.3
1038.783	971.42
1038.947	1075.87
1039.111	1383.06
1039.276	1417.88
1039.44	746.14
1039.605	1694.35
1039.769	1415.83
1039.933	1331.86
1040.098	916.12
1040.262	1071.77
1040.426	1540.76
1040.591	1440.4
1040.755	817.82
1040.919	807.58
1041.083	1735.31
1041.248	1270.42
1041.412	383.65
1041.576	572.07
1041.74	1137.31
1041.904	1409.69
1042.068	703.14
1042.232	926.36
1042.397	1682.07
1042.561	1368.73
1042.725	363.17
1042.889	889.5
1043.053	1243.8
1043.217	1303.19
1043.381	828.06
1043.544	537.25
1043.708	1360.53
1043.872	1073.82
1044.036	297.64
1044.2	467.62
1044.364	1522.32
1044.528	1378.97
1044.691	5993.04
1044.855	531.11
1045.019	1360.53
1045.183	1450.64
1045.346	778.91
1045.51	428.71
1045.674	1426.07
1045.837	1325.72
1046.001	613.03
1046.165	699.04
1046.328	1768.08
1046.492	1139.35
1046.655	854.69
1046.819	645.79
1046.983	1235.61
1047.146	1028.76
1047.31	694.94
1047.473	334.5
1047.636	1071.77
1047.8	932.51
1047.963	776.86
1048.127	492.2
1048.29	879.26
