345.52	-1290.9
345.736	-1290.9
345.952	-1290.9
346.168	-1278.62
346.384	-1344.15
346.6	-187.05
346.816	-271.01
347.032	-139.94
347.248	576.84
347.464	-320.17
347.68	-305.83
347.896	-72.36
348.112	357.71
348.328	-150.18
348.544	27.99
348.76	245.07
348.975	238.93
349.191	-324.26
349.407	-393.89
349.623	189.78
349.839	103.76
350.055	-285.35
350.27	-10.92
350.486	154.96
350.702	257.36
350.918	335.18
351.133	11.61
351.349	187.73
351.565	503.12
351.781	-344.74
351.996	19.8
352.212	263.51
352.428	214.35
352.644	-266.92
352.859	-352.93
353.075	329.04
353.291	152.91
353.506	-180.9
353.722	-420.52
353.938	-98.99
354.153	484.69
354.369	294.22
354.584	-309.93
354.8	234.83
355.016	-111.27
355.231	-402.08
355.447	-41.64
355.662	392.53
355.878	798.03
356.093	-531.11
356.309	-19.11
356.524	-37.55
356.74	544.08
356.955	-303.78
357.171	-193.19
357.386	240.98
357.602	-131.75
357.817	-135.85
358.033	-238.25
358.248	363.86
358.464	343.38
358.679	-166.57
358.895	-373.41
359.11	161.11
359.325	138.58
359.541	492.88
359.756	-55.98
359.972	-162.47
360.187	544.08
360.402	-307.88
360.618	-252.58
360.833	1649.98
361.048	128.34
361.264	-139.94
361.479	21.84
361.694	275.79
361.909	302.42
362.125	-293.54
362.34	-170.66
362.555	357.71
362.77	200.02
362.986	-375.46
363.201	-283.3
363.416	308.56
363.631	19.8
363.847	-260.77
364.062	-264.87
364.277	152.91
364.492	-8.87
364.707	-219.82
364.922	-473.76
365.138	228.69
365.353	443.73
365.568	-426.66
365.783	-172.71
365.998	419.15
366.213	699.72
366.428	-316.07
366.643	189.78
366.858	372.05
367.073	261.46
367.288	-158.38
367.503	-295.59
367.718	-0.68
367.933	458.06
368.148	-238.25
368.363	-96.94
368.578	294.22
368.793	486.73
369.008	-166.57
369.223	-367.27
369.438	374.1
369.653	384.34
369.868	-443.04
370.083	-367.27
370.298	247.12
370.513	488.78
370.728	197.97
370.943	-287.4
371.157	17.75
371.372	771.4
371.587	-336.55
371.802	-369.32
372.017	148.82
372.232	505.17
372.446	-55.98
372.661	-332.45
372.876	154.96
373.091	326.99
373.306	-115.37
373.52	-430.76
373.735	48.47
373.95	642.38
374.165	-244.39
374.379	-277.16
374.594	-98.99
374.809	499.02
375.023	148.82
375.238	-252.58
375.453	376.14
375.667	15.7
375.882	-316.07
376.097	-250.53
376.311	60.76
376.526	394.58
376.741	-354.98
376.955	271.7
377.17	535.89
377.384	918.86
377.599	-53.93
377.813	-424.61
378.028	900.42
378.242	359.76
378.457	-88.75
378.672	-295.59
378.886	-17.07
379.101	216.4
379.315	-467.62
379.53	-182.95
379.744	402.77
379.958	296.27
380.173	-258.73
380.387	-301.73
380.602	306.51
380.816	-12.97
381.031	-111.27
381.245	-258.73
381.459	337.23
381.674	3331.36
381.888	-397.99
382.103	169.3
382.317	97.62
382.531	390.48
382.746	-119.46
382.96	-268.97
383.174	79.19
383.388	689.48
383.603	165.2
383.817	-434.85
384.031	154.96
384.246	572.75
384.46	146.77
384.674	841.03
384.888	23.89
385.103	378.19
385.317	-418.47
385.531	120.15
385.745	781.64
385.959	492.88
386.174	-189.1
386.388	-281.25
386.602	195.92
386.816	50.52
387.03	-170.66
387.244	-80.55
387.458	351.57
387.672	462.16
387.887	-406.18
388.101	-230.06
388.315	419.15
388.529	296.27
388.743	-180.9
388.957	-240.3
389.171	496.97
389.385	15.7
389.599	-324.26
389.813	7.51
390.027	169.3
390.241	822.6
390.455	-189.1
390.669	-72.36
390.883	204.11
391.097	628.04
391.311	144.72
391.525	-174.76
391.738	531.79
391.952	533.84
392.166	42.32
392.38	-340.65
392.594	494.93
392.808	462.16
393.022	-66.22
393.236	-58.03
393.449	238.93
393.663	562.51
393.877	-338.6
394.091	-62.12
394.305	159.06
394.518	159.06
394.732	-295.59
394.946	-88.75
395.16	757.07
395.373	324.94
395.587	-316.07
395.801	-234.15
396.015	488.78
396.228	367.95
396.442	-197.29
396.656	-451.24
396.869	447.82
397.083	742.73
397.297	7.51
397.51	-127.66
397.724	413.01
397.938	212.31
398.151	-383.65
398.365	-326.31
398.578	441.68
398.792	617.8
399.005	99.67
399.219	-207.53
399.433	304.46
399.646	507.21
399.86	159.06
400.073	173.39
400.287	341.33
400.5	394.58
400.714	163.15
400.927	3.41
401.141	552.27
401.354	1860.92
401.567	548.17
401.781	-322.21
401.994	345.42
402.208	783.69
402.421	-125.61
402.635	-160.42
402.848	73.04
403.061	568.65
403.275	103.76
403.488	-121.51
403.701	613.71
403.915	650.57
404.128	152.91
404.341	-113.32
404.555	714.06
404.768	89.43
404.981	238.93
405.195	-88.75
405.408	460.11
405.621	484.69
405.834	144.72
406.048	-125.61
406.261	630.09
406.474	513.36
406.687	-74.41
406.9	46.42
407.114	474.45
407.327	556.36
407.54	-246.44
407.753	-248.49
407.966	161.11
408.179	306.51
408.392	-103.08
408.605	-326.31
408.819	341.33
409.032	568.65
409.245	-12.97
409.458	255.31
409.671	466.25
409.884	447.82
410.097	-232.1
410.31	206.16
410.523	679.24
410.736	210.26
410.949	54.61
411.162	-103.08
411.375	552.27
411.588	490.83
411.801	249.17
412.014	-123.56
412.227	214.35
412.44	333.14
412.653	3.41
412.865	367.95
413.078	646.48
413.291	556.36
413.504	54.61
413.717	-178.86
413.93	619.85
414.143	142.68
414.356	89.43
414.568	-301.73
414.781	521.55
414.994	542.03
415.207	157.01
415.42	17.75
415.632	517.45
415.845	941.38
416.058	-197.29
416.271	-144.04
416.483	462.16
416.696	748.87
416.909	-64.17
417.121	-125.61
417.334	310.61
417.547	619.85
417.759	-55.98
417.972	-80.55
418.185	277.84
418.397	515.41
418.61	-66.22
418.823	-41.64
419.035	793.93
419.248	499.02
419.46	54.61
419.673	197.97
419.885	243.03
420.098	472.4
420.311	32.08
420.523	-318.12
420.736	630.09
420.948	419.15
421.161	42.32
421.373	-105.13
421.586	335.18
421.798	195.92
422.01	-275.11
422.223	251.22
422.435	175.44
422.648	712.01
422.86	-39.59
423.073	50.52
423.285	329.04
423.497	294.22
423.71	15.7
423.922	3.41
424.134	685.39
424.347	935.24
424.559	326.99
424.771	376.14
424.984	521.55
425.196	539.98
425.408	-154.28
425.621	-82.6
425.833	716.11
426.045	804.17
426.257	-152.23
426.47	210.26
426.682	408.91
426.894	435.53
427.106	19.8
427.318	224.59
427.531	453.97
427.743	574.8
427.955	124.24
428.167	828.74
428.379	406.86
428.591	355.66
428.804	169.3
429.016	126.29
429.228	531.79
429.44	609.61
429.652	13665.41
429.864	-90.79
430.076	501.07
430.288	613.71
430.5	275.79
430.712	290.13
430.924	607.56
431.136	675.15
431.348	30.04
431.56	177.49
431.772	402.77
431.984	367.95
432.196	-31.4
432.408	126.29
432.62	476.49
432.832	662.86
433.044	523.6
433.256	275.79
433.468	687.43
433.679	318.8
433.891	-80.55
434.103	425.29
434.315	957.77
434.527	709.96
434.739	355.66
434.95	261.46
435.162	562.51
435.374	195.92
435.586	255.31
435.798	208.21
436.009	478.54
436.221	462.16
436.433	240.98
436.645	191.83
436.856	494.93
437.068	990.53
437.28	154.96
437.491	609.61
437.703	818.5
437.915	722.25
438.126	122.2
438.338	609.61
438.55	427.34
438.761	554.32
438.973	326.99
439.184	183.63
439.396	591.18
439.608	683.34
439.819	171.35
440.031	306.51
440.242	781.64
440.454	802.12
440.665	216.4
440.877	468.3
441.088	886.09
441.3	748.87
441.511	7.51
441.723	214.35
441.934	1082.69
442.146	791.88
442.357	290.13
442.569	914.76
442.78	906.57
442.991	1365.31
443.203	793.93
443.414	279.89
443.626	1037.64
443.837	693.58
444.048	193.87
444.26	136.53
444.471	869.7
444.682	724.3
444.894	185.68
445.105	230.74
445.316	984.39
445.528	873.8
445.739	410.96
445.95	449.87
446.161	666.96
446.373	902.47
446.584	396.62
446.795	279.89
447.006	1097.03
447.217	1008.97
447.429	120.15
447.64	146.77
447.851	1727.8
448.062	920.9
448.273	183.63
448.484	331.09
448.695	892.23
448.907	859.46
449.118	501.07
449.329	695.63
449.54	722.25
449.751	744.78
449.962	322.9
450.173	193.87
450.384	812.36
450.595	1291.59
450.806	402.77
451.017	394.58
451.228	1123.65
451.439	912.71
451.65	474.45
451.861	66.9
452.072	826.7
452.283	965.96
452.494	626
452.705	320.85
452.915	1451.33
453.126	886.09
453.337	671.05
453.548	236.88
453.759	1207.62
453.97	1197.38
454.181	1017.16
454.391	443.73
454.602	984.39
454.813	1318.21
455.024	550.22
455.235	443.73
455.445	1209.67
455.656	1008.97
455.867	834.89
456.078	560.46
456.288	787.79
456.499	1117.51
456.71	453.97
456.921	810.31
457.131	998.73
457.342	968.01
457.553	662.86
457.763	560.46
457.974	1008.97
458.184	1107.27
458.395	419.15
458.606	400.72
458.816	1377.6
459.027	1459.52
459.237	816.46
459.448	511.31
459.659	1176.9
459.869	1998.13
460.08	415.05
460.29	775.5
460.501	1455.42
460.711	1154.37
460.922	316.75
461.132	546.12
461.343	1955.13
461.553	927.05
461.764	578.89
461.974	666.96
462.184	1424.7
462.395	1467.71
462.605	689.48
462.816	533.84
463.026	1434.94
463.236	1391.94
463.447	630.09
463.657	644.43
463.867	1508.67
464.078	1240.39
464.288	687.43
464.498	671.05
464.709	1328.45
464.919	1404.22
465.129	861.51
465.339	591.18
465.55	1248.58
465.76	1566.01
465.97	836.94
466.18	843.08
466.391	1639.74
466.601	1312.07
466.811	937.29
467.021	683.34
467.231	1670.46
467.441	1684.8
467.651	906.57
467.862	587.08
468.072	1471.81
468.282	1461.57
468.492	890.18
468.702	1137.99
468.912	1711.42
469.122	2381.1
469.332	1449.28
469.542	957.77
469.752	2127.16
469.962	1584.45
470.172	951.62
470.382	1076.55
470.592	1934.65
470.802	1672.51
471.012	1324.35
471.222	1154.37
471.432	1729.85
471.642	1994.04
471.852	1443.14
472.062	1035.59
472.272	1756.47
472.482	1570.11
472.691	1183.04
472.901	1109.32
473.111	1613.12
473.321	2268.47
473.531	1293.63
473.741	1502.53
473.95	2055.48
474.16	1944.89
474.37	1596.73
474.58	1303.87
474.79	2579.76
474.999	2030.9
475.209	1381.7
475.419	1445.18
475.628	1971.51
475.838	2450.74
476.048	1817.91
476.258	1252.67
476.467	2354.48
476.677	1981.75
476.886	2092.34
477.096	1795.39
477.306	2096.44
477.515	2383.15
477.725	1858.87
477.935	1985.85
478.144	2899.24
478.354	2166.07
478.563	1871.16
478.773	1613.12
478.982	2508.08
479.192	2575.66
479.401	1959.22
479.611	1946.94
479.82	2225.46
480.03	2465.07
480.239	1920.31
480.449	1797.43
480.658	2780.46
480.868	2725.16
481.077	2262.32
481.287	2018.61
481.496	2477.36
481.705	2800.94
481.915	2624.81
482.124	2510.13
482.333	2759.98
482.543	3140.9
482.752	2436.4
482.961	2204.98
483.171	2981.16
483.38	2688.3
483.589	2415.92
483.799	2391.34
484.008	2794.79
484.217	2854.19
484.426	2487.6
484.636	2241.84
484.845	3142.95
485.054	2759.98
485.263	3050.79
485.472	2491.7
485.682	3480.86
485.891	2977.06
486.1	2254.13
486.309	2700.59
486.518	3345.7
486.727	4087.06
486.936	2573.61
487.146	2911.53
487.355	3452.19
487.564	3044.65
487.773	2766.12
487.982	2719.02
488.191	3069.22
488.4	3568.93
488.609	2841.9
488.818	2891.05
489.027	3757.34
489.236	3796.25
489.445	2958.63
489.654	2692.4
489.863	3831.07
490.072	3312.93
490.281	3609.89
490.49	2987.3
490.698	3880.22
490.907	4201.75
491.116	3226.92
491.325	2989.35
491.534	3751.2
491.743	3497.25
491.952	3202.34
492.16	3386.66
492.369	4042.01
492.578	4220.18
492.787	3392.8
492.996	2950.44
493.204	3697.95
493.413	4238.61
493.622	3026.22
493.831	3091.75
494.039	4484.37
494.248	3644.7
494.457	3425.57
494.665	3169.57
494.874	4087.06
495.083	4609.3
495.291	3489.06
495.5	3456.29
495.709	4347.15
495.917	4078.87
496.126	3581.21
496.335	3448.1
496.543	4111.64
496.752	4277.52
496.96	4019.48
497.169	3423.52
497.377	4128.02
497.586	4240.66
497.794	3820.83
498.003	3355.94
498.211	4324.63
498.42	4359.44
498.628	3923.23
498.837	3550.5
499.045	4431.12
499.254	4211.99
499.462	3851.55
499.671	3802.4
499.879	5324.04
500.087	4523.28
500.296	3802.4
500.504	3892.51
500.713	4578.58
500.921	5139.72
501.129	3876.12
501.338	3833.11
501.546	4629.77
501.754	4574.48
501.962	4156.69
502.171	3794.2
502.379	4668.69
502.587	4728.08
502.795	4078.87
503.004	4064.54
503.212	4855.05
503.42	4836.62
503.628	4388.11
503.837	4418.83
504.045	4721.93
504.253	5381.38
504.461	4232.47
504.669	3941.66
504.877	5256.45
505.085	5174.53
505.294	3955.99
505.502	4570.38
505.71	5373.19
505.918	4816.14
506.126	4148.5
506.334	4189.46
506.542	4982.03
506.75	4971.79
506.958	4703.5
507.166	4420.88
507.374	4803.85
507.582	5463.3
507.79	4789.52
507.998	4424.98
508.206	5489.92
508.414	5217.54
508.622	4578.58
508.83	4701.45
509.037	5176.58
509.245	4789.52
509.453	4648.21
509.661	4205.85
509.869	5426.43
510.077	4963.59
510.285	4742.41
510.492	4242.71
510.7	5821.69
510.908	4998.41
511.116	4607.25
511.324	4531.47
511.531	5158.15
511.739	5455.11
511.947	4943.11
512.155	5274.88
512.362	5346.56
512.57	4963.59
512.778	4646.16
512.985	4508.94
513.193	5416.19
513.401	5610.75
513.608	4936.97
513.816	4869.39
514.024	5463.3
514.231	5721.34
514.439	4920.59
514.646	4871.43
514.854	5915.9
515.061	5637.38
515.269	4916.49
515.477	5010.7
515.684	5430.53
515.892	5657.85
516.099	4607.25
516.307	4754.7
516.514	6026.49
516.722	5881.08
516.929	5027.08
517.136	4908.3
517.344	5782.78
517.551	5973.24
517.759	5219.59
517.966	5250.31
518.173	5635.33
518.381	5850.36
518.588	5145.86
518.796	4863.24
519.003	6034.68
519.21	5979.39
519.418	5203.21
519.625	5786.88
519.832	5659.9
520.039	5868.8
520.247	5078.28
520.454	5520.64
520.661	6106.36
520.868	6012.15
521.076	5321.99
521.283	5360.9
521.49	6270.2
521.697	6186.23
521.904	5317.89
522.112	5457.15
522.319	6200.57
522.526	6280.44
522.733	5442.82
522.94	5541.12
523.147	6200.57
523.354	6061.3
523.561	5393.67
523.768	5668.09
523.975	6325.49
524.183	6092.02
524.39	5956.86
524.597	5424.39
524.804	6190.33
525.011	6147.32
525.218	5727.49
525.425	5494.02
525.632	6679.79
525.838	6098.17
526.045	5670.14
526.252	5821.69
526.459	7945.44
526.666	8017.11
526.873	5676.29
527.08	5833.98
527.287	6767.85
527.494	6536.43
527.701	5659.9
527.907	5756.16
528.114	6720.75
528.321	6593.78
528.528	5997.82
528.735	5852.41
528.941	6403.32
529.148	6372.6
529.355	6014.2
529.562	5854.46
529.768	7382.24
529.975	6440.18
530.182	6049.02
530.388	5889.28
530.595	6784.24
530.802	6296.82
531.008	6456.56
531.215	6225.14
531.422	7361.76
531.628	7415.01
531.835	6335.73
532.042	6337.78
532.248	6790.38
532.455	6784.24
532.661	6223.09
532.868	6139.13
533.074	7048.43
533.281	7202.02
533.487	6137.08
533.694	6145.27
533.9	6896.88
534.107	6808.81
534.313	6446.32
534.52	6040.83
534.726	6896.88
534.933	7617.76
535.139	6401.27
535.345	6147.32
535.552	7316.71
535.758	7468.26
535.965	6507.76
536.171	6415.6
536.377	7218.41
536.584	7628
536.79	6716.65
536.996	6749.42
537.203	7494.88
537.409	7488.74
537.615	6491.38
537.821	6939.88
538.028	7777.5
538.234	7470.31
538.44	6700.27
538.646	6667.5
538.853	7312.61
539.059	7109.86
539.265	7408.87
539.471	6509.81
539.677	7410.92
539.883	7183.59
540.09	8137.95
540.296	7277.8
540.502	7394.53
540.708	7357.67
540.914	7369.96
541.12	6995.18
541.326	7613.67
541.532	7544.03
541.738	7144.68
541.944	7044.33
542.15	7834.85
542.356	7501.03
542.562	6888.68
542.768	6984.94
542.974	8041.69
543.18	7912.67
543.386	7156.97
543.592	6626.54
543.798	8498.39
544.004	8045.79
544.21	6905.07
544.415	7191.78
544.621	8025.31
544.827	8398.04
545.033	7118.06
545.239	7730.4
545.445	7638.24
545.651	8013.02
545.856	7351.53
546.062	7275.75
546.268	7859.42
546.474	8041.69
546.679	7351.53
546.885	7429.35
547.091	7617.76
547.297	8340.69
547.502	7464.16
547.708	6999.27
547.914	7822.56
548.119	8324.31
548.325	7283.94
548.531	7126.25
548.736	8686.8
548.942	7963.87
549.147	7259.37
549.353	7789.79
549.559	8506.58
549.764	8305.88
549.97	7601.38
550.175	7507.17
550.381	8320.21
550.586	7972.06
550.792	7703.78
550.997	7546.08
551.203	8465.62
551.408	8479.96
551.614	7322.85
551.819	7591.14
552.025	8905.93
552.23	8293.59
552.435	7482.6
552.641	8021.21
552.846	8301.78
553.052	9075.91
553.257	7931.1
553.462	7797.98
553.668	8209.62
553.873	8502.48
554.078	7884
554.283	7830.75
554.489	8875.21
554.694	8451.28
554.899	7691.49
555.105	8252.63
555.31	8791.25
555.515	8463.57
555.72	8221.91
555.925	9108.68
556.131	8834.25
556.336	8533.2
556.541	8080.6
556.746	7949.53
556.951	9039.05
557.156	8801.49
557.361	8266.97
557.567	8406.23
557.772	8983.76
557.977	8891.6
558.182	8066.27
558.387	8213.72
558.592	8252.63
558.797	9362.63
559.002	8215.77
559.207	8420.56
559.412	8946.89
559.617	9299.14
559.822	8156.38
560.027	7873.76
560.232	8565.97
560.437	9000.14
560.642	7937.24
560.847	8195.29
561.051	8668.37
561.256	9180.36
561.461	8256.73
561.666	8004.83
561.871	8735.95
562.076	9163.98
562.281	8322.26
562.485	8209.62
562.69	9157.83
562.895	9106.63
563.1	8420.56
563.305	8361.17
563.509	9116.87
563.714	9440.45
563.919	8334.55
564.123	8410.32
564.328	8928.46
564.533	9282.76
564.737	8408.28
564.942	8314.07
565.147	9387.21
565.351	9303.24
565.556	8473.81
565.761	8660.18
565.965	9313.48
566.17	8996.04
566.374	8414.42
566.579	8490.2
566.784	9245.9
566.988	9110.73
567.193	8260.82
567.397	8690.9
567.602	8889.55
567.806	9176.27
568.011	8565.97
568.215	8586.45
568.42	9049.29
568.624	9340.1
568.828	8789.2
569.033	8887.5
569.237	9522.37
569.442	9618.63
569.646	8307.93
569.85	8649.94
570.055	9495.75
570.259	9526.47
570.463	9264.33
570.668	8692.94
570.872	9331.91
571.076	9487.56
571.281	8893.65
571.485	9012.43
571.689	9616.58
571.893	9768.13
572.098	9129.16
572.302	8850.64
572.506	9604.29
572.71	9819.33
572.914	8989.9
573.119	9065.67
573.323	9909.44
573.527	9960.64
573.731	8924.37
573.935	9065.67
574.139	9645.25
574.343	9422.02
574.547	8885.45
574.751	9217.22
574.955	9739.46
575.159	9876.67
575.364	9252.04
575.568	8838.35
575.772	9555.14
575.976	9831.62
576.18	9039.05
576.383	9059.53
576.587	10067.13
576.791	9716.93
576.995	9082.06
577.199	9016.52
577.403	9307.34
577.607	9866.43
577.811	9057.48
578.015	9293
578.219	9907.39
578.422	9960.64
578.626	9219.27
578.83	9585.86
579.034	10495.16
579.238	9938.11
579.442	9336.01
579.645	9960.64
579.849	9753.79
580.053	10255.54
580.257	9565.38
580.46	9491.65
580.664	10378.42
580.868	10204.35
581.071	9862.33
581.275	9635.01
581.479	9878.72
581.682	10321.08
581.886	9247.94
582.09	9774.27
582.293	10437.81
582.497	10376.38
582.7	9749.7
582.904	9540.8
583.107	10319.03
583.311	10175.67
583.515	9741.5
583.718	9616.58
583.922	10552.5
584.125	11183.27
584.329	9821.38
584.532	9868.48
584.735	10583.22
584.939	10300.6
585.142	9282.76
585.346	9544.9
585.549	10450.1
585.753	10400.95
585.956	9602.24
586.159	10233.02
586.363	10546.36
586.566	10484.92
586.769	9700.55
586.973	9712.83
587.176	10661.04
587.379	10394.81
587.582	10130.62
587.786	10142.91
587.989	10480.82
588.192	11746.47
588.395	10196.15
588.599	10765.49
588.802	10712.24
589.005	10886.32
589.208	10013.88
589.411	10173.63
589.615	10605.75
589.818	11019.44
590.021	10484.92
590.224	10235.07
590.427	11150.51
590.63	10882.22
590.833	10040.51
591.036	10063.04
591.239	10808.5
591.442	10613.94
591.645	10671.28
591.848	10294.46
592.051	10656.95
592.254	10880.18
592.457	10343.61
592.66	10435.77
592.863	11070.64
593.066	11363.5
593.269	10161.34
593.472	10319.03
593.675	10874.03
593.878	10824.88
594.081	10550.45
594.284	10271.93
594.486	10996.91
594.689	10980.53
594.892	10437.81
595.095	10509.49
595.298	11048.11
595.5	10722.48
595.703	10546.36
595.906	10675.38
596.109	11293.86
596.311	11123.88
596.514	10230.97
596.717	10831.02
596.92	11568.29
597.122	11517.09
597.325	10409.14
597.528	10255.54
597.73	11707.55
597.933	11400.36
598.136	10841.26
598.338	10319.03
598.541	11642.02
598.743	11791.52
598.946	10706.1
599.148	10665.14
599.351	11312.3
599.554	11533.48
599.756	10994.86
599.959	10849.46
600.161	11549.86
600.363	11947.17
600.566	11220.14
600.768	10816.69
600.971	11398.31
601.173	11549.86
601.376	10953.9
601.578	11093.16
601.78	11386.02
601.983	12176.54
602.185	10962.09
602.388	11316.39
602.59	11605.16
602.792	11340.97
602.995	11289.77
603.197	11017.39
603.399	11848.86
603.601	12180.64
603.804	10976.43
604.006	10806.45
604.208	11424.93
604.41	11273.39
604.613	11330.73
604.815	11228.33
605.017	11990.17
605.219	11545.77
605.421	11793.57
605.623	11394.22
605.826	12147.87
606.028	12233.88
606.23	11113.64
606.432	11119.79
606.634	11941.02
606.836	11766.95
607.038	10990.77
607.24	10972.33
607.442	11822.24
607.644	11748.51
607.846	11295.91
608.048	11009.2
608.25	12223.64
608.452	11662.5
608.654	11154.6
608.856	11009.2
609.058	11627.68
609.26	12106.91
609.462	11386.02
609.664	11295.91
609.866	12186.78
610.067	11848.86
610.269	11332.78
610.471	11181.23
610.673	11701.41
610.875	12207.26
611.077	11052.2
611.278	11398.31
611.48	11781.28
611.682	12242.07
611.884	11701.41
612.085	11334.82
612.287	11758.75
612.489	11723.94
612.69	11058.35
612.892	11437.22
613.094	12330.14
613.295	11834.53
613.497	11377.83
613.699	11613.35
613.9	12235.93
614.102	12002.46
614.304	11316.39
614.505	11232.43
614.707	11867.3
614.908	12242.07
615.11	10923.18
615.311	11627.68
615.513	12117.15
615.714	11988.13
615.916	11199.66
616.117	11478.18
616.319	12098.72
616.52	12061.85
616.722	11226.28
616.923	11181.23
617.124	12358.81
617.326	11949.22
617.527	11412.65
617.729	11678.88
617.93	12098.72
618.131	12297.37
618.333	11377.83
618.534	11510.95
618.735	12074.14
618.937	12610.71
619.138	11408.55
619.339	11295.91
619.54	12209.31
619.742	11914.4
619.943	11758.75
620.144	11527.33
620.345	12518.55
620.546	12065.95
620.748	11664.55
620.949	11752.61
621.15	12043.42
621.351	12188.83
621.552	11345.06
621.753	11332.78
621.954	11920.54
622.155	12696.72
622.356	11535.53
622.558	11852.96
622.759	12426.39
622.96	12633.24
623.161	11584.68
623.362	11447.46
623.563	12258.46
623.764	12260.51
623.965	11648.16
624.166	11984.03
624.366	11959.45
624.567	12242.07
624.768	11297.96
624.969	11412.65
625.17	11947.17
625.371	12115.1
625.572	11838.62
625.773	11623.59
625.973	12563.61
626.174	12725.4
626.375	11631.78
626.576	11916.45
626.777	12510.36
626.977	12645.52
627.178	12078.24
627.379	11918.5
627.58	12346.52
627.78	12211.35
627.981	11670.69
628.182	12098.72
628.382	12461.21
628.583	12016.8
628.784	11517.09
628.984	12115.1
629.185	12647.57
629.386	12631.19
629.586	11836.58
629.787	11895.97
629.987	12235.93
630.188	12549.27
630.388	11871.39
630.589	12399.77
630.79	12889.23
630.99	12483.73
631.191	11998.37
631.391	12182.68
631.591	12395.67
631.792	12387.48
631.992	12283.03
632.193	12033.18
632.393	12752.02
632.594	12319.9
632.794	11895.97
632.994	12098.72
633.195	12096.67
633.395	12328.09
633.595	11754.66
633.796	12033.18
633.996	12565.65
634.196	12733.59
634.397	11801.76
634.597	12121.24
634.797	12377.24
634.997	12557.46
635.198	12240.03
635.398	11797.67
635.598	12713.11
635.798	12784.79
635.998	12473.49
636.199	11779.23
636.399	12428.44
636.599	12364.95
636.799	11990.17
636.999	12786.83
637.199	12588.18
637.399	13044.88
637.599	11945.12
637.799	12172.44
637.999	12672.15
638.199	12922
638.399	12610.71
638.599	12205.21
638.799	12803.22
638.999	13286.54
639.199	12356.76
639.399	12301.47
639.599	12913.81
639.799	12582.04
639.999	12207.26
640.199	12244.12
640.399	12754.07
640.599	12860.56
640.799	12518.55
640.998	12461.21
641.198	12737.68
641.398	12694.68
641.598	12549.27
641.798	12539.03
641.997	13878.4
642.197	12735.64
642.397	12645.52
642.597	12584.09
642.796	12944.53
642.996	12770.45
643.196	12874.9
643.395	12102.81
643.595	12774.55
643.795	12496.02
643.994	12311.71
644.194	12444.82
644.394	13425.8
644.593	13548.68
644.793	12496.02
644.992	12651.67
645.192	13327.5
645.392	12905.62
645.591	12709.01
645.791	12709.01
645.99	13128.84
646.19	12799.12
646.389	12311.71
646.589	12481.69
646.788	12795.03
646.987	12950.67
647.187	12922
647.386	12862.61
647.586	12909.71
647.785	13266.06
647.984	12541.08
648.184	12962.96
648.383	12835.99
648.582	12620.95
648.782	12246.17
648.981	12661.91
649.18	12491.93
649.38	12823.7
649.579	12649.62
649.778	12553.37
649.977	13356.17
650.177	13368.46
650.376	12530.84
650.575	12518.55
650.774	13347.98
650.973	13089.93
651.173	12334.23
651.372	12995.73
651.571	12954.77
651.77	13411.46
651.969	12602.52
652.168	12995.73
652.367	12846.23
652.566	13038.73
652.765	12465.3
652.964	13171.85
653.163	13603.97
653.362	12965.01
653.561	12520.6
653.76	12627.09
653.959	13292.68
654.158	13474.95
654.357	13278.35
654.556	12586.13
654.755	13458.57
654.954	13229.2
655.153	12809.36
655.352	13175.95
655.551	13419.66
655.749	13298.83
655.948	12864.66
656.147	13001.87
656.346	13173.9
656.545	13339.79
656.743	12758.16
656.942	12729.49
657.141	13270.15
657.34	13225.1
657.538	12762.26
657.737	12971.15
657.936	13347.98
658.135	13163.66
658.333	12702.87
658.532	13376.65
658.731	13599.88
658.929	13462.66
659.128	13354.12
659.326	12819.6
659.525	13812.87
659.724	13556.87
659.922	12653.72
660.121	12833.94
660.319	13098.13
660.518	13214.86
660.716	12723.35
660.915	12885.14
661.113	13679.75
661.312	13243.53
661.51	13231.24
661.709	13012.11
661.907	13270.15
662.105	13683.84
662.304	12692.63
662.502	13118.61
662.701	13640.84
662.899	13292.68
663.097	13728.9
663.296	12940.43
663.494	13733
663.692	13769.86
663.891	12721.3
664.089	12749.97
664.287	13339.79
664.485	13511.82
664.684	12637.33
664.882	13083.79
665.08	13632.65
665.278	13606.02
665.476	12846.23
665.675	13286.54
665.873	13796.48
666.071	13776
666.269	12958.86
666.467	13419.66
666.665	13786.24
666.863	13483.14
667.061	13163.66
667.259	13051.02
667.457	13440.14
667.655	13606.02
667.853	12790.93
668.051	13360.27
668.249	13425.8
668.447	13626.5
668.645	12952.72
668.843	13358.22
669.041	13270.15
669.239	13261.96
669.437	13118.61
669.635	13071.5
669.833	13407.37
670.031	13526.15
670.229	13190.28
670.426	13100.17
670.624	13415.56
670.822	13411.46
671.02	12932.24
671.218	13212.81
671.415	13356.17
671.613	13474.95
671.811	13053.07
672.009	12999.82
672.206	13966.46
672.404	13489.29
672.602	13151.37
672.799	13411.46
672.997	13804.67
673.195	13403.27
673.392	13522.05
673.59	12954.77
673.788	13683.84
673.985	13055.12
674.183	13051.02
674.38	12962.96
674.578	13380.75
674.775	13116.56
674.973	12551.32
675.17	12856.47
675.368	13522.05
675.565	13335.69
675.763	12981.39
675.96	13134.99
676.158	13345.93
676.355	13059.21
676.553	12692.63
676.75	12934.29
676.947	13165.71
677.145	13171.85
677.342	12864.66
677.539	13028.49
677.737	13225.1
677.934	13569.16
678.131	13151.37
678.329	12717.2
678.526	13892.74
678.723	13356.17
678.92	12967.06
679.118	12876.94
679.315	13139.08
679.512	13499.53
679.709	12915.86
679.906	13014.16
680.104	13565.06
680.301	13282.44
680.498	12547.22
680.695	12897.42
680.892	13231.24
681.089	13266.06
681.286	13032.59
681.483	12405.91
681.68	13018.25
681.877	13530.25
682.075	12897.42
682.272	12922
682.469	13085.84
682.665	13325.45
682.862	12631.19
683.059	12840.08
683.256	13073.55
683.453	13124.75
683.65	12883.09
683.847	13108.37
684.044	13343.88
684.241	13098.13
684.438	12999.82
684.635	12389.53
684.831	13587.59
685.028	13501.58
685.225	12668.05
685.422	12842.13
685.619	13442.18
685.815	12833.94
686.012	12835.99
686.209	12629.14
686.405	12868.75
686.602	13089.93
686.799	12326.04
686.996	12612.76
687.192	13124.75
687.389	13917.31
687.586	12561.56
687.782	12711.06
687.979	13661.32
688.175	13327.5
688.372	12694.68
688.568	12653.72
688.765	12844.18
688.962	13214.86
689.158	12919.95
689.355	12436.63
689.551	13091.98
689.748	13313.16
689.944	12676.24
690.14	12393.62
690.337	13044.88
690.533	13163.66
690.73	12821.65
690.926	12715.16
691.123	12799.12
691.319	13366.41
691.515	12481.69
691.712	12885.14
691.908	12696.72
692.104	12942.48
692.301	12627.09
692.497	12106.91
692.693	13132.94
692.889	12928.14
693.086	12651.67
693.282	12049.57
693.478	12801.17
693.674	13470.86
693.87	12557.46
694.067	12450.97
694.263	13087.89
694.459	12782.74
694.655	12985.49
694.851	12561.56
695.047	13079.69
695.243	13126.8
695.439	12242.07
695.635	12375.19
695.831	12801.17
696.027	12731.54
696.224	12192.92
696.42	12823.7
696.615	13098.13
696.811	13116.56
697.007	12336.28
697.203	12825.75
697.399	12878.99
697.595	13083.79
697.791	12098.72
697.987	12590.23
698.183	12735.64
698.379	12512.41
698.575	12262.55
698.77	12291.23
698.966	12936.34
699.162	12950.67
699.358	12006.56
699.554	12383.38
699.749	12838.03
699.945	12831.89
700.141	12520.6
700.337	12487.83
700.532	12381.34
700.728	12444.82
700.924	12098.72
701.119	11861.15
701.315	12688.53
701.511	12430.49
701.706	12362.9
701.902	12117.15
702.097	12694.68
702.293	12557.46
702.489	12209.31
702.684	12299.42
702.88	13085.84
703.075	12442.78
703.271	12287.13
703.466	11918.5
703.662	12479.64
703.857	12422.3
704.053	12070.05
704.248	12463.26
704.443	12922
704.639	12815.51
704.834	12414.1
705.03	12342.42
705.225	12614.8
705.42	12731.54
705.616	12389.53
705.811	12051.61
706.006	12631.19
706.202	12442.78
706.397	12186.78
706.592	11936.93
706.787	12883.09
706.983	12283.03
707.178	12448.92
707.373	12475.54
707.568	12577.94
707.763	12729.49
707.959	12205.21
708.154	12395.67
708.349	12651.67
708.544	12987.54
708.739	12569.75
708.934	11994.27
709.129	12659.86
709.324	13067.41
709.519	12035.23
709.714	11762.85
709.909	12577.94
710.104	12813.46
710.299	11930.78
710.494	12188.83
710.689	12590.23
710.884	12522.65
711.079	12121.24
711.274	12166.3
711.469	12522.65
711.664	12702.87
711.859	12317.85
712.054	12233.88
712.249	12653.72
712.443	12559.51
712.638	11852.96
712.833	11523.24
713.028	12231.83
713.223	12197.02
713.417	12526.74
713.612	12170.4
713.807	12549.27
714.002	13194.38
714.196	12186.78
714.391	11951.26
714.586	12510.36
714.78	12483.73
714.975	11771.04
715.17	11875.49
715.364	12166.3
715.559	12545.17
715.754	11506.85
715.948	11549.86
716.143	12819.6
716.337	12233.88
716.532	12307.61
716.726	11994.27
716.921	12569.75
717.115	12674.2
717.31	11506.85
717.504	12856.47
717.699	12387.48
717.893	12229.79
718.088	11580.58
718.282	11682.98
718.476	11975.84
718.671	12418.2
718.865	11914.4
719.059	11826.34
719.254	12141.72
719.448	12678.29
719.642	14423.16
719.837	11476.13
720.031	14275.71
720.225	12164.25
720.419	11945.12
720.614	11547.81
720.808	12111
721.002	12000.41
721.196	11320.49
721.39	11627.68
721.585	12108.96
721.779	12367
721.973	11494.57
722.167	11394.22
722.361	12020.89
722.555	12461.21
722.749	11744.42
722.943	11599.01
723.137	11900.06
723.331	12180.64
723.525	11582.63
723.719	11715.75
723.913	11918.5
724.107	12545.17
724.301	11244.71
724.495	11572.39
724.689	12680.34
724.883	12178.59
725.077	11371.69
725.271	11388.07
725.465	12197.02
725.659	11984.03
725.853	11685.03
726.046	11357.35
726.24	11562.15
726.434	11873.44
726.628	11676.84
726.822	11467.94
727.015	12233.88
727.209	12303.51
727.403	11459.75
727.596	11334.82
727.79	12084.38
727.984	12160.16
728.177	11648.16
728.371	11660.45
728.565	12149.92
728.758	11846.82
728.952	11291.82
729.146	11396.26
729.339	12158.11
729.533	11855.01
729.726	11500.71
729.92	11455.65
730.113	12256.41
730.307	11969.69
730.5	11736.23
730.694	11642.02
730.887	11857.06
731.081	12049.57
731.274	11121.84
731.468	11451.56
731.661	11719.84
731.854	11725.99
732.048	11314.34
732.241	11474.09
732.435	11945.12
732.628	11601.06
732.821	11469.99
733.014	11209.9
733.208	11871.39
733.401	12039.33
733.594	11650.21
733.788	11398.31
733.981	12235.93
734.174	12162.2
734.367	11484.33
734.56	11480.23
734.754	12254.36
734.947	12098.72
735.14	11316.39
735.333	11504.81
735.526	12250.27
735.719	11523.24
735.912	11267.24
736.105	11222.19
736.298	12106.91
736.491	11992.22
736.684	11480.23
736.877	11246.76
737.07	11984.03
737.263	12426.39
737.456	11265.19
737.649	11121.84
737.842	12002.46
738.035	11934.88
738.228	11275.43
738.421	11584.68
738.614	12205.21
738.807	11984.03
739	11285.67
739.192	11320.49
739.385	11957.41
739.578	11906.21
739.771	11762.85
739.964	11484.33
740.156	12188.83
740.349	11947.17
740.542	11644.07
740.735	11375.78
740.927	11861.15
741.12	11664.55
741.313	11332.78
741.505	11535.53
741.698	11910.3
741.891	12070.05
742.083	11566.24
742.276	11222.19
742.468	12074.14
742.661	11922.59
742.854	11326.63
743.046	11324.58
743.239	11730.08
743.431	11967.65
743.624	11273.39
743.816	10839.22
744.009	11527.33
744.201	11832.48
744.393	11535.53
744.586	10919.09
744.778	11908.26
744.971	11685.03
745.163	11209.9
745.355	11551.91
745.548	11713.7
745.74	11807.91
745.932	11209.9
746.125	11130.03
746.317	11941.02
746.509	11586.72
746.702	11173.03
746.894	11066.54
747.086	11736.23
747.278	11478.18
747.471	11377.83
747.663	11267.24
747.855	11789.47
748.047	11840.67
748.239	11101.36
748.431	10890.42
748.623	11990.17
748.815	11625.64
749.008	10779.82
749.2	10927.28
749.392	11699.36
749.584	11764.9
749.776	11310.25
749.968	11312.3
750.16	11889.82
750.352	11742.37
750.544	11351.21
750.736	10902.7
750.928	11766.95
751.12	11422.89
751.311	11046.06
751.503	10941.61
751.695	11416.74
751.887	11469.99
752.079	10675.38
752.271	10843.31
752.463	12166.3
752.654	11576.48
752.846	10955.95
753.038	10607.8
753.23	11244.71
753.421	11435.17
753.613	10742.96
753.805	11130.03
753.997	11158.7
754.188	11459.75
754.38	10951.85
754.572	10828.98
754.763	11068.59
754.955	11326.63
755.146	10871.98
755.338	10710.19
755.53	11607.2
755.721	11365.54
755.913	10581.17
756.104	10558.64
756.296	11117.74
756.487	11463.85
756.679	10675.38
756.87	10849.46
757.062	11283.63
757.253	11574.44
757.445	10732.72
757.636	11023.53
757.827	11267.24
758.019	11891.87
758.21	10575.03
758.401	10814.64
758.593	11725.99
758.784	11705.51
758.975	10427.57
759.167	10724.53
759.358	11044.01
759.549	11367.59
759.74	10484.92
759.932	10671.28
760.123	11275.43
760.314	11199.66
760.505	10677.43
760.696	10663.09
760.888	11500.71
761.079	11119.79
761.27	10710.19
761.461	10241.21
761.652	11455.65
761.843	10790.06
762.034	10491.06
762.225	11023.53
762.416	11166.89
762.607	10843.31
762.798	10519.73
762.989	10388.66
763.18	12270.75
763.371	11017.39
763.562	10394.81
763.753	10460.34
763.944	10857.65
764.135	10734.77
764.326	10607.8
764.517	10517.68
764.708	10958
764.899	11013.29
765.089	10206.39
765.28	10118.33
765.471	10638.51
765.662	11093.16
765.853	10521.78
766.043	10024.12
766.234	10896.56
766.425	10773.68
766.615	10206.39
766.806	10034.36
766.997	10642.61
767.187	10654.9
767.378	10132.67
767.569	9673.92
767.759	10546.36
767.95	10593.46
768.141	10157.24
768.331	9858.24
768.522	10822.83
768.712	10902.7
768.903	9870.53
769.093	10157.24
769.284	10853.55
769.474	10677.43
769.665	9796.8
769.855	9766.08
770.046	10914.99
770.236	10562.74
770.426	10302.65
770.617	9757.89
770.807	10450.1
770.998	10687.67
771.188	10212.54
771.378	9899.2
771.569	10626.23
771.759	10347.7
771.949	9555.14
772.139	9618.63
772.33	10321.08
772.52	10476.73
772.71	9798.85
772.9	9698.5
773.09	10620.08
773.281	10857.65
773.471	9882.81
773.661	9907.39
773.851	10218.68
774.041	10503.35
774.231	9673.92
774.421	10339.51
774.611	10581.17
774.802	10599.6
774.992	9962.69
775.182	9495.75
775.372	10491.06
775.562	10527.92
775.752	9727.17
775.942	9690.31
776.131	10634.42
776.321	10284.22
776.511	9643.2
776.701	9448.65
776.891	10671.28
777.081	10005.69
777.271	9684.16
777.461	9479.36
777.651	10235.07
777.84	10233.02
778.03	9764.03
778.22	9452.74
778.41	10163.39
778.599	10009.79
778.789	9624.77
778.979	9399.49
779.169	9981.12
779.358	9956.54
779.548	9798.85
779.738	9280.71
779.927	9981.12
780.117	9903.29
780.307	9215.18
780.496	8846.54
780.686	10185.91
780.875	10618.04
781.065	9458.89
781.254	9311.43
781.444	10169.53
781.633	9643.2
781.823	9059.53
782.012	9489.6
782.202	9802.94
782.391	9723.07
782.581	9127.11
782.77	9725.12
782.96	9796.8
783.149	9575.62
783.338	9239.75
783.528	8985.8
783.717	9927.87
783.906	10263.74
784.096	9430.21
784.285	8936.65
784.474	9831.62
784.663	9465.03
784.853	8973.52
785.042	9153.74
785.231	9831.62
785.42	9819.33
785.61	9381.06
785.799	8989.9
785.988	10112.19
786.177	9440.45
786.366	9125.07
786.555	9424.07
786.744	9784.51
786.933	9710.79
787.122	8690.9
787.312	8838.35
787.501	9495.75
787.69	9821.38
787.879	9026.76
788.068	8799.44
788.257	9295.05
788.445	9487.56
788.634	9141.45
788.823	8633.55
789.012	9948.35
789.201	9915.58
789.39	8867.02
789.579	9000.14
789.768	9405.64
789.957	9577.67
790.145	8729.81
790.334	8275.16
790.523	9092.3
790.712	9379.01
790.9	8985.8
791.089	8498.39
791.278	9551.04
791.467	9336.01
791.655	9268.42
791.844	9651.39
792.033	9333.96
792.221	9135.31
792.41	8824.01
792.599	8475.86
792.787	9151.69
792.976	9393.35
793.164	8475.86
793.353	8606.93
793.541	9422.02
793.73	9206.98
793.918	8770.77
794.107	8686.8
794.295	9262.28
794.484	9120.97
794.672	8707.28
794.861	8627.41
795.049	9178.31
795.238	9516.23
795.426	8418.52
795.614	8723.66
795.803	9362.63
795.991	9293
796.179	8479.96
796.368	8510.68
796.556	9538.76
796.744	8926.41
796.932	8455.38
797.121	8144.09
797.309	8928.46
797.497	9256.14
797.685	8371.41
797.874	8488.15
798.062	8994
798.25	9370.82
798.438	8330.45
798.626	8410.32
798.814	9231.56
799.002	9217.22
799.19	8518.87
799.378	8707.28
799.566	9186.51
799.755	9350.34
799.943	8729.81
800.131	8314.07
800.318	8932.56
800.506	9116.87
800.694	8461.52
800.882	8664.27
801.07	9542.85
801.258	9293
801.446	8219.86
801.634	8457.43
801.822	9084.11
802.01	9276.62
802.197	8535.25
802.385	8799.44
802.573	9448.65
802.761	9075.91
802.949	8772.82
803.136	8172.76
803.324	9086.15
803.512	9206.98
803.699	8678.61
803.887	8258.78
804.075	9194.7
804.262	8985.8
804.45	8322.26
804.638	8608.98
804.825	8842.45
805.013	8897.74
805.201	8547.54
805.388	8281.3
805.576	8914.13
805.763	9125.07
805.951	8418.52
806.138	8791.25
806.326	9305.29
806.513	9206.98
806.701	8496.34
806.888	8598.74
807.075	9268.42
807.263	9424.07
807.45	8518.87
807.638	8588.5
807.825	9370.82
808.012	9274.57
808.2	8731.86
808.387	9215.18
808.574	9561.28
808.761	9503.94
808.949	8645.84
809.136	8457.43
809.323	9235.66
809.51	9297.1
809.698	9000.14
809.885	8965.32
810.072	9415.88
810.259	9438.41
810.446	8680.66
810.633	8717.52
810.82	9260.23
811.008	9460.93
811.195	9127.11
811.382	8731.86
811.569	9526.47
811.756	9034.96
811.943	8555.73
812.13	8641.75
812.317	9252.04
812.504	9116.87
812.691	9010.38
812.878	8891.6
813.064	9743.55
813.251	9166.03
813.438	8752.34
813.625	9090.25
813.812	9170.12
813.999	9385.16
814.186	8766.67
814.372	8776.91
814.559	9667.78
814.746	9780.42
814.933	8797.39
815.12	8930.51
815.306	9229.51
815.493	9213.13
815.68	8699.09
815.866	8869.07
816.053	9147.59
816.24	9485.51
816.426	8821.97
816.613	8412.37
816.799	9204.94
816.986	9661.63
817.173	8568.02
817.359	8613.07
817.546	9360.58
817.732	8912.08
817.919	8535.25
818.105	8658.13
818.292	9280.71
818.478	9336.01
818.665	8881.36
818.851	8795.34
819.037	10073.28
819.224	9116.87
819.41	8240.34
819.597	8641.75
819.783	9882.81
819.969	9223.37
820.156	8461.52
820.342	8391.89
820.528	10513.59
820.714	9145.55
820.901	8907.98
821.087	8447.19
821.273	9540.8
821.459	9151.69
821.646	8393.94
821.832	8404.18
822.018	9317.58
822.204	9086.15
822.39	8455.38
822.576	8289.49
822.762	9166.03
822.948	9247.94
823.134	8355.03
823.32	8381.65
823.507	8897.74
823.693	9161.93
823.879	9170.12
824.065	8424.66
824.25	8873.17
824.436	8637.65
824.622	8269.02
824.808	8391.89
824.994	9016.52
825.18	8791.25
825.366	8193.24
825.552	8522.96
825.738	8903.89
825.923	9045.2
826.109	8738
826.295	8236.25
826.481	8867.02
826.667	8707.28
826.852	8662.23
827.038	8015.07
827.224	8842.45
827.409	9034.96
827.595	7941.34
827.781	8525.01
827.966	9202.89
828.152	9075.91
828.338	8398.04
828.523	8125.66
828.709	8750.29
828.894	8899.79
829.08	8086.75
829.266	8348.89
829.451	8791.25
829.637	8965.32
829.822	8320.21
830.008	8385.75
830.193	8828.11
830.378	9043.15
830.564	8379.61
830.749	8099.03
830.935	8785.1
831.12	8570.07
831.305	7871.71
831.491	8213.72
831.676	8432.85
831.861	8881.36
832.047	8123.61
832.232	8101.08
832.417	8922.32
832.602	8994
832.788	7779.55
832.973	8090.84
833.158	8645.84
833.343	8516.82
833.528	8256.73
833.714	8150.23
833.899	8473.81
834.084	9024.72
834.269	8326.36
834.454	8152.28
834.639	8565.97
834.824	8651.99
835.009	8123.61
835.194	8291.54
835.379	9010.38
835.564	9125.07
835.749	7959.77
835.934	7617.76
836.119	8621.27
836.304	8506.58
836.489	7783.65
836.674	8334.55
836.859	8279.25
837.044	8803.53
837.228	7886.05
837.413	7511.27
837.598	8404.18
837.783	8393.94
837.968	7847.13
838.152	7671.01
838.337	7658.72
838.522	8473.81
838.707	8441.04
838.891	7947.48
839.076	8193.24
839.261	8273.11
839.445	7863.52
839.63	7773.41
839.815	8756.43
839.999	8191.19
840.184	7677.15
840.368	7630.05
840.553	8465.62
840.737	8166.62
840.922	7367.91
841.106	7501.03
841.291	8090.84
841.475	8219.86
841.66	7582.95
841.844	7595.23
842.029	8819.92
842.213	8084.7
842.397	7507.17
842.582	7214.31
842.766	8232.15
842.951	8172.76
843.135	7570.66
843.319	7478.5
843.504	8391.89
843.688	8756.43
843.872	7187.69
844.056	7468.26
844.241	8289.49
844.425	7972.06
844.609	7677.15
844.793	7109.86
844.977	8127.71
845.161	7892.19
845.346	7269.61
845.53	7462.12
845.714	8017.11
845.898	8408.28
846.082	7054.57
846.266	7591.14
846.45	7838.94
846.634	8088.79
846.818	7179.5
847.002	7677.15
847.186	7916.76
847.37	7568.61
847.554	6841.58
847.738	7515.36
847.922	7908.57
848.106	7927
848.29	6857.96
848.473	7197.93
848.657	7814.37
848.841	7605.47
849.025	7036.14
849.209	6970.6
849.392	7797.98
849.576	7445.73
849.76	6702.32
849.944	7351.53
850.127	8070.36
850.311	7345.38
850.495	6995.18
850.678	6702.32
850.862	7634.14
851.046	7865.57
851.229	7636.19
851.413	6860.01
851.596	8113.37
851.78	7589.09
851.964	7290.09
852.147	7177.45
852.331	8289.49
852.514	8178.9
852.698	7165.16
852.881	6634.74
853.065	7687.39
853.248	7568.61
853.431	7161.06
853.615	7177.45
853.798	8299.73
853.982	7863.52
854.165	7451.88
854.348	6970.6
854.532	7380.2
854.715	7320.81
854.898	6868.2
855.081	6687.98
855.265	7824.61
855.448	8043.74
855.631	6657.26
855.814	6747.37
855.997	7374.05
856.181	7503.07
856.364	6800.62
856.547	6624.5
856.73	7607.52
856.913	7564.51
857.096	6663.41
857.279	7085.29
857.462	7206.12
857.645	7519.46
857.828	7134.44
858.011	6864.11
858.194	7298.28
858.377	7292.13
858.56	6683.89
858.743	6800.62
858.926	7191.78
859.109	7277.8
859.292	6692.08
859.475	6571.25
859.658	7406.82
859.841	7320.81
860.023	6614.26
860.206	6470.9
860.389	7159.02
860.572	7324.9
860.755	6733.04
860.937	6825.2
861.12	7081.19
861.303	7097.58
861.486	6524.15
861.668	6386.93
861.851	6833.39
862.034	7159.02
862.216	6847.72
862.399	6331.64
862.581	7023.85
862.764	7318.76
862.947	6374.64
863.129	6329.59
863.312	6595.82
863.494	7167.21
863.677	6984.94
863.859	6118.65
864.042	6976.75
864.224	6962.41
864.406	6831.34
864.589	6227.19
864.771	6939.88
864.954	6706.41
865.136	6409.46
865.318	6126.84
865.501	7519.46
865.683	6528.24
865.865	6194.42
866.048	6219
866.23	7134.44
866.412	6941.93
866.594	6149.37
866.777	6618.35
866.959	6673.65
867.141	6827.25
867.323	6489.33
867.505	6436.08
867.687	6739.18
867.869	6876.4
868.052	6110.46
868.234	6268.15
868.416	6614.26
868.598	7009.51
868.78	6200.57
868.962	6153.46
869.144	6774
869.326	6634.74
869.508	6038.78
869.69	6020.35
869.872	6391.03
870.054	7292.13
870.236	5864.7
870.417	5981.43
870.599	6630.64
870.781	7218.41
870.963	6374.64
871.145	6098.17
871.327	6460.66
871.508	6937.84
871.69	6239.48
871.872	6108.41
872.054	6571.25
872.235	6761.71
872.417	6298.87
872.599	6014.2
872.78	7396.58
872.962	6626.54
873.144	6018.3
873.325	6167.8
873.507	6843.63
873.689	6946.03
873.87	5850.36
874.052	6335.73
874.233	6653.17
874.415	7261.41
874.596	6225.14
874.778	6102.26
874.959	6913.26
875.141	6794.48
875.322	6225.14
875.503	6001.91
875.685	6657.26
875.866	6108.41
876.048	6081.78
876.229	6102.26
876.41	6495.47
876.592	6784.24
876.773	6151.42
876.954	5833.98
877.136	6909.16
877.317	6511.86
877.498	5707.01
877.679	6225.14
877.86	6669.55
878.042	6563.06
878.223	5995.77
878.404	6585.58
878.585	6683.89
878.766	7038.19
878.947	6345.97
879.128	6237.43
879.309	6765.81
879.49	7029.99
879.672	6341.88
879.853	6089.98
880.034	6614.26
880.215	6890.73
880.396	6249.72
880.576	6272.25
880.757	6714.61
880.938	7388.39
881.119	6145.27
881.3	6216.95
881.481	6714.61
881.662	7890.14
881.843	6102.26
882.023	6006.01
882.204	7179.5
882.385	6630.64
882.566	6096.12
882.747	6126.84
882.927	6907.12
883.108	6644.98
883.289	6137.08
883.469	6294.77
883.65	6751.47
883.831	6753.52
884.011	6704.37
884.192	6241.53
884.373	7128.3
884.553	6958.32
884.734	6604.02
884.914	6757.61
885.095	8068.31
885.275	7068.91
885.456	6548.72
885.636	6102.26
885.817	6855.92
885.997	7097.58
886.178	6229.24
886.358	6501.62
886.538	6804.72
886.719	8586.45
886.899	6354.16
887.08	6339.83
887.26	6939.88
887.44	6839.53
887.621	6350.07
887.801	6458.61
887.981	7554.27
888.161	7449.83
888.342	6653.17
888.522	6507.76
888.702	7267.56
888.882	7265.51
889.062	6591.73
889.242	6192.37
889.423	7421.16
889.603	7193.83
889.783	6800.62
889.963	6442.23
890.143	6986.99
890.323	7224.55
890.503	6370.55
890.683	6509.81
890.863	6921.45
891.043	6868.2
891.223	6561.01
891.403	6724.85
891.583	7050.47
891.763	7204.07
891.943	6558.96
892.122	6864.11
892.302	7015.66
892.482	7142.63
892.662	6548.72
892.842	6616.3
893.022	6845.68
893.201	7003.37
893.381	6579.44
893.561	6391.03
893.741	7208.17
893.92	6796.53
894.1	6726.89
894.28	6524.15
894.459	7269.61
894.639	6997.23
894.819	6423.8
894.998	6483.19
895.178	7109.86
895.357	6679.79
895.537	6468.85
895.716	6165.75
895.896	6862.06
896.075	7306.47
896.255	6419.7
896.434	5934.33
896.614	7386.34
896.793	7066.86
896.973	6583.54
897.152	6505.71
897.331	6593.78
897.511	6870.25
897.69	5969.15
897.87	6292.73
898.049	6927.6
898.228	6706.41
898.407	6538.48
898.587	6411.51
898.766	6640.88
898.945	6763.76
899.124	6644.98
899.304	6413.56
899.483	6798.57
899.662	7154.92
899.841	6241.53
900.02	6137.08
900.199	6751.47
900.378	6706.41
900.557	5965.05
900.737	5987.58
900.916	6427.89
901.095	6489.33
901.274	6481.14
901.453	5889.28
901.632	6241.53
901.811	6407.41
901.989	5799.16
902.168	5860.6
902.347	6765.81
902.526	6161.66
902.705	5846.27
902.884	6208.76
903.063	6892.78
903.242	6687.98
903.42	5704.96
903.599	6038.78
903.778	6403.32
903.957	6769.9
904.135	5926.14
904.314	5692.67
904.493	6229.24
904.672	6114.55
904.85	5696.77
905.029	5565.7
905.207	6040.83
905.386	6663.41
905.565	5330.18
905.743	5516.55
905.922	6069.5
906.1	5965.05
906.279	5242.12
906.457	5549.31
906.636	5872.89
906.814	5840.12
906.993	5469.44
907.171	5225.73
907.35	5764.35
907.528	6266.1
907.707	5799.16
907.885	5037.32
908.063	5928.19
908.242	5647.62
908.42	5242.12
908.598	4994.31
908.777	5907.71
908.955	5547.26
909.133	5223.69
909.311	5129.48
909.49	5356.8
909.668	5625.09
909.846	4961.55
910.024	4979.98
910.202	5760.25
910.38	5870.84
910.559	5051.66
910.737	5195.01
910.915	5534.98
911.093	5803.26
911.271	5348.61
911.449	5305.6
911.627	5758.21
911.805	6345.97
911.983	5342.47
912.161	5260.55
912.339	5733.63
912.517	6081.78
912.695	5465.35
912.872	5309.7
913.05	5942.52
913.228	6126.84
913.406	5502.21
913.584	5268.74
913.762	6253.81
913.939	5915.9
914.117	5293.32
914.295	5293.32
914.473	5846.27
914.65	6178.04
914.828	5301.51
915.006	5303.56
915.184	5643.52
915.361	6012.15
915.539	5602.56
915.716	5498.11
915.894	5768.45
916.072	6110.46
916.249	5831.93
916.427	5516.55
916.604	5770.49
916.782	6063.35
916.959	5254.41
917.137	5465.35
917.314	5842.17
917.492	5782.78
917.669	5354.76
917.847	5201.16
918.024	5872.89
918.201	5473.54
918.379	5301.51
918.556	5276.93
918.733	5930.23
918.911	5412.1
919.088	5625.09
919.265	5201.16
919.442	5719.29
919.62	5774.59
919.797	5104.9
919.974	4979.98
920.151	6010.11
920.328	5608.7
920.506	5070.09
920.683	5674.24
920.86	5448.96
921.037	5541.12
921.214	5133.57
921.391	4955.4
921.568	5639.42
921.745	5377.28
921.922	5248.26
922.099	4934.92
922.276	5487.87
922.453	5410.05
922.63	4842.76
922.807	5410.05
922.984	5545.22
923.161	5338.37
923.338	5160.2
923.514	4877.58
923.691	5451.01
923.868	5741.82
924.045	4979.98
924.222	4850.96
924.399	5504.26
924.575	5438.72
924.752	5029.13
924.929	4967.69
925.105	5244.17
925.282	5119.24
925.459	5109
925.635	5047.56
925.812	5438.72
925.989	5133.57
926.165	4979.98
926.342	4580.62
926.518	4967.69
926.695	4996.36
926.871	4693.26
927.048	4670.73
927.224	5410.05
927.401	5006.6
927.577	4801.8
927.754	4484.37
927.93	5311.75
928.107	5278.98
928.283	4498.7
928.459	4754.7
928.636	5088.52
928.812	4973.83
928.988	4359.44
929.165	4392.21
929.341	4859.15
929.517	5033.22
929.693	5057.8
929.87	4183.32
930.046	4945.16
930.222	4736.27
930.398	4336.92
930.574	4572.43
930.751	4728.08
930.927	4844.81
931.103	4465.94
931.279	4359.44
931.455	4486.42
931.631	4859.15
931.807	4291.86
931.983	3927.32
932.159	4422.93
932.335	4570.38
932.511	4218.13
932.687	4097.3
932.863	4519.18
933.039	4498.7
933.215	3820.83
933.391	3665.18
933.566	4326.68
933.742	4318.48
933.918	3923.23
934.094	3527.97
934.27	4175.13
934.445	4035.86
934.621	3976.47
934.797	3669.28
934.973	4277.52
935.148	4103.45
935.324	3433.76
935.5	3251.49
935.675	4142.36
935.851	4113.69
936.027	3829.02
936.202	3702.04
936.378	3976.47
936.553	3779.87
936.729	4134.17
936.904	3216.68
937.08	3661.09
937.255	3419.43
937.431	3339.55
937.606	3083.56
937.782	3441.95
937.957	3677.47
938.133	3095.85
938.308	2862.38
938.483	3462.43
938.659	3015.98
938.834	3067.17
939.009	2571.57
939.185	3259.68
939.36	2989.35
939.535	2340.15
939.71	2807.08
939.886	3417.38
940.061	2997.54
940.236	3058.98
940.411	2596.14
940.586	3106.09
940.761	2991.4
940.937	2747.69
941.112	2481.46
941.287	2780.46
941.462	2845.99
941.637	2213.17
941.812	2643.24
941.987	2755.88
942.162	2575.66
942.337	2596.14
942.512	2401.58
942.687	3056.93
942.862	2686.25
943.037	2051.38
943.212	2106.68
943.386	2524.46
943.561	2682.16
943.736	2518.32
943.911	2870.57
944.086	3054.89
944.26	2686.25
944.435	2272.56
944.61	2440.5
944.785	2778.41
944.959	3206.44
945.134	2235.7
945.309	2100.53
945.483	2139.44
945.658	2708.78
945.833	1930.55
946.007	2047.29
946.182	3018.02
946.357	2458.93
946.531	2164.02
946.706	2200.88
946.88	2360.63
947.055	2751.79
947.229	2161.97
947.404	2010.42
947.578	2745.64
947.752	2628.91
947.927	2104.63
948.101	2051.38
948.276	3042.6
948.45	2723.12
948.624	2643.24
948.799	2266.42
948.973	2786.6
949.147	2385.2
949.321	2309.43
949.496	2403.63
949.67	3093.8
949.844	2585.9
950.018	2280.75
950.193	2317.62
950.367	3179.81
950.541	2702.64
950.715	2440.5
950.889	2581.81
951.063	2682.16
951.237	2854.19
951.411	2207.03
951.585	2286.9
951.759	2829.61
951.933	2770.22
952.107	2317.62
952.281	2534.7
952.455	3136.81
952.629	2929.96
952.803	2559.28
952.977	2514.22
953.151	2975.02
953.325	2723.12
953.499	2643.24
953.672	2135.35
953.846	2698.54
954.02	2755.88
954.194	2399.54
954.368	2288.95
954.541	3147.05
954.715	2825.51
954.889	2559.28
955.062	2426.16
955.236	2692.4
955.41	2987.3
955.583	2725.16
955.757	2344.24
955.93	2735.4
956.104	2538.8
956.278	2471.22
956.451	2454.83
956.625	3030.31
956.798	3439.9
956.972	2938.15
957.145	2477.36
957.319	3198.24
957.492	2940.2
957.665	2731.31
957.839	2426.16
958.012	2913.58
958.185	2678.06
958.359	2657.58
958.532	2837.8
958.705	2960.68
958.879	2860.33
959.052	2735.4
959.225	2207.03
959.398	2942.25
959.572	3050.79
959.745	2565.42
959.918	2579.76
960.091	2839.85
960.264	2991.4
960.438	2522.41
960.611	2301.23
960.784	3235.11
960.957	2643.24
961.13	3073.32
961.303	2407.73
961.476	2854.19
961.649	3228.96
961.822	2528.56
961.995	2653.48
962.168	2753.84
962.341	3136.81
962.514	2620.72
962.686	2571.57
962.859	3009.83
963.032	3124.52
963.205	2637.1
963.378	2245.94
963.551	3007.78
963.723	2807.08
963.896	2647.34
964.069	2817.32
964.242	2972.97
964.414	3530.02
964.587	2665.77
964.76	2809.13
964.932	2891.05
965.105	3063.08
965.278	2546.99
965.45	2460.98
965.623	3112.23
965.795	3247.4
965.968	2522.41
966.14	2544.94
966.313	3038.5
966.485	3093.8
966.658	2465.07
966.83	2420.02
967.003	3108.13
967.175	2872.62
967.348	2399.54
967.52	2503.98
967.692	3378.47
967.865	3173.67
968.037	2407.73
968.209	2784.55
968.382	2915.62
968.554	3015.98
968.726	2438.45
968.898	2211.12
969.071	3071.27
969.243	2921.77
969.415	2374.96
969.587	2583.85
969.759	3089.7
969.932	2768.17
970.104	2483.5
970.276	2139.44
970.448	2786.6
970.62	2766.12
970.792	2657.58
970.964	2581.81
971.136	3317.03
971.308	2952.49
971.48	2336.05
971.652	2395.44
971.824	3050.79
971.996	2796.84
972.168	2426.16
972.339	2473.26
972.511	2841.9
972.683	2694.44
972.855	2686.25
973.027	2338.1
973.199	3093.8
973.37	2932.01
973.542	2471.22
973.714	2641.2
973.886	2471.22
974.057	2917.67
974.229	2374.96
974.401	2374.96
974.572	2510.13
974.744	2422.06
974.915	2262.32
975.087	2245.94
975.259	3134.76
975.43	2530.61
975.602	2186.55
975.773	2116.92
975.945	2444.59
976.116	2835.75
976.288	2082.1
976.459	2673.96
976.63	2493.74
976.802	2602.29
976.973	2108.73
977.145	2434.35
977.316	3122.47
977.487	2770.22
977.659	2256.18
977.83	2247.99
978.001	3026.22
978.172	2759.98
978.344	2016.57
978.515	2129.2
978.686	2473.26
978.857	3075.37
979.028	2180.4
979.2	2061.62
979.371	2891.05
979.542	2508.08
979.713	2383.15
979.884	1858.87
980.055	2551.09
980.226	2573.61
980.397	2116.92
980.568	2012.47
980.739	2737.45
980.91	2442.54
981.081	2467.12
981.252	2100.53
981.423	2446.64
981.594	2628.91
981.765	1832.25
981.936	2358.58
982.106	2465.07
982.277	2739.5
982.448	2035
982.619	2368.82
982.79	2268.47
982.96	2579.76
983.131	2336.05
983.302	1826.11
983.472	2350.39
983.643	2469.17
983.814	2028.85
983.984	2073.91
984.155	2436.4
984.326	2436.4
984.496	2022.71
984.667	2006.33
984.837	2059.57
985.008	2817.32
985.178	2383.15
985.349	2071.86
985.519	2209.08
985.69	2082.1
985.86	1967.42
986.031	1867.06
986.201	2356.53
986.371	2268.47
986.542	1568.06
986.712	1582.4
986.882	2223.41
987.053	2422.06
987.223	1793.34
987.393	2190.64
987.563	2159.92
987.734	2377.01
987.904	2479.41
988.074	1772.86
988.244	2180.4
988.414	2145.59
988.585	1836.35
988.755	2035
988.925	2127.16
989.095	2733.36
989.265	1856.82
989.435	1938.74
989.605	2432.3
989.775	2528.56
989.945	2270.51
990.115	1649.98
990.285	2014.52
990.455	2233.65
990.625	1965.37
990.795	1584.45
990.965	2473.26
991.134	2043.19
991.304	1613.12
991.474	1566.01
991.644	2106.68
991.814	2493.74
991.984	1443.14
992.153	1703.23
992.323	1971.51
992.493	2229.56
992.662	1606.97
992.832	1819.96
993.002	1877.3
993.171	2110.77
993.341	1340.74
993.511	1699.13
993.68	1932.6
993.85	2114.87
994.019	1484.09
994.189	1353.02
994.358	1887.54
994.528	2002.23
994.697	1185.09
994.867	1525.05
995.036	2219.32
995.206	1764.67
995.375	1369.41
995.544	1844.54
995.714	2286.9
995.883	2075.96
996.052	1826.11
996.222	1224
996.391	2204.98
996.56	1985.85
996.73	1330.5
996.899	1217.86
997.068	2264.37
997.237	2032.95
997.406	1391.94
997.576	1260.87
997.745	2342.19
997.914	1785.15
998.083	1105.22
998.252	1391.94
998.421	1989.94
998.59	1711.42
998.759	1297.73
998.928	1129.8
999.097	2096.44
999.266	2006.33
999.435	1686.84
999.604	1011.01
999.773	2075.96
999.942	1690.94
1000.111	865.61
1000.28	994.63
1000.448	1662.27
1000.617	1586.49
1000.786	1637.69
1000.955	1088.84
1001.124	2059.57
1001.292	2358.58
1001.461	1256.77
1001.63	1017.16
1001.798	1983.8
1001.967	1740.09
1002.136	1080.64
1002.304	1047.88
1002.473	1895.74
1002.642	1588.54
1002.81	1273.15
1002.979	1060.17
1003.147	1842.49
1003.316	2112.82
1003.484	1137.99
1003.653	1041.73
1003.821	1717.56
1003.99	1508.67
1004.158	1449.28
1004.327	1387.84
1004.495	1678.65
1004.663	1666.36
1004.832	1355.07
1005	853.32
1005.168	1697.08
1005.337	1494.33
1005.505	769.35
1005.673	1420.61
1005.842	1846.59
1006.01	1512.77
1006.178	859.46
1006.346	1133.89
1006.514	1441.09
1006.683	2159.92
1006.851	922.95
1007.019	1287.49
1007.187	1367.36
1007.355	1035.59
1007.523	703.82
1007.691	691.53
1007.859	1369.41
1008.027	2055.48
1008.195	1037.64
1008.363	810.31
1008.531	1379.65
1008.699	1506.62
1008.867	730.44
1009.035	1031.49
1009.203	1869.11
1009.37	1576.25
1009.538	1004.87
1009.706	1625.4
1009.874	1441.09
1010.042	1480
1010.209	763.21
1010.377	763.21
1010.545	1523.01
1010.713	1422.66
1010.88	886.09
1011.048	820.55
1011.216	1412.42
1011.383	1543.49
1011.551	859.46
1011.718	705.87
1011.886	1467.71
1012.054	1584.45
1012.221	752.97
1012.389	695.63
1012.556	1342.78
1012.724	1623.36
1012.891	849.22
1013.058	482.64
1013.226	1467.71
1013.393	1496.38
1013.561	580.94
1013.728	480.59
1013.895	1561.92
1014.063	1342.78
1014.23	476.49
1014.397	644.43
1014.565	1326.4
1014.732	1224
1014.899	460.11
1015.066	605.52
1015.233	1449.28
1015.401	1471.81
1015.568	693.58
1015.735	859.46
1015.902	1459.52
1016.069	1566.01
1016.236	656.72
1016.403	499.02
1016.57	900.42
1016.737	1686.84
1016.904	613.71
1017.071	470.35
1017.238	1021.25
1017.405	1211.71
1017.572	568.65
1017.739	886.09
1017.906	1750.33
1018.073	1449.28
1018.24	324.94
1018.407	791.88
1018.573	1295.68
1018.74	1252.67
1018.907	656.72
1019.074	337.23
1019.241	1230.15
1019.407	1092.93
1019.574	456.01
1019.741	484.69
1019.907	1549.63
1020.074	1668.41
1020.241	216.4
1020.407	265.55
1020.574	1021.25
1020.74	1129.8
1020.907	546.12
1021.073	306.51
1021.24	1746.23
1021.406	1234.24
1021.573	283.99
1021.739	488.78
1021.906	1500.48
1022.072	1129.8
1022.239	535.89
1022.405	539.98
1022.571	1056.07
1022.738	1039.69
1022.904	404.82
1023.07	644.43
1023.237	1152.32
1023.403	1416.51
1023.569	580.94
1023.735	421.2
1023.902	1201.47
1024.068	1158.47
1024.234	249.17
1024.4	408.91
1024.566	904.52
1024.732	968.01
1024.898	372.05
1025.065	208.21
1025.231	1041.73
1025.397	890.18
1025.563	470.35
1025.729	224.59
1025.895	523.6
1026.061	777.55
1026.227	95.57
1026.392	417.1
1026.558	1137.99
1026.724	1217.86
1026.89	335.18
1027.056	509.26
1027.222	822.6
1027.388	1023.3
1027.553	361.81
1027.719	230.74
1027.885	1383.74
1028.051	904.52
1028.216	-0.68
1028.382	294.22
1028.548	957.77
1028.713	851.27
1028.879	152.91
1029.045	527.69
1029.21	1252.67
1029.376	1135.94
1029.541	296.27
1029.707	314.7
1029.873	1185.09
1030.038	984.39
1030.204	245.07
1030.369	341.33
1030.534	1027.4
1030.7	767.31
1030.865	449.87
1031.031	216.4
1031.196	841.03
1031.361	849.22
1031.527	228.69
1031.692	148.82
1031.857	621.9
1032.023	974.15
1032.188	218.45
1032.353	298.32
1032.518	1047.88
1032.684	853.32
1032.849	23.89
1033.014	406.86
1033.179	798.03
1033.344	902.47
1033.509	367.95
1033.674	255.31
1033.839	1000.77
1034.004	937.29
1034.17	253.27
1034.335	91.48
1034.5	728.39
1034.664	761.16
1034.829	224.59
1034.994	310.61
1035.159	507.21
1035.324	927.05
1035.489	128.34
1035.654	109.91
1035.819	1443.14
1035.984	875.85
1036.148	312.66
1036.313	234.83
1036.478	1047.88
1036.643	642.38
1036.807	150.87
1036.972	105.81
1037.137	1305.92
1037.301	613.71
1037.466	-141.99
1037.631	351.57
1037.795	851.27
1037.96	632.14
1038.124	439.63
1038.289	9.56
1038.454	671.05
1038.618	957.77
1038.783	308.56
1038.947	302.42
1039.111	603.47
1039.276	728.39
1039.44	77.14
1039.605	947.53
1039.769	591.18
1039.933	699.72
1040.098	191.83
1040.262	494.93
1040.426	871.75
1040.591	795.98
1040.755	77.14
1040.919	169.3
1041.083	1047.88
1041.248	599.37
1041.412	-113.32
1041.576	7.51
1041.74	580.94
1041.904	695.63
1042.068	132.44
1042.232	253.27
1042.397	1051.97
1042.561	716.11
1042.725	-195.24
1042.889	249.17
1043.053	646.48
1043.217	707.91
1043.381	165.2
1043.544	-64.17
1043.708	830.79
1043.872	533.84
1044.036	-160.42
1044.2	-82.6
1044.364	941.38
1044.528	894.28
1044.691	8158.42
1044.855	-131.75
1045.019	716.11
1045.183	861.51
1045.346	193.87
1045.51	-82.6
1045.674	869.7
1045.837	683.34
1046.001	-53.93
1046.165	130.39
1046.328	1183.04
1046.492	609.61
1046.655	339.28
1046.819	118.1
1046.983	589.13
1047.146	509.26
1047.31	169.3
1047.473	-199.34
1047.636	580.94
1047.8	365.9
1047.963	85.33
1048.127	3.41
1048.29	421.2
