345.52	-1342.78
345.736	-1342.78
345.952	-1342.78
346.168	-1334.59
346.384	-1369.41
346.6	-220.5
346.816	-265.55
347.032	-159.06
347.248	449.19
347.464	-372.05
347.68	-159.06
347.896	-73.04
348.112	385.7
348.328	-130.39
348.544	8.87
348.76	256.68
348.975	279.21
349.191	-329.04
349.407	-404.82
349.623	168.62
349.839	158.38
350.055	-269.65
350.27	-118.1
350.486	119.46
350.702	285.35
350.918	432.8
351.133	-146.77
351.349	209.58
351.565	488.1
351.781	-410.96
351.996	-40.28
352.212	180.9
352.428	160.42
352.644	-363.86
352.859	-310.61
353.075	271.01
353.291	117.42
353.506	-212.31
353.722	-351.57
353.938	-75.09
354.153	496.29
354.369	244.39
354.584	-329.04
354.8	250.53
355.016	-118.1
355.231	-396.62
355.447	-120.15
355.662	379.56
355.878	731.81
356.093	-425.29
356.309	-62.8
356.524	-68.95
356.74	428.71
356.955	-449.87
357.171	-64.85
357.386	271.01
357.602	-109.91
357.817	-85.33
358.033	-99.67
358.248	369.32
358.464	369.32
358.679	-230.74
358.895	-386.38
359.11	94.89
359.325	203.43
359.541	441
359.756	0.68
359.972	-136.53
360.187	543.39
360.402	-331.09
360.618	-247.12
360.833	1503.89
361.048	131.75
361.264	-177.49
361.479	-21.85
361.694	101.03
361.909	262.82
362.125	-310.61
362.34	-173.39
362.555	373.41
362.77	168.62
362.986	-421.2
363.201	-220.5
363.416	283.3
363.631	37.55
363.847	-314.7
364.062	-251.22
364.277	133.8
364.492	-13.65
364.707	-265.55
364.922	-482.64
365.138	230.06
365.353	375.46
365.568	-445.77
365.783	-306.51
365.998	424.61
366.213	570.02
366.428	-245.07
366.643	172.71
366.858	332.45
367.073	254.63
367.288	-148.82
367.503	-331.09
367.718	-17.75
367.933	524.96
368.148	-322.9
368.363	-81.24
368.578	223.91
368.793	551.59
369.008	-126.29
369.223	-306.51
369.438	285.35
369.653	230.06
369.868	-398.67
370.083	-423.25
370.298	311.97
370.513	486.05
370.728	144.04
370.943	-292.18
371.157	70.31
371.372	674.46
371.587	-349.52
371.802	-417.1
372.017	117.42
372.232	527.01
372.446	-91.48
372.661	-296.27
372.876	150.18
373.091	316.07
373.306	-167.25
373.52	-443.73
373.735	-32.08
373.95	572.07
374.165	-169.3
374.379	-204.11
374.594	-46.42
374.809	436.9
375.023	127.66
375.238	-265.55
375.453	307.88
375.667	-36.18
375.882	-324.94
376.097	-343.38
376.311	113.32
376.526	299.69
376.741	-339.28
376.955	207.53
377.17	479.91
377.384	1002.14
377.599	92.84
377.813	-427.34
378.028	828.06
378.242	369.32
378.457	-62.8
378.672	-355.66
378.886	33.45
379.101	221.86
379.315	-503.12
379.53	-197.97
379.744	441
379.958	377.51
380.173	-259.41
380.387	-261.46
380.602	297.64
380.816	31.4
381.031	-146.77
381.245	-116.05
381.459	240.29
381.674	3215.99
381.888	-433.49
382.103	201.38
382.317	103.08
382.531	371.36
382.746	-34.13
382.96	-228.69
383.174	156.33
383.388	699.04
383.603	107.18
383.817	-388.43
384.031	178.86
384.246	496.29
384.46	-5.46
384.674	735.9
384.888	23.21
385.103	363.17
385.317	-355.66
385.531	35.5
385.745	754.34
385.959	555.68
386.174	-212.31
386.388	-314.7
386.602	141.99
386.816	43.69
387.03	-93.52
387.244	-79.19
387.458	330.41
387.672	443.04
387.887	-427.34
388.101	-326.99
388.315	391.84
388.529	191.14
388.743	-259.41
388.957	-189.78
389.171	680.61
389.385	-32.08
389.599	-365.9
389.813	25.26
390.027	201.38
390.241	840.35
390.455	-240.98
390.669	-56.66
390.883	148.14
391.097	674.46
391.311	209.58
391.525	-165.2
391.738	481.96
391.952	543.39
392.166	127.66
392.38	-326.99
392.594	492.2
392.808	361.13
393.022	-87.38
393.236	-132.44
393.449	301.73
393.663	500.39
393.877	-226.64
394.091	-99.67
394.305	254.63
394.518	139.94
394.732	-294.22
394.946	-120.15
395.16	817.82
395.373	316.07
395.587	-283.99
395.801	-167.25
396.015	379.56
396.228	361.13
396.442	-351.57
396.656	-359.76
396.869	453.28
397.083	785.05
397.297	-9.56
397.51	-152.92
397.724	412.32
397.938	334.5
398.151	-499.02
398.365	-277.84
398.578	477.86
398.792	617.12
399.005	98.99
399.219	-234.83
399.433	305.83
399.646	516.77
399.86	180.9
400.073	232.1
400.287	268.97
400.5	322.21
400.714	111.27
400.927	-15.7
401.141	553.63
401.354	1794.7
401.567	574.11
401.781	-331.09
401.994	334.5
402.208	723.62
402.421	55.98
402.635	-95.57
402.848	64.17
403.061	436.9
403.275	47.79
403.488	-263.51
403.701	639.65
403.915	682.66
404.128	101.03
404.341	-111.96
404.555	643.74
404.768	60.07
404.981	256.68
405.195	-91.48
405.408	533.15
405.621	486.05
405.834	166.57
406.048	-251.22
406.261	516.77
406.474	553.63
406.687	-185.68
406.9	33.45
407.114	389.8
407.327	680.61
407.54	-238.93
407.753	-306.51
407.966	160.42
408.179	387.75
408.392	-159.06
408.605	-247.12
408.819	332.45
409.032	500.39
409.245	-79.19
409.458	172.71
409.671	395.94
409.884	477.86
410.097	-224.59
410.31	174.76
410.523	735.9
410.736	289.45
410.949	2.73
411.162	-97.62
411.375	561.83
411.588	457.38
411.801	146.09
412.014	-216.4
412.227	178.86
412.44	389.8
412.653	-62.8
412.865	287.4
413.078	586.4
413.291	551.59
413.504	88.75
413.717	-116.05
413.93	666.27
414.143	279.21
414.356	103.08
414.568	-308.56
414.781	592.55
414.994	459.43
415.207	187.05
415.42	29.35
415.632	500.39
415.845	881.31
416.058	-222.55
416.271	-175.44
416.483	500.39
416.696	772.77
416.909	-54.61
417.121	-64.85
417.334	344.74
417.547	658.08
417.759	-66.9
417.972	-68.95
418.185	232.1
418.397	426.66
418.61	-1.37
418.823	-97.62
419.035	715.42
419.248	529.06
419.46	17.07
419.673	193.19
419.885	314.02
420.098	529.06
420.311	-134.48
420.523	-324.94
420.736	641.7
420.948	381.6
421.161	-50.52
421.373	-226.64
421.586	363.17
421.798	225.96
422.01	-228.69
422.223	279.21
422.435	105.13
422.648	705.18
422.86	41.64
423.073	25.26
423.285	471.72
423.497	305.83
423.71	-5.46
423.922	60.07
424.134	875.17
424.347	840.35
424.559	320.17
424.771	522.91
424.984	541.35
425.196	606.88
425.408	-253.27
425.621	-5.46
425.833	615.07
426.045	854.69
426.257	-157.01
426.47	98.99
426.682	395.94
426.894	422.56
427.106	31.4
427.318	160.42
427.531	434.85
427.743	598.69
427.955	166.57
428.167	817.82
428.379	406.18
428.591	375.46
428.804	152.23
429.016	33.45
429.228	512.67
429.44	699.04
429.652	13658.59
429.864	-81.24
430.076	504.48
430.288	606.88
430.5	248.49
430.712	232.1
430.924	649.89
431.136	740
431.348	23.21
431.56	125.61
431.772	346.79
431.984	387.75
432.196	-64.85
432.408	58.03
432.62	455.33
432.832	715.42
433.044	625.31
433.256	266.92
433.468	651.94
433.679	336.55
433.891	-97.62
434.103	375.46
434.315	932.51
434.527	711.33
434.739	447.14
434.95	299.69
435.162	617.12
435.374	223.91
435.586	316.07
435.798	180.9
436.009	567.97
436.221	434.85
436.433	305.83
436.645	240.29
436.856	506.53
437.068	1024.67
437.28	76.46
437.491	596.64
437.703	785.05
437.915	707.23
438.126	180.9
438.338	684.7
438.55	565.92
438.761	512.67
438.973	256.68
439.184	230.06
439.396	508.58
439.608	672.42
439.819	92.84
440.031	397.99
440.242	821.92
440.454	797.34
440.665	295.59
440.877	457.38
441.088	948.89
441.3	719.52
441.511	-1.37
441.723	180.9
441.934	1082.01
442.146	758.43
442.357	424.61
442.569	844.45
442.78	905.88
442.991	1292.95
443.203	889.5
443.414	164.52
443.626	1133.21
443.837	633.5
444.048	248.49
444.26	187.05
444.471	930.46
444.682	903.84
444.894	172.71
445.105	244.39
445.316	1133.21
445.528	934.56
445.739	461.48
445.95	471.72
446.161	733.86
446.373	912.03
446.584	412.32
446.795	322.21
447.006	1159.83
447.217	983.71
447.429	160.42
447.64	109.22
447.851	1706.64
448.062	1032.86
448.273	170.66
448.484	371.36
448.695	903.84
448.907	1010.33
449.118	498.34
449.329	811.68
449.54	787.1
449.751	733.86
449.962	324.26
450.173	264.87
450.384	887.45
450.595	1254.04
450.806	410.28
451.017	385.7
451.228	1186.46
451.439	1000.09
451.65	500.39
451.861	82.6
452.072	848.54
452.283	854.69
452.494	754.34
452.705	445.09
452.915	1503.89
453.126	942.75
453.337	623.27
453.548	410.28
453.759	1208.98
453.97	1301.14
454.181	1073.82
454.391	420.52
454.602	1024.67
454.813	1374.87
455.024	600.74
455.235	461.48
455.445	1256.09
455.656	1047.19
455.867	789.15
456.078	580.26
456.288	856.73
456.499	1245.85
456.71	475.81
456.921	914.08
457.131	1114.78
457.342	1008.28
457.553	680.61
457.763	664.22
457.974	1014.43
458.184	1190.55
458.395	486.05
458.606	494.24
458.816	1499.8
459.027	1448.6
459.237	815.77
459.448	604.83
459.659	1182.36
459.869	2163.34
460.08	438.95
460.29	866.97
460.501	1467.03
460.711	1239.7
460.922	391.84
461.132	615.07
461.343	2011.79
461.553	1039
461.764	633.5
461.974	776.86
462.184	1573.52
462.395	1385.11
462.605	780.96
462.816	522.91
463.026	1479.32
463.236	1307.29
463.447	701.09
463.657	701.09
463.867	1534.61
464.078	1249.94
464.288	926.36
464.498	897.69
464.709	1405.59
464.919	1407.64
465.129	1014.43
465.339	709.28
465.55	1323.67
465.76	1651.35
465.97	965.28
466.18	932.51
466.391	1663.63
466.601	1440.4
466.811	1051.29
467.021	688.8
467.231	1651.35
467.441	1663.63
467.651	907.93
467.862	653.98
468.072	1460.88
468.282	1495.7
468.492	952.99
468.702	1194.65
468.912	1534.61
469.122	2222.73
469.332	1428.12
469.542	963.23
469.752	2040.46
469.962	1675.92
470.172	1145.5
470.382	1075.87
470.592	1970.83
470.802	1753.74
471.012	1469.08
471.222	1292.95
471.432	1817.23
471.642	1870.48
471.852	1489.56
472.062	1159.83
472.272	1788.56
472.482	1641.11
472.691	1129.11
472.901	1229.46
473.111	1657.49
473.321	2495.11
473.531	1256.09
473.741	1690.26
473.95	2052.75
474.16	2146.95
474.37	1829.52
474.58	1321.62
474.79	2603.65
474.999	2130.57
475.209	1421.97
475.419	1714.83
475.628	2179.72
475.838	2531.97
476.048	1868.43
476.258	1399.45
476.467	2441.86
476.677	2038.41
476.886	2114.19
477.096	1843.85
477.306	2196.11
477.515	2529.92
477.725	2161.29
477.935	2198.15
478.144	3037.82
478.354	2400.9
478.563	1933.97
478.773	1800.85
478.982	2826.88
479.192	2617.99
479.401	1946.25
479.611	1974.92
479.82	2220.68
480.03	2624.13
480.239	2087.56
480.449	1888.91
480.658	2824.83
480.868	2572.93
481.077	2357.89
481.287	2187.91
481.496	2818.69
481.705	2951.81
481.915	2765.44
482.124	2552.45
482.333	2900.61
482.543	3443.32
482.752	2687.62
482.961	2345.61
483.171	2972.29
483.38	3017.34
483.589	2720.39
483.799	2429.57
484.008	3043.96
484.217	2935.42
484.426	2771.58
484.636	2439.81
484.845	3302.01
485.054	2951.81
485.263	3220.09
485.472	2650.75
485.682	3381.88
485.891	3162.75
486.1	2560.64
486.309	2781.82
486.518	3519.09
486.727	4061.8
486.936	2794.11
487.146	2970.24
487.355	3787.38
487.564	3398.26
487.773	3037.82
487.982	3015.29
488.191	3373.69
488.4	3777.14
488.609	2871.93
488.818	2937.47
489.027	3947.12
489.236	3930.73
489.445	3148.41
489.654	2853.5
489.863	3992.17
490.072	3478.13
490.281	3922.54
490.49	3365.5
490.698	3981.93
490.907	4459.11
491.116	3314.3
491.325	3099.26
491.534	4211.31
491.743	3730.03
491.952	3476.09
492.16	3521.14
492.369	4203.11
492.578	4385.38
492.787	3574.39
492.996	3318.39
493.204	3838.58
493.413	4493.93
493.622	3338.87
493.831	3291.77
494.039	4612.71
494.248	3854.96
494.457	3508.85
494.665	3293.82
494.874	4207.21
495.083	4891.23
495.291	3652.21
495.5	3646.07
495.709	4469.35
495.917	4457.06
496.126	3871.34
496.335	3533.43
496.543	4319.85
496.752	4457.06
496.96	4239.98
497.169	3779.18
497.377	4354.66
497.586	4514.41
497.794	4086.38
498.003	3664.5
498.211	4735.59
498.42	4694.63
498.628	4018.8
498.837	3908.21
499.045	4581.99
499.254	4543.08
499.462	4125.29
499.671	4104.81
499.879	5493.33
500.087	4735.59
500.296	3865.2
500.504	4174.44
500.713	4555.37
500.921	5177.95
501.129	4231.79
501.338	4041.32
501.546	4725.35
501.754	4803.17
501.962	4242.03
502.171	4065.9
502.379	5014.11
502.587	5007.97
502.795	4340.33
503.004	4407.91
503.212	5141.08
503.42	5214.81
503.628	4399.72
503.837	4526.69
504.045	5010.01
504.253	5491.29
504.461	4334.18
504.669	4272.75
504.877	5466.71
505.085	5177.95
505.294	4450.92
505.502	4797.03
505.71	5616.21
505.918	4999.77
506.126	4344.42
506.334	4395.62
506.542	5368.41
506.75	5122.65
506.958	4956.77
507.166	4547.17
507.374	5208.67
507.582	5599.83
507.79	4829.79
507.998	4729.44
508.206	5648.98
508.414	5372.5
508.622	4676.2
508.83	4766.31
509.037	5300.83
509.245	5030.49
509.453	4651.62
509.661	4555.37
509.869	5638.74
510.077	5149.28
510.285	5030.49
510.492	4461.16
510.7	6017.61
510.908	5263.96
511.116	4889.18
511.324	4991.58
511.531	5384.79
511.739	5827.15
511.947	5323.35
512.155	5364.31
512.362	5689.94
512.57	5384.79
512.778	5126.75
512.985	4766.31
513.193	5575.25
513.401	6068.81
513.608	5126.75
513.816	5024.35
514.024	5900.88
514.231	5737.04
514.439	5208.67
514.646	5210.72
514.854	5933.65
515.061	5921.36
515.269	5304.92
515.477	5159.52
515.684	5403.22
515.892	5972.56
516.099	5091.93
516.307	5063.26
516.514	6187.6
516.722	6419.02
516.929	5427.8
517.136	5276.25
517.344	6193.74
517.551	6025.81
517.759	5149.28
517.966	5419.61
518.173	5796.43
518.381	6025.81
518.588	5638.74
518.796	5245.53
519.003	6230.6
519.21	6191.69
519.418	5528.15
519.625	5999.18
519.832	6201.93
520.039	6333
520.247	5169.76
520.454	5667.41
520.661	6226.51
520.868	6326.86
521.076	5565.01
521.283	5646.93
521.49	6582.85
521.697	6421.06
521.904	5767.76
522.112	5794.39
522.319	6521.42
522.526	6316.62
522.733	5894.74
522.94	5739.09
523.147	6242.89
523.354	6277.71
523.561	5671.51
523.768	5761.62
523.975	6689.35
524.183	6505.03
524.39	6177.36
524.597	5622.36
524.804	6335.05
525.011	6316.62
525.218	5988.94
525.425	5947.98
525.632	7006.78
525.838	6658.63
526.045	5937.74
526.252	6160.97
526.459	8344.11
526.666	8450.6
526.873	6357.58
527.08	5984.85
527.287	6969.92
527.494	6752.84
527.701	6034
527.907	6062.67
528.114	6838.85
528.321	6720.07
528.528	6134.35
528.735	6271.56
528.941	6758.98
529.148	6554.18
529.355	6203.98
529.562	6144.59
529.768	7606.84
529.975	6761.03
530.182	6130.25
530.388	6206.03
530.595	7295.55
530.802	6724.16
531.008	6652.49
531.215	6513.22
531.422	7895.6
531.628	7897.65
531.835	6591.05
532.042	6713.92
532.248	7092.8
532.455	7096.89
532.661	6589
532.868	6427.21
533.074	7125.57
533.281	7514.68
533.487	6550.09
533.694	6621.77
533.9	7109.18
534.107	6992.45
534.313	6545.99
534.52	6535.75
534.726	7270.97
534.933	7703.09
535.139	6589
535.345	6611.53
535.552	7793.2
535.758	7608.89
535.965	7010.88
536.171	6720.07
536.377	7508.54
536.584	8268.33
536.79	6709.83
536.996	7096.89
537.203	7780.92
537.409	7889.46
537.615	6969.92
537.821	6994.5
538.028	8172.08
538.234	7502.39
538.44	7203.39
538.646	7172.67
538.853	7326.27
539.059	7543.35
539.265	7459.38
539.471	6634.05
539.677	7944.75
539.883	7565.88
540.09	8708.65
540.296	7778.87
540.502	7555.64
540.708	7746.1
540.914	7651.89
541.12	7123.52
541.326	8014.38
541.532	7807.54
541.738	7391.8
541.944	7354.94
542.15	8245.8
542.356	7694.9
542.562	7225.92
542.768	7477.82
542.974	8577.58
543.18	8108.59
543.386	7524.92
543.592	7037.5
543.798	8899.11
544.004	8210.99
544.21	7303.74
544.415	7649.85
544.621	8370.73
544.827	8897.06
545.033	7471.67
545.239	7987.76
545.445	8014.38
545.651	8229.42
545.856	7651.89
546.062	7627.32
546.268	8210.99
546.474	8280.62
546.679	7641.65
546.885	7643.7
547.091	8141.36
547.297	8755.75
547.502	7934.51
547.708	7533.11
547.914	8223.28
548.119	8573.48
548.325	7567.93
548.531	7539.26
548.736	9019.94
548.942	8210.99
549.147	7610.93
549.353	8045.1
549.559	8788.52
549.764	8768.04
549.97	7604.79
550.175	7922.23
550.381	8843.81
550.586	8159.79
550.792	7965.23
550.997	7725.62
551.203	8647.21
551.408	8661.54
551.614	7832.12
551.819	8032.82
552.025	9187.87
552.23	8772.13
552.435	7938.61
552.641	8245.8
552.846	8530.47
553.052	9136.67
553.257	8258.09
553.462	8081.97
553.668	8671.78
553.873	8929.83
554.078	8159.79
554.283	8073.78
554.489	9064.99
554.694	8788.52
554.899	8045.1
555.105	8718.89
555.31	8987.17
555.515	9038.37
555.72	8274.48
555.925	9355.8
556.131	9179.68
556.336	9251.36
556.541	8456.75
556.746	8305.2
556.951	9210.4
557.156	9089.57
557.361	8624.68
557.567	8841.76
557.772	9380.38
557.977	9298.46
558.182	8389.16
558.387	8432.17
558.592	8876.58
558.797	9585.18
559.002	8524.33
559.207	8659.49
559.412	9206.3
559.617	9593.37
559.822	8374.83
560.027	8395.31
560.232	9007.65
560.437	9329.18
560.642	8327.72
560.847	8493.61
561.051	9044.51
561.256	9388.57
561.461	8690.21
561.666	8614.44
561.871	9032.22
562.076	9601.56
562.281	8698.41
562.485	8450.6
562.69	9474.59
562.895	9232.93
563.1	8698.41
563.305	8477.23
563.509	9527.83
563.714	9787.93
563.919	8725.03
564.123	8819.24
564.328	9339.42
564.533	9679.38
564.737	8708.65
564.942	8653.35
565.147	9744.92
565.351	9466.39
565.556	8667.69
565.761	8778.28
565.965	9505.31
566.17	9206.3
566.374	9005.6
566.579	8679.97
566.784	9552.41
566.988	9450.01
567.193	8749.61
567.397	9042.46
567.602	9191.97
567.806	9458.2
568.011	9036.32
568.215	9007.65
568.42	9447.96
568.624	9654.81
568.828	8923.68
569.033	9249.31
569.237	9884.18
569.442	9882.13
569.646	8675.88
569.85	8909.35
570.055	9568.79
570.259	9837.08
570.463	9542.17
570.668	9339.42
570.872	9837.08
571.076	9773.59
571.281	9327.13
571.485	9464.35
571.689	9959.95
571.893	9939.47
572.098	9472.54
572.302	9011.75
572.506	9978.39
572.71	9914.9
572.914	9175.58
573.119	9339.42
573.323	10287.63
573.527	10093.07
573.731	9404.96
573.935	9284.12
574.139	9919
574.343	9660.95
574.547	9407
574.751	9300.51
574.955	10052.11
575.159	9996.82
575.364	9443.87
575.568	9560.6
575.772	10050.07
575.976	10183.18
576.18	9429.53
576.383	9333.28
576.587	10504.71
576.791	10027.54
576.995	9136.67
577.199	9196.06
577.403	9925.14
577.607	10181.14
577.811	9450.01
578.015	9781.78
578.219	10455.56
578.422	10263.05
578.626	9767.45
578.83	9896.47
579.034	10535.43
579.238	10498.57
579.442	9703.96
579.645	10129.94
579.849	10254.86
580.053	10510.86
580.257	9781.78
580.46	10052.11
580.664	10666.5
580.868	10588.68
581.071	10023.44
581.275	9824.79
581.479	10119.7
581.682	10447.37
581.886	9916.95
582.09	10080.78
582.293	10750.47
582.497	10754.57
582.7	10191.38
582.904	9947.67
583.107	10517
583.311	10445.32
583.515	10091.02
583.718	10005.01
583.922	10889.73
584.125	11379.2
584.329	9900.56
584.532	10373.64
584.735	10897.92
584.939	10643.98
585.142	9919
585.346	9890.32
585.549	10609.16
585.753	10803.72
585.956	10164.75
586.159	10535.43
586.363	11100.67
586.566	10906.12
586.769	10027.54
586.973	10078.74
587.176	10897.92
587.379	11180.54
587.582	10586.63
587.786	10738.18
587.989	11170.3
588.192	12165.62
588.395	10525.19
588.599	10781.19
588.802	10979.84
589.005	11262.46
589.208	10428.94
589.411	10363.4
589.615	11151.87
589.818	11313.66
590.021	11082.24
590.224	10545.67
590.427	11651.58
590.63	11284.99
590.833	10113.55
591.036	10287.63
591.239	11100.67
591.442	11090.43
591.645	10668.55
591.848	10588.68
592.051	11119.1
592.254	11149.82
592.457	10754.57
592.66	10633.74
592.863	11190.78
593.066	11467.26
593.269	10711.56
593.472	10736.13
593.675	11041.28
593.878	11231.74
594.081	10754.57
594.284	10498.57
594.486	11465.21
594.689	11454.97
594.892	10938.88
595.095	10789.38
595.298	11604.47
595.5	11323.9
595.703	10895.88
595.906	10967.56
596.109	11485.69
596.311	11551.23
596.514	10537.48
596.717	11094.53
596.92	11936.24
597.122	11864.57
597.325	10942.98
597.528	10826.25
597.73	12112.37
597.933	11743.74
598.136	10908.16
598.338	10846.73
598.541	11942.39
598.743	11958.77
598.946	11211.26
599.148	11297.28
599.351	11891.19
599.554	11610.62
599.756	11184.64
599.959	11420.16
600.161	12001.78
600.363	12333.55
600.566	11518.46
600.768	11127.3
600.971	11995.64
601.173	11690.49
601.376	11448.83
601.578	11309.57
601.78	11796.98
601.983	12392.94
602.185	11473.4
602.388	11901.43
602.59	12016.12
602.792	12249.58
602.995	11647.48
603.197	11385.34
603.399	11932.15
603.601	12331.5
603.804	11072
604.006	11317.76
604.208	11571.71
604.41	11696.63
604.613	11508.22
604.815	11151.87
605.017	12220.91
605.219	11889.14
605.421	12157.43
605.623	11532.79
605.826	12607.98
606.028	12620.27
606.23	11440.64
606.432	11506.17
606.634	12225.01
606.836	12313.07
607.038	11424.25
607.24	11629.05
607.442	12237.3
607.644	12044.79
607.846	11547.13
608.048	11606.52
608.25	12448.24
608.452	11887.09
608.654	11639.29
608.856	11149.82
609.058	12155.38
609.26	12331.5
609.462	11631.1
609.664	11416.06
609.866	12294.64
610.067	12296.69
610.269	11686.39
610.471	11760.12
610.673	12093.94
610.875	12440.04
611.077	11250.17
611.278	11471.36
611.48	12204.53
611.682	12460.52
611.884	11506.17
612.085	11725.3
612.287	12044.79
612.489	12175.86
612.69	11596.28
612.892	11780.6
613.094	12634.6
613.295	12186.1
613.497	11520.51
613.699	11688.44
613.9	12569.07
614.102	12059.12
614.304	11659.77
614.505	11540.99
614.707	12071.41
614.908	12296.69
615.11	11616.76
615.311	11749.88
615.513	12499.44
615.714	12540.4
615.916	11782.65
616.117	12073.46
616.319	12460.52
616.52	12364.27
616.722	11583.99
616.923	11731.45
617.124	12462.57
617.326	12388.85
617.527	11981.3
617.729	12141.04
617.93	12521.96
618.131	12564.97
618.333	11741.69
618.534	11821.56
618.735	12509.68
618.937	12720.62
619.138	11837.94
619.339	11801.08
619.54	12411.37
619.742	12206.58
619.943	11997.68
620.144	12003.83
620.345	12909.03
620.546	12521.96
620.748	11913.72
620.949	12079.6
621.15	12552.68
621.351	12526.06
621.552	11768.31
621.753	11516.41
621.954	12155.38
622.155	12931.56
622.356	11878.9
622.558	12227.06
622.759	12790.25
622.96	12952.04
623.161	12126.71
623.362	12052.98
623.563	12497.39
623.764	12583.4
623.965	11829.75
624.166	12417.52
624.366	12562.92
624.567	12749.29
624.768	11663.86
624.969	11911.67
625.17	12499.44
625.371	12454.38
625.572	12081.65
625.773	11962.87
625.973	12804.58
626.174	12962.28
626.375	12165.62
626.576	12313.07
626.777	12659.18
626.977	13113.83
627.178	12376.56
627.379	12397.04
627.58	12435.95
627.78	12589.55
627.981	11715.06
628.182	12286.45
628.382	12804.58
628.583	12261.87
628.784	11807.22
628.984	12384.75
629.185	12524.01
629.386	12896.74
629.586	12337.65
629.787	12114.42
629.987	12747.24
630.188	12833.25
630.388	12374.51
630.589	12462.57
630.79	13138.4
630.99	12788.2
631.191	12366.32
631.391	12560.87
631.591	12650.99
631.792	12960.23
631.992	12605.93
632.193	12169.71
632.393	13158.88
632.594	12685.8
632.794	12351.98
632.994	12521.96
633.195	12693.99
633.395	12661.23
633.595	12343.79
633.796	12288.5
633.996	12771.82
634.196	13134.31
634.397	12237.3
634.597	12290.54
634.797	12569.07
634.997	13314.53
635.198	12538.35
635.398	12343.79
635.598	12888.55
635.798	12798.44
635.998	12642.79
636.199	12304.88
636.399	12579.31
636.599	12702.18
636.799	12001.78
636.999	12853.73
637.199	12947.94
637.399	13158.88
637.599	12218.86
637.799	12470.76
637.999	12949.99
638.199	13083.11
638.399	12757.48
638.599	12585.45
638.799	12980.71
638.999	13222.37
639.199	12560.87
639.399	12751.34
639.599	13191.65
639.799	12947.94
639.999	12405.23
640.199	12659.18
640.399	13009.38
640.599	13038.05
640.799	12599.79
640.998	13019.62
641.198	13289.95
641.398	13382.11
641.598	12849.64
641.798	12511.72
641.997	14221.78
642.197	13140.45
642.397	12909.03
642.597	12751.34
642.796	13236.7
642.996	12782.06
643.196	12982.76
643.395	12179.95
643.595	13146.59
643.795	12870.12
643.994	12556.78
644.194	12671.47
644.394	13519.32
644.593	13498.84
644.793	12493.29
644.992	13087.2
645.192	13658.59
645.392	13066.72
645.591	13107.68
645.791	12919.27
645.99	13218.27
646.19	13140.45
646.389	12659.18
646.589	12685.8
646.788	13226.46
646.987	13363.68
647.187	13251.04
647.386	13132.26
647.586	13439.45
647.785	13580.76
647.984	12784.1
648.184	12820.97
648.383	13363.68
648.582	13085.15
648.782	12890.6
648.981	13070.82
649.18	13142.5
649.38	13339.1
649.579	13056.48
649.778	12898.79
649.977	13640.15
650.177	13625.82
650.376	12648.94
650.575	12691.94
650.774	13576.67
650.973	13457.89
651.173	12671.47
651.372	13017.57
651.571	13160.93
651.77	13777.37
651.969	12898.79
652.168	13023.72
652.367	13332.96
652.566	13322.72
652.765	12892.65
652.964	13416.93
653.163	13918.68
653.362	13521.37
653.561	12814.82
653.76	13173.22
653.959	13447.65
654.158	13484.51
654.357	13191.65
654.556	12980.71
654.755	13693.4
654.954	13693.4
655.153	12974.56
655.352	13126.11
655.551	13803.99
655.749	13621.72
655.948	13033.96
656.147	13310.43
656.346	13404.64
656.545	13593.05
656.743	13107.68
656.942	13107.68
657.141	13476.32
657.34	13582.81
657.538	13191.65
657.737	13498.84
657.936	13793.75
658.135	13730.27
658.333	13236.7
658.532	13390.3
658.731	13769.18
658.929	13920.73
659.128	13584.86
659.326	12900.84
659.525	14012.88
659.724	13816.28
659.922	13042.15
660.121	12935.65
660.319	13595.1
660.518	13236.7
660.716	13273.57
660.915	13005.28
661.113	13892.05
661.312	13449.69
661.51	13457.89
661.709	13289.95
661.907	13560.28
662.105	13867.48
662.304	13189.6
662.502	13423.07
662.701	13904.34
662.899	13570.52
663.097	13765.08
663.296	13167.07
663.494	13924.82
663.692	13769.18
663.891	13042.15
664.089	12976.61
664.287	13638.11
664.485	13890.01
664.684	13154.79
664.882	13480.41
665.08	13668.83
665.278	13787.61
665.476	13390.3
665.675	13885.91
665.873	14059.99
666.071	14258.64
666.269	13246.94
666.467	13847
666.665	13775.32
666.863	13887.96
667.061	13660.63
667.259	13494.75
667.457	13668.83
667.655	13984.21
667.853	13156.83
668.051	13525.47
668.249	13576.67
668.447	13900.25
668.645	13066.72
668.843	13277.66
669.041	14084.56
669.239	13697.5
669.437	13480.41
669.635	13423.07
669.833	13785.56
670.031	13629.91
670.229	13498.84
670.426	13443.55
670.624	13568.48
670.822	13640.15
671.02	13271.52
671.218	13328.86
671.415	13554.14
671.613	13672.92
671.811	13558.24
672.009	13380.06
672.206	13693.4
672.404	13720.03
672.602	13668.83
672.799	13650.39
672.997	14037.46
673.195	13922.77
673.392	13470.17
673.59	12933.61
673.788	14043.6
673.985	13052.39
674.183	13302.24
674.38	13464.03
674.578	13806.04
674.775	13453.79
674.973	12800.49
675.17	12851.69
675.368	13730.27
675.565	13484.51
675.763	13410.78
675.96	13081.06
676.158	13820.38
676.355	13402.59
676.553	12935.65
676.75	13109.73
676.947	13545.95
677.145	13584.86
677.342	13234.66
677.539	13392.35
677.737	13683.16
677.934	13803.99
678.131	13267.42
678.329	13111.78
678.526	14123.48
678.723	13908.44
678.92	13351.39
679.118	13154.79
679.315	13181.41
679.512	13777.37
679.709	13222.37
679.906	13212.13
680.104	13763.03
680.301	13803.99
680.498	13085.15
680.695	13191.65
680.892	13412.83
681.089	13550.04
681.286	13214.18
681.483	12790.25
681.68	13328.86
681.877	13820.38
682.075	13171.17
682.272	13394.4
682.469	13619.67
682.665	13343.2
682.862	13023.72
683.059	12847.59
683.256	13416.93
683.453	13640.15
683.65	13337.06
683.847	13191.65
684.044	13705.69
684.241	13470.17
684.438	13343.2
684.635	12777.96
684.831	14158.29
685.028	14084.56
685.225	12964.32
685.422	13255.14
685.619	13490.65
685.815	13226.46
686.012	12929.51
686.209	12790.25
686.405	13228.51
686.602	13335.01
686.799	12603.88
686.996	12730.86
687.192	13066.72
687.389	14006.74
687.586	12782.06
687.782	12993
687.979	14066.13
688.175	13550.04
688.372	12708.33
688.568	12970.47
688.765	13099.49
688.962	13246.94
689.158	12984.8
689.355	12657.13
689.551	13328.86
689.748	13437.41
689.944	12724.71
690.14	12896.74
690.337	13517.28
690.533	13373.92
690.73	12884.45
690.926	13056.48
691.123	13185.51
691.319	13148.64
691.515	12712.42
691.712	12941.8
691.908	13214.18
692.104	13246.94
692.301	12962.28
692.497	12581.35
692.693	13208.03
692.889	13181.41
693.086	12851.69
693.282	12890.6
693.478	13009.38
693.674	13689.31
693.87	12759.53
694.067	12380.65
694.263	13359.58
694.459	13142.5
694.655	12962.28
694.851	12960.23
695.047	13142.5
695.243	13251.04
695.439	13017.57
695.635	12667.37
695.831	13060.58
696.027	12874.21
696.224	12630.51
696.42	13275.62
696.615	13558.24
696.811	13611.48
697.007	12327.41
697.203	12683.75
697.399	13165.03
697.595	13160.93
697.791	12564.97
697.987	12689.9
698.183	12923.37
698.379	12722.66
698.575	12550.64
698.77	12718.57
698.966	13279.71
699.162	13181.41
699.358	12685.8
699.554	12657.13
699.749	13484.51
699.945	13378.01
700.141	12734.95
700.337	12847.59
700.532	12876.26
700.728	12724.71
700.924	12138.99
701.119	12237.3
701.315	13107.68
701.511	12806.63
701.706	12681.71
701.902	12435.95
702.097	12896.74
702.293	12902.89
702.489	12683.75
702.684	12673.51
702.88	13177.31
703.075	12698.09
703.271	12540.4
703.466	12438
703.662	12536.3
703.857	13066.72
704.053	12728.81
704.248	12691.94
704.443	13175.27
704.639	13040.1
704.834	12601.83
705.03	12255.73
705.225	12868.07
705.42	13079.01
705.616	12573.16
705.811	12448.24
706.006	12722.66
706.202	12833.25
706.397	12530.16
706.592	12040.69
706.787	13029.86
706.983	12575.21
707.178	12747.24
707.373	12562.92
707.568	12829.16
707.763	12823.01
707.959	12028.4
708.154	12208.62
708.349	12581.35
708.544	12804.58
708.739	12319.21
708.934	11989.49
709.129	12820.97
709.324	12978.66
709.519	12362.22
709.714	12270.06
709.909	12698.09
710.104	12935.65
710.299	12235.25
710.494	12351.98
710.689	12825.06
710.884	12790.25
711.079	12112.37
711.274	12351.98
711.469	12835.3
711.664	13003.24
711.859	12268.02
712.054	12505.58
712.249	12958.18
712.443	12921.32
712.638	12126.71
712.833	12014.07
713.028	12450.28
713.223	12423.66
713.417	12524.01
713.612	12089.84
713.807	12882.41
714.002	13367.77
714.196	12370.41
714.391	12048.88
714.586	12681.71
714.78	12833.25
714.975	12057.07
715.17	11952.63
715.364	12476.91
715.559	12935.65
715.754	11545.08
715.948	11665.91
716.143	12820.97
716.337	12503.53
716.532	12450.28
716.726	12069.36
716.921	12728.81
717.115	12767.72
717.31	11897.33
717.504	12853.73
717.699	12546.54
717.893	12579.31
718.088	11889.14
718.282	11805.17
718.476	12222.96
718.671	12589.55
718.865	12022.26
719.059	11794.93
719.254	12282.35
719.448	12800.49
719.642	14852.55
719.837	11461.12
720.031	14070.23
720.225	12526.06
720.419	11817.46
720.614	11645.43
720.808	12456.43
721.002	12216.82
721.196	11733.5
721.39	11842.04
721.585	12642.79
721.779	12620.27
721.973	11635.19
722.167	11514.36
722.361	12206.58
722.555	12818.92
722.749	11991.54
722.943	11862.52
723.137	11653.62
723.331	12087.79
723.525	11338.24
723.719	11825.65
723.913	12171.76
724.107	12452.33
724.301	11364.86
724.495	11717.11
724.689	12829.16
724.883	12214.77
725.077	11729.4
725.271	11815.41
725.465	12235.25
725.659	11944.44
725.853	11846.13
726.046	11487.74
726.24	11901.43
726.434	12202.48
726.628	11657.72
726.822	11663.86
727.015	12556.78
727.209	12610.03
727.403	11674.1
727.596	11659.77
727.79	12388.85
727.984	12632.55
728.177	11809.27
728.371	11897.33
728.565	12415.47
728.758	11971.06
728.952	11735.54
729.146	11493.88
729.339	12440.04
729.533	12044.79
729.726	11921.91
729.92	11409.92
730.113	12268.02
730.307	12179.95
730.5	11727.35
730.694	11700.73
730.887	11938.29
731.081	12106.23
731.274	11497.98
731.468	11725.3
731.661	12012.02
731.854	11764.22
732.048	11631.1
732.241	11497.98
732.435	12024.31
732.628	11792.89
732.821	11799.03
733.014	11366.91
733.208	12001.78
733.401	12184.05
733.594	11604.47
733.788	11385.34
733.981	12153.33
734.174	12341.74
734.367	11389.44
734.56	11680.25
734.754	12440.04
734.947	12018.16
735.14	11405.82
735.333	11663.86
735.526	12499.44
735.719	11954.68
735.912	11444.73
736.105	11518.46
736.298	12165.62
736.491	12153.33
736.684	11465.21
736.877	11506.17
737.07	12517.87
737.263	12468.72
737.456	11522.55
737.649	11457.02
737.842	12028.4
738.035	12059.12
738.228	11686.39
738.421	11622.91
738.614	12130.8
738.807	12173.81
739	11010.56
739.192	11364.86
739.385	12145.14
739.578	11858.42
739.771	11784.69
739.964	11440.64
740.156	12339.69
740.349	12036.59
740.542	11856.37
740.735	11379.2
740.927	11704.82
741.12	11821.56
741.313	11225.6
741.505	11704.82
741.698	11960.82
741.891	12040.69
742.083	11506.17
742.276	11278.85
742.468	12198.38
742.661	11788.79
742.854	11334.14
743.046	11155.97
743.239	12024.31
743.431	12083.7
743.624	11328
743.816	10973.7
744.009	11592.19
744.201	11774.45
744.393	11401.72
744.586	11086.34
744.778	11895.29
744.971	11676.15
745.163	11135.49
745.355	11520.51
745.548	11825.65
745.74	12095.99
745.932	11383.29
746.125	11502.08
746.317	12138.99
746.509	11883
746.702	11284.99
746.894	11420.16
747.086	11946.48
747.278	11971.06
747.471	11760.12
747.663	11481.6
747.855	11913.72
748.047	12210.67
748.239	11377.15
748.431	11145.73
748.623	12247.54
748.815	11764.22
749.008	10773
749.2	11256.32
749.392	11665.91
749.584	11860.47
749.776	11311.61
749.968	11446.78
750.16	12067.31
750.352	11434.49
750.544	11282.94
750.736	11207.17
750.928	11715.06
751.12	11710.97
751.311	10994.18
751.503	11573.75
751.695	11571.71
751.887	11758.07
752.079	11047.43
752.271	10994.18
752.463	12124.66
752.654	11723.26
752.846	11422.2
753.038	11033.09
753.23	11375.1
753.421	11713.02
753.613	11072
753.805	11213.31
753.997	11465.21
754.188	11876.85
754.38	11049.47
754.572	11149.82
754.763	11395.58
754.955	11645.43
755.146	11016.71
755.338	10861.06
755.53	11889.14
755.721	11760.12
755.913	10727.94
756.104	10865.16
756.296	11428.35
756.487	11747.83
756.679	10629.64
756.87	10881.54
757.062	11305.47
757.253	11311.61
757.445	10613.26
757.636	11131.39
757.827	11379.2
758.019	11946.48
758.21	10959.36
758.401	10871.3
758.593	11973.11
758.784	11743.74
758.975	10637.83
759.167	10717.7
759.358	11133.44
759.549	11528.7
759.74	10621.45
759.932	10904.07
760.123	11241.98
760.314	11264.51
760.505	10912.26
760.696	10582.54
760.888	11473.4
761.079	11313.66
761.27	10732.04
761.461	10539.53
761.652	11600.38
761.843	11166.21
762.034	10979.84
762.225	11227.65
762.416	11237.89
762.607	11024.9
762.798	10494.47
762.989	10525.19
763.18	12282.35
763.371	11256.32
763.562	10650.12
763.753	10551.82
763.944	11233.79
764.135	11008.51
764.326	10684.94
764.517	10574.35
764.708	10959.36
764.899	11063.81
765.089	10099.22
765.28	10111.5
765.471	10654.22
765.662	11033.09
765.853	10424.84
766.043	10377.74
766.234	10887.68
766.425	10883.59
766.615	10414.6
766.806	10150.42
766.997	10871.3
767.187	10942.98
767.378	10158.61
767.569	9962
767.759	10801.67
767.95	10650.12
768.141	10308.11
768.331	10138.13
768.522	10934.79
768.712	11045.38
768.903	10193.42
769.093	10150.42
769.284	10805.77
769.474	10768.9
769.665	9937.43
769.855	9972.24
770.046	11147.78
770.236	10781.19
770.426	10435.08
770.617	9980.43
770.807	10691.08
770.998	10930.69
771.188	10447.37
771.378	10117.65
771.569	10717.7
771.759	10629.64
771.949	9634.33
772.139	9720.34
772.33	10461.71
772.52	10330.64
772.71	9908.76
772.9	9632.28
773.09	10625.54
773.281	10678.79
773.471	9966.1
773.661	10068.5
773.851	10555.91
774.041	10600.97
774.231	9724.44
774.421	10019.35
774.611	10859.01
774.802	10357.26
774.992	9959.95
775.182	9558.55
775.372	10490.38
775.562	10398.22
775.752	9712.15
775.942	9753.11
776.131	10775.05
776.321	10398.22
776.511	9523.74
776.701	9650.71
776.891	10365.45
777.081	10029.59
777.271	9779.73
777.461	9732.63
777.651	10529.29
777.84	10443.28
778.03	9832.98
778.22	9730.58
778.41	10121.74
778.599	10279.44
778.789	9720.34
778.979	9663
779.169	10156.56
779.358	9939.47
779.548	10052.11
779.738	9241.12
779.927	10015.25
780.117	9579.03
780.307	9441.82
780.496	9134.62
780.686	10193.42
780.875	10508.81
781.065	9482.78
781.254	9439.77
781.444	9818.64
781.633	9605.66
781.823	9087.52
782.012	9366.04
782.202	9884.18
782.391	9744.92
782.581	9298.46
782.77	9708.05
782.96	10287.63
783.149	9536.03
783.338	9091.62
783.528	8940.07
783.717	9873.94
783.906	10203.66
784.096	9523.74
784.285	8886.82
784.474	9482.78
784.663	9536.03
784.853	8995.36
785.042	9316.89
785.231	9619.99
785.42	9605.66
785.61	9261.6
785.799	9060.9
785.988	9789.97
786.177	9402.91
786.366	9056.8
786.555	9630.23
786.744	9624.09
786.933	9744.92
787.122	8843.81
787.312	8686.12
787.501	9364
787.69	9837.08
787.879	8966.69
788.068	9142.82
788.257	9323.04
788.445	9531.93
788.634	9036.32
788.823	8755.75
789.012	9896.47
789.201	9968.15
789.39	9056.8
789.579	8892.96
789.768	9857.56
789.957	9433.63
790.145	8796.71
790.334	8436.27
790.523	9179.68
790.712	9509.4
790.9	8915.49
791.089	8700.45
791.278	9482.78
791.467	9570.84
791.655	9407
791.844	9603.61
792.033	9433.63
792.221	9226.78
792.41	8907.3
792.599	8321.58
792.787	9325.08
792.976	9431.58
793.164	8550.95
793.353	8843.81
793.541	9370.14
793.73	9560.6
793.918	8770.08
794.107	8700.45
794.295	9263.65
794.484	9112.1
794.672	8714.79
794.861	8632.87
795.049	9077.28
795.238	9624.09
795.426	8542.76
795.614	8667.69
795.803	9402.91
795.991	9544.22
796.179	8524.33
796.368	8497.7
796.556	9476.63
796.744	8933.92
796.932	8550.95
797.121	8462.89
797.309	9212.45
797.497	9163.29
797.685	8682.02
797.874	8421.93
798.062	9247.26
798.25	9456.15
798.438	8290.86
798.626	8479.27
798.814	9464.35
799.002	9560.6
799.19	8692.26
799.378	8847.91
799.566	9341.47
799.755	9511.45
799.943	9091.62
800.131	8591.91
800.318	8921.63
800.506	9306.65
800.694	8477.23
800.882	8636.97
801.07	9699.86
801.258	9273.89
801.446	8591.91
801.634	8733.22
801.822	8981.03
802.01	9118.24
802.197	8438.31
802.385	8784.42
802.573	9513.5
802.761	8989.22
802.949	8579.62
803.136	8071.73
803.324	9163.29
803.512	9015.84
803.699	8624.68
803.887	8366.63
804.075	9368.09
804.262	9314.84
804.45	8321.58
804.638	8794.66
804.825	9249.31
805.013	8991.27
805.201	8555.05
805.388	8477.23
805.576	9028.13
805.763	9347.61
805.951	8702.5
806.138	8806.95
806.326	9560.6
806.513	9214.49
806.701	8514.09
806.888	8397.35
807.075	9282.08
807.263	9550.36
807.45	8608.3
807.638	8610.34
807.825	9595.42
808.012	9521.69
808.2	8708.65
808.387	9232.93
808.574	9380.38
808.761	9753.11
808.949	8524.33
809.136	8798.76
809.323	9386.52
809.51	9359.9
809.698	9353.76
809.885	9026.08
810.072	9380.38
810.259	9583.13
810.446	8669.73
810.633	8725.03
810.82	9562.65
811.008	9828.88
811.195	8948.26
811.382	8796.71
811.569	9458.2
811.756	8942.11
811.943	8811.04
812.13	8692.26
812.317	9325.08
812.504	9161.25
812.691	8991.27
812.878	8839.72
813.064	9644.57
813.251	9427.48
813.438	8813.09
813.625	8878.63
813.812	9454.11
813.999	9347.61
814.186	8888.87
814.372	8604.2
814.559	9433.63
814.746	9628.18
814.933	8706.6
815.12	8888.87
815.306	9216.54
815.493	9151.01
815.68	8811.04
815.866	8708.65
816.053	9353.76
816.24	9699.86
816.426	8864.29
816.613	8667.69
816.799	9396.76
816.986	9839.12
817.173	8647.21
817.359	8452.65
817.546	9355.8
817.732	9058.85
817.919	8319.53
818.105	8817.19
818.292	9394.72
818.478	9222.69
818.665	8950.31
818.851	8471.08
819.037	9658.9
819.224	9183.77
819.41	8446.51
819.597	8606.25
819.783	9880.08
819.969	9241.12
820.156	8698.41
820.342	8532.52
820.528	10742.28
820.714	8942.11
820.901	8839.72
821.087	8469.03
821.273	9304.6
821.459	9048.61
821.646	8299.05
821.832	8401.45
822.018	9144.86
822.204	9364
822.39	8733.22
822.576	8553
822.762	9134.62
822.948	9277.98
823.134	8815.14
823.32	8434.22
823.507	8745.51
823.693	9093.66
823.879	9038.37
824.065	8270.38
824.25	8882.72
824.436	8925.73
824.622	8321.58
824.808	8294.96
824.994	8974.88
825.18	8931.87
825.366	8270.38
825.552	8315.44
825.738	9364
825.923	9159.2
826.109	8704.55
826.295	8475.18
826.481	8761.89
826.667	8809
826.852	8561.19
827.038	8243.76
827.224	9171.49
827.409	9161.25
827.595	7819.83
827.781	8612.39
827.966	9071.14
828.152	9005.6
828.338	8268.33
828.523	7791.16
828.709	8751.65
828.894	8790.56
829.08	8270.38
829.266	8100.4
829.451	8780.32
829.637	8823.33
829.822	8340.01
830.008	8165.93
830.193	8647.21
830.378	9138.72
830.564	8325.68
830.749	7961.14
830.935	8831.52
831.12	8567.34
831.305	8020.53
831.491	8088.11
831.676	8329.77
831.861	8737.32
832.047	8094.26
832.232	7598.65
832.417	8759.84
832.602	8960.55
832.788	8006.19
832.973	7770.68
833.158	8722.98
833.343	8460.84
833.528	8403.5
833.714	8264.24
833.899	8553
834.084	9118.24
834.269	8419.88
834.454	7860.79
834.639	8450.6
834.824	8620.58
835.009	8069.68
835.194	8192.56
835.379	8794.66
835.564	9019.94
835.749	8217.13
835.934	7754.29
836.119	8786.47
836.304	8512.04
836.489	7719.48
836.674	8516.14
836.859	8329.77
837.044	8698.41
837.228	8063.54
837.413	7637.56
837.598	8245.8
837.783	8460.84
837.968	7883.31
838.152	7709.24
838.337	7811.64
838.522	8892.96
838.707	8421.93
838.891	8120.88
839.076	8188.46
839.261	8421.93
839.445	7914.03
839.63	7989.81
839.815	8665.64
839.999	8147.5
840.184	7834.16
840.368	7709.24
840.553	8409.64
840.737	8084.02
840.922	7418.43
841.106	7277.12
841.291	7737.91
841.475	8108.59
841.66	7467.58
841.844	7334.46
842.029	8702.5
842.213	7934.51
842.397	7696.95
842.582	7090.75
842.766	8178.22
842.951	8323.63
843.135	7621.17
843.319	7522.87
843.504	8241.71
843.688	8663.59
843.872	7359.03
844.056	7551.54
844.241	8186.41
844.425	8047.15
844.609	7705.14
844.793	7375.42
844.977	8049.2
845.161	7961.14
845.346	7146.05
845.53	7365.18
845.714	7944.75
845.898	8536.62
846.082	7170.62
846.266	7494.2
846.45	7914.03
846.634	7924.27
846.818	7381.56
847.002	7731.76
847.186	8008.24
847.37	7490.1
847.554	6812.23
847.738	7293.5
847.922	7723.57
848.106	7795.25
848.29	7080.51
848.473	7019.07
848.657	7739.96
848.841	7537.21
849.025	7014.98
849.209	6959.68
849.392	7836.21
849.576	7545.4
849.76	6824.51
849.944	7266.88
850.127	8163.89
850.311	7586.36
850.495	7021.12
850.678	6873.67
850.862	7846.45
851.046	7963.19
851.229	7422.52
851.413	6826.56
851.596	7836.21
851.78	7641.65
851.964	7244.35
852.147	7014.98
852.331	8030.77
852.514	7954.99
852.698	6984.26
852.881	6914.63
853.065	7555.64
853.248	7539.26
853.431	6947.39
853.615	7103.04
853.798	8258.09
853.982	7684.66
854.165	7207.48
854.348	7072.32
854.532	7416.38
854.715	7238.2
854.898	6967.87
855.081	6943.3
855.265	8024.62
855.448	8051.25
855.631	6652.49
855.814	6855.23
855.997	7490.1
856.181	7434.81
856.364	6986.3
856.547	6670.92
856.73	7422.52
856.913	7264.83
857.096	6609.48
857.279	6963.78
857.462	7193.15
857.645	7545.4
857.828	7209.53
858.011	7117.37
858.194	7283.26
858.377	7215.68
858.56	6568.52
858.743	6644.29
858.926	7174.72
859.109	7320.12
859.292	6658.63
859.475	6435.4
859.658	7490.1
859.841	7277.12
860.023	6511.18
860.206	6513.22
860.389	7090.75
860.572	7279.16
860.755	6597.19
860.937	6752.84
861.12	6988.35
861.303	7195.2
861.486	6752.84
861.668	6419.02
861.851	6982.21
862.034	7088.7
862.216	6605.38
862.399	5984.85
862.581	6912.58
862.764	7174.72
862.947	6253.13
863.129	6234.7
863.312	6746.69
863.494	7084.61
863.677	6885.95
863.859	6115.92
864.042	7107.13
864.224	7152.19
864.406	6572.61
864.589	6103.63
864.771	6771.27
864.954	6435.4
865.136	6410.82
865.318	6005.33
865.501	7506.49
865.683	6517.32
865.865	6267.47
866.048	6216.27
866.23	6926.91
866.412	6795.84
866.594	6001.23
866.777	6648.39
866.959	6513.22
867.141	6494.79
867.323	6533.7
867.505	6455.88
867.687	6826.56
867.869	6779.46
868.052	6189.64
868.234	6152.78
868.416	6613.57
868.598	6953.54
868.78	6169.16
868.962	6122.06
869.144	7006.78
869.326	6806.08
869.508	6148.68
869.69	6179.4
869.872	6464.07
870.054	7234.11
870.236	5870.16
870.417	5958.22
870.599	6539.85
870.781	7266.88
870.963	6296.14
871.145	6203.98
871.327	6511.18
871.508	6865.47
871.69	6081.1
871.872	6177.36
872.054	6574.66
872.235	6613.57
872.417	6156.88
872.599	5933.65
872.78	7301.69
872.962	6533.7
873.144	5812.82
873.325	6169.16
873.507	6828.61
873.689	6838.85
873.87	6036.05
874.052	6464.07
874.233	6611.53
874.415	7113.28
874.596	6181.45
874.778	5911.12
874.959	6568.52
875.141	6726.21
875.322	5902.93
875.503	5730.9
875.685	6482.5
875.866	6120.01
876.048	5861.97
876.229	5941.84
876.41	6472.26
876.592	6726.21
876.773	6234.7
876.954	5763.67
877.136	6812.23
877.317	6621.77
877.498	5907.02
877.679	6300.23
877.86	6580.81
878.042	6287.95
878.223	5976.66
878.404	6658.63
878.585	6625.86
878.766	8372.78
878.947	6402.63
879.128	6359.63
879.309	6703.68
879.49	6820.42
879.672	6244.94
879.853	6253.13
880.034	6511.18
880.215	6865.47
880.396	6378.06
880.576	6095.44
880.757	6699.59
880.938	7301.69
881.119	6013.52
881.3	6210.12
881.481	6695.49
881.662	7588.41
881.843	6109.77
882.023	6064.72
882.204	7375.42
882.385	6836.8
882.566	6040.14
882.747	6097.49
882.927	6816.32
883.108	6865.47
883.289	6044.24
883.469	6597.19
883.65	6640.2
883.831	6926.91
884.011	6574.66
884.192	6322.76
884.373	7168.57
884.553	6865.47
884.734	6531.65
884.914	6941.25
885.095	8012.34
885.275	7201.34
885.456	6519.37
885.636	6371.91
885.817	6810.18
885.997	7082.56
886.178	6322.76
886.358	6480.46
886.538	6844.99
886.719	8692.26
886.899	6197.84
887.08	6480.46
887.26	7148.09
887.44	6660.68
887.621	6021.71
887.801	6537.8
887.981	7625.27
888.161	7340.6
888.342	6496.84
888.522	6435.4
888.702	7158.33
888.882	7168.57
889.062	6541.89
889.242	6046.29
889.423	7348.79
889.603	7111.23
889.783	6646.34
889.963	6367.82
890.143	7092.8
890.323	7072.32
890.503	6625.86
890.683	6543.94
890.863	6902.34
891.043	7010.88
891.223	6695.49
891.403	6945.34
891.583	7326.27
891.763	7090.75
891.943	6476.36
892.122	6865.47
892.302	7119.42
892.482	6969.92
892.662	6763.08
892.842	6609.48
893.022	6974.02
893.201	6980.16
893.381	6435.4
893.561	6419.02
893.741	7199.29
893.92	6900.29
894.1	6455.88
894.28	6591.05
894.459	7221.82
894.639	6779.46
894.819	6345.29
894.998	6414.92
895.178	6961.73
895.357	6607.43
895.537	6357.58
895.716	6294.09
895.896	6748.74
896.075	7223.87
896.255	6271.56
896.434	6048.33
896.614	7518.78
896.793	7072.32
896.973	6732.36
897.152	6560.33
897.331	6664.77
897.511	7107.13
897.69	6115.92
897.87	6267.47
898.049	6849.09
898.228	6879.81
898.407	6464.07
898.587	6554.18
898.766	6529.61
898.945	6955.58
899.124	6656.58
899.304	6146.64
899.483	6959.68
899.662	6976.06
899.841	6091.34
900.02	6158.92
900.199	6832.71
900.378	6652.49
900.557	5896.78
900.737	5925.46
900.916	6603.33
901.095	6455.88
901.274	6369.87
901.453	5763.67
901.632	6199.88
901.811	6185.55
901.989	5864.02
902.168	5921.36
902.347	6558.28
902.526	6330.95
902.705	5894.74
902.884	6163.02
903.063	6769.22
903.242	6613.57
903.42	5661.27
903.599	5993.04
903.778	6421.06
903.957	6832.71
904.135	6011.47
904.314	5646.93
904.493	6152.78
904.672	6210.12
904.85	5845.59
905.029	5536.34
905.207	6072.91
905.386	6726.21
905.565	5233.24
905.743	5522.01
905.922	6120.01
906.1	6048.33
906.279	5345.88
906.457	5356.12
906.636	5741.14
906.814	5898.83
906.993	5397.08
907.171	5073.5
907.35	5780.05
907.528	6378.06
907.707	5526.1
907.885	5005.92
908.063	6054.48
908.242	5413.46
908.42	5290.59
908.598	4805.22
908.777	5728.85
908.955	5605.97
909.133	5503.57
909.311	5040.73
909.49	5589.59
909.668	5519.96
909.846	5171.8
910.024	4973.15
910.202	5558.87
910.38	5868.11
910.559	4934.24
910.737	5145.18
910.915	5669.46
911.093	5550.68
911.271	5280.35
911.449	5472.86
911.627	5757.52
911.805	6414.92
911.983	5167.71
912.161	5233.24
912.339	5479
912.517	6068.81
912.695	5556.82
912.872	5349.98
913.05	5933.65
913.228	5976.66
913.406	5425.75
913.584	5401.18
913.762	6079.05
913.939	5771.86
914.117	5186.14
914.295	5261.91
914.473	5739.09
914.65	6052.43
914.828	5206.62
915.006	5202.52
915.184	5610.07
915.361	5839.44
915.539	5399.13
915.716	5577.3
915.894	5798.48
916.072	6083.15
916.249	5884.5
916.427	5569.11
916.604	5775.95
916.782	5698.13
916.959	5163.61
917.137	5296.73
917.314	5493.33
917.492	5874.26
917.669	5474.9
917.847	5354.07
918.024	5821.01
918.201	5280.35
918.379	5194.33
918.556	5255.77
918.733	5663.32
918.911	5450.33
919.088	5325.4
919.265	5116.51
919.442	5577.3
919.62	5646.93
919.797	4911.71
919.974	4964.96
920.151	5923.41
920.328	5487.19
920.506	4944.48
920.683	5597.78
920.86	5411.42
921.037	5401.18
921.214	5026.4
921.391	4848.22
921.568	5655.12
921.745	5481.05
921.922	5093.98
922.099	4919.9
922.276	5513.81
922.453	5288.54
922.63	4809.31
922.807	5235.29
922.984	5493.33
923.161	5487.19
923.338	5102.17
923.514	4942.43
923.691	5589.59
923.868	5405.27
924.045	4893.28
924.222	4825.7
924.399	5292.63
924.575	5470.81
924.752	4903.52
924.929	4946.53
925.105	5214.81
925.282	4864.61
925.459	4821.6
925.635	4977.25
925.812	5288.54
925.989	5108.32
926.165	4825.7
926.342	4520.55
926.518	5048.93
926.695	5026.4
926.871	4608.61
927.048	4651.62
927.224	5300.83
927.401	4995.68
927.577	4776.55
927.754	4405.86
927.93	5444.18
928.107	5139.04
928.283	4502.12
928.459	4840.03
928.636	5075.55
928.812	4788.83
928.988	4328.04
929.165	4297.32
929.341	4801.12
929.517	4903.52
929.693	5128.8
929.87	4098.67
930.046	4977.25
930.222	4835.94
930.398	4412.01
930.574	4614.76
930.751	4725.35
930.927	4704.87
931.103	4461.16
931.279	4299.37
931.455	4584.04
931.631	4762.21
931.807	4127.34
931.983	4115.05
932.159	4219.5
932.335	4608.61
932.511	4145.77
932.687	4203.11
932.863	4436.58
933.039	4563.56
933.215	3904.11
933.391	3809.9
933.566	4448.87
933.742	4418.15
933.918	3891.82
934.094	3967.6
934.27	4276.84
934.445	4287.08
934.621	4045.42
934.797	3572.34
934.973	4350.57
935.148	3959.41
935.324	3558
935.5	3293.82
935.675	3988.08
935.851	3971.69
936.027	3752.56
936.202	3615.35
936.378	3983.98
936.553	3551.86
936.729	4063.85
936.904	3205.75
937.08	3474.04
937.255	3539.57
937.431	3236.47
937.606	3095.16
937.782	3334.78
937.957	3633.78
938.133	3062.4
938.308	2910.85
938.483	3201.66
938.659	3056.25
938.834	2931.33
939.009	2409.09
939.185	3191.42
939.36	2757.25
939.535	2407.05
939.71	2818.69
939.886	3338.87
940.061	3000.96
940.236	2970.24
940.411	2548.36
940.586	3115.64
940.761	3080.83
940.937	2622.08
941.112	2257.54
941.287	2769.54
941.462	2710.15
941.637	2228.87
941.812	2458.25
941.987	2601.6
942.162	2552.45
942.337	2501.25
942.512	2282.12
942.687	3007.1
942.862	2687.62
943.037	2030.22
943.212	1919.63
943.386	2523.78
943.561	2683.52
943.736	2493.06
943.911	2931.33
944.086	2796.16
944.26	2738.82
944.435	2091.66
944.61	2353.8
944.785	2562.69
944.959	3132.03
945.134	2155.15
945.309	2071.18
945.483	2200.2
945.658	2759.3
945.833	1874.57
946.007	1989.26
946.182	2878.08
946.357	2439.81
946.531	2114.19
946.706	2163.34
946.88	2275.98
947.055	2591.36
947.229	2204.3
947.404	2116.23
947.578	2667.14
947.752	2673.28
947.927	2081.42
948.101	1921.68
948.276	2992.76
948.45	2779.78
948.624	2722.43
948.799	2134.67
948.973	2685.57
949.147	2462.34
949.321	2384.52
949.496	2361.99
949.67	2904.7
949.844	2593.41
950.018	2413.19
950.193	2235.02
950.367	3426.93
950.541	2638.47
950.715	2357.89
950.889	2593.41
951.063	2689.67
951.237	2933.37
951.411	2187.91
951.585	2130.57
951.759	2919.04
951.933	2693.76
952.107	2243.21
952.281	2562.69
952.455	3062.4
952.629	2833.02
952.803	2482.82
952.977	2355.85
953.151	2869.89
953.325	2687.62
953.499	2683.52
953.672	2177.67
953.846	2632.32
954.02	2718.34
954.194	2364.04
954.368	2318.98
954.541	3097.21
954.715	2847.36
954.889	2562.69
955.062	2394.76
955.236	2714.24
955.41	2890.37
955.583	2689.67
955.757	2249.35
955.93	2890.37
956.104	2587.27
956.278	2400.9
956.451	2429.57
956.625	2978.43
956.798	3222.14
956.972	2957.95
957.145	2329.22
957.319	3340.92
957.492	2847.36
957.665	2701.95
957.839	2384.52
958.012	2761.34
958.185	2724.48
958.359	2613.89
958.532	2712.19
958.705	2884.22
958.879	2785.92
959.052	2650.75
959.225	2171.53
959.398	3007.1
959.572	2847.36
959.745	2353.8
959.918	2472.58
960.091	2896.51
960.264	3031.68
960.438	2513.54
960.611	2431.62
960.784	3086.97
960.957	2851.46
961.13	2976.38
961.303	2376.33
961.476	2792.06
961.649	3463.8
961.822	2343.56
961.995	2607.75
962.168	2869.89
962.341	3111.55
962.514	2454.15
962.686	2402.95
962.859	2923.13
963.032	2996.86
963.205	2495.11
963.378	2298.5
963.551	2935.42
963.723	2742.91
963.896	2751.1
964.069	2798.21
964.242	2986.62
964.414	3418.74
964.587	2558.6
964.76	2783.87
964.932	2951.81
965.105	2812.54
965.278	2474.63
965.45	2470.53
965.623	3015.29
965.795	3144.31
965.968	2507.4
966.14	2486.92
966.313	2830.98
966.485	2982.53
966.658	2443.91
966.83	2472.58
967.003	3050.11
967.175	3027.58
967.348	2486.92
967.52	2394.76
967.692	3265.14
967.865	3199.61
968.037	2570.88
968.209	2706.05
968.382	2978.43
968.554	3031.68
968.726	2413.19
968.898	2312.84
969.071	3066.49
969.243	2945.66
969.415	2531.97
969.587	2654.85
969.759	3136.12
969.932	2718.34
970.104	2392.71
970.276	1985.16
970.448	2658.95
970.62	2704
970.792	2462.34
970.964	2560.64
971.136	3103.36
971.308	2783.87
971.48	2278.02
971.652	2271.88
971.824	3203.71
971.996	2574.98
972.168	2335.37
972.339	2386.57
972.511	2687.62
972.683	2685.57
972.855	2798.21
973.027	2136.71
973.199	3019.39
973.37	2859.65
973.542	2509.44
973.714	2566.79
973.886	2441.86
974.057	2683.52
974.229	2282.12
974.401	2163.34
974.572	2515.59
974.744	2302.6
974.915	2146.95
975.087	2108.04
975.259	2994.81
975.43	2435.72
975.602	2253.45
975.773	2202.25
975.945	2585.22
976.116	2828.93
976.288	2200.2
976.459	2503.3
976.63	2384.52
976.802	2482.82
976.973	2065.04
977.145	2501.25
977.316	3146.36
977.487	3435.13
977.659	2515.59
977.83	2359.94
978.001	2835.07
978.172	2726.53
978.344	1983.12
978.515	2228.87
978.686	2491.01
978.857	2951.81
979.028	2142.86
979.2	2048.65
979.371	2914.94
979.542	2454.15
979.713	2331.27
979.884	1811.09
980.055	2349.7
980.226	2452.1
980.397	1940.11
980.568	1942.16
980.739	2620.03
980.91	2353.8
981.081	2372.23
981.252	2073.23
981.423	2429.57
981.594	2478.72
981.765	2097.8
981.936	2165.39
982.106	2402.95
982.277	2699.91
982.448	1804.94
982.619	2318.98
982.79	2173.58
982.96	2488.96
983.131	2237.06
983.302	1788.56
983.472	2351.75
983.643	2468.48
983.814	2128.52
983.984	1882.77
984.155	2247.3
984.326	2429.57
984.496	1983.12
984.667	2032.27
984.837	1866.38
985.008	2744.96
985.178	2441.86
985.349	1913.49
985.519	2325.13
985.69	2163.34
985.86	1917.58
986.031	1804.94
986.201	2288.26
986.371	2374.28
986.542	1618.58
986.712	1544.85
986.882	2347.65
987.053	2300.55
987.223	1735.31
987.393	2163.34
987.563	2067.08
987.734	2370.18
987.904	2581.12
988.074	1733.26
988.244	2019.98
988.414	2163.34
988.585	1702.54
988.755	1862.29
988.925	2146.95
989.095	2597.51
989.265	1680.02
989.435	1903.25
989.605	2312.84
989.775	2511.49
989.945	2204.3
990.115	1540.76
990.285	2161.29
990.455	2263.69
990.625	1946.25
990.795	1587.86
990.965	2550.4
991.134	1933.97
991.304	1653.39
991.474	1575.57
991.644	2011.79
991.814	2392.71
991.984	1368.73
992.153	1649.3
992.323	1921.68
992.493	2232.97
992.662	1520.28
992.832	1809.04
993.002	1915.53
993.171	2237.06
993.341	1383.06
993.511	1581.71
993.68	1936.01
993.85	2108.04
994.019	1348.25
994.189	1268.38
994.358	2040.46
994.528	1907.34
994.697	1112.73
994.867	1385.11
995.036	2192.01
995.206	1909.39
995.375	1497.75
995.544	1727.12
995.714	2200.2
995.883	1999.5
996.052	1761.94
996.222	1059.48
996.391	2079.37
996.56	2091.66
996.73	1405.59
996.899	1221.27
997.068	2372.23
997.237	2079.37
997.406	1303.19
997.576	1249.94
997.745	2433.67
997.914	1806.99
998.083	1192.6
998.252	1409.69
998.421	1915.53
998.59	1729.17
998.759	1266.33
998.928	1112.73
999.097	2161.29
999.266	1854.09
999.435	1503.89
999.604	979.61
999.773	2075.27
999.942	1706.64
1000.111	924.32
1000.28	1059.48
1000.448	1567.38
1000.617	1528.47
1000.786	1557.14
1000.955	998.04
1001.124	2005.64
1001.292	2294.41
1001.461	1196.7
1001.63	1143.45
1001.798	1886.86
1001.967	1888.91
1002.136	1028.76
1002.304	1082.01
1002.473	1985.16
1002.642	1655.44
1002.81	1192.6
1002.979	1143.45
1003.147	1962.64
1003.316	2007.69
1003.484	1028.76
1003.653	1094.3
1003.821	1651.35
1003.99	1381.01
1004.158	1385.11
1004.327	1235.61
1004.495	1602.19
1004.663	1559.19
1004.832	1307.29
1005	928.41
1005.168	1559.19
1005.337	1516.18
1005.505	744.1
1005.673	1280.66
1005.842	1628.82
1006.01	1335.96
1006.178	848.54
1006.346	967.32
1006.514	1403.54
1006.683	1938.06
1006.851	914.08
1007.019	1276.57
1007.187	1360.53
1007.355	1092.25
1007.523	768.67
1007.691	842.4
1007.859	1151.64
1008.027	2083.47
1008.195	856.73
1008.363	737.95
1008.531	1389.21
1008.699	1475.22
1008.867	670.37
1009.035	938.65
1009.203	1983.12
1009.37	1446.55
1009.538	914.08
1009.706	1778.32
1009.874	1376.92
1010.042	1393.3
1010.209	674.46
1010.377	649.89
1010.545	1385.11
1010.713	1497.75
1010.88	852.64
1011.048	850.59
1011.216	1301.14
1011.383	1612.43
1011.551	733.86
1011.718	621.22
1011.886	1485.46
1012.054	1503.89
1012.221	574.11
1012.389	666.27
1012.556	1268.38
1012.724	1655.44
1012.891	830.11
1013.058	451.24
1013.226	1499.8
1013.393	1409.69
1013.561	461.48
1013.728	531.11
1013.895	1606.29
1014.063	1272.47
1014.23	451.24
1014.397	639.65
1014.565	1387.16
1014.732	1155.74
1014.899	574.11
1015.066	625.31
1015.233	1368.73
1015.401	1426.07
1015.568	613.03
1015.735	926.36
1015.902	1309.33
1016.069	1362.58
1016.236	588.45
1016.403	381.6
1016.57	883.36
1016.737	1733.26
1016.904	551.59
1017.071	516.77
1017.238	946.84
1017.405	1172.12
1017.572	500.39
1017.739	938.65
1017.906	1587.86
1018.073	1409.69
1018.24	457.38
1018.407	676.51
1018.573	1243.8
1018.74	1137.31
1018.907	735.9
1019.074	318.12
1019.241	1139.35
1019.407	1141.4
1019.574	428.71
1019.741	316.07
1019.907	1489.56
1020.074	1487.51
1020.241	45.74
1020.407	385.7
1020.574	918.17
1020.74	1165.98
1020.907	404.13
1021.073	406.18
1021.24	1733.26
1021.406	1204.89
1021.573	285.35
1021.739	352.93
1021.906	1424.02
1022.072	1008.28
1022.239	471.72
1022.405	565.92
1022.571	1090.2
1022.738	998.04
1022.904	443.04
1023.07	619.17
1023.237	955.04
1023.403	1352.34
1023.569	434.85
1023.735	404.13
1023.902	1051.29
1024.068	1057.43
1024.234	254.63
1024.4	410.28
1024.566	881.31
1024.732	1049.24
1024.898	418.47
1025.065	76.46
1025.231	1018.52
1025.397	819.87
1025.563	430.76
1025.729	248.49
1025.895	574.11
1026.061	764.57
1026.227	107.18
1026.392	461.48
1026.558	1022.62
1026.724	1223.32
1026.89	336.55
1027.056	527.01
1027.222	858.78
1027.388	977.56
1027.553	385.7
1027.719	262.82
1027.885	1286.81
1028.051	862.88
1028.216	29.35
1028.382	322.21
1028.548	1047.19
1028.713	838.3
1028.879	141.99
1029.045	527.01
1029.21	1180.31
1029.376	1133.21
1029.541	266.92
1029.707	314.02
1029.873	1041.05
1030.038	1004.19
1030.204	228.01
1030.369	246.44
1030.534	979.61
1030.7	699.04
1030.865	357.03
1031.031	131.75
1031.196	862.88
1031.361	893.6
1031.527	271.01
1031.692	225.96
1031.857	615.07
1032.023	983.71
1032.188	74.41
1032.353	176.81
1032.518	1082.01
1032.684	752.29
1032.849	-50.52
1033.014	246.44
1033.179	729.76
1033.344	795.29
1033.509	334.5
1033.674	172.71
1033.839	1020.57
1034.004	940.7
1034.17	213.67
1034.335	27.31
1034.5	664.22
1034.664	705.18
1034.829	82.6
1034.994	301.73
1035.159	537.25
1035.324	914.08
1035.489	176.81
1035.654	90.79
1035.819	1454.74
1035.984	830.11
1036.148	309.93
1036.313	277.16
1036.478	959.13
1036.643	666.27
1036.807	176.81
1036.972	33.45
1037.137	1325.72
1037.301	688.8
1037.466	-58.71
1037.631	406.18
1037.795	897.69
1037.96	578.21
1038.124	459.43
1038.289	-19.8
1038.454	744.1
1038.618	866.97
1038.783	287.4
1038.947	346.79
1039.111	561.83
1039.276	692.9
1039.44	55.98
1039.605	967.32
1039.769	572.07
1039.933	582.31
1040.098	219.82
1040.262	488.1
1040.426	838.3
1040.591	860.83
1040.755	68.27
1040.919	72.36
1041.083	940.7
1041.248	565.92
1041.412	-159.06
1041.576	23.21
1041.74	606.88
1041.904	672.42
1042.068	-11.61
1042.232	201.38
1042.397	1045.15
1042.561	639.65
1042.725	-261.46
1042.889	152.23
1043.053	701.09
1043.217	559.78
1043.381	187.05
1043.544	-64.85
1043.708	791.2
1043.872	508.58
1044.036	-187.73
1044.2	-48.47
1044.364	846.49
1044.528	854.69
1044.691	5831.25
1044.855	-32.08
1045.019	694.94
1045.183	807.58
1045.346	45.74
1045.51	-224.59
1045.674	707.23
1045.837	608.93
1046.001	33.45
1046.165	35.5
1046.328	1184.41
1046.492	565.92
1046.655	328.36
1046.819	168.62
1046.983	656.03
1047.146	522.91
1047.31	168.62
1047.473	-232.79
1047.636	529.06
1047.8	488.1
1047.963	180.9
1048.127	-109.91
1048.29	379.56
