345.52	-1269.06
345.736	-1269.06
345.952	-1269.06
346.168	-1258.82
346.384	-1307.97
346.6	-210.26
346.816	-304.46
347.032	-243.03
347.248	610.98
347.464	-349.52
347.68	-146.77
347.896	-52.56
348.112	332.45
348.328	-163.15
348.544	117.42
348.76	193.19
348.975	215.72
349.191	-382.29
349.407	-402.77
349.623	223.91
349.839	187.05
350.055	-324.94
350.27	4.78
350.486	105.13
350.702	213.67
350.918	481.96
351.133	-122.2
351.349	191.14
351.565	514.72
351.781	-365.9
351.996	101.03
352.212	174.76
352.428	84.65
352.644	-296.27
352.859	-210.26
353.075	316.07
353.291	170.66
353.506	-249.17
353.722	-404.82
353.938	10.92
354.153	559.78
354.369	203.43
354.584	-294.22
354.8	264.87
355.016	-64.85
355.231	-329.04
355.447	-79.19
355.662	406.18
355.878	731.81
356.093	-533.84
356.309	-81.24
356.524	-48.47
356.74	631.46
356.955	-439.63
357.171	-85.33
357.386	268.97
357.602	-36.18
357.817	-193.87
358.033	-197.97
358.248	416.42
358.464	344.74
358.679	-154.96
358.895	-396.62
359.11	90.79
359.325	182.95
359.541	473.76
359.756	-46.42
359.972	-89.43
360.187	522.91
360.402	-326.99
360.618	-206.16
360.833	1594
361.048	150.18
361.264	-189.78
361.479	-27.99
361.694	174.76
361.909	275.11
362.125	-355.66
362.34	-173.39
362.555	334.5
362.77	281.25
362.986	-380.24
363.201	-255.31
363.416	314.02
363.631	101.03
363.847	-236.88
364.062	-159.06
364.277	193.19
364.492	62.12
364.707	-204.11
364.922	-451.92
365.138	197.29
365.353	379.56
365.568	-443.73
365.783	-249.17
365.998	473.76
366.213	643.74
366.428	-365.9
366.643	174.76
366.858	252.58
367.073	285.35
367.288	-179.54
367.503	-261.46
367.718	55.98
367.933	506.53
368.148	-365.9
368.363	-5.46
368.578	232.1
368.793	551.59
369.008	-134.48
369.223	-312.66
369.438	373.41
369.653	283.3
369.868	-353.62
370.083	-326.99
370.298	215.72
370.513	619.17
370.728	94.89
370.943	-255.31
371.157	27.31
371.372	756.38
371.587	-355.66
371.802	-431.44
372.017	115.37
372.232	567.97
372.446	-50.52
372.661	-294.22
372.876	55.98
373.091	346.79
373.306	-75.09
373.52	-398.67
373.735	70.31
373.95	668.32
374.165	-128.34
374.379	-146.77
374.594	-46.42
374.809	418.47
375.023	166.57
375.238	-208.21
375.453	334.5
375.667	-30.04
375.882	-210.26
376.097	-345.42
376.311	60.07
376.526	350.89
376.741	-345.42
376.955	260.77
377.17	426.66
377.384	936.6
377.599	133.8
377.813	-423.25
378.028	787.1
378.242	297.64
378.457	-132.44
378.672	-312.66
378.886	19.11
379.101	209.58
379.315	-451.92
379.53	-146.77
379.744	322.21
379.958	336.55
380.173	-230.74
380.387	-300.37
380.602	375.46
380.816	60.07
381.031	-83.28
381.245	-318.8
381.459	283.3
381.674	1192.6
381.888	-462.16
382.103	234.15
382.317	162.47
382.531	449.19
382.746	-75.09
382.96	-314.7
383.174	133.8
383.388	715.42
383.603	144.04
383.817	-390.48
384.031	174.76
384.246	520.87
384.46	4.78
384.674	752.29
384.888	84.65
385.103	326.31
385.317	-445.77
385.531	37.55
385.745	733.86
385.959	410.28
386.174	-310.61
386.388	-322.9
386.602	185
386.816	135.85
387.03	-193.87
387.244	-167.25
387.458	324.26
387.672	420.52
387.887	-443.73
388.101	-314.7
388.315	404.13
388.529	133.8
388.743	-216.4
388.957	-286.03
389.171	578.21
389.385	-17.75
389.599	-337.23
389.813	-1.37
390.027	195.24
390.241	768.67
390.455	-214.35
390.669	-54.61
390.883	96.94
391.097	678.56
391.311	137.9
391.525	-161.11
391.738	514.72
391.952	494.24
392.166	31.4
392.38	-298.32
392.594	461.48
392.808	416.42
393.022	-99.67
393.236	-148.82
393.449	205.48
393.663	580.26
393.877	-314.7
394.091	-79.19
394.305	117.42
394.518	162.47
394.732	-304.46
394.946	-132.44
395.16	809.63
395.373	285.35
395.587	-306.51
395.801	-243.03
396.015	445.09
396.228	336.55
396.442	-331.09
396.656	-445.77
396.869	508.58
397.083	727.71
397.297	-5.46
397.51	-97.62
397.724	395.94
397.938	324.26
398.151	-503.12
398.365	-357.71
398.578	469.67
398.792	635.55
399.005	133.8
399.219	-230.74
399.433	277.16
399.646	471.72
399.86	223.91
400.073	244.39
400.287	397.99
400.5	340.65
400.714	66.22
400.927	-71
401.141	578.21
401.354	1970.83
401.567	488.1
401.781	-314.7
401.994	309.93
402.208	744.1
402.421	-75.09
402.635	-87.38
402.848	15.02
403.061	510.63
403.275	6.83
403.488	-191.83
403.701	604.83
403.915	684.7
404.128	137.9
404.341	-138.58
404.555	643.74
404.768	4.78
404.981	203.43
405.195	-122.2
405.408	496.29
405.621	502.43
405.834	137.9
406.048	-259.41
406.261	518.82
406.474	543.39
406.687	-48.47
406.9	80.55
407.114	373.41
407.327	588.45
407.54	-224.59
407.753	-357.71
407.966	127.66
408.179	228.01
408.392	-195.92
408.605	-374.1
408.819	389.8
409.032	506.53
409.245	-175.44
409.458	201.38
409.671	324.26
409.884	527.01
410.097	-275.79
410.31	137.9
410.523	701.09
410.736	209.58
410.949	68.27
411.162	-146.77
411.375	510.63
411.588	475.81
411.801	127.66
412.014	-224.59
412.227	195.24
412.44	367.27
412.653	-85.33
412.865	318.12
413.078	619.17
413.291	518.82
413.504	47.79
413.717	-183.63
413.93	641.7
414.143	129.7
414.356	131.75
414.568	-300.37
414.781	418.47
414.994	608.93
415.207	174.76
415.42	31.4
415.632	404.13
415.845	875.17
416.058	-253.27
416.271	-175.44
416.483	477.86
416.696	694.94
416.909	-142.68
417.121	-87.38
417.334	318.12
417.547	742.05
417.759	-161.11
417.972	-95.57
418.185	193.19
418.397	512.67
418.61	-150.87
418.823	-91.48
419.035	737.95
419.248	522.91
419.46	-120.15
419.673	121.51
419.885	322.21
420.098	488.1
420.311	-87.38
420.523	-374.1
420.736	641.7
420.948	479.91
421.161	-11.61
421.373	-257.36
421.586	228.01
421.798	182.95
422.01	-341.33
422.223	244.39
422.435	152.23
422.648	787.1
422.86	-87.38
423.073	-71
423.285	322.21
423.497	152.23
423.71	-3.41
423.922	68.27
424.134	709.28
424.347	780.96
424.559	410.28
424.771	416.42
424.984	438.95
425.196	559.78
425.408	-177.49
425.621	-177.49
425.833	645.79
426.045	766.62
426.257	-202.07
426.47	35.5
426.682	359.08
426.894	488.1
427.106	-81.24
427.318	68.27
427.531	281.25
427.743	574.11
427.955	137.9
428.167	832.16
428.379	297.64
428.591	348.84
428.804	82.6
429.016	-50.52
429.228	707.23
429.44	684.7
429.652	13674.97
429.864	-68.95
430.076	449.19
430.288	471.72
430.5	234.15
430.712	205.48
430.924	582.31
431.136	735.9
431.348	-54.61
431.56	25.26
431.772	289.45
431.984	285.35
432.196	-101.72
432.408	58.03
432.62	453.28
432.832	658.08
433.044	459.43
433.256	150.18
433.468	565.92
433.679	215.72
433.891	-89.43
434.103	414.37
434.315	989.85
434.527	588.45
434.739	250.53
434.95	187.05
435.162	668.32
435.374	262.82
435.586	230.06
435.798	113.32
436.009	449.19
436.221	402.08
436.433	156.33
436.645	123.56
436.856	475.81
437.068	879.26
437.28	129.7
437.491	594.59
437.703	772.77
437.915	651.94
438.126	105.13
438.338	557.73
438.55	410.28
438.761	567.97
438.973	197.29
439.184	248.49
439.396	508.58
439.608	617.12
439.819	80.55
440.031	199.34
440.242	778.91
440.454	770.72
440.665	232.1
440.877	420.52
441.088	846.49
441.3	656.03
441.511	4.78
441.723	213.67
441.934	1069.72
442.146	813.73
442.357	375.46
442.569	694.94
442.78	893.6
442.991	1348.25
443.203	701.09
443.414	178.86
443.626	1024.67
443.837	596.64
444.048	187.05
444.26	12.97
444.471	823.97
444.682	780.96
444.894	135.85
445.105	166.57
445.316	944.8
445.528	846.49
445.739	434.85
445.95	324.26
446.161	701.09
446.373	813.73
446.584	242.34
446.795	264.87
447.006	942.75
447.217	948.89
447.429	98.99
447.64	80.55
447.851	1569.43
448.062	897.69
448.273	2.73
448.484	248.49
448.695	871.07
448.907	854.69
449.118	461.48
449.329	764.57
449.54	619.17
449.751	711.33
449.962	271.01
450.173	271.01
450.384	838.3
450.595	1129.11
450.806	371.36
451.017	391.84
451.228	1194.65
451.439	809.63
451.65	395.94
451.861	-23.89
452.072	711.33
452.283	789.15
452.494	629.41
452.705	391.84
452.915	1352.34
453.126	860.83
453.337	633.5
453.548	320.17
453.759	1170.07
453.97	1192.6
454.181	973.47
454.391	438.95
454.602	918.17
454.813	1233.56
455.024	529.06
455.235	320.17
455.445	1194.65
455.656	946.84
455.867	748.19
456.078	567.97
456.288	838.3
456.499	1114.78
456.71	346.79
456.921	774.81
457.131	909.98
457.342	928.41
457.553	549.54
457.763	498.34
457.974	918.17
458.184	1034.91
458.395	402.08
458.606	336.55
458.816	1282.71
459.027	1309.33
459.237	778.91
459.448	432.8
459.659	1141.4
459.869	1970.83
460.08	307.88
460.29	699.04
460.501	1444.5
460.711	1018.52
460.922	338.6
461.132	510.63
461.343	1970.83
461.553	752.29
461.764	469.67
461.974	703.14
462.184	1350.29
462.395	1407.64
462.605	584.35
462.816	434.85
463.026	1385.11
463.236	1188.5
463.447	477.86
463.657	598.69
463.867	1462.93
464.078	1079.96
464.288	670.37
464.498	737.95
464.709	1424.02
464.919	1387.16
465.129	795.29
465.339	584.35
465.55	1163.93
465.76	1409.69
465.97	860.83
466.18	715.42
466.391	1567.38
466.601	1288.85
466.811	965.28
467.021	510.63
467.231	1567.38
467.441	1536.66
467.651	881.31
467.862	397.99
468.072	1362.58
468.282	1464.98
468.492	694.94
468.702	932.51
468.912	1430.16
469.122	2142.86
469.332	1264.28
469.542	809.63
469.752	1923.73
469.962	1469.08
470.172	811.68
470.382	914.08
470.592	1804.94
470.802	1575.57
471.012	1215.13
471.222	1057.43
471.432	1512.08
471.642	1782.42
471.852	1313.43
472.062	979.61
472.272	1583.76
472.482	1399.45
472.691	965.28
472.901	1000.09
473.111	1493.65
473.321	2235.02
473.531	1118.87
473.741	1473.17
473.95	1747.6
474.16	1890.96
474.37	1528.47
474.58	1104.54
474.79	2368.13
474.999	1886.86
475.209	1366.68
475.419	1399.45
475.628	1884.81
475.838	2327.18
476.048	1489.56
476.258	1182.36
476.467	2069.13
476.677	1788.56
476.886	1817.23
477.096	1641.11
477.306	1940.11
477.515	2149
477.725	1720.98
477.935	1698.45
478.144	2620.03
478.354	2044.56
478.563	1667.73
478.773	1536.66
478.982	2206.34
479.192	2370.18
479.401	1706.64
479.611	1643.15
479.82	1882.77
480.03	2263.69
480.239	1737.36
480.449	1575.57
480.658	2747.01
480.868	2310.79
481.077	1905.29
481.287	1954.44
481.496	2407.05
481.705	2755.2
481.915	2343.56
482.124	2298.5
482.333	2542.21
482.543	3060.35
482.752	2409.09
482.961	1890.96
483.171	2638.47
483.38	2398.85
483.589	2007.69
483.799	1960.59
484.008	2361.99
484.217	2562.69
484.426	2288.26
484.636	2058.89
484.845	2914.94
485.054	2484.87
485.263	2732.67
485.472	2237.06
485.682	2933.37
485.891	2812.54
486.1	2142.86
486.309	2214.54
486.518	3027.58
486.727	3672.69
486.936	2222.73
487.146	2632.32
487.355	3297.91
487.564	2861.69
487.773	2607.75
487.982	2542.21
488.191	2779.78
488.4	3263.1
488.609	2568.84
488.818	2572.93
489.027	3465.85
489.236	3345.02
489.445	2589.32
489.654	2484.87
489.863	3584.63
490.072	3218.04
490.281	3433.08
490.49	2828.93
490.698	3656.31
490.907	3940.97
491.116	2910.85
491.325	2767.49
491.534	3508.85
491.743	3340.92
491.952	3033.72
492.16	3062.4
492.369	3785.33
492.578	3791.47
492.787	2990.72
492.996	2759.3
493.204	3326.58
493.413	3830.38
493.622	2818.69
493.831	2749.06
494.039	3986.03
494.248	3347.06
494.457	3093.12
494.665	2796.16
494.874	3789.42
495.083	4455.01
495.291	3084.92
495.5	3156.6
495.709	3830.38
495.917	3631.73
496.126	3381.88
496.335	2960
496.543	3912.3
496.752	3977.84
496.96	3705.46
497.169	3095.16
497.377	3846.77
497.586	3981.93
497.794	3457.65
498.003	2982.53
498.211	3973.74
498.42	4231.79
498.628	3469.94
498.837	3287.67
499.045	4035.18
499.254	3918.45
499.462	3500.66
499.671	3297.91
499.879	4942.43
500.087	4262.51
500.296	3265.14
500.504	3424.89
500.713	4065.9
500.921	4686.44
501.129	3486.33
501.338	3426.93
501.546	4360.81
501.754	4053.61
501.962	3627.64
502.171	3471.99
502.379	4385.38
502.587	4352.62
502.795	3693.17
503.004	3652.21
503.212	4508.26
503.42	4573.8
503.628	3850.86
503.837	3861.1
504.045	4330.09
504.253	4887.14
504.461	3766.9
504.669	3551.86
504.877	4921.95
505.085	4483.69
505.294	3592.82
505.502	4018.8
505.71	4840.03
505.918	4340.33
506.126	3752.56
506.334	3820.14
506.542	4633.19
506.75	4534.89
506.958	4256.36
507.166	4018.8
507.374	4317.8
507.582	4967.01
507.79	4229.74
507.998	3893.87
508.206	4989.53
508.414	4872.8
508.622	4072.04
508.83	4020.85
509.037	4846.18
509.245	4334.18
509.453	4213.35
509.661	3986.03
509.869	4991.58
510.077	4528.74
510.285	4299.37
510.492	3912.3
510.7	5210.72
510.908	4657.76
511.116	4428.39
511.324	4082.28
511.531	4553.32
511.739	5063.26
511.947	4688.48
512.155	4790.88
512.362	5044.83
512.57	4551.27
512.778	4194.92
512.985	3983.98
513.193	4893.28
513.401	5296.73
513.608	4430.44
513.816	4477.54
514.024	4872.8
514.231	5120.6
514.439	4395.62
514.646	4465.25
514.854	5392.98
515.061	5218.91
515.269	4612.71
515.477	4616.8
515.684	4938.34
515.892	5225.05
516.099	4354.66
516.307	4436.58
516.514	5552.73
516.722	5532.25
516.929	4614.76
517.136	4436.58
517.344	5319.26
517.551	5462.62
517.759	4512.36
517.966	4749.92
518.173	5270.11
518.381	5395.03
518.588	4682.34
518.796	4620.9
519.003	5470.81
519.21	5306.97
519.418	4749.92
519.625	5270.11
519.832	5298.78
520.039	5562.97
520.247	4491.88
520.454	4891.23
520.661	5458.52
520.868	5567.06
521.076	4874.85
521.283	5005.92
521.49	6158.92
521.697	5538.39
521.904	4868.7
522.112	5003.87
522.319	5767.76
522.526	5448.28
522.733	4958.81
522.94	4848.22
523.147	5712.47
523.354	5556.82
523.561	4880.99
523.768	5417.56
523.975	5829.2
524.183	5552.73
524.39	5470.81
524.597	4913.76
524.804	5702.23
525.011	5554.77
525.218	4895.33
525.425	5044.83
525.632	6142.54
525.838	5694.04
526.045	5048.93
526.252	5272.15
526.459	7383.61
526.666	7332.41
526.873	5208.67
527.08	5292.63
527.287	6124.11
527.494	6015.57
527.701	5292.63
527.907	5147.23
528.114	6013.52
528.321	5945.94
528.528	5386.84
528.735	5192.28
528.941	5714.52
529.148	5616.21
529.355	5392.98
529.562	5354.07
529.768	6781.51
529.975	5808.72
530.182	5380.7
530.388	5343.83
530.595	6322.76
530.802	5864.02
531.008	5880.4
531.215	5458.52
531.422	7047.74
531.628	7096.89
531.835	5587.54
532.042	5876.31
532.248	6179.4
532.455	6347.34
532.661	5677.65
532.868	5651.03
533.074	6425.16
533.281	6703.68
533.487	5479
533.694	5739.09
533.9	6042.19
534.107	6103.63
534.313	5575.25
534.52	5540.44
534.726	6320.71
534.933	6896.19
535.139	5628.5
535.345	5534.29
535.552	6949.44
535.758	6822.47
535.965	5808.72
536.171	5767.76
536.377	6748.74
536.584	6928.96
536.79	5823.06
536.996	6236.75
537.203	6732.36
537.409	7006.78
537.615	5990.99
537.821	6337.1
538.028	7115.33
538.234	6478.41
538.44	6089.29
538.646	6201.93
538.853	6359.63
539.059	6433.35
539.265	6857.28
539.471	5827.15
539.677	6883.91
539.883	6756.93
540.09	8084.02
540.296	6885.95
540.502	6955.58
540.708	6920.77
540.914	6605.38
541.12	6128.21
541.326	7027.26
541.532	6820.42
541.738	6488.65
541.944	6343.24
542.15	7113.28
542.356	6844.99
542.562	6326.86
542.768	6425.16
542.974	7297.6
543.18	7305.79
543.386	6525.51
543.592	6281.8
543.798	8014.38
544.004	7389.75
544.21	6400.58
544.415	6539.85
544.621	7295.55
544.827	7936.56
545.033	6527.56
545.239	7027.26
545.445	6988.35
545.651	7273.02
545.856	6576.71
546.062	6582.85
546.268	6924.86
546.474	7420.47
546.679	6484.55
546.885	6552.13
547.091	7395.9
547.297	7731.76
547.502	6672.96
547.708	6636.1
547.914	7289.4
548.119	7629.37
548.325	6502.98
548.531	6435.4
548.736	7959.09
548.942	7182.91
549.147	6849.09
549.353	7211.58
549.559	7703.09
549.764	7631.41
549.97	6513.22
550.175	6824.51
550.381	7535.16
550.586	7240.25
550.792	6916.67
550.997	6857.28
551.203	7645.75
551.408	7879.22
551.614	6849.09
551.819	7129.66
552.025	8104.49
552.23	7649.85
552.435	6834.75
552.641	7496.25
552.846	7404.09
553.052	8157.74
553.257	7299.64
553.462	7002.69
553.668	7604.79
553.873	7719.48
554.078	6971.97
554.283	7209.53
554.489	7840.31
554.694	7653.94
554.899	7131.71
555.105	7371.32
555.31	8045.1
555.515	7932.47
555.72	7324.22
555.925	8536.62
556.131	8165.93
556.336	7883.31
556.541	7182.91
556.746	7217.72
556.951	8299.05
557.156	8084.02
557.361	7498.3
557.567	7742
557.772	8276.52
557.977	8174.13
558.182	7473.72
558.387	7443
558.592	7686.71
558.797	8487.47
559.002	7402.04
559.207	7688.76
559.412	8241.71
559.617	8557.1
559.822	7174.72
560.027	7234.11
560.232	8004.14
560.437	8237.61
560.642	7217.72
560.847	7361.08
561.051	8067.63
561.256	8241.71
561.461	7670.33
561.666	7201.34
561.871	7987.76
562.076	8479.27
562.281	7518.78
562.485	7424.57
562.69	8331.82
562.895	8258.09
563.1	7522.87
563.305	7352.89
563.509	8344.11
563.714	8682.02
563.919	7436.86
564.123	7770.68
564.328	8194.61
564.533	8819.24
564.737	7604.79
564.942	7723.57
565.147	8583.72
565.351	8491.56
565.556	7787.06
565.761	7975.47
565.965	8630.82
566.17	8280.62
566.374	7768.63
566.579	7666.23
566.784	8604.2
566.988	8475.18
567.193	7727.67
567.397	7975.47
567.602	8284.72
567.806	8282.67
568.011	7883.31
568.215	7977.52
568.42	8458.79
568.624	8454.7
568.828	8055.34
569.033	8286.76
569.237	8735.27
569.442	8675.88
569.646	7707.19
569.85	7895.6
570.055	8747.56
570.259	8784.42
570.463	8423.98
570.668	8114.73
570.872	8735.27
571.076	8604.2
571.281	8274.48
571.485	8153.65
571.689	8858.15
571.893	8901.15
572.098	8260.14
572.302	8061.49
572.506	8960.55
572.71	8899.11
572.914	8200.75
573.119	7957.04
573.323	8978.98
573.527	9032.22
573.731	8038.96
573.935	8219.18
574.139	8831.52
574.343	8600.1
574.547	8227.37
574.751	8299.05
574.955	8911.39
575.159	8964.64
575.364	8047.15
575.568	8092.21
575.772	8798.76
575.976	8948.26
576.18	8268.33
576.383	8260.14
576.587	9259.55
576.791	9038.37
576.995	8086.06
577.199	8286.76
577.403	8905.25
577.607	9132.58
577.811	8352.3
578.015	8499.75
578.219	9112.1
578.422	9228.83
578.626	8735.27
578.83	9026.08
579.034	9390.62
579.238	9153.05
579.442	8409.64
579.645	9148.96
579.849	9052.7
580.053	9251.36
580.257	8694.31
580.46	8774.18
580.664	9443.87
580.868	9157.15
581.071	8874.53
581.275	8895.01
581.479	8948.26
581.682	9544.22
581.886	8505.9
582.09	8870.44
582.293	9452.06
582.497	9411.1
582.7	9069.09
582.904	8866.34
583.107	9310.75
583.311	9552.41
583.515	8784.42
583.718	8968.74
583.922	9759.25
584.125	10261.01
584.329	8702.5
584.532	9064.99
584.735	10041.87
584.939	9564.7
585.142	8839.72
585.346	8940.07
585.549	9581.08
585.753	9746.97
585.956	8878.63
586.159	9232.93
586.363	9845.27
586.566	9730.58
586.769	9021.98
586.973	8849.96
587.176	9689.62
587.379	9656.86
587.582	9253.41
587.786	9536.03
587.989	9857.56
588.192	10869.25
588.395	9228.83
588.599	9576.98
588.802	9783.83
589.005	9996.82
589.208	9181.73
589.411	9234.97
589.615	9691.67
589.818	10103.31
590.021	9619.99
590.224	9474.59
590.427	10279.44
590.63	9755.16
590.833	8964.64
591.036	9148.96
591.239	10093.07
591.442	9751.06
591.645	9744.92
591.848	9466.39
592.051	9767.45
592.254	10148.37
592.457	9683.48
592.66	9529.88
592.863	9898.52
593.066	10394.12
593.269	9554.46
593.472	9521.69
593.675	10086.93
593.878	10052.11
594.081	9742.87
594.284	9439.77
594.486	10115.6
594.689	10342.92
594.892	9808.4
595.095	9939.47
595.298	10215.95
595.5	10043.92
595.703	9890.32
595.906	10062.35
596.109	10387.98
596.311	10271.25
596.514	9505.31
596.717	9900.56
596.92	10484.23
597.122	10512.91
597.325	9370.14
597.528	9630.23
597.73	10957.32
597.933	10603.02
598.136	9792.02
598.338	9501.21
598.541	10799.62
598.743	10725.89
598.946	9966.1
599.148	9976.34
599.351	10693.13
599.554	10607.11
599.756	10197.52
599.959	9964.05
600.161	10871.3
600.363	11010.56
600.566	10342.92
600.768	10021.39
600.971	10811.91
601.173	10721.8
601.376	9912.85
601.578	10101.26
601.78	10359.31
601.983	11143.68
602.185	9962
602.388	10527.24
602.59	10793.48
602.792	10510.86
602.995	10408.46
603.197	10064.4
603.399	10590.73
603.601	11115.01
603.804	10099.22
604.006	9871.89
604.208	10236.43
604.41	10056.21
604.613	10312.21
604.815	10183.18
605.017	10971.65
605.219	10443.28
605.421	10783.24
605.623	10220.05
605.826	10977.8
606.028	11360.77
606.23	10134.03
606.432	9982.48
606.634	11155.97
606.836	10836.49
607.038	9951.76
607.24	10269.2
607.442	11196.93
607.644	10781.19
607.846	10242.57
608.048	9919
608.25	10955.27
608.452	10758.66
608.654	10381.84
608.856	10041.87
609.058	10596.87
609.26	11162.11
609.462	10258.96
609.664	10443.28
609.866	11127.3
610.067	10832.39
610.269	10414.6
610.471	10369.55
610.673	10940.93
610.875	11053.57
611.077	10162.7
611.278	10492.43
611.48	10906.12
611.682	11403.77
611.884	10447.37
612.085	10508.81
612.287	10906.12
612.489	10893.83
612.69	10236.43
612.892	10691.08
613.094	11547.13
613.295	10867.2
613.497	10101.26
613.699	10414.6
613.9	11319.81
614.102	10977.8
614.304	10588.68
614.505	10334.73
614.707	10867.2
614.908	11133.44
615.11	10127.89
615.311	10488.33
615.513	11014.66
615.714	10832.39
615.916	10279.44
616.117	10637.83
616.319	11110.91
616.52	11385.34
616.722	10312.21
616.923	10402.32
617.124	11168.26
617.326	11000.32
617.527	10545.67
617.729	10865.16
617.93	11182.59
618.131	11084.29
618.333	10443.28
618.534	10502.67
618.735	11299.33
618.937	11309.57
619.138	10398.22
619.339	10488.33
619.54	11252.22
619.742	11139.58
619.943	10553.87
620.144	10412.56
620.345	11545.08
620.546	10963.46
620.748	10590.73
620.949	10725.89
621.15	11418.11
621.351	11178.5
621.552	10621.45
621.753	10564.11
621.954	11065.86
622.155	11547.13
622.356	10437.13
622.558	10883.59
622.759	11510.27
622.96	11737.59
623.161	10881.54
623.362	10738.18
623.563	11418.11
623.764	11336.19
623.965	10580.49
624.166	11096.58
624.366	11166.21
624.567	11510.27
624.768	10437.13
624.969	10666.5
625.17	11231.74
625.371	11313.66
625.572	11074.05
625.773	10856.96
625.973	11444.73
626.174	11772.41
626.375	10738.18
626.576	11145.73
626.777	11497.98
626.977	11766.26
627.178	10881.54
627.379	10965.51
627.58	11362.81
627.78	11252.22
627.981	10572.3
628.182	10953.22
628.382	11411.96
628.583	11014.66
628.784	10582.54
628.984	11014.66
629.185	11448.83
629.386	11594.23
629.586	10920.45
629.787	10654.22
629.987	11377.15
630.188	11592.19
630.388	11100.67
630.589	11143.68
630.79	12098.03
630.99	11416.06
631.191	11041.28
631.391	11063.81
631.591	11608.57
631.792	11745.78
631.992	11469.31
632.193	11061.76
632.393	11997.68
632.594	11416.06
632.794	10897.92
632.994	11254.27
633.195	11301.37
633.395	11520.51
633.595	11024.9
633.796	11287.04
633.996	11678.2
634.196	11823.61
634.397	10854.92
634.597	11094.53
634.797	11506.17
634.997	11753.98
635.198	11348.48
635.398	10891.78
635.598	11696.63
635.798	11776.5
635.998	11414.01
636.199	10910.21
636.399	11190.78
636.599	11569.66
636.799	11004.42
636.999	11420.16
637.199	11784.69
637.399	11825.65
637.599	10965.51
637.799	11155.97
637.999	11737.59
638.199	11852.28
638.399	11164.16
638.599	11061.76
638.799	11815.41
638.999	11975.16
639.199	11749.88
639.399	11385.34
639.599	11624.95
639.799	11670.01
639.999	11069.95
640.199	11151.87
640.399	11708.92
640.599	12024.31
640.799	11500.03
640.998	11696.63
641.198	11885.05
641.398	11899.38
641.598	11549.18
641.798	11313.66
641.997	13267.42
642.197	11500.03
642.397	11538.94
642.597	11573.75
642.796	11977.2
642.996	11784.69
643.196	11706.87
643.395	11006.47
643.595	11815.41
643.795	11598.33
643.994	11307.52
644.194	11336.19
644.394	12247.54
644.593	12128.75
644.793	11264.51
644.992	11713.02
645.192	12087.79
645.392	11602.43
645.591	11629.05
645.791	11301.37
645.99	12255.73
646.19	11876.85
646.389	11606.52
646.589	11577.85
646.788	12046.83
646.987	12167.66
647.187	12321.26
647.386	11891.19
647.586	11868.66
647.785	12560.87
647.984	11403.77
648.184	11926
648.383	11907.57
648.582	11876.85
648.782	11375.1
648.981	11700.73
649.18	11907.57
649.38	12083.7
649.579	11540.99
649.778	11444.73
649.977	12298.73
650.177	12208.62
650.376	11442.68
650.575	11524.6
650.774	12308.97
650.973	11985.4
651.173	11307.52
651.372	11686.39
651.571	11758.07
651.77	12284.4
651.969	11792.89
652.168	11952.63
652.367	11973.11
652.566	12081.65
652.765	11770.36
652.964	12392.94
653.163	12634.6
653.362	12016.12
653.561	11721.21
653.76	11594.23
653.959	12333.55
654.158	12595.69
654.357	11999.73
654.556	11674.1
654.755	12188.14
654.954	12392.94
655.153	11633.15
655.352	11919.86
655.551	12661.23
655.749	12063.22
655.948	11731.45
656.147	11819.51
656.346	12378.61
656.545	12253.68
656.743	11780.6
656.942	11885.05
657.141	12159.47
657.34	12231.15
657.538	11497.98
657.737	11872.76
657.936	12298.73
658.135	12311.02
658.333	11864.57
658.532	12214.77
658.731	12894.69
658.929	12771.82
659.128	12450.28
659.326	11700.73
659.525	12790.25
659.724	12356.08
659.922	11688.44
660.121	11688.44
660.319	12423.66
660.518	12206.58
660.716	11866.61
660.915	11680.25
661.113	12700.14
661.312	12145.14
661.51	12122.61
661.709	11692.54
661.907	12528.11
662.105	12685.8
662.304	11694.58
662.502	12190.19
662.701	12536.3
662.899	12237.3
663.097	12605.93
663.296	12044.79
663.494	12759.53
663.692	12741.1
663.891	11758.07
664.089	11913.72
664.287	12470.76
664.485	12454.38
664.684	11885.05
664.882	11934.2
665.08	12212.72
665.278	12251.63
665.476	11741.69
665.675	12204.53
665.873	12663.27
666.071	12900.84
666.269	11923.96
666.467	12429.8
666.665	12407.28
666.863	12220.91
667.061	12220.91
667.259	12022.26
667.457	12265.97
667.655	12341.74
667.853	11973.11
668.051	12245.49
668.249	12270.06
668.447	12585.45
668.645	11985.4
668.843	12460.52
669.041	12585.45
669.239	12167.66
669.437	12204.53
669.635	12265.97
669.833	12515.82
670.031	12323.31
670.229	12261.87
670.426	12141.04
670.624	12214.77
670.822	12429.8
671.02	12022.26
671.218	12229.1
671.415	12089.84
671.613	12349.93
671.811	12145.14
672.009	11876.85
672.206	12421.61
672.404	12261.87
672.602	12159.47
672.799	12196.34
672.997	12761.58
673.195	12225.01
673.392	12024.31
673.59	11670.01
673.788	12632.55
673.985	11794.93
674.183	12222.96
674.38	12020.21
674.578	12933.61
674.775	12179.95
674.973	11837.94
675.17	12040.69
675.368	12466.67
675.565	12263.92
675.763	12155.38
675.96	11907.57
676.158	12272.11
676.355	12593.64
676.553	11784.69
676.75	11874.81
676.947	12210.67
677.145	12073.46
677.342	12077.55
677.539	12282.35
677.737	12634.6
677.934	12825.06
678.131	12313.07
678.329	11710.97
678.526	13005.28
678.723	12489.2
678.92	12079.6
679.118	12046.83
679.315	12007.92
679.512	12538.35
679.709	12102.13
679.906	11987.44
680.104	12587.5
680.301	12208.62
680.498	11598.33
680.695	11741.69
680.892	12233.2
681.089	12335.6
681.286	11850.23
681.483	11418.11
681.68	12077.55
681.877	12364.27
682.075	12028.4
682.272	12124.66
682.469	12128.75
682.665	12331.5
682.862	11663.86
683.059	11483.64
683.256	12448.24
683.453	12386.8
683.65	11911.67
683.847	11964.92
684.044	12317.17
684.241	12227.06
684.438	12104.18
684.635	11512.31
684.831	12806.63
685.028	12538.35
685.225	11764.22
685.422	12194.29
685.619	12374.51
685.815	11923.96
686.012	11958.77
686.209	11684.34
686.405	12104.18
686.602	12136.95
686.799	11588.09
686.996	11647.48
687.192	12036.59
687.389	12597.74
687.586	11293.18
687.782	11612.67
687.979	12730.86
688.175	12202.48
688.372	11549.18
688.568	11854.33
688.765	11887.09
688.962	12265.97
689.158	11975.16
689.355	11649.53
689.551	11985.4
689.748	12112.37
689.944	11377.15
690.14	11747.83
690.337	12440.04
690.533	12227.06
690.73	11686.39
690.926	11835.89
691.123	12263.92
691.319	12161.52
691.515	11559.42
691.712	11913.72
691.908	12104.18
692.104	11883
692.301	11715.06
692.497	11401.72
692.693	12214.77
692.889	11997.68
693.086	11782.65
693.282	11088.39
693.478	12083.7
693.674	12347.89
693.87	11422.2
694.067	11309.57
694.263	12124.66
694.459	12003.83
694.655	11907.57
694.851	11622.91
695.047	12118.51
695.243	12063.22
695.439	11657.72
695.635	11581.95
695.831	11934.2
696.027	11835.89
696.224	11489.79
696.42	12263.92
696.615	12268.02
696.811	12016.12
697.007	11180.54
697.203	11407.87
697.399	11917.81
697.595	11966.96
697.791	11051.52
697.987	11598.33
698.183	11616.76
698.379	11604.47
698.575	11340.29
698.77	11319.81
698.966	11827.7
699.162	12095.99
699.358	11401.72
699.554	11475.45
699.749	12147.19
699.945	11909.62
700.141	11647.48
700.337	11524.6
700.532	11737.59
700.728	11729.4
700.924	11147.78
701.119	11143.68
701.315	11796.98
701.511	11561.47
701.706	11596.28
701.902	10934.79
702.097	11846.13
702.293	11688.44
702.489	11350.53
702.684	11110.91
702.88	11995.64
703.075	11702.78
703.271	11338.24
703.466	11170.3
703.662	11364.86
703.857	11743.74
704.053	11411.96
704.248	11432.44
704.443	12163.57
704.639	11876.85
704.834	11432.44
705.03	11438.59
705.225	11694.58
705.42	11874.81
705.616	11676.15
705.811	11340.29
706.006	11766.26
706.202	11493.88
706.397	11526.65
706.592	10969.6
706.787	11852.28
706.983	11432.44
707.178	11526.65
707.373	11293.18
707.568	11950.58
707.763	12057.07
707.959	11035.14
708.154	11407.87
708.349	11684.34
708.544	11977.2
708.739	11497.98
708.934	10906.12
709.129	11684.34
709.324	11915.76
709.519	11151.87
709.714	11221.5
709.909	11799.03
710.104	11604.47
710.299	11282.94
710.494	11330.05
710.689	11487.74
710.884	11594.23
711.079	11149.82
711.274	11180.54
711.469	11713.02
711.664	11868.66
711.859	11155.97
712.054	11244.03
712.249	11784.69
712.443	11696.63
712.638	11098.63
712.833	10961.41
713.028	11497.98
713.223	11295.23
713.417	11430.4
713.612	10990.08
713.807	11987.44
714.002	12591.59
714.196	11160.06
714.391	11006.47
714.586	11616.76
714.78	11893.24
714.975	11172.35
715.17	10979.84
715.364	11577.85
715.559	11846.13
715.754	10652.17
715.948	10816.01
716.143	11966.96
716.337	11463.16
716.532	11291.13
716.726	11219.46
716.921	11756.02
717.115	11743.74
717.31	10744.33
717.504	11991.54
717.699	11352.57
717.893	11543.03
718.088	10863.11
718.282	10660.36
718.476	11328
718.671	11856.37
718.865	11115.01
719.059	10703.37
719.254	11153.92
719.448	11653.62
719.642	13455.84
719.837	10365.45
720.031	13124.07
720.225	11311.61
720.419	10926.6
720.614	10658.31
720.808	11258.37
721.002	11053.57
721.196	10695.18
721.39	10666.5
721.585	11291.13
721.779	11360.77
721.973	10992.13
722.167	10588.68
722.361	11039.23
722.555	11665.91
722.749	10811.91
722.943	10750.47
723.137	11016.71
723.331	11131.39
723.525	10775.05
723.719	10740.23
723.913	11162.11
724.107	11629.05
724.301	10562.06
724.495	10779.14
724.689	11805.17
724.883	11555.32
725.077	10631.69
725.271	10535.43
725.465	11221.5
725.659	10893.83
725.853	10856.96
726.046	10455.56
726.24	10848.77
726.434	11164.16
726.628	10678.79
726.822	10437.13
727.015	11348.48
727.209	11647.48
727.403	10684.94
727.596	10447.37
727.79	11024.9
727.984	11364.86
728.177	10635.78
728.371	10906.12
728.565	11213.31
728.758	10758.66
728.952	10396.17
729.146	10451.47
729.339	11348.48
729.533	10967.56
729.726	10672.65
729.92	10418.7
730.113	11321.85
730.307	11360.77
730.5	10641.93
730.694	10560.01
730.887	11061.76
731.081	11348.48
731.274	10404.36
731.468	10713.61
731.661	11096.58
731.854	11205.12
732.048	10695.18
732.241	10459.66
732.435	11039.23
732.628	10922.5
732.821	10430.99
733.014	10304.01
733.208	10873.35
733.401	11080.19
733.594	10566.15
733.788	10691.08
733.981	11528.7
734.174	11188.74
734.367	10394.12
734.56	10686.98
734.754	11393.53
734.947	11016.71
735.14	10437.13
735.333	10629.64
735.526	11385.34
735.719	11012.61
735.912	10623.5
736.105	10519.05
736.298	11334.14
736.491	10967.56
736.684	10404.36
736.877	10682.89
737.07	11420.16
737.263	11598.33
737.456	10334.73
737.649	10447.37
737.842	11059.71
738.035	11338.24
738.228	10695.18
738.421	10869.25
738.614	11244.03
738.807	11241.98
739	10347.02
739.192	10504.71
739.385	11072
739.578	11098.63
739.771	11219.46
739.964	10398.22
740.156	11278.85
740.349	10932.74
740.542	10779.14
740.735	10504.71
740.927	10646.02
741.12	10807.81
741.313	10164.75
741.505	10783.24
741.698	11143.68
741.891	10920.45
742.083	10506.76
742.276	10478.09
742.468	11328
742.661	10818.05
742.854	10324.49
743.046	10410.51
743.239	11002.37
743.431	11057.67
743.624	10504.71
743.816	10070.55
744.009	10865.16
744.201	10869.25
744.393	10957.32
744.586	10185.23
744.778	11094.53
744.971	10951.17
745.163	10385.93
745.355	10482.19
745.548	10723.85
745.74	10836.49
745.932	10295.82
746.125	10244.62
746.317	11020.8
746.509	10994.18
746.702	10420.75
746.894	10086.93
747.086	10889.73
747.278	10979.84
747.471	10648.07
747.663	10654.22
747.855	10881.54
748.047	11104.77
748.239	10308.11
748.431	10316.3
748.623	11354.62
748.815	11153.92
749.008	10097.17
749.2	10451.47
749.392	10852.87
749.584	11196.93
749.776	10693.13
749.968	10535.43
750.16	11348.48
750.352	10656.26
750.544	10433.04
750.736	10222.09
750.928	10902.02
751.12	10754.57
751.311	10377.74
751.503	10525.19
751.695	10652.17
751.887	11151.87
752.079	10252.81
752.271	10244.62
752.463	11495.93
752.654	10885.64
752.846	10373.64
753.038	10459.66
753.23	10514.95
753.421	10736.13
753.613	10277.39
753.805	10512.91
753.997	10777.09
754.188	10734.09
754.38	10250.77
754.572	10185.23
754.763	10406.41
754.955	10605.06
755.146	10261.01
755.338	10134.03
755.53	10945.03
755.721	10588.68
755.913	9957.91
756.104	9929.24
756.296	10424.84
756.487	11041.28
756.679	10043.92
756.87	10070.55
757.062	10545.67
757.253	10662.41
757.445	9955.86
757.636	10312.21
757.827	10963.46
758.019	11047.43
758.21	9976.34
758.401	9980.43
758.593	11004.42
758.784	10666.5
758.975	9777.69
759.167	10002.96
759.358	10498.57
759.549	10785.29
759.74	9732.63
759.932	10103.31
760.123	10324.49
760.314	10766.85
760.505	10123.79
760.696	9990.67
760.888	10820.1
761.079	10459.66
761.27	9890.32
761.461	9740.82
761.652	10486.28
761.843	10377.74
762.034	9964.05
762.225	10607.11
762.416	10336.78
762.607	10383.88
762.798	9689.62
762.989	9812.5
763.18	11416.06
763.371	10181.14
763.562	9783.83
763.753	9925.14
763.944	10170.9
764.135	10091.02
764.326	9994.77
764.517	9554.46
764.708	10312.21
764.899	10254.86
765.089	9364
765.28	9439.77
765.471	9996.82
765.662	10545.67
765.853	9777.69
766.043	9411.1
766.234	10361.36
766.425	10287.63
766.615	9683.48
766.806	9419.29
766.997	10005.01
767.187	10011.15
767.378	9585.18
767.569	9265.69
767.759	9824.79
767.95	9775.64
768.141	9646.62
768.331	9339.42
768.522	10031.63
768.712	9941.52
768.903	9194.01
769.093	9161.25
769.284	9873.94
769.474	9914.9
769.665	9064.99
769.855	9067.04
770.046	10146.32
770.236	9718.29
770.426	9531.93
770.617	9202.21
770.807	9701.91
770.998	10095.12
771.188	9650.71
771.378	9148.96
771.569	9929.24
771.759	9640.47
771.949	9042.46
772.139	9091.62
772.33	9576.98
772.52	9806.36
772.71	9097.76
772.9	8821.28
773.09	9679.38
773.281	10179.09
773.471	9060.9
773.661	9222.69
773.851	9513.5
774.041	9689.62
774.231	8618.54
774.421	9275.93
774.611	9804.31
774.802	9423.39
774.992	9171.49
775.182	8827.43
775.372	9667.1
775.562	9794.07
775.752	8956.45
775.942	8948.26
776.131	9943.57
776.321	9333.28
776.511	8702.5
776.701	8761.89
776.891	9722.39
777.081	9105.95
777.271	9110.05
777.461	8856.1
777.651	9626.14
777.84	9771.54
778.03	9069.09
778.22	8921.63
778.41	9460.25
778.599	9001.51
778.789	8993.31
778.979	8548.9
779.169	9316.89
779.358	9343.52
779.548	9275.93
779.738	8624.68
779.927	9443.87
780.117	9122.34
780.307	8751.65
780.496	8444.46
780.686	9617.94
780.875	9992.72
781.065	8796.71
781.254	8716.84
781.444	9415.19
781.633	9171.49
781.823	8499.75
782.012	8593.96
782.202	9073.18
782.391	8870.44
782.581	8481.32
782.77	8948.26
782.96	9464.35
783.149	8911.39
783.338	8499.75
783.528	8528.42
783.717	9310.75
783.906	9271.84
784.096	8591.91
784.285	8364.59
784.474	8981.03
784.663	8796.71
784.853	8284.72
785.042	8653.35
785.231	9167.39
785.42	9194.01
785.61	8757.8
785.799	8440.36
785.988	9308.7
786.177	8882.72
786.366	8491.56
786.555	8837.67
786.744	8981.03
786.933	9024.03
787.122	8290.86
787.312	8243.76
787.501	8684.07
787.69	9101.86
787.879	8444.46
788.068	8264.24
788.257	8708.65
788.445	9071.14
788.634	8528.42
788.823	8188.46
789.012	9255.45
789.201	9159.2
789.39	8299.05
789.579	8190.51
789.768	9030.18
789.957	8903.2
790.145	8213.04
790.334	7662.13
790.523	8315.44
790.712	8653.35
790.9	8364.59
791.089	8034.86
791.278	8843.81
791.467	8882.72
791.655	8612.39
791.844	9103.9
792.033	8722.98
792.221	8612.39
792.41	8143.41
792.599	7844.4
792.787	8706.6
792.976	8811.04
793.164	7971.38
793.353	8057.39
793.541	9038.37
793.73	9112.1
793.918	8237.61
794.107	8077.87
794.295	8825.38
794.484	8835.62
794.672	8333.87
794.861	8086.06
795.049	8487.47
795.238	9187.87
795.426	7905.84
795.614	8102.45
795.803	8974.88
795.991	8954.4
796.179	7924.27
796.368	8024.62
796.556	8735.27
796.744	8405.55
796.932	7934.51
797.121	7920.18
797.309	8550.95
797.497	8643.11
797.685	7977.52
797.874	7746.1
798.062	8692.26
798.25	8792.61
798.438	7959.09
798.626	7975.47
798.814	8788.52
799.002	8860.2
799.19	8127.02
799.378	8243.76
799.566	8702.5
799.755	8806.95
799.943	8190.51
800.131	7969.33
800.318	8280.62
800.506	8524.33
800.694	7721.52
800.882	8282.67
801.07	8669.73
801.258	8557.1
801.446	8012.34
801.634	8133.17
801.822	8415.79
802.01	8630.82
802.197	7905.84
802.385	8153.65
802.573	8757.8
802.761	8583.72
802.949	7977.52
803.136	7645.75
803.324	8819.24
803.512	8573.48
803.699	8284.72
803.887	7848.5
804.075	8757.8
804.262	8462.89
804.45	7993.9
804.638	8256.04
804.825	8335.92
805.013	8325.68
805.201	7944.75
805.388	7813.68
805.576	8430.12
805.763	8561.19
805.951	7961.14
806.138	8077.87
806.326	8804.9
806.513	8483.37
806.701	7813.68
806.888	7963.19
807.075	8622.63
807.263	8788.52
807.45	7789.11
807.638	7975.47
807.825	8761.89
808.012	8763.94
808.2	8063.54
808.387	8530.47
808.574	8593.96
808.761	8886.82
808.949	7946.8
809.136	7983.66
809.323	8311.34
809.51	8772.13
809.698	8423.98
809.885	8286.76
810.072	8772.13
810.259	8849.96
810.446	8301.1
810.633	7916.08
810.82	8639.01
811.008	8917.54
811.195	8419.88
811.382	7950.9
811.569	9015.84
811.756	8325.68
811.943	8284.72
812.13	8055.34
812.317	8622.63
812.504	8540.71
812.691	8067.63
812.878	8258.09
813.064	8972.83
813.251	8636.97
813.438	8090.16
813.625	8432.17
813.812	8727.08
813.999	8614.44
814.186	8405.55
814.372	8145.45
814.559	8796.71
814.746	9204.25
814.933	8153.65
815.12	8358.44
815.306	8737.32
815.493	8538.66
815.68	8311.34
815.866	8049.2
816.053	8806.95
816.24	8907.3
816.426	8010.29
816.613	8061.49
816.799	8735.27
816.986	9112.1
817.173	8165.93
817.359	7909.94
817.546	8657.45
817.732	8249.9
817.919	7998
818.105	8221.23
818.292	8657.45
818.478	8776.23
818.665	8122.93
818.851	7793.2
819.037	9130.53
819.224	8434.22
819.41	7793.2
819.597	7723.57
819.783	9251.36
819.969	8675.88
820.156	7985.71
820.342	7752.24
820.528	10146.32
820.714	8294.96
820.901	8438.31
821.087	7932.47
821.273	8614.44
821.459	8577.58
821.646	7866.93
821.832	7770.68
822.018	8608.3
822.204	8481.32
822.39	7995.95
822.576	8067.63
822.762	8669.73
822.948	8677.93
823.134	8012.34
823.32	7909.94
823.507	8155.69
823.693	8448.55
823.879	8485.42
824.065	7699
824.25	8270.38
824.436	8190.51
824.622	7717.43
824.808	7719.48
824.994	8413.74
825.18	8446.51
825.366	7561.78
825.552	7887.41
825.738	8538.66
825.923	8632.87
826.109	8120.88
826.295	7680.57
826.481	8204.85
826.667	8155.69
826.852	8194.61
827.038	7641.65
827.224	8612.39
827.409	8743.46
827.595	7447.1
827.781	7989.81
827.966	8722.98
828.152	8624.68
828.338	7926.32
828.523	7612.98
828.709	8434.22
828.894	8538.66
829.08	7809.59
829.266	7647.8
829.451	8370.73
829.637	8487.47
829.822	7664.18
830.008	7803.44
830.193	8325.68
830.378	8704.55
830.564	7727.67
830.749	7535.16
830.935	8180.27
831.12	8133.17
831.305	7346.75
831.491	7535.16
831.676	7731.76
831.861	8276.52
832.047	7342.65
832.232	7227.96
832.417	8227.37
832.602	8290.86
832.788	7553.59
832.973	7545.4
833.158	7920.18
833.343	7971.38
833.528	7727.67
833.714	7547.45
833.899	7803.44
834.084	8436.27
834.269	7639.61
834.454	7518.78
834.639	7965.23
834.824	8303.15
835.009	7813.68
835.194	7774.77
835.379	8210.99
835.564	8436.27
835.749	7885.36
835.934	7184.96
836.119	8262.19
836.304	7879.22
836.489	7268.92
836.674	7797.3
836.859	7705.14
837.044	8067.63
837.228	7199.29
837.413	7006.78
837.598	7735.86
837.783	7858.74
837.968	7213.63
838.152	7146.05
838.337	7320.12
838.522	8239.66
838.707	8198.7
838.891	7629.37
839.076	7936.56
839.261	7766.58
839.445	7508.54
839.63	7418.43
839.815	8254
839.999	7623.22
840.184	7144
840.368	7055.93
840.553	7860.79
840.737	7834.16
840.922	7107.13
841.106	6955.58
841.291	7625.27
841.475	7803.44
841.66	7260.73
841.844	7158.33
842.029	8387.11
842.213	7373.37
842.397	6967.87
842.582	6820.42
842.766	7674.42
842.951	7789.11
843.135	7055.93
843.319	6836.8
843.504	7785.01
843.688	7959.09
843.872	6638.15
844.056	6814.27
844.241	7553.59
844.425	7332.41
844.609	7451.19
844.793	6867.52
844.977	7764.53
845.161	7684.66
845.346	6705.73
845.53	6824.51
845.714	7678.52
845.898	7764.53
846.082	6582.85
846.266	6994.5
846.45	7385.66
846.634	7660.09
846.818	7008.83
847.002	7010.88
847.186	7547.45
847.37	7176.77
847.554	6783.56
847.738	6971.97
847.922	7381.56
848.106	7674.42
848.29	6572.61
848.473	6922.82
848.657	7463.48
848.841	7346.75
849.025	6728.26
849.209	6380.11
849.392	7506.49
849.576	7107.13
849.76	6347.34
849.944	7080.51
850.127	7735.86
850.311	6933.06
850.495	6646.34
850.678	6533.7
850.862	7354.94
851.046	7432.76
851.229	7199.29
851.413	6386.25
851.596	7645.75
851.78	7082.56
851.964	6959.68
852.147	6691.4
852.331	7873.07
852.514	7492.15
852.698	6867.52
852.881	6328.91
853.065	7203.39
853.248	6949.44
853.431	6806.08
853.615	6877.76
853.798	7832.12
853.982	7219.77
854.165	6906.43
854.348	6451.78
854.532	6990.4
854.715	6851.14
854.898	6513.22
855.081	6406.73
855.265	7455.29
855.448	7655.99
855.631	6253.13
855.814	6439.5
855.997	7043.65
856.181	7115.33
856.364	6505.03
856.547	6136.4
856.73	7027.26
856.913	6892.1
857.096	6177.36
857.279	6502.98
857.462	6949.44
857.645	7053.89
857.828	6634.05
858.011	6494.79
858.194	6703.68
858.377	6771.27
858.56	6048.33
858.743	6306.38
858.926	6808.13
859.109	6980.16
859.292	6230.6
859.475	5900.88
859.658	6844.99
859.841	6916.67
860.023	5958.22
860.206	6171.21
860.389	6625.86
860.572	6763.08
860.755	6128.21
860.937	6294.09
861.12	6703.68
861.303	6568.52
861.486	5943.89
861.668	5960.27
861.851	6609.48
862.034	6781.51
862.216	6314.57
862.399	5878.35
862.581	6705.73
862.764	6842.95
862.947	5933.65
863.129	6093.39
863.312	6265.42
863.494	6705.73
863.677	6664.77
863.859	5573.21
864.042	6842.95
864.224	6431.3
864.406	6343.24
864.589	5720.66
864.771	6535.75
864.954	6232.65
865.136	5960.27
865.318	5562.97
865.501	7129.66
865.683	6142.54
865.865	5861.97
866.048	5726.8
866.23	6490.7
866.412	6300.23
866.594	5739.09
866.777	6103.63
866.959	6236.75
867.141	6240.84
867.323	6218.32
867.505	6068.81
867.687	6453.83
867.869	6361.67
868.052	5751.38
868.234	5839.44
868.416	6355.53
868.598	6707.78
868.78	5962.32
868.962	5904.98
869.144	6697.54
869.326	6304.33
869.508	5788.24
869.69	5788.24
869.872	6218.32
870.054	6699.59
870.236	5417.56
870.417	5732.95
870.599	6009.42
870.781	6752.84
870.963	5925.46
871.145	5534.29
871.327	6283.85
871.508	6359.63
871.69	5739.09
871.872	5818.96
872.054	6414.92
872.235	6386.25
872.417	5907.02
872.599	5395.03
872.78	6945.34
872.962	6089.29
873.144	5343.83
873.325	5810.77
873.507	6543.94
873.689	6316.62
873.87	5513.81
874.052	5792.34
874.233	6208.08
874.415	6654.53
874.596	5913.17
874.778	5493.33
874.959	6185.55
875.141	6505.03
875.322	5718.61
875.503	5417.56
875.685	6150.73
875.866	5663.32
876.048	5536.34
876.229	5370.46
876.41	6179.4
876.592	6242.89
876.773	5651.03
876.954	5210.72
877.136	6427.21
877.317	6148.68
877.498	5499.48
877.679	6060.62
877.86	6228.56
878.042	6183.5
878.223	5626.45
878.404	6468.17
878.585	6373.96
878.766	8180.27
878.947	6064.72
879.128	5902.93
879.309	6470.22
879.49	6404.68
879.672	5829.2
879.853	5773.91
880.034	6023.76
880.215	6384.2
880.396	5960.27
880.576	5700.18
880.757	6281.8
880.938	6771.27
881.119	5673.56
881.3	5986.9
881.481	6367.82
881.662	7471.67
881.843	5638.74
882.023	5597.78
882.204	6668.87
882.385	6255.18
882.566	5605.97
882.747	5745.23
882.927	6537.8
883.108	6545.99
883.289	5659.22
883.469	6191.69
883.65	6416.97
883.831	6509.13
884.011	6122.06
884.192	5847.63
884.373	6550.09
884.553	6556.23
884.734	6212.17
884.914	6648.39
885.095	7715.38
885.275	6617.67
885.456	6154.83
885.636	5696.08
885.817	6564.42
885.997	6818.37
886.178	5941.84
886.358	5999.18
886.538	6507.08
886.719	8335.92
886.899	6058.57
887.08	6103.63
887.26	6849.09
887.44	6449.74
887.621	5988.94
887.801	6025.81
887.981	7270.97
888.161	7033.41
888.342	6226.51
888.522	6064.72
888.702	6777.41
888.882	6836.8
889.062	6195.79
889.242	5712.47
889.423	7004.74
889.603	6789.7
889.783	6392.39
889.963	6177.36
890.143	6640.2
890.323	6867.52
890.503	5962.32
890.683	6167.12
890.863	6525.51
891.043	6697.54
891.223	6191.69
891.403	6310.47
891.583	6761.03
891.763	6738.5
891.943	6072.91
892.122	6589
892.302	6556.23
892.482	6840.9
892.662	6425.16
892.842	6187.6
893.022	6589
893.201	6773.32
893.381	6238.8
893.561	5999.18
893.741	6804.03
893.92	6607.43
894.1	6154.83
894.28	6298.19
894.459	6840.9
894.639	6570.57
894.819	5810.77
894.998	6126.16
895.178	6789.7
895.357	6462.02
895.537	6031.95
895.716	5827.15
895.896	6238.8
896.075	6974.02
896.255	5876.31
896.434	5864.02
896.614	7094.85
896.793	6718.02
896.973	6056.53
897.152	5997.14
897.331	6232.65
897.511	6617.67
897.69	5495.38
897.87	5808.72
898.049	6310.47
898.228	6240.84
898.407	6077.01
898.587	6029.9
898.766	6183.5
898.945	6279.75
899.124	6218.32
899.304	5929.55
899.483	6507.08
899.662	6632.01
899.841	5651.03
900.02	5753.43
900.199	6296.14
900.378	6386.25
900.557	5528.15
900.737	5591.64
900.916	6068.81
901.095	6175.31
901.274	5966.42
901.453	5368.41
901.632	5958.22
901.811	5894.74
901.989	5409.37
902.168	5517.91
902.347	6310.47
902.526	5947.98
902.705	5528.15
902.884	5591.64
903.063	6580.81
903.242	6359.63
903.42	5360.22
903.599	5831.25
903.778	6081.1
903.957	6490.7
904.135	5804.63
904.314	5466.71
904.493	5773.91
904.672	5780.05
904.85	5513.81
905.029	5317.21
905.207	5651.03
905.386	6099.53
905.565	4891.23
905.743	5145.18
905.922	5548.63
906.1	5522.01
906.279	4856.42
906.457	5077.6
906.636	5700.18
906.814	5356.12
906.993	5165.66
907.171	4903.52
907.35	5749.33
907.528	5986.9
907.707	5266.01
907.885	4645.48
908.063	5417.56
908.242	5272.15
908.42	4905.57
908.598	4735.59
908.777	5479
908.955	5243.48
909.133	5081.69
909.311	4663.91
909.49	5304.92
909.668	5145.18
909.846	4776.55
910.024	4635.24
910.202	5298.78
910.38	5595.73
910.559	4833.89
910.737	4823.65
910.915	5280.35
911.093	5382.74
911.271	4913.76
911.449	5014.11
911.627	5335.64
911.805	6070.86
911.983	4930.14
912.161	4809.31
912.339	5198.43
912.517	5835.35
912.695	5446.23
912.872	5173.85
913.05	5685.84
913.228	5802.58
913.406	4995.68
913.584	5010.01
913.762	5810.77
913.939	5497.43
914.117	4889.18
914.295	4960.86
914.473	5522.01
914.65	5694.04
914.828	5055.07
915.006	4969.05
915.184	5397.08
915.361	5483.09
915.539	5229.15
915.716	5204.57
915.894	5571.16
916.072	5577.3
916.249	5397.08
916.427	5106.27
916.604	5413.46
916.782	5464.66
916.959	4770.4
917.137	4880.99
917.314	5517.91
917.492	5509.72
917.669	5073.5
917.847	4905.57
918.024	5233.24
918.201	5196.38
918.379	5024.35
918.556	4893.28
918.733	5517.91
918.911	4964.96
919.088	5087.84
919.265	4782.69
919.442	5382.74
919.62	5335.64
919.797	4801.12
919.974	4518.5
920.151	5409.37
920.328	5155.42
920.506	4690.53
920.683	5220.95
920.86	4997.73
921.037	5206.62
921.214	4682.34
921.391	4751.97
921.568	5360.22
921.745	5180
921.922	4780.64
922.099	4622.95
922.276	5120.6
922.453	5147.23
922.63	4584.04
922.807	5059.17
922.984	5229.15
923.161	4887.14
923.338	4794.98
923.514	4581.99
923.691	5272.15
923.868	5327.45
924.045	4553.32
924.222	4543.08
924.399	5093.98
924.575	5182.04
924.752	4663.91
924.929	4696.67
925.105	4985.44
925.282	4797.03
925.459	4878.94
925.635	4663.91
925.812	5163.61
925.989	4903.52
926.165	4686.44
926.342	4151.92
926.518	4688.48
926.695	4751.97
926.871	4246.12
927.048	4391.53
927.224	5042.78
927.401	4821.6
927.577	4469.35
927.754	4219.5
927.93	5040.73
928.107	4942.43
928.283	4102.76
928.459	4344.42
928.636	4991.58
928.812	4641.38
928.988	4223.59
929.165	3971.69
929.341	4622.95
929.517	4704.87
929.693	4774.5
929.87	3803.76
930.046	4711.01
930.222	4442.73
930.398	4057.71
930.574	4278.89
930.751	4436.58
930.927	4592.23
931.103	4237.93
931.279	4070
931.455	4459.11
931.631	4655.72
931.807	3842.67
931.983	3793.52
932.159	4070
932.335	4385.38
932.511	3953.26
932.687	3928.69
932.863	4217.45
933.039	4442.73
933.215	3672.69
933.391	3615.35
933.566	4334.18
933.742	4139.63
933.918	3658.35
934.094	3414.65
934.27	3961.45
934.445	3967.6
934.621	3764.85
934.797	3512.95
934.973	3975.79
935.148	3775.09
935.324	3193.47
935.5	3175.03
935.675	4039.28
935.851	3818.1
936.027	3471.99
936.202	3418.74
936.378	3908.21
936.553	3611.25
936.729	4043.37
936.904	3109.5
937.08	3345.02
937.255	3256.95
937.431	3093.12
937.606	2919.04
937.782	3152.51
937.957	3574.39
938.133	3027.58
938.308	2706.05
938.483	3242.62
938.659	2957.95
938.834	2929.28
939.009	2476.68
939.185	3031.68
939.36	2720.39
939.535	2204.3
939.71	2734.72
939.886	3259
940.061	2765.44
940.236	2888.32
940.411	2611.84
940.586	3050.11
940.761	2949.76
940.937	2595.46
941.112	2208.39
941.287	2607.75
941.462	2699.91
941.637	2060.94
941.812	2318.98
941.987	2517.64
942.162	2417.29
942.337	2155.15
942.512	2173.58
942.687	2839.17
942.862	2583.17
943.037	1837.71
943.212	1731.22
943.386	2341.51
943.561	2507.4
943.736	2353.8
943.911	2804.35
944.086	2689.67
944.26	2558.6
944.435	2232.97
944.61	2300.55
944.785	2525.83
944.959	3091.07
945.134	2118.28
945.309	2105.99
945.483	2214.54
945.658	2716.29
945.833	1823.37
946.007	1911.44
946.182	2673.28
946.357	2364.04
946.531	1985.16
946.706	1979.02
946.88	2189.96
947.055	2570.88
947.229	2052.75
947.404	1829.52
947.578	2577.03
947.752	2460.29
947.927	1915.53
948.101	1995.4
948.276	3064.44
948.45	2527.88
948.624	2624.13
948.799	2052.75
948.973	2542.21
949.147	2300.55
949.321	2019.98
949.496	2222.73
949.67	2876.03
949.844	2396.81
950.018	2110.09
950.193	2189.96
950.367	3197.56
950.541	2372.23
950.715	2259.59
950.889	2388.61
951.063	2497.16
951.237	2787.97
951.411	1931.92
951.585	2054.8
951.759	2822.78
951.933	2710.15
952.107	2159.24
952.281	2427.53
952.455	2988.67
952.629	2845.31
952.803	2286.22
952.977	2253.45
953.151	2779.78
953.325	2783.87
953.499	2486.92
953.672	2044.56
953.846	2427.53
954.02	2605.7
954.194	2167.43
954.368	2183.82
954.541	2988.67
954.715	2712.19
954.889	2505.35
955.062	2151.05
955.236	2577.03
955.41	2665.09
955.583	2558.6
955.757	2175.63
955.93	2765.44
956.104	2501.25
956.278	2366.09
956.451	2255.5
956.625	2882.17
956.798	3195.51
956.972	2597.51
957.145	2110.09
957.319	3074.68
957.492	2785.92
957.665	2519.68
957.839	2245.26
958.012	2644.61
958.185	2624.13
958.359	2499.2
958.532	2673.28
958.705	2861.69
958.879	2814.59
959.052	2491.01
959.225	2185.87
959.398	2818.69
959.572	2884.22
959.745	2347.65
959.918	2364.04
960.091	2898.56
960.264	2972.29
960.438	2237.06
960.611	2261.64
960.784	3074.68
960.957	2593.41
961.13	2960
961.303	2290.31
961.476	2798.21
961.649	3281.53
961.822	2357.89
961.995	2636.42
962.168	2699.91
962.341	3050.11
962.514	2392.71
962.686	2361.99
962.859	2816.64
963.032	3029.63
963.205	2486.92
963.378	2103.95
963.551	2845.31
963.723	2626.18
963.896	2706.05
964.069	2675.33
964.242	2738.82
964.414	3439.22
964.587	2302.6
964.76	2558.6
964.932	2837.12
965.105	2837.12
965.278	2396.81
965.45	2325.13
965.623	3043.96
965.795	2851.46
965.968	2386.57
966.14	2378.37
966.313	2740.86
966.485	2828.93
966.658	2421.38
966.83	2445.96
967.003	2845.31
967.175	2765.44
967.348	2271.88
967.52	2390.66
967.692	3170.94
967.865	3029.63
968.037	2304.65
968.209	2638.47
968.382	2814.59
968.554	3021.44
968.726	2429.57
968.898	2255.5
969.071	3101.31
969.243	2880.13
969.415	2261.64
969.587	2527.88
969.759	3193.47
969.932	2753.15
970.104	2435.72
970.276	1921.68
970.448	2534.02
970.62	2501.25
970.792	2478.72
970.964	2456.2
971.136	3175.03
971.308	2677.38
971.48	2144.91
971.652	2149
971.824	2990.72
971.996	2660.99
972.168	2249.35
972.339	2208.39
972.511	2572.93
972.683	2620.03
972.855	2519.68
973.027	2151.05
973.199	2910.85
973.37	2830.98
973.542	2267.78
973.714	2398.85
973.886	2298.5
974.057	2673.28
974.229	2083.47
974.401	2151.05
974.572	2333.32
974.744	2290.31
974.915	2036.36
975.087	2019.98
975.259	2894.46
975.43	2347.65
975.602	2062.99
975.773	1970.83
975.945	2460.29
976.116	2677.38
976.288	2089.61
976.459	2402.95
976.63	2394.76
976.802	2456.2
976.973	1931.92
977.145	2333.32
977.316	3095.16
977.487	2755.2
977.659	2132.62
977.83	2241.16
978.001	2820.74
978.172	2527.88
978.344	1876.62
978.515	2110.09
978.686	2312.84
978.857	2925.18
979.028	2058.89
979.2	2060.94
979.371	2722.43
979.542	2310.79
979.713	2189.96
979.884	1637.01
980.055	2275.98
980.226	2386.57
980.397	1921.68
980.568	1946.25
980.739	2640.51
980.91	2130.57
981.081	2267.78
981.252	2011.79
981.423	2372.23
981.594	2269.83
981.765	1784.46
981.936	2042.51
982.106	2247.3
982.277	2689.67
982.448	1850
982.619	1995.4
982.79	2122.38
982.96	2321.03
983.131	2185.87
983.302	1632.91
983.472	2232.97
983.643	2402.95
983.814	2120.33
983.984	1800.85
984.155	2155.15
984.326	2282.12
984.496	2030.22
984.667	1874.57
984.837	1903.25
985.008	2597.51
985.178	2347.65
985.349	1944.2
985.519	2128.52
985.69	1985.16
985.86	1919.63
986.031	1733.26
986.201	2388.61
986.371	2218.63
986.542	1628.82
986.712	1471.12
986.882	2329.22
987.053	2222.73
987.223	1659.54
987.393	1979.02
987.563	1985.16
987.734	2185.87
987.904	2460.29
988.074	1559.19
988.244	1946.25
988.414	2038.41
988.585	1628.82
988.755	1815.18
988.925	2142.86
989.095	2548.36
989.265	1594
989.435	1823.37
989.605	2230.92
989.775	2318.98
989.945	1911.44
990.115	1376.92
990.285	2034.32
990.455	2065.04
990.625	1790.61
990.795	1483.41
990.965	2263.69
991.134	2024.08
991.304	1483.41
991.474	1458.84
991.644	1985.16
991.814	2290.31
991.984	1245.85
992.153	1485.46
992.323	1788.56
992.493	2065.04
992.662	1282.71
992.832	1755.79
993.002	1780.37
993.171	2220.68
993.341	1180.31
993.511	1335.96
993.68	1909.39
993.85	2134.67
994.019	1376.92
994.189	1370.77
994.358	1976.97
994.528	1782.42
994.697	1026.71
994.867	1346.2
995.036	2099.85
995.206	1706.64
995.375	1272.47
995.544	1649.3
995.714	2206.34
995.883	1927.82
996.052	1669.78
996.222	1043.1
996.391	2093.71
996.56	1944.2
996.73	1211.03
996.899	1096.35
997.068	2257.54
997.237	1868.43
997.406	1127.07
997.576	1084.06
997.745	2054.8
997.914	1643.15
998.083	963.23
998.252	1245.85
998.421	1907.34
998.59	1651.35
998.759	1067.67
998.928	1000.09
999.097	1976.97
999.266	1841.81
999.435	1555.09
999.604	1008.28
999.773	2042.51
999.942	1548.95
1000.111	860.83
1000.28	871.07
1000.448	1596.05
1000.617	1524.37
1000.786	1419.92
1000.955	975.52
1001.124	1917.58
1001.292	2224.78
1001.461	1065.63
1001.63	936.6
1001.798	1747.6
1001.967	1768.08
1002.136	830.11
1002.304	1000.09
1002.473	1987.21
1002.642	1561.23
1002.81	1133.21
1002.979	1180.31
1003.147	1782.42
1003.316	1882.77
1003.484	971.42
1003.653	1106.59
1003.821	1667.73
1003.99	1471.12
1004.158	1325.72
1004.327	1127.07
1004.495	1641.11
1004.663	1503.89
1004.832	1354.39
1005	848.54
1005.168	1598.1
1005.337	1387.16
1005.505	690.85
1005.673	1247.9
1005.842	1737.36
1006.01	1417.88
1006.178	780.96
1006.346	993.95
1006.514	1323.67
1006.683	1915.53
1006.851	860.83
1007.019	1217.18
1007.187	1305.24
1007.355	1067.67
1007.523	680.61
1007.691	600.74
1007.859	1104.54
1008.027	2079.37
1008.195	778.91
1008.363	740
1008.531	1251.99
1008.699	1589.91
1008.867	621.22
1009.035	920.22
1009.203	1749.65
1009.37	1315.48
1009.538	856.73
1009.706	1698.45
1009.874	1208.98
1010.042	1368.73
1010.209	684.7
1010.377	627.36
1010.545	1430.16
1010.713	1368.73
1010.88	674.46
1011.048	789.15
1011.216	1251.99
1011.383	1571.47
1011.551	721.57
1011.718	545.44
1011.886	1274.52
1012.054	1510.04
1012.221	645.79
1012.389	627.36
1012.556	1190.55
1012.724	1550.99
1012.891	832.16
1013.058	455.33
1013.226	1383.06
1013.393	1301.14
1013.561	379.56
1013.728	463.52
1013.895	1522.32
1014.063	1258.14
1014.23	477.86
1014.397	604.83
1014.565	1467.03
1014.732	1108.63
1014.899	436.9
1015.066	340.65
1015.233	1292.95
1015.401	1413.78
1015.568	561.83
1015.735	856.73
1015.902	1321.62
1016.069	1542.8
1016.236	658.08
1016.403	420.52
1016.57	926.36
1016.737	1727.12
1016.904	590.5
1017.071	324.26
1017.238	813.73
1017.405	1100.44
1017.572	576.16
1017.739	856.73
1017.906	1661.59
1018.073	1284.76
1018.24	441
1018.407	748.19
1018.573	1165.98
1018.74	1211.03
1018.907	610.98
1019.074	273.06
1019.241	1270.42
1019.407	1084.06
1019.574	428.71
1019.741	354.98
1019.907	1438.36
1020.074	1514.13
1020.241	135.85
1020.407	215.72
1020.574	907.93
1020.74	1034.91
1020.907	475.81
1021.073	258.73
1021.24	1708.69
1021.406	1251.99
1021.573	275.11
1021.739	250.53
1021.906	1372.82
1022.072	950.94
1022.239	412.32
1022.405	537.25
1022.571	1165.98
1022.738	1028.76
1022.904	443.04
1023.07	600.74
1023.237	998.04
1023.403	1325.72
1023.569	496.29
1023.735	506.53
1023.902	1098.39
1024.068	1006.24
1024.234	268.97
1024.4	436.9
1024.566	836.25
1024.732	955.04
1024.898	375.46
1025.065	111.27
1025.231	885.41
1025.397	811.68
1025.563	400.04
1025.729	256.68
1025.895	561.83
1026.061	801.44
1026.227	70.31
1026.392	420.52
1026.558	961.18
1026.724	1129.11
1026.89	221.86
1027.056	584.35
1027.222	828.06
1027.388	889.5
1027.553	354.98
1027.719	174.76
1027.885	1391.25
1028.051	893.6
1028.216	66.22
1028.382	275.11
1028.548	938.65
1028.713	899.74
1028.879	133.8
1029.045	557.73
1029.21	1211.03
1029.376	1006.24
1029.541	264.87
1029.707	258.73
1029.873	993.95
1030.038	1028.76
1030.204	228.01
1030.369	309.93
1030.534	924.32
1030.7	701.09
1030.865	412.32
1031.031	152.23
1031.196	928.41
1031.361	850.59
1031.527	250.53
1031.692	258.73
1031.857	613.03
1032.023	946.84
1032.188	176.81
1032.353	131.75
1032.518	1028.76
1032.684	772.77
1032.849	-21.85
1033.014	328.36
1033.179	801.44
1033.344	916.12
1033.509	338.6
1033.674	238.25
1033.839	881.31
1034.004	924.32
1034.17	115.37
1034.335	31.4
1034.5	613.03
1034.664	596.64
1034.829	103.08
1034.994	291.49
1035.159	561.83
1035.324	922.27
1035.489	246.44
1035.654	195.24
1035.819	1501.84
1035.984	778.91
1036.148	291.49
1036.313	125.61
1036.478	895.64
1036.643	692.9
1036.807	168.62
1036.972	31.4
1037.137	1233.56
1037.301	731.81
1037.466	-83.28
1037.631	361.13
1037.795	899.74
1037.96	596.64
1038.124	416.42
1038.289	55.98
1038.454	627.36
1038.618	858.78
1038.783	305.83
1038.947	264.87
1039.111	590.5
1039.276	742.05
1039.44	141.99
1039.605	936.6
1039.769	604.83
1039.933	660.13
1040.098	150.18
1040.262	453.28
1040.426	793.25
1040.591	709.28
1040.755	-21.85
1040.919	191.14
1041.083	1000.09
1041.248	539.3
1041.412	-118.1
1041.576	39.59
1041.74	584.35
1041.904	699.04
1042.068	86.7
1042.232	189.1
1042.397	1110.68
1042.561	658.08
1042.725	-236.88
1042.889	119.46
1043.053	660.13
1043.217	561.83
1043.381	146.09
1043.544	-79.19
1043.708	600.74
1043.872	416.42
1044.036	-193.87
1044.2	-97.62
1044.364	985.76
1044.528	813.73
1044.691	7987.76
1044.855	-95.57
1045.019	682.66
1045.183	850.59
1045.346	160.42
1045.51	-202.07
1045.674	875.17
1045.837	649.89
1046.001	27.31
1046.165	129.7
1046.328	1135.26
1046.492	625.31
1046.655	328.36
1046.819	172.71
1046.983	529.06
1047.146	486.05
1047.31	197.29
1047.473	-204.11
1047.636	613.03
1047.8	436.9
1047.963	154.28
1048.127	-75.09
1048.29	344.74
