345.52	-1363.95
345.736	-1363.95
345.952	-1363.95
346.168	-1398.76
346.384	-1370.09
346.6	-270.33
346.816	-288.76
347.032	-208.89
347.248	540.66
347.464	-266.24
347.68	-190.46
347.896	-126.97
348.112	419.83
348.328	-155.65
348.544	-32.77
348.76	161.79
348.975	417.79
349.191	-452.6
349.407	-409.59
349.623	178.17
349.839	124.93
350.055	-167.93
350.27	-69.63
350.486	217.08
350.702	227.32
350.918	333.82
351.133	-112.64
351.349	116.73
351.565	614.39
351.781	-374.78
351.996	16.38
352.212	112.64
352.428	108.54
352.644	-327.68
352.859	-296.96
353.075	339.96
353.291	159.74
353.506	-196.61
353.722	-393.21
353.938	28.67
354.153	462.84
354.369	274.43
354.584	-200.7
354.8	221.18
355.016	-77.82
355.231	-292.86
355.447	0
355.662	442.36
355.878	847.86
356.093	-507.9
356.309	14.34
356.524	-65.54
356.74	487.42
356.955	-460.79
357.171	-151.55
357.386	290.81
357.602	-8.19
357.817	-190.46
358.033	-219.13
358.248	378.87
358.464	374.78
358.679	-249.85
358.895	-337.91
359.11	126.97
359.325	239.61
359.541	417.79
359.756	28.67
359.972	-108.54
360.187	430.07
360.402	-282.62
360.618	-245.76
360.833	1720.29
361.048	237.56
361.264	-182.27
361.479	26.62
361.694	229.37
361.909	274.43
362.125	-376.83
362.34	-190.46
362.555	290.81
362.77	284.67
362.986	-401.4
363.201	-274.43
363.416	282.62
363.631	126.97
363.847	-245.76
364.062	-217.08
364.277	192.51
364.492	2.05
364.707	-178.17
364.922	-389.11
365.138	276.48
365.353	456.7
365.568	-389.11
365.783	-239.61
365.998	511.99
366.213	595.96
366.428	-352.25
366.643	184.32
366.858	354.3
367.073	280.57
367.288	-124.93
367.503	-299
367.718	186.37
367.933	501.75
368.148	-280.57
368.363	-2.05
368.578	288.76
368.793	563.19
369.008	-75.77
369.223	-387.07
369.438	428.03
369.653	274.43
369.868	-395.26
370.083	-382.97
370.298	196.61
370.513	550.9
370.728	192.51
370.943	-163.84
371.157	36.86
371.372	788.47
371.587	-374.78
371.802	-342.01
372.017	178.17
372.232	630.77
372.446	-8.19
372.661	-270.33
372.876	256
373.091	331.77
373.306	-167.93
373.52	-346.11
373.735	131.07
373.95	620.53
374.165	-106.49
374.379	-88.06
374.594	36.86
374.809	530.42
375.023	118.78
375.238	-262.14
375.453	393.21
375.667	-8.19
375.882	-198.65
376.097	-206.84
376.311	241.66
376.526	376.83
376.741	-294.91
376.955	256
377.17	528.38
377.384	1015.79
377.599	120.83
377.813	-405.5
378.028	839.67
378.242	434.17
378.457	-92.16
378.672	-315.39
378.886	112.64
379.101	225.28
379.315	-362.49
379.53	-100.35
379.744	460.79
379.958	378.87
380.173	-260.09
380.387	-247.8
380.602	407.55
380.816	114.69
381.031	-112.64
381.245	-88.06
381.459	352.25
381.674	3309.52
381.888	-442.36
382.103	311.29
382.317	231.42
382.531	536.57
382.746	-90.11
382.96	-198.65
383.174	253.95
383.388	837.62
383.603	129.02
383.817	-294.91
384.031	253.95
384.246	544.76
384.46	116.73
384.674	780.28
384.888	135.17
385.103	456.7
385.317	-282.62
385.531	159.74
385.745	870.39
385.959	528.38
386.174	-198.65
386.388	-139.26
386.602	190.46
386.816	196.61
387.03	63.49
387.244	20.48
387.458	368.63
387.672	509.94
387.887	-329.72
388.101	-145.41
388.315	548.86
388.529	249.85
388.743	-112.64
388.957	-102.4
389.171	694.26
389.385	159.74
389.599	-100.35
389.813	147.45
390.027	292.86
390.241	931.83
390.455	-26.62
390.669	36.86
390.883	200.7
391.097	704.5
391.311	270.33
391.525	-92.16
391.738	700.41
391.952	751.6
392.166	192.51
392.38	-276.48
392.594	634.87
392.808	516.09
393.022	12.29
393.236	16.38
393.449	372.73
393.663	694.26
393.877	-98.3
394.091	110.59
394.305	364.54
394.518	210.94
394.732	-36.86
394.946	-28.67
395.16	937.97
395.373	356.35
395.587	-147.45
395.801	-69.63
396.015	536.57
396.228	456.7
396.442	-217.08
396.656	-241.66
396.869	505.85
397.083	946.16
397.297	114.69
397.51	38.91
397.724	491.51
397.938	366.59
398.151	-276.48
398.365	-122.88
398.578	620.53
398.792	792.56
399.005	286.72
399.219	-8.19
399.433	450.55
399.646	743.41
399.86	288.76
400.073	358.39
400.287	507.9
400.5	505.85
400.714	217.08
400.927	77.82
401.141	700.41
401.354	1964
401.567	770.04
401.781	-137.21
401.994	559.1
402.208	989.17
402.421	153.6
402.635	69.63
402.848	212.99
403.061	743.41
403.275	143.36
403.488	-63.49
403.701	802.8
403.915	849.91
404.128	327.67
404.341	79.87
404.555	1040.37
404.768	256
404.981	421.88
405.195	112.64
405.408	727.03
405.621	696.31
405.834	571.38
406.048	-36.86
406.261	862.19
406.474	589.81
406.687	129.02
406.9	346.11
407.114	626.68
407.327	780.28
407.54	-18.43
407.753	-75.77
407.966	466.94
408.179	620.53
408.392	79.87
408.605	-86.01
408.819	630.77
409.032	847.86
409.245	147.45
409.458	548.86
409.671	657.4
409.884	849.91
410.097	-12.29
410.31	421.88
410.523	933.87
410.736	462.84
410.949	217.08
411.162	262.14
411.375	811
411.588	702.45
411.801	479.22
412.014	53.25
412.227	436.22
412.44	645.11
412.653	184.32
412.865	516.09
413.078	903.15
413.291	796.66
413.504	448.51
413.717	176.13
413.93	954.35
414.143	485.37
414.356	376.83
414.568	38.91
414.781	847.86
414.994	827.38
415.207	362.49
415.42	294.91
415.632	770.04
415.845	1339.37
416.058	26.62
416.271	200.7
416.483	800.76
416.696	1052.66
416.909	258.04
417.121	290.81
417.334	737.27
417.547	1013.74
417.759	202.75
417.972	217.08
418.185	634.87
418.397	872.43
418.61	337.91
418.823	380.92
419.035	1030.13
419.248	806.9
419.46	348.15
419.673	581.62
419.885	671.73
420.098	931.83
420.311	307.2
420.523	79.87
420.736	978.93
420.948	839.67
421.161	331.77
421.373	235.52
421.586	618.49
421.798	540.66
422.01	73.73
422.223	669.69
422.435	536.57
422.648	1212.4
422.86	454.65
423.073	536.57
423.285	894.96
423.497	628.73
423.71	430.07
423.922	499.7
424.134	1118.19
424.347	1282.03
424.559	837.62
424.771	827.38
424.984	903.15
425.196	989.17
425.408	241.66
425.621	313.34
425.833	1075.18
426.045	1191.92
426.257	370.68
426.47	610.29
426.682	825.33
426.894	921.59
427.106	497.66
427.318	643.06
427.531	886.77
427.743	1140.72
427.955	692.21
428.167	1404.91
428.379	890.87
428.591	833.52
428.804	706.55
429.016	493.56
429.228	1030.13
429.44	1077.23
429.652	14135.08
429.864	399.35
430.076	1114.09
430.288	1036.27
430.5	763.89
430.712	894.96
430.924	1112.05
431.136	1243.12
431.348	495.61
431.56	628.73
431.772	880.63
431.984	856.05
432.196	493.56
432.408	702.45
432.62	1064.94
432.832	1171.44
433.044	954.35
433.256	841.72
433.468	1374.19
433.679	710.65
433.891	579.58
434.103	987.12
434.315	1560.55
434.527	1265.64
434.739	868.34
434.95	792.56
435.162	1214.45
435.374	829.43
435.586	927.73
435.798	839.67
436.009	1099.76
436.221	985.07
436.433	1003.5
436.645	802.8
436.856	1208.3
437.068	1638.38
437.28	774.13
437.491	1058.8
437.703	1482.73
437.915	1286.12
438.126	882.67
438.338	1404.91
438.55	1259.5
438.761	1239.02
438.973	960.5
439.184	870.39
439.396	1347.56
439.608	1335.28
439.819	856.05
440.031	942.07
440.242	1585.13
440.454	1542.12
440.665	999.41
440.877	1241.07
441.088	1701.86
441.3	1374.19
441.511	708.6
441.723	995.31
441.934	1826.79
442.146	1613.8
442.357	1251.31
442.569	1585.13
442.78	1538.02
442.991	2174.94
443.203	1693.67
443.414	1134.57
443.626	1898.47
443.837	1570.79
444.048	974.83
444.26	825.33
444.471	1591.27
444.682	1644.52
444.894	919.54
445.105	929.78
445.316	1828.84
445.528	1593.32
445.739	1351.66
445.95	1282.03
446.161	1595.37
446.373	1636.33
446.584	1165.29
446.795	1110
447.006	1966.05
447.217	1837.03
447.429	1101.81
447.64	909.3
447.851	2332.64
448.062	1906.66
448.273	954.35
448.484	1193.97
448.695	1720.29
448.907	1740.77
449.118	1390.57
449.329	1617.9
449.54	1722.34
449.751	1660.9
449.962	1198.06
450.173	1290.22
450.384	1904.61
450.595	2074.59
450.806	1351.66
451.017	1310.7
451.228	2070.5
451.439	1853.41
451.65	1441.77
451.861	1087.47
452.072	1744.87
452.283	1824.74
452.494	1583.08
452.705	1380.33
452.915	2361.31
453.126	1906.66
453.337	1718.25
453.548	1421.29
453.759	2383.84
453.97	2340.83
454.181	1966.05
454.391	1523.69
454.602	2058.21
454.813	2426.84
455.024	1710.05
455.235	1488.87
455.445	2248.67
455.656	2002.91
455.867	1888.23
456.078	1544.17
456.288	1877.99
456.499	2400.22
456.71	1593.32
456.921	1923.04
457.131	2211.81
457.342	1974.24
457.553	1771.49
457.763	1820.64
457.974	2133.98
458.184	2396.12
458.395	1562.6
458.606	1533.93
458.816	2650.07
459.027	2803.67
459.237	2015.2
459.448	1773.54
459.659	2482.14
459.869	3397.58
460.08	1671.14
460.29	2189.28
460.501	2711.51
460.711	2453.47
460.922	1722.34
461.132	1943.52
461.343	3422.16
461.553	2226.14
461.764	2002.91
461.974	2113.5
462.184	2834.39
462.395	2727.89
462.605	2228.19
462.816	1910.75
463.026	2865.11
463.236	2840.53
463.447	2121.7
463.657	2207.71
463.867	2852.82
464.078	2627.54
464.288	2332.64
464.498	2314.2
464.709	2963.41
464.919	2895.83
465.129	2355.16
465.339	2279.39
465.55	2885.59
465.76	3246.03
465.97	2580.44
466.18	2594.78
466.391	3256.27
466.601	3071.95
466.811	2633.69
467.021	2420.7
467.231	3352.52
467.441	3383.24
467.651	2752.47
467.862	2336.73
468.072	3149.78
468.282	3489.74
468.492	2643.93
468.702	2983.89
468.912	3542.99
469.122	4046.79
469.332	3233.74
469.542	2805.72
469.752	4005.83
469.962	3506.12
470.172	3030.99
470.382	2830.29
470.592	4067.27
470.802	3770.31
471.012	3323.85
471.222	3291.09
471.432	3774.41
471.642	3948.48
471.852	3592.14
472.062	3321.81
472.272	3948.48
472.482	3831.75
472.691	3344.33
472.901	3381.2
473.111	3860.42
473.321	4650.94
473.531	3459.02
473.741	3876.8
473.95	4366.27
474.16	4468.67
474.37	4061.12
474.58	3805.13
474.79	4913.08
474.999	4483
475.209	3827.65
475.419	3997.63
475.628	4667.32
475.838	4954.04
476.048	4351.93
476.258	3868.61
476.467	5134.26
476.677	4698.04
476.886	4589.5
477.096	4513.72
477.306	5025.72
477.515	5009.33
477.725	4794.29
477.935	4839.35
478.144	5795.75
478.354	5130.16
478.563	4812.73
478.773	4763.58
478.982	5560.24
479.192	5674.92
479.401	4921.27
479.611	4669.37
479.82	5361.58
480.03	5463.98
480.239	5267.38
480.449	4839.35
480.658	6207.39
480.868	5963.68
481.077	5502.89
481.287	5386.16
481.496	6135.71
481.705	6301.6
481.915	6141.86
482.124	5910.44
482.333	6283.17
482.543	6676.38
482.752	6045.6
482.961	5808.04
483.171	6438.81
483.38	6193.06
483.589	6150.05
483.799	6049.7
484.008	6512.54
484.217	6447.01
484.426	6219.68
484.636	6166.43
484.845	6813.59
485.054	6358.94
485.263	6825.88
485.472	6412.19
485.682	7110.55
485.891	7032.72
486.1	6238.11
486.309	6539.16
486.518	7200.66
486.727	8034.18
486.936	6610.84
487.146	6907.8
487.355	7481.23
487.564	7221.14
487.773	7081.88
487.982	7143.31
488.191	7352.21
488.4	7958.41
488.609	7206.8
488.818	6991.77
489.027	8142.72
489.236	8142.72
489.445	7434.13
489.654	7214.99
489.863	8363.9
490.072	7870.34
490.281	8241.03
490.49	7831.43
490.698	8476.54
490.907	8853.37
491.116	8005.51
491.325	7761.8
491.534	8720.25
491.743	8480.64
491.952	7989.13
492.16	7937.93
492.369	8841.08
492.578	8785.79
492.787	8419.2
492.996	8329.09
493.204	8607.61
493.413	9453.42
493.622	8085.38
493.831	8081.28
494.039	9453.42
494.248	8769.4
494.457	8728.44
494.665	8335.23
494.874	9197.43
495.083	9727.85
495.291	8628.09
495.5	8533.89
495.709	9609.07
495.917	9271.15
496.126	9138.04
496.335	8621.95
496.543	9338.74
496.752	9543.53
496.96	9473.9
497.169	9029.49
497.377	9664.36
497.586	9858.92
497.794	9385.84
498.003	8894.33
498.211	9805.67
498.42	9965.42
498.628	9424.75
498.837	9451.38
499.045	9877.35
499.254	10104.68
499.462	9572.21
499.671	9383.79
499.879	11104.09
500.087	10649.44
500.296	9547.63
500.504	9723.76
500.713	10219.36
500.921	10919.77
501.129	9744.24
501.338	9701.23
501.546	10469.22
501.754	10401.63
501.962	10145.64
502.171	9760.62
502.379	11050.84
502.587	10805.08
502.795	10092.39
503.004	10047.33
503.212	11091.8
503.42	10889.05
503.628	10381.15
503.837	10522.46
504.045	10927.96
504.253	11554.64
504.461	10485.6
504.669	10215.27
504.877	11648.85
505.085	11188.05
505.294	10508.13
505.502	10868.57
505.71	11663.18
505.918	11282.26
506.126	10624.86
506.334	10487.65
506.542	11583.31
506.75	11409.23
506.958	10778.46
507.166	10868.57
507.374	11061.08
507.582	11792.2
507.79	11263.83
507.998	10985.3
508.206	11880.27
508.414	11761.48
508.622	11056.98
508.83	10948.44
509.037	11892.55
509.245	11499.34
509.453	11104.09
509.661	11018.07
509.869	12103.5
510.077	11626.32
510.285	11431.76
510.492	10710.88
510.7	12613.44
510.908	11722.57
511.116	11415.38
511.324	11421.52
511.531	11827.02
511.739	12451.65
511.947	11894.6
512.155	11962.19
512.362	12410.69
512.57	12105.54
512.778	11816.78
512.985	11304.79
513.193	12179.27
513.401	12668.73
513.608	12019.53
513.816	11833.16
514.024	12646.21
514.231	12754.75
514.439	12130.12
514.646	11915.08
514.854	12908.35
515.061	12799.8
515.269	11962.19
515.477	11890.51
515.684	12642.11
515.892	12941.11
516.099	12115.78
516.307	12156.74
516.514	13373.24
516.722	13360.95
516.929	12001.1
517.136	12351.3
517.344	13123.38
517.551	13109.05
517.759	12224.33
517.966	12842.81
518.173	13135.67
518.381	13254.45
518.588	12554.05
518.796	12611.39
519.003	13590.32
519.21	13444.91
519.418	12934.97
519.625	13309.75
519.832	13289.27
520.039	13786.93
520.247	12588.86
520.454	12980.03
520.661	13733.68
520.868	13727.53
521.076	12904.25
521.283	13199.16
521.49	14167.85
521.697	13776.69
521.904	13291.32
522.112	13086.52
522.319	14157.61
522.526	13946.67
522.733	13227.83
522.94	13301.56
523.147	13948.72
523.354	13856.56
523.561	13137.72
523.768	13795.12
523.975	14493.47
524.183	14161.7
524.39	13924.14
524.597	13354.8
524.804	13862.7
525.011	14073.64
525.218	13662
525.425	13657.9
525.632	14821.15
525.838	14442.28
526.045	13702.96
526.252	14034.73
526.459	16066.31
526.666	16221.96
526.873	14090.02
527.08	13999.91
527.287	14810.91
527.494	14796.57
527.701	13977.39
527.907	13928.24
528.114	14845.73
528.321	14915.36
528.528	14327.59
528.735	14286.63
528.941	14999.32
529.148	14667.55
529.355	14411.56
529.562	14440.23
529.768	16043.79
529.975	14829.34
530.182	14645.02
530.388	14563.11
530.595	15480.6
530.802	14964.51
531.008	15142.68
531.215	14712.61
531.422	16238.34
531.628	16193.29
531.835	14843.68
532.042	15103.77
532.248	15531.79
532.455	15834.89
532.661	14933.79
532.868	15103.77
533.074	15943.44
533.281	15994.64
533.487	15013.66
533.694	15214.36
533.9	15922.96
534.107	15922.96
534.313	15277.85
534.52	15234.84
534.726	15879.95
534.933	16365.32
535.139	15206.17
535.345	15357.72
535.552	16508.68
535.758	16475.91
535.965	15712.02
536.171	15496.98
536.377	16443.14
536.584	16959.23
536.79	15898.38
536.996	16387.85
537.203	16824.06
537.409	16948.99
537.615	15945.48
537.821	16324.36
538.028	17432.31
538.234	16903.93
538.44	16295.69
538.646	16195.34
538.853	16879.36
539.059	16678.66
539.265	17080.06
539.471	15890.19
539.677	17336.06
539.883	16987.9
540.09	17729.27
540.296	17026.81
540.502	17311.48
540.708	17168.12
540.914	16836.35
541.12	16609.03
541.326	17422.07
541.532	17426.17
541.738	16965.37
541.944	16697.09
542.15	17669.87
542.356	17297.14
542.562	16834.3
542.768	16879.36
542.974	17762.03
543.18	17848.05
543.386	17299.19
543.592	16998.14
543.798	18312.94
544.004	18038.51
544.21	17159.93
544.415	17342.2
544.621	17780.46
544.827	18388.71
545.033	17501.94
545.239	17714.93
545.445	18151.15
545.651	18048.75
545.856	17604.34
546.062	17321.72
546.268	17821.42
546.474	18042.6
546.679	17405.69
546.885	17460.98
547.091	17983.21
547.297	18415.33
547.502	17622.77
547.708	17096.44
547.914	18044.65
548.119	18536.17
548.325	17229.56
548.531	17430.26
548.736	18783.97
548.942	18093.8
549.147	17483.51
549.353	18345.7
549.559	18931.42
549.764	18884.32
549.97	18007.79
550.175	17876.72
550.381	18882.27
550.586	18251.5
550.792	18216.68
550.997	18095.85
551.203	18806.5
551.408	19181.28
551.614	17886.96
551.819	18296.55
552.025	19519.19
552.23	19042.01
552.435	18480.87
552.641	18962.14
552.846	18863.84
553.052	19746.51
553.257	18726.63
553.462	18853.6
553.668	19224.28
553.873	19363.54
554.078	18652.9
554.283	18786.02
554.489	19707.6
554.694	19422.94
554.899	18550.5
555.105	19187.42
555.31	19416.79
555.515	19955.41
555.72	19347.16
555.925	20451.02
556.131	19998.41
556.336	19902.16
556.541	19162.84
556.746	19078.88
556.951	19717.84
557.156	19830.48
557.361	19371.74
557.567	19797.71
557.772	20074.19
557.977	19990.22
558.182	19177.18
558.387	19367.64
558.592	19953.36
558.797	20557.51
559.002	19615.44
559.207	19642.07
559.412	20358.86
559.617	20242.12
559.822	19338.97
560.027	19277.53
560.232	19916.5
560.437	20543.17
560.642	19568.34
560.847	19435.22
561.051	20170.44
561.256	20399.82
561.461	19697.36
561.666	19785.43
561.871	20334.28
562.076	20754.12
562.281	20047.57
562.485	19566.29
562.69	20532.93
562.895	20428.49
563.1	19789.52
563.305	19799.76
563.509	20842.18
563.714	21184.19
563.919	19828.43
564.123	19793.62
564.328	20807.36
564.533	21092.03
564.737	19836.63
564.942	20041.42
565.147	20907.71
565.351	21077.69
565.556	20278.99
565.761	20336.33
565.965	21237.44
566.17	20680.39
566.374	20231.88
566.579	20211.4
566.784	20838.08
566.988	20721.35
567.193	20311.75
567.397	20659.91
567.602	20756.16
567.806	20915.9
568.011	20477.64
568.215	20756.16
568.42	21149.37
568.624	21421.75
568.828	20651.72
569.033	20872.9
569.237	21493.43
569.442	21378.75
569.646	20344.52
569.85	20836.03
570.055	21415.61
570.259	21366.46
570.463	21077.69
570.668	20813.51
570.872	21386.94
571.076	21429.94
571.281	21030.59
571.485	21139.13
571.689	21857.97
571.893	21663.41
572.098	21147.33
572.302	21104.32
572.506	21812.92
572.71	21878.45
572.914	20893.38
573.119	21145.28
573.323	21941.94
573.527	22140.59
573.731	21294.78
573.935	21423.8
574.139	21907.12
574.343	21405.37
574.547	21257.92
574.751	21477.05
574.955	22271.66
575.159	22376.11
575.364	21415.61
575.568	21610.17
575.772	22271.66
575.976	22445.74
576.18	21208.76
576.383	21882.55
576.587	22693.54
576.791	22386.35
576.995	21210.81
577.199	21587.64
577.403	22376.11
577.607	22769.32
577.811	21757.62
578.015	21845.68
578.219	22607.53
578.422	22812.32
578.626	21972.66
578.83	22265.52
579.034	22718.12
579.238	23023.26
579.442	22081.2
579.645	22818.47
579.849	22619.81
580.053	23191.2
580.257	21980.85
580.46	22408.87
580.664	22902.43
580.868	23031.46
581.071	22525.61
581.275	22501.03
581.479	22675.11
581.682	23271.07
581.886	22349.48
582.09	22591.14
582.293	23658.13
582.497	23226.01
582.7	22978.21
582.904	22218.41
583.107	22910.63
583.311	23117.47
583.515	22855.33
583.718	22365.87
583.922	23725.72
584.125	24276.62
584.329	22576.81
584.532	23051.94
584.735	23740.05
584.939	23418.52
585.142	22611.62
585.346	22877.86
585.549	23621.27
585.753	23754.39
585.956	22875.81
586.159	23250.59
586.363	23994
586.566	23907.99
586.769	22967.97
586.973	22658.73
587.176	23793.3
587.379	23656.09
587.582	23346.84
587.786	23660.18
587.989	24045.2
588.192	25382.52
588.395	23563.93
588.599	24000.15
588.802	24063.63
589.005	24032.91
589.208	23633.56
589.411	23269.02
589.615	24053.39
589.818	24768.13
590.021	23852.69
590.224	23735.96
590.427	24518.28
590.63	24293.01
590.833	23723.67
591.036	23729.81
591.239	24602.25
591.442	24387.21
591.645	24383.12
591.848	24364.68
592.051	24764.04
592.254	24505.99
592.457	23991.95
592.66	24065.68
592.863	24958.6
593.066	25192.06
593.269	24352.4
593.472	24120.98
593.675	24477.32
593.878	24536.71
594.081	24260.24
594.284	24174.22
594.486	24927.88
594.689	25403
594.892	24491.66
595.095	24557.19
595.298	25230.97
595.5	24737.41
595.703	24698.5
595.906	24923.78
596.109	25312.89
596.311	25280.13
596.514	24196.75
596.717	24895.11
596.92	25691.77
597.122	25599.61
597.325	24538.76
597.528	24876.68
597.73	25976.44
597.933	25943.67
598.136	24712.84
598.338	24651.4
598.541	26058.35
598.743	25925.24
598.946	24919.68
599.148	24954.5
599.351	25642.62
599.554	25491.07
599.756	25390.72
599.959	25519.74
600.161	26037.87
600.363	26756.71
600.566	25724.54
600.768	25523.83
600.971	26107.51
601.173	25812.6
601.376	25278.08
601.578	25353.85
601.78	26154.61
601.983	26707.56
602.185	25276.03
602.388	26492.52
602.59	26304.11
602.792	26273.39
602.995	25831.03
603.197	25593.47
603.399	26492.52
603.601	26553.96
603.804	25603.71
604.006	25699.96
604.208	25740.92
604.41	25632.38
604.613	25882.23
604.815	25724.54
605.017	26330.73
605.219	25912.95
605.421	26226.29
605.623	25540.22
605.826	26900.07
606.028	27217.5
606.23	25962.1
606.432	25722.49
606.634	26957.41
606.836	26662.51
607.038	25536.12
607.24	26214
607.442	26793.58
607.644	26625.64
607.846	26132.08
608.048	26017.39
608.25	27115.11
608.452	26310.25
608.654	26689.13
608.856	25646.71
609.058	26560.11
609.26	27291.23
609.462	26193.52
609.664	26400.37
609.866	26889.83
610.067	26893.93
610.269	26318.45
610.471	26306.16
610.673	26715.75
610.875	27465.31
611.077	26160.75
611.278	26414.7
611.48	26785.38
611.682	26828.39
611.884	26506.86
612.085	25796.21
612.287	26590.83
612.489	26680.94
612.69	26089.07
612.892	26218.1
613.094	27614.81
613.295	26566.25
613.497	26056.31
613.699	26340.97
613.9	27303.52
614.102	27088.48
614.304	26486.38
614.505	26160.75
614.707	26797.67
614.908	27092.58
615.11	26285.68
615.311	26664.55
615.513	26998.37
615.714	26977.89
615.916	26467.95
616.117	26695.27
616.319	27008.61
616.52	27338.33
616.722	26463.85
616.923	26619.5
617.124	27416.16
617.326	27180.64
617.527	27129.44
617.729	27041.38
617.93	27221.6
618.131	27213.41
618.333	26431.08
618.534	26832.49
618.735	27522.65
618.937	27819.61
619.138	26617.45
619.339	26701.42
619.54	27752.02
619.742	27096.67
619.943	27014.76
620.144	26918.5
620.345	27567.71
620.546	27342.43
620.748	26922.6
620.949	26893.93
621.15	27799.13
621.351	26930.79
621.552	26695.27
621.753	26850.92
621.954	27311.71
622.155	27907.67
622.356	26713.7
622.558	27184.74
622.759	27661.91
622.96	28005.97
623.161	26898.02
623.362	26474.09
623.563	27432.54
623.764	27670.11
623.965	26631.79
624.166	27688.54
624.366	27278.94
624.567	27500.12
624.768	26576.49
624.969	26713.7
625.17	27231.84
625.371	27285.09
625.572	27043.43
625.773	27014.76
625.973	27895.38
626.174	27817.56
626.375	26895.97
626.576	27164.26
626.777	27809.37
626.977	27909.72
627.178	27524.7
627.379	27453.02
627.58	27604.57
627.78	27684.44
627.981	27068
628.182	27666.01
628.382	28051.03
628.583	27786.84
628.784	27606.62
628.984	27352.67
629.185	27438.69
629.386	28304.98
629.586	27493.98
629.787	27004.52
629.987	27813.46
630.188	28440.14
630.388	27207.26
630.589	27735.64
630.79	28450.38
630.99	27684.44
631.191	27557.47
631.391	27649.63
631.591	27909.72
631.792	28315.22
631.992	27827.8
632.193	27625.05
632.393	28343.89
632.594	28298.83
632.794	27299.42
632.994	27395.68
633.195	28079.7
633.395	27690.59
633.595	27760.22
633.796	27895.38
633.996	28194.39
634.196	28507.72
634.397	27856.47
634.597	27897.43
634.797	28032.6
634.997	28362.32
635.198	27756.12
635.398	27360.86
635.598	28206.67
635.798	28124.75
635.998	27850.33
636.199	27229.79
636.399	28042.84
636.599	27874.9
636.799	27428.45
636.999	28030.55
637.199	28225.11
637.399	28767.82
637.599	27901.53
637.799	28126.8
637.999	28626.51
638.199	28884.55
638.399	28257.87
638.599	27846.23
638.799	28933.7
638.999	29058.63
639.199	28356.18
639.399	28599.88
639.599	28888.65
639.799	28315.22
639.999	27909.72
640.199	28022.36
640.399	28687.95
640.599	28108.37
640.799	28280.4
640.998	28456.53
641.198	28452.43
641.398	28767.82
641.598	28446.29
641.798	28532.3
641.997	29867.58
642.197	28626.51
642.397	28436.05
642.597	28233.3
642.796	28986.95
642.996	28751.43
643.196	28520.01
643.395	28251.73
643.595	28790.34
643.795	29087.3
643.994	28593.74
644.194	28759.63
644.394	29664.83
644.593	29060.68
644.793	28716.62
644.992	28710.47
645.192	29163.07
645.392	28964.42
645.591	28663.37
645.791	28673.61
645.99	29302.34
646.19	28872.26
646.389	28841.54
646.589	28382.8
646.788	29072.96
646.987	28991.05
647.187	29382.21
647.386	29075.01
647.586	29310.53
647.785	29337.15
647.984	28517.96
648.184	29238.85
648.383	29093.44
648.582	29154.88
648.782	28737.1
648.981	28796.49
649.18	28884.55
649.38	29460.03
649.579	29234.75
649.778	28984.9
649.977	30010.93
650.177	29871.67
650.376	28831.3
650.575	28524.11
650.774	29044.29
650.973	29038.15
651.173	28538.44
651.372	29066.82
651.571	29191.75
651.77	29242.95
651.969	28788.3
652.168	29337.15
652.367	29328.96
652.566	29707.83
652.765	29435.45
652.964	29713.98
653.163	29929.02
653.362	29730.36
653.561	29232.71
653.76	29470.27
653.959	29425.21
654.158	30111.28
654.357	29886.01
654.556	28864.07
654.755	29380.16
654.954	29783.61
655.153	28933.7
655.352	29197.89
655.551	29992.5
655.749	29587
655.948	28989
656.147	29546.05
656.346	29615.68
656.545	29580.86
656.743	28849.74
656.942	29034.05
657.141	29775.42
657.34	29453.89
657.538	28669.51
657.737	29292.1
657.936	30002.74
658.135	29359.68
658.333	29124.16
658.532	29828.66
658.731	30324.27
658.929	29785.66
659.128	29781.56
659.326	29417.02
659.525	30203.44
659.724	29957.69
659.922	29472.32
660.121	29021.77
660.319	30209.59
660.518	29433.41
660.716	29636.16
660.915	29650.49
661.113	30058.04
661.312	29673.02
661.51	29550.14
661.709	29101.64
661.907	29730.36
662.105	30314.03
662.304	29689.4
662.502	29656.64
662.701	30193.2
662.899	29994.55
663.097	30017.08
663.296	29730.36
663.494	30297.65
663.692	30537.26
663.891	29836.86
664.089	29675.07
664.287	30207.54
664.485	30135.86
664.684	29849.14
664.882	30031.41
665.08	30092.85
665.278	30275.12
665.476	29730.36
665.675	29580.86
665.873	30150.2
666.071	30436.91
666.269	29640.25
666.467	29763.13
666.665	30350.9
666.863	30029.37
667.061	29877.82
667.259	29832.76
667.457	30156.34
667.655	30207.54
667.853	29681.21
668.051	29974.07
668.249	29724.22
668.447	30424.62
668.645	29113.92
668.843	29820.47
669.041	30172.72
669.239	29419.07
669.437	29806.14
669.635	30166.58
669.833	29843
670.031	29777.47
670.229	29560.38
670.426	29814.33
670.624	29953.59
670.822	29642.3
671.02	29537.85
671.218	30215.73
671.415	29826.62
671.613	30070.33
671.811	29822.52
672.009	29986.36
672.206	30494.25
672.404	29787.71
672.602	29869.62
672.799	30146.1
672.997	29941.3
673.195	30152.24
673.392	29584.96
673.59	29138.5
673.788	29339.2
673.985	29068.87
674.183	29230.66
674.38	29312.58
674.578	29810.23
674.775	29650.49
674.973	28919.37
675.17	29068.87
675.368	30125.62
675.565	29740.6
675.763	29363.78
675.96	29378.11
676.158	29875.77
676.355	29838.9
676.553	29318.72
676.75	29656.64
676.947	29691.45
677.145	29877.82
677.342	29384.26
677.539	29578.81
677.737	29494.85
677.934	30006.84
678.131	29478.46
678.329	28956.23
678.526	30205.49
678.723	29898.3
678.92	29421.12
679.118	28999.24
679.315	29038.15
679.512	30281.27
679.709	29533.76
679.906	28939.85
680.104	30074.42
680.301	29234.75
680.498	28632.65
680.695	28814.92
680.892	29460.03
681.089	29558.33
681.286	29402.69
681.483	28886.6
681.68	29042.24
681.877	29802.04
682.075	29216.32
682.272	29025.86
682.469	29318.72
682.665	29304.38
682.862	28802.63
683.059	28896.84
683.256	29240.9
683.453	29683.26
683.65	29142.6
683.847	29163.07
684.044	29500.99
684.241	29261.38
684.438	29496.89
684.635	28749.39
684.831	29679.16
685.028	29347.39
685.225	28853.83
685.422	29359.68
685.619	29052.48
685.815	28919.37
686.012	28784.2
686.209	28155.47
686.405	28714.57
686.602	29019.72
686.799	28368.46
686.996	28352.08
687.192	28446.29
687.389	29879.86
687.586	28292.69
687.782	28642.89
687.979	29632.06
688.175	29189.7
688.372	28589.64
688.568	28921.41
688.765	28741.19
688.962	29371.97
689.158	28421.71
689.355	28618.32
689.551	28864.07
689.748	28933.7
689.944	28851.78
690.14	28825.16
690.337	29500.99
690.533	29388.35
690.73	28786.25
690.926	28896.84
691.123	28444.24
691.319	28718.67
691.515	28274.26
691.712	28546.64
691.908	28733
692.104	28687.95
692.301	28477.01
692.497	28063.32
692.693	29052.48
692.889	28771.91
693.086	28235.35
693.282	27874.9
693.478	28603.98
693.674	28989
693.87	28051.03
694.067	27895.38
694.263	28683.85
694.459	28540.49
694.655	28816.97
694.851	28466.77
695.047	29066.82
695.243	28862.02
695.439	28171.86
695.635	28214.87
695.831	28524.11
696.027	28296.78
696.224	28003.92
696.42	28624.46
696.615	28673.61
696.811	28755.53
697.007	27825.75
697.203	28055.12
697.399	28388.94
697.595	28524.11
697.791	27739.74
697.987	28472.91
698.183	28012.12
698.379	28249.68
698.575	28032.6
698.77	27858.52
698.966	28446.29
699.162	28485.2
699.358	27541.08
699.554	27934.29
699.749	28665.42
699.945	28579.4
700.141	28237.39
700.337	28032.6
700.532	28180.05
700.728	28030.55
700.924	27358.81
701.119	27577.95
701.315	28397.13
701.511	27713.11
701.706	27743.83
701.902	27348.57
702.097	28190.29
702.293	28087.89
702.489	27860.57
702.684	27551.32
702.88	28333.65
703.075	28028.5
703.271	27442.78
703.466	27307.62
703.662	27639.39
703.857	27944.53
704.053	27649.63
704.248	27825.75
704.443	28556.88
704.639	28165.71
704.834	27717.21
705.03	27672.15
705.225	27844.18
705.42	28239.44
705.616	27530.84
705.811	27217.5
706.006	27629.15
706.202	27866.71
706.397	27620.95
706.592	27223.65
706.787	27942.49
706.983	27522.65
707.178	28137.04
707.373	27444.83
707.568	27729.5
707.763	27489.88
707.959	27088.48
708.154	27027.04
708.349	27334.24
708.544	27747.93
708.739	27383.39
708.934	26590.83
709.129	27350.62
709.324	27741.78
709.519	27592.28
709.714	26889.83
709.909	27416.16
710.104	27440.73
710.299	26662.51
710.494	26877.54
710.689	27545.18
710.884	27690.59
711.079	27360.86
711.274	27137.63
711.469	27418.21
711.664	27489.88
711.859	27379.29
712.054	27201.12
712.249	27811.42
712.443	27655.77
712.638	26953.32
712.833	27115.11
713.028	27942.49
713.223	27471.45
713.417	27717.21
713.612	27158.11
713.807	27764.31
714.002	28241.49
714.196	27377.25
714.391	26717.8
714.586	27012.71
714.78	27199.07
714.975	26445.42
715.17	26799.72
715.364	27297.38
715.559	27623
715.754	26101.36
715.948	26635.88
716.143	27493.98
716.337	27197.02
716.532	27207.26
716.726	26891.88
716.921	27309.66
717.115	27637.34
717.31	26654.31
717.504	27893.33
717.699	27156.07
717.893	27260.51
718.088	26719.85
718.282	26465.9
718.476	26541.67
718.671	27002.47
718.865	26535.53
719.059	26523.24
719.254	26340.97
719.448	27004.52
719.642	29013.57
719.837	25816.69
720.031	28384.85
720.225	26488.43
720.419	26199.66
720.614	25773.69
720.808	26541.67
721.002	26484.33
721.196	26127.99
721.39	26097.27
721.585	26619.5
721.779	26779.24
721.973	26070.64
722.167	25388.67
722.361	26672.74
722.555	26979.94
722.749	26160.75
722.943	26056.31
723.137	26144.37
723.331	26916.45
723.525	26211.95
723.719	26355.31
723.913	26680.94
724.107	26916.45
724.301	26101.36
724.495	26310.25
724.689	26699.37
724.883	26809.96
725.077	25751.16
725.271	26164.85
725.465	26459.76
725.659	25824.89
725.853	25706.1
726.046	25521.79
726.24	25745.02
726.434	26052.21
726.628	25640.57
726.822	25527.93
727.015	26588.78
727.209	26631.79
727.403	25843.32
727.596	25519.74
727.79	26240.62
727.984	26951.27
728.177	25845.37
728.371	26007.16
728.565	26312.3
728.758	26197.62
728.952	25702.01
729.146	25693.82
729.339	26517.1
729.533	25880.18
729.726	26170.99
729.92	25968.24
730.113	26340.97
730.307	26222.19
730.5	25976.44
730.694	25818.74
730.887	26084.98
731.081	26390.13
731.274	25472.64
731.468	25839.22
731.661	25745.02
731.854	25835.13
732.048	25278.08
732.241	25581.18
732.435	26304.11
732.628	25923.19
732.821	25650.81
733.014	25282.17
733.208	26005.11
733.401	26201.71
733.594	25439.87
733.788	25493.11
733.981	26435.18
734.174	26482.28
734.367	25980.53
734.56	26076.79
734.754	26519.15
734.947	26361.45
735.14	25685.62
735.333	26101.36
735.526	26535.53
735.719	25876.09
735.912	25437.82
736.105	25613.95
736.298	26330.73
736.491	26211.95
736.684	25212.54
736.877	25464.44
737.07	26181.23
737.263	26865.25
737.456	25480.83
737.649	25489.02
737.842	26474.09
738.035	26547.82
738.228	25548.41
738.421	25796.21
738.614	26320.49
738.807	26271.34
739	25226.88
739.192	25437.82
739.385	26001.01
739.578	25949.81
739.771	25429.63
739.964	25108.1
740.156	26089.07
740.349	25702.01
740.542	25847.41
740.735	25349.76
740.927	25626.23
741.12	25552.51
741.313	25040.51
741.505	25794.17
741.698	25757.3
741.891	25632.38
742.083	25374.33
742.276	25411.2
742.468	26328.69
742.661	25943.67
742.854	25210.5
743.046	24999.55
743.239	25386.62
743.431	25835.13
743.624	24786.57
743.816	24710.79
744.009	25374.33
744.201	25503.35
744.393	25396.86
744.586	24751.75
744.778	25745.02
744.971	25273.98
745.163	24901.25
745.355	25063.04
745.548	25126.53
745.74	25579.13
745.932	25263.74
746.125	25173.63
746.317	25888.37
746.509	25671.29
746.702	25108.1
746.894	24827.53
747.086	25613.95
747.278	25525.88
747.471	25271.93
747.663	24981.12
747.855	25659
748.047	25650.81
748.239	24942.21
748.431	24940.16
748.623	25974.39
748.815	25581.18
749.008	24522.38
749.2	25216.64
749.392	25519.74
749.584	25646.71
749.776	24981.12
749.968	25228.93
750.16	26037.87
750.352	25400.96
750.544	24542.86
750.736	24551.05
750.928	25460.35
751.12	25360
751.311	24628.87
751.503	25151.1
751.695	25407.1
751.887	25022.08
752.079	24852.1
752.271	24628.87
752.463	26119.79
752.654	25355.9
752.846	24759.94
753.038	24487.56
753.23	25452.16
753.421	25343.61
753.613	24694.41
753.805	25073.28
753.997	25017.99
754.188	25478.78
754.38	24567.43
754.572	24698.5
754.763	24946.31
754.955	24927.88
755.146	24661.64
755.338	24512.14
755.53	24843.91
755.721	25132.67
755.913	24037.01
756.104	23897.75
756.296	24770.18
756.487	24938.12
756.679	24112.78
756.87	23907.99
757.062	24620.68
757.253	24424.08
757.445	24014.48
757.636	24092.3
757.827	24675.98
758.019	25151.1
758.21	23813.78
758.401	23770.77
758.593	24743.56
758.784	24678.02
758.975	23977.62
759.167	23402.14
759.358	24125.07
759.549	24645.26
759.74	23912.08
759.932	23479.96
760.123	24077.97
760.314	24022.67
760.505	23594.65
760.696	23588.5
760.888	24499.85
761.079	23973.52
761.27	23340.7
761.461	23121.57
761.652	24370.83
761.843	23889.56
762.034	23879.32
762.225	23963.28
762.416	23889.56
762.607	23527.06
762.798	23031.46
762.989	23172.77
763.18	24913.54
763.371	23727.77
763.562	23201.44
763.753	22816.42
763.944	23627.42
764.135	23504.54
764.326	23252.64
764.517	23252.64
764.708	23873.17
764.899	23973.52
765.089	22900.39
765.28	23041.7
765.471	23639.7
765.662	24229.52
765.853	23228.06
766.043	22767.27
766.234	23287.45
766.425	23533.21
766.615	22959.78
766.806	22466.22
766.997	23275.16
767.187	23131.81
767.378	22892.19
767.569	22503.08
767.759	23334.56
767.95	23037.6
768.141	22816.42
768.331	22572.71
768.522	22900.39
768.712	23441.05
768.903	22564.52
769.093	22722.21
769.284	23088.8
769.474	23197.34
769.665	22228.65
769.855	21630.65
770.046	23197.34
770.236	22974.11
770.426	22316.72
770.617	21884.59
770.807	22646.44
770.998	23158.43
771.188	22380.2
771.378	21935.79
771.569	22982.31
771.759	22619.81
771.949	21782.2
772.139	21632.69
772.33	22460.07
772.52	22695.59
772.71	21663.41
772.9	21501.62
773.09	22492.84
773.281	22974.11
773.471	21978.8
773.661	21702.32
773.851	22382.25
774.041	22591.14
774.231	21483.19
774.421	22122.16
774.611	22421.16
774.802	22298.28
774.992	21849.78
775.182	21454.52
775.372	22396.59
775.562	22429.35
775.752	21618.36
775.942	21507.77
776.131	22679.21
776.321	22154.93
776.511	21622.45
776.701	21552.82
776.891	22275.76
777.081	21687.99
777.271	21372.6
777.461	21147.33
777.651	21986.99
777.84	21794.48
778.03	21348.03
778.22	21399.23
778.41	21810.87
778.599	21839.54
778.789	21294.78
778.979	21302.97
779.169	21391.03
779.358	21354.17
779.548	21544.63
779.738	20625.09
779.927	21685.94
780.117	21333.69
780.307	20596.42
780.496	20242.12
780.686	21542.58
780.875	22077.1
781.065	20774.59
781.254	20829.89
781.444	21702.32
781.633	21245.63
781.823	20440.78
782.012	20922.05
782.202	21118.65
782.391	21161.66
782.581	20487.88
782.77	20965.06
782.96	21616.31
783.149	20903.62
783.338	20520.65
783.528	20109.01
783.717	21339.83
783.906	21483.19
784.096	20485.83
784.285	20342.47
784.474	21126.85
784.663	21184.19
784.853	20483.78
785.042	20688.58
785.231	20829.89
785.42	20995.78
785.61	20772.55
785.799	20418.25
785.988	21528.25
786.177	20682.44
786.366	20414.15
786.555	20901.57
786.744	20881.09
786.933	20678.34
787.122	19914.45
787.312	20117.2
787.501	20735.68
787.69	20928.19
787.879	20092.62
788.068	20106.96
788.257	20219.6
788.445	20412.1
788.634	19795.67
788.823	19568.34
789.012	21108.41
789.201	20909.76
789.39	19779.28
789.579	19707.6
789.768	20610.76
789.957	20344.52
790.145	19812.05
790.334	19515.09
790.523	20025.04
790.712	20176.59
790.9	19764.95
791.089	19541.72
791.278	20223.69
791.467	20045.52
791.655	20014.8
791.844	20752.07
792.033	19654.36
792.221	19683.03
792.41	19470.04
792.599	18982.62
792.787	20205.26
792.976	20076.24
793.164	19082.97
793.353	19451.61
793.541	20094.67
793.73	20037.33
793.918	19328.73
794.107	19347.16
794.295	20006.61
794.484	19963.6
794.672	19599.06
794.861	19228.38
795.049	20119.24
795.238	20399.82
795.426	19013.34
795.614	19306.2
795.803	19801.81
795.991	20385.48
796.179	19302.11
796.368	18820.83
796.556	19640.02
796.744	19044.06
796.932	18804.45
797.121	18460.39
797.309	19363.54
797.497	19635.92
797.685	18669.28
797.874	18804.45
798.062	19453.66
798.25	19375.83
798.438	18710.24
798.626	18829.02
798.814	19648.21
799.002	19726.03
799.19	19011.29
799.378	18874.08
799.566	19338.97
799.755	19531.48
799.943	19277.53
800.131	18738.91
800.318	19416.79
800.506	19511
800.694	18958.05
800.882	19023.58
801.07	19877.58
801.258	19709.65
801.446	18939.61
801.634	19085.02
801.822	19238.62
802.01	19750.61
802.197	18743.01
802.385	19152.6
802.573	19685.08
802.761	19130.08
802.949	18966.24
803.136	18302.7
803.324	19666.64
803.512	19381.98
803.699	18992.86
803.887	18704.1
804.075	19482.33
804.262	19586.77
804.45	18603.75
804.638	19085.02
804.825	19408.6
805.013	19211.99
805.201	18867.94
805.388	18710.24
805.576	19343.06
805.763	19988.17
805.951	19101.4
806.138	19130.08
806.326	19760.85
806.513	19472.09
806.701	19302.11
806.888	18693.86
807.075	19756.75
807.263	19848.91
807.45	18829.02
807.638	18912.99
807.825	19883.73
808.012	19900.11
808.2	19168.99
808.387	19328.73
808.574	19764.95
808.761	19871.44
808.949	18996.96
809.136	19171.04
809.323	19597.01
809.51	20055.76
809.698	19631.83
809.885	19082.97
810.072	19896.02
810.259	20016.85
810.446	19140.32
810.633	19390.17
810.82	19816.15
811.008	20141.77
811.195	19594.97
811.382	19320.54
811.569	19977.94
811.756	19330.78
811.943	19451.61
812.13	19601.11
812.317	20035.28
812.504	19846.87
812.691	19687.12
812.878	19515.09
813.064	20549.32
813.251	19822.29
813.438	19209.95
813.625	19265.24
813.812	19580.63
813.999	19924.69
814.186	19521.24
814.372	19285.72
814.559	20258.51
814.746	20221.64
814.933	19183.32
815.12	19437.27
815.306	19830.48
815.493	19721.94
815.68	19173.08
815.866	19504.85
816.053	19979.98
816.24	20047.57
816.426	19259.1
816.613	19087.07
816.799	19822.29
816.986	20244.17
817.173	19369.69
817.359	18996.96
817.546	19783.38
817.732	19453.66
817.919	18505.45
818.105	19345.11
818.292	19775.19
818.478	19855.06
818.665	19529.43
818.851	19091.16
819.037	20354.76
819.224	19640.02
819.41	18861.79
819.597	19328.73
819.783	20489.93
819.969	19840.72
820.156	19349.21
820.342	18898.66
820.528	21079.74
820.714	19445.46
820.901	19521.24
821.087	19160.8
821.273	19721.94
821.459	19490.52
821.646	18933.47
821.832	19054.3
822.018	19672.79
822.204	19551.96
822.39	18892.51
822.576	18560.74
822.762	19570.39
822.948	19435.22
823.134	19298.01
823.32	18923.23
823.507	19349.21
823.693	19351.26
823.879	19365.59
824.065	18652.9
824.25	19001.05
824.436	19279.58
824.622	18779.87
824.808	18786.02
824.994	19431.13
825.18	19445.46
825.366	18468.58
825.552	18542.31
825.738	19414.74
825.923	19889.87
826.109	19136.22
826.295	18757.35
826.481	19166.94
826.667	19082.97
826.852	18845.41
827.038	18349.8
827.224	19316.44
827.409	19240.67
827.595	18044.65
827.781	18487.01
827.966	19424.98
828.152	18763.49
828.338	18439.91
828.523	17776.37
828.709	18970.33
828.894	19148.51
829.08	18380.52
829.266	18439.91
829.451	18781.92
829.637	18996.96
829.822	18073.32
830.008	18421.48
830.193	18724.58
830.378	19523.29
830.564	18333.42
830.749	18048.75
830.935	18706.15
831.12	18601.7
831.305	17788.66
831.491	18054.89
831.676	18036.46
831.861	18499.3
832.047	17837.81
832.232	17952.49
832.417	18550.5
832.602	18855.65
832.788	17708.79
832.973	17909.49
833.158	18222.83
833.343	18235.11
833.528	17739.51
833.714	17833.71
833.899	18212.59
834.084	18593.51
834.269	17659.63
834.454	17710.83
834.639	18220.78
834.824	17997.55
835.009	17647.35
835.194	17893.1
835.379	18548.45
835.564	18394.86
835.749	17952.49
835.934	17141.5
836.119	18128.62
836.304	17970.93
836.489	17377.01
836.674	17719.03
836.859	17655.54
837.044	18431.72
837.228	17342.2
837.413	17286.9
837.598	17788.66
837.783	17778.42
837.968	17340.15
838.152	17002.24
838.337	17088.25
838.522	18304.74
838.707	17905.39
838.891	17159.93
839.076	17612.53
839.261	17612.53
839.445	17264.38
839.63	17121.02
839.815	18038.51
839.999	17465.08
840.184	16955.13
840.368	16930.56
840.553	18099.95
840.737	17579.76
840.922	16635.65
841.106	16795.39
841.291	17184.51
841.475	17712.88
841.66	16656.13
841.844	16873.21
842.029	18122.48
842.213	17590
842.397	16770.82
842.582	16457.48
842.766	17397.49
842.951	17432.31
843.135	16570.12
843.319	16563.97
843.504	17303.29
843.688	17665.78
843.872	16473.86
844.056	16449.28
844.241	17364.73
844.425	17270.52
844.609	17035
844.793	16322.31
844.977	17676.02
845.161	17174.27
845.346	16133.9
845.53	15906.57
845.714	16805.63
845.898	17282.81
846.082	15857.42
846.266	16586.5
846.45	16789.25
846.634	16914.17
846.818	16393.99
847.002	16609.03
847.186	16965.37
847.37	16232.2
847.554	16109.32
847.738	16310.02
847.922	16647.94
848.106	16774.91
848.29	15851.28
848.473	15990.54
848.657	16496.39
848.841	16396.04
849.025	15888.14
849.209	15652.63
849.392	16641.79
849.576	16514.82
849.76	15415.06
849.944	16086.79
850.127	16992
850.311	16445.19
850.495	16027.4
850.678	15673.1
850.862	16662.27
851.046	16776.96
851.229	15949.58
851.413	15681.3
851.596	16697.09
851.78	16246.54
851.964	16146.19
852.147	15980.3
852.331	16729.86
852.514	16660.23
852.698	15791.89
852.881	15071
853.065	16242.44
853.248	15806.22
853.431	15742.74
853.615	15470.36
853.798	16846.59
853.982	16152.33
854.165	15957.77
854.348	15398.68
854.532	16062.22
854.715	15869.71
854.898	15281.94
855.081	15435.54
855.265	16709.38
855.448	16707.33
855.631	15298.33
855.814	15120.15
855.997	15810.32
856.181	15892.24
856.364	15408.92
856.547	15056.67
856.73	15951.63
856.913	15771.41
857.096	15179.54
857.279	15175.45
857.462	15587.09
857.645	15886.09
857.828	15175.45
858.011	15206.17
858.194	15572.75
858.377	15683.34
858.56	14862.11
858.743	14921.5
858.926	15197.98
859.109	15210.26
859.292	14757.66
859.475	14561.06
859.658	15582.99
859.841	15228.7
860.023	14642.98
860.206	14563.11
860.389	15163.16
860.572	15331.09
860.755	14712.61
860.937	14718.75
861.12	14966.56
861.303	15138.58
861.486	14550.82
861.668	14380.84
861.851	14841.63
862.034	15187.74
862.216	14614.31
862.399	14225.19
862.581	15177.5
862.764	14948.12
862.947	14399.27
863.129	14049.07
863.312	14247.72
863.494	14960.41
863.677	14706.46
863.859	13754.16
864.042	15046.43
864.224	14860.06
864.406	14567.2
864.589	14141.22
864.771	14653.22
864.954	14536.48
865.136	14163.75
865.318	13729.58
865.501	15040.28
865.683	14137.13
865.865	14188.33
866.048	13879.08
866.23	14878.49
866.412	14808.86
866.594	13743.92
866.777	14135.08
866.959	14280.49
867.141	14229.29
867.323	14032.68
867.505	14094.12
867.687	14155.56
867.869	14296.87
868.052	13647.66
868.234	13831.98
868.416	14368.55
868.598	14577.44
868.78	13616.94
868.962	13692.72
869.144	14511.91
869.326	14251.81
869.508	13588.27
869.69	13410.1
869.872	13879.08
870.054	14583.59
870.236	13299.51
870.417	13256.5
870.599	14184.23
870.781	14608.16
870.963	13793.07
871.145	13602.61
871.327	13885.23
871.508	14169.9
871.69	13655.86
871.872	13590.32
872.054	14051.11
872.235	14098.22
872.417	13662
872.599	13041.46
872.78	14669.6
872.962	14090.02
873.144	13170.49
873.325	13553.46
873.507	14327.59
873.689	13973.29
873.87	13381.43
874.052	13799.21
874.233	13836.08
874.415	14561.06
874.596	13428.53
874.778	13152.06
874.959	13928.24
875.141	14159.66
875.322	13537.07
875.503	13377.33
875.685	13946.67
875.866	13489.97
876.048	13328.18
876.229	13102.9
876.41	13827.88
876.592	14026.54
876.773	13367.09
876.954	13150.01
877.136	13926.19
877.317	13815.6
877.498	13176.63
877.679	13541.17
877.86	13737.77
878.042	13915.95
878.223	13596.46
878.404	14102.31
878.585	14249.77
878.766	14614.31
878.947	13913.9
879.128	13684.53
879.309	13885.23
879.49	14346.02
879.672	13512.5
879.853	13594.42
880.034	13766.45
880.215	14497.57
880.396	13809.45
880.576	13621.04
880.757	14202.66
880.938	14610.21
881.119	13535.03
881.3	13657.9
881.481	14143.27
881.662	15267.61
881.843	13580.08
882.023	13502.26
882.204	14505.76
882.385	14192.42
882.566	13621.04
882.747	13866.8
882.927	14579.49
883.108	14548.77
883.289	13690.67
883.469	14151.46
883.65	14516
883.831	14403.36
884.011	14294.82
884.192	13887.28
884.373	14657.31
884.553	14554.91
884.734	14307.11
884.914	14708.51
885.095	16019.21
885.275	15048.47
885.456	14083.88
885.636	13766.45
885.817	14489.38
885.997	14509.86
886.178	14032.68
886.358	14057.26
886.538	14749.47
886.719	16402.18
886.899	14042.92
887.08	14331.69
887.26	15191.83
887.44	14372.64
887.621	14208.81
887.801	14206.76
887.981	15525.65
888.161	15478.55
888.342	14518.05
888.522	14415.65
888.702	15144.73
888.882	15101.72
889.062	14223.14
889.242	13922.09
889.423	15218.46
889.603	14917.4
889.783	14290.73
889.963	14106.41
890.143	14792.48
890.323	15077.15
890.503	14282.53
890.683	14288.68
890.863	14698.27
891.043	14724.9
891.223	14358.31
891.403	14503.71
891.583	14929.69
891.763	14931.74
891.943	14370.6
892.122	14925.6
892.302	15034.14
892.482	14944.03
892.662	14341.93
892.842	14411.56
893.022	14380.84
893.201	14696.22
893.381	14378.79
893.561	14307.11
893.741	14728.99
893.92	14585.63
894.1	14264.1
894.28	14571.3
894.459	14849.82
894.639	14653.22
894.819	14130.98
894.998	14239.53
895.178	14874.4
895.357	14620.45
895.537	14110.5
895.716	14083.88
895.896	14257.96
896.075	14747.42
896.255	13778.73
896.434	13602.61
896.614	14925.6
896.793	14460.71
896.973	14120.74
897.152	13717.29
897.331	13989.67
897.511	14458.66
897.69	13299.51
897.87	13926.19
898.049	14366.5
898.228	14282.53
898.407	14071.59
898.587	14012.2
898.766	14087.98
898.945	14169.9
899.124	14042.92
899.304	13819.69
899.483	14413.6
899.662	14552.87
899.841	13616.94
900.02	13363
900.199	13997.87
900.378	14266.15
900.557	13434.67
900.737	13317.94
900.916	14040.87
901.095	13872.94
901.274	13516.59
901.453	13094.71
901.632	13393.72
901.811	13674.29
901.989	12898.11
902.168	13193.01
902.347	13938.48
902.526	13332.28
902.705	12887.87
902.884	13193.01
903.063	13571.89
903.242	13705.01
903.42	12748.61
903.599	12783.42
903.778	13401.91
903.957	13735.73
904.135	12857.15
904.314	12699.45
904.493	13188.92
904.672	12793.66
904.85	12752.7
905.029	12721.98
905.207	12992.31
905.386	13483.83
905.565	11865.93
905.743	11870.03
905.922	12527.42
906.1	12492.61
906.279	11663.18
906.457	12189.51
906.636	12609.34
906.814	12314.44
906.993	11679.57
907.171	11665.23
907.35	12306.24
907.528	12771.13
907.707	12013.38
907.885	11525.97
908.063	12328.77
908.242	11982.67
908.42	11503.44
908.598	11054.94
908.777	12062.54
908.955	11829.07
909.133	11847.5
909.311	11169.62
909.49	11843.4
909.668	11884.36
909.846	11401.04
910.024	11450.19
910.202	12015.43
910.38	12224.33
910.559	11349.84
910.737	11495.25
910.915	12150.6
911.093	12205.89
911.271	11786.06
911.449	11790.16
911.627	12146.5
911.805	12619.58
911.983	11784.01
912.161	11714.38
912.339	11992.9
912.517	12439.36
912.695	12042.06
912.872	11792.2
913.05	12246.85
913.228	12304.2
913.406	11556.69
913.584	11767.63
913.762	12623.68
913.939	12445.51
914.117	11761.48
914.295	11573.07
914.473	12054.34
914.65	12365.64
914.828	11755.34
915.006	11538.26
915.184	12197.7
915.361	12371.78
915.539	12009.29
915.716	12021.58
915.894	12212.04
916.072	12123.97
916.249	12019.53
916.427	11679.57
916.604	12050.25
916.782	12261.19
916.959	11603.79
917.137	11605.84
917.314	12080.97
917.492	11820.88
917.669	11671.37
917.847	11480.91
918.024	11820.88
918.201	11575.12
918.379	11396.95
918.556	11556.69
918.733	12195.65
918.911	11599.69
919.088	11632.46
919.265	11276.12
919.442	11872.07
919.62	12070.73
919.797	11337.55
919.974	11163.48
920.151	12076.87
920.328	11867.98
920.506	11130.71
920.683	11933.51
920.86	11329.36
921.037	11732.81
921.214	11286.36
921.391	11108.18
921.568	11792.2
921.745	11556.69
921.922	11229.01
922.099	11013.98
922.276	11403.09
922.453	11423.57
922.63	11122.52
922.807	11327.32
922.984	11505.49
923.161	10989.4
923.338	10805.08
923.514	10817.37
923.691	11556.69
923.868	11419.47
924.045	10821.47
924.222	10854.23
924.399	11130.71
924.575	11224.92
924.752	10702.68
924.929	10661.73
925.105	10907.48
925.282	10721.12
925.459	10583.9
925.635	10653.53
925.812	11059.03
925.989	10868.57
926.165	10719.07
926.342	10112.87
926.518	10653.53
926.695	10594.14
926.871	10059.62
927.048	10164.07
927.224	10868.57
927.401	10309.47
927.577	10213.22
927.754	9938.79
927.93	10604.38
928.107	10561.37
928.283	9781.1
928.459	10151.78
928.636	10815.32
928.812	10235.75
928.988	9748.33
929.165	9592.69
929.341	10073.96
929.517	10356.58
929.693	10661.73
929.87	9342.83
930.046	10495.84
930.222	10030.95
930.398	9580.4
930.574	9971.56
930.751	9957.22
930.927	9942.89
931.103	9594.73
931.279	9619.31
931.455	9932.65
931.631	9820.01
931.807	9107.32
931.983	9383.79
932.159	9387.89
932.335	9564.01
932.511	9127.8
932.687	9174.9
932.863	9439.09
933.039	9459.57
933.215	8888.18
933.391	8679.29
933.566	9332.59
933.742	9301.87
933.918	8828.79
934.094	8519.55
934.27	8970.1
934.445	8873.85
934.621	8691.58
934.797	8339.33
934.973	8918.9
935.148	8482.69
935.324	7950.21
935.5	7888.78
935.675	8609.66
935.851	8417.15
936.027	8079.24
936.202	7966.6
936.378	8222.59
936.553	7780.23
936.729	8109.96
936.904	7266.19
937.08	7483.28
937.255	7462.8
937.431	6922.13
937.606	6619.03
937.782	7118.74
937.957	7563.15
938.133	6760.34
938.308	6354.85
938.483	6995.86
938.659	6672.28
938.834	6500.25
939.009	6178.72
939.185	6426.53
939.36	6154.15
939.535	5427.12
939.71	5922.73
939.886	6518.68
940.061	6137.76
940.236	6059.94
940.411	5812.14
940.586	6127.52
940.761	5930.92
940.937	5529.52
941.112	5339.05
941.287	5646.25
941.462	5472.17
941.637	5103.54
941.812	5443.5
941.987	5449.64
942.162	5414.83
942.337	5296.05
942.512	5158.83
942.687	5754.79
942.862	5568.43
943.037	4583.35
943.212	4681.66
943.386	5205.94
943.561	5511.08
943.736	5371.82
943.911	5748.65
944.086	5908.39
944.26	5431.21
944.435	4962.23
944.61	5228.46
944.785	5429.17
944.959	6023.08
945.134	5087.15
945.309	5050.29
945.483	5365.68
945.658	5509.04
945.833	4607.93
946.007	4943.8
946.182	5789.61
946.357	5222.32
946.531	4908.98
946.706	4765.62
946.88	5160.88
947.055	5433.26
947.229	4968.37
947.404	4736.95
947.578	5533.61
947.752	5564.33
947.927	4872.12
948.101	4847.54
948.276	6043.56
948.45	5664.68
948.624	5498.8
948.799	5132.21
948.973	5552.04
949.147	5312.43
949.321	5160.88
949.496	5099.44
949.67	5887.91
949.844	5396.4
950.018	5318.57
950.193	5347.25
950.367	6193.06
950.541	5547.95
950.715	5455.79
950.889	5410.73
951.063	5584.81
951.237	5988.26
951.411	5140.4
951.585	5310.38
951.759	5906.34
951.933	5973.92
952.107	5300.14
952.281	5662.63
952.455	6127.52
952.629	5994.4
952.803	5599.15
952.977	5468.08
953.151	6008.74
953.325	5988.26
953.499	5670.83
953.672	5117.87
953.846	5762.98
954.02	5844.9
954.194	5558.19
954.368	5429.17
954.541	6191.01
954.715	5922.73
954.889	5619.63
955.062	5484.46
955.236	5779.37
955.41	6006.69
955.583	5892.01
955.757	5314.48
955.93	6074.28
956.104	5765.03
956.278	5650.35
956.451	5527.47
956.625	6072.23
956.798	6371.23
956.972	6010.79
957.145	5406.64
957.319	6332.32
957.492	6148
957.665	5959.59
957.839	5625.77
958.012	6008.74
958.185	6109.09
958.359	5902.25
958.532	6180.77
958.705	6082.47
958.879	6023.08
959.052	5726.12
959.225	5451.69
959.398	6250.4
959.572	6033.32
959.745	5558.19
959.918	5683.11
960.091	6516.64
960.264	6406.05
960.438	5502.89
960.611	5642.15
960.784	6522.78
960.957	5951.4
961.13	6410.14
961.303	5820.33
961.476	6211.49
961.649	6449.05
961.822	5490.6
961.995	5681.07
962.168	6068.13
962.341	6313.89
962.514	5744.55
962.686	5593
962.859	6254.5
963.032	6344.61
963.205	5613.48
963.378	5414.83
963.551	6131.62
963.723	5937.06
963.896	6021.03
964.069	6033.32
964.242	6053.8
964.414	6500.25
964.587	5746.6
964.76	5984.16
964.932	6240.16
965.105	6094.75
965.278	5797.8
965.45	5623.72
965.623	6287.26
965.795	6172.58
965.968	5857.19
966.14	5879.72
966.313	6203.3
966.485	6084.52
966.658	5517.23
966.83	5656.49
967.003	6006.69
967.175	6068.13
967.348	5470.12
967.52	5644.2
967.692	6627.23
967.865	6350.75
968.037	5642.15
968.209	6045.6
968.382	6090.66
968.554	6070.18
968.726	5623.72
968.898	5461.93
969.071	6225.82
969.243	5961.64
969.415	5541.8
969.587	5672.87
969.759	6141.86
969.932	5803.94
970.104	5578.67
970.276	5164.98
970.448	5689.26
970.62	5748.65
970.792	5562.28
970.964	5212.08
971.136	6217.63
971.308	5607.34
971.48	5191.6
971.652	5207.98
971.824	5896.1
971.996	5478.32
972.168	5267.38
972.339	5488.56
972.511	5805.99
972.683	5787.56
972.855	5662.63
973.027	5177.26
973.199	5896.1
973.37	5816.23
973.542	5343.15
973.714	5285.81
973.886	5365.68
974.057	5636.01
974.229	4958.13
974.401	5091.25
974.572	5207.98
974.744	5183.41
974.915	4935.6
975.087	5146.55
975.259	5799.85
975.43	5429.17
975.602	4796.34
975.773	4894.65
975.945	5261.23
976.116	5676.97
976.288	5140.4
976.459	5289.9
976.63	5316.53
976.802	5351.34
976.973	4995
977.145	5382.06
977.316	5978.02
977.487	5636.01
977.659	5185.46
977.83	5066.67
978.001	5752.74
978.172	5695.4
978.344	4935.6
978.515	4978.61
978.686	5232.56
978.857	5746.6
979.028	4859.83
979.2	4779.96
979.371	5640.11
979.542	5132.21
979.713	5017.52
979.884	4360.13
980.055	5197.74
980.226	5406.64
980.397	4900.79
980.568	4499.39
980.739	5447.6
980.91	5058.48
981.081	5113.78
981.252	4755.38
981.423	5162.93
981.594	5152.69
981.765	4536.25
981.936	4673.46
982.106	4962.23
982.277	5349.29
982.448	4487.1
982.619	4693.94
982.79	4566.97
982.96	5031.86
983.131	4689.85
983.302	4296.64
983.472	4747.19
983.643	4976.56
983.814	4589.5
983.984	4534.2
984.155	4845.49
984.326	4978.61
984.496	4710.33
984.667	4552.63
984.837	4583.35
985.008	5265.33
985.178	4976.56
985.349	4466.62
985.519	4773.82
985.69	4560.83
985.86	4317.12
986.031	4366.27
986.201	4702.14
986.371	4868.02
986.542	4059.07
986.712	4069.31
986.882	4779.96
987.053	4765.62
987.223	4069.31
987.393	4591.55
987.563	4415.42
987.734	4640.7
987.904	4868.02
988.074	4149.18
988.244	4464.57
988.414	4507.58
988.585	4091.84
988.755	4206.53
988.925	4476.86
989.095	4992.95
989.265	3913.67
989.435	4251.58
989.605	4589.5
989.775	4708.28
989.945	4394.94
990.115	3747.78
990.285	4177.86
990.455	4417.47
990.625	4026.31
990.795	3719.11
990.965	4745.14
991.134	4265.92
991.304	3792.84
991.474	3692.49
991.644	4196.29
991.814	4609.98
991.984	3452.88
992.153	3760.07
992.323	4022.21
992.493	4140.99
992.662	3495.88
992.832	3817.41
993.002	4016.07
993.171	4317.12
993.341	3397.58
993.511	3618.76
993.68	3784.65
993.85	4220.86
994.019	3428.3
994.189	3293.13
994.358	4011.97
994.528	3868.61
994.697	3237.84
994.867	3377.1
995.036	4089.79
995.206	3786.69
995.375	3413.96
995.544	3876.8
995.714	4409.28
995.883	3977.16
996.052	3864.52
996.222	3037.14
996.391	4259.77
996.56	3856.33
996.73	3289.04
996.899	3067.86
997.068	4333.5
997.237	3934.15
997.406	3246.03
997.576	3074
997.745	4276.16
997.914	3758.02
998.083	3037.14
998.252	3211.21
998.421	3944.39
998.59	3583.95
998.759	3092.43
998.928	2912.21
999.097	3983.3
999.266	3739.59
999.435	3338.19
999.604	2871.25
999.773	3798.98
999.942	3448.78
1000.111	2613.21
1000.28	2717.65
1000.448	3354.57
1000.617	3280.85
1000.786	3219.41
1000.955	2711.51
1001.124	3770.31
1001.292	4026.31
1001.461	2865.11
1001.63	2787.29
1001.798	3616.71
1001.967	3563.47
1002.136	2801.62
1002.304	2658.26
1002.473	3600.33
1002.642	3276.75
1002.81	2912.21
1002.979	2916.31
1003.147	3602.38
1003.316	3704.78
1003.484	2695.13
1003.653	2875.35
1003.821	3518.41
1003.99	3321.81
1004.158	3006.42
1004.327	2883.54
1004.495	3276.75
1004.663	3203.02
1004.832	2938.84
1005	2441.18
1005.168	3215.31
1005.337	3065.81
1005.505	2287.58
1005.673	2893.78
1005.842	3250.13
1006.01	3059.67
1006.178	2412.51
1006.346	2473.95
1006.514	2977.75
1006.683	3624.9
1006.851	2545.63
1007.019	2713.56
1007.187	2951.12
1007.355	2543.58
1007.523	2158.56
1007.691	2164.7
1007.859	2836.44
1008.027	3536.84
1008.195	2367.45
1008.363	2125.79
1008.531	2883.54
1008.699	2908.12
1008.867	2129.89
1009.035	2297.82
1009.203	3186.64
1009.37	2918.36
1009.538	2205.66
1009.706	3018.71
1009.874	2770.9
1010.042	2824.15
1010.209	2088.93
1010.377	2224.09
1010.545	2879.44
1010.713	2672.6
1010.88	2191.33
1011.048	2185.18
1011.216	2519
1011.383	3002.32
1011.551	2101.22
1011.718	1941.47
1011.886	2707.41
1012.054	2828.24
1012.221	1996.77
1012.389	1998.82
1012.556	2607.06
1012.724	3008.47
1012.891	2138.08
1013.058	1695.72
1013.226	2717.65
1013.393	2572.25
1013.561	1845.22
1013.728	1740.77
1013.895	2861.01
1014.063	2623.45
1014.23	1763.3
1014.397	1916.9
1014.565	2625.5
1014.732	2402.27
1014.899	1763.3
1015.066	1701.86
1015.233	2625.5
1015.401	2609.11
1015.568	1880.04
1015.735	1998.82
1015.902	2660.31
1016.069	2611.16
1016.236	1828.84
1016.403	1578.98
1016.57	2111.46
1016.737	2846.68
1016.904	1753.06
1017.071	1621.99
1017.238	2195.42
1017.405	2260.96
1017.572	1742.82
1017.739	2013.15
1017.906	2815.96
1018.073	2621.4
1018.24	1558.5
1018.407	1767.4
1018.573	2379.74
1018.74	2242.53
1018.907	1566.7
1019.074	1279.98
1019.241	2224.09
1019.407	2105.31
1019.574	1372.14
1019.741	1388.52
1019.907	2508.76
1020.074	2523.1
1020.241	1214.45
1020.407	1279.98
1020.574	1982.43
1020.74	1972.19
1020.907	1445.87
1021.073	1339.37
1021.24	2801.62
1021.406	2224.09
1021.573	1322.99
1021.739	1427.43
1021.906	2322.4
1022.072	2039.78
1022.239	1322.99
1022.405	1431.53
1022.571	2117.6
1022.738	1857.51
1022.904	1402.86
1023.07	1527.78
1023.237	2045.92
1023.403	2060.26
1023.569	1449.96
1023.735	1353.71
1023.902	1939.43
1024.068	2052.06
1024.234	1114.09
1024.4	1327.08
1024.566	1736.68
1024.732	2031.59
1024.898	1333.23
1025.065	1081.33
1025.231	1941.47
1025.397	1677.29
1025.563	1335.28
1025.729	1095.66
1025.895	1384.43
1026.061	1679.33
1026.227	886.77
1026.392	1337.32
1026.558	1937.38
1026.724	2043.87
1026.89	1212.4
1027.056	1292.27
1027.222	1687.53
1027.388	1753.06
1027.553	1052.66
1027.719	1032.18
1027.885	2099.17
1028.051	1597.42
1028.216	761.84
1028.382	1081.33
1028.548	1718.25
1028.713	1626.09
1028.879	905.2
1029.045	1208.3
1029.21	1828.84
1029.376	1865.7
1029.541	1032.18
1029.707	962.55
1029.873	1695.72
1030.038	1714.15
1030.204	964.59
1030.369	985.07
1030.534	1630.18
1030.7	1478.63
1030.865	1097.71
1031.031	931.83
1031.196	1572.84
1031.361	1544.17
1031.527	915.44
1031.692	968.69
1031.857	1282.03
1032.023	1677.29
1032.188	833.52
1032.353	911.35
1032.518	1617.9
1032.684	1452.01
1032.849	643.06
1033.014	864.24
1033.179	1527.78
1033.344	1423.34
1033.509	1077.23
1033.674	948.21
1033.839	1587.18
1034.004	1609.7
1034.17	864.24
1034.335	636.92
1034.5	1331.18
1034.664	1427.43
1034.829	835.57
1034.994	950.26
1035.159	1265.64
1035.324	1546.22
1035.489	894.96
1035.654	681.97
1035.819	2037.73
1035.984	1361.9
1036.148	897.01
1036.313	835.57
1036.478	1740.77
1036.643	1275.88
1036.807	751.6
1036.972	593.91
1037.137	1978.34
1037.301	1267.69
1037.466	559.1
1037.631	954.35
1037.795	1441.77
1037.96	1206.25
1038.124	876.53
1038.289	667.64
1038.454	1208.3
1038.618	1548.26
1038.783	843.76
1038.947	833.52
1039.111	1077.23
1039.276	1273.84
1039.44	589.81
1039.605	1464.3
1039.769	1267.69
1039.933	1157.1
1040.098	780.28
1040.262	927.73
1040.426	1394.67
1040.591	1355.76
1040.755	524.28
1040.919	765.94
1041.083	1552.36
1041.248	1105.9
1041.412	358.39
1041.576	471.03
1041.74	1204.21
1041.904	1118.19
1042.068	430.07
1042.232	735.22
1042.397	1533.93
1042.561	1163.25
1042.725	325.63
1042.889	731.12
1043.053	1179.63
1043.217	1095.66
1043.381	608.25
1043.544	485.37
1043.708	1298.41
1043.872	1028.08
1044.036	204.8
1044.2	356.35
1044.364	1400.81
1044.528	1388.52
1044.691	5619.63
1044.855	380.92
1045.019	1198.06
1045.183	1230.83
1045.346	618.49
1045.51	303.1
1045.674	1380.33
1045.837	1040.37
1046.001	448.51
1046.165	536.57
1046.328	1656.81
1046.492	997.36
1046.655	823.28
1046.819	593.91
1046.983	1028.08
1047.146	925.68
1047.31	675.83
1047.473	264.19
1047.636	937.97
1047.8	806.9
1047.963	577.53
1048.127	358.39
1048.29	831.48
