345.52	-1363.95
345.736	-1363.95
345.952	-1363.95
346.168	-1345.52
346.384	-1271.79
346.6	-145.41
346.816	-266.24
347.032	-137.21
347.248	499.7
347.464	-296.96
347.68	-247.8
347.896	-59.39
348.112	366.59
348.328	-149.5
348.544	6.14
348.76	186.37
348.975	243.71
349.191	-198.65
349.407	-456.7
349.623	221.18
349.839	137.21
350.055	-239.61
350.27	-20.48
350.486	188.41
350.702	299
350.918	329.72
351.133	-79.87
351.349	206.84
351.565	499.7
351.781	-382.97
351.996	26.62
352.212	182.27
352.428	106.49
352.644	-221.18
352.859	-346.11
353.075	266.24
353.291	180.22
353.506	-157.69
353.722	-409.59
353.938	34.82
354.153	475.13
354.369	243.71
354.584	-352.25
354.8	315.39
355.016	-49.15
355.231	-411.64
355.447	-51.2
355.662	425.98
355.878	790.52
356.093	-466.94
356.309	-61.44
356.524	-53.25
356.74	595.96
356.955	-415.74
357.171	-73.73
357.386	194.56
357.602	-104.45
357.817	-129.02
358.033	-167.93
358.248	391.16
358.464	358.39
358.679	-229.37
358.895	-471.03
359.11	59.39
359.325	145.41
359.541	460.79
359.756	-86.01
359.972	-137.21
360.187	577.53
360.402	-270.33
360.618	-182.27
360.833	1658.85
361.048	198.65
361.264	-208.89
361.479	-2.05
361.694	260.09
361.909	284.67
362.125	-325.63
362.34	-219.13
362.555	456.7
362.77	296.96
362.986	-378.87
363.201	-196.6
363.416	301.05
363.631	73.73
363.847	-364.54
364.062	-237.56
364.277	190.46
364.492	96.25
364.707	-176.13
364.922	-358.39
365.138	268.28
365.353	354.3
365.568	-395.26
365.783	-139.26
365.998	471.03
366.213	540.66
366.428	-280.57
366.643	120.83
366.858	301.05
367.073	282.62
367.288	-131.07
367.503	-305.15
367.718	61.44
367.933	477.18
368.148	-202.75
368.363	-38.91
368.578	247.8
368.793	563.19
369.008	-151.55
369.223	-292.86
369.438	358.39
369.653	258.04
369.868	-368.63
370.083	-352.25
370.298	233.47
370.513	542.71
370.728	155.65
370.943	-225.28
371.157	43.01
371.372	743.41
371.587	-344.06
371.802	-376.83
372.017	210.94
372.232	583.67
372.446	45.06
372.661	-235.52
372.876	253.95
373.091	366.59
373.306	-155.65
373.52	-319.48
373.735	69.63
373.95	763.89
374.165	-114.69
374.379	-198.65
374.594	65.54
374.809	542.71
375.023	157.69
375.238	-239.61
375.453	366.59
375.667	-8.19
375.882	-245.76
376.097	-317.44
376.311	143.36
376.526	432.12
376.741	-391.16
376.955	217.08
377.17	614.39
377.384	1079.28
377.599	131.07
377.813	-460.79
378.028	921.59
378.242	303.1
378.457	-36.86
378.672	-266.24
378.886	102.4
379.101	188.41
379.315	-313.34
379.53	-139.26
379.744	462.84
379.958	382.97
380.173	-180.22
380.387	-215.04
380.602	430.07
380.816	104.45
381.031	-147.45
381.245	-186.37
381.459	301.05
381.674	1212.4
381.888	-329.72
382.103	260.09
382.317	135.17
382.531	497.66
382.746	-2.05
382.96	-331.77
383.174	227.32
383.388	802.8
383.603	215.04
383.817	-299
384.031	221.18
384.246	546.81
384.46	77.82
384.674	907.25
384.888	129.02
385.103	407.55
385.317	-378.87
385.531	100.35
385.745	944.11
385.959	536.57
386.174	-182.27
386.388	-114.69
386.602	198.65
386.816	137.21
387.03	-88.06
387.244	-2.05
387.458	413.69
387.672	473.08
387.887	-356.35
388.101	-118.78
388.315	462.84
388.529	333.82
388.743	-184.32
388.957	-110.59
389.171	669.69
389.385	157.69
389.599	-225.28
389.813	26.62
390.027	290.81
390.241	897.01
390.455	-34.82
390.669	38.91
390.883	161.79
391.097	739.32
391.311	270.33
391.525	-104.45
391.738	653.3
391.952	600.05
392.166	129.02
392.38	-270.33
392.594	618.49
392.808	505.85
393.022	26.62
393.236	2.05
393.449	313.34
393.663	716.79
393.877	-192.51
394.091	100.35
394.305	286.72
394.518	215.04
394.732	-71.68
394.946	-43.01
395.16	950.26
395.373	313.34
395.587	-235.52
395.801	-135.17
396.015	581.62
396.228	487.42
396.442	-143.36
396.656	-364.54
396.869	591.86
397.083	964.59
397.297	81.92
397.51	-49.15
397.724	559.1
397.938	450.55
398.151	-280.57
398.365	-157.69
398.578	620.53
398.792	796.66
399.005	370.68
399.219	-63.49
399.433	425.98
399.646	583.67
399.86	346.11
400.073	456.7
400.287	405.5
400.5	440.31
400.714	305.15
400.927	79.87
401.141	815.09
401.354	1947.62
401.567	686.07
401.781	-217.08
401.994	489.46
402.208	901.11
402.421	129.02
402.635	90.11
402.848	169.98
403.061	663.54
403.275	133.12
403.488	-36.86
403.701	763.89
403.915	892.91
404.128	368.63
404.341	75.77
404.555	870.39
404.768	223.23
404.981	321.53
405.195	28.67
405.408	784.37
405.621	645.11
405.834	489.46
406.048	-40.96
406.261	835.57
406.474	630.77
406.687	-12.29
406.9	210.94
407.114	616.44
407.327	743.41
407.54	-98.3
407.753	-157.69
407.966	372.73
408.179	499.7
408.392	57.34
408.605	-135.17
408.819	589.82
409.032	720.89
409.245	65.54
409.458	434.17
409.671	600.05
409.884	753.65
410.097	-67.58
410.31	389.11
410.523	974.83
410.736	511.99
410.949	188.41
411.162	96.25
411.375	786.42
411.588	688.12
411.801	417.79
412.014	120.83
412.227	514.04
412.44	557.05
412.653	182.27
412.865	495.61
413.078	813.04
413.291	720.89
413.504	309.24
413.717	139.26
413.93	827.38
414.143	333.82
414.356	346.11
414.568	-75.77
414.781	778.23
414.994	823.28
415.207	387.07
415.42	339.96
415.632	747.51
415.845	1193.97
416.058	75.77
416.271	73.73
416.483	815.09
416.696	903.15
416.909	57.34
417.121	122.88
417.334	587.77
417.547	970.74
417.759	204.8
417.972	112.64
418.185	616.44
418.397	774.13
418.61	186.37
418.823	245.76
419.035	989.17
419.248	905.2
419.46	272.38
419.673	485.37
419.885	583.67
420.098	794.61
420.311	237.56
420.523	-20.48
420.736	856.05
420.948	698.36
421.161	368.63
421.373	104.45
421.586	587.77
421.798	493.56
422.01	55.3
422.223	518.14
422.435	503.8
422.648	1132.53
422.86	206.84
423.073	333.82
423.285	757.75
423.497	581.62
423.71	288.76
423.922	376.83
424.134	1066.99
424.347	1185.77
424.559	735.22
424.771	849.91
424.984	858.1
425.196	960.5
425.408	188.41
425.621	350.2
425.833	1157.1
426.045	1171.44
426.257	217.08
426.47	575.48
426.682	626.68
426.894	808.95
427.106	391.16
427.318	571.38
427.531	751.6
427.743	1003.5
427.955	636.92
428.167	1349.61
428.379	780.28
428.591	745.46
428.804	563.19
429.016	475.13
429.228	933.87
429.44	1091.57
429.652	14055.21
429.864	333.82
430.076	933.87
430.288	886.77
430.5	667.64
430.712	681.97
430.924	1112.05
431.136	1046.51
431.348	411.64
431.56	528.38
431.772	843.76
431.984	854
432.196	458.75
432.408	550.9
432.62	894.96
432.832	1099.76
433.044	954.35
433.256	704.5
433.468	1230.83
433.679	737.27
433.891	380.92
434.103	811
434.315	1490.92
434.527	1173.49
434.739	776.18
434.95	794.61
435.162	1114.1
435.374	784.37
435.586	849.91
435.798	727.03
436.009	956.4
436.221	952.31
436.433	829.43
436.645	731.12
436.856	1044.46
437.068	1427.43
437.28	651.25
437.491	1066.99
437.703	1294.32
437.915	1306.6
438.126	712.69
438.338	1165.29
438.55	1093.62
438.761	1107.95
438.973	866.29
439.184	876.53
439.396	1013.74
439.608	1173.49
439.819	751.6
440.031	917.49
440.242	1454.06
440.454	1423.34
440.665	872.43
440.877	1023.98
441.088	1552.36
441.3	1343.47
441.511	587.77
441.723	903.15
441.934	1632.23
442.146	1441.77
442.357	1056.75
442.569	1374.19
442.78	1427.43
442.991	2033.63
443.203	1394.67
443.414	890.87
443.626	1701.86
443.837	1179.63
444.048	837.62
444.26	731.12
444.471	1554.41
444.682	1464.3
444.894	905.2
445.105	858.1
445.316	1820.64
445.528	1544.17
445.739	1157.1
445.95	1136.62
446.161	1372.14
446.373	1546.22
446.584	1079.28
446.795	985.07
447.006	1822.69
447.217	1748.97
447.429	901.11
447.64	950.26
447.851	2475.99
448.062	1669.09
448.273	770.04
448.484	1017.84
448.695	1650.66
448.907	1794.02
449.118	1255.4
449.329	1490.92
449.54	1368.04
449.751	1411.05
449.962	1105.9
450.173	1054.7
450.384	1779.68
450.595	2015.2
450.806	1218.54
451.017	1171.44
451.228	1918.95
451.439	1740.77
451.65	1341.42
451.861	798.71
452.072	1570.79
452.283	1574.89
452.494	1501.16
452.705	1202.16
452.915	2119.65
453.126	1771.49
453.337	1339.37
453.548	1304.56
453.759	2095.07
453.97	2088.93
454.181	1884.13
454.391	1306.6
454.602	1892.32
454.813	2340.83
455.024	1482.73
455.235	1314.8
455.445	2131.94
455.656	1914.85
455.867	1570.79
456.078	1415.15
456.288	1759.21
456.499	2213.85
456.71	1265.64
456.921	1724.39
457.131	2097.12
457.342	1857.51
457.553	1478.63
457.763	1538.02
457.974	1937.38
458.184	2109.41
458.395	1468.39
458.606	1400.81
458.816	2334.68
459.027	2447.32
459.237	1849.32
459.448	1513.45
459.659	2246.62
459.869	3127.25
460.08	1499.11
460.29	1943.52
460.501	2510.81
460.711	2332.64
460.922	1318.89
461.132	1763.3
461.343	3024.85
461.553	2037.73
461.764	1644.52
461.974	1802.21
462.184	2564.06
462.395	2582.49
462.605	1886.18
462.816	1656.81
463.026	2482.14
463.236	2428.89
463.447	1751.01
463.657	1959.91
463.867	2676.7
464.078	2277.34
464.288	1972.19
464.498	1951.71
464.709	2496.47
464.919	2559.96
465.129	2152.42
465.339	1900.51
465.55	2574.3
465.76	2877.4
465.97	2172.89
466.18	2111.46
466.391	2910.16
466.601	2725.85
466.811	2318.3
467.021	2090.98
467.231	3074
467.441	2990.03
467.651	2412.51
467.862	1978.34
468.072	2891.73
468.282	2973.65
468.492	2250.72
468.702	2519
468.912	3065.81
469.122	3663.82
469.332	2906.07
469.542	2510.81
469.752	3686.34
469.962	3233.74
470.172	2467.8
470.382	2592.73
470.592	3516.36
470.802	3418.06
471.012	2865.11
471.222	2897.88
471.432	3291.09
471.642	3479.5
471.852	3061.71
472.062	2795.48
472.272	3432.4
472.482	3356.62
472.691	3041.23
472.901	2977.75
473.111	3487.69
473.321	4118.47
473.531	3127.25
473.741	3454.92
473.95	3977.16
474.16	3866.57
474.37	3524.55
474.58	3211.22
474.79	4573.11
474.999	4110.27
475.209	3463.12
475.419	3545.03
475.628	4206.53
475.838	4526.01
476.048	3848.13
476.258	3577.8
476.467	4679.61
476.677	4110.27
476.886	4382.65
477.096	3956.68
477.306	4444.09
477.515	4556.73
477.725	4173.76
477.935	4063.17
478.144	5265.33
478.354	4480.96
478.563	4198.34
478.773	4272.06
478.982	5068.72
479.192	4984.76
479.401	4509.63
479.611	4163.52
479.82	4648.89
480.03	5162.93
480.239	4368.32
480.449	4245.44
480.658	5478.32
480.868	5113.78
481.077	4906.93
481.287	4769.72
481.496	5453.74
481.705	5681.07
481.915	5232.56
482.124	5250.99
482.333	5629.87
482.543	5955.49
482.752	5394.35
482.961	5048.24
483.171	5978.02
483.38	5537.71
483.589	5257.14
483.799	5330.86
484.008	5822.38
484.217	5799.85
484.426	5586.86
484.636	5357.49
484.845	6102.95
485.054	5773.22
485.263	6260.64
485.472	5603.24
485.682	6352.8
485.891	6168.48
486.1	5576.62
486.309	5920.68
486.518	6715.29
486.727	7309.2
486.936	5969.83
487.146	6285.22
487.355	6793.11
487.564	6533.02
487.773	6336.42
487.982	6238.11
488.191	6559.64
488.4	7018.39
488.609	6289.31
488.818	6373.28
489.027	7221.14
489.236	7376.78
489.445	6586.27
489.654	6332.32
489.863	7376.78
490.072	7149.46
490.281	7268.24
490.49	7008.15
490.698	7581.58
490.907	7968.65
491.116	6848.41
491.325	6963.09
491.534	7765.9
491.743	7298.96
491.952	7100.31
492.16	7280.53
492.369	8028.04
492.578	8044.42
492.787	7356.3
492.996	7137.17
493.204	7821.19
493.413	8267.65
493.622	7223.19
493.831	7020.44
494.039	8656.76
494.248	7935.88
494.457	7763.85
494.665	7464.85
494.874	8152.96
495.083	8740.73
495.291	7530.38
495.5	7425.93
495.709	8456.06
495.917	8198.02
496.126	8155.01
496.335	7905.16
496.543	8402.82
496.752	8589.18
496.96	8642.43
497.169	8011.65
497.377	8624
497.586	8726.39
497.794	8464.25
498.003	7915.4
498.211	8796.03
498.42	8953.72
498.628	8388.48
498.837	8228.74
499.045	8955.77
499.254	8726.39
499.462	8435.58
499.671	8415.1
499.879	9822.06
500.087	9357.17
500.296	8472.45
500.504	8564.61
500.713	9248.63
500.921	9547.63
501.129	8540.03
501.338	8476.54
501.546	9533.29
501.754	9351.03
501.962	8896.38
502.171	8681.34
502.379	9457.52
502.587	9727.85
502.795	9062.26
503.004	8953.72
503.212	10016.62
503.42	10014.57
503.628	9328.5
503.837	9222
504.045	9658.22
504.253	10366.82
504.461	9135.99
504.669	9183.09
504.877	10352.48
505.085	10059.62
505.294	9121.65
505.502	9801.58
505.71	10547.04
505.918	9942.89
506.126	9328.5
506.334	9174.9
506.542	10280.8
506.75	10149.73
506.958	9951.08
507.166	9533.29
507.374	10102.63
507.582	10628.96
507.79	9977.7
507.998	9699.18
508.206	10796.89
508.414	10714.97
508.622	9703.28
508.83	10014.57
509.037	10600.29
509.245	10200.93
509.453	9959.27
509.661	9744.24
509.869	10696.54
510.077	10276.71
510.285	10119.01
510.492	9764.72
510.7	11163.48
510.908	10592.09
511.116	10250.08
511.324	10014.57
511.531	10495.84
511.739	11026.26
511.947	10604.38
512.155	10741.6
512.362	11278.16
512.57	10600.29
512.778	10461.02
512.985	10037.09
513.193	10987.35
513.401	11411.28
513.608	10465.12
513.816	10618.72
514.024	11202.39
514.231	11247.44
514.439	10698.59
514.646	10622.81
514.854	11599.69
515.061	11560.78
515.269	10864.47
515.477	10919.77
515.684	11196.25
515.892	11589.46
516.099	10698.59
516.307	10663.77
516.514	12052.3
516.722	12054.34
516.929	10964.82
517.136	10837.85
517.344	11964.23
517.551	11851.6
517.759	10893.15
517.966	11491.15
518.173	11827.02
518.381	11958.09
518.588	11286.36
518.796	11026.26
519.003	12078.92
519.21	11831.12
519.418	11233.11
519.625	12111.69
519.832	12023.62
520.039	12336.96
520.247	11157.33
520.454	11534.16
520.661	12232.52
520.868	12459.84
521.076	11560.78
521.283	11476.82
521.49	12918.59
521.697	12390.21
521.904	11724.62
522.112	11781.96
522.319	12552
522.526	12355.4
522.733	11765.58
522.94	11724.62
523.147	12420.93
523.354	12474.18
523.561	12037.96
523.768	12382.02
523.975	13012.79
524.183	12644.16
524.39	12449.6
524.597	12091.21
524.804	12707.65
525.011	12365.64
525.218	12289.86
525.425	12179.27
525.632	13428.53
525.838	12779.33
526.045	12279.62
526.252	12418.88
526.459	14423.84
526.666	14935.84
526.873	12232.52
527.08	12457.79
527.287	13514.55
527.494	13248.31
527.701	12500.8
527.907	12554.05
528.114	13254.45
528.321	13344.56
528.528	12726.08
528.735	12965.69
528.941	13311.8
529.148	13260.6
529.355	12672.83
529.562	12631.87
529.768	14235.43
529.975	13389.62
530.182	13076.28
530.388	12924.73
530.595	13754.16
530.802	13276.98
531.008	13782.83
531.215	13352.76
531.422	14501.67
531.628	14507.81
531.835	13412.15
532.042	13547.31
532.248	13727.53
532.455	14040.87
532.661	13391.67
532.868	13377.33
533.074	14292.77
533.281	14516
533.487	13483.83
533.694	13340.47
533.9	13971.24
534.107	13956.91
534.313	13563.7
534.52	13539.12
534.726	14317.35
534.933	14747.42
535.139	13573.94
535.345	13647.66
535.552	15038.23
535.758	14726.94
535.965	14057.26
536.171	13733.68
536.377	14583.59
536.584	15095.58
536.79	14182.18
536.996	14305.06
537.203	15048.47
537.409	14853.92
537.615	14004.01
537.821	14450.47
538.028	15488.79
538.234	14917.4
538.44	14278.44
538.646	14237.48
538.853	14827.29
539.059	14567.2
539.265	14935.84
539.471	14382.88
539.677	15150.87
539.883	15068.95
540.09	16129.8
540.296	15519.51
540.502	15114.01
540.708	15232.79
540.914	15308.57
541.12	14815.01
541.326	15611.67
541.532	15675.15
541.738	15071
541.944	14823.2
542.15	15738.64
542.356	15453.97
542.562	15097.63
542.768	14960.41
542.974	16027.4
543.18	15963.92
543.386	15245.08
543.592	15101.72
543.798	16606.98
544.004	16021.26
544.21	15116.06
544.415	15331.09
544.621	16127.75
544.827	16768.77
545.033	15255.32
545.239	15890.19
545.445	16103.18
545.651	16219.91
545.856	15582.99
546.062	15666.96
546.268	15937.29
546.474	16189.19
546.679	15421.2
546.885	15593.23
547.091	16154.38
547.297	16703.23
547.502	15908.62
547.708	15083.29
547.914	15939.34
548.119	16629.51
548.325	15636.24
548.531	15331.09
548.736	17368.82
548.942	16393.99
549.147	15562.51
549.353	15996.68
549.559	16905.98
549.764	16742.14
549.97	15683.34
550.175	15902.48
550.381	16656.13
550.586	16197.38
550.792	16185.1
550.997	15978.25
551.203	16932.61
551.408	17024.76
551.614	16148.23
551.819	16293.64
552.025	17467.13
552.23	17231.61
552.435	16367.37
552.641	17104.63
552.846	17084.16
553.052	17618.68
553.257	16850.69
553.462	16713.47
553.668	17145.59
553.873	17395.45
554.078	16803.58
554.283	16588.55
554.489	17573.62
554.694	17278.71
554.899	16418.57
555.105	17110.78
555.31	17987.31
555.515	17723.12
555.72	17094.4
555.925	17999.6
556.131	17745.65
556.336	17594.1
556.541	17082.11
556.746	17225.47
556.951	17923.82
557.156	17727.22
557.361	17092.35
557.567	17700.59
557.772	18153.19
557.977	17901.29
558.182	17225.47
558.387	17424.12
558.592	17710.83
558.797	18042.6
559.002	17407.73
559.207	17452.79
559.412	18069.23
559.617	18532.07
559.822	17499.89
560.027	17047.29
560.232	17766.13
560.437	18274.03
560.642	17118.97
560.847	17446.65
561.051	18104.04
561.256	18441.96
561.461	17710.83
561.666	17274.62
561.871	17962.73
562.076	18501.35
562.281	17374.97
562.485	17389.3
562.69	18355.94
562.895	18061.04
563.1	17680.11
563.305	17381.11
563.509	18519.78
563.714	18933.47
563.919	17934.06
564.123	17788.66
564.328	18300.65
564.533	18863.84
564.737	17821.42
564.942	17716.98
565.147	18929.38
565.351	18720.48
565.556	18054.89
565.761	18013.93
565.965	18798.31
566.17	18710.24
566.374	18003.69
566.579	18009.84
566.784	18601.7
566.988	18538.21
567.193	17762.03
567.397	18265.83
567.602	18534.12
567.806	18702.05
568.011	18419.43
568.215	18204.39
568.42	19125.98
568.624	19011.29
568.828	18284.26
569.033	18769.63
569.237	19529.43
569.442	19445.46
569.646	18331.37
569.85	18806.5
570.055	19191.52
570.259	19398.36
570.463	19080.92
570.668	18720.48
570.872	19216.09
571.076	19351.26
571.281	18919.14
571.485	19025.63
571.689	19535.57
571.893	19640.02
572.098	19244.76
572.302	18845.41
572.506	19695.32
572.71	19549.91
572.914	18904.8
573.119	18644.71
573.323	19492.57
573.527	19666.64
573.731	18874.08
573.935	18857.7
574.139	19744.47
574.343	19377.88
574.547	19267.29
574.751	19003.1
574.955	19738.32
575.159	19879.63
575.364	19128.03
575.568	18970.33
575.772	19771.09
575.976	19760.85
576.18	19201.76
576.383	19039.97
576.587	19998.41
576.791	19818.19
576.995	19089.12
577.199	18990.81
577.403	19721.94
577.607	20283.08
577.811	19275.48
578.015	19560.15
578.219	20106.96
578.422	20154.06
578.626	19869.39
578.83	20127.44
579.034	20215.5
579.238	20498.12
579.442	19414.74
579.645	20377.29
579.849	20477.64
580.053	20625.09
580.257	19906.26
580.46	19687.12
580.664	20684.48
580.868	20217.55
581.071	20135.63
581.275	19629.78
581.479	20213.45
581.682	20510.41
581.886	20047.57
582.09	20016.85
582.293	21022.4
582.497	20850.37
582.7	20131.53
582.904	20154.06
583.107	20567.75
583.311	20870.85
583.515	20086.48
583.718	20272.84
583.922	21046.97
584.125	21487.29
584.329	20178.64
584.532	20377.29
584.735	21161.66
584.939	20760.26
585.142	20033.23
585.346	20393.67
585.549	21071.55
585.753	21122.75
585.956	20682.44
586.159	20958.91
586.363	21515.96
586.566	21167.81
586.769	20534.98
586.973	20461.26
587.176	21323.45
587.379	21262.01
587.582	20848.32
587.786	21253.82
587.989	21677.75
588.192	22529.7
588.395	21020.35
588.599	21878.45
588.802	21565.11
589.005	21710.52
589.208	21020.35
589.411	20901.57
589.615	21452.47
589.818	21905.07
590.021	21393.08
590.224	21561.01
590.427	21876.4
590.63	21702.32
590.833	20903.62
591.036	21268.16
591.239	22030
591.442	21661.37
591.645	21548.73
591.848	21776.05
592.051	22251.18
592.254	22107.82
592.457	21731
592.66	21665.46
592.863	22075.06
593.066	22339.24
593.269	21415.61
593.472	21638.84
593.675	22333.1
593.878	21862.07
594.081	21888.69
594.284	21370.55
594.486	22480.55
594.689	22527.66
594.892	21896.88
595.095	22064.82
595.298	22263.47
595.5	22232.75
595.703	21870.26
595.906	22017.71
596.109	22838.95
596.311	22642.34
596.514	21638.84
596.717	22261.42
596.92	23053.98
597.122	23041.7
597.325	22009.52
597.528	22058.67
597.73	23473.82
597.933	23455.39
598.136	22365.87
598.338	22093.49
598.541	23410.33
598.743	23410.33
598.946	22202.03
599.148	22476.46
599.351	23041.7
599.554	22720.17
599.756	22468.27
599.959	22789.8
600.161	23217.82
600.363	23713.43
600.566	22734.5
600.768	22351.53
600.971	23330.46
601.173	23316.12
601.376	22677.16
601.578	23033.5
601.78	23514.78
601.983	23955.09
602.185	22513.32
602.388	23201.44
602.59	23238.3
602.792	23416.47
602.995	23004.83
603.197	22773.41
603.399	23490.2
603.601	23457.43
603.804	22582.95
604.006	23033.5
604.208	22900.39
604.41	23127.71
604.613	23443.1
604.815	22738.6
605.017	24045.2
605.219	23223.97
605.421	23582.36
605.623	23185.05
605.826	24481.42
606.028	24485.51
606.23	23340.7
606.432	23072.42
606.634	23840.4
606.836	23793.3
607.038	23180.96
607.24	23035.55
607.442	24133.26
607.644	23852.69
607.846	23207.58
608.048	23031.46
608.25	23967.38
608.452	23498.39
608.654	23584.41
608.856	23015.07
609.058	23973.52
609.26	24211.09
609.462	23125.66
609.664	23357.08
609.866	23723.67
610.067	23830.16
610.269	23262.88
610.471	23457.43
610.673	23582.36
610.875	24075.92
611.077	23127.71
611.278	23510.68
611.48	23998.1
611.682	24702.6
611.884	24000.15
612.085	23242.4
612.287	24141.46
612.489	23735.96
612.69	23557.78
612.892	23824.02
613.094	25042.56
613.295	24272.53
613.497	23457.43
613.699	23488.15
613.9	24415.88
614.102	24295.05
614.304	23512.73
614.505	23140
614.707	24071.82
614.908	24329.87
615.11	23713.43
615.311	23660.18
615.513	24235.66
615.714	24475.27
615.916	23250.59
616.117	23813.78
616.319	24262.29
616.52	24135.31
616.722	23303.84
616.923	23627.42
617.124	24286.86
617.326	24432.27
617.527	23815.83
617.729	24182.42
617.93	24450.7
618.131	24684.17
618.333	23856.79
618.534	23658.13
618.735	24368.78
618.937	24493.71
619.138	23670.42
619.339	23631.51
619.54	24553.1
619.742	24841.86
619.943	23998.1
620.144	24030.87
620.345	24833.67
620.546	24673.93
620.748	23959.19
620.949	24161.94
621.15	24766.09
621.351	24749.7
621.552	23500.44
621.753	23502.49
621.954	24245.9
622.155	24907.4
622.356	23928.47
622.558	24405.64
622.759	24968.83
622.96	24985.22
623.161	24295.05
623.362	23883.41
623.563	24579.72
623.764	24546.95
623.965	24067.73
624.166	24454.79
624.366	24610.44
624.567	24966.79
624.768	23821.97
624.969	23981.71
625.17	24305.29
625.371	24358.54
625.572	24379.02
625.773	24295.05
625.973	24884.87
626.174	24995.46
626.375	23807.64
626.576	24336.01
626.777	25296.51
626.977	25007.75
627.178	24637.06
627.379	24528.52
627.58	24792.71
627.78	24721.03
627.981	24405.64
628.182	24610.44
628.382	24940.16
628.583	24514.19
628.784	24188.56
628.984	24553.1
629.185	24645.26
629.386	24786.57
629.586	24471.18
629.787	24188.56
629.987	24929.92
630.188	25286.27
630.388	24620.68
630.589	24798.85
630.79	25591.42
630.99	24993.41
631.191	24522.38
631.391	24825.48
631.591	25187.97
631.792	25200.26
631.992	25241.21
632.193	24942.21
632.393	25835.13
632.594	25261.69
632.794	24471.18
632.994	25073.28
633.195	25054.85
633.395	25241.21
633.595	24772.23
633.796	24411.79
633.996	25060.99
634.196	25423.48
634.397	24600.2
634.597	24848
634.797	25005.7
634.997	25566.84
635.198	25149.06
635.398	24448.65
635.598	25206.4
635.798	25329.28
635.998	24796.81
636.199	24606.34
636.399	24956.55
636.599	25261.69
636.799	25005.7
636.999	25073.28
637.199	25419.39
637.399	25562.75
637.599	24559.24
637.799	24931.97
637.999	25509.5
638.199	25775.73
638.399	25228.93
638.599	24604.3
638.799	25587.32
638.999	25534.07
639.199	25345.66
639.399	25155.2
639.599	25710.2
639.799	25407.1
639.999	25503.35
640.199	25529.98
640.399	25495.16
640.599	25499.26
640.799	25509.5
640.998	25310.85
641.198	25691.77
641.398	25654.9
641.598	25065.09
641.798	25489.02
641.997	26687.08
642.197	25194.11
642.397	25273.98
642.597	25357.95
642.796	25742.97
642.996	25855.61
643.196	25575.03
643.395	25067.14
643.595	25618.04
643.795	25409.15
643.994	25421.44
644.194	25089.67
644.394	25978.48
644.593	26140.27
644.793	25392.76
644.992	25443.96
645.192	26017.4
645.392	25427.58
645.591	25706.1
645.791	25695.86
645.99	26224.24
646.19	25673.34
646.389	25534.07
646.589	25200.26
646.788	26050.16
646.987	26070.64
647.187	25853.56
647.386	26052.21
647.586	25894.52
647.785	26621.55
647.984	25814.65
648.184	25849.46
648.383	25771.64
648.582	25908.85
648.782	25511.55
648.981	25507.45
649.18	25798.26
649.38	25927.28
649.579	25652.86
649.778	25798.26
649.977	26553.96
650.177	26322.54
650.376	25392.76
650.575	25906.8
650.774	26484.33
650.973	26068.59
651.173	25523.83
651.372	25896.56
651.571	26060.4
651.77	26480.24
651.969	25405.05
652.168	25876.09
652.367	26013.3
652.566	26007.16
652.765	25626.23
652.964	26087.03
653.163	26713.7
653.362	26334.83
653.561	25722.49
653.76	26109.55
653.959	26207.86
654.158	26689.13
654.357	26361.45
654.556	26242.67
654.755	27057.76
654.954	26877.54
655.153	25736.82
655.352	26564.2
655.551	27008.61
655.749	26625.64
655.948	26590.83
656.147	26734.18
656.346	26955.36
656.545	26873.45
656.743	26218.1
656.942	26623.59
657.141	26838.63
657.34	26787.43
657.538	26058.35
657.737	26105.46
657.936	27072.1
658.135	26463.85
658.333	26453.61
658.532	26408.56
658.731	27379.29
658.929	26932.84
659.128	26576.49
659.326	26531.44
659.525	27203.17
659.724	26699.37
659.922	25904.76
660.121	25982.58
660.319	26433.13
660.518	26488.43
660.716	26343.02
660.915	26232.43
661.113	27072.1
661.312	26709.61
661.51	26623.59
661.709	26138.23
661.907	26951.27
662.105	27027.04
662.304	26359.41
662.502	26689.13
662.701	26891.88
662.899	26865.25
663.097	26560.11
663.296	26615.4
663.494	27348.57
663.692	27455.07
663.891	26117.75
664.089	26144.37
664.287	26781.29
664.485	27154.02
664.684	26431.08
664.882	26541.67
665.08	26762.86
665.278	27203.17
665.476	26547.82
665.675	26869.35
665.873	27227.74
666.071	27442.78
666.269	26572.39
666.467	26947.17
666.665	27176.55
666.863	26805.86
667.061	26639.98
667.259	26455.66
667.457	27039.33
667.655	27139.68
667.853	26365.55
668.051	26920.55
668.249	26461.8
668.447	27088.48
668.645	25904.76
668.843	27301.47
669.041	27346.53
669.239	26443.37
669.437	26500.72
669.635	26766.95
669.833	26941.03
670.031	27139.68
670.229	26537.58
670.426	26920.55
670.624	26709.61
670.822	26619.5
671.02	26355.31
671.218	26633.83
671.415	26654.31
671.613	26719.85
671.811	26758.76
672.009	26592.87
672.206	27158.11
672.404	26607.21
672.602	26785.38
672.799	26398.32
672.997	27280.99
673.195	26900.07
673.392	26377.84
673.59	26156.66
673.788	26660.46
673.985	26021.49
674.183	26164.85
674.38	26091.12
674.578	26918.5
674.775	26668.65
674.973	25839.22
675.17	26242.67
675.368	27117.15
675.565	26754.66
675.763	26709.61
675.96	26480.24
676.158	26678.89
676.355	26646.12
676.553	26289.77
676.75	26187.38
676.947	26551.91
677.145	26658.41
677.342	26377.84
677.539	26566.25
677.737	26713.7
677.934	26979.94
678.131	26459.76
678.329	26037.87
678.526	27539.04
678.723	27094.63
678.92	26273.39
679.118	25949.81
679.315	26447.47
679.512	26523.24
679.709	26252.91
679.906	25902.71
680.104	26508.91
680.301	26637.93
680.498	25464.44
680.695	25761.4
680.892	26185.33
681.089	26242.67
681.286	26191.47
681.483	25673.34
681.68	26308.21
681.877	26674.79
682.075	26177.14
682.272	26318.45
682.469	26566.25
682.665	26316.4
682.862	25757.3
683.059	25736.82
683.256	26291.82
683.453	26437.23
683.65	26035.83
683.847	25722.49
684.044	26189.42
684.241	26115.7
684.438	25927.28
684.635	25603.71
684.831	26936.93
685.028	26519.15
685.225	25239.17
685.422	26111.6
685.619	25761.4
685.815	25949.81
686.012	25706.1
686.209	25200.26
686.405	25822.84
686.602	25925.24
686.799	25288.32
686.996	25405.05
687.192	26011.25
687.389	26568.3
687.586	25396.86
687.782	25378.43
687.979	26390.13
688.175	25919.09
688.372	25185.92
688.568	25575.03
688.765	25734.78
688.962	25982.58
689.158	25286.27
689.355	25290.37
689.551	25882.23
689.748	25482.88
689.944	25665.14
690.14	25503.35
690.337	26078.83
690.533	26304.11
690.73	25540.22
690.926	25613.95
691.123	25579.13
691.319	26123.89
691.515	25398.91
691.712	25362.04
691.908	25697.91
692.104	25740.92
692.301	25329.28
692.497	24925.83
692.693	25626.23
692.889	25595.51
693.086	25280.13
693.282	25001.6
693.478	25847.41
693.674	26173.04
693.87	25179.78
694.067	25022.08
694.263	25835.13
694.459	25753.21
694.655	25611.9
694.851	25491.07
695.047	25779.83
695.243	25927.28
695.439	25441.92
695.635	25327.23
695.831	25697.91
696.027	25396.86
696.224	24800.9
696.42	25382.52
696.615	25556.6
696.811	25570.94
697.007	24489.61
697.203	24800.9
697.399	25411.2
697.595	25534.07
697.791	24608.39
697.987	24985.22
698.183	24993.41
698.379	24944.26
698.575	24778.37
698.77	24669.83
698.966	25147.01
699.162	25298.56
699.358	24727.17
699.554	24966.79
699.749	25564.79
699.945	25343.61
700.141	25249.41
700.337	24843.91
700.532	24880.77
700.728	24725.13
700.924	24526.47
701.119	24438.41
701.315	25130.62
701.511	24991.36
701.706	25048.71
701.902	24434.32
702.097	25282.17
702.293	25202.3
702.489	24649.35
702.684	24411.79
702.88	25230.97
703.075	25132.67
703.271	24813.19
703.466	24667.78
703.662	25073.28
703.857	25319.04
704.053	24653.45
704.248	25140.86
704.443	25749.11
704.639	25052.8
704.834	24817.29
705.03	24811.14
705.225	25351.81
705.42	25507.45
705.616	25015.94
705.811	24706.69
706.006	25122.43
706.202	25386.62
706.397	24669.83
706.592	24374.92
706.787	25478.78
706.983	24684.17
707.178	24780.42
707.373	24557.19
707.568	24686.22
707.763	25153.15
707.959	24637.06
708.154	24536.71
708.349	24579.72
708.544	25169.54
708.739	24536.71
708.934	24098.45
709.129	25020.03
709.324	24899.2
709.519	24526.47
709.714	24499.85
709.909	25028.23
710.104	24956.55
710.299	24250
710.494	24540.81
710.689	24782.47
710.884	24508.04
711.079	24123.02
711.274	24501.9
711.469	24829.57
711.664	24905.35
711.859	24456.84
712.054	24399.5
712.249	24909.44
712.443	24665.74
712.638	23928.47
712.833	23961.23
713.028	24407.69
713.223	24106.64
713.417	24714.89
713.612	24125.07
713.807	25206.4
714.002	25355.9
714.196	24436.36
714.391	24055.44
714.586	24553.1
714.78	24938.12
714.975	24219.28
715.17	23846.55
715.364	24465.03
715.559	24686.22
715.754	23271.07
715.948	23778.97
716.143	24905.35
716.337	24239.76
716.532	24686.22
716.726	24450.7
716.921	24473.23
717.115	24786.57
717.31	23811.73
717.504	25038.47
717.699	24049.3
717.893	24288.91
718.088	23668.37
718.282	23541.4
718.476	23807.64
718.671	24110.74
718.865	23715.48
719.059	23586.46
719.254	23715.48
719.448	24491.66
719.642	26291.82
719.837	23512.73
720.031	25996.92
720.225	24325.77
720.419	23907.99
720.614	23340.7
720.808	24131.22
721.002	24125.07
721.196	23316.12
721.39	23531.16
721.585	24161.94
721.779	24462.99
721.973	23762.58
722.167	23113.38
722.361	23412.38
722.555	24229.52
722.749	23422.62
722.943	23350.94
723.137	23516.83
723.331	23768.73
723.525	23324.32
723.719	23469.72
723.913	24313.49
724.107	23936.66
724.301	22996.64
724.495	23002.78
724.689	23985.81
724.883	23279.26
725.077	22832.8
725.271	22757.03
725.465	23613.08
725.659	23252.64
725.853	23045.79
726.046	22836.9
726.24	23215.77
726.434	23570.07
726.628	23242.4
726.822	23271.07
727.015	23973.52
727.209	24114.83
727.403	23209.63
727.596	22730.41
727.79	23338.65
727.984	23776.92
728.177	23137.95
728.371	23277.21
728.565	23623.32
728.758	23297.69
728.952	23053.98
729.146	22937.25
729.339	23811.73
729.533	23545.5
729.726	23244.45
729.92	23242.4
730.113	23711.38
730.307	23608.98
730.5	22988.45
730.694	23064.22
730.887	23348.89
731.081	23856.79
731.274	22869.67
731.468	23262.88
731.661	23602.84
731.854	23254.69
732.048	22791.84
732.241	23205.53
732.435	23459.48
732.628	23373.47
732.821	23025.31
733.014	22642.34
733.208	23088.8
733.401	23631.51
733.594	22908.58
733.788	22804.13
733.981	23531.16
734.174	23873.17
734.367	23129.76
734.56	23137.95
734.754	23676.57
734.947	23787.16
735.14	22924.96
735.333	23350.94
735.526	23998.1
735.719	23563.93
735.912	23273.12
736.105	23107.23
736.298	23916.18
736.491	23910.04
736.684	22943.39
736.877	22793.89
737.07	23641.75
737.263	23989.91
737.456	22961.83
737.649	22922.91
737.842	23703.19
738.035	23363.23
738.228	22795.94
738.421	23457.43
738.614	24094.35
738.807	23758.49
739	22570.66
739.192	22742.69
739.385	23330.46
739.578	23332.51
739.771	23256.73
739.964	22466.22
740.156	23512.73
740.349	23174.81
740.542	23248.54
740.735	22560.42
740.927	22789.8
741.12	22912.67
741.313	22447.79
741.505	23037.6
741.698	23514.78
741.891	23205.53
742.083	22492.84
742.276	22515.37
742.468	23496.35
742.661	23176.86
742.854	22650.53
743.046	22632.1
743.239	23119.52
743.431	23283.36
743.624	22341.29
743.816	22040.24
744.009	23068.32
744.201	23002.78
744.393	22677.16
744.586	22120.11
744.778	22963.87
744.971	23099.04
745.163	22310.57
745.355	22386.35
745.548	22578.86
745.74	23006.88
745.932	22439.59
746.125	22382.25
746.317	23410.33
746.509	23299.74
746.702	22550.18
746.894	22251.18
747.086	23041.7
747.278	23289.5
747.471	22691.49
747.663	22806.18
747.855	23187.1
748.047	23303.84
748.239	22513.32
748.431	22492.84
748.623	23459.48
748.815	22918.82
749.008	22238.89
749.2	22378.15
749.392	22814.37
749.584	23070.37
749.776	22490.79
749.968	22539.94
750.16	23211.68
750.352	22666.92
750.544	22294.19
750.736	22310.57
750.928	23168.67
751.12	22455.98
751.311	22462.12
751.503	22505.13
751.695	22578.86
751.887	22795.94
752.079	22216.36
752.271	22015.66
752.463	23346.84
752.654	22378.15
752.846	22228.65
753.038	22005.42
753.23	22294.19
753.421	22783.65
753.613	22359.72
753.805	22410.92
753.997	22247.08
754.188	22892.19
754.38	21978.8
754.572	22054.58
754.763	22361.77
754.955	22224.56
755.146	22095.53
755.338	21733.04
755.53	22449.83
755.721	22355.63
755.913	21331.64
756.104	21391.03
756.296	22146.73
756.487	22230.7
756.679	21835.44
756.87	21233.34
757.062	22204.08
757.253	22396.59
757.445	21931.7
757.636	21929.65
757.827	22429.35
758.019	22804.13
758.21	21597.88
758.401	21597.88
758.593	22603.43
758.784	22259.37
758.975	21190.33
759.167	21472.95
759.358	21907.12
759.549	22361.77
759.74	21288.64
759.932	21307.07
760.123	21659.32
760.314	21632.69
760.505	21073.6
760.696	21184.19
760.888	21870.26
761.079	21739.19
761.27	20907.71
761.461	21042.88
761.652	22107.82
761.843	21624.5
762.034	21362.36
762.225	21419.71
762.416	21618.36
762.607	21270.2
762.798	20973.25
762.989	20981.44
763.18	22353.58
763.371	21378.75
763.562	20897.47
763.753	20926.14
763.944	21538.49
764.135	21751.48
764.326	21239.48
764.517	20889.28
764.708	21413.56
764.899	21262.01
765.089	20274.89
765.28	20145.87
765.471	20790.98
765.662	21233.34
765.853	20977.34
766.043	20289.23
766.234	21038.78
766.425	20979.39
766.615	20405.96
766.806	20231.88
766.997	20836.03
767.187	20442.82
767.378	20338.38
767.569	20375.24
767.759	20684.48
767.95	20844.23
768.141	20395.72
768.331	20162.25
768.522	20932.29
768.712	21006.02
768.903	20041.42
769.093	20104.91
769.284	20580.04
769.474	20448.97
769.665	19703.51
769.855	19723.99
770.046	21096.13
770.236	20209.36
770.426	20211.4
770.617	19898.06
770.807	20086.48
770.998	20897.47
771.188	20471.5
771.378	19910.35
771.569	20860.61
771.759	20516.55
771.949	19674.84
772.139	19941.07
772.33	20338.38
772.52	20244.17
772.71	20088.53
772.9	19545.81
773.09	20297.42
773.281	20985.54
773.471	19939.02
773.661	19615.44
773.851	20252.36
774.041	20438.73
774.231	19515.09
774.421	19832.53
774.611	20367.05
774.802	20037.33
774.992	19642.07
775.182	19287.77
775.372	19900.11
775.562	20010.7
775.752	19547.86
775.942	19062.49
776.131	20057.81
776.321	19969.74
776.511	18992.86
776.701	19308.25
776.891	20016.85
777.081	19369.69
777.271	19152.6
777.461	19488.47
777.651	20037.33
777.84	20037.33
778.03	19216.09
778.22	19140.32
778.41	19707.6
778.599	19463.9
778.789	19207.9
778.979	18908.9
779.169	19343.06
779.358	19341.02
779.548	19332.83
779.738	18302.7
779.927	19312.35
780.117	18906.85
780.307	18450.15
780.496	18347.75
780.686	19515.09
780.875	19685.08
781.065	19099.36
781.254	18861.79
781.444	19449.56
781.633	19246.81
781.823	18804.45
782.012	18857.7
782.202	19054.3
782.391	19355.35
782.581	18591.46
782.77	18919.14
782.96	19463.9
783.149	18876.13
783.338	18450.15
783.528	18261.74
783.717	19121.88
783.906	19332.83
784.096	18368.23
784.285	18063.08
784.474	19015.39
784.663	18894.56
784.853	18458.34
785.042	18534.12
785.231	18923.23
785.42	18788.07
785.61	18288.36
785.799	18138.86
785.988	19123.93
786.177	18493.16
786.366	18444.01
786.555	18570.98
786.744	18732.77
786.933	18505.45
787.122	18040.56
787.312	18102
787.501	18468.58
787.69	18800.35
787.879	17884.91
788.068	17897.2
788.257	18075.37
788.445	18450.15
788.634	18089.71
788.823	17798.9
789.012	19060.45
789.201	18460.39
789.39	17737.46
789.579	17598.2
789.768	18314.98
789.957	18300.65
790.145	17481.46
790.334	17426.17
790.523	17641.2
790.712	18116.33
790.9	17645.3
791.089	17475.32
791.278	18179.82
791.467	18249.45
791.655	18190.06
791.844	18532.07
792.033	17993.45
792.221	18024.17
792.41	17395.45
792.599	17065.72
792.787	17977.07
792.976	18142.96
793.164	17166.07
793.353	17176.31
793.541	17981.17
793.73	17817.33
793.918	17456.89
794.107	17159.93
794.295	17690.35
794.484	17561.33
794.672	17280.76
794.861	17422.07
795.049	17637.11
795.238	18327.27
795.426	17028.86
795.614	17299.19
795.803	18048.75
795.991	17862.38
796.179	17159.93
796.368	16783.1
796.556	17972.97
796.744	17680.11
796.932	17172.22
797.121	16858.88
797.309	17610.48
797.497	17569.52
797.685	17008.38
797.874	16926.46
798.062	17649.39
798.25	17975.02
798.438	17245.94
798.626	16914.17
798.814	17739.51
799.002	17788.66
799.19	16930.56
799.378	16764.67
799.566	17491.7
799.755	17389.3
799.943	16850.69
800.131	16791.3
800.318	17413.88
800.506	17858.29
800.694	16905.98
800.882	16975.61
801.07	18149.1
801.258	17592.05
801.446	17204.99
801.634	17088.25
801.822	17424.12
802.01	17708.79
802.197	17102.59
802.385	17348.34
802.573	17860.34
802.761	17487.61
802.949	17233.66
803.136	16584.45
803.324	17821.42
803.512	17559.28
803.699	16973.56
803.887	16836.35
804.075	17549.04
804.262	17360.63
804.45	16785.15
804.638	17221.37
804.825	17456.89
805.013	17463.03
805.201	16934.65
805.388	16938.75
805.576	17362.68
805.763	17592.05
805.951	16668.42
806.138	16873.21
806.326	17659.63
806.513	17372.92
806.701	17014.52
806.888	16731.9
807.075	17479.41
807.263	17872.62
807.45	16916.22
807.638	17082.11
807.825	17909.49
808.012	17827.57
808.2	17211.13
808.387	17688.31
808.574	17702.64
808.761	17868.53
808.949	16811.78
809.136	17340.15
809.323	17475.32
809.51	17661.68
809.698	17575.67
809.885	17446.65
810.072	17815.28
810.259	18083.56
810.446	17338.1
810.633	17342.2
810.82	17979.12
811.008	18220.78
811.195	17532.66
811.382	17391.35
811.569	18009.84
811.756	17610.48
811.943	17295.1
812.13	17106.68
812.317	17762.03
812.504	17772.27
812.691	17288.95
812.878	17440.5
813.064	18331.37
813.251	18077.42
813.438	17200.89
813.625	17446.65
813.812	17716.98
813.999	17960.69
814.186	17684.21
814.372	17442.55
814.559	18190.06
814.746	18138.86
814.933	17368.82
815.12	17387.25
815.306	17895.15
815.493	17872.62
815.68	17391.35
815.866	17237.75
816.053	17960.69
816.24	18036.46
816.426	17096.44
816.613	17223.42
816.799	17889.01
816.986	18024.17
817.173	17219.32
817.359	17104.63
817.546	17860.34
817.732	17493.75
817.919	17037.05
818.105	17669.87
818.292	17837.81
818.478	18153.19
818.665	17735.41
818.851	17530.61
819.037	18564.84
819.224	17915.63
819.41	17084.16
819.597	17024.76
819.783	18429.67
819.969	17749.75
820.156	17196.79
820.342	17311.48
820.528	19257.05
820.714	17784.56
820.901	17518.32
821.087	16930.56
821.273	17991.41
821.459	17651.44
821.646	16871.17
821.832	16596.74
822.018	17399.54
822.204	17487.61
822.39	17223.42
822.576	17055.48
822.762	17667.83
822.948	17536.76
823.134	17311.48
823.32	16766.72
823.507	17590
823.693	17442.55
823.879	17485.56
824.065	16488.2
824.25	17164.03
824.436	17069.82
824.622	16494.34
824.808	16656.13
824.994	17071.87
825.18	16756.48
825.366	16547.59
825.552	16617.22
825.738	17321.72
825.923	17456.89
826.109	17090.3
826.295	16428.81
826.481	17073.92
826.667	17041.15
826.852	16717.57
827.038	16678.66
827.224	17264.38
827.409	17323.77
827.595	16281.35
827.781	16676.61
827.966	17270.52
828.152	16834.3
828.338	16156.43
828.523	15988.49
828.709	16889.6
828.894	16905.98
829.08	16080.65
829.266	16213.77
829.451	16561.92
829.637	16578.31
829.822	15996.68
830.008	16137.99
830.193	16590.59
830.378	16924.41
830.564	16000.78
830.749	15421.2
830.935	16576.26
831.12	16449.28
831.305	15628.05
831.491	16385.8
831.676	16303.88
831.861	16883.45
832.047	15736.59
832.232	15712.02
832.417	16584.45
832.602	16715.52
832.788	15941.39
832.973	15734.54
833.158	16283.4
833.343	16422.66
833.528	15726.35
833.714	16150.28
833.899	16193.29
834.084	16850.69
834.269	16123.66
834.454	15658.77
834.639	16242.44
834.824	16328.45
835.009	15894.29
835.194	16342.79
835.379	16733.95
835.564	16629.51
835.749	15941.39
835.934	15857.42
836.119	16047.88
836.304	16129.8
836.489	15292.18
836.674	15980.3
836.859	16135.95
837.044	16785.15
837.228	15163.16
837.413	15396.63
837.598	16344.84
837.783	16281.35
837.968	15800.08
838.152	15292.18
838.337	15486.74
838.522	16574.21
838.707	16230.15
838.891	15720.21
839.076	15671.06
839.261	16303.88
839.445	15607.57
839.63	15511.32
839.815	16303.88
839.999	15828.75
840.184	15267.61
840.368	15335.19
840.553	15945.48
840.737	15697.68
840.922	14872.35
841.106	15050.52
841.291	15580.95
841.475	15691.54
841.66	15204.12
841.844	14989.08
842.029	16389.89
842.213	15685.39
842.397	15163.16
842.582	14634.78
842.766	15798.03
842.951	15890.19
843.135	15038.23
843.319	15066.91
843.504	15525.65
843.688	15972.11
843.872	14386.98
844.056	14923.55
844.241	15589.14
844.425	15261.46
844.609	14853.92
844.793	14417.7
844.977	15085.34
845.161	15185.69
845.346	14458.66
845.53	14567.2
845.714	15392.53
845.898	15589.14
846.082	14364.45
846.266	14606.11
846.45	15054.62
846.634	15351.57
846.818	14243.62
847.002	14700.32
847.186	15152.92
847.37	14759.71
847.554	14354.21
847.738	14595.87
847.922	15027.99
848.106	15036.19
848.29	14110.5
848.473	14397.22
848.657	14858.01
848.841	15013.66
849.025	14245.67
849.209	14161.7
849.392	14782.24
849.576	14728.99
849.76	13727.53
849.944	14454.56
850.127	15075.1
850.311	14559.01
850.495	14163.75
850.678	13874.99
850.862	15021.85
851.046	15189.78
851.229	14712.61
851.413	13788.97
851.596	14851.87
851.78	14413.6
851.964	14223.14
852.147	14079.79
852.331	15023.9
852.514	15038.23
852.698	13844.27
852.881	13934.38
853.065	14446.37
853.248	14257.96
853.431	14040.87
853.615	14069.55
853.798	15091.48
853.982	14546.72
854.165	13983.53
854.348	13774.64
854.532	14202.66
854.715	14391.08
854.898	13893.42
855.081	13338.42
855.265	14837.53
855.448	14851.87
855.631	13571.89
855.814	13674.29
855.997	14114.6
856.181	14407.46
856.364	13877.04
856.547	13420.34
856.73	14315.3
856.913	14411.56
857.096	13483.83
857.279	13688.62
857.462	13877.04
857.645	14073.64
857.828	13567.79
858.011	13715.25
858.194	13809.45
858.377	13948.72
858.56	13086.52
858.743	13047.61
858.926	13508.4
859.109	13815.6
859.292	13387.57
859.475	12996.41
859.658	13895.47
859.841	13823.79
860.023	13127.48
860.206	12519.23
860.389	13539.12
860.572	13504.31
860.755	13092.66
860.937	12838.72
861.12	13168.44
861.303	13723.44
861.486	12881.72
861.668	12726.08
861.851	13317.94
862.034	13752.11
862.216	12697.41
862.399	12277.57
862.581	13096.76
862.764	13262.65
862.947	12476.23
863.129	12490.56
863.312	12646.21
863.494	13385.52
863.677	12973.88
863.859	12259.14
864.042	13289.27
864.224	13063.99
864.406	12859.2
864.589	12054.34
864.771	13367.09
864.954	12859.2
865.136	12760.89
865.318	12476.23
865.501	13457.2
865.683	12805.95
865.865	12453.7
866.048	12478.27
866.23	13248.31
866.412	13205.3
866.594	12164.93
866.777	12300.1
866.959	12812.09
867.141	12709.69
867.323	12644.16
867.505	12445.51
867.687	12578.62
867.869	12697.41
868.052	12136.26
868.234	12218.18
868.416	12531.52
868.598	13012.79
868.78	12031.82
868.962	11786.06
869.144	12894.01
869.326	12535.62
869.508	11753.29
869.69	12027.72
869.872	12592.96
870.054	13215.54
870.236	11827.02
870.417	11941.71
870.599	12345.16
870.781	13037.37
870.963	12318.53
871.145	12367.68
871.327	12683.07
871.508	12957.5
871.69	12156.74
871.872	12177.22
872.054	12660.54
872.235	12615.49
872.417	12109.64
872.599	11872.07
872.78	13375.28
872.962	12715.84
873.144	11958.09
873.325	11923.27
873.507	12752.7
873.689	12633.92
873.87	11712.33
874.052	12246.85
874.233	12400.45
874.415	12947.26
874.596	11935.56
874.778	11599.69
874.959	12666.69
875.141	12998.46
875.322	12007.24
875.503	11890.51
875.685	12375.88
875.866	12097.35
876.048	11884.36
876.229	11630.41
876.41	12347.2
876.592	12971.83
876.773	12060.49
876.954	11878.22
877.136	12992.31
877.317	12515.14
877.498	11691.85
877.679	12132.17
877.86	12480.32
878.042	12775.23
878.223	11970.38
878.404	12492.61
878.585	12724.03
878.766	13795.12
878.947	12396.35
879.128	12207.94
879.309	12642.11
879.49	12822.33
879.672	12359.49
879.853	11855.69
880.034	12445.51
880.215	12752.7
880.396	12185.41
880.576	12019.53
880.757	12586.82
880.938	13205.3
881.119	12273.48
881.3	12177.22
881.481	12621.63
881.662	13709.1
881.843	11992.91
882.023	12068.68
882.204	13025.08
882.385	12793.66
882.566	12019.53
882.747	12382.02
882.927	12816.19
883.108	12762.94
883.289	12062.54
883.469	12623.68
883.65	12631.87
883.831	12998.46
884.011	12621.63
884.192	12484.42
884.373	12951.35
884.553	12971.83
884.734	12818.24
884.914	13004.6
885.095	14153.51
885.275	13223.73
885.456	12959.55
885.636	12449.6
885.817	13305.65
885.997	13340.47
886.178	12406.59
886.358	12580.67
886.538	13057.85
886.719	14620.45
886.899	12441.41
887.08	12691.26
887.26	13410.1
887.44	12752.7
887.621	12654.4
887.801	12590.91
887.981	13674.29
888.161	13633.33
888.342	12666.69
888.522	12472.13
888.702	13217.59
888.882	13268.79
889.062	12851
889.242	12220.23
889.423	13446.96
889.603	13246.26
889.783	12715.84
889.963	12455.75
890.143	13207.35
890.323	13541.17
890.503	12947.26
890.683	12713.79
890.863	13023.03
891.043	13360.95
891.223	12975.93
891.403	13072.18
891.583	13412.15
891.763	13225.78
891.943	12965.69
892.122	13113.14
892.302	13418.29
892.482	13324.08
892.662	13070.14
892.842	13047.61
893.022	13381.43
893.201	13254.45
893.381	12820.28
893.561	12842.81
893.741	13874.99
893.92	13117.24
894.1	12797.76
894.28	12998.46
894.459	13592.37
894.639	13481.78
894.819	13029.18
894.998	12986.17
895.178	13739.82
895.357	13051.7
895.537	12640.06
895.716	12635.97
895.896	13252.41
896.075	13637.42
896.255	12812.09
896.434	12400.45
896.614	13698.86
896.793	13285.17
896.973	12910.4
897.152	12656.45
897.331	12846.91
897.511	13088.57
897.69	12259.14
897.87	12676.93
898.049	13104.95
898.228	12810.04
898.407	12517.18
898.587	12715.84
898.766	12779.33
898.945	13031.23
899.124	12660.54
899.304	12156.74
899.483	12967.74
899.662	13428.53
899.841	12156.74
900.02	12267.33
900.199	12754.75
900.378	12762.94
900.557	11894.6
900.737	11624.27
900.916	12474.18
901.095	12402.5
901.274	12042.06
901.453	11556.69
901.632	12117.83
901.811	11982.67
901.989	11585.36
902.168	11528.02
902.347	12373.83
902.526	12175.17
902.705	11683.66
902.884	11652.94
903.063	12629.82
903.242	12474.18
903.42	11503.44
903.599	11497.3
903.778	12130.12
903.957	12386.11
904.135	11601.74
904.314	11396.95
904.493	11867.98
904.672	11632.46
904.85	11130.71
905.029	11132.76
905.207	11556.69
905.386	12064.58
905.565	10583.9
905.743	10762.08
905.922	11284.31
906.1	11245.4
906.279	10356.58
906.457	10561.37
906.636	10991.45
906.814	10813.27
906.993	10352.48
907.171	10385.25
907.35	10821.47
907.528	11417.43
907.707	10594.14
907.885	10252.13
908.063	10874.71
908.242	10588
908.42	10180.45
908.598	9799.53
908.777	10557.28
908.955	10385.25
909.133	10307.43
909.311	9903.98
909.49	10561.37
909.668	10590.05
909.846	10022.76
910.024	10239.84
910.202	10674.01
910.38	10901.34
910.559	10188.64
910.737	10643.29
910.915	10991.45
911.093	10917.72
911.271	10342.24
911.449	10809.18
911.627	11028.31
911.805	11683.66
911.983	10448.74
912.161	10268.52
912.339	11173.72
912.517	11355.99
912.695	11024.22
912.872	10620.77
913.05	11151.19
913.228	11253.59
913.406	10706.78
913.584	10483.55
913.762	11333.46
913.939	11151.19
914.117	10471.26
914.295	10299.23
914.473	10774.36
914.65	11229.01
914.828	10293.09
915.006	10372.96
915.184	10868.57
915.361	11134.81
915.539	10741.6
915.716	10512.22
915.894	10913.63
916.072	11022.17
916.249	10796.89
916.427	10518.37
916.604	10659.68
916.782	10981.21
916.959	10278.76
917.137	10159.97
917.314	10757.98
917.492	10940.25
917.669	10289
917.847	10108.77
918.024	10628.96
918.201	10497.89
918.379	10461.02
918.556	10368.87
918.733	10606.43
918.911	10432.35
919.088	10344.29
919.265	9934.7
919.442	10680.16
919.62	10569.57
919.797	10178.4
919.974	9830.25
920.151	10786.65
920.328	10483.55
920.506	9998.18
920.683	10481.5
920.86	10301.28
921.037	10463.07
921.214	9951.08
921.391	9795.43
921.568	10403.68
921.745	10245.99
921.922	9768.81
922.099	10028.9
922.276	10213.22
922.453	10127.21
922.63	9668.46
922.807	9826.15
922.984	10299.23
923.161	9992.04
923.338	9650.03
923.514	9588.59
923.691	10241.89
923.868	10536.8
924.045	9633.65
924.222	9727.85
924.399	10196.84
924.575	10139.49
924.752	9647.98
924.929	9664.36
925.105	9873.26
925.282	9680.75
925.459	9676.65
925.635	9643.88
925.812	9908.07
925.989	9697.13
926.165	9426.8
926.342	9097.08
926.518	9707.37
926.695	9707.37
926.871	9391.98
927.048	9078.65
927.224	10106.73
927.401	9590.64
927.577	9258.87
927.754	8789.88
927.93	9951.08
928.107	9885.55
928.283	8966.01
928.459	9355.12
928.636	9486.19
928.812	9486.19
928.988	8855.42
929.165	8748.92
929.341	9172.85
929.517	9351.03
929.693	9475.95
929.87	8337.28
930.046	9326.45
930.222	9017.21
930.398	8507.26
930.574	8892.28
930.751	8863.61
930.927	8974.2
931.103	8480.64
931.279	8517.5
931.455	8699.77
931.631	8865.66
931.807	8333.18
931.983	8261.51
932.159	8484.73
932.335	8740.73
932.511	8058.76
932.687	8179.59
932.863	8353.66
933.039	8382.34
933.215	7892.87
933.391	7657.36
933.566	8198.02
933.742	8032.13
933.918	7765.9
934.094	7622.54
934.27	8046.47
934.445	7915.4
934.621	7722.89
934.797	7268.24
934.973	7888.78
935.148	7624.59
935.324	7112.6
935.5	6895.51
935.675	7808.9
935.851	7671.69
936.027	7305.1
936.202	7090.07
936.378	7491.47
936.553	6887.32
936.729	7507.85
936.904	6518.68
937.08	6805.4
937.255	6614.94
937.431	6373.28
937.606	5973.92
937.782	6469.53
937.957	6653.85
938.133	6045.6
938.308	5840.81
938.483	6051.75
938.659	5822.38
938.834	5769.13
939.009	5445.55
939.185	5724.07
939.36	5562.28
939.535	4992.95
939.71	5443.5
939.886	5742.5
940.061	5447.6
940.236	5601.19
940.411	5187.5
940.586	5470.12
940.761	5416.88
940.937	5183.41
941.112	4802.49
941.287	5158.83
941.462	5117.87
941.637	4538.3
941.812	4913.08
941.987	4974.52
942.162	5119.92
942.337	4771.77
942.512	4405.18
942.687	5361.58
942.862	5031.86
943.037	4233.15
943.212	4255.68
943.386	4763.58
943.561	4773.82
943.736	4792.25
943.911	5011.38
944.086	5187.5
944.26	4904.89
944.435	4448.19
944.61	4710.33
944.785	4812.73
944.959	5363.63
945.134	4417.47
945.309	4310.97
945.483	4505.53
945.658	4972.47
945.833	4126.66
946.007	4231.1
946.182	5164.98
946.357	4755.38
946.531	4339.65
946.706	4456.38
946.88	4505.53
947.055	4931.51
947.229	4366.27
947.404	4382.65
947.578	4888.5
947.752	4890.55
947.927	4313.02
948.101	4192.19
948.276	5218.22
948.45	5054.39
948.624	4919.22
948.799	4536.25
948.973	5076.91
949.147	4851.64
949.321	4581.31
949.496	4599.74
949.67	5392.3
949.844	5015.48
950.018	4587.45
950.193	4491.2
950.367	5711.78
950.541	5093.3
950.715	4796.34
950.889	4921.27
951.063	5058.48
951.237	5349.29
951.411	4554.68
951.585	4532.15
951.759	5404.59
951.933	5298.1
952.107	4593.59
952.281	4990.9
952.455	5500.84
952.629	5396.4
952.803	4911.03
952.977	4718.52
953.151	5578.67
953.325	5349.29
953.499	5162.93
953.672	4751.29
953.846	5386.16
954.02	5343.15
954.194	5011.38
954.368	4857.78
954.541	5484.46
954.715	5425.07
954.889	5056.43
955.062	4847.54
955.236	5318.57
955.41	5443.5
955.583	5222.32
955.757	4802.49
955.93	5382.06
956.104	5232.56
956.278	4724.66
956.451	4919.22
956.625	5601.19
956.798	5685.16
956.972	5345.2
957.145	4743.1
957.319	5636.01
957.492	5431.21
957.665	5296.05
957.839	4964.28
958.012	5525.42
958.185	5273.52
958.359	5040.05
958.532	5257.14
958.705	5365.68
958.879	5451.69
959.052	5191.6
959.225	4798.39
959.398	5328.81
959.572	5552.04
959.745	5076.91
959.918	5220.27
960.091	5642.15
960.264	5789.61
960.438	4837.3
960.611	4882.36
960.784	5738.41
960.957	5382.06
961.13	5824.42
961.303	4958.13
961.476	5482.41
961.649	5875.62
961.822	4978.61
961.995	5224.37
962.168	5480.36
962.341	5789.61
962.514	5302.19
962.686	5109.68
962.859	5570.48
963.032	5654.44
963.205	5167.03
963.378	4775.86
963.551	5375.92
963.723	5294
963.896	5167.03
964.069	5193.65
964.242	5394.35
964.414	5814.18
964.587	5109.68
964.76	5269.42
964.932	5574.57
965.105	5388.21
965.278	5019.57
965.45	4900.79
965.623	5341.1
965.795	5572.52
965.968	5072.82
966.14	4890.55
966.313	5310.38
966.485	5355.44
966.658	4931.51
966.83	5025.72
967.003	5609.39
967.175	5502.89
967.348	4857.78
967.52	5089.2
967.692	6066.08
967.865	5662.63
968.037	5048.24
968.209	5265.33
968.382	5521.32
968.554	5621.67
968.726	5097.39
968.898	4841.4
969.071	5644.2
969.243	5476.27
969.415	4945.84
969.587	5015.48
969.759	5695.4
969.932	5222.32
970.104	5091.25
970.276	4558.78
970.448	5263.28
970.62	5093.3
970.792	5003.19
970.964	5046.19
971.136	5670.83
971.308	5341.1
971.48	4605.88
971.652	4874.17
971.824	5535.66
971.996	5095.35
972.168	4788.15
972.339	4958.13
972.511	5121.97
972.683	4984.76
972.855	5048.24
973.027	4517.82
973.199	5369.77
973.37	5267.38
973.542	4882.36
973.714	4876.21
973.886	4757.43
974.057	5095.35
974.229	4663.22
974.401	4581.31
974.572	4736.95
974.744	4618.17
974.915	4411.32
975.087	4419.52
975.259	5236.66
975.43	4708.28
975.602	4331.45
975.773	4421.56
975.945	4777.91
976.116	5105.59
976.288	4429.76
976.459	4685.75
976.63	4726.71
976.802	4995
976.973	4278.21
977.145	4810.68
977.316	5562.28
977.487	5724.07
977.659	4695.99
977.83	4687.8
978.001	5031.86
978.172	4974.52
978.344	4222.91
978.515	4562.87
978.686	4763.58
978.857	5158.83
979.028	4321.21
979.2	4294.59
979.371	5107.63
979.542	4681.66
979.713	4511.68
979.884	3913.67
980.055	4483
980.226	4890.55
980.397	4347.84
980.568	4100.03
980.739	4915.12
980.91	4595.64
981.081	4444.09
981.252	4278.21
981.423	4468.67
981.594	4554.68
981.765	4122.56
981.936	4442.04
982.106	4607.93
982.277	4747.19
982.448	4151.23
982.619	4360.13
982.79	4214.72
982.96	4698.04
983.131	4460.48
983.302	3928
983.472	4540.35
983.643	4396.99
983.814	4126.66
983.984	4077.51
984.155	4329.41
984.326	4433.85
984.496	4097.99
984.667	3958.72
984.837	3997.63
985.008	4626.36
985.178	4163.52
985.349	3975.11
985.519	4315.07
985.69	4022.21
985.86	3819.46
986.031	3805.13
986.201	4413.37
986.371	4100.03
986.542	3602.38
986.712	3633.1
986.882	4198.34
987.053	4073.41
987.223	3571.66
987.393	4124.61
987.563	3940.29
987.734	4300.73
987.904	4300.73
988.074	3514.31
988.244	4034.5
988.414	4054.98
988.585	3459.02
988.755	3846.09
988.925	3921.86
989.095	4349.89
989.265	3444.68
989.435	3758.02
989.605	4050.88
989.775	4077.51
989.945	4014.02
990.115	3344.33
990.285	3790.79
990.455	3987.4
990.625	3585.99
990.795	3434.44
990.965	4007.87
991.134	3809.22
991.304	3229.65
991.474	3327.95
991.644	3903.43
991.814	4138.94
991.984	3055.57
992.153	3198.93
992.323	3706.82
992.493	4009.92
992.662	3260.37
992.832	3512.27
993.002	3739.59
993.171	4020.16
993.341	2965.46
993.511	3289.04
993.68	3454.92
993.85	3712.97
994.019	3012.56
994.189	2987.99
994.358	3524.55
994.528	3465.16
994.697	2906.07
994.867	3000.27
995.036	3536.84
995.206	3397.58
995.375	3008.47
995.544	3368.91
995.714	3983.3
995.883	3463.12
996.052	3405.77
996.222	2789.33
996.391	3841.99
996.56	3575.75
996.73	2869.2
996.899	2844.63
997.068	3739.59
997.237	3663.82
997.406	2727.89
997.576	2666.46
997.745	3733.45
997.914	3438.54
998.083	2529.24
998.252	2752.47
998.421	3338.19
998.59	3053.52
998.759	2643.93
998.928	2539.48
999.097	3737.54
999.266	3422.16
999.435	3108.82
999.604	2486.23
999.773	3516.36
999.942	3307.47
1000.111	2500.57
1000.28	2643.93
1000.448	3008.47
1000.617	3002.32
1000.786	3037.14
1000.955	2494.43
1001.124	3461.07
1001.292	3755.97
1001.461	2539.48
1001.63	2471.9
1001.798	3182.54
1001.967	3190.74
1002.136	2484.19
1002.304	2461.66
1002.473	3297.23
1002.642	3119.06
1002.81	2521.05
1002.979	2424.8
1003.147	3336.14
1003.316	3319.76
1003.484	2547.67
1003.653	2447.32
1003.821	2930.64
1003.99	2856.92
1004.158	2668.5
1004.327	2637.78
1004.495	2944.98
1004.663	2750.42
1004.832	2473.95
1005	2230.24
1005.168	2852.82
1005.337	2684.89
1005.505	2172.89
1005.673	2629.59
1005.842	2985.94
1006.01	2695.13
1006.178	2236.38
1006.346	2234.33
1006.514	2602.97
1006.683	3147.73
1006.851	2101.22
1007.019	2482.14
1007.187	2539.48
1007.355	2318.3
1007.523	1984.48
1007.691	1955.81
1007.859	2375.64
1008.027	3069.91
1008.195	2027.49
1008.363	1982.43
1008.531	2654.17
1008.699	2727.89
1008.867	1857.51
1009.035	1994.72
1009.203	3084.24
1009.37	2631.64
1009.538	2107.36
1009.706	2760.66
1009.874	2525.15
1010.042	2471.9
1010.209	1787.88
1010.377	1794.02
1010.545	2617.3
1010.713	2547.67
1010.88	1918.95
1011.048	1904.61
1011.216	2381.79
1011.383	2607.06
1011.551	1912.8
1011.718	1748.97
1011.886	2537.43
1012.054	2660.31
1012.221	1660.9
1012.389	1640.42
1012.556	2299.87
1012.724	2758.61
1012.891	2023.39
1013.058	1513.45
1013.226	2394.08
1013.393	2430.94
1013.561	1497.07
1013.728	1384.43
1013.895	2637.78
1014.063	2463.71
1014.23	1564.65
1014.397	1644.52
1014.565	2410.46
1014.732	2109.41
1014.899	1593.32
1015.066	1501.16
1015.233	2240.48
1015.401	2299.87
1015.568	1546.22
1015.735	1824.74
1015.902	2441.18
1016.069	2467.8
1016.236	1603.56
1016.403	1312.75
1016.57	1896.42
1016.737	2670.55
1016.904	1538.02
1017.071	1361.9
1017.238	1775.59
1017.405	2076.64
1017.572	1538.02
1017.739	1808.36
1017.906	2633.69
1018.073	2267.1
1018.24	1269.74
1018.407	1554.41
1018.573	2136.03
1018.74	2058.21
1018.907	1382.38
1019.074	1124.33
1019.241	2129.89
1019.407	1822.69
1019.574	1196.01
1019.741	1275.88
1019.907	2234.33
1020.074	2375.64
1020.241	909.3
1020.407	964.59
1020.574	1810.4
1020.74	1890.28
1020.907	1296.36
1021.073	1241.07
1021.24	2467.8
1021.406	1955.81
1021.573	1032.18
1021.739	1357.8
1021.906	2058.21
1022.072	1800.16
1022.239	1058.8
1022.405	1259.5
1022.571	1857.51
1022.738	1859.56
1022.904	983.03
1023.07	1454.06
1023.237	1808.36
1023.403	1941.47
1023.569	1234.93
1023.735	1202.16
1023.902	1818.6
1024.068	1701.86
1024.234	897.01
1024.4	1097.71
1024.566	1568.74
1024.732	1699.81
1024.898	1130.48
1025.065	864.24
1025.231	1597.42
1025.397	1402.86
1025.563	1150.96
1025.729	1042.42
1025.895	1198.06
1026.061	1531.88
1026.227	763.89
1026.392	985.07
1026.558	1673.19
1026.724	1689.57
1026.89	1079.28
1027.056	1118.19
1027.222	1456.11
1027.388	1621.99
1027.553	1042.42
1027.719	888.82
1027.885	2043.87
1028.051	1619.94
1028.216	704.5
1028.382	788.47
1028.548	1624.04
1028.713	1478.63
1028.879	811
1029.045	1153.01
1029.21	1785.83
1029.376	1691.62
1029.541	960.5
1029.707	948.21
1029.873	1687.53
1030.038	1585.13
1030.204	827.38
1030.369	831.48
1030.534	1376.24
1030.7	1306.6
1030.865	1021.94
1031.031	665.59
1031.196	1507.31
1031.361	1429.48
1031.527	808.95
1031.692	837.62
1031.857	1167.34
1032.023	1601.51
1032.188	675.83
1032.353	833.52
1032.518	1527.78
1032.684	1292.27
1032.849	600.05
1033.014	776.18
1033.179	1279.98
1033.344	1464.3
1033.509	888.82
1033.674	821.24
1033.839	1482.73
1034.004	1486.83
1034.17	798.71
1034.335	620.53
1034.5	1339.37
1034.664	1150.96
1034.829	733.17
1034.994	915.44
1035.159	1052.66
1035.324	1357.8
1035.489	745.46
1035.654	608.25
1035.819	2054.11
1035.984	1366
1036.148	770.04
1036.313	786.42
1036.478	1439.72
1036.643	1161.2
1036.807	602.1
1036.972	464.89
1037.137	1785.83
1037.301	1118.19
1037.466	335.87
1037.631	817.14
1037.795	1349.61
1037.96	1066.99
1038.124	878.58
1038.289	534.52
1038.454	1153.01
1038.618	1388.52
1038.783	675.83
1038.947	655.35
1039.111	915.44
1039.276	1161.2
1039.44	667.64
1039.605	1384.43
1039.769	1099.76
1039.933	1101.81
1040.098	710.65
1040.262	901.11
1040.426	1308.65
1040.591	1171.44
1040.755	423.93
1040.919	481.27
1041.083	1423.34
1041.248	942.07
1041.412	311.29
1041.576	440.31
1041.74	1019.89
1041.904	1064.94
1042.068	491.51
1042.232	626.68
1042.397	1462.25
1042.561	1066.99
1042.725	161.79
1042.889	563.19
1043.053	1075.18
1043.217	1030.13
1043.381	571.38
1043.544	370.68
1043.708	1191.92
1043.872	847.86
1044.036	135.17
1044.2	260.09
1044.364	1337.32
1044.528	1243.12
1044.691	6277.02
1044.855	342.01
1045.019	1083.38
1045.183	1173.49
1045.346	540.66
1045.51	428.03
1045.674	1138.67
1045.837	989.17
1046.001	342.01
1046.165	440.31
1046.328	1566.7
1046.492	950.26
1046.655	686.07
1046.819	475.13
1046.983	870.39
1047.146	849.91
1047.31	522.23
1047.473	145.41
1047.636	825.33
1047.8	724.98
1047.963	348.15
1048.127	270.33
1048.29	645.11
