345.52	-1311.04
345.736	-1311.04
345.952	-1311.04
346.168	-1257.79
346.384	-1245.51
346.6	-235.86
346.816	-231.76
347.032	-143.7
347.248	577.19
347.464	-305.49
347.68	-268.63
347.896	-8.53
348.112	411.3
348.328	-160.08
348.544	54.95
348.76	157.35
348.975	153.26
349.191	-305.49
349.407	-375.12
349.623	194.22
349.839	155.3
350.055	-176.47
350.27	-74.07
350.486	190.12
350.702	233.13
350.918	437.92
351.133	-115.03
351.349	218.79
351.565	501.41
351.781	-399.7
351.996	-2.39
352.212	104.11
352.428	161.45
352.644	-254.29
352.859	-321.87
353.075	241.32
353.291	204.46
353.506	-125.27
353.722	-487.76
353.938	30.38
354.153	513.7
354.369	292.52
354.584	-350.54
354.8	222.89
355.016	-96.6
355.231	-401.74
355.447	-139.6
355.662	390.82
355.878	786.08
356.093	-553.29
356.309	-29.01
356.524	-63.83
356.74	472.74
356.955	-420.17
357.171	-92.5
357.386	308.9
357.602	-45.4
357.817	-92.5
358.033	-239.95
358.248	347.81
358.464	294.57
358.679	-248.15
358.895	-438.61
359.11	32.43
359.325	280.23
359.541	353.96
359.756	-39.25
359.972	-84.31
360.187	536.23
360.402	-375.12
360.618	-160.08
360.833	1664.66
361.048	186.02
361.264	-248.15
361.479	-115.03
361.694	190.12
361.909	208.55
362.125	-389.46
362.34	-143.7
362.555	382.63
362.77	241.32
362.986	-450.89
363.201	-285.01
363.416	265.89
363.631	95.91
363.847	-340.3
364.062	-239.95
364.277	196.26
364.492	79.53
364.707	-231.76
364.922	-487.76
365.138	235.18
365.353	347.81
365.568	-418.13
365.783	-278.87
365.998	378.53
366.213	540.32
366.428	-334.16
366.643	128.68
366.858	249.51
367.073	290.47
367.288	-129.36
367.503	-272.72
367.718	-8.53
367.933	433.83
368.148	-317.78
368.363	-133.46
368.578	173.74
368.793	495.27
369.008	-182.61
369.223	-368.98
369.438	343.72
369.653	280.23
369.868	-420.17
370.083	-418.13
370.298	224.94
370.513	478.88
370.728	61.1
370.943	-270.67
371.157	67.24
371.372	738.98
371.587	-428.37
371.802	-446.8
372.017	106.15
372.232	497.32
372.446	-63.83
372.661	-301.39
372.876	143.02
373.091	265.89
373.306	-229.71
373.52	-432.46
373.735	-18.77
373.95	657.06
374.165	-246.1
374.379	-215.38
374.594	67.24
374.809	489.12
375.023	22.19
375.238	-346.45
375.453	308.9
375.667	16.04
375.882	-313.68
376.097	-311.63
376.311	67.24
376.526	304.81
376.741	-371.02
376.955	169.64
377.17	431.78
377.384	1040.03
377.599	26.28
377.813	-442.7
378.028	847.52
378.242	323.24
378.457	-170.32
378.672	-393.55
378.886	-45.4
379.101	104.11
379.315	-508.24
379.53	-237.91
379.744	370.34
379.958	294.57
380.173	-239.95
380.387	-276.82
380.602	317.09
380.816	-24.92
381.031	-164.18
381.245	-270.67
381.459	188.07
381.674	1054.36
381.888	-473.42
382.103	278.18
382.317	67.24
382.531	427.68
382.746	-166.23
382.96	-239.95
383.174	54.95
383.388	644.77
383.603	71.34
383.817	-475.47
384.031	73.39
384.246	456.36
384.46	3.75
384.674	669.34
384.888	73.39
385.103	315.05
385.317	-495.95
385.531	-16.73
385.745	687.78
385.959	362.15
386.174	-336.21
386.388	-325.97
386.602	112.3
386.816	75.43
387.03	-190.8
387.244	-158.03
387.458	263.85
387.672	380.58
387.887	-444.75
388.101	-354.64
388.315	351.91
388.529	147.11
388.743	-264.53
388.957	-328.02
389.171	507.55
389.385	16.04
389.599	-321.87
389.813	-57.68
390.027	110.25
390.241	710.3
390.455	-188.75
390.669	-22.87
390.883	34.47
391.097	603.81
391.311	87.72
391.525	-213.33
391.738	427.68
391.952	417.44
392.166	-41.3
392.38	-407.89
392.594	376.48
392.808	313
393.022	-155.99
393.236	-164.18
393.449	167.59
393.663	523.94
393.877	-338.26
394.091	-155.99
394.305	173.74
394.518	97.96
394.732	-282.96
394.946	-231.76
395.16	716.45
395.373	216.74
395.587	-311.63
395.801	-307.54
396.015	415.4
396.228	315.05
396.442	-364.88
396.656	-448.85
396.869	415.4
397.083	724.64
397.297	-117.08
397.51	-211.28
397.724	267.94
397.938	138.92
398.151	-442.7
398.365	-409.94
398.578	261.8
398.792	448.16
399.005	-63.83
399.219	-321.87
399.433	235.18
399.646	462.5
399.86	3.75
400.073	239.27
400.287	226.98
400.5	274.09
400.714	36.52
400.927	-39.25
401.141	466.6
401.354	1754.77
401.567	427.68
401.781	-418.13
401.994	263.85
402.208	687.78
402.421	-63.83
402.635	-188.75
402.848	-100.69
403.061	374.44
403.275	-39.25
403.488	-344.4
403.701	442.02
403.915	607.91
404.128	1.71
404.341	-260.43
404.555	665.25
404.768	-98.64
404.981	126.63
405.195	-141.65
405.408	396.96
405.621	339.62
405.834	34.47
406.048	-248.15
406.261	452.26
406.474	415.4
406.687	-362.83
406.9	-26.96
407.114	288.42
407.327	476.84
407.54	-409.94
407.753	-475.47
407.966	-33.11
408.179	218.79
408.392	-268.63
408.605	-436.56
408.819	267.94
409.032	341.67
409.245	-239.95
409.458	104.11
409.671	306.85
409.884	329.38
410.097	-354.64
410.31	79.53
410.523	667.3
410.736	155.3
410.949	-96.6
411.162	-264.53
411.375	413.35
411.588	259.75
411.801	-26.96
412.014	-319.82
412.227	145.06
412.44	290.47
412.653	-201.04
412.865	28.33
413.078	495.27
413.291	396.96
413.504	-61.78
413.717	-330.06
413.93	464.55
414.143	34.47
414.356	1.71
414.568	-405.84
414.781	401.06
414.994	380.58
415.207	-133.46
415.42	-76.12
415.632	300.71
415.845	738.98
416.058	-377.17
416.271	-418.13
416.483	296.61
416.696	636.58
416.909	-227.67
417.121	-250.19
417.334	106.15
417.547	501.41
417.759	-303.44
417.972	-319.82
418.185	124.58
418.397	224.94
418.61	-198.99
418.823	-307.54
419.035	577.19
419.248	313
419.46	-278.87
419.673	-63.83
419.885	161.45
420.098	294.57
420.311	-264.53
420.523	-481.61
420.736	448.16
420.948	192.17
421.161	-98.64
421.373	-387.41
421.586	46.76
421.798	85.67
422.01	-430.41
422.223	-2.39
422.435	-20.82
422.648	468.64
422.86	-235.86
423.073	-233.81
423.285	276.13
423.497	36.52
423.71	-162.13
423.922	-184.66
424.134	528.03
424.347	607.91
424.559	128.68
424.771	216.74
424.984	274.09
425.196	308.9
425.408	-373.07
425.621	-360.78
425.833	429.73
426.045	552.61
426.257	-229.71
426.47	-80.21
426.682	153.26
426.894	226.98
427.106	-285.01
427.318	-129.36
427.531	202.41
427.743	317.09
427.955	-41.3
428.167	603.81
428.379	173.74
428.591	120.49
428.804	-20.82
429.016	-201.04
429.228	265.89
429.44	317.09
429.652	13460.96
429.864	-317.78
430.076	292.52
430.288	292.52
430.5	46.76
430.712	-6.49
430.924	288.42
431.136	456.36
431.348	-293.2
431.56	-239.95
431.772	63.15
431.984	-33.11
432.196	-287.06
432.408	-215.38
432.62	128.68
432.832	321.19
433.044	269.99
433.256	-90.45
433.468	444.07
433.679	1.71
433.891	-280.91
434.103	120.49
434.315	595.62
434.527	327.33
434.739	-14.68
434.95	-92.5
435.162	206.5
435.374	-102.74
435.586	-39.25
435.798	-207.19
436.009	126.63
436.221	136.87
436.433	-153.94
436.645	-182.61
436.856	95.91
437.068	556.71
437.28	-203.09
437.491	151.21
437.703	450.21
437.915	245.41
438.126	-198.99
438.338	343.72
438.55	128.68
438.761	269.99
438.973	-174.42
439.184	-168.27
439.396	177.83
439.608	157.35
439.819	-248.15
440.031	-55.64
440.242	435.88
440.454	394.92
440.665	-192.85
440.877	38.57
441.088	480.93
441.3	403.11
441.511	-385.36
441.723	-219.47
441.934	648.86
442.146	366.25
442.357	-2.39
442.569	401.06
442.78	480.93
442.991	915.1
443.203	331.43
443.414	-207.19
443.626	628.39
443.837	276.13
444.048	-270.67
444.26	-371.02
444.471	331.43
444.682	374.44
444.894	-221.52
445.105	-244.05
445.316	558.75
445.528	446.12
445.739	-43.35
445.95	20.14
446.161	329.38
446.373	396.96
446.584	-121.17
446.795	-172.37
447.006	546.47
447.217	544.42
447.429	-248.15
447.64	-330.06
447.851	1185.43
448.062	544.42
448.273	-391.5
448.484	-125.27
448.695	468.64
448.907	530.08
449.118	-106.84
449.329	278.18
449.54	153.26
449.751	245.41
449.962	-153.94
450.173	-231.76
450.384	407.2
450.595	710.3
450.806	-198.99
451.017	-31.06
451.228	652.96
451.439	405.16
451.65	-49.49
451.861	-397.65
452.072	222.89
452.283	313
452.494	130.73
452.705	-33.11
452.915	857.76
453.126	421.54
453.337	9.9
453.548	-92.5
453.759	691.87
453.97	714.4
454.181	476.84
454.391	-168.27
454.602	413.35
454.813	804.51
455.024	-26.96
455.235	-131.41
455.445	765.6
455.656	425.64
455.867	210.6
456.078	-35.16
456.288	188.07
456.499	591.52
456.71	-203.09
456.921	267.94
457.131	368.29
457.342	325.29
457.553	-72.02
457.763	54.95
457.974	360.1
458.184	521.89
458.395	-164.18
458.606	-305.49
458.816	689.82
459.027	816.8
459.237	100.01
459.448	-172.37
459.659	577.19
459.869	1341.08
460.08	-321.87
460.29	122.54
460.501	790.17
460.711	421.54
460.922	-266.58
461.132	-155.99
461.343	1250.97
461.553	224.94
461.764	-178.51
461.974	-6.49
462.184	751.26
462.395	693.92
462.605	-47.44
462.816	-205.14
463.026	673.44
463.236	562.85
463.447	-192.85
463.657	-26.96
463.867	640.67
464.078	368.29
464.288	1.71
464.498	-43.35
464.709	560.8
464.919	595.62
465.129	104.11
465.339	-92.5
465.55	497.32
465.76	804.51
465.97	-39.25
466.18	-16.73
466.391	695.97
466.601	556.71
466.811	22.19
467.021	-235.86
467.231	689.82
467.441	751.26
467.651	-72.02
467.862	-311.63
468.072	501.41
468.282	593.57
468.492	-63.83
468.702	165.54
468.912	521.89
469.122	1267.35
469.332	448.16
469.542	-51.54
469.752	1013.4
469.962	415.4
470.172	-80.21
470.382	-4.44
470.592	855.71
470.802	708.26
471.012	331.43
471.222	-18.77
471.432	552.61
471.642	638.62
471.852	243.37
472.062	-53.59
472.272	626.34
472.482	482.98
472.691	-26.96
472.901	-76.12
473.111	411.3
473.321	1064.6
473.531	7.85
473.741	253.61
473.95	751.26
474.16	745.12
474.37	253.61
474.58	-22.87
474.79	1175.19
474.999	669.34
475.209	46.76
475.419	87.72
475.628	700.06
475.838	1058.46
476.048	304.81
476.258	-102.74
476.467	904.86
476.677	579.23
476.886	579.23
477.096	204.46
477.306	591.52
477.515	855.71
477.725	392.87
477.935	349.86
478.144	1324.69
478.354	640.67
478.563	276.13
478.773	38.57
478.982	984.73
479.192	845.47
479.401	337.57
479.611	249.51
479.82	450.21
480.03	751.26
480.239	54.95
480.449	-26.96
480.658	1001.12
480.868	722.59
481.077	423.59
481.287	304.81
481.496	757.41
481.705	951.96
481.915	689.82
482.124	628.39
482.333	804.51
482.543	1197.72
482.752	523.94
482.961	231.08
483.171	988.83
483.38	710.3
483.589	356.01
483.799	337.57
484.008	781.98
484.217	716.45
484.426	464.55
484.636	269.99
484.845	886.43
485.054	607.91
485.263	917.15
485.472	390.82
485.682	958.11
485.891	841.37
486.1	171.69
486.309	349.86
486.518	1083.03
486.727	1863.31
486.936	286.37
487.146	671.39
487.355	1191.58
487.564	968.35
487.773	497.32
487.982	521.89
488.191	802.46
488.4	1250.97
488.609	460.45
488.818	489.12
489.027	1369.75
489.236	1324.69
489.445	485.03
489.654	333.48
489.863	1328.79
490.072	859.81
490.281	1072.79
490.49	595.62
490.698	1396.37
490.907	1642.13
491.116	644.77
491.325	476.84
491.534	1353.37
491.743	1029.79
491.952	609.95
492.16	648.86
492.369	1281.69
492.578	1398.42
492.787	663.2
492.996	335.53
493.204	931.48
493.413	1443.48
493.622	415.4
493.831	290.47
494.039	1543.83
494.248	951.96
494.457	585.38
494.665	343.72
494.874	1287.83
495.083	1726.1
495.291	706.21
495.5	505.51
495.709	1285.78
495.917	1144.47
496.126	872.09
496.335	517.79
496.543	1101.47
496.752	1216.15
496.96	1087.13
497.169	470.69
497.377	1121.95
497.586	1283.74
497.794	786.08
498.003	331.43
498.211	1242.78
498.42	1468.05
498.628	755.36
498.837	618.15
499.045	1242.78
499.254	1171.1
499.462	779.93
499.671	630.43
499.879	2061.96
500.087	1382.04
500.296	562.85
500.504	761.5
500.713	1246.87
500.921	1681.04
501.129	749.22
501.338	587.43
501.546	1384.09
501.754	1199.77
501.962	806.56
502.171	556.71
502.379	1312.41
502.587	1531.54
502.795	736.93
503.004	763.55
503.212	1461.91
503.42	1455.76
503.628	841.37
503.837	947.87
504.045	1330.84
504.253	1834.64
504.461	632.48
504.669	605.86
504.877	1791.63
505.085	1498.77
505.294	519.84
505.502	1078.94
505.71	1822.35
505.918	1351.32
506.126	583.33
506.334	607.91
506.542	1408.66
506.75	1404.57
506.958	1033.88
507.166	884.38
507.374	1287.83
507.582	1687.18
507.79	999.07
507.998	722.59
508.206	1609.36
508.414	1486.48
508.622	788.13
508.83	820.89
509.037	1447.57
509.245	1132.19
509.453	810.65
509.661	626.34
509.869	1676.95
510.077	1121.95
510.285	1072.79
510.492	499.36
510.7	2012.81
510.908	1250.97
511.116	939.68
511.324	769.69
511.531	1316.5
511.739	1656.47
511.947	1296.02
512.155	1304.21
512.362	1631.89
512.57	1169.05
512.778	747.17
512.985	603.81
513.193	1543.83
513.401	1830.54
513.608	1103.51
513.816	1005.21
514.024	1519.25
514.231	1683.09
514.439	913.05
514.646	894.62
514.854	1834.64
515.061	1603.22
515.269	1052.31
515.477	1001.12
515.684	1416.85
515.892	1734.29
516.099	718.5
516.307	767.65
516.514	1844.88
516.722	2025.1
516.929	919.2
517.136	892.57
517.344	1746.58
517.551	1676.95
517.759	847.52
517.966	1048.22
518.173	1480.34
518.381	1640.08
518.588	1095.32
518.796	1021.6
519.003	1799.82
519.21	1676.95
519.418	1023.64
519.625	1490.58
519.832	1640.08
520.039	1752.72
520.247	718.5
520.454	1052.31
520.661	1689.23
520.868	1681.04
521.076	1060.51
521.283	1113.75
521.49	2176.65
521.697	1750.67
521.904	1050.27
522.112	1080.99
522.319	1973.9
522.526	1717.9
522.733	1095.32
522.94	1015.45
523.147	1674.9
523.354	1611.41
523.561	882.33
523.768	1343.13
523.975	1904.27
524.183	1724.05
524.39	1423
524.597	822.94
524.804	1580.69
525.011	1431.19
525.218	1074.84
525.425	1146.52
525.632	2156.17
525.838	1459.86
526.045	997.02
526.252	1312.41
526.459	3315.32
526.666	3413.62
526.873	1033.88
527.08	1119.9
527.287	2088.59
527.494	1820.3
527.701	982.68
527.907	1066.65
528.114	1869.45
528.321	1779.34
528.528	1320.6
528.735	1072.79
528.941	1635.99
529.148	1670.8
529.355	1357.46
529.562	1193.62
529.768	2512.52
529.975	1578.64
530.182	1255.06
530.388	1269.4
530.595	1994.38
530.802	1517.2
531.008	1523.35
531.215	1228.44
531.422	2760.32
531.628	2533
531.835	1318.55
532.042	1267.35
532.248	1945.23
532.455	1975.95
532.661	1246.87
532.868	1195.67
533.074	1836.69
533.281	2168.46
533.487	1218.2
533.694	1203.86
533.9	1670.8
534.107	1705.62
534.313	1121.95
534.52	1218.2
534.726	1736.34
534.933	2424.45
535.139	1244.82
535.345	1126.04
535.552	2317.96
535.758	2090.63
535.965	1398.42
536.171	1267.35
536.377	2043.53
536.584	2526.85
536.79	1359.51
536.996	1590.93
537.203	2041.48
537.409	2350.73
537.615	1418.9
537.821	1588.88
538.028	2608.77
538.234	2010.76
538.44	1500.82
538.646	1441.43
538.853	1914.51
539.059	1857.17
539.265	1998.48
539.471	1097.37
539.677	2197.13
539.883	1928.85
540.09	3053.18
540.296	2084.49
540.502	2049.68
540.708	1939.09
540.914	1803.92
541.12	1384.09
541.326	2238.09
541.532	2188.94
541.738	1646.23
541.944	1539.73
542.15	2426.5
542.356	1863.31
542.562	1359.51
542.768	1394.33
542.974	2449.03
543.18	2285.19
543.386	1423
543.592	1240.73
543.798	2827.9
544.004	2279.05
544.21	1427.09
544.415	1685.14
544.621	2295.43
544.827	2680.45
545.033	1371.8
545.239	1920.65
545.445	2090.63
545.651	2297.48
545.856	1441.43
546.062	1425.04
546.268	2047.63
546.474	2127.5
546.679	1623.7
546.885	1457.81
547.091	2184.84
547.297	2674.31
547.502	1572.5
547.708	1343.13
547.914	2061.96
548.119	2502.28
548.325	1455.76
548.531	1488.53
548.736	2758.27
548.942	2031.24
549.147	1410.71
549.353	1891.98
549.559	2504.32
549.764	2397.83
549.97	1398.42
550.175	1595.03
550.381	2285.19
550.586	2049.68
550.792	1689.23
550.997	1609.36
551.203	2309.77
551.408	2442.89
551.614	1496.72
551.819	1447.57
552.025	2827.9
552.23	2297.48
552.435	1562.26
552.641	1992.33
552.846	2088.59
553.052	2678.4
553.257	1881.74
553.462	1638.03
553.668	2070.16
553.873	2356.87
554.078	1599.12
554.283	1578.64
554.489	2393.73
554.694	2233.99
554.899	1449.62
555.105	1861.26
555.31	2565.76
555.515	2315.91
555.72	1848.97
555.925	2834.05
556.131	2530.95
556.336	2332.3
556.541	1623.7
556.746	1533.59
556.951	2649.73
557.156	2344.58
557.361	1752.72
557.567	2008.72
557.772	2598.53
557.977	2629.25
558.182	1570.45
558.387	1623.7
558.592	2076.3
558.797	2645.63
559.002	1681.04
559.207	1840.78
559.412	2520.71
559.617	2883.2
559.822	1750.67
560.027	1543.83
560.232	2262.66
560.437	2539.14
560.642	1590.93
560.847	1695.38
561.051	2162.31
561.256	2467.46
561.461	1687.18
561.666	1531.54
561.871	2135.69
562.076	2582.15
562.281	1914.51
562.485	1656.47
562.69	2446.98
562.895	2430.6
563.1	1730.19
563.305	1582.74
563.509	2502.28
563.714	2975.36
563.919	1705.62
564.123	1736.34
564.328	2193.03
564.533	2713.22
564.737	1934.99
564.942	1656.47
565.147	2559.62
565.351	2639.49
565.556	1842.83
565.761	2023.05
565.965	2639.49
566.17	2299.53
566.374	1787.54
566.579	1676.95
566.784	2281.1
566.988	2434.69
567.193	1697.42
567.397	1922.7
567.602	2289.29
567.806	2512.52
568.011	1830.54
568.215	1922.7
568.42	2367.11
568.624	2420.36
568.828	1842.83
569.033	2119.31
569.237	2651.78
569.442	2580.1
569.646	1717.9
569.85	1744.53
570.055	2533
570.259	2459.27
570.463	2283.14
570.668	1887.89
570.872	2467.46
571.076	2358.92
571.281	2100.87
571.485	1916.56
571.689	2504.32
571.893	2645.63
572.098	2070.16
572.302	1740.43
572.506	2578.05
572.71	2711.17
572.914	1832.59
573.119	1779.34
573.323	2729.6
573.527	2778.75
573.731	1920.65
573.935	1795.73
574.139	2506.37
574.343	2348.68
574.547	1947.28
574.751	1971.85
574.955	2668.16
575.159	2676.35
575.364	1832.59
575.568	1848.97
575.772	2684.55
575.976	2619.01
576.18	1818.25
576.383	1857.17
576.587	2856.58
576.791	2526.85
576.995	1754.77
577.199	1832.59
577.403	2291.34
577.607	2569.86
577.811	1734.29
578.015	2117.26
578.219	2657.92
578.422	2719.36
578.626	2137.74
578.83	2256.52
579.034	2938.49
579.238	2766.46
579.442	1793.68
579.645	2578.05
579.849	2598.53
580.053	2883.2
580.257	2156.17
580.46	2170.51
580.664	2854.53
580.868	2813.57
581.071	2336.39
581.275	2328.2
581.479	2375.3
581.682	2840.19
581.886	1810.06
582.09	2182.79
582.293	2924.16
582.497	2821.76
582.7	2354.82
582.904	1902.22
583.107	2702.98
583.311	2760.32
583.515	2166.41
583.718	2283.14
583.922	2846.34
584.125	3438.2
584.329	2002.57
584.532	2186.89
584.735	3042.94
584.939	2782.85
585.142	1900.17
585.346	1957.52
585.549	2696.83
585.753	2717.31
585.956	2109.07
586.159	2322.06
586.363	3042.94
586.566	2834.05
586.769	2111.11
586.973	1988.24
587.176	2891.39
587.379	2778.75
587.582	2377.35
587.786	2528.9
587.989	2913.92
588.192	3751.54
588.395	2180.75
588.599	2737.79
588.802	2819.71
589.005	3016.32
589.208	2340.49
589.411	2246.28
589.615	2780.8
589.818	3016.32
590.021	2711.17
590.224	2455.17
590.427	3210.87
590.63	3036.8
590.833	2104.97
591.036	2139.79
591.239	2743.94
591.442	2567.81
591.645	2553.48
591.848	2137.74
592.051	2856.58
592.254	2909.82
592.457	2514.56
592.66	2412.17
592.863	2909.82
593.066	3118.72
593.269	2227.85
593.472	2233.99
593.675	2627.2
593.878	2741.89
594.081	2471.56
594.284	2158.22
594.486	3040.89
594.689	2868.86
594.892	2479.75
595.095	2315.91
595.298	2850.43
595.5	2612.87
595.703	2338.44
595.906	2539.14
596.109	2973.31
596.311	2954.88
596.514	2023.05
596.717	2403.97
596.92	3241.59
597.122	3184.25
597.325	1984.14
597.528	2131.59
597.73	3251.83
597.933	3157.63
598.136	2178.7
598.338	2064.01
598.541	3417.72
598.743	3268.22
598.946	2410.12
599.148	2326.15
599.351	3124.86
599.554	2979.45
599.756	2500.23
599.959	2432.65
600.161	3128.95
600.363	3436.15
600.566	2758.27
600.768	2436.74
600.971	3102.33
601.173	2926.21
601.376	2305.67
601.578	2287.24
601.78	2961.02
601.983	3675.76
602.185	2494.08
602.388	2815.62
602.59	3001.98
602.792	2934.4
602.995	2817.66
603.197	2465.41
603.399	3235.45
603.601	3407.48
603.804	2365.06
604.006	2563.72
604.208	2811.52
604.41	2637.44
604.613	2741.89
604.815	2463.37
605.017	3346.04
605.219	2854.53
605.421	3233.4
605.623	2430.6
605.826	3145.34
606.028	3624.56
606.23	2410.12
606.432	2393.73
606.634	3157.63
606.836	3278.46
607.038	2295.43
607.24	2643.59
607.442	3362.42
607.644	3225.21
607.846	2528.9
608.048	2391.69
608.25	3425.91
608.452	2827.9
608.654	2539.14
608.856	2299.53
609.058	2967.17
609.26	3214.97
609.462	2604.67
609.664	2612.87
609.866	3135.1
610.067	3053.18
610.269	2733.7
610.471	2436.74
610.673	2963.07
610.875	3165.82
611.077	2336.39
611.278	2741.89
611.48	3184.25
611.682	3415.67
611.884	2610.82
612.085	2659.97
612.287	2909.82
612.489	3049.08
612.69	2215.56
612.892	2553.48
613.094	3591.8
613.295	3073.66
613.497	2414.21
613.699	2719.36
613.9	3286.65
614.102	3143.29
614.304	2518.66
614.505	2326.15
614.707	3083.9
614.908	3339.9
615.11	2422.41
615.311	2688.64
615.513	3233.4
615.714	3040.89
615.916	2358.92
616.117	2774.66
616.319	3169.91
616.52	3192.44
616.722	2520.71
616.923	2582.15
617.124	3483.25
617.326	3333.75
617.527	2811.52
617.729	2748.03
617.93	3245.69
618.131	3184.25
618.333	2455.17
618.534	2598.53
618.735	3174.01
618.937	3397.24
619.138	2655.87
619.339	2475.65
619.54	3251.83
619.742	2971.26
619.943	2641.54
620.144	2569.86
620.345	3458.68
620.546	3108.48
620.748	2555.52
620.949	2553.48
621.15	3319.42
621.351	3260.02
621.552	2485.89
621.753	2428.55
621.954	2862.72
622.155	3610.23
622.356	2516.61
622.558	2915.97
622.759	3434.1
622.96	3694.19
623.161	2727.55
623.362	2547.33
623.563	3307.13
623.764	3221.11
623.965	2494.08
624.166	2748.03
624.366	3042.94
624.567	3378.81
624.768	2295.43
624.969	2504.32
625.17	2883.2
625.371	3047.04
625.572	2934.4
625.773	2543.24
625.973	3266.17
626.174	3505.78
626.375	2842.24
626.576	2786.94
626.777	3253.88
626.977	3526.26
627.178	2803.33
627.379	2928.25
627.58	3180.15
627.78	3176.06
627.981	2604.67
628.182	2782.85
628.382	3264.12
628.583	2946.69
628.784	2477.7
628.984	2858.62
629.185	3184.25
629.386	3430.01
629.586	2674.31
629.787	2571.91
629.987	3184.25
630.188	3229.31
630.388	2633.35
630.589	2995.84
630.79	3790.45
630.99	3147.39
631.191	2696.83
631.391	2858.62
631.591	3233.4
631.792	3393.14
631.992	2795.14
632.193	2850.43
632.393	3442.29
632.594	3235.45
632.794	2623.11
632.994	2864.77
633.195	3038.84
633.395	2946.69
633.595	2739.84
633.796	2805.38
633.996	3341.94
634.196	3446.39
634.397	2473.6
634.597	2680.45
634.797	2940.54
634.997	3626.61
635.198	3153.53
635.398	2684.55
635.598	3376.76
635.798	3257.98
635.998	3272.31
636.199	2639.49
636.399	2905.73
636.599	2956.93
636.799	2541.19
636.999	3049.08
637.199	3247.74
637.399	3610.23
637.599	2438.79
637.799	2950.78
637.999	3266.17
638.199	3491.45
638.399	2774.66
638.599	2627.2
638.799	3542.64
638.999	3511.93
639.199	2989.69
639.399	2778.75
639.599	3409.53
639.799	3223.16
639.999	2629.25
640.199	2733.7
640.399	3169.91
640.599	3579.51
640.799	2817.66
640.998	3016.32
641.198	3352.18
641.398	3356.28
641.598	2932.35
641.798	2840.19
641.997	4398.7
642.197	3090.04
642.397	3036.8
642.597	2823.81
642.796	3290.74
642.996	3372.66
643.196	3137.15
643.395	2614.91
643.595	3145.34
643.795	2979.45
643.994	2739.84
644.194	2860.67
644.394	3757.68
644.593	3407.48
644.793	2639.49
644.992	2918.01
645.192	3530.36
645.392	2987.65
645.591	2958.97
645.791	2879.1
645.99	3561.08
646.19	3122.81
646.389	2963.07
646.589	2829.95
646.788	3233.4
646.987	3235.45
647.187	3380.86
647.386	3118.72
647.586	3434.1
647.785	3700.34
647.984	2735.74
648.184	3088
648.383	3171.96
648.582	3284.6
648.782	2696.83
648.981	3038.84
649.18	3053.18
649.38	3169.91
649.579	3028.6
649.778	2836.1
649.977	3581.56
650.177	3577.46
650.376	2705.03
650.575	2733.7
650.774	3643
650.973	3190.39
651.173	2662.02
651.372	3010.17
651.571	3192.44
651.77	3585.65
651.969	2776.7
652.168	3053.18
652.367	3143.29
652.566	3350.14
652.765	2934.4
652.964	3571.32
653.163	3878.51
653.362	3266.17
653.561	2786.94
653.76	3010.17
653.959	3352.18
654.158	3483.25
654.357	3153.53
654.556	2788.99
654.755	3518.07
654.954	3380.86
655.153	2915.97
655.352	3151.48
655.551	3587.7
655.749	3270.26
655.948	2922.11
656.147	3036.8
656.346	3264.12
656.545	3417.72
656.743	3116.67
656.942	3118.72
657.141	3290.74
657.34	3159.67
657.538	2821.76
657.737	2950.78
657.936	3446.39
658.135	3231.35
658.333	3006.08
658.532	3370.62
658.731	3726.96
658.929	3628.66
659.128	3421.81
659.326	2776.7
659.525	3782.26
659.724	3657.33
659.922	2774.66
660.121	2801.28
660.319	3411.57
660.518	3161.72
660.716	3088
660.915	2760.32
661.113	3724.91
661.312	3303.03
661.51	3169.91
661.709	2840.19
661.907	3497.59
662.105	3677.81
662.304	2815.62
662.502	3126.91
662.701	3554.93
662.899	3307.13
663.097	3653.23
663.296	2956.93
663.494	3479.16
663.692	3905.14
663.891	2999.93
664.089	2791.04
664.287	3456.63
664.485	3561.08
664.684	2760.32
664.882	3098.24
665.08	3360.38
665.278	3237.5
665.476	2795.14
665.675	3243.64
665.873	3655.28
666.071	3565.17
666.269	2963.07
666.467	3442.29
666.665	3546.74
666.863	3270.26
667.061	3124.86
667.259	3020.41
667.457	3257.98
667.655	3511.93
667.853	2823.81
668.051	3159.67
668.249	3294.84
668.447	3593.84
668.645	2979.45
668.843	3325.56
669.041	3587.7
669.239	3217.02
669.437	3079.8
669.635	3120.76
669.833	3307.13
670.031	3382.9
670.229	3079.8
670.426	3176.06
670.624	3229.31
670.822	3362.42
671.02	2780.8
671.218	3112.57
671.415	3282.55
671.613	3352.18
671.811	3321.46
672.009	2799.23
672.206	3593.84
672.404	3225.21
672.602	3323.51
672.799	3204.73
672.997	3688.05
673.195	3393.14
673.392	3194.49
673.59	2864.77
673.788	3665.52
673.985	2934.4
674.183	3206.78
674.38	2883.2
674.578	3702.39
674.775	3419.77
674.973	2727.55
675.17	2889.34
675.368	3638.9
675.565	3276.41
675.763	3088
675.96	2897.53
676.158	3354.23
676.355	3634.8
676.553	2891.39
676.75	2961.02
676.947	3163.77
677.145	3184.25
677.342	3081.85
677.539	3233.4
677.737	3692.15
677.934	3751.54
678.131	3131
678.329	2924.16
678.526	4109.93
678.723	3503.73
678.92	3139.19
679.118	3176.06
679.315	3237.5
679.512	3767.92
679.709	3088
679.906	3044.99
680.104	3610.23
680.301	3368.57
680.498	2682.5
680.695	2889.34
680.892	3286.65
681.089	3417.72
681.286	3018.36
681.483	2799.23
681.68	3270.26
681.877	3362.42
682.075	2987.65
682.272	3110.52
682.469	3368.57
682.665	3374.71
682.862	2764.42
683.059	2698.88
683.256	3368.57
683.453	3280.5
683.65	3075.71
683.847	3063.42
684.044	3450.49
684.241	3217.02
684.438	2979.45
684.635	2655.87
684.831	3937.9
685.028	3655.28
685.225	2768.51
685.422	3399.29
685.619	3251.83
685.815	3145.34
686.012	3063.42
686.209	2958.97
686.405	3112.57
686.602	3268.22
686.799	2700.93
686.996	2662.02
687.192	3233.4
687.389	3948.14
687.586	2872.96
687.782	2852.48
687.979	3845.74
688.175	3462.77
688.372	2840.19
688.568	2985.6
688.765	3219.07
688.962	3387
689.158	2934.4
689.355	2559.62
689.551	3241.59
689.748	3317.37
689.944	2922.11
690.14	2782.85
690.337	3389.05
690.533	3282.55
690.73	3049.08
690.926	2852.48
691.123	3210.87
691.319	3413.62
691.515	2735.74
691.712	3188.35
691.908	3253.88
692.104	3235.45
692.301	2961.02
692.497	2590.34
692.693	3448.44
692.889	3298.94
693.086	3065.47
693.282	2598.53
693.478	3327.61
693.674	3595.89
693.87	2905.73
694.067	2678.4
694.263	3290.74
694.459	3126.91
694.655	3217.02
694.851	3055.23
695.047	3387
695.243	3438.2
695.439	2971.26
695.635	2780.8
695.831	3245.69
696.027	3186.3
696.224	2723.46
696.42	3331.7
696.615	3520.12
696.811	3546.74
697.007	2756.22
697.203	2760.32
697.399	3364.47
697.595	3358.33
697.791	2670.21
697.987	2958.97
698.183	3020.41
698.379	3069.56
698.575	2897.53
698.77	2975.36
698.966	3419.77
699.162	3552.88
699.358	2832
699.554	2950.78
699.749	3655.28
699.945	3466.87
700.141	3028.6
700.337	2909.82
700.532	3075.71
700.728	3100.28
700.924	2678.4
701.119	2541.19
701.315	3405.43
701.511	3135.1
701.706	2823.81
701.902	2588.29
702.097	3370.62
702.293	3247.74
702.489	2901.63
702.684	2815.62
702.88	3468.92
703.075	3190.39
703.271	2793.09
703.466	2606.72
703.662	3069.56
703.857	3262.07
704.053	2729.6
704.248	2975.36
704.443	3653.23
704.639	3427.96
704.834	2909.82
705.03	2735.74
705.225	3126.91
705.42	3202.68
705.616	2989.69
705.811	2827.9
706.006	3184.25
706.202	3053.18
706.397	2930.3
706.592	2573.96
706.787	3438.2
706.983	2965.12
707.178	3225.21
707.373	2946.69
707.568	3298.94
707.763	3446.39
707.959	2754.18
708.154	2963.07
708.349	3274.36
708.544	3337.85
708.739	3028.6
708.934	2584.2
709.129	3360.38
709.324	3640.95
709.519	2737.79
709.714	2743.94
709.909	3227.26
710.104	3339.9
710.299	2680.45
710.494	2875.01
710.689	3327.61
710.884	3075.71
711.079	2844.29
711.274	3083.9
711.469	3442.29
711.664	3374.71
711.859	2805.38
712.054	2817.66
712.249	3432.05
712.443	3339.9
712.638	2649.73
712.833	2614.91
713.028	3049.08
713.223	2915.97
713.417	3112.57
713.612	2492.04
713.807	3522.16
714.002	3925.61
714.196	2950.78
714.391	2834.05
714.586	3280.5
714.78	3401.33
714.975	2596.48
715.17	2791.04
715.364	3171.96
715.559	3479.16
715.754	2326.15
715.948	2500.23
716.143	3720.82
716.337	3120.76
716.532	3159.67
716.726	2856.58
716.921	3188.35
717.115	3522.16
717.31	2549.38
717.504	3804.78
717.699	3098.24
717.893	3380.86
718.088	2487.94
718.282	2537.09
718.476	2920.06
718.671	3186.3
718.865	2688.64
719.059	2717.31
719.254	2850.43
719.448	3513.97
719.642	5398.1
719.837	2389.64
720.031	4961.89
720.225	3133.05
720.419	2596.48
720.614	2657.92
720.808	3118.72
721.002	2963.07
721.196	2684.55
721.39	2606.72
721.585	3137.15
721.779	3421.81
721.973	2702.98
722.167	2442.89
722.361	3147.39
722.555	3409.53
722.749	2774.66
722.943	2782.85
723.137	2918.01
723.331	3145.34
723.525	2616.96
723.719	2698.88
723.913	3257.98
724.107	3589.75
724.301	2524.8
724.495	2694.79
724.689	3626.61
724.883	3364.47
725.077	2676.35
725.271	2594.44
725.465	3174.01
725.659	2930.3
725.853	2848.38
726.046	2406.02
726.24	2864.77
726.434	3184.25
726.628	2537.09
726.822	2563.72
727.015	3264.12
727.209	3489.4
727.403	2717.31
727.596	2455.17
727.79	3143.29
727.984	3399.29
728.177	2637.44
728.371	2672.26
728.565	3167.87
728.758	2889.34
728.952	2461.32
729.146	2504.32
729.339	3065.47
729.533	2946.69
729.726	2590.34
729.92	2315.91
730.113	3282.55
730.307	3094.14
730.5	2778.75
730.694	2573.96
730.887	2983.55
731.081	3073.66
731.274	2313.86
731.468	2606.72
731.661	3032.7
731.854	2883.2
732.048	2502.28
732.241	2518.66
732.435	2883.2
732.628	2731.65
732.821	2606.72
733.014	2451.08
733.208	2926.21
733.401	3112.57
733.594	2713.22
733.788	2514.56
733.981	3290.74
734.174	3081.85
734.367	2578.05
734.56	2635.39
734.754	3376.76
734.947	3079.8
735.14	2434.69
735.333	2651.78
735.526	3384.95
735.719	2963.07
735.912	2473.6
736.105	2479.75
736.298	3112.57
736.491	3008.12
736.684	2510.47
736.877	2520.71
737.07	3059.32
737.263	3548.79
737.456	2533
737.649	2381.45
737.842	3225.21
738.035	3245.69
738.228	2666.11
738.421	2694.79
738.614	3317.37
738.807	3122.81
739	2250.38
739.192	2573.96
739.385	3247.74
739.578	3104.38
739.771	3143.29
739.964	2598.53
740.156	3309.18
740.349	2997.88
740.542	2963.07
740.735	2426.5
740.927	2825.86
741.12	2954.88
741.313	2356.87
741.505	2821.76
741.698	3081.85
741.891	3194.49
742.083	2688.64
742.276	2475.65
742.468	3276.41
742.661	3120.76
742.854	2506.37
743.046	2514.56
743.239	3188.35
743.431	3192.44
743.624	2487.94
743.816	2266.76
744.009	2883.2
744.201	3053.18
744.393	2774.66
744.586	2250.38
744.778	3024.51
744.971	3110.52
745.163	2500.23
745.355	2791.04
745.548	3024.51
745.74	3159.67
745.932	2750.08
746.125	2563.72
746.317	3356.28
746.509	3167.87
746.702	2451.08
746.894	2582.15
747.086	3225.21
747.278	3202.68
747.471	2752.13
747.663	2684.55
747.855	3188.35
748.047	3389.05
748.239	2475.65
748.431	2483.84
748.623	3270.26
748.815	3169.91
749.008	2203.27
749.2	2500.23
749.392	3143.29
749.584	3292.79
749.776	2643.59
749.968	2811.52
750.16	3284.6
750.352	2948.73
750.544	2711.17
750.736	2340.49
750.928	3047.04
751.12	3071.61
751.311	2559.62
751.503	2522.76
751.695	3075.71
751.887	3241.59
752.079	2377.35
752.271	2440.84
752.463	3610.23
752.654	3100.28
752.846	2553.48
753.038	2375.3
753.23	2633.35
753.421	3026.56
753.613	2520.71
753.805	2875.01
753.997	2832
754.188	3255.93
754.38	2457.22
754.572	2424.45
754.763	2709.12
754.955	3061.37
755.146	2553.48
755.338	2649.73
755.53	3315.32
755.721	3012.22
755.913	2260.62
756.104	2301.58
756.296	2825.86
756.487	3198.59
756.679	2307.72
756.87	2172.55
757.062	2956.93
757.253	2889.34
757.445	2315.91
757.636	2688.64
757.827	2977.41
758.019	3550.84
758.21	2195.08
758.401	2453.13
758.593	3329.66
758.784	3274.36
758.975	2293.38
759.167	2264.71
759.358	2940.54
759.549	3346.04
759.74	2418.31
759.932	2524.8
760.123	3004.03
760.314	2958.97
760.505	2471.56
760.696	2307.72
760.888	3169.91
761.079	3059.32
761.27	2320.01
761.461	2021
761.652	3155.58
761.843	2768.51
762.034	2580.1
762.225	3241.59
762.416	3120.76
762.607	2725.51
762.798	2313.86
762.989	2430.6
763.18	4017.77
763.371	2932.35
763.562	2389.64
763.753	2514.56
763.944	2760.32
764.135	2823.81
764.326	2645.63
764.517	2438.79
764.708	3001.98
764.899	3006.08
765.089	2113.16
765.28	2129.55
765.471	2737.79
765.662	2866.81
765.853	2498.18
766.043	2279.05
766.234	2905.73
766.425	2811.52
766.615	2262.66
766.806	2127.5
766.997	2981.5
767.187	2832
767.378	2242.18
767.569	2139.79
767.759	2688.64
767.95	2442.89
768.141	2565.76
768.331	2176.65
768.522	2948.73
768.712	2920.06
768.903	2100.87
769.093	2268.81
769.284	2905.73
769.474	2907.77
769.665	2131.59
769.855	2004.62
770.046	3057.28
770.236	2860.67
770.426	2432.65
770.617	2182.79
770.807	2731.65
770.998	2915.97
771.188	2678.4
771.378	2213.51
771.569	2995.84
771.759	2629.25
771.949	1996.43
772.139	1777.3
772.33	2713.22
772.52	2721.41
772.71	2018.96
772.9	2080.39
773.09	2770.56
773.281	3069.56
773.471	2119.31
773.661	2102.92
773.851	2750.08
774.041	2854.53
774.231	1955.47
774.421	2496.13
774.611	2981.5
774.802	2891.39
774.992	2203.27
775.182	2053.77
775.372	2848.38
775.562	3026.56
775.752	2256.52
775.942	2231.94
776.131	3053.18
776.321	2784.9
776.511	2033.29
776.701	1957.52
776.891	3083.9
777.081	2637.44
777.271	2219.66
777.461	2014.86
777.651	2983.55
777.84	2731.65
778.03	2479.75
778.22	2061.96
778.41	2766.46
778.599	2592.39
778.789	2190.99
778.979	1943.18
779.169	2612.87
779.358	2399.88
779.548	2555.52
779.738	1953.42
779.927	2639.49
780.117	2221.7
780.307	2070.16
780.496	1676.95
780.686	2766.46
780.875	3268.22
781.065	1996.43
781.254	2066.06
781.444	2752.13
781.633	2549.38
781.823	1955.47
782.012	2096.78
782.202	2580.1
782.391	2492.04
782.581	1928.85
782.77	2293.38
782.96	2934.4
783.149	2283.14
783.338	2055.82
783.528	1762.96
783.717	2709.12
783.906	2842.24
784.096	2156.17
784.285	1869.45
784.474	2451.08
784.663	2502.28
784.853	1797.78
785.042	2094.73
785.231	2551.43
785.42	2664.07
785.61	2289.29
785.799	1953.42
785.988	2944.64
786.177	2395.78
786.366	2055.82
786.555	2420.36
786.744	2672.26
786.933	2485.89
787.122	1799.82
787.312	1756.82
787.501	2444.93
787.69	2672.26
787.879	2057.87
788.068	1955.47
788.257	2156.17
788.445	2719.36
788.634	1955.47
788.823	1740.43
789.012	2934.4
789.201	2842.24
789.39	2070.16
789.579	1959.56
789.768	2598.53
789.957	2479.75
790.145	1902.22
790.334	1537.68
790.523	2223.75
790.712	2350.73
790.9	1996.43
791.089	1728.14
791.278	2563.72
791.467	2608.77
791.655	2479.75
791.844	2793.09
792.033	2295.43
792.221	2363.01
792.41	1937.04
792.599	1623.7
792.787	2555.52
792.976	2571.91
793.164	1799.82
793.353	1914.51
793.541	2506.37
793.73	2707.07
793.918	1822.35
794.107	2029.2
794.295	2653.83
794.484	2438.79
794.672	1875.6
794.861	1908.37
795.049	2367.11
795.238	2819.71
795.426	1746.58
795.614	1891.98
795.803	2496.13
795.991	2793.09
796.179	1853.07
796.368	1779.34
796.556	2629.25
796.744	2313.86
796.932	1742.48
797.121	1818.25
797.309	2446.98
797.497	2543.24
797.685	1869.45
797.874	1803.92
798.062	2373.25
798.25	2776.7
798.438	1590.93
798.626	1742.48
798.814	2584.2
799.002	2702.98
799.19	1867.41
799.378	2002.57
799.566	2547.33
799.755	2797.18
799.943	2147.98
800.131	1834.64
800.318	2418.31
800.506	2449.03
800.694	1705.62
800.882	2078.35
801.07	2854.53
801.258	2567.81
801.446	2008.72
801.634	2008.72
801.822	2352.77
802.01	2557.57
802.197	1808.02
802.385	2084.49
802.573	2717.31
802.761	2303.62
802.949	1930.89
803.136	1509.01
803.324	2506.37
803.512	2332.3
803.699	2004.62
803.887	1664.66
804.075	2596.48
804.262	2315.91
804.45	1838.73
804.638	2096.78
804.825	2215.56
805.013	2250.38
805.201	1838.73
805.388	1777.3
805.576	2420.36
805.763	2637.44
805.951	1871.5
806.138	1992.33
806.326	2784.9
806.513	2492.04
806.701	1885.84
806.888	1812.11
807.075	2608.77
807.263	2766.46
807.45	1816.21
807.638	2000.52
807.825	2737.79
808.012	2688.64
808.2	2082.44
808.387	2416.26
808.574	2569.86
808.761	2754.18
808.949	1738.38
809.136	1865.36
809.323	2526.85
809.51	2539.14
809.698	2285.19
809.885	2139.79
810.072	2616.96
810.259	2688.64
810.446	1918.61
810.633	1928.85
810.82	2516.61
811.008	3016.32
811.195	2250.38
811.382	1969.8
811.569	2688.64
811.756	2297.48
811.943	1875.6
812.13	1922.7
812.317	2379.4
812.504	2268.81
812.691	1980.04
812.878	1971.85
813.064	2860.67
813.251	2465.41
813.438	1818.25
813.625	2268.81
813.812	2543.24
813.999	2377.35
814.186	2006.67
814.372	1883.79
814.559	2610.82
814.746	2846.34
814.933	1877.65
815.12	2074.25
815.306	2475.65
815.493	2231.94
815.68	1851.02
815.866	1918.61
816.053	2551.43
816.24	2823.81
816.426	2074.25
816.613	1683.09
816.799	2563.72
816.986	2897.53
817.173	1988.24
817.359	1805.97
817.546	2485.89
817.732	2145.93
817.919	1545.88
818.105	2076.3
818.292	2586.24
818.478	2535.04
818.665	2166.41
818.851	1717.9
819.037	3227.26
819.224	2600.58
819.41	1722
819.597	1920.65
819.783	3307.13
819.969	2541.19
820.156	1922.7
820.342	1769.1
820.528	3823.22
820.714	2365.06
820.901	2119.31
821.087	1783.44
821.273	2600.58
821.459	2449.03
821.646	1715.86
821.832	1678.99
822.018	2508.42
822.204	2459.27
822.39	1857.17
822.576	1687.18
822.762	2518.66
822.948	2537.09
823.134	2031.24
823.32	1814.16
823.507	2242.18
823.693	2610.82
823.879	2487.94
824.065	1744.53
824.25	2340.49
824.436	2311.82
824.622	1773.2
824.808	1722
824.994	2317.96
825.18	2320.01
825.366	1531.54
825.552	1797.78
825.738	2471.56
825.923	2629.25
826.109	2199.18
826.295	1685.14
826.481	2297.48
826.667	2256.52
826.852	2150.03
827.038	1588.88
827.224	2569.86
827.409	2633.35
827.595	1402.52
827.781	2078.35
827.966	2719.36
828.152	2754.18
828.338	1789.58
828.523	1455.76
828.709	2277
828.894	2506.37
829.08	1810.06
829.266	1672.85
829.451	2352.77
829.637	2459.27
829.822	1846.93
830.008	1728.14
830.193	2399.88
830.378	2668.16
830.564	1898.13
830.749	1631.89
830.935	2338.44
831.12	2240.14
831.305	1590.93
831.491	1871.5
831.676	1951.37
831.861	2348.68
832.047	1824.4
832.232	1633.94
832.417	2391.69
832.602	2549.38
832.788	1750.67
832.973	1564.31
833.158	2160.27
833.343	2313.86
833.528	1789.58
833.714	1758.86
833.899	2135.69
834.084	2811.52
834.269	2041.48
834.454	1668.75
834.639	2244.23
834.824	2315.91
835.009	1828.49
835.194	2080.39
835.379	2541.19
835.564	2778.75
835.749	2031.24
835.934	1504.92
836.119	2428.55
836.304	2399.88
836.489	1633.94
836.674	2084.49
836.859	2207.37
837.044	2676.35
837.228	1756.82
837.413	1564.31
837.598	2207.37
837.783	2397.83
837.968	1662.61
838.152	1662.61
838.337	1597.07
838.522	2725.51
838.707	2528.9
838.891	1982.09
839.076	2139.79
839.261	2279.05
839.445	1830.54
839.63	1891.98
839.815	2643.59
839.999	2152.07
840.184	1519.25
840.368	1570.45
840.553	2434.69
840.737	2274.95
840.922	1390.23
841.106	1412.76
841.291	1965.71
841.475	2332.3
841.66	1640.08
841.844	1601.17
842.029	2791.04
842.213	1980.04
842.397	1771.15
842.582	1345.17
842.766	2383.49
842.951	2268.81
843.135	1644.18
843.319	1660.56
843.504	2307.72
843.688	2725.51
843.872	1279.64
844.056	1529.49
844.241	2252.42
844.425	2080.39
844.609	1830.54
844.793	1457.81
844.977	2360.97
845.161	2283.14
845.346	1502.87
845.53	1543.83
845.714	2201.23
845.898	2645.63
846.082	1361.56
846.266	1633.94
846.45	2092.68
846.634	2272.9
846.818	1482.39
847.002	1799.82
847.186	2190.99
847.37	1738.38
847.554	1459.86
847.738	1838.73
847.922	2086.54
848.106	2236.04
848.29	1437.33
848.473	1537.68
848.657	2299.53
848.841	1959.56
849.025	1490.58
849.209	1312.41
849.392	2266.76
849.576	1846.93
849.76	1183.38
849.944	1777.3
850.127	2424.45
850.311	1988.24
850.495	1398.42
850.678	1257.11
850.862	2174.6
851.046	2240.14
851.229	2039.44
851.413	1425.04
851.596	2371.21
851.78	1945.23
851.964	1736.34
852.147	1566.35
852.331	2512.52
852.514	2399.88
852.698	1611.41
852.881	1363.61
853.065	2227.85
853.248	2029.2
853.431	1549.97
853.615	1762.96
853.798	2905.73
853.982	2193.03
854.165	1783.44
854.348	1400.47
854.532	1734.29
854.715	1873.55
854.898	1402.52
855.081	1384.09
855.265	2553.48
855.448	2596.48
855.631	1302.17
855.814	1353.37
855.997	2021
856.181	2135.69
856.364	1541.78
856.547	1238.68
856.73	2154.12
856.913	2233.99
857.096	1253.02
857.279	1676.95
857.462	1908.37
857.645	1996.43
857.828	1695.38
858.011	1746.58
858.194	1891.98
858.377	1955.47
858.56	1377.94
858.743	1492.63
858.926	1906.32
859.109	1980.04
859.292	1316.5
859.475	1130.14
859.658	2098.83
859.841	2129.55
860.023	1234.58
860.206	1339.03
860.389	2012.81
860.572	2086.54
860.755	1388.18
860.937	1398.42
861.12	1777.3
861.303	1908.37
861.486	1554.07
861.668	1218.2
861.851	1891.98
862.034	2115.21
862.216	1744.53
862.399	1253.02
862.581	2055.82
862.764	2152.07
862.947	1283.74
863.129	1242.78
863.312	1543.83
863.494	1957.52
863.677	1953.42
863.859	1080.99
864.042	2074.25
864.224	1943.18
864.406	1517.2
864.589	1074.84
864.771	1810.06
864.954	1681.04
865.136	1361.56
865.318	1146.52
865.501	2463.37
865.683	1463.96
865.865	1345.17
866.048	1300.12
866.23	2160.27
866.412	1789.58
866.594	1085.08
866.777	1509.01
866.959	1826.45
867.141	1703.57
867.323	1750.67
867.505	1488.53
867.687	1736.34
867.869	2010.76
868.052	1308.31
868.234	1326.74
868.416	1777.3
868.598	2057.87
868.78	1275.54
868.962	1169.05
869.144	2025.1
869.326	1863.31
869.508	1408.66
869.69	1271.45
869.872	1582.74
870.054	2283.14
870.236	908.96
870.417	1167
870.599	1803.92
870.781	2270.86
870.963	1504.92
871.145	1318.55
871.327	1646.23
871.508	2023.05
871.69	1203.86
871.872	1341.08
872.054	1752.72
872.235	1879.69
872.417	1457.81
872.599	1087.13
872.78	2459.27
872.962	1922.7
873.144	1083.03
873.325	1304.21
873.507	2147.98
873.689	1973.9
873.87	1017.5
874.052	1412.76
874.233	1760.91
874.415	2389.64
874.596	1357.46
874.778	1160.86
874.959	1910.41
875.141	2082.44
875.322	1261.21
875.503	1164.95
875.685	1760.91
875.866	1394.33
876.048	1164.95
876.229	1173.14
876.41	1697.42
876.592	1914.51
876.773	1220.25
876.954	865.95
877.136	2131.59
877.317	1760.91
877.498	1154.71
877.679	1291.93
877.86	1873.55
878.042	1746.58
878.223	1064.6
878.404	1932.94
878.585	1998.48
878.766	2346.63
878.947	1631.89
879.128	1592.98
879.309	1986.19
879.49	1969.8
879.672	1466
879.853	1293.97
880.034	1699.47
880.215	2033.29
880.396	1498.77
880.576	1132.19
880.757	1799.82
880.938	2383.49
881.119	1078.94
881.3	1267.35
881.481	1695.38
881.662	2668.16
881.843	1076.89
882.023	1046.17
882.204	2156.17
882.385	1740.43
882.566	1150.62
882.747	1207.96
882.927	1844.88
883.108	1820.3
883.289	1058.46
883.469	1556.11
883.65	1775.25
883.831	1754.77
884.011	1701.52
884.192	1308.31
884.373	1961.61
884.553	1750.67
884.734	1527.44
884.914	1928.85
885.095	3116.67
885.275	2266.76
885.456	1535.64
885.636	1119.9
885.817	1853.07
885.997	1926.8
886.178	1187.48
886.358	1318.55
886.538	1857.17
886.719	3536.5
886.899	1345.17
887.08	1336.98
887.26	2025.1
887.44	1566.35
887.621	1128.09
887.801	1463.96
887.981	2311.82
888.161	2156.17
888.342	1375.89
888.522	1375.89
888.702	2049.68
888.882	2047.63
889.062	1517.2
889.242	1009.31
889.423	2283.14
889.603	1965.71
889.783	1490.58
889.963	1336.98
890.143	1842.83
890.323	2102.92
890.503	1316.5
890.683	1361.56
890.863	1787.54
891.043	1830.54
891.223	1369.75
891.403	1527.44
891.583	1967.76
891.763	2033.29
891.943	1431.19
892.122	1586.83
892.302	1869.45
892.482	1828.49
892.662	1672.85
892.842	1494.68
893.022	1889.93
893.201	1982.09
893.381	1490.58
893.561	1132.19
893.741	2021
893.92	1674.9
894.1	1627.79
894.28	1511.06
894.459	2168.46
894.639	2012.81
894.819	1353.37
894.998	1451.67
895.178	1965.71
895.357	1791.63
895.537	1230.49
895.716	915.1
895.896	1715.86
896.075	2209.42
896.255	1314.45
896.434	997.02
896.614	2338.44
896.793	2092.68
896.973	1515.16
897.152	1357.46
897.331	1681.04
897.511	1943.18
897.69	1185.43
897.87	1414.81
898.049	1828.49
898.228	1719.95
898.407	1570.45
898.587	1463.96
898.766	1586.83
898.945	1978
899.124	1777.3
899.304	1375.89
899.483	2047.63
899.662	2258.57
899.841	1367.7
900.02	1212.06
900.199	1908.37
900.378	1937.04
900.557	1210.01
900.737	1107.61
900.916	1711.76
901.095	1793.68
901.274	1599.12
901.453	859.81
901.632	1511.06
901.811	1500.82
901.989	1107.61
902.168	1144.47
902.347	1853.07
902.526	1629.84
902.705	1277.59
902.884	1423
903.063	2088.59
903.242	1900.17
903.42	990.88
903.599	1500.82
903.778	1881.74
903.957	2064.01
904.135	1439.38
904.314	1302.17
904.493	1758.86
904.672	1466
904.85	1228.44
905.029	1230.49
905.207	1635.99
905.386	2221.7
905.565	900.76
905.743	1091.23
905.922	1828.49
906.1	1695.38
906.279	865.95
906.457	1111.71
906.636	1635.99
906.814	1601.17
906.993	1154.71
907.171	900.76
907.35	1539.73
907.528	2080.39
907.707	1373.85
907.885	892.57
908.063	1906.32
908.242	1316.5
908.42	1031.83
908.598	824.99
908.777	1646.23
908.955	1361.56
909.133	1289.88
909.311	863.9
909.49	1425.04
909.668	1429.14
909.846	990.88
910.024	808.61
910.202	1420.95
910.38	1715.86
910.559	898.72
910.737	1056.41
910.915	1517.2
911.093	1562.26
911.271	1056.41
911.449	1160.86
911.627	1633.94
911.805	2309.77
911.983	1021.6
912.161	857.76
912.339	1504.92
912.517	1867.41
912.695	1296.02
912.872	1199.77
913.05	1750.67
913.228	1738.38
913.406	1242.78
913.584	925.34
913.762	1830.54
913.939	1646.23
914.117	1019.55
914.295	958.11
914.473	1533.59
914.65	1865.36
914.828	1013.4
915.006	1121.95
915.184	1357.46
915.361	1621.65
915.539	1336.98
915.716	1490.58
915.894	1715.86
916.072	1758.86
916.249	1586.83
916.427	1330.84
916.604	1443.48
916.782	1689.23
916.959	962.2
917.137	999.07
917.314	1504.92
917.492	1617.55
917.669	1328.79
917.847	1210.01
918.024	1523.35
918.201	1259.16
918.379	1087.13
918.556	1171.1
918.733	1584.79
918.911	1394.33
919.088	1314.45
919.265	1050.27
919.442	1537.68
919.62	1652.37
919.797	1068.7
919.974	915.1
920.151	1777.3
920.328	1533.59
920.506	968.35
920.683	1490.58
920.86	1273.5
921.037	1488.53
921.214	1175.19
921.391	939.68
921.568	1588.88
921.745	1466
921.922	1138.33
922.099	1087.13
922.276	1515.16
922.453	1451.67
922.63	1029.79
922.807	1384.09
922.984	1590.93
923.161	1326.74
923.338	1128.09
923.514	980.64
923.691	1701.52
923.868	1644.18
924.045	1033.88
924.222	921.24
924.399	1353.37
924.575	1496.72
924.752	1035.93
924.929	1048.22
925.105	1386.13
925.282	1263.26
925.459	1246.87
925.635	1154.71
925.812	1603.22
925.989	1420.95
926.165	1164.95
926.342	835.23
926.518	1296.02
926.695	1300.12
926.871	908.96
927.048	892.57
927.224	1658.51
927.401	1144.47
927.577	1160.86
927.754	734.88
927.93	1662.61
928.107	1605.27
928.283	781.98
928.459	1222.3
928.636	1554.07
928.812	1509.01
928.988	915.1
929.165	634.53
929.341	1257.11
929.517	1347.22
929.693	1437.33
929.87	730.78
930.046	1468.05
930.222	1271.45
930.398	761.5
930.574	1072.79
930.751	1156.76
930.927	1240.73
931.103	911
931.279	911
931.455	1210.01
931.631	1474.2
931.807	753.31
931.983	673.44
932.159	1068.7
932.335	1224.34
932.511	759.46
932.687	898.72
932.863	1091.23
933.039	1302.17
933.215	650.91
933.391	669.34
933.566	1347.22
933.742	1261.21
933.918	759.46
934.094	540.32
934.27	1199.77
934.445	1148.57
934.621	927.39
934.797	667.3
934.973	1255.06
935.148	1005.21
935.324	622.24
935.5	474.79
935.675	1355.41
935.851	1261.21
936.027	888.48
936.202	863.9
936.378	1330.84
936.553	984.73
936.729	1451.67
936.904	605.86
937.08	935.58
937.255	853.66
937.431	603.81
937.606	521.89
937.782	906.91
937.957	1244.82
938.133	650.91
938.308	638.62
938.483	986.78
938.659	831.13
938.834	726.69
939.009	429.73
939.185	1056.41
939.36	741.02
939.535	104.11
939.71	693.92
939.886	1300.12
940.061	880.29
940.236	1089.18
940.411	556.71
940.586	1009.31
940.761	1062.55
940.937	626.34
941.112	327.33
941.287	857.76
941.462	726.69
941.637	267.94
941.812	487.08
941.987	761.5
942.162	716.45
942.337	540.32
942.512	331.43
942.687	1156.76
942.862	833.18
943.037	128.68
943.212	-43.35
943.386	517.79
943.561	743.07
943.736	540.32
943.911	1046.17
944.086	1056.41
944.26	775.84
944.435	390.82
944.61	726.69
944.785	843.42
944.959	1365.65
945.134	446.12
945.309	313
945.483	478.88
945.658	931.48
945.833	87.72
946.007	126.63
946.182	1146.52
946.357	595.62
946.531	239.27
946.706	310.95
946.88	425.64
947.055	865.95
947.229	374.44
947.404	317.09
947.578	929.44
947.752	798.37
947.927	212.65
948.101	188.07
948.276	1203.86
948.45	929.44
948.624	734.88
948.799	202.41
948.973	738.98
949.147	573.09
949.321	345.77
949.496	378.53
949.67	1107.61
949.844	628.39
950.018	427.68
950.193	308.9
950.367	1388.18
950.541	722.59
950.715	431.78
950.889	616.1
951.063	738.98
951.237	890.53
951.411	218.79
951.585	206.5
951.759	917.15
951.933	884.38
952.107	239.27
952.281	605.86
952.455	1078.94
952.629	917.15
952.803	284.33
952.977	366.25
953.151	931.48
953.325	687.78
953.499	513.7
953.672	192.17
953.846	575.14
954.02	771.74
954.194	384.68
954.368	308.9
954.541	978.59
954.715	894.62
954.889	452.26
955.062	241.32
955.236	568.99
955.41	775.84
955.583	550.56
955.757	169.64
955.93	798.37
956.104	573.09
956.278	353.96
956.451	360.1
956.625	919.2
956.798	1171.1
956.972	812.7
957.145	272.04
957.319	1244.82
957.492	845.47
957.665	661.15
957.839	214.7
958.012	835.23
958.185	624.29
958.359	439.97
958.532	616.1
958.705	741.02
958.879	687.78
959.052	607.91
959.225	169.64
959.398	894.62
959.572	935.58
959.745	253.61
959.918	364.2
960.091	868
960.264	949.92
960.438	216.74
960.611	163.5
960.784	1042.07
960.957	538.27
961.13	1015.45
961.303	229.03
961.476	728.74
961.649	1212.06
961.822	278.18
961.995	468.64
962.168	763.55
962.341	1011.36
962.514	403.11
962.686	325.29
962.859	765.6
963.032	868
963.205	417.44
963.378	69.29
963.551	841.37
963.723	689.82
963.896	554.66
964.069	638.62
964.242	763.55
964.414	1324.69
964.587	538.27
964.76	542.37
964.932	847.52
965.105	773.79
965.278	388.77
965.45	259.75
965.623	960.16
965.795	956.06
965.968	370.34
966.14	278.18
966.313	824.99
966.485	855.71
966.658	376.48
966.83	302.76
967.003	1001.12
967.175	898.72
967.348	341.67
967.52	308.9
967.692	1158.81
967.865	1029.79
968.037	419.49
968.209	806.56
968.382	949.92
968.554	1001.12
968.726	429.73
968.898	298.66
969.071	1146.52
969.243	839.33
969.415	372.39
969.587	601.76
969.759	1109.66
969.932	751.26
970.104	495.27
970.276	89.77
970.448	648.86
970.62	607.91
970.792	550.56
970.964	485.03
971.136	1218.2
971.308	917.15
971.48	171.69
971.652	356.01
971.824	1009.31
971.996	806.56
972.168	413.35
972.339	390.82
972.511	833.18
972.683	779.93
972.855	663.2
973.027	284.33
973.199	1076.89
973.37	911
973.542	554.66
973.714	603.81
973.886	542.37
974.057	980.64
974.229	216.74
974.401	300.71
974.572	620.19
974.744	517.79
974.915	229.03
975.087	333.48
975.259	1173.14
975.43	538.27
975.602	302.76
975.773	259.75
975.945	644.77
976.116	898.72
976.288	292.52
976.459	597.67
976.63	575.14
976.802	792.22
976.973	145.06
977.145	661.15
977.316	1336.98
977.487	1062.55
977.659	341.67
977.83	497.32
978.001	1119.9
978.172	929.44
978.344	188.07
978.515	448.16
978.686	616.1
978.857	1164.95
979.028	261.8
979.2	198.31
979.371	1105.56
979.542	665.25
979.713	525.99
979.884	-59.73
980.055	663.2
980.226	734.88
980.397	290.47
980.568	286.37
980.739	947.87
980.91	540.32
981.081	597.67
981.252	210.6
981.423	683.68
981.594	743.07
981.765	269.99
981.936	554.66
982.106	648.86
982.277	1080.99
982.448	202.41
982.619	581.28
982.79	442.02
982.96	730.78
983.131	493.22
983.302	-6.49
983.472	636.58
983.643	761.5
983.814	497.32
983.984	206.5
984.155	644.77
984.326	779.93
984.496	439.97
984.667	321.19
984.837	333.48
985.008	1044.12
985.178	710.3
985.349	313
985.519	550.56
985.69	448.16
985.86	300.71
986.031	138.92
986.201	736.93
986.371	665.25
986.542	54.95
986.712	20.14
986.882	779.93
987.053	693.92
987.223	83.63
987.393	693.92
987.563	476.84
987.734	804.51
987.904	802.46
988.074	194.22
988.244	343.72
988.414	585.38
988.585	46.76
988.755	407.2
988.925	525.99
989.095	1076.89
989.265	97.96
989.435	351.91
989.605	794.27
989.775	956.06
989.945	601.76
990.115	93.87
990.285	630.43
990.455	714.4
990.625	364.2
990.795	138.92
990.965	1025.69
991.134	503.46
991.304	138.92
991.474	93.87
991.644	650.91
991.814	962.2
991.984	-49.49
992.153	173.74
992.323	462.5
992.493	743.07
992.662	-26.96
992.832	468.64
993.002	511.65
993.171	796.32
993.341	-98.64
993.511	143.02
993.68	374.44
993.85	722.59
994.019	-39.25
994.189	-0.34
994.358	632.48
994.528	507.55
994.697	-223.57
994.867	26.28
995.036	880.29
995.206	341.67
995.375	26.28
995.544	437.92
995.714	929.44
995.883	603.81
996.052	458.4
996.222	-170.32
996.391	868
996.56	644.77
996.73	81.58
996.899	-80.21
997.068	808.61
997.237	616.1
997.406	-47.44
997.576	-254.29
997.745	1021.6
997.914	474.79
998.083	-282.96
998.252	50.86
998.421	738.98
998.59	251.56
998.759	-22.87
998.928	-192.85
999.097	827.04
999.266	597.67
999.435	310.95
999.604	-207.19
999.773	876.19
999.942	532.13
1000.111	-235.86
1000.28	-131.41
1000.448	341.67
1000.617	368.29
1000.786	407.2
1000.955	-235.86
1001.124	835.23
1001.292	1160.86
1001.461	-0.34
1001.63	-98.64
1001.798	716.45
1001.967	612
1002.136	-123.22
1002.304	-172.37
1002.473	763.55
1002.642	452.26
1002.81	-4.44
1002.979	-6.49
1003.147	804.51
1003.316	849.57
1003.484	-43.35
1003.653	5.8
1003.821	573.09
1003.99	439.97
1004.158	327.33
1004.327	159.4
1004.495	556.71
1004.663	499.36
1004.832	239.27
1005	-196.95
1005.168	560.8
1005.337	413.35
1005.505	-254.29
1005.673	390.82
1005.842	673.44
1006.01	372.39
1006.178	-229.71
1006.346	28.33
1006.514	378.53
1006.683	1003.16
1006.851	-57.68
1007.019	220.84
1007.187	341.67
1007.355	102.06
1007.523	-340.3
1007.691	-225.62
1007.859	300.71
1008.027	966.3
1008.195	-65.88
1008.363	-194.9
1008.531	339.62
1008.699	583.33
1008.867	-289.1
1009.035	-92.5
1009.203	929.44
1009.37	403.11
1009.538	-43.35
1009.706	763.55
1009.874	480.93
1010.042	513.7
1010.209	-237.91
1010.377	-155.99
1010.545	507.55
1010.713	499.36
1010.88	-155.99
1011.048	-88.4
1011.216	419.49
1011.383	720.54
1011.551	-80.21
1011.718	-252.24
1011.886	552.61
1012.054	685.73
1012.221	-198.99
1012.389	-149.84
1012.556	491.17
1012.724	784.03
1012.891	28.33
1013.058	-321.87
1013.226	575.14
1013.393	548.51
1013.561	-268.63
1013.728	-323.92
1013.895	788.13
1014.063	464.55
1014.23	-368.98
1014.397	-8.53
1014.565	650.91
1014.732	288.42
1014.899	-332.11
1015.066	-293.2
1015.233	564.9
1015.401	603.81
1015.568	-92.5
1015.735	149.16
1015.902	657.06
1016.069	757.41
1016.236	-112.98
1016.403	-315.73
1016.57	194.22
1016.737	888.48
1016.904	-43.35
1017.071	-325.97
1017.238	255.65
1017.405	460.45
1017.572	-149.84
1017.739	226.98
1017.906	1007.26
1018.073	710.3
1018.24	-287.06
1018.407	-117.08
1018.573	509.6
1018.74	462.5
1018.907	-67.92
1019.074	-362.83
1019.241	552.61
1019.407	458.4
1019.574	-282.96
1019.741	-260.43
1019.907	741.02
1020.074	863.9
1020.241	-469.33
1020.407	-399.7
1020.574	247.46
1020.74	333.48
1020.907	-162.13
1021.073	-231.76
1021.24	1119.9
1021.406	550.56
1021.573	-307.54
1021.739	-209.23
1021.906	747.17
1022.072	429.73
1022.239	-155.99
1022.405	-117.08
1022.571	532.13
1022.738	419.49
1022.904	-262.48
1023.07	-35.16
1023.237	435.88
1023.403	726.69
1023.569	-194.9
1023.735	-88.4
1023.902	622.24
1024.068	495.27
1024.234	-368.98
1024.4	-219.47
1024.566	351.91
1024.732	411.3
1024.898	-158.03
1025.065	-444.75
1025.231	386.72
1025.397	226.98
1025.563	-102.74
1025.729	-285.01
1025.895	54.95
1026.061	181.93
1026.227	-405.84
1026.392	-176.47
1026.558	423.59
1026.724	593.57
1026.89	-252.24
1027.056	-78.16
1027.222	237.22
1027.388	513.7
1027.553	-211.28
1027.719	-256.34
1027.885	738.98
1028.051	353.96
1028.216	-477.52
1028.382	-155.99
1028.548	442.02
1028.713	317.09
1028.879	-389.46
1029.045	22.19
1029.21	657.06
1029.376	560.8
1029.541	-164.18
1029.707	-149.84
1029.873	568.99
1030.038	528.03
1030.204	-176.47
1030.369	-231.76
1030.534	505.51
1030.7	237.22
1030.865	-162.13
1031.031	-258.39
1031.196	349.86
1031.361	358.05
1031.527	-239.95
1031.692	-237.91
1031.857	233.13
1032.023	603.81
1032.188	-244.05
1032.353	-174.42
1032.518	554.66
1032.684	327.33
1032.849	-481.61
1033.014	-139.6
1033.179	272.04
1033.344	403.11
1033.509	-37.2
1033.674	-229.71
1033.839	392.87
1034.004	464.55
1034.17	-137.56
1034.335	-371.02
1034.5	343.72
1034.664	175.78
1034.829	-248.15
1034.994	-141.65
1035.159	218.79
1035.324	525.99
1035.489	-196.95
1035.654	-280.91
1035.819	1048.22
1035.984	439.97
1036.148	-176.47
1036.313	-186.71
1036.478	562.85
1036.643	288.42
1036.807	-270.67
1036.972	-340.3
1037.137	906.91
1037.301	310.95
1037.466	-483.66
1037.631	5.8
1037.795	554.66
1037.96	269.99
1038.124	57
1038.289	-311.63
1038.454	431.78
1038.618	546.47
1038.783	-74.07
1038.947	-37.2
1039.111	183.98
1039.276	358.05
1039.44	-266.58
1039.605	579.23
1039.769	382.63
1039.933	423.59
1040.098	-102.74
1040.262	161.45
1040.426	448.16
1040.591	370.34
1040.755	-217.43
1040.919	-299.34
1041.083	765.6
1041.248	267.94
1041.412	-448.85
1041.576	-368.98
1041.74	208.55
1041.904	394.92
1042.068	-319.82
1042.232	-74.07
1042.397	718.5
1042.561	417.44
1042.725	-561.48
1042.889	-170.32
1043.053	360.1
1043.217	353.96
1043.381	-248.15
1043.544	-373.07
1043.708	435.88
1043.872	147.11
1044.036	-530.77
1044.2	-403.79
1044.364	628.39
1044.528	642.72
1044.691	7757.36
1044.855	-338.26
1045.019	413.35
1045.183	532.13
1045.346	-190.8
1045.51	-371.02
1045.674	558.75
1045.837	341.67
1046.001	-237.91
1046.165	-231.76
1046.328	820.89
1046.492	276.13
1046.655	140.97
1046.819	-123.22
1046.983	210.6
1047.146	226.98
1047.31	-108.88
1047.473	-422.22
1047.636	253.61
1047.8	188.07
1047.963	-149.84
1048.127	-403.79
1048.29	171.69
