345.52	-1292.95
345.736	-1292.95
345.952	-1292.95
346.168	-1305.24
346.384	-1295
346.6	-197.29
346.816	-336.55
347.032	-189.1
347.248	499.02
347.464	-303.78
347.68	-197.29
347.896	-10.92
348.112	394.58
348.328	-123.56
348.544	54.61
348.76	232.79
348.975	177.49
349.191	-420.52
349.407	-410.28
349.623	222.55
349.839	128.34
350.055	-197.29
350.27	-10.92
350.486	212.31
350.702	300.37
350.918	324.94
351.133	-43.69
351.349	265.55
351.565	615.76
351.781	-352.93
351.996	27.99
352.212	185.68
352.428	152.92
352.644	-279.21
352.859	-234.15
353.075	357.71
353.291	71
353.506	-168.62
353.722	-352.93
353.938	-2.73
354.153	443.73
354.369	294.22
354.584	-223.91
354.8	324.94
355.016	21.85
355.231	-449.19
355.447	-66.22
355.662	443.73
355.878	832.84
356.093	-395.94
356.309	-55.98
356.524	-49.83
356.74	662.86
356.955	-326.31
357.171	-4.78
357.386	288.08
357.602	7.51
357.817	-72.36
358.033	-135.85
358.248	447.82
358.464	472.4
358.679	-191.14
358.895	-428.71
359.11	179.54
359.325	296.27
359.541	171.35
359.756	5.46
359.972	-150.18
360.187	529.74
360.402	-271.01
360.618	-295.59
360.833	1664.32
361.048	222.55
361.264	-185
361.479	-2.73
361.694	298.32
361.909	304.46
362.125	-271.01
362.34	-117.42
362.555	374.1
362.77	310.61
362.986	-283.3
363.201	-191.14
363.416	322.9
363.631	95.57
363.847	-289.45
364.062	-135.85
364.277	185.68
364.492	-6.83
364.707	-103.08
364.922	-393.89
365.138	345.42
365.353	408.91
365.568	-434.85
365.783	-135.85
365.998	472.4
366.213	619.85
366.428	-197.29
366.643	247.12
366.858	378.19
367.073	357.71
367.288	-123.56
367.503	-174.76
367.718	77.14
367.933	472.4
368.148	-223.91
368.363	-15.02
368.578	296.27
368.793	687.43
369.008	1.37
369.223	-320.17
369.438	402.77
369.653	267.6
369.868	-250.53
370.083	-289.45
370.298	320.85
370.513	611.66
370.728	232.79
370.943	-178.86
371.157	107.86
371.372	830.79
371.587	-330.41
371.802	-330.41
372.017	214.35
372.232	599.37
372.446	75.09
372.661	-182.95
372.876	288.08
373.091	437.58
373.306	-64.17
373.52	-342.69
373.735	140.63
373.95	626
374.165	-156.33
374.379	-187.05
374.594	132.44
374.809	566.6
375.023	95.57
375.238	-213.67
375.453	431.44
375.667	36.18
375.882	-109.22
376.097	-199.34
376.311	111.96
376.526	406.86
376.741	-256.68
376.955	384.34
377.17	654.67
377.384	1185.09
377.599	220.5
377.813	-334.5
378.028	972.1
378.242	480.59
378.457	38.23
378.672	-260.77
378.886	150.87
379.101	236.88
379.315	-314.02
379.53	-84.65
379.744	509.26
379.958	478.54
380.173	-213.67
380.387	-174.76
380.602	372.05
380.816	85.33
381.031	-15.02
381.245	-68.27
381.459	333.14
381.674	2528.56
381.888	-367.27
382.103	501.07
382.317	216.4
382.531	628.04
382.746	91.48
382.96	-117.42
383.174	308.56
383.388	922.95
383.603	277.84
383.817	-273.06
384.031	222.55
384.246	677.2
384.46	157.01
384.674	861.51
384.888	144.72
385.103	517.45
385.317	-230.06
385.531	279.89
385.745	957.77
385.959	466.25
386.174	-27.31
386.388	-49.83
386.602	331.09
386.816	218.45
387.03	38.23
387.244	79.19
387.458	482.64
387.672	599.37
387.887	-287.4
388.101	-101.03
388.315	562.51
388.529	341.33
388.743	-180.9
388.957	-68.27
389.171	697.67
389.385	329.04
389.599	-107.18
389.813	210.26
390.027	431.44
390.241	1004.87
390.455	-33.45
390.669	157.01
390.883	275.79
391.097	904.52
391.311	406.86
391.525	-35.5
391.738	755.02
391.952	841.03
392.166	224.59
392.38	-176.81
392.594	687.43
392.808	611.66
393.022	222.55
393.236	95.57
393.449	595.28
393.663	828.74
393.877	-39.59
394.091	97.62
394.305	408.91
394.518	402.77
394.732	-58.03
394.946	144.72
395.16	1013.06
395.373	488.78
395.587	-4.78
395.801	114
396.015	646.48
396.228	617.8
396.442	-90.79
396.656	-219.82
396.869	703.82
397.083	1144.13
397.297	107.86
397.51	54.61
397.724	601.42
397.938	513.36
398.151	-154.28
398.365	-31.4
398.578	763.21
398.792	918.86
399.005	478.54
399.219	81.24
399.433	531.79
399.646	777.55
399.86	488.78
400.073	533.84
400.287	695.63
400.5	521.55
400.714	429.39
400.927	267.6
401.141	892.23
401.354	2088.25
401.567	894.28
401.781	-33.45
401.994	714.06
402.208	1101.12
402.421	329.04
402.635	275.79
402.848	394.58
403.061	746.83
403.275	275.79
403.488	159.06
403.701	943.43
403.915	937.29
404.128	595.28
404.341	236.88
404.555	1199.43
404.768	507.21
404.981	576.84
405.195	281.94
405.408	984.39
405.621	826.7
405.834	527.69
406.048	128.34
406.261	941.38
406.474	892.23
406.687	265.55
406.9	337.23
407.114	789.83
407.327	1019.21
407.54	138.58
407.753	68.95
407.966	413.01
408.179	763.21
408.392	310.61
408.605	177.49
408.819	888.14
409.032	976.2
409.245	349.52
409.458	701.77
409.671	734.54
409.884	904.52
410.097	253.27
410.31	595.28
410.523	1166.66
410.736	685.39
410.949	542.03
411.162	357.71
411.375	886.09
411.588	814.41
411.801	552.27
412.014	306.51
412.227	660.81
412.44	843.08
412.653	474.45
412.865	701.77
413.078	1162.56
413.291	976.2
413.504	621.9
413.717	324.94
413.93	1150.28
414.143	658.76
414.356	636.24
414.568	275.79
414.781	1019.21
414.994	968.01
415.207	621.9
415.42	570.7
415.632	943.43
415.845	1412.42
416.058	292.18
416.271	335.18
416.483	1006.92
416.696	1258.82
416.909	382.29
417.121	443.73
417.334	824.65
417.547	1303.87
417.759	365.9
417.972	492.88
418.185	859.46
418.397	1056.07
418.61	626
418.823	652.62
419.035	1320.26
419.248	1021.25
419.46	644.43
419.673	718.15
419.885	814.41
420.098	1041.73
420.311	591.18
420.523	320.85
420.736	1228.1
420.948	1111.36
421.161	556.36
421.373	398.67
421.586	750.92
421.798	894.28
422.01	404.82
422.223	791.88
422.435	765.26
422.648	1301.83
422.86	546.13
423.073	587.08
423.285	1068.36
423.497	748.87
423.71	570.7
423.922	669
424.134	1418.56
424.347	1529.15
424.559	1006.92
424.771	1082.69
424.984	1277.25
425.196	1226.05
425.408	566.6
425.621	542.03
425.833	1324.35
426.045	1578.3
426.257	648.52
426.47	920.9
426.682	1172.8
426.894	1146.18
427.106	673.1
427.318	886.09
427.531	1062.21
427.743	1307.97
427.955	1029.45
428.167	1543.49
428.379	1084.74
428.591	1183.04
428.804	1027.4
429.016	798.03
429.228	1373.5
429.44	1402.18
429.652	14449.78
429.864	669
430.076	1346.88
430.288	1439.04
430.5	1029.45
430.712	1148.23
430.924	1420.61
431.136	1541.44
431.348	816.46
431.56	980.29
431.772	1267.01
431.984	1178.95
432.196	845.13
432.408	1043.78
432.62	1361.22
432.832	1590.59
433.044	1520.96
433.256	1094.98
433.468	1619.26
433.679	1291.59
433.891	980.29
434.103	1359.17
434.315	1908.02
434.527	1666.36
434.739	1316.16
434.95	1207.62
435.162	1613.12
435.374	1234.24
435.586	1221.95
435.798	1115.46
436.009	1504.57
436.221	1641.79
436.433	1256.77
436.645	1131.84
436.856	1643.84
437.068	1934.65
437.28	1072.45
437.491	1590.59
437.703	1877.3
437.915	1631.55
438.126	1318.21
438.338	1725.76
438.55	1670.46
438.761	1701.18
438.973	1262.91
439.184	1371.46
439.396	1717.56
439.608	1701.18
439.819	1299.78
440.031	1340.74
440.242	1975.61
440.454	1998.13
440.665	1375.55
440.877	1654.08
441.088	2067.77
441.3	1862.97
441.511	1172.8
441.723	1389.89
441.934	2235.7
442.146	2075.96
442.357	1604.92
442.569	2131.25
442.78	2071.86
442.991	2497.84
443.203	2022.71
443.414	1516.86
443.626	2315.57
443.837	1910.07
444.048	1543.49
444.26	1324.35
444.471	2090.29
444.682	2084.15
444.894	1482.05
445.105	1463.62
445.316	2397.49
445.528	2168.12
445.739	1600.83
445.95	1803.58
446.161	2030.9
446.373	1985.85
446.584	1627.45
446.795	1629.5
447.006	2383.15
447.217	2426.16
447.429	1516.86
447.64	1496.38
447.851	2932.01
448.062	2354.48
448.273	1291.59
448.484	1654.08
448.695	2362.67
448.907	2266.42
449.118	1815.87
449.329	2114.87
449.54	2127.16
449.751	2153.78
449.962	1770.81
450.173	1652.03
450.384	2403.63
450.595	2626.86
450.806	1908.02
451.017	1969.46
451.228	2647.34
451.439	2454.83
451.65	1979.7
451.861	1570.11
452.072	2215.22
452.283	2284.85
452.494	2225.46
452.705	1893.69
452.915	3020.07
453.126	2587.95
453.337	2241.84
453.548	1893.69
453.759	3007.78
453.97	2778.41
454.181	2598.19
454.391	2071.86
454.602	2592.05
454.813	3030.31
455.024	2368.82
455.235	2059.57
455.445	2903.34
455.656	2594.09
455.867	2477.36
456.078	2331.95
456.288	2518.32
456.499	2905.38
456.71	2075.96
456.921	2575.66
457.131	2774.32
457.342	2786.6
457.553	2497.84
457.763	2424.11
457.974	2794.79
458.184	2985.26
458.395	2417.97
458.606	2217.27
458.816	3261.73
459.027	3374.37
459.237	2590
459.448	2563.37
459.659	3142.95
459.869	4087.06
460.08	2286.9
460.29	2854.19
460.501	3407.14
460.711	3263.78
460.922	2389.3
461.132	2743.6
461.343	3945.75
461.553	3177.76
461.764	2532.65
461.974	2856.23
462.184	3562.78
462.395	3577.12
462.605	2813.23
462.816	2606.38
463.026	3642.65
463.236	3618.08
463.447	2809.13
463.657	2901.29
463.867	3857.69
464.078	3509.54
464.288	3126.57
464.498	3118.37
464.709	3538.21
464.919	3679.52
465.129	3251.49
465.339	3052.84
465.55	3743
465.76	3986.71
465.97	3286.31
466.18	3329.31
466.391	4183.32
466.601	3937.56
466.811	3685.66
467.021	3173.67
467.231	4138.26
467.441	4177.17
467.651	3630.37
467.862	3331.36
468.072	4191.51
468.282	4318.48
468.492	3384.61
468.702	3992.86
468.912	4551.95
469.122	5158.15
469.332	4269.33
469.542	3734.81
469.752	4955.4
469.962	4611.34
470.172	3888.41
470.382	4033.82
470.592	4904.2
470.802	4816.14
471.012	4531.47
471.222	4396.31
471.432	4838.67
471.642	5098.76
471.852	4697.36
472.062	4388.11
472.272	5090.57
472.482	4896.01
472.691	4709.65
472.901	4359.44
473.111	5070.09
473.321	5778.69
473.531	4674.83
473.741	5010.7
473.95	5674.24
474.16	5594.37
474.37	5379.33
474.58	4893.96
474.79	6376.69
474.999	5750.01
475.209	5219.59
475.419	5428.48
475.628	6079.74
475.838	6552.82
476.048	5680.38
476.258	5317.89
476.467	6524.15
476.677	6247.67
476.886	6286.58
477.096	6100.22
477.306	6481.14
477.515	6677.74
477.725	6280.44
477.935	5960.95
478.144	6946.03
478.354	6735.09
478.563	6427.89
478.773	6221.05
478.982	7021.8
479.192	7132.39
479.401	6677.74
479.611	6722.8
479.82	6900.97
480.03	7249.13
480.239	6694.13
480.449	6659.31
480.658	7648.48
480.868	7591.14
481.077	7054.57
481.287	7109.86
481.496	7603.43
481.705	7937.24
481.915	7597.28
482.124	7517.41
482.333	7853.28
482.543	8371.41
482.752	7865.57
482.961	7714.02
483.171	8344.79
483.38	8191.19
483.589	7912.67
483.799	7873.76
484.008	8465.62
484.217	8463.57
484.426	8017.11
484.636	7929.05
484.845	8920.27
485.054	8553.68
485.263	8940.75
485.472	8615.12
485.682	9286.86
485.891	8936.65
486.1	8252.63
486.309	8721.62
486.518	9426.12
486.727	10095.8
486.936	8617.17
487.146	9317.58
487.355	9876.67
487.564	9569.48
487.773	9370.82
487.982	9094.35
488.191	9905.34
488.4	10149.05
488.609	9495.75
488.818	9667.78
489.027	10437.81
489.236	10441.91
489.445	9841.86
489.654	9581.76
489.863	10720.43
490.072	10640.56
490.281	10675.38
490.49	10212.54
490.698	10994.86
490.907	11318.44
491.116	10259.64
491.325	10235.07
491.534	11091.12
491.743	10908.85
491.952	10618.04
492.16	10753.2
492.369	11541.67
492.578	11519.14
492.787	10939.57
492.996	10589.36
493.204	11267.24
493.413	11943.07
493.622	10704.05
493.831	10699.95
494.039	12186.78
494.248	11216.04
494.457	11314.34
494.665	11437.22
494.874	12135.58
495.083	12594.33
495.291	11449.51
495.5	11345.06
495.709	12319.9
495.917	12223.64
496.126	11785.38
496.335	11685.03
496.543	12205.21
496.752	12420.25
496.96	12326.04
497.169	11879.58
497.377	12461.21
497.586	12668.05
497.794	12293.27
498.003	11781.28
498.211	13012.11
498.42	12997.77
498.628	12272.79
498.837	12278.94
499.045	12983.44
499.254	12819.6
499.462	12561.56
499.671	12332.19
499.879	13978.75
500.087	13505.67
500.296	12831.89
500.504	12858.51
500.713	13405.32
500.921	13800.58
501.129	12856.47
501.338	12616.85
501.546	13870.21
501.754	13481.1
501.962	13145.23
502.171	12999.82
502.379	14054.53
502.587	13730.95
502.795	13214.86
503.004	13352.07
503.212	14271.61
503.42	14183.55
503.628	13710.47
503.837	13567.11
504.045	14410.87
504.253	14756.98
504.461	13819.01
504.669	13499.53
504.877	14574.71
505.085	14619.77
505.294	13849.73
505.502	14208.12
505.71	15180.91
505.918	14423.16
506.126	13827.2
506.334	14066.81
506.542	14857.33
506.75	14783.6
506.958	14785.65
507.166	14115.97
507.374	14644.34
507.582	15285.36
507.79	14650.49
507.998	14429.31
508.206	15686.76
508.414	15246.44
508.622	14670.97
508.83	14670.97
509.037	15574.12
509.245	15162.48
509.453	14935.15
509.661	14652.53
509.869	15844.45
510.077	15359.08
510.285	15277.16
510.492	14740.6
510.7	16393.31
510.908	15588.46
511.116	15101.04
511.324	14806.13
511.531	15414.38
511.739	16217.18
511.947	15672.42
512.155	15967.33
512.362	16059.49
512.57	15559.78
512.778	15176.81
512.985	15365.23
513.193	15893.6
513.401	16577.62
513.608	15461.48
513.816	15484.01
514.024	16217.18
514.231	16325.72
514.439	15737.96
514.646	15719.53
514.854	16516.19
515.061	16589.91
515.269	16073.82
515.477	15830.12
515.684	16671.83
515.892	17028.18
516.099	15909.99
516.307	15651.94
516.514	17144.91
516.722	17298.51
516.929	16161.89
517.136	16071.78
517.344	17083.47
517.551	17151.06
517.759	16143.45
517.966	16594.01
518.173	16845.91
518.381	17032.27
518.588	16743.51
518.796	16614.49
519.003	17603.66
519.21	17261.65
519.418	16667.73
519.625	17656.9
519.832	17587.27
520.039	17581.13
520.247	16745.56
520.454	17335.37
520.661	17974.34
520.868	17853.51
521.076	17048.66
521.283	17116.24
521.49	18332.73
521.697	17955.91
521.904	17359.95
522.112	17486.92
522.319	18048.07
522.526	18068.55
522.733	17448.01
522.94	17540.17
523.147	18091.07
523.354	18361.41
523.561	17501.26
523.768	17873.99
523.975	18670.65
524.183	18179.14
524.39	18195.52
524.597	17992.77
524.804	18441.28
525.011	18635.83
525.218	17992.77
525.425	18160.7
525.632	19141.68
525.838	18584.63
526.045	18037.83
526.252	18160.7
526.459	20356.13
526.666	20495.39
526.873	18172.99
527.08	18334.78
527.287	19313.71
527.494	18863.16
527.701	18506.81
527.907	18334.78
528.114	19420.2
528.321	19272.75
528.528	18785.33
528.735	19053.62
528.941	19354.67
529.148	18889.78
529.355	18756.66
529.562	18682.94
529.768	20298.78
529.975	19215.41
530.182	18957.36
530.388	18998.32
530.595	19979.3
530.802	19244.08
531.008	19434.54
531.215	19444.78
531.422	21040.15
531.628	20669.47
531.835	19412.01
532.042	19743.78
532.248	20100.13
532.455	20229.15
532.661	19833.89
532.868	19790.89
533.074	20730.9
533.281	20687.9
533.487	20032.55
533.694	19903.53
533.9	20616.22
534.107	20292.64
534.313	20167.71
534.52	20223.01
534.726	20636.7
534.933	21126.16
535.139	20050.98
535.345	20050.98
535.552	21353.49
535.758	21283.86
535.965	20294.69
536.171	20401.18
536.377	21367.82
536.584	21816.33
536.79	20630.55
536.996	20964.37
537.203	21668.87
537.409	21632.01
537.615	20894.74
537.821	21017.62
538.028	22289.41
538.234	21496.85
538.44	20886.55
538.646	20857.88
538.853	21431.31
539.059	21533.71
539.265	21476.37
539.471	21126.16
539.677	22445.05
539.883	22045.7
540.09	22764.54
540.296	22039.56
540.502	22426.62
540.708	22080.52
540.914	22088.71
541.12	21933.06
541.326	22543.36
541.532	22486.01
541.738	22133.76
541.944	21785.61
542.15	22875.13
542.356	22191.11
542.562	22025.22
542.768	21949.45
542.974	22795.26
543.18	22778.87
543.386	22230.02
543.592	22146.05
543.798	23755.75
544.004	23401.46
544.21	22676.48
544.415	22551.55
544.621	23219.19
544.827	23954.41
545.033	22496.25
545.239	23034.87
545.445	23544.81
545.651	23471.09
545.856	22576.12
546.062	22572.03
546.268	23458.8
546.474	23722.99
546.679	22770.68
546.885	22934.52
547.091	23438.32
547.297	23765.99
547.502	23118.84
547.708	22584.32
547.914	23507.95
548.119	24198.12
548.325	22864.89
548.531	22729.72
548.736	24255.46
548.942	23636.97
549.147	23034.87
549.353	23362.54
549.559	24222.69
549.764	24486.88
549.97	23141.36
550.175	23245.81
550.381	24314.85
550.586	23618.54
550.792	23507.95
550.997	23446.51
551.203	24681.44
551.408	24677.34
551.614	23765.99
551.819	23706.6
552.025	25252.82
552.23	24718.3
552.435	23929.83
552.641	24734.68
552.846	24849.37
553.052	25412.56
553.257	24679.39
553.462	24204.26
553.668	24880.09
553.873	25058.26
554.078	24546.27
554.283	24605.66
554.489	25224.15
554.694	25218
554.899	24386.53
555.105	24929.24
555.31	25152.47
555.515	25224.15
555.72	24916.95
555.925	25850.83
556.131	25785.29
556.336	25334.74
556.541	25056.21
556.746	25064.41
556.951	26233.8
557.156	25820.11
557.361	25373.65
557.567	25674.7
557.772	26143.69
557.977	26141.64
558.182	25000.92
558.387	25508.82
558.592	25717.71
558.797	26305.48
559.002	25512.91
559.207	25510.86
559.412	25846.73
559.617	26663.87
559.822	25435.09
560.027	25605.07
560.232	25979.85
560.437	26180.55
560.642	25562.06
560.847	25564.11
561.051	26012.62
561.256	26241.99
561.461	26098.63
561.666	25406.42
561.871	26151.88
562.076	26829.76
562.281	25895.88
562.485	25570.26
562.69	26715.07
562.895	26145.73
563.1	25969.61
563.305	25998.28
563.509	26743.74
563.714	27259.83
563.919	25828.3
564.123	26278.85
564.328	26622.91
564.533	27231.16
564.737	26411.97
564.942	26325.96
565.147	27390.9
565.351	27186.1
565.556	26246.08
565.761	26293.19
565.965	27358.13
566.17	26667.97
566.374	26495.94
566.579	26278.85
566.784	27141.05
566.988	26964.92
567.193	26285
567.397	26461.12
567.602	26934.2
567.806	27116.47
568.011	26813.37
568.215	27294.64
568.42	27065.27
568.624	27390.9
568.828	26784.7
569.033	27087.8
569.237	28212.13
569.442	27909.04
569.646	26667.97
569.85	27014.07
570.055	27583.41
570.259	27962.28
570.463	27343.8
570.668	26923.96
570.872	27665.33
571.076	27845.55
571.281	27534.26
571.485	27235.25
571.689	27894.7
571.893	27853.74
572.098	27478.96
572.302	27634.61
572.506	27990.95
572.71	27984.81
572.914	27405.24
573.119	27288.5
573.323	28644.26
573.527	28631.97
573.731	27669.42
573.935	27759.53
574.139	28382.12
574.343	28117.93
574.547	27847.6
574.751	27966.38
574.955	28687.26
575.159	28566.43
575.364	27694
575.568	27935.66
575.772	28449.7
575.976	28758.94
576.18	27913.13
576.383	28152.74
576.587	29307.8
576.791	28515.23
576.995	27929.52
577.199	28343.2
577.403	28887.96
577.607	29311.89
577.811	28494.75
578.015	28869.53
578.219	29531.03
578.422	29713.3
578.626	29037.47
578.83	28918.68
579.034	29475.73
579.238	29168.54
579.442	28730.27
579.645	29248.41
579.849	29279.13
580.053	29402
580.257	28746.65
580.46	29062.04
580.664	29741.97
580.868	29451.16
581.071	29227.93
581.275	28834.72
581.479	29453.2
581.682	29711.25
581.886	29076.38
582.09	29242.26
582.293	29789.07
582.497	30077.83
582.7	29598.61
582.904	29539.22
583.107	30110.6
583.311	30012.3
583.515	29684.62
583.718	29770.64
583.922	30655.36
584.125	31153.02
584.329	29176.73
584.532	29973.39
584.735	30833.53
584.939	30280.58
585.142	29449.11
585.346	29500.31
585.549	30421.89
585.753	30591.87
585.956	30032.78
586.159	30229.38
586.363	31034.24
586.566	30942.08
586.769	30043.02
586.973	29707.15
587.176	30923.65
587.379	31058.81
587.582	30819.2
587.786	30663.55
587.989	31064.96
588.192	32295.78
588.395	30292.87
588.599	30469
588.802	30700.42
589.005	30901.12
589.208	30796.67
589.411	30485.38
589.615	30940.03
589.818	31417.21
590.021	31191.93
590.224	30911.36
590.427	31843.18
590.63	31802.22
590.833	30792.58
591.036	30894.97
591.239	31896.43
591.442	31689.59
591.645	31323
591.848	31288.18
592.051	31689.59
592.254	31710.07
592.457	31482.74
592.66	31572.85
592.863	32074.6
593.066	32148.33
593.269	31392.63
593.472	31671.15
593.675	32209.77
593.878	32523.11
594.081	31853.42
594.284	31595.38
594.486	32416.61
594.689	32779.11
594.892	31722.35
595.095	31959.92
595.298	32246.63
595.5	32699.23
595.703	32451.43
595.906	32154.47
596.109	32758.63
596.311	32701.28
596.514	31761.26
596.717	32250.73
596.92	33262.43
597.122	33014.62
597.325	31929.2
597.528	32138.09
597.73	33102.68
597.933	33358.68
598.136	32392.04
598.338	32267.11
598.541	33618.77
598.743	33622.87
598.946	32535.4
599.148	32707.43
599.351	33254.23
599.554	33250.14
599.756	32783.2
599.959	32723.81
600.161	33270.62
600.363	33899.34
600.566	33102.68
600.768	32533.35
600.971	33393.5
601.173	33489.75
601.376	32926.56
601.578	32867.17
601.78	33874.77
601.983	34431.82
602.185	32965.47
602.388	33530.71
602.59	33467.22
602.792	33624.92
602.995	33448.79
603.197	33008.48
603.399	33704.79
603.601	34054.99
603.804	32934.75
604.006	33268.57
604.208	33594.2
604.41	33454.93
604.613	33989.45
604.815	33282.91
605.017	34296.65
605.219	33831.76
605.421	33766.23
605.623	33287
605.826	34341.71
606.028	34753.35
606.23	33575.76
606.432	33448.79
606.634	34204.49
606.836	34501.45
607.038	33325.91
607.24	33647.44
607.442	34315.08
607.644	34202.44
607.846	33471.32
608.048	33561.43
608.25	34650.95
608.452	33934.16
608.654	33917.78
608.856	33571.67
609.058	34235.21
609.26	34573.13
609.462	33751.89
609.664	33889.1
609.866	34663.24
610.067	34624.32
610.269	34259.79
610.471	34083.66
610.673	34865.99
610.875	35208
611.077	33923.92
611.278	34237.26
611.48	34427.72
611.682	34675.52
611.884	34095.95
612.085	34298.7
612.287	34407.24
612.489	34843.46
612.69	34050.89
612.892	34261.83
613.094	35525.43
613.295	34370.38
613.497	34095.95
613.699	34079.57
613.9	34829.12
614.102	34622.28
614.304	34417.48
614.505	34075.47
614.707	34843.46
614.908	34554.69
615.11	33839.95
615.311	34716.48
615.513	34499.4
615.714	35058.49
615.916	33856.34
616.117	34753.35
616.319	34886.46
616.52	34857.79
616.722	34108.24
616.923	34290.51
617.124	35203.9
617.326	34698.05
617.527	34456.39
617.729	34782.02
617.93	35115.84
618.131	35038.01
618.333	34022.22
618.534	34607.94
618.735	35087.17
618.937	35416.89
619.138	33850.19
619.339	34257.74
619.54	35167.04
619.742	35218.24
619.943	34810.69
620.144	34497.35
620.345	35511.1
620.546	34968.38
620.748	34495.3
620.949	34837.31
621.15	35152.7
621.351	35087.17
621.552	34231.11
621.753	34345.8
621.954	35515.19
622.155	35793.72
622.356	34646.85
622.558	35334.97
622.759	35562.29
622.96	35779.38
623.161	34853.7
623.362	34732.87
623.563	35916.59
623.764	35830.58
623.965	34837.31
624.166	35414.84
624.366	35021.63
624.567	35722.04
624.768	34575.17
624.969	34564.93
625.17	35337.02
625.371	35773.24
625.572	35076.93
625.773	34618.18
625.973	35668.79
626.174	36016.94
626.375	35308.35
626.576	35259.2
626.777	35898.16
626.977	35715.89
627.178	35371.83
627.379	35220.28
627.58	35019.58
627.78	35685.17
627.981	34843.46
628.182	35498.81
628.382	35574.58
628.583	35230.52
628.784	35447.61
628.984	35339.07
629.185	35889.97
629.386	36234.03
629.586	35216.19
629.787	35314.49
629.987	35806
630.188	36342.57
630.388	35283.77
630.589	35308.35
630.79	36229.93
630.99	36043.57
631.191	35371.83
631.391	35478.33
631.591	35855.15
631.792	35879.73
631.992	35855.15
632.193	35382.07
632.393	36002.61
632.594	36078.38
632.794	35527.48
632.994	35916.59
633.195	35828.53
633.395	35750.71
633.595	35337.02
633.796	35906.35
633.996	36399.91
634.196	36707.11
634.397	35945.26
634.597	35955.5
634.797	36076.33
634.997	36309.8
635.198	36283.18
635.398	35785.52
635.598	36725.54
635.798	36637.48
635.998	35922.74
636.199	35590.97
636.399	36361
636.599	36477.74
636.799	35947.31
636.999	36387.63
637.199	36551.46
637.399	36557.61
637.599	35820.34
637.799	35857.2
637.999	36391.72
638.199	36678.44
638.399	36223.79
638.599	35756.85
638.799	36883.23
638.999	37235.49
639.199	36262.7
639.399	36152.11
639.599	36688.68
639.799	36266.8
639.999	35990.32
640.199	35904.31
640.399	36598.57
640.599	35734.32
640.799	36471.59
640.998	36647.72
641.198	36789.03
641.398	36971.3
641.598	36487.98
641.798	36090.67
641.997	37888.79
642.197	37147.42
642.397	37032.74
642.597	36696.87
642.796	36776.74
642.996	37137.18
643.196	37096.22
643.395	36487.98
643.595	36928.29
643.795	36528.94
643.994	36449.07
644.194	36619.05
644.394	37561.11
644.593	37301.02
644.793	36580.14
644.992	37002.02
645.192	37215.01
645.392	36762.4
645.591	36973.35
645.791	36862.75
645.99	37538.58
646.19	37403.42
646.389	36727.59
646.589	36916
646.788	37382.94
646.987	37423.9
647.187	37364.51
647.386	37012.26
647.586	37301.02
647.785	37573.4
647.984	36580.14
648.184	36688.68
648.383	37227.29
648.582	37358.36
648.782	36944.67
648.981	37374.75
649.18	37350.17
649.38	37727
649.579	37174.05
649.778	37384.99
649.977	38079.25
650.177	37677.85
650.376	36862.75
650.575	37045.02
650.774	37755.67
650.973	37559.06
651.173	36805.41
651.372	37571.35
651.571	38032.14
651.77	38378.25
651.969	37569.3
652.168	37575.45
652.367	37958.42
652.566	38116.11
652.765	37767.96
652.964	38626.06
653.163	38757.13
653.362	38138.64
653.561	37309.21
653.76	37763.86
653.959	38046.48
654.158	38628.1
654.357	37573.4
654.556	37149.47
654.755	38105.87
654.954	38021.91
655.153	37157.66
655.352	38060.82
655.551	38478.6
655.749	38056.72
655.948	37921.55
656.147	37671.7
656.346	37966.61
656.545	38230.8
656.743	37669.65
656.942	37661.46
657.141	37829.4
657.34	37993.23
657.538	37575.45
657.737	37763.86
657.936	38406.92
658.135	38243.09
658.333	37899.03
658.532	38144.78
658.731	38800.13
658.929	38322.96
659.128	38275.85
659.326	37892.88
659.525	38648.58
659.724	38515.47
659.922	37710.61
660.121	38148.88
660.319	38388.49
660.518	37950.23
660.716	38112.02
660.915	38054.67
661.113	38615.82
661.312	38157.07
661.51	37999.38
661.709	37440.28
661.907	38292.24
662.105	38718.21
662.304	37968.66
662.502	38232.85
662.701	39035.65
662.899	38429.45
663.097	38474.51
663.296	38325
663.494	38812.42
663.692	38681.35
663.891	38247.18
664.089	37989.14
664.287	38701.83
664.485	38648.58
664.684	38241.04
664.882	38064.91
665.08	38511.37
665.278	38746.89
665.476	38349.58
665.675	38927.11
665.873	39203.58
666.071	38722.31
666.269	38429.45
666.467	38365.96
666.665	38718.21
666.863	38546.19
667.061	38290.19
667.259	38353.68
667.457	38472.46
667.655	38560.52
667.853	38085.39
668.051	38222.61
668.249	38155.02
668.447	38947.59
668.645	37876.5
668.843	38474.51
669.041	38595.34
669.239	38069.01
669.437	38290.19
669.635	38136.59
669.833	38632.2
670.031	38839.04
670.229	37903.12
670.426	38482.7
670.624	38290.19
670.822	38245.13
671.02	37933.84
671.218	38183.69
671.415	38372.11
671.613	38052.62
671.811	38411.02
672.009	38015.76
672.206	38855.43
672.404	38093.58
672.602	38298.38
672.799	37962.51
672.997	38441.74
673.195	38216.46
673.392	38519.56
673.59	37638.93
673.788	38380.3
673.985	37571.35
674.183	38046.48
674.38	37991.19
674.578	38691.59
674.775	38230.8
674.973	37831.44
675.17	37782.29
675.368	38501.13
675.565	38177.55
675.763	37960.47
675.96	37706.52
676.158	38527.75
676.355	38198.03
676.553	38087.44
676.75	37706.52
676.947	38234.89
677.145	38091.54
677.342	37937.94
677.539	37671.7
677.737	38490.89
677.934	38091.54
678.131	37772.05
678.329	37583.64
678.526	38357.77
678.723	38259.47
678.92	38148.88
679.118	37552.92
679.315	37751.57
679.512	38435.59
679.709	37880.6
679.906	37399.32
680.104	38267.66
680.301	37823.25
680.498	37018.4
680.695	37301.02
680.892	37495.58
681.089	37948.18
681.286	37806.87
681.483	37151.52
681.68	37593.88
681.877	38124.3
682.075	37233.44
682.272	37116.7
682.469	37954.32
682.665	37743.38
682.862	36766.5
683.059	37079.84
683.256	37727
683.453	38189.84
683.65	37679.89
683.847	38200.08
684.044	37700.37
684.241	37868.31
684.438	37694.23
684.635	37075.74
684.831	38476.55
685.028	37903.12
685.225	37268.25
685.422	37475.1
685.619	37722.9
685.815	37550.87
686.012	37630.74
686.209	37139.23
686.405	37464.86
686.602	37737.24
686.799	37057.31
686.996	36956.96
687.192	37102.37
687.389	37870.36
687.586	36600.61
687.782	37114.65
687.979	38267.66
688.175	37616.41
688.372	37055.26
688.568	37430.04
688.765	36987.68
688.962	37442.33
689.158	37077.79
689.355	36776.74
689.551	37094.18
689.748	37391.13
689.944	37051.17
690.14	36866.85
690.337	37217.05
690.533	37255.96
690.73	36836.13
690.926	37096.22
691.123	36508.46
691.319	36940.58
691.515	36350.76
691.712	36432.68
691.908	37092.13
692.104	36940.58
692.301	36631.33
692.497	35881.78
692.693	36635.43
692.889	36940.58
693.086	36541.22
693.282	36002.61
693.478	36670.25
693.674	37141.28
693.87	35836.72
694.067	36551.46
694.263	36639.53
694.459	36737.83
694.655	36414.25
694.851	36506.41
695.047	36870.95
695.243	37116.7
695.439	36285.23
695.635	36543.27
695.831	36668.2
696.027	36956.96
696.224	36500.26
696.42	36989.73
696.615	37192.48
696.811	36911.91
697.007	36045.62
697.203	36291.37
697.399	36789.03
697.595	36530.98
697.791	35582.77
697.987	35955.5
698.183	36553.51
698.379	36094.77
698.575	35908.4
698.77	35693.36
698.966	36490.02
699.162	36606.76
699.358	35959.6
699.554	35877.68
699.749	36490.02
699.945	36318
700.141	36096.81
700.337	36139.82
700.532	35982.13
700.728	35963.7
700.924	35717.94
701.119	35580.73
701.315	35834.67
701.511	36039.47
701.706	36182.83
701.902	35189.56
702.097	36336.43
702.293	36176.69
702.489	35629.88
702.684	35801.91
702.88	36125.49
703.075	35752.76
703.271	35461.94
703.466	35296.06
703.662	35949.36
703.857	35955.5
704.053	35941.17
704.248	35588.92
704.443	36160.3
704.639	36002.61
704.834	35451.7
705.03	35537.72
705.225	35554.1
705.42	35638.07
705.616	35101.5
705.811	34704.2
706.006	35529.53
706.202	35396.41
706.397	35560.25
706.592	35056.45
706.787	36092.72
706.983	35588.92
707.178	35875.63
707.373	35670.84
707.568	35666.74
707.763	35294.01
707.959	35164.99
708.154	35513.14
708.349	35574.58
708.544	36309.8
708.739	35724.08
708.934	35085.12
709.129	35857.2
709.324	36021.04
709.519	35404.6
709.714	35408.7
709.909	35908.4
710.104	35277.63
710.299	34755.39
710.494	34728.77
710.689	35244.86
710.884	35072.83
711.079	34882.37
711.274	34851.65
711.469	35941.17
711.664	35994.42
711.859	34972.48
712.054	35111.74
712.249	35121.98
712.443	34964.29
712.638	34599.75
712.833	34628.42
713.028	35076.93
713.223	34685.76
713.417	34949.95
713.612	34550.6
713.807	35664.69
714.002	36027.18
714.196	34745.16
714.391	34777.92
714.586	35463.99
714.78	35463.99
714.975	34460.49
715.17	34636.61
715.364	35263.29
715.559	35593.01
715.754	33764.18
715.948	33975.12
716.143	35283.77
716.337	34958.14
716.532	35017.53
716.726	34843.46
716.921	34890.56
717.115	35269.44
717.31	34415.43
717.504	35472.18
717.699	34667.33
717.893	35074.88
718.088	34556.74
718.282	34450.25
718.476	34657.09
718.671	34667.33
718.865	34343.75
719.059	34087.76
719.254	34216.78
719.448	34941.76
719.642	36893.47
719.837	33528.66
720.031	35996.46
720.225	34372.42
720.419	33825.62
720.614	33739.6
720.808	34450.25
721.002	34298.7
721.196	33817.43
721.39	34098
721.585	33991.5
721.779	34833.22
721.973	33508.18
722.167	33250.14
722.361	33817.43
722.555	34378.57
722.749	33567.57
722.943	33725.27
723.137	33815.38
723.331	34114.38
723.525	33772.37
723.719	33379.16
723.913	34292.55
724.107	34106.19
724.301	33229.66
724.495	33733.46
724.689	34433.86
724.883	34026.32
725.077	33436.5
725.271	33530.71
725.465	33825.62
725.659	33608.53
725.853	33526.61
726.046	33065.82
726.24	32977.76
726.434	33835.86
726.628	33399.64
726.822	33100.64
727.015	34091.85
727.209	33977.17
727.403	33362.78
727.596	33262.43
727.79	34087.76
727.984	34321.23
728.177	33649.49
728.371	33512.28
728.565	33839.95
728.758	33643.35
728.952	33301.34
729.146	33659.73
729.339	34456.39
729.533	34132.81
729.726	33381.21
729.92	33680.21
730.113	34204.49
730.307	33999.69
730.5	33342.3
730.694	32942.94
730.887	33686.36
731.081	34288.46
731.274	32893.79
731.468	33440.6
731.661	33852.24
731.854	33743.7
732.048	33344.34
732.241	33121.12
732.435	33616.72
732.628	33555.29
732.821	33045.34
733.014	33172.32
733.208	33442.65
733.401	33842
733.594	33514.33
733.788	33053.53
733.981	33499.99
734.174	33538.9
734.367	32965.47
734.56	33397.59
734.754	33856.34
734.947	33385.3
735.14	32340.84
735.333	32910.18
735.526	33897.3
735.719	32867.17
735.912	32887.65
736.105	33350.49
736.298	33596.24
736.491	33766.23
736.684	32904.03
736.877	32809.82
737.07	33473.37
737.263	33958.74
737.456	32951.13
737.649	32672.61
737.842	33162.08
738.035	33295.19
738.228	32555.88
738.421	32607.08
738.614	33287
738.807	33254.23
739	32009.07
739.192	32379.75
739.385	33254.23
739.578	32947.04
739.771	33031.01
739.964	32455.53
740.156	33653.59
740.349	33170.27
740.542	33045.34
740.735	32267.11
740.927	32807.78
741.12	32852.83
741.313	32230.25
741.505	33125.21
741.698	32883.55
741.891	33020.77
742.083	32703.33
742.276	32828.26
742.468	33157.98
742.661	32996.19
742.854	32371.56
743.046	32041.84
743.239	33229.66
743.431	33260.38
743.624	32361.32
743.816	32035.69
744.009	33164.12
744.201	33084.25
744.393	32680.8
744.586	31804.27
744.778	32693.09
744.971	32664.42
745.163	32144.23
745.355	32797.54
745.548	32871.26
745.74	32684.9
745.932	32250.73
746.125	32086.89
746.317	33239.9
746.509	32850.78
746.702	32052.08
746.894	31834.99
747.086	32824.16
747.278	32998.24
747.471	32609.12
747.663	32516.97
747.855	32779.11
748.047	33239.9
748.239	32813.92
748.431	32572.26
748.623	33299.29
748.815	32553.83
749.008	32478.05
749.2	32299.88
749.392	32813.92
749.584	32709.47
749.776	32508.77
749.968	32369.51
750.16	32998.24
750.352	32547.68
750.544	32185.19
750.736	31812.46
750.928	32324.46
751.12	32263.02
751.311	31798.13
751.503	32136.04
751.695	32232.3
751.887	32594.79
752.079	31851.38
752.271	31785.84
752.463	32877.41
752.654	32267.11
752.846	31722.35
753.038	31880.05
753.23	31875.95
753.421	32029.55
753.613	31949.68
753.805	32340.84
753.997	31796.08
754.188	32172.91
754.38	31288.18
754.572	31310.71
754.763	32205.67
754.955	32551.78
755.146	31843.18
755.338	31622
755.53	31974.25
755.721	31972.21
755.913	30856.06
756.104	30962.56
756.296	31566.71
756.487	32154.47
756.679	31128.44
756.87	31001.47
757.062	31638.39
757.253	31667.06
757.445	30980.99
757.636	31212.41
757.827	31775.6
758.019	32328.55
758.21	30942.08
758.401	31153.02
758.593	32045.93
758.784	31720.31
758.975	30933.89
759.167	30774.14
759.358	31388.53
759.549	31550.32
759.74	30591.87
759.932	30704.51
760.123	31077.24
760.314	30942.08
760.505	30348.17
760.696	30487.43
760.888	31480.69
761.079	30876.54
761.27	30432.13
761.461	30378.89
761.652	31429.49
761.843	31046.52
762.034	30757.76
762.225	31105.91
762.416	31138.68
762.607	30430.08
762.798	30090.12
762.989	30227.34
763.18	31939.44
763.371	30960.51
763.562	29959.05
763.753	29920.14
763.944	30675.84
764.135	30663.55
764.326	30356.36
764.517	29815.69
764.708	30825.34
764.899	30638.98
765.089	29594.51
765.28	29336.47
765.471	30122.89
765.662	30366.6
765.853	30053.26
766.043	29381.52
766.234	30235.53
766.425	30151.56
766.615	29848.46
766.806	29238.17
766.997	29961.1
767.187	29733.78
767.378	29571.99
767.569	29023.13
767.759	30131.08
767.95	29574.03
768.141	29807.5
768.331	29522.83
768.522	29815.69
768.712	29827.98
768.903	29031.32
769.093	29119.38
769.284	29596.56
769.474	29533.07
769.665	28806.05
769.855	28736.41
770.046	29821.84
770.236	29799.31
770.426	29019.03
770.617	28998.55
770.807	29105.05
770.998	29655.95
771.188	28904.35
771.378	28697.5
771.569	29307.8
771.759	29221.78
771.949	28316.58
772.139	28318.63
772.33	28701.6
772.52	28973.98
772.71	28203.94
772.9	27995.05
773.09	28517.28
773.281	29189.02
773.471	27964.33
773.661	28191.66
773.851	28756.89
774.041	28701.6
774.231	28447.65
774.421	28502.95
774.611	28634.02
774.802	28617.63
774.992	28066.73
775.182	27872.17
775.372	28623.78
775.562	28656.54
775.752	28160.94
775.942	27870.12
776.131	29006.75
776.321	28433.32
776.511	27814.83
776.701	27468.72
776.891	28701.6
777.081	28502.95
777.271	27757.49
777.461	28187.56
777.651	28472.23
777.84	28175.27
778.03	27433.91
778.22	27163.57
778.41	27870.12
778.599	28068.78
778.789	27612.08
778.979	27538.35
779.169	27661.23
779.358	27798.45
779.548	28019.63
779.738	27044.79
779.927	28044.2
780.117	27231.16
780.307	26571.71
780.496	26715.07
780.686	27808.68
780.875	28101.54
781.065	27098.04
781.254	27116.47
781.444	27890.6
781.633	27517.87
781.823	27186.1
782.012	27286.45
782.202	27435.95
782.391	27370.42
782.581	26313.67
782.77	27235.25
782.96	27870.12
783.149	27055.03
783.338	26532.8
783.528	26420.16
783.717	27739.05
783.906	27349.94
784.096	26573.76
784.285	26278.85
784.474	26743.74
784.663	27081.66
784.853	25979.85
785.042	26764.22
785.231	26909.63
785.42	27149.24
785.61	26465.22
785.799	26139.59
785.988	27081.66
786.177	26346.44
786.366	26237.89
786.555	26569.66
786.744	26721.21
786.933	26397.63
787.122	25791.44
787.312	25816.01
787.501	26379.2
787.69	26715.07
787.879	25787.34
788.068	25355.22
788.257	25904.07
788.445	26129.35
788.634	25750.48
788.823	25668.56
789.012	27044.79
789.201	26844.09
789.39	26065.86
789.579	25404.37
789.768	26502.08
789.957	26618.82
790.145	25779.15
790.334	25445.33
790.523	25643.98
790.712	26153.93
790.9	26158.02
791.089	25412.56
791.278	26289.09
791.467	26186.69
791.655	25691.09
791.844	26160.07
792.033	26280.9
792.221	25746.38
792.41	25625.55
792.599	24894.43
792.787	26053.58
792.976	25695.18
793.164	24912.86
793.353	25060.31
793.541	25863.11
793.73	25910.22
793.918	25019.35
794.107	25060.31
794.295	25531.34
794.484	25498.58
794.672	24966.1
794.861	24792.03
795.049	25621.45
795.238	25598.93
795.426	24818.65
795.614	24980.44
795.803	26090.44
795.991	25727.95
796.179	24640.48
796.368	24355.81
796.556	25240.53
796.744	24873.95
796.932	24458.21
797.121	24282.08
797.309	24544.22
797.497	24943.58
797.685	24173.54
797.874	24329.19
798.062	25191.38
798.25	25496.53
798.438	24669.15
798.626	24480.74
798.814	25471.95
799.002	25394.13
799.19	24710.11
799.378	24435.68
799.566	25138.13
799.755	25166.81
799.943	24622.05
800.131	24667.1
800.318	25258.96
800.506	25177.05
800.694	24228.84
800.882	24454.11
801.07	25709.52
801.258	25244.63
801.446	24744.92
801.634	24400.86
801.822	24970.2
802.01	25754.57
802.197	24613.85
802.385	24636.38
802.573	25156.57
802.761	24968.15
802.949	24832.99
803.136	23878.63
803.324	24878.04
803.512	25261.01
803.699	24564.7
803.887	24171.49
804.075	25351.12
804.262	24591.33
804.45	24277.99
804.638	24556.51
804.825	24687.58
805.013	24880.09
805.201	24372.19
805.388	24140.77
805.576	25052.12
805.763	25504.72
805.951	24474.59
806.138	24818.65
806.326	25514.96
806.513	25244.63
806.701	24544.22
806.888	24335.33
807.075	25396.18
807.263	25357.27
807.45	24271.84
807.638	24644.57
807.825	25785.29
808.012	25273.3
808.2	24488.93
808.387	25086.93
808.574	25236.44
808.761	25557.97
808.949	24421.34
809.136	24896.47
809.323	25277.4
809.51	25406.42
809.698	25136.09
809.885	24923.1
810.072	25426.9
810.259	25670.61
810.446	24886.23
810.633	24968.15
810.82	25488.34
811.008	25928.65
811.195	25224.15
811.382	25037.78
811.569	25609.17
811.756	25111.51
811.943	25234.39
812.13	24687.58
812.317	25250.77
812.504	25443.28
812.691	24931.29
812.878	24888.28
813.064	25631.69
813.251	25086.93
813.438	24708.06
813.625	24789.98
813.812	25185.24
813.999	24753.12
814.186	24650.72
814.372	24626.14
814.559	25244.63
814.746	25674.7
814.933	24259.56
815.12	25070.55
815.306	25191.38
815.493	24775.64
815.68	24794.07
815.866	24294.37
816.053	25504.72
816.24	25476.05
816.426	24804.31
816.613	24863.71
816.799	25793.48
816.986	25908.17
817.173	24832.99
817.359	24470.5
817.546	25678.8
817.732	24970.2
817.919	24749.02
818.105	24757.21
818.292	25437.14
818.478	25461.71
818.665	25048.02
818.851	24450.02
819.037	25705.42
819.224	25275.35
819.41	24441.82
819.597	24474.59
819.783	26016.71
819.969	25402.32
820.156	24689.63
820.342	24708.06
820.528	26852.28
820.714	24959.96
820.901	24652.77
821.087	24306.66
821.273	25154.52
821.459	24710.11
821.646	24187.88
821.832	24296.42
822.018	24988.63
822.204	24566.75
822.39	24087.53
822.576	24263.65
822.762	24769.5
822.948	24591.33
823.134	24361.95
823.32	23927.78
823.507	24302.56
823.693	24656.86
823.879	24548.32
824.065	23876.58
824.25	24361.95
824.436	24458.21
824.622	23933.93
824.808	24200.16
824.994	24517.6
825.18	24413.15
825.366	23976.94
825.552	23907.3
825.738	24679.39
825.923	24519.65
826.109	24075.24
826.295	23737.32
826.481	24009.7
826.667	24153.06
826.852	24095.72
827.038	23739.37
827.224	24409.06
827.409	24501.22
827.595	23225.33
827.781	24015.85
827.966	24409.06
828.152	24146.92
828.338	23319.54
828.523	23047.16
828.709	23938.02
828.894	23968.74
829.08	23675.88
829.266	23311.35
829.451	24013.8
829.637	24445.92
829.822	23831.53
830.008	23251.95
830.193	24191.97
830.378	24187.88
830.564	23524.33
830.749	23292.91
830.935	23897.06
831.12	23440.37
831.305	22701.05
831.491	23225.33
831.676	22899.7
831.861	23421.94
832.047	23067.64
832.232	22864.89
832.417	23628.78
832.602	23700.46
832.788	22828.02
832.973	23077.88
833.158	23512.05
833.343	23546.86
833.528	23186.42
833.714	22948.86
833.899	23481.33
834.084	23442.42
834.269	23495.66
834.454	22715.39
834.639	23383.02
834.824	23751.66
835.009	23002.1
835.194	23114.74
835.379	23739.37
835.564	23940.07
835.749	22905.85
835.934	22359.04
836.119	23223.28
836.304	23311.35
836.489	22778.87
836.674	22871.03
836.859	22866.94
837.044	23917.54
837.228	22807.55
837.413	22340.61
837.598	23118.84
837.783	23260.15
837.968	22672.38
838.152	22406.14
838.337	22326.27
838.522	23288.82
838.707	22981.62
838.891	22465.53
839.076	22764.54
839.261	22627.32
839.445	22270.98
839.63	22225.92
839.815	23063.54
839.999	22414.34
840.184	22035.46
840.368	21873.67
840.553	22748.15
840.737	22451.2
840.922	21822.47
841.106	21621.77
841.291	22256.64
841.475	22621.18
841.66	21644.3
841.844	21881.86
842.029	22901.75
842.213	21994.5
842.397	21558.28
842.582	20851.74
842.766	22203.39
842.951	22225.92
843.135	21502.99
843.319	21109.78
843.504	22244.35
843.688	22336.51
843.872	20993.04
844.056	21459.98
844.241	22152.2
844.425	21914.63
844.609	21390.35
844.793	21099.54
844.977	22393.86
845.161	21857.29
845.346	21113.88
845.53	21103.64
845.714	22217.73
845.898	22199.3
846.082	20644.89
846.266	21541.9
846.45	21212.18
846.634	21419.02
846.818	20540.44
847.002	21128.21
847.186	21732.36
847.37	21095.44
847.554	20431.9
847.738	21105.68
847.922	21310.48
848.106	21615.63
848.29	20528.16
848.473	20479
848.657	21214.23
848.841	21287.95
849.025	20468.76
849.209	20186.15
849.392	21425.17
849.576	21132.31
849.76	20339.74
849.944	20825.11
850.127	21572.62
850.311	21031.96
850.495	20392.99
850.678	20259.87
850.862	21279.76
851.046	21462.03
851.229	20806.68
851.413	20120.61
851.596	21074.96
851.78	20931.61
851.964	20479
852.147	20616.22
852.331	21543.95
852.514	21214.23
852.698	20169.76
852.881	19743.78
853.065	20567.07
853.248	20599.83
853.431	20069.41
853.615	20042.79
853.798	21308.43
853.982	20759.58
854.165	19993.64
854.348	19690.54
854.532	20534.3
854.715	20386.85
854.898	20087.84
855.081	19768.36
855.265	20775.96
855.448	20995.09
855.631	19397.68
855.814	19487.79
855.997	20247.58
856.181	20012.07
856.364	19751.98
856.547	19393.58
856.73	20511.77
856.913	19903.53
857.096	19319.85
857.279	19446.83
857.462	19745.83
857.645	20044.84
857.828	19295.28
858.011	19371.05
858.194	20044.84
858.377	20087.84
858.56	19436.59
858.743	19680.3
858.926	19864.61
859.109	19702.82
859.292	18981.94
859.475	18818.1
859.658	19600.43
859.841	19762.22
860.023	18781.24
860.206	18623.55
860.389	19291.18
860.572	19227.7
860.755	18705.46
860.937	19006.52
861.12	19043.38
861.303	19358.77
861.486	18828.34
861.668	18443.32
861.851	19084.34
862.034	19801.13
862.216	18926.64
862.399	18326.59
862.581	19389.49
862.764	19559.47
862.947	18560.06
863.129	18574.39
863.312	18742.33
863.494	19407.92
863.677	18814.01
863.859	17953.86
864.042	18945.08
864.224	18807.86
864.406	18742.33
864.589	17851.46
864.771	18750.52
864.954	18732.09
865.136	17988.67
865.318	17867.84
865.501	19156.02
865.683	18295.87
865.865	17990.72
866.048	17869.89
866.23	18768.95
866.412	18715.7
866.594	17650.76
866.777	17939.52
866.959	18068.55
867.141	18162.75
867.323	17939.52
867.505	17732.68
867.687	18011.2
867.869	18531.39
868.052	17726.53
868.234	17923.14
868.416	18373.69
868.598	18523.19
868.78	17622.09
868.962	17462.35
869.144	18222.14
869.326	18046.02
869.508	17714.25
869.69	17626.18
869.872	17822.79
870.054	18672.7
870.236	16958.55
870.417	17206.35
870.599	17966.15
870.781	18678.84
870.963	17585.22
871.145	17577.03
871.327	17912.9
871.508	18465.85
871.69	17318.99
871.872	17501.26
872.054	18070.59
872.235	17951.81
872.417	17230.93
872.599	17019.99
872.78	18766.9
872.962	18136.13
873.144	16997.46
873.325	17144.91
873.507	18146.37
873.689	18129.98
873.87	16915.54
874.052	17138.77
874.233	17804.36
874.415	18377.79
874.596	17378.38
874.778	17222.73
874.959	17804.36
875.141	17966.15
875.322	17294.41
875.503	17032.27
875.685	17695.82
875.866	17204.3
876.048	17204.3
876.229	17019.99
876.41	17636.42
876.592	17914.95
876.773	17452.11
876.954	17050.71
877.136	18201.66
877.317	17495.11
877.498	17073.23
877.679	17437.77
877.86	17806.41
878.042	17927.24
878.223	17341.52
878.404	17906.76
878.585	17990.72
878.766	19598.38
878.947	17964.1
879.128	17661
879.309	17896.52
879.49	18074.69
879.672	17456.2
879.853	17286.22
880.034	17884.23
880.215	18183.23
880.396	17818.69
880.576	17577.03
880.757	17892.42
880.938	18660.41
881.119	17298.51
881.3	17443.92
881.481	18199.62
881.662	19256.37
881.843	17421.39
882.023	17587.27
882.204	18482.24
882.385	18183.23
882.566	17787.97
882.747	17939.52
882.927	18644.02
883.108	18402.36
883.289	17663.05
883.469	18218.05
883.65	18545.72
883.831	18277.44
884.011	18197.57
884.192	18160.7
884.373	18740.28
884.553	18562.11
884.734	18441.28
884.914	18824.25
885.095	20030.5
885.275	19108.91
885.456	18482.24
885.636	18064.45
885.817	18943.03
885.997	18977.84
886.178	18066.5
886.358	18254.91
886.538	18773.05
886.719	20542.49
886.899	18177.09
887.08	18476.09
887.26	18969.65
887.44	18443.32
887.621	18422.84
887.801	18416.7
887.981	19287.09
888.161	19278.9
888.342	18304.06
888.522	18336.83
888.702	19305.52
888.882	19047.47
889.062	18316.35
889.242	17927.24
889.423	19143.73
889.603	19133.49
889.783	18760.76
889.963	18566.2
890.143	18887.73
890.323	19190.83
890.503	18529.34
890.683	18707.51
890.863	19106.87
891.043	19002.42
891.223	18390.08
891.403	18490.43
891.583	18977.84
891.763	18981.94
891.943	18517.05
892.122	18271.29
892.302	19006.52
892.482	18895.92
892.662	18555.96
892.842	18529.34
893.022	18895.92
893.201	18861.11
893.381	18801.72
893.561	18318.4
893.741	19151.92
893.92	18787.38
894.1	18689.08
894.28	18658.36
894.459	19209.26
894.639	18869.3
894.819	18250.81
894.998	18379.84
895.178	18850.87
895.357	18766.9
895.537	18076.74
895.716	17847.36
895.896	18617.4
896.075	19201.07
896.255	18570.3
896.434	17759.3
896.614	19807.27
896.793	18859.06
896.973	18234.43
897.152	18093.12
897.331	18404.41
897.511	18543.67
897.69	17962.05
897.87	17751.11
898.049	18404.41
898.228	18373.69
898.407	17880.13
898.587	17734.73
898.766	17816.65
898.945	18216
899.124	18058.31
899.304	17591.37
899.483	18256.96
899.662	18469.95
899.841	17480.78
900.02	17255.5
900.199	18342.97
900.378	17978.43
900.557	17464.39
900.737	17284.17
900.916	17759.3
901.095	17669.19
901.274	17331.28
901.453	16694.36
901.632	17022.03
901.811	17054.8
901.989	16639.06
902.168	16454.75
902.347	17574.99
902.526	16774.23
902.705	16475.23
902.884	16780.37
903.063	17439.82
903.242	17210.45
903.42	16362.59
903.599	16692.31
903.778	17316.94
903.957	17374.28
904.135	16618.58
904.314	16194.65
904.493	17015.89
904.672	16733.27
904.85	16194.65
905.029	16108.64
905.207	16618.58
905.386	16890.96
905.565	15692.9
905.743	15672.42
905.922	15699.05
906.1	16084.06
906.279	14867.57
906.457	15260.78
906.636	16071.78
906.814	15832.16
906.993	15039.6
907.171	15103.09
907.35	15529.06
907.528	16100.45
907.707	15451.24
907.885	14713.97
908.063	15895.65
908.242	15346.8
908.42	14666.87
908.598	14648.44
908.777	15336.56
908.955	14967.92
909.133	14881.91
909.311	14505.08
909.49	15025.26
909.668	14826.61
909.846	14402.68
910.024	14480.5
910.202	15344.75
910.38	15191.15
910.559	14853.23
910.737	14752.88
910.915	15465.58
911.093	15473.77
911.271	14810.23
911.449	15367.27
911.627	15420.52
911.805	15996
911.983	14908.53
912.161	15060.08
912.339	15643.75
912.517	16356.44
912.695	15565.93
912.872	15488.11
913.05	15969.38
913.228	16053.34
913.406	15250.54
913.584	15260.78
913.762	15789.16
913.939	15785.06
914.117	15332.46
914.295	15156.33
914.473	15742.05
914.65	15778.92
914.828	15357.04
915.006	15254.64
915.184	15230.06
915.361	15690.85
915.539	15406.19
915.716	15402.09
915.894	15770.72
916.072	15701.09
916.249	15774.82
916.427	15418.47
916.604	15551.59
916.782	15795.3
916.959	14625.91
917.137	14746.74
917.314	15275.12
917.492	15168.62
917.669	14666.87
917.847	14916.72
918.024	14922.87
918.201	15080.56
918.379	14806.13
918.556	14763.12
918.733	15232.11
918.911	14916.72
919.088	15139.95
919.265	14771.32
919.442	15146.09
919.62	14996.59
919.797	14390.39
919.974	14201.98
920.151	15189.1
920.328	14834.8
920.506	14283.9
920.683	15012.98
920.86	14480.5
921.037	14705.78
921.214	14419.07
921.391	14308.48
921.568	14759.03
921.745	14480.5
921.922	14199.93
922.099	14052.48
922.276	14443.64
922.453	14576.76
922.63	13847.68
922.807	14111.87
922.984	14505.08
923.161	14185.6
923.338	14070.91
923.514	13692.04
923.691	14578.81
923.868	14578.81
924.045	13675.65
924.222	13489.29
924.399	14167.17
924.575	14062.72
924.752	13677.7
924.929	13954.18
925.105	13759.62
925.282	13798.53
925.459	13673.6
925.635	13700.23
925.812	14032
925.989	14101.63
926.165	13687.94
926.342	13331.59
926.518	13894.79
926.695	13655.17
926.871	13206.67
927.048	13335.69
927.224	13958.27
927.401	13503.62
927.577	13329.55
927.754	13018.25
927.93	13710.47
928.107	13538.44
928.283	12919.95
928.459	13296.78
928.636	13593.73
928.812	13249.68
928.988	12690.58
929.165	12534.93
929.341	12983.44
929.517	13345.93
929.693	13247.63
929.87	12072.09
930.046	12844.18
930.222	12741.78
930.398	12145.82
930.574	12496.02
930.751	12579.99
930.927	12620.95
931.103	12029.09
931.279	12049.57
931.455	12383.38
931.631	12592.28
931.807	11828.38
931.983	11900.06
932.159	12182.68
932.335	12065.95
932.511	11723.94
932.687	11682.98
932.863	12115.1
933.039	11990.17
933.215	11306.15
933.391	11220.14
933.566	11648.16
933.742	11871.39
933.918	11195.56
934.094	10720.43
934.27	11295.91
934.445	11404.46
934.621	11297.96
934.797	10785.97
934.973	11078.83
935.148	11033.77
935.324	10562.74
935.5	10368.18
935.675	10953.9
935.851	10589.36
936.027	10261.69
936.202	10183.87
936.378	10362.04
936.553	9858.24
936.729	10204.35
936.904	9641.15
937.08	9594.05
937.255	9297.1
937.431	9020.62
937.606	8897.74
937.782	9077.96
937.957	9200.84
938.133	8479.96
938.308	8293.59
938.483	8809.68
938.659	8340.69
938.834	8328.41
939.009	7652.58
939.185	8471.76
939.36	8006.88
939.535	7025.9
939.71	7597.28
939.886	8303.83
940.061	7918.81
940.236	7849.18
940.411	7615.71
940.586	7972.06
940.761	7650.53
940.937	7369.96
941.112	7052.52
941.287	7556.32
941.462	7181.54
941.637	6749.42
941.812	6835.44
941.987	6966.51
942.162	6870.25
942.337	6937.84
942.512	6712.56
942.687	7365.86
942.862	7081.19
943.037	6378.74
943.212	6339.83
943.386	6761.71
943.561	6972.65
943.736	6765.81
943.911	7081.19
944.086	7271.65
944.26	6769.9
944.435	6493.43
944.61	6755.57
944.785	6976.75
944.959	7599.33
945.134	6407.41
945.309	6454.51
945.483	6511.86
945.658	7093.48
945.833	5997.82
946.007	6202.61
946.182	7113.96
946.357	6665.46
946.531	6581.49
946.706	6372.6
946.88	6452.47
947.055	7005.42
947.229	6518
947.404	6386.93
947.578	7167.21
947.752	6986.99
947.927	6497.52
948.101	6161.66
948.276	7517.41
948.45	7111.91
948.624	7038.19
948.799	6575.35
948.973	7034.09
949.147	6812.91
949.321	6651.12
949.496	6792.43
949.67	7390.44
949.844	6825.2
950.018	6796.53
950.193	6720.75
950.367	7656.67
950.541	6903.02
950.715	7091.43
950.889	7085.29
951.063	7320.81
951.237	7382.24
951.411	6604.02
951.585	6739.18
951.759	7482.6
951.933	7466.21
952.107	6839.53
952.281	7464.16
952.455	7789.79
952.629	7480.55
952.803	7189.74
952.977	7126.25
953.151	7648.48
953.325	7556.32
953.499	7372
953.672	6851.82
953.846	7273.7
954.02	7304.42
954.194	7075.05
954.368	7062.76
954.541	7906.52
954.715	7451.88
954.889	7507.17
955.062	6976.75
955.236	7433.44
955.41	7353.57
955.583	7572.71
955.757	7107.82
955.93	7447.78
956.104	7341.29
956.278	7361.77
956.451	7292.13
956.625	7722.21
956.798	8213.72
956.972	7828.7
957.145	6878.44
957.319	8142.04
957.492	7738.59
957.665	7736.54
957.839	7148.78
958.012	7734.5
958.185	7673.06
958.359	7410.92
958.532	7611.62
958.705	7775.45
958.879	7632.1
959.052	7623.91
959.225	7083.24
959.398	7859.42
959.572	7873.76
959.745	7306.47
959.918	7406.82
960.091	7853.28
960.264	7978.2
960.438	7232.74
960.611	7208.17
960.784	8180.95
960.957	7681.25
961.13	7906.52
961.303	7255.27
961.476	7767.26
961.649	8213.72
961.822	7329
961.995	7617.76
962.168	7910.62
962.341	7972.06
962.514	7380.2
962.686	7472.36
962.859	7808.22
963.032	7783.65
963.205	7412.96
963.378	7197.93
963.551	7832.8
963.723	7617.76
963.896	7468.26
964.069	7435.49
964.242	7681.25
964.414	8334.55
964.587	7427.3
964.76	7574.75
964.932	7800.03
965.105	7591.14
965.278	7384.29
965.45	7410.92
965.623	7963.87
965.795	7972.06
965.968	7601.38
966.14	7355.62
966.313	7675.1
966.485	7677.15
966.658	7191.78
966.83	7066.86
967.003	7838.94
967.175	7843.04
967.348	7216.36
967.52	7142.63
967.692	8146.14
967.865	7695.58
968.037	7124.2
968.209	7294.18
968.382	7455.97
968.554	7834.85
968.726	6995.18
968.898	6956.27
969.071	7773.41
969.243	7505.12
969.415	7023.85
969.587	7222.5
969.759	7660.77
969.932	7220.46
970.104	6929.64
970.276	6616.3
970.448	7333.09
970.62	7314.66
970.792	7138.54
970.964	7128.3
971.136	7996.64
971.308	7263.46
971.48	6841.58
971.652	6896.88
971.824	7558.37
971.996	7392.48
972.168	6804.72
972.339	6954.22
972.511	7189.74
972.683	7464.16
972.855	7255.27
973.027	6661.36
973.199	7666.91
973.37	7236.84
973.542	6763.76
973.714	6841.58
973.886	6825.2
974.057	7296.23
974.229	6573.3
974.401	6636.78
974.572	6915.31
974.744	6841.58
974.915	6534.39
975.087	6567.15
975.259	7533.79
975.43	6907.12
975.602	6542.58
975.773	6503.67
975.945	7017.71
976.116	7210.22
976.288	6593.78
976.459	7046.38
976.63	6849.77
976.802	7048.43
976.973	6331.64
977.145	6995.18
977.316	7525.6
977.487	7439.59
977.659	6784.24
977.83	6671.6
978.001	7394.53
978.172	7044.33
978.344	6493.43
978.515	6511.86
978.686	6851.82
978.857	7308.52
979.028	6581.49
979.2	6431.99
979.371	7034.09
979.542	6675.7
979.713	6642.93
979.884	6098.17
980.055	6649.07
980.226	6677.74
980.397	6186.23
980.568	5997.82
980.739	6800.62
980.91	6366.45
981.081	6366.45
981.252	6128.89
981.423	6360.31
981.594	6331.64
981.765	6001.91
981.936	6243.57
982.106	6315.25
982.277	6661.36
982.448	6001.91
982.619	6302.97
982.79	6159.61
982.96	6552.82
983.131	6339.83
983.302	5577.98
983.472	6323.44
983.643	6403.32
983.814	5985.53
983.984	5876.99
984.155	6055.16
984.326	6339.83
984.496	6038.78
984.667	5696.77
984.837	5920
985.008	6538.48
985.178	6159.61
985.349	5711.1
985.519	5977.34
985.69	5883.13
985.86	5643.52
986.031	5502.21
986.201	6028.54
986.371	5946.62
986.542	5412.1
986.712	5139.72
986.882	5985.53
987.053	5788.93
987.223	5405.95
987.393	5731.58
987.563	5788.93
987.734	6038.78
987.904	6012.15
988.074	5408
988.244	5653.76
988.414	5721.34
988.585	5037.32
988.755	5377.28
988.925	5620.99
989.095	6124.79
989.265	5029.13
989.435	5309.7
989.605	5668.09
989.775	5838.08
989.945	5678.33
990.115	5012.74
990.285	5508.35
990.455	5633.28
990.625	5217.54
990.795	4930.83
990.965	5879.04
991.134	5332.23
991.304	5082.38
991.474	4957.45
991.644	5563.65
991.814	5768.45
991.984	4893.96
992.153	4846.86
992.323	5221.64
992.493	5551.36
992.662	4695.31
992.832	5068.04
993.002	5289.22
993.171	5584.13
993.341	4586.77
993.511	4816.14
993.68	5088.52
993.85	5307.65
994.019	4494.61
994.189	4439.31
994.358	5207.3
994.528	5020.94
994.697	4244.76
994.867	4554
995.036	5152.01
995.206	4896.01
995.375	4410.64
995.544	4900.11
995.714	5297.41
995.883	4924.68
996.052	4805.9
996.222	4125.97
996.391	5321.99
996.56	5100.81
996.73	4314.39
996.899	4093.21
997.068	5242.12
997.237	4912.39
997.406	4191.51
997.576	3947.8
997.745	5129.48
997.914	4721.93
998.083	3982.62
998.252	4152.6
998.421	4726.03
998.59	4488.46
998.759	4144.41
998.928	3939.61
999.097	4826.38
999.266	4693.26
999.435	4433.17
999.604	3831.07
999.773	4723.98
999.942	4494.61
1000.111	3761.44
1000.28	3822.88
1000.448	4300.05
1000.617	4273.43
1000.786	4306.2
1000.955	3693.85
1001.124	4773.13
1001.292	4887.82
1001.461	3880.22
1001.63	3667.23
1001.798	4521.23
1001.967	4478.23
1002.136	3732.76
1002.304	3751.2
1002.473	4562.19
1002.642	4132.12
1002.81	3681.57
1002.979	3765.53
1003.147	4494.61
1003.316	4617.49
1003.484	3702.04
1003.653	3702.04
1003.821	4236.56
1003.99	3941.66
1004.158	3716.38
1004.327	3603.74
1004.495	4091.16
1004.663	3984.66
1004.832	3712.28
1005	3249.44
1005.168	3978.52
1005.337	3996.95
1005.505	3106.09
1005.673	3820.83
1005.842	4142.36
1006.01	3769.63
1006.178	3185.96
1006.346	3317.03
1006.514	3704.09
1006.683	4371.73
1006.851	3241.25
1007.019	3630.37
1007.187	3618.08
1007.355	3458.34
1007.523	2913.58
1007.691	3030.31
1007.859	3530.02
1008.027	4257.04
1008.195	3175.72
1008.363	2999.59
1008.531	3534.11
1008.699	3736.86
1008.867	2807.08
1009.035	3022.12
1009.203	4080.92
1009.37	3577.12
1009.538	3040.55
1009.706	3751.2
1009.874	3534.11
1010.042	3403.04
1010.209	2778.41
1010.377	2821.42
1010.545	3724.57
1010.713	3573.02
1010.88	2856.23
1011.048	2868.52
1011.216	3355.94
1011.383	3646.75
1011.551	2866.47
1011.718	2725.16
1011.886	3341.6
1012.054	3544.35
1012.221	2569.52
1012.389	2708.78
1012.556	3341.6
1012.724	3642.65
1012.891	2962.73
1013.058	2403.63
1013.226	3400.99
1013.393	3409.19
1013.561	2598.19
1013.728	2460.98
1013.895	3558.69
1014.063	3319.07
1014.23	2305.33
1014.397	2571.57
1014.565	3372.32
1014.732	3173.67
1014.899	2499.89
1015.066	2340.15
1015.233	3511.58
1015.401	3153.19
1015.568	2569.52
1015.735	2792.75
1015.902	3452.19
1016.069	3294.5
1016.236	2436.4
1016.403	2352.43
1016.57	2712.88
1016.737	3460.38
1016.904	2362.67
1017.071	2247.99
1017.238	2753.84
1017.405	2815.27
1017.572	2395.44
1017.739	2657.58
1017.906	3366.18
1018.073	3210.53
1018.24	1930.55
1018.407	2411.82
1018.573	2833.71
1018.74	2700.59
1018.907	2219.32
1019.074	1916.22
1019.241	2858.28
1019.407	2651.44
1019.574	2014.52
1019.741	2039.09
1019.907	3067.17
1020.074	3101.99
1020.241	1623.36
1020.407	1744.19
1020.574	2448.69
1020.74	2413.87
1020.907	1987.89
1021.073	1834.3
1021.24	3183.91
1021.406	2628.91
1021.573	1705.28
1021.739	2061.62
1021.906	2852.14
1022.072	2602.29
1022.239	1887.54
1022.405	2004.28
1022.571	2544.94
1022.738	2467.12
1022.904	1848.63
1023.07	2102.58
1023.237	2458.93
1023.403	2678.06
1023.569	1926.46
1023.735	1924.41
1023.902	2600.24
1024.068	2438.45
1024.234	1645.88
1024.4	1713.47
1024.566	2331.95
1024.732	2497.84
1024.898	1920.31
1025.065	1531.2
1025.231	2247.99
1025.397	2172.21
1025.563	1832.25
1025.729	1588.54
1025.895	1885.5
1026.061	2055.48
1026.227	1482.05
1026.392	1684.8
1026.558	2295.09
1026.724	2417.97
1026.89	1570.11
1027.056	1684.8
1027.222	2065.72
1027.388	2127.16
1027.553	1529.15
1027.719	1643.84
1027.885	2512.18
1028.051	2145.59
1028.216	1439.04
1028.382	1658.17
1028.548	2178.36
1028.713	2026.81
1028.879	1400.13
1029.045	1735.99
1029.21	2366.77
1029.376	2250.04
1029.541	1373.5
1029.707	1414.46
1029.873	2268.47
1030.038	2202.93
1030.204	1475.9
1030.369	1385.79
1030.534	2045.24
1030.7	1809.72
1030.865	1496.38
1031.031	1377.6
1031.196	1928.5
1031.361	1981.75
1031.527	1338.69
1031.692	1434.94
1031.857	1676.6
1032.023	2198.84
1032.188	1369.41
1032.353	1391.94
1032.518	2270.51
1032.684	1793.34
1032.849	1094.98
1033.014	1436.99
1033.179	1869.11
1033.344	1996.09
1033.509	1480
1033.674	1195.33
1033.839	2014.52
1034.004	2010.42
1034.17	1193.28
1034.335	1176.9
1034.5	1842.49
1034.664	1727.8
1034.829	1228.1
1034.994	1504.57
1035.159	1662.27
1035.324	2022.71
1035.489	1367.36
1035.654	1170.76
1035.819	2528.56
1035.984	1854.78
1036.148	1398.08
1036.313	1340.74
1036.478	2008.37
1036.643	1684.8
1036.807	1168.71
1036.972	1082.69
1037.137	2168.12
1037.301	1699.13
1037.466	881.99
1037.631	1283.39
1037.795	1871.16
1037.96	1510.72
1038.124	1414.46
1038.289	961.86
1038.454	1606.97
1038.618	1881.4
1038.783	1211.71
1038.947	1172.8
1039.111	1391.94
1039.276	1594.68
1039.44	900.42
1039.605	1826.11
1039.769	1539.39
1039.933	1486.14
1040.098	976.2
1040.262	1207.62
1040.426	1658.17
1040.591	1586.49
1040.755	914.76
1040.919	1072.45
1041.083	1766.71
1041.248	1430.85
1041.412	675.15
1041.576	808.27
1041.74	1432.9
1041.904	1520.96
1042.068	830.79
1042.232	845.13
1042.397	1918.26
1042.561	1373.5
1042.725	568.65
1042.889	832.84
1043.053	1496.38
1043.217	1293.63
1043.381	834.89
1043.544	607.56
1043.708	1480
1043.872	1160.52
1044.036	550.22
1044.2	619.85
1044.364	1637.69
1044.528	1666.36
1044.691	8778.96
1044.855	546.13
1045.019	1340.74
1045.183	1574.21
1045.346	828.74
1045.51	613.71
1045.674	1410.37
1045.837	1422.66
1046.001	593.23
1046.165	705.87
1046.328	1838.39
1046.492	1307.97
1046.655	1078.6
1046.819	752.97
1046.983	1281.35
1047.146	1164.61
1047.31	892.23
1047.473	435.53
1047.636	1371.46
1047.8	1117.51
1047.963	761.16
1048.127	636.24
1048.29	1045.83
