345.52	-1283.39
345.736	-1283.39
345.952	-1283.39
346.168	-1332.55
346.384	-1320.26
346.6	-189.78
346.816	-238.93
347.032	-157.01
347.248	447.14
347.464	-331.09
347.68	-306.51
347.896	-40.28
348.112	438.95
348.328	-56.66
348.544	-32.08
348.76	244.39
348.975	221.86
349.191	-349.52
349.407	-408.91
349.623	201.38
349.839	162.47
350.055	-195.92
350.27	6.83
350.486	146.09
350.702	283.3
350.918	438.95
351.133	-138.58
351.349	260.77
351.565	514.72
351.781	-380.24
351.996	-27.99
352.212	156.33
352.428	144.04
352.644	-331.09
352.859	-322.9
353.075	289.45
353.291	55.98
353.506	-281.94
353.722	-380.24
353.938	-71
354.153	500.39
354.369	203.43
354.584	-251.22
354.8	230.06
355.016	-97.62
355.231	-460.11
355.447	-75.09
355.662	402.08
355.878	760.48
356.093	-382.29
356.309	23.21
356.524	-79.19
356.74	535.2
356.955	-415.06
357.171	-144.72
357.386	185
357.602	-15.7
357.817	-111.96
358.033	-206.16
358.248	346.79
358.464	363.17
358.679	-101.72
358.895	-453.97
359.11	60.07
359.325	109.22
359.541	473.76
359.756	6.83
359.972	-183.63
360.187	537.25
360.402	-271.7
360.618	-263.51
360.833	1620.63
361.048	170.66
361.264	-218.45
361.479	-9.56
361.694	205.48
361.909	250.53
362.125	-310.61
362.34	-253.27
362.555	293.54
362.77	309.93
362.986	-363.86
363.201	-224.59
363.416	258.73
363.631	154.28
363.847	-277.84
364.062	-171.35
364.277	244.39
364.492	-21.85
364.707	-159.06
364.922	-417.1
365.138	176.81
365.353	340.65
365.568	-376.14
365.783	-148.82
365.998	436.9
366.213	570.02
366.428	-355.66
366.643	166.57
366.858	316.07
367.073	309.93
367.288	-165.2
367.503	-421.2
367.718	148.14
367.933	518.82
368.148	-374.1
368.363	-124.24
368.578	301.73
368.793	541.35
369.008	-128.34
369.223	-425.29
369.438	393.89
369.653	129.7
369.868	-406.86
370.083	-345.42
370.298	246.44
370.513	471.72
370.728	135.85
370.943	-243.03
371.157	6.83
371.372	690.85
371.587	-353.62
371.802	-433.49
372.017	168.62
372.232	516.77
372.446	-1.37
372.661	-288.08
372.876	139.94
373.091	285.35
373.306	-150.87
373.52	-470.35
373.735	0.68
373.95	582.31
374.165	-306.51
374.379	-257.36
374.594	29.35
374.809	488.1
375.023	94.89
375.238	-296.27
375.453	289.45
375.667	-97.62
375.882	-269.65
376.097	-269.65
376.311	55.98
376.526	367.27
376.741	-326.99
376.955	291.49
377.17	500.39
377.384	971.42
377.599	60.07
377.813	-503.12
378.028	838.3
378.242	303.78
378.457	-128.34
378.672	-351.57
378.886	8.87
379.101	185
379.315	-380.24
379.53	-191.83
379.744	529.06
379.958	303.78
380.173	-228.69
380.387	-333.14
380.602	447.14
380.816	49.83
381.031	-130.39
381.245	-187.73
381.459	240.29
381.674	3172.99
381.888	-419.15
382.103	338.6
382.317	103.08
382.531	475.81
382.746	-109.91
382.96	-249.17
383.174	123.56
383.388	658.08
383.603	168.62
383.817	-365.9
384.031	148.14
384.246	586.4
384.46	72.36
384.674	844.45
384.888	60.07
385.103	357.03
385.317	-476.49
385.531	19.11
385.745	836.25
385.959	410.28
386.174	-345.42
386.388	-347.47
386.602	193.19
386.816	76.46
387.03	-161.11
387.244	-130.39
387.458	262.82
387.672	438.95
387.887	-505.17
388.101	-281.94
388.315	389.8
388.529	180.9
388.743	-257.36
388.957	-243.03
389.171	555.68
389.385	82.6
389.599	-240.98
389.813	-19.8
390.027	236.2
390.241	842.4
390.455	-159.06
390.669	-95.57
390.883	115.37
391.097	621.22
391.311	170.66
391.525	-189.78
391.738	516.77
391.952	475.81
392.166	2.73
392.38	-300.37
392.594	406.18
392.808	408.23
393.022	-34.13
393.236	-116.05
393.449	293.54
393.663	522.91
393.877	-347.47
394.091	-77.14
394.305	127.66
394.518	47.79
394.732	-337.23
394.946	-216.4
395.16	754.34
395.373	187.05
395.587	-255.31
395.801	-193.87
396.015	393.89
396.228	266.92
396.442	-296.27
396.656	-433.49
396.869	400.04
397.083	828.06
397.297	-44.37
397.51	-124.24
397.724	309.93
397.938	336.55
398.151	-357.71
398.365	-349.52
398.578	463.52
398.792	479.91
399.005	172.71
399.219	-195.92
399.433	199.34
399.646	465.57
399.86	148.14
400.073	250.53
400.287	328.36
400.5	408.23
400.714	135.85
400.927	-56.66
401.141	484
401.354	1802.9
401.567	617.12
401.781	-324.94
401.994	316.07
402.208	737.95
402.421	-23.89
402.635	-124.24
402.848	0.68
403.061	389.8
403.275	-66.9
403.488	-234.83
403.701	584.35
403.915	666.27
404.128	131.75
404.341	-171.35
404.555	862.88
404.768	111.27
404.981	154.28
405.195	-243.03
405.408	449.19
405.621	504.48
405.834	213.67
406.048	-283.99
406.261	594.59
406.474	473.76
406.687	-185.68
406.9	27.31
407.114	324.26
407.327	520.87
407.54	-277.84
407.753	-415.06
407.966	103.08
408.179	352.93
408.392	-195.92
408.605	-304.46
408.819	463.52
409.032	500.39
409.245	-144.72
409.458	176.81
409.671	363.17
409.884	512.67
410.097	-335.18
410.31	129.7
410.523	735.9
410.736	217.77
410.949	37.55
411.162	-93.52
411.375	469.67
411.588	443.04
411.801	131.75
412.014	-181.59
412.227	164.52
412.44	344.74
412.653	-50.52
412.865	283.3
413.078	633.5
413.291	488.1
413.504	39.59
413.717	-238.93
413.93	606.88
414.143	96.94
414.356	45.74
414.568	-333.14
414.781	479.91
414.994	527.01
415.207	121.51
415.42	162.47
415.632	367.27
415.845	893.6
416.058	-240.98
416.271	-181.59
416.483	463.52
416.696	719.52
416.909	-124.24
417.121	-171.35
417.334	332.45
417.547	621.22
417.759	-193.87
417.972	-120.15
418.185	189.1
418.397	522.91
418.61	-103.76
418.823	-56.66
419.035	803.49
419.248	461.48
419.46	-68.95
419.673	148.14
419.885	211.62
420.098	467.62
420.311	-34.13
420.523	-314.7
420.736	527.01
420.948	449.19
421.161	-109.91
421.373	-234.83
421.586	160.42
421.798	195.24
422.01	-281.94
422.223	217.77
422.435	72.36
422.648	660.13
422.86	-99.67
423.073	12.97
423.285	414.37
423.497	121.51
423.71	-91.48
423.922	-93.52
424.134	748.19
424.347	742.05
424.559	336.55
424.771	365.22
424.984	488.1
425.196	567.97
425.408	-157.01
425.621	-142.68
425.833	647.84
426.045	740
426.257	-204.11
426.47	160.42
426.682	385.7
426.894	383.65
427.106	-77.14
427.318	90.79
427.531	418.47
427.743	490.15
427.955	135.85
428.167	785.05
428.379	238.25
428.591	228.01
428.804	187.05
429.016	-116.05
429.228	541.35
429.44	619.17
429.652	13668.83
429.864	-130.39
430.076	477.86
430.288	500.39
430.5	307.88
430.712	180.9
430.924	572.07
431.136	694.94
431.348	-134.48
431.56	-50.52
431.772	332.45
431.984	264.87
432.196	-11.61
432.408	-23.89
432.62	481.96
432.832	713.38
433.044	508.58
433.256	309.93
433.468	645.79
433.679	148.14
433.891	-126.29
434.103	350.89
434.315	883.36
434.527	645.79
434.739	354.98
434.95	133.8
435.162	570.02
435.374	131.75
435.586	217.77
435.798	4.78
436.009	432.8
436.221	475.81
436.433	90.79
436.645	117.42
436.856	465.57
437.068	920.22
437.28	58.03
437.491	467.62
437.703	803.49
437.915	567.97
438.126	21.16
438.338	604.83
438.55	426.66
438.761	520.87
438.973	129.7
439.184	156.33
439.396	481.96
439.608	574.11
439.819	53.93
440.031	311.97
440.242	768.67
440.454	692.9
440.665	182.95
440.877	359.08
441.088	885.41
441.3	635.55
441.511	-73.04
441.723	185
441.934	942.75
442.146	758.43
442.357	314.02
442.569	737.95
442.78	819.87
442.991	1305.24
443.203	758.43
443.414	74.41
443.626	1061.53
443.837	563.87
444.048	84.65
444.26	25.26
444.471	754.34
444.682	658.08
444.894	53.93
445.105	4.78
445.316	955.04
445.528	811.68
445.739	383.65
445.95	365.22
446.161	651.94
446.373	758.43
446.584	379.56
446.795	135.85
447.006	1061.53
447.217	981.66
447.429	103.08
447.64	82.6
447.851	1432.21
448.062	944.8
448.273	31.4
448.484	213.67
448.695	881.31
448.907	979.61
449.118	367.27
449.329	533.15
449.54	565.92
449.751	729.76
449.962	264.87
450.173	256.68
450.384	815.77
450.595	1141.4
450.806	232.1
451.017	361.13
451.228	1108.63
451.439	766.62
451.65	342.69
451.861	2.73
452.072	653.98
452.283	705.18
452.494	656.03
452.705	291.49
452.915	1483.41
453.126	719.52
453.337	547.49
453.548	246.44
453.759	1247.9
453.97	1096.35
454.181	1002.14
454.391	367.27
454.602	817.82
454.813	1213.08
455.024	379.56
455.235	361.13
455.445	1182.36
455.656	916.12
455.867	629.41
456.078	457.38
456.288	660.13
456.499	1122.97
456.71	262.82
456.921	707.23
457.131	946.84
457.342	864.93
457.553	492.2
457.763	373.41
457.974	826.01
458.184	1061.53
458.395	365.22
458.606	266.92
458.816	1340.05
459.027	1260.18
459.237	678.56
459.448	324.26
459.659	1139.35
459.869	1946.25
460.08	187.05
460.29	694.94
460.501	1366.68
460.711	973.47
460.922	350.89
461.132	361.13
461.343	1940.11
461.553	799.39
461.764	436.9
461.974	561.83
462.184	1319.57
462.395	1137.31
462.605	602.79
462.816	357.03
463.026	1254.04
463.236	1086.11
463.447	549.54
463.657	578.21
463.867	1335.96
464.078	983.71
464.288	635.55
464.498	692.9
464.709	1086.11
464.919	1301.14
465.129	770.72
465.339	590.5
465.55	1174.17
465.76	1399.45
465.97	721.57
466.18	750.24
466.391	1471.12
466.601	1282.71
466.811	770.72
467.021	582.31
467.231	1626.77
467.441	1534.61
467.651	770.72
467.862	367.27
468.072	1229.46
468.282	1360.53
468.492	559.78
468.702	1034.91
468.912	1426.07
469.122	2171.53
469.332	1213.08
469.542	791.2
469.752	1821.33
469.962	1381.01
470.172	840.35
470.382	848.54
470.592	1733.26
470.802	1637.01
471.012	1192.6
471.222	1026.71
471.432	1493.65
471.642	1667.73
471.852	1131.16
472.062	877.21
472.272	1610.39
472.482	1448.6
472.691	1018.52
472.901	914.08
473.111	1360.53
473.321	2222.73
473.531	950.94
473.741	1315.48
473.95	1788.56
474.16	1772.18
474.37	1389.21
474.58	961.18
474.79	2275.98
474.999	1780.37
475.209	1225.37
475.419	1268.38
475.628	1884.81
475.838	2314.89
476.048	1475.22
476.258	1120.92
476.467	2040.46
476.677	1751.7
476.886	1759.89
477.096	1530.52
477.306	1864.33
477.515	2036.36
477.725	1680.02
477.935	1634.96
478.144	2622.08
478.354	1966.73
478.563	1673.87
478.773	1340.05
478.982	2314.89
479.192	2222.73
479.401	1600.15
479.611	1417.88
479.82	1882.77
480.03	2198.15
480.239	1553.04
480.449	1440.4
480.658	2466.44
480.868	2159.24
481.077	1768.08
481.287	1743.5
481.496	2273.93
481.705	2523.78
481.915	2226.82
482.124	2214.54
482.333	2239.11
482.543	2865.79
482.752	2202.25
482.961	1770.13
483.171	2538.12
483.38	2269.83
483.589	2249.35
483.799	1915.53
484.008	2448.01
484.217	2486.92
484.426	2163.34
484.636	1989.26
484.845	2716.29
485.054	2232.97
485.263	2710.15
485.472	1974.92
485.682	2785.92
485.891	2726.53
486.1	2013.84
486.309	2298.5
486.518	2841.22
486.727	3701.36
486.936	2050.7
487.146	2529.92
487.355	3089.02
487.564	2798.21
487.773	2409.09
487.982	2208.39
488.191	2607.75
488.4	3144.31
488.609	2310.79
488.818	2433.67
489.027	3236.47
489.236	3336.82
489.445	2501.25
489.654	2298.5
489.863	3261.05
490.072	2988.67
490.281	3203.71
490.49	2792.06
490.698	3502.71
490.907	3654.26
491.116	2761.34
491.325	2609.79
491.534	3474.04
491.743	3080.83
491.952	2839.17
492.16	2783.87
492.369	3572.34
492.578	3703.41
492.787	2904.7
492.996	2554.5
493.204	3144.31
493.413	3641.97
493.622	2611.84
493.831	2572.93
494.039	3791.47
494.248	3322.49
494.457	2822.78
494.665	2833.02
494.874	3601.01
495.083	4102.76
495.291	2835.07
495.5	2839.17
495.709	3652.21
495.917	3664.5
496.126	3248.76
496.335	2992.76
496.543	3545.72
496.752	3586.68
496.96	3424.89
497.169	2882.17
497.377	3578.48
497.586	3824.24
497.794	3308.15
498.003	2718.34
498.211	3781.23
498.42	3871.34
498.628	3310.2
498.837	3185.27
499.045	3775.09
499.254	3805.81
499.462	3107.45
499.671	3136.12
499.879	4797.03
500.087	3873.39
500.296	3152.51
500.504	3271.29
500.713	3785.33
500.921	4248.17
501.129	3394.17
501.338	3078.78
501.546	4043.37
501.754	3979.89
501.962	3560.05
502.171	3336.82
502.379	4110.96
502.587	4256.36
502.795	3486.33
503.004	3484.28
503.212	4244.07
503.42	4186.73
503.628	3447.41
503.837	3707.51
504.045	4121.2
504.253	4729.44
504.461	3461.75
504.669	3201.66
504.877	4563.56
505.085	4250.22
505.294	3439.22
505.502	3850.86
505.71	4629.09
505.918	4123.24
506.126	3351.16
506.334	3611.25
506.542	4461.16
506.75	4156.01
506.958	4000.37
507.166	3775.09
507.374	4102.76
507.582	4661.86
507.79	3981.93
507.998	3777.14
508.206	4827.74
508.414	4573.8
508.622	3859.06
508.83	3959.41
509.037	4432.49
509.245	4115.05
509.453	3787.38
509.661	3545.72
509.869	4680.29
510.077	4205.16
510.285	4088.43
510.492	3535.48
510.7	4936.29
510.908	4242.03
511.116	3916.4
511.324	3861.1
511.531	4369
511.739	4692.58
511.947	4358.76
512.155	4442.73
512.362	4545.13
512.57	4244.07
512.778	3922.54
512.985	3803.76
513.193	4627.04
513.401	4913.76
513.608	4037.23
513.816	4067.95
514.024	4641.38
514.231	4895.33
514.439	4149.87
514.646	3998.32
514.854	5192.28
515.061	4794.98
515.269	4090.48
515.477	4012.65
515.684	4803.17
515.892	4874.85
516.099	4035.18
516.307	3814
516.514	5059.17
516.722	5341.79
516.929	4229.74
517.136	4235.88
517.344	4878.94
517.551	4913.76
517.759	4149.87
517.966	4418.15
518.173	4731.49
518.381	4958.81
518.588	4510.31
518.796	4188.78
519.003	5204.57
519.21	4870.75
519.418	4510.31
519.625	4864.61
519.832	4950.62
520.039	5069.41
520.247	4162.16
520.454	4516.45
520.661	5290.59
520.868	5200.48
521.076	4436.58
521.283	4618.85
521.49	5593.69
521.697	5175.9
521.904	4381.29
522.112	4520.55
522.319	5493.33
522.526	5304.92
522.733	4543.08
522.94	4514.41
523.147	5206.62
523.354	5270.11
523.561	4414.06
523.768	4917.86
523.975	5487.19
524.183	5251.67
524.39	5141.08
524.597	4461.16
524.804	5093.98
525.011	5296.73
525.218	4713.06
525.425	4631.14
525.632	5763.67
525.838	5259.87
526.045	4670.05
526.252	4999.77
526.459	7088.7
526.666	7078.46
526.873	4702.82
527.08	4770.4
527.287	5773.91
527.494	5700.18
527.701	4940.38
527.907	4651.62
528.114	5560.92
528.321	5673.56
528.528	5130.84
528.735	5024.35
528.941	5515.86
529.148	5300.83
529.355	5126.75
529.562	4928.1
529.768	6369.87
529.975	5415.51
530.182	5143.13
530.388	4878.94
530.595	5624.4
530.802	5435.99
531.008	5458.52
531.215	5184.09
531.422	6718.02
531.628	6500.94
531.835	5304.92
532.042	5126.75
532.248	5775.95
532.455	5939.79
532.661	5089.89
532.868	5036.64
533.074	6034
533.281	6017.61
533.487	5372.5
533.694	5081.69
533.9	5816.91
534.107	5900.88
534.313	5173.85
534.52	5159.52
534.726	5853.78
534.933	6474.31
535.139	5395.03
535.345	5304.92
535.552	6435.4
535.758	6337.1
535.965	5419.61
536.171	5431.9
536.377	6191.69
536.584	6654.53
536.79	5442.14
536.996	5741.14
537.203	6318.67
537.409	6593.09
537.615	5532.25
537.821	5802.58
538.028	6767.17
538.234	6201.93
538.44	5749.33
538.646	5671.51
538.853	6042.19
539.059	6001.23
539.265	6095.44
539.471	5390.94
539.677	6494.79
539.883	6322.76
540.09	7377.47
540.296	6326.86
540.502	6279.75
540.708	6156.88
540.914	6228.56
541.12	5880.4
541.326	6478.41
541.532	6322.76
541.738	5941.84
541.944	5972.56
542.15	6894.15
542.356	6419.02
542.562	5853.78
542.768	5870.16
542.974	6838.85
543.18	6701.64
543.386	6091.34
543.592	5673.56
543.798	7346.75
544.004	6941.25
544.21	6019.66
544.415	6326.86
544.621	6658.63
544.827	7328.31
545.033	6089.29
545.239	6320.71
545.445	6410.82
545.651	6896.19
545.856	5923.41
546.062	6036.05
546.268	6699.59
546.474	6816.32
546.679	6052.43
546.885	6126.16
547.091	6554.18
547.297	7066.17
547.502	6212.17
547.708	6017.61
547.914	6681.16
548.119	6961.73
548.325	5968.46
548.531	5839.44
548.736	7447.1
548.942	6861.38
549.147	6040.14
549.353	6498.89
549.559	7221.82
549.764	6982.21
549.97	6292.04
550.175	6222.41
550.381	7084.61
550.586	6711.88
550.792	6300.23
550.997	6414.92
551.203	7080.51
551.408	7320.12
551.614	6218.32
551.819	6077.01
552.025	7666.23
552.23	7313.98
552.435	6537.8
552.641	6814.27
552.846	6996.54
553.052	7678.52
553.257	6722.12
553.462	6568.52
553.668	7103.04
553.873	7336.51
554.078	6599.24
554.283	6484.55
554.489	7475.77
554.694	7182.91
554.899	6324.81
555.105	6888
555.31	7580.22
555.515	7422.52
555.72	6849.09
555.925	7762.48
556.131	7670.33
556.336	7293.5
556.541	6677.06
556.746	6650.44
556.951	7631.41
557.156	7332.41
557.361	6738.5
557.567	7166.53
557.772	7651.89
557.977	7686.71
558.182	6730.31
558.387	6857.28
558.592	7361.08
558.797	7940.66
559.002	6937.15
559.207	6943.3
559.412	7526.97
559.617	7930.42
559.822	6840.9
560.027	6853.19
560.232	7252.54
560.437	7551.54
560.642	6738.5
560.847	6724.16
561.051	7309.88
561.256	7729.72
561.461	6842.95
561.666	6627.91
561.871	7463.48
562.076	7866.93
562.281	6914.63
562.485	6894.15
562.69	7885.36
562.895	7612.98
563.1	6980.16
563.305	6758.98
563.509	7758.39
563.714	8262.19
563.919	6836.8
564.123	7197.24
564.328	7483.96
564.533	7989.81
564.737	7195.2
564.942	7090.75
565.147	7770.68
565.351	7969.33
565.556	7004.74
565.761	7391.8
565.965	7944.75
566.17	7475.77
566.374	7109.18
566.579	7021.12
566.784	7707.19
566.988	7838.26
567.193	7019.07
567.397	7531.06
567.602	7590.45
567.806	7840.31
568.011	7307.84
568.215	7369.27
568.42	7635.51
568.624	7946.8
568.828	7207.48
569.033	7502.39
569.237	8133.17
569.442	8272.43
569.646	7135.81
569.85	7209.53
570.055	7852.59
570.259	7903.79
570.463	7799.35
570.668	7440.95
570.872	7934.51
571.076	8256.04
571.281	7727.67
571.485	7563.83
571.689	8131.12
571.893	8167.98
572.098	7588.41
572.302	7514.68
572.506	7946.8
572.71	8116.78
572.914	7354.94
573.119	7424.57
573.323	8403.5
573.527	8405.55
573.731	7551.54
573.935	7363.13
574.139	8051.25
574.343	8016.43
574.547	7553.59
574.751	7690.81
574.955	8292.91
575.159	8456.75
575.364	7475.77
575.568	7486.01
575.772	8342.06
575.976	8434.22
576.18	7639.61
576.383	7567.93
576.587	8407.59
576.791	8254
576.995	7455.29
577.199	7432.76
577.403	8127.02
577.607	8411.69
577.811	7772.72
578.015	7850.55
578.219	8370.73
578.422	8421.93
578.626	7805.49
578.83	8016.43
579.034	8622.63
579.238	8522.28
579.442	7793.2
579.645	8301.1
579.849	8419.88
580.053	8577.58
580.257	7891.51
580.46	8071.73
580.664	8901.15
580.868	8751.65
581.071	8170.03
581.275	8131.12
581.479	8104.49
581.682	8659.49
581.886	7834.16
582.09	8110.64
582.293	8782.37
582.497	8538.66
582.7	8118.83
582.904	7840.31
583.107	8663.59
583.311	8735.27
583.515	8145.45
583.718	8081.97
583.922	8665.64
584.125	9364
584.329	7903.79
584.532	8266.28
584.735	9011.75
584.939	8765.99
585.142	8016.43
585.346	8176.17
585.549	8575.53
585.753	8772.13
585.956	8012.34
586.159	8327.72
586.363	9056.8
586.566	8944.16
586.769	8106.54
586.973	8084.02
587.176	8890.91
587.379	8997.41
587.582	8706.6
587.786	8655.4
587.989	9222.69
588.192	9845.27
588.395	8405.55
588.599	8919.59
588.802	9060.9
589.005	9067.04
589.208	8479.27
589.411	8415.79
589.615	9130.53
589.818	9347.61
590.021	8999.46
590.224	8765.99
590.427	9507.35
590.63	9075.23
590.833	8182.32
591.036	8376.87
591.239	9144.86
591.442	8946.21
591.645	8880.68
591.848	8585.77
592.051	9093.66
592.254	9124.38
592.457	8880.68
592.66	8749.61
592.863	9091.62
593.066	9282.08
593.269	8610.34
593.472	8518.18
593.675	8931.87
593.878	9220.64
594.081	8720.93
594.284	8501.8
594.486	9265.69
594.689	9253.41
594.892	8782.37
595.095	8725.03
595.298	9497.11
595.5	8978.98
595.703	8985.12
595.906	8976.93
596.109	9468.44
596.311	9417.24
596.514	8426.03
596.717	8872.48
596.92	9818.64
597.122	9699.86
597.325	8679.97
597.528	8800.8
597.73	9851.41
597.933	9802.26
598.136	8997.41
598.338	8575.53
598.541	10068.5
598.743	9898.52
598.946	9081.38
599.148	8841.76
599.351	9667.1
599.554	9509.4
599.756	9241.12
599.959	9048.61
600.161	9851.41
600.363	10088.98
600.566	9234.97
600.768	8958.5
600.971	9886.23
601.173	9648.66
601.376	8888.87
601.578	9064.99
601.78	9634.33
601.983	10347.02
602.185	9040.42
602.388	9404.96
602.59	9722.39
602.792	9554.46
602.995	9538.07
603.197	9253.41
603.399	9724.44
603.601	10330.64
603.804	9222.69
604.006	9103.9
604.208	9501.21
604.41	9462.3
604.613	9490.97
604.815	8966.69
605.017	10031.63
605.219	9513.5
605.421	9734.68
605.623	9480.73
605.826	10031.63
606.028	10553.87
606.23	9421.34
606.432	9306.65
606.634	9859.6
606.836	10248.72
607.038	9245.21
607.24	9560.6
607.442	9970.19
607.644	9972.24
607.846	9220.64
608.048	9310.75
608.25	10027.54
608.452	9878.04
608.654	9554.46
608.856	9062.94
609.058	9759.25
609.26	10037.78
609.462	9560.6
609.664	9562.65
609.866	10271.25
610.067	10005.01
610.269	9476.63
610.471	9521.69
610.673	10043.92
610.875	10109.46
611.077	9101.86
611.278	9302.56
611.48	9998.87
611.682	10248.72
611.884	9548.31
612.085	9556.5
612.287	9916.95
612.489	9994.77
612.69	9271.84
612.892	9654.81
613.094	10607.11
613.295	10058.26
613.497	9179.68
613.699	9597.46
613.9	10218
614.102	10236.43
614.304	9656.86
614.505	9253.41
614.707	9970.19
614.908	10242.57
615.11	9390.62
615.311	9706.01
615.513	10301.97
615.714	10002.96
615.916	9501.21
616.117	9824.79
616.319	10234.38
616.52	10457.61
616.722	9544.22
616.923	9380.38
617.124	10496.52
617.326	10160.66
617.527	9785.88
617.729	9925.14
617.93	10265.1
618.131	10193.42
618.333	9437.72
618.534	9753.11
618.735	10174.99
618.937	10310.16
619.138	9495.07
619.339	9642.52
619.54	10437.13
619.742	10131.98
619.943	9458.2
620.144	9824.79
620.345	10697.22
620.546	10242.57
620.748	9613.85
620.949	9740.82
621.15	10256.91
621.351	10103.31
621.552	9648.66
621.753	9243.17
621.954	9839.12
622.155	10490.38
622.356	9400.86
622.558	9837.08
622.759	10371.6
622.96	10678.79
623.161	9753.11
623.362	9593.37
623.563	10553.87
623.764	10379.79
623.965	9753.11
624.166	9800.21
624.366	10207.76
624.567	10361.36
624.768	9372.19
624.969	9695.77
625.17	10177.04
625.371	10242.57
625.572	9837.08
625.773	9615.9
625.973	10496.52
626.174	10322.45
626.375	9794.07
626.576	9898.52
626.777	10570.25
626.977	10869.25
627.178	9896.47
627.379	9939.48
627.58	10473.99
627.78	10195.47
627.981	9875.99
628.182	10000.91
628.382	10424.84
628.583	9820.69
628.784	9671.19
628.984	9916.95
629.185	10445.32
629.386	10785.29
629.586	9869.84
629.787	9591.32
629.987	10140.18
630.188	10529.29
630.388	9830.93
630.589	10041.87
630.79	10945.03
630.99	10473.99
631.191	10082.83
631.391	10017.3
631.591	10488.33
631.792	10676.74
631.992	10215.95
632.193	9996.82
632.393	10707.46
632.594	10377.74
632.794	9712.15
632.994	10097.17
633.195	10160.66
633.395	10213.9
633.595	9970.19
633.796	10162.7
633.996	10609.16
634.196	10830.34
634.397	9888.28
634.597	10279.44
634.797	10336.78
634.997	10904.07
635.198	10660.36
635.398	9777.69
635.598	10723.85
635.798	10852.87
635.998	10508.81
636.199	10187.28
636.399	10236.43
636.599	10306.06
636.799	10215.95
636.999	10476.04
637.199	10484.23
637.399	10926.6
637.599	9691.67
637.799	10238.48
637.999	10463.75
638.199	10693.13
638.399	10244.62
638.599	10031.63
638.799	10799.62
638.999	11004.42
639.199	10334.73
639.399	10244.62
639.599	10850.82
639.799	10451.47
639.999	10250.77
640.199	10127.89
640.399	10719.75
640.599	10793.48
640.799	10181.14
640.998	10598.92
641.198	10854.92
641.398	10850.82
641.598	10394.12
641.798	10064.4
641.997	11608.57
642.197	10482.19
642.397	10256.91
642.597	10304.01
642.796	10598.92
642.996	10824.2
643.196	10490.38
643.395	10101.26
643.595	10695.18
643.795	10533.39
643.994	10131.98
644.194	10498.57
644.394	11084.29
644.593	11055.62
644.793	10261.01
644.992	10506.76
645.192	10998.27
645.392	10373.64
645.591	10582.54
645.791	10377.74
645.99	11115.01
646.19	10768.9
646.389	10367.5
646.589	10334.73
646.788	10893.83
646.987	10949.12
647.187	10809.86
647.386	10725.9
647.586	10899.97
647.785	11219.46
647.984	10441.23
648.184	10885.64
648.383	10762.76
648.582	10551.82
648.782	10383.88
648.981	10689.03
649.18	10635.78
649.38	10584.59
649.579	10584.59
649.778	10291.73
649.977	11260.41
650.177	11315.71
650.376	10453.52
650.575	10361.36
650.774	11203.07
650.973	10885.64
651.173	10398.22
651.372	10652.17
651.571	10748.42
651.77	11284.99
651.969	10584.59
652.168	10746.37
652.367	10758.66
652.566	10998.27
652.765	10463.75
652.964	11004.42
653.163	11338.24
653.362	10852.87
653.561	10555.91
653.76	10664.46
653.959	11055.62
654.158	11190.78
654.357	10902.02
654.556	10637.83
654.755	11483.64
654.954	11248.13
655.153	10572.3
655.352	10875.4
655.551	11020.8
655.749	11117.06
655.948	10639.88
656.147	10680.84
656.346	10826.25
656.545	11033.09
656.743	10748.42
656.942	10742.28
657.141	11043.33
657.34	10932.74
657.538	10609.16
657.737	10517
657.936	11309.57
658.135	10961.41
658.333	10615.3
658.532	11239.94
658.731	11596.28
658.929	11639.29
659.128	10916.36
659.326	10500.62
659.525	11561.47
659.724	11344.38
659.922	10525.19
660.121	10641.93
660.319	11176.45
660.518	11053.57
660.716	10643.98
660.915	10570.25
661.113	11461.12
661.312	10932.74
661.51	10805.77
661.709	10621.45
661.907	11315.71
662.105	11590.14
662.304	10605.06
662.502	11067.91
662.701	11594.23
662.899	11037.19
663.097	11454.97
663.296	10713.61
663.494	11502.08
663.692	11477.5
663.891	10562.06
664.089	10521.1
664.287	11227.65
664.485	11332.09
664.684	10807.81
664.882	10809.86
665.08	11008.51
665.278	11174.4
665.476	10711.56
665.675	11186.69
665.873	11532.79
666.071	11418.11
666.269	10791.43
666.467	11119.1
666.665	11385.34
666.863	11305.47
667.061	10992.13
667.259	10543.63
667.457	11067.91
667.655	11217.41
667.853	10721.8
668.051	11297.28
668.249	11219.46
668.447	11430.4
668.645	10695.18
668.843	11065.86
669.041	11610.62
669.239	11135.49
669.437	11049.47
669.635	11160.06
669.833	11074.05
670.031	11237.89
670.229	10738.18
670.426	11213.31
670.624	10889.73
670.822	10981.89
671.02	10613.26
671.218	10916.36
671.415	10908.16
671.613	11186.69
671.811	10985.99
672.009	10754.57
672.206	11422.2
672.404	11010.56
672.602	11016.71
672.799	10869.25
672.997	11571.71
673.195	11266.56
673.392	10859.01
673.59	10342.92
673.788	11514.36
673.985	10560.01
674.183	10936.84
674.38	10994.18
674.578	11344.38
674.775	11153.92
674.973	10625.54
675.17	10713.61
675.368	11227.65
675.565	11055.62
675.763	10838.53
675.96	10926.6
676.158	11422.2
676.355	11235.84
676.553	10531.34
676.75	10762.76
676.947	10797.57
677.145	11074.05
677.342	10760.71
677.539	10613.26
677.737	11061.76
677.934	11461.12
678.131	11006.47
678.329	10646.02
678.526	11635.19
678.723	11350.53
678.92	11018.75
679.118	10623.5
679.315	10740.23
679.512	11432.44
679.709	10713.61
679.906	10709.51
680.104	11196.93
680.301	11039.23
680.498	10476.04
680.695	10633.74
680.892	10891.78
681.089	11057.67
681.286	10705.42
681.483	10295.82
681.68	10953.22
681.877	11338.24
682.075	10557.96
682.272	10877.44
682.469	10793.48
682.665	10775.05
682.862	10256.91
683.059	10379.79
683.256	10965.51
683.453	11086.34
683.65	10744.33
683.847	10588.68
684.044	11366.91
684.241	10885.64
684.438	10719.75
684.635	10344.97
684.831	11397.63
685.028	11375.1
685.225	10215.95
685.422	11055.62
685.619	10820.1
685.815	10725.9
686.012	10643.98
686.209	10437.13
686.405	10686.98
686.602	10990.08
686.799	10371.6
686.996	10224.14
687.192	10549.77
687.389	11620.86
687.586	10353.16
687.782	10529.29
687.979	11317.76
688.175	10836.49
688.372	10387.98
688.568	10498.57
688.765	10795.53
688.962	10975.75
689.158	10545.67
689.355	10207.76
689.551	10750.47
689.748	10867.2
689.944	10459.66
690.14	10232.33
690.337	10877.44
690.533	10854.92
690.73	10709.51
690.926	10453.52
691.123	10773
691.319	10752.52
691.515	10252.81
691.712	10641.93
691.908	10762.76
692.104	10818.05
692.301	10639.88
692.497	9898.52
692.693	11043.33
692.889	10641.93
693.086	10570.25
693.282	10091.02
693.478	10713.61
693.674	11321.85
693.87	10390.03
694.067	10293.77
694.263	10525.19
694.459	10598.92
694.655	10732.04
694.851	10420.75
695.047	10861.06
695.243	10746.37
695.439	10478.09
695.635	10414.6
695.831	10816.01
696.027	10484.23
696.224	10158.61
696.42	10619.4
696.615	11082.24
696.811	10895.88
697.007	10007.06
697.203	10148.37
697.399	10904.07
697.595	10727.94
697.791	9984.53
697.987	10320.4
698.183	10525.19
698.379	10705.42
698.575	10183.18
698.77	10308.11
698.966	10822.15
699.162	11035.14
699.358	10101.26
699.554	10363.4
699.749	11170.3
699.945	10854.92
700.141	10140.18
700.337	10246.67
700.532	10238.48
700.728	10252.81
700.924	10027.54
701.119	9804.31
701.315	10668.55
701.511	10387.98
701.706	10097.17
701.902	9863.7
702.097	10596.87
702.293	10662.41
702.489	10164.75
702.684	10129.94
702.88	10895.88
703.075	10373.64
703.271	9949.71
703.466	10027.54
703.662	10424.84
703.857	10533.39
704.053	10218
704.248	10148.37
704.443	10985.99
704.639	10779.14
704.834	10099.22
705.03	10062.35
705.225	10322.45
705.42	10529.29
705.616	10187.28
705.811	9933.33
706.006	10287.63
706.202	10344.97
706.397	10308.11
706.592	10134.03
706.787	10437.13
706.983	10424.84
707.178	10582.54
707.373	10129.94
707.568	10273.29
707.763	10517
707.959	9867.8
708.154	9980.43
708.349	10465.8
708.544	10504.71
708.739	10310.16
708.934	9992.72
709.129	10570.25
709.324	10744.33
709.519	10017.3
709.714	9759.25
709.909	10410.51
710.104	10349.07
710.299	9832.98
710.494	10113.55
710.689	10510.86
710.884	10455.56
711.079	9982.48
711.274	10056.21
711.469	10514.95
711.664	10545.67
711.859	10113.55
712.054	9914.9
712.249	10502.67
712.443	10500.62
712.638	9650.71
712.833	9832.98
713.028	10469.9
713.223	10177.04
713.417	10295.82
713.612	9986.58
713.807	10695.18
714.002	11219.46
714.196	10148.37
714.391	9896.47
714.586	10390.03
714.78	10643.98
714.975	9857.56
715.17	9957.91
715.364	10318.35
715.559	10641.93
715.754	9179.68
715.948	9519.64
716.143	10684.94
716.337	10158.61
716.532	10244.62
716.726	9886.23
716.921	10406.41
717.115	10469.9
717.31	9450.01
717.504	10832.39
717.699	10113.55
717.893	10373.64
718.088	9730.58
718.282	9450.01
718.476	10025.49
718.671	10646.02
718.865	9701.91
719.059	9513.5
719.254	9919
719.448	10443.28
719.642	12177.9
719.837	9413.15
720.031	11688.44
720.225	10150.42
720.419	9607.7
720.614	9464.35
720.808	9904.66
721.002	9968.15
721.196	9450.01
721.39	9693.72
721.585	9976.34
721.779	10320.4
721.973	9941.52
722.167	9269.79
722.361	10164.75
722.555	10316.3
722.749	9634.33
722.943	9740.82
723.137	9851.41
723.331	10170.9
723.525	9503.26
723.719	9695.77
723.913	10326.54
724.107	10275.34
724.301	9361.95
724.495	9820.69
724.689	10623.5
724.883	10162.7
725.077	9239.07
725.271	9480.73
725.465	10179.09
725.659	9925.14
725.853	9687.57
726.046	9290.27
726.24	9789.97
726.434	10195.47
726.628	9589.27
726.822	9540.12
727.015	10054.16
727.209	10418.7
727.403	9615.9
727.596	9372.19
727.79	10076.69
727.984	10199.57
728.177	9568.79
728.371	9599.51
728.565	10189.33
728.758	9738.77
728.952	9484.83
729.146	9286.17
729.339	10410.51
729.533	9976.34
729.726	9603.61
729.92	9386.52
730.113	10043.92
730.307	9820.69
730.5	9749.01
730.694	9327.13
730.887	9984.53
731.081	10019.35
731.274	9140.77
731.468	9468.44
731.661	9865.75
731.854	9728.53
732.048	9370.14
732.241	9376.28
732.435	9732.63
732.628	9681.43
732.821	9503.26
733.014	9411.1
733.208	9771.54
733.401	9912.85
733.594	9540.12
733.788	9243.17
733.981	9857.56
734.174	10000.91
734.367	9495.07
734.56	9683.48
734.754	10308.11
734.947	9789.97
735.14	9245.21
735.333	9409.05
735.526	10238.48
735.719	9654.81
735.912	9237.02
736.105	9298.46
736.298	9777.69
736.491	9867.8
736.684	9163.29
736.877	9320.99
737.07	10084.88
737.263	10445.32
737.456	9370.14
737.649	9140.77
737.842	9785.88
738.035	9990.67
738.228	9626.14
738.421	9548.31
738.614	10295.82
738.807	9986.58
739	8960.55
739.192	9222.69
739.385	9865.75
739.578	9740.82
739.771	9634.33
739.964	8981.03
740.156	10103.31
740.349	9980.43
740.542	9679.38
740.735	8935.97
740.927	9622.04
741.12	9683.48
741.313	9171.49
741.505	9486.87
741.698	9943.57
741.891	9738.77
742.083	9499.16
742.276	9169.44
742.468	9949.71
742.661	9800.21
742.854	9323.04
743.046	8991.27
743.239	9792.02
743.431	9939.48
743.624	9021.99
743.816	8931.87
744.009	9493.02
744.201	9533.98
744.393	9538.07
744.586	9032.22
744.778	9626.14
744.971	9716.25
745.163	9118.24
745.355	9304.6
745.548	9564.7
745.74	9966.1
745.932	9212.45
746.125	9144.86
746.317	9949.71
746.509	9667.1
746.702	8987.17
746.894	9194.01
747.086	9890.32
747.278	9912.85
747.471	9384.48
747.663	9226.78
747.855	9652.76
748.047	10076.69
748.239	9124.38
748.431	8989.22
748.623	10115.6
748.815	9875.99
749.008	9026.08
749.2	9206.3
749.392	9617.94
749.584	9886.23
749.776	9083.42
749.968	9669.14
750.16	9962
750.352	9540.12
750.544	9337.37
750.736	9130.53
750.928	9505.31
751.12	9689.62
751.311	8976.93
751.503	9323.04
751.695	9333.28
751.887	9925.14
752.079	8899.11
752.271	9001.51
752.463	10131.98
752.654	9585.18
752.846	9108
753.038	8935.97
753.23	9368.09
753.421	9441.82
753.613	8950.31
753.805	9355.8
753.997	9267.74
754.188	9892.37
754.38	8888.87
754.572	8864.29
754.763	9161.25
754.955	9452.06
755.146	9060.9
755.338	8864.29
755.53	9783.83
755.721	9505.31
755.913	8542.76
756.104	8833.57
756.296	9327.13
756.487	9976.34
756.679	8976.93
756.87	8821.28
757.062	9263.65
757.253	9533.98
757.445	8911.39
757.636	9077.28
757.827	9589.27
758.019	10220.05
758.21	8516.14
758.401	8913.44
758.593	9919
758.784	9538.07
758.975	8757.8
759.167	8649.25
759.358	9058.85
759.549	9613.85
759.74	8761.89
759.932	8587.82
760.123	9163.29
760.314	9181.73
760.505	8847.91
760.696	8557.1
760.888	9335.32
761.079	9134.62
761.27	8446.51
761.461	8589.86
761.652	9368.09
761.843	8993.31
762.034	8829.48
762.225	9298.46
762.416	8919.59
762.607	9228.83
762.798	8471.08
762.989	8479.27
763.18	10359.31
763.371	9224.73
763.562	8524.33
763.753	8694.31
763.944	9169.44
764.135	9179.68
764.326	8817.19
764.517	8669.73
764.708	9245.21
764.899	9280.03
765.089	8282.67
765.28	8274.48
765.471	8815.14
765.662	9077.28
765.853	8524.33
766.043	8200.75
766.234	9040.42
766.425	8897.06
766.615	8407.59
766.806	8110.64
766.997	8999.46
767.187	8917.54
767.378	8167.98
767.569	8272.43
767.759	8854.05
767.95	8729.13
768.141	8563.24
768.331	8327.72
768.522	9136.67
768.712	8835.62
768.903	8081.97
769.093	8278.57
769.284	8835.62
769.474	8964.64
769.665	7895.6
769.855	7946.8
770.046	8995.36
770.236	8892.96
770.426	8462.89
770.617	8002.1
770.807	8679.97
770.998	9067.04
771.188	8608.3
771.378	8153.65
771.569	9011.75
771.759	8868.39
771.949	7864.88
772.139	7875.12
772.33	8657.45
772.52	8778.28
772.71	7959.09
772.9	7991.86
773.09	8634.92
773.281	8935.97
773.471	8149.55
773.661	8038.96
773.851	8426.03
774.041	8747.56
774.231	7998
774.421	8493.61
774.611	8854.05
774.802	8602.15
774.992	8118.83
775.182	7639.61
775.372	8708.65
775.562	8667.69
775.752	7772.72
775.942	7946.8
776.131	8991.27
776.321	8684.07
776.511	7834.16
776.701	7858.74
776.891	8749.61
777.081	8133.17
777.271	8047.15
777.461	7844.4
777.651	8354.35
777.84	8536.62
778.03	7862.83
778.22	7825.97
778.41	8251.95
778.599	8202.8
778.789	7813.68
778.979	7655.99
779.169	8370.73
779.358	8075.82
779.548	8266.28
779.738	7434.81
779.927	8247.85
780.117	7877.17
780.307	7580.22
780.496	7293.5
780.686	8313.39
780.875	8878.63
781.065	7563.83
781.254	7668.28
781.444	8380.97
781.633	8192.56
781.823	7416.38
782.012	7623.22
782.202	8073.78
782.391	7887.41
782.581	7473.72
782.77	7897.65
782.96	8352.3
783.149	7981.62
783.338	7500.34
783.528	7119.42
783.717	8245.8
783.906	8243.76
784.096	7463.48
784.285	7408.19
784.474	7631.41
784.663	7993.9
784.853	7438.91
785.042	7598.65
785.231	8053.3
785.42	8167.98
785.61	7557.69
785.799	7385.66
785.988	8163.89
786.177	7842.35
786.366	7447.1
786.555	7799.35
786.744	8000.05
786.933	7868.98
787.122	7232.06
787.312	7295.55
787.501	7803.44
787.69	8090.16
787.879	7285.31
788.068	7053.89
788.257	7694.9
788.445	7803.44
788.634	7313.98
788.823	7002.69
789.012	8270.38
789.201	8147.5
789.39	7291.45
789.579	7182.91
789.768	8016.43
789.957	7922.23
790.145	7266.88
790.334	6957.63
790.523	7582.26
790.712	7742
790.9	7330.36
791.089	6877.76
791.278	7981.62
791.467	7965.23
791.655	7651.89
791.844	8135.21
792.033	7858.74
792.221	7672.37
792.41	6959.68
792.599	6804.03
792.787	7590.45
792.976	7791.16
793.164	6814.27
793.353	6963.78
793.541	7809.59
793.73	7723.57
793.918	7037.5
794.107	7033.41
794.295	7524.92
794.484	7533.11
794.672	7053.89
794.861	6855.23
795.049	7651.89
795.238	7877.17
795.426	6685.25
795.614	7187
795.803	7844.4
795.991	7846.45
796.179	6883.91
796.368	6873.67
796.556	7670.33
796.744	7520.82
796.932	6914.63
797.121	6627.91
797.309	7404.09
797.497	7602.74
797.685	6818.37
797.874	6814.27
798.062	7551.54
798.25	7903.79
798.438	6457.93
798.626	6820.42
798.814	7641.65
799.002	7862.83
799.19	6933.06
799.378	7117.37
799.566	7498.3
799.755	7744.05
799.943	7168.57
800.131	6859.33
800.318	7262.78
800.506	7361.08
800.694	6742.6
800.882	6990.4
801.07	7850.55
801.258	7504.44
801.446	6777.41
801.634	6926.91
801.822	7387.71
802.01	7543.35
802.197	6779.46
802.385	7117.37
802.573	7735.86
802.761	7438.91
802.949	6861.38
803.136	6539.85
803.324	7563.83
803.512	7291.45
803.699	7174.72
803.887	6699.59
804.075	7600.69
804.262	7488.06
804.45	6793.8
804.638	7168.57
804.825	7275.07
805.013	7264.83
805.201	6828.61
805.388	6836.8
805.576	7467.58
805.763	7754.29
805.951	6922.82
806.138	7172.67
806.326	7842.35
806.513	7459.38
806.701	7000.64
806.888	7062.08
807.075	7696.95
807.263	7737.91
807.45	6902.34
807.638	7098.94
807.825	7793.2
808.012	8018.48
808.2	7254.59
808.387	7549.5
808.574	7868.98
808.761	8038.96
808.949	6920.77
809.136	7252.54
809.323	7584.31
809.51	7764.53
809.698	7711.28
809.885	7713.33
810.072	8038.96
810.259	7928.37
810.446	7299.64
810.633	7156.29
810.82	7893.55
811.008	8110.64
811.195	7277.12
811.382	7217.72
811.569	7789.11
811.756	7533.11
811.943	7051.84
812.13	6928.96
812.317	7602.74
812.504	7412.28
812.691	7207.48
812.878	7027.26
813.064	7885.36
813.251	7479.86
813.438	7041.6
813.625	7266.88
813.812	7504.44
813.999	7682.61
814.186	7277.12
814.372	7184.96
814.559	7805.49
814.746	8026.67
814.933	6875.71
815.12	7270.97
815.306	7672.37
815.493	7504.44
815.68	7182.91
815.866	7055.93
816.053	7715.38
816.24	7993.9
816.426	7295.55
816.613	6888
816.799	7637.56
816.986	8065.58
817.173	7262.78
817.359	6957.63
817.546	7742
817.732	7424.57
817.919	6779.46
818.105	7299.64
818.292	7723.57
818.478	7682.61
818.665	7297.6
818.851	6947.39
819.037	8454.7
819.224	7647.8
819.41	6861.38
819.597	6949.44
819.783	8225.33
819.969	7606.84
820.156	7068.22
820.342	6695.49
820.528	9237.02
820.714	7440.95
820.901	7313.98
821.087	7023.17
821.273	7871.03
821.459	7537.21
821.646	6718.02
821.832	6679.11
822.018	7631.41
822.204	7426.62
822.39	6867.52
822.576	6933.06
822.762	7707.19
822.948	7449.15
823.134	7125.57
823.32	6787.65
823.507	7080.51
823.693	7434.81
823.879	7643.7
824.065	6656.58
824.25	7254.59
824.436	7254.59
824.622	6746.69
824.808	6773.32
824.994	7189.05
825.18	7230.01
825.366	6640.2
825.552	6701.64
825.738	7610.93
825.923	7653.94
826.109	7088.7
826.295	6758.98
826.481	7268.92
826.667	7139.9
826.852	7158.33
827.038	6677.06
827.224	7739.96
827.409	7547.45
827.595	6423.11
827.781	6877.76
827.966	7576.12
828.152	7633.46
828.338	6615.62
828.523	6396.49
828.709	7365.18
828.894	7207.48
829.08	6550.09
829.266	6488.65
829.451	7107.13
829.637	7469.62
829.822	6617.67
830.008	6685.25
830.193	7062.08
830.378	7533.11
830.564	6814.27
830.749	6449.74
830.935	7014.98
831.12	7152.19
831.305	6459.98
831.491	6437.45
831.676	6738.5
831.861	7238.2
832.047	6560.33
832.232	6421.06
832.417	7330.36
832.602	7316.03
832.788	6603.33
832.973	6341.19
833.158	6877.76
833.343	6902.34
833.528	6621.77
833.714	6623.81
833.899	6855.23
834.084	7498.3
834.269	6564.42
834.454	6238.8
834.639	7021.12
834.824	7041.6
835.009	6617.67
835.194	6654.53
835.379	7240.25
835.564	7500.34
835.749	6812.23
835.934	6240.84
836.119	7207.48
836.304	6928.96
836.489	6337.1
836.674	6720.07
836.859	6793.8
837.044	7406.14
837.228	6502.98
837.413	6214.22
837.598	6971.97
837.783	6978.11
837.968	6210.12
838.152	6261.32
838.337	6253.13
838.522	7463.48
838.707	7258.68
838.891	6814.27
839.076	6924.86
839.261	6900.29
839.445	6609.48
839.63	6496.84
839.815	7350.84
839.999	6644.29
840.184	6347.34
840.368	6298.19
840.553	7131.71
840.737	6806.08
840.922	6058.57
841.106	5921.36
841.291	6390.35
841.475	6812.23
841.66	6214.22
841.844	6003.28
842.029	7201.34
842.213	6801.99
842.397	6193.74
842.582	6054.48
842.766	6881.86
842.951	6785.6
843.135	6259.28
843.319	6261.32
843.504	6926.91
843.688	7397.95
843.872	5870.16
844.056	6044.24
844.241	6787.65
844.425	6822.47
844.609	6527.56
844.793	5816.91
844.977	6894.15
845.161	6638.15
845.346	5888.59
845.53	5984.85
845.714	6689.35
845.898	7199.29
846.082	5902.93
846.266	5986.9
846.45	6472.26
846.634	6715.97
846.818	5919.31
847.002	6230.6
847.186	6709.83
847.37	6173.26
847.554	5663.32
847.738	6173.26
847.922	6589
848.106	6582.85
848.29	5747.28
848.473	5823.06
848.657	6703.68
848.841	6271.56
849.025	5907.02
849.209	5667.41
849.392	6480.46
849.576	6224.46
849.76	5474.9
849.944	5884.5
850.127	6650.44
850.311	6134.35
850.495	5495.38
850.678	5503.57
850.862	6351.43
851.046	6584.9
851.229	6251.08
851.413	5554.77
851.596	6570.57
851.78	6271.56
851.964	5962.32
852.147	5763.67
852.331	6754.88
852.514	6715.97
852.698	5802.58
852.881	5491.29
853.065	6249.04
853.248	5964.37
853.431	5632.6
853.615	5749.33
853.798	6853.19
853.982	6259.28
854.165	5716.56
854.348	5368.41
854.532	5978.7
854.715	6029.9
854.898	5493.33
855.081	5585.49
855.265	6627.91
855.448	6959.68
855.631	5435.99
855.814	5605.97
855.997	6154.83
856.181	6216.27
856.364	5751.38
856.547	5272.15
856.73	6281.8
856.913	6107.73
857.096	5372.5
857.279	5700.18
857.462	6001.23
857.645	5982.8
857.828	5806.67
858.011	5646.93
858.194	5939.79
858.377	6005.33
858.56	5341.79
858.743	5347.93
858.926	5919.31
859.109	5714.52
859.292	5327.45
859.475	5196.38
859.658	6195.79
859.841	6074.96
860.023	5257.82
860.206	5145.18
860.389	5859.92
860.572	6101.58
860.755	5390.94
860.937	5505.62
861.12	5812.82
861.303	5915.22
861.486	5423.7
861.668	5010.01
861.851	5552.73
862.034	6081.1
862.216	5403.22
862.399	5055.07
862.581	5986.9
862.764	5993.04
862.947	5284.44
863.129	5030.49
863.312	5628.5
863.494	6019.66
863.677	5853.78
863.859	4872.8
864.042	5870.16
864.224	5595.73
864.406	5325.4
864.589	4969.05
864.771	5677.65
864.954	5624.4
865.136	5106.27
865.318	4878.94
865.501	6285.9
865.683	5085.79
865.865	5175.9
866.048	5065.31
866.23	5855.83
866.412	5519.96
866.594	4985.44
866.777	5399.13
866.959	5550.68
867.141	5519.96
867.323	5304.92
867.505	5235.29
867.687	5497.43
867.869	5689.94
868.052	4911.71
868.234	4878.94
868.416	5593.69
868.598	5667.41
868.78	5067.36
868.962	4743.78
869.144	5964.37
869.326	5413.46
869.508	5071.45
869.69	4934.24
869.872	5110.36
870.054	5984.85
870.236	4479.59
870.417	4764.26
870.599	5362.26
870.781	6144.59
870.963	5202.52
871.145	4833.89
871.327	5231.19
871.508	5663.32
871.69	4964.96
871.872	4969.05
872.054	5356.12
872.235	5450.33
872.417	4985.44
872.599	4784.74
872.78	6130.25
872.962	5532.25
873.144	4674.15
873.325	5032.54
873.507	5626.45
873.689	5491.29
873.87	4846.18
874.052	5141.08
874.233	5390.94
874.415	5982.8
874.596	5136.99
874.778	4737.63
874.959	5661.27
875.141	5661.27
875.322	4967.01
875.503	4784.74
875.685	5425.75
875.866	5155.42
876.048	4751.97
876.229	4866.66
876.41	5239.39
876.592	5460.57
876.773	4960.86
876.954	4579.94
877.136	5702.23
877.317	5487.19
877.498	4694.63
877.679	4960.86
877.86	5540.44
878.042	5544.53
878.223	4827.74
878.404	5565.01
878.585	5669.46
878.766	7293.5
878.947	5325.4
879.128	5001.82
879.309	5493.33
879.49	5599.83
879.672	5108.32
879.853	5053.02
880.034	5495.38
880.215	5671.51
880.396	5001.82
880.576	4864.61
880.757	5309.02
880.938	5894.74
881.119	4840.03
881.3	4819.55
881.481	5411.42
881.662	6505.03
881.843	4745.83
882.023	4813.41
882.204	5952.08
882.385	5560.92
882.566	4952.67
882.747	4979.29
882.927	5530.2
883.108	5487.19
883.289	4842.08
883.469	5313.11
883.65	5474.9
883.831	5565.01
884.011	5403.22
884.192	4833.89
884.373	5724.76
884.553	5560.92
884.734	5276.25
884.914	5567.06
885.095	7057.98
885.275	6148.68
885.456	5567.06
885.636	4926.05
885.817	5585.49
885.997	5757.52
886.178	4967.01
886.358	5255.77
886.538	5800.53
886.719	7516.73
886.899	4924
887.08	5253.72
887.26	5902.93
887.44	5366.36
887.621	5014.11
887.801	5288.54
887.981	6279.75
888.161	6128.21
888.342	5143.13
888.522	5055.07
888.702	6011.47
888.882	5952.08
889.062	5421.66
889.242	4833.89
889.423	6115.92
889.603	6046.29
889.783	5452.38
889.963	5153.37
890.143	5730.9
890.323	6048.33
890.503	5255.77
890.683	5233.24
890.863	5671.51
891.043	5784.15
891.223	5392.98
891.403	5401.18
891.583	5982.8
891.763	6021.71
891.943	5558.87
892.122	5659.22
892.302	5788.24
892.482	5655.12
892.662	5417.56
892.842	5227.1
893.022	5798.48
893.201	5669.46
893.381	5378.65
893.561	5059.17
893.741	5745.24
893.92	5464.66
894.1	5329.5
894.28	5286.49
894.459	6005.33
894.639	5698.13
894.819	5134.94
894.998	5343.83
895.178	5855.83
895.357	5616.21
895.537	5091.93
895.716	5188.19
895.896	5579.35
896.075	5978.7
896.255	5114.46
896.434	4809.31
896.614	6175.31
896.793	5945.94
896.973	5390.94
897.152	5274.2
897.331	5392.98
897.511	5718.61
897.69	4756.07
897.87	5184.09
898.049	5745.24
898.228	5476.95
898.407	5237.34
898.587	5081.69
898.766	5214.81
898.945	5597.78
899.124	5526.1
899.304	5173.85
899.483	5911.12
899.662	6124.11
899.841	5098.08
900.02	5040.73
900.199	5765.71
900.378	5479
900.557	4903.52
900.737	4880.99
900.916	5306.97
901.095	5427.8
901.274	5280.35
901.453	4678.24
901.632	5261.91
901.811	5239.39
901.989	4735.59
902.168	4573.8
902.347	5435.99
902.526	5249.63
902.705	5012.06
902.884	5001.82
903.063	5661.27
903.242	5456.47
903.42	4543.08
903.599	4766.31
903.778	5229.15
903.957	5646.93
904.135	4848.22
904.314	4663.91
904.493	5173.85
904.672	4973.15
904.85	4649.57
905.029	4727.39
905.207	4899.42
905.386	5599.83
905.565	4174.44
905.743	4504.17
905.922	4901.47
906.1	4958.81
906.279	4162.16
906.457	4242.03
906.636	4708.96
906.814	4655.72
906.993	4239.98
907.171	4065.9
907.35	4772.45
907.528	5110.36
907.707	4602.47
907.885	4026.99
908.063	4909.66
908.242	4536.93
908.42	4047.47
908.598	3863.15
908.777	4846.18
908.955	4315.75
909.133	4344.42
909.311	3912.3
909.49	4467.3
909.668	4551.27
909.846	4080.24
910.024	4035.18
910.202	4524.65
910.38	4852.32
910.559	3996.27
910.737	4035.18
910.915	4649.57
911.093	4751.97
911.271	4123.24
911.449	4346.47
911.627	4719.2
911.805	5413.46
911.983	4010.61
912.161	4143.72
912.339	4502.12
912.517	5012.06
912.695	4303.47
912.872	4276.84
913.05	4866.66
913.228	4807.27
913.406	4369
913.584	4115.05
913.762	5198.43
913.939	4727.39
914.117	4346.47
914.295	4301.42
914.473	4620.9
914.65	5223
914.828	4250.22
915.006	4403.82
915.184	4764.26
915.361	4969.05
915.539	4493.93
915.716	4584.04
915.894	4803.17
916.072	4856.42
916.249	4831.84
916.427	4442.73
916.604	4672.1
916.782	4840.03
916.959	4049.52
917.137	4147.82
917.314	4600.42
917.492	4786.79
917.669	4358.76
917.847	4293.23
918.024	4649.57
918.201	4350.57
918.379	4223.59
918.556	4184.68
918.733	4803.17
918.911	4465.25
919.088	4346.47
919.265	4051.56
919.442	4584.04
919.62	4815.46
919.797	4080.24
919.974	3912.3
920.151	4754.02
920.328	4399.72
920.506	4147.82
920.683	4596.32
920.86	4432.49
921.037	4643.43
921.214	4172.4
921.391	3881.58
921.568	4547.17
921.745	4348.52
921.922	4041.32
922.099	3920.49
922.276	4541.03
922.453	4430.44
922.63	3875.44
922.807	4502.12
922.984	4655.72
923.161	4397.67
923.338	4135.53
923.514	3852.91
923.691	4512.36
923.868	4708.96
924.045	3981.93
924.222	3863.15
924.399	4369
924.575	4545.13
924.752	4092.52
924.929	3953.26
925.105	4291.18
925.282	4129.39
925.459	4047.47
925.635	3977.84
925.812	4332.14
925.989	4371.05
926.165	3981.93
926.342	3730.03
926.518	4115.05
926.695	4139.63
926.871	3695.22
927.048	3799.66
927.224	4405.86
927.401	4006.51
927.577	3734.13
927.754	3543.67
927.93	4457.06
928.107	4186.73
928.283	3592.82
928.459	3857.01
928.636	4131.44
928.812	4024.94
928.988	3420.79
929.165	3195.51
929.341	3816.05
929.517	4010.61
929.693	4104.81
929.87	3207.8
930.046	3975.79
930.222	3799.66
930.398	3285.62
930.574	3670.64
930.751	3908.21
930.927	3748.47
931.103	3531.38
931.279	3506.81
931.455	3752.56
931.631	3998.32
931.807	3381.88
931.983	3267.19
932.159	3584.63
932.335	3760.75
932.511	3271.29
932.687	3281.53
932.863	3676.79
933.039	3891.82
933.215	3226.23
933.391	3119.74
933.566	3537.52
933.742	3584.63
933.918	3146.36
934.094	2802.3
934.27	3539.57
934.445	3355.26
934.621	3310.2
934.797	2757.25
934.973	3558
935.148	3385.97
935.324	2835.07
935.5	2620.03
935.675	3482.23
935.851	3195.51
936.027	3019.39
936.202	2798.21
936.378	3324.54
936.553	2962.05
936.729	3570.29
936.904	2589.32
937.08	2759.3
937.255	2759.3
937.431	2488.96
937.606	2347.65
937.782	2685.57
937.957	3046.01
938.133	2538.12
938.308	2366.09
938.483	2732.67
938.659	2445.96
938.834	2486.92
939.009	2093.71
939.185	2675.33
939.36	2364.04
939.535	1827.47
939.71	2302.6
939.886	2896.51
940.061	2493.06
940.236	2620.03
940.411	2097.8
940.586	2609.79
940.761	2505.35
940.937	2118.28
941.112	1862.29
941.287	2437.77
941.462	2253.45
941.637	1704.59
941.812	1958.54
941.987	2218.63
942.162	2144.91
942.337	1858.19
942.512	1942.16
942.687	2675.33
942.862	2204.3
943.037	1637.01
943.212	1567.38
943.386	2189.96
943.561	2177.67
943.736	2015.88
943.911	2607.75
944.086	2538.12
944.26	2060.94
944.435	1823.37
944.61	2024.08
944.785	2218.63
944.959	2830.98
945.134	1985.16
945.309	1628.82
945.483	1917.58
945.658	2177.67
945.833	1415.83
946.007	1594
946.182	2558.6
946.357	1933.97
946.531	1763.98
946.706	1755.79
946.88	1839.76
947.055	2306.7
947.229	1763.98
947.404	1792.66
947.578	2208.39
947.752	2216.58
947.927	1634.96
948.101	1501.84
948.276	2652.8
948.45	2214.54
948.624	2101.9
948.799	1698.45
948.973	2167.43
949.147	2095.75
949.321	1682.07
949.496	1979.02
949.67	2511.49
949.844	2120.33
950.018	1964.68
950.193	1720.98
950.367	2814.59
950.541	2161.29
950.715	1911.44
950.889	2095.75
951.063	2237.06
951.237	2402.95
951.411	1696.4
951.585	1692.3
951.759	2359.94
951.933	2429.57
952.107	1919.63
952.281	2126.47
952.455	2648.71
952.629	2380.42
952.803	1927.82
952.977	1741.46
953.151	2368.13
953.325	2267.78
953.499	2169.48
953.672	1716.88
953.846	2181.77
954.02	2157.19
954.194	1856.14
954.368	1790.61
954.541	2468.49
954.715	2366.09
954.889	2069.13
955.062	1860.24
955.236	2228.87
955.41	2349.7
955.583	2085.51
955.757	1890.96
955.93	2419.33
956.104	2120.33
956.278	1958.54
956.451	2073.23
956.625	2480.77
956.798	2642.56
956.972	2407.05
957.145	1897.1
957.319	2699.91
957.492	2464.39
957.665	2341.51
957.839	1958.54
958.012	2421.38
958.185	2343.56
958.359	2118.28
958.532	2218.63
958.705	2308.74
958.879	2353.8
959.052	2245.26
959.225	1759.89
959.398	2392.71
959.572	2353.8
959.745	1854.09
959.918	1933.97
960.091	2454.15
960.264	2601.6
960.438	1931.92
960.611	1835.66
960.784	2757.25
960.957	2204.3
961.13	2718.34
961.303	1972.88
961.476	2271.88
961.649	2685.57
961.822	1964.68
961.995	2265.74
962.168	2284.17
962.341	2644.61
962.514	1938.06
962.686	1925.77
962.859	2314.89
963.032	2560.64
963.205	2056.84
963.378	1737.36
963.551	2382.47
963.723	2214.54
963.896	2163.34
964.069	2134.67
964.242	2488.96
964.414	2906.75
964.587	2087.56
964.76	2200.2
964.932	2587.27
965.105	2382.47
965.278	1962.64
965.45	1913.49
965.623	2513.54
965.795	2554.5
965.968	1985.16
966.14	2005.64
966.313	2261.64
966.485	2273.93
966.658	1831.57
966.83	1860.24
967.003	2394.76
967.175	2468.49
967.348	1866.38
967.52	1909.39
967.692	2949.76
967.865	2591.36
968.037	1985.16
968.209	2224.78
968.382	2462.34
968.554	2597.51
968.726	1970.83
968.898	1911.44
969.071	2613.89
969.243	2331.27
969.415	1952.4
969.587	2239.11
969.759	2785.92
969.932	2253.45
970.104	1938.06
970.276	1532.56
970.448	2134.67
970.62	2206.34
970.792	2036.36
970.964	1929.87
971.136	2779.78
971.308	2394.76
971.48	1749.65
971.652	1880.72
971.824	2577.03
971.996	2235.02
972.168	1862.29
972.339	2204.3
972.511	2247.3
972.683	2429.57
972.855	2179.72
973.027	1819.28
973.199	2503.3
973.37	2372.23
973.542	1913.49
973.714	2116.23
973.886	1890.96
974.057	2413.19
974.229	1761.94
974.401	1663.63
974.572	2024.08
974.744	1983.12
974.915	1858.19
975.087	1720.98
975.259	2474.63
975.43	2118.28
975.602	1792.66
975.773	1583.76
975.945	2110.09
976.116	2513.54
976.288	1763.98
976.459	2011.79
976.63	1987.21
976.802	2081.42
976.973	1647.25
977.145	1966.73
977.316	2820.74
977.487	3003
977.659	1985.16
977.83	1835.66
978.001	2538.12
978.172	2284.17
978.344	1618.58
978.515	1815.18
978.686	2024.08
978.857	2628.23
979.028	1684.11
979.2	1637.01
979.371	2462.34
979.542	2024.08
979.713	1968.78
979.884	1307.29
980.055	2087.56
980.226	2095.75
980.397	1759.89
980.568	1688.21
980.739	2261.64
980.91	1960.59
981.081	1952.4
981.252	1655.44
981.423	2085.51
981.594	2116.23
981.765	1575.57
981.936	1745.55
982.106	1950.35
982.277	2333.32
982.448	1462.93
982.619	1841.81
982.79	1655.44
982.96	2071.18
983.131	1753.74
983.302	1231.51
983.472	2046.6
983.643	2081.42
983.814	1671.83
983.984	1450.64
984.155	1876.62
984.326	2044.56
984.496	1606.29
984.667	1596.05
984.837	1634.96
985.008	2318.98
985.178	1956.49
985.349	1563.28
985.519	1886.86
985.69	1788.56
985.86	1503.89
986.031	1391.25
986.201	1940.11
986.371	1882.77
986.542	1354.39
986.712	1217.18
986.882	1938.06
987.053	1888.91
987.223	1282.71
987.393	1690.26
987.563	1712.78
987.734	1981.07
987.904	2062.99
988.074	1284.76
988.244	1825.42
988.414	1841.81
988.585	1243.8
988.755	1540.76
988.925	1727.12
989.095	2302.6
989.265	1206.94
989.435	1473.17
989.605	1940.11
989.775	2009.74
989.945	1753.74
990.115	1135.26
990.285	1684.11
990.455	1704.59
990.625	1602.19
990.795	1311.38
990.965	2032.27
991.134	1622.67
991.304	1254.04
991.474	1202.84
991.644	1847.95
991.814	2069.13
991.984	1082.01
992.153	1280.66
992.323	1505.94
992.493	1790.61
992.662	1176.22
992.832	1481.36
993.002	1677.97
993.171	1890.96
993.341	952.99
993.511	1317.53
993.68	1575.57
993.85	1802.9
994.019	983.71
994.189	963.23
994.358	1528.47
994.528	1565.33
994.697	770.72
994.867	1106.59
995.036	1802.9
995.206	1374.87
995.375	1018.52
995.544	1489.56
995.714	1901.2
995.883	1589.91
996.052	1424.02
996.222	821.92
996.391	1923.73
996.56	1639.06
996.73	965.28
996.899	885.41
997.068	1976.97
997.237	1585.81
997.406	1006.24
997.576	744.1
997.745	1974.92
997.914	1456.79
998.083	699.04
998.252	1065.63
998.421	1630.87
998.59	1237.66
998.759	881.31
998.928	799.39
999.097	1696.4
999.266	1675.92
999.435	1350.29
999.604	682.66
999.773	1796.75
999.942	1421.97
1000.111	692.9
1000.28	643.74
1000.448	1340.05
1000.617	1251.99
1000.786	1321.62
1000.955	692.9
1001.124	1708.69
1001.292	2054.8
1001.461	932.51
1001.63	766.62
1001.798	1546.9
1001.967	1481.36
1002.136	746.14
1002.304	725.66
1002.473	1581.71
1002.642	1432.21
1002.81	844.45
1002.979	783.01
1003.147	1634.96
1003.316	1606.29
1003.484	840.35
1003.653	895.64
1003.821	1505.94
1003.99	1243.8
1004.158	1170.07
1004.327	989.85
1004.495	1426.07
1004.663	1352.34
1004.832	1082.01
1005	694.94
1005.168	1448.6
1005.337	1299.09
1005.505	613.03
1005.673	1084.06
1005.842	1481.36
1006.01	1286.81
1006.178	567.97
1006.346	768.67
1006.514	1104.54
1006.683	1788.56
1006.851	721.57
1007.019	996
1007.187	1127.07
1007.355	793.25
1007.523	338.6
1007.691	457.38
1007.859	1053.34
1008.027	1733.26
1008.195	694.94
1008.363	465.57
1008.531	1102.49
1008.699	1241.75
1008.867	391.84
1009.035	635.55
1009.203	1610.39
1009.37	1188.5
1009.538	647.84
1009.706	1475.22
1009.874	1217.18
1010.042	1188.5
1010.209	520.87
1010.377	367.27
1010.545	1241.75
1010.713	1241.75
1010.88	563.87
1011.048	619.17
1011.216	1088.15
1011.383	1432.21
1011.551	543.39
1011.718	508.58
1011.886	1350.29
1012.054	1374.87
1012.221	340.65
1012.389	537.25
1012.556	1008.28
1012.724	1366.68
1012.891	694.94
1013.058	248.49
1013.226	1182.36
1013.393	1227.42
1013.561	447.14
1013.728	266.92
1013.895	1354.39
1014.063	1059.48
1014.23	295.59
1014.397	438.95
1014.565	1165.98
1014.732	952.99
1014.899	283.3
1015.066	375.46
1015.233	1192.6
1015.401	1266.33
1015.568	471.72
1015.735	694.94
1015.902	1249.94
1016.069	1352.34
1016.236	488.1
1016.403	209.58
1016.57	725.66
1016.737	1604.24
1016.904	414.37
1017.071	170.66
1017.238	828.06
1017.405	944.8
1017.572	395.94
1017.739	815.77
1017.906	1444.5
1018.073	1219.22
1018.24	258.73
1018.407	580.26
1018.573	1090.2
1018.74	1094.3
1018.907	570.02
1019.074	49.83
1019.241	1016.48
1019.407	912.03
1019.574	260.77
1019.741	252.58
1019.907	1295
1020.074	1409.69
1020.241	-9.56
1020.407	90.79
1020.574	807.58
1020.74	815.77
1020.907	311.97
1021.073	240.29
1021.24	1634.96
1021.406	1086.11
1021.573	152.23
1021.739	201.38
1021.906	1198.74
1022.072	842.4
1022.239	209.58
1022.405	324.26
1022.571	1006.24
1022.738	768.67
1022.904	357.03
1023.07	418.47
1023.237	914.08
1023.403	1155.74
1023.569	316.07
1023.735	352.93
1023.902	1008.28
1024.068	1012.38
1024.234	51.88
1024.4	197.29
1024.566	774.81
1024.732	856.73
1024.898	256.68
1025.065	-21.85
1025.231	756.38
1025.397	725.66
1025.563	299.69
1025.729	144.04
1025.895	389.8
1026.061	662.18
1026.227	-11.61
1026.392	293.54
1026.558	891.55
1026.724	998.04
1026.89	197.29
1027.056	375.46
1027.222	664.22
1027.388	774.81
1027.553	193.19
1027.719	84.65
1027.885	1186.46
1028.051	789.15
1028.216	-64.85
1028.382	154.28
1028.548	901.79
1028.713	731.81
1028.879	-7.51
1029.045	377.51
1029.21	1141.4
1029.376	914.08
1029.541	246.44
1029.707	88.75
1029.873	973.47
1030.038	996
1030.204	176.81
1030.369	49.83
1030.534	838.3
1030.7	596.64
1030.865	299.69
1031.031	74.41
1031.196	893.6
1031.361	733.86
1031.527	86.7
1031.692	230.06
1031.857	455.33
1032.023	873.12
1032.188	115.37
1032.353	123.56
1032.518	1018.52
1032.684	651.94
1032.849	-157.01
1033.014	209.58
1033.179	809.63
1033.344	834.21
1033.509	215.72
1033.674	90.79
1033.839	856.73
1034.004	783.01
1034.17	86.7
1034.335	-17.75
1034.5	651.94
1034.664	549.54
1034.829	109.22
1034.994	223.91
1035.159	479.91
1035.324	885.41
1035.489	55.98
1035.654	2.73
1035.819	1331.86
1035.984	735.9
1036.148	215.72
1036.313	86.7
1036.478	789.15
1036.643	551.59
1036.807	103.08
1036.972	-54.61
1037.137	1251.99
1037.301	578.21
1037.466	-114
1037.631	180.9
1037.795	791.2
1037.96	504.48
1038.124	373.41
1038.289	-71
1038.454	588.45
1038.618	850.59
1038.783	228.01
1038.947	256.68
1039.111	463.52
1039.276	527.01
1039.44	12.97
1039.605	817.82
1039.769	666.27
1039.933	541.35
1040.098	152.23
1040.262	400.04
1040.426	770.72
1040.591	594.59
1040.755	94.89
1040.919	41.64
1041.083	971.42
1041.248	471.72
1041.412	-259.41
1041.576	-42.32
1041.74	422.56
1041.904	508.58
1042.068	-81.24
1042.232	123.56
1042.397	1012.38
1042.561	645.79
1042.725	-275.79
1042.889	146.09
1043.053	637.6
1043.217	539.3
1043.381	35.5
1043.544	-187.73
1043.708	791.2
1043.872	348.84
1044.036	-353.62
1044.2	-181.59
1044.364	840.35
1044.528	914.08
1044.691	5102.17
1044.855	-99.67
1045.019	772.77
1045.183	733.86
1045.346	119.46
1045.51	-134.48
1045.674	789.15
1045.837	668.32
1046.001	-60.76
1046.165	29.35
1046.328	1170.07
1046.492	477.86
1046.655	207.53
1046.819	31.4
1046.983	502.43
1047.146	397.99
1047.31	166.57
1047.473	-294.22
1047.636	397.99
1047.8	369.32
1047.963	21.16
1048.127	-183.63
1048.29	357.03
