345.52	-1335.79
345.736	-1335.79
345.952	-1335.79
346.168	-1319.4
346.384	-1335.79
346.6	-260.6
346.816	-289.28
347.032	-190.97
347.248	486.9
347.464	-270.84
347.68	-238.08
347.896	17.92
348.112	314.88
348.328	-111.1
348.544	81.41
348.76	224.76
348.975	235
349.191	-274.94
349.407	-365.05
349.623	247.29
349.839	151.04
350.055	-287.23
350.27	-113.15
350.486	50.69
350.702	202.24
350.918	378.36
351.133	-102.91
351.349	120.32
351.565	431.61
351.781	-334.33
351.996	-18.94
352.212	144.89
352.428	116.22
352.644	-330.23
352.859	-328.19
353.075	290.3
353.291	77.31
353.506	-211.45
353.722	-457.21
353.938	-86.53
354.153	507.38
354.369	321.02
354.584	-397.82
354.8	292.35
355.016	-123.39
355.231	-485.88
355.447	-197.12
355.662	378.36
355.878	624.12
356.093	-479.74
356.309	-94.72
356.524	-31.23
356.74	542.2
356.955	-395.77
357.171	-190.97
357.386	175.61
357.602	-47.62
357.817	-143.87
358.033	-207.36
358.248	306.68
358.464	345.59
358.679	-158.21
358.895	-483.83
359.11	77.31
359.325	163.33
359.541	507.38
359.756	-27.14
359.972	-166.4
360.187	460.28
360.402	-320
360.618	-260.6
360.833	1666.53
361.048	194.05
361.264	-256.51
361.479	-127.49
361.694	165.37
361.909	198.14
362.125	-369.15
362.34	-276.99
362.555	245.24
362.77	261.63
362.986	-430.59
363.201	-334.33
363.416	278.01
363.631	75.26
363.847	-342.52
364.062	-338.43
364.277	132.61
364.492	38.4
364.707	-252.41
364.922	-459.26
365.138	179.71
365.353	394.75
365.568	-469.5
365.783	-242.17
365.998	394.75
366.213	554.49
366.428	-399.87
366.643	93.69
366.858	251.39
367.073	241.15
367.288	-195.07
367.503	-332.28
367.718	83.45
367.933	445.95
368.148	-391.67
368.363	-104.96
368.578	284.16
368.793	566.78
369.008	-129.53
369.223	-475.64
369.438	298.49
369.653	159.23
369.868	-387.58
370.083	-391.67
370.298	202.24
370.513	445.95
370.728	108.03
370.943	-264.7
371.157	1.54
371.372	673.27
371.587	-401.91
371.802	-457.21
372.017	171.52
372.232	452.09
372.446	-98.81
372.661	-303.61
372.876	15.87
373.091	308.73
373.306	-199.16
373.52	-479.74
373.735	-39.42
373.95	724.47
374.165	-313.85
374.379	-244.22
374.594	24.06
374.809	447.99
375.023	-27.14
375.238	-317.95
375.453	275.96
375.667	-123.39
375.882	-309.76
376.097	-393.72
376.311	15.87
376.526	253.44
376.741	-393.72
376.955	183.81
377.17	488.95
377.384	1000.94
377.599	-16.9
377.813	-471.54
378.028	755.19
378.242	259.58
378.457	-193.02
378.672	-428.54
378.886	-76.29
379.101	157.18
379.315	-567.8
379.53	-186.88
379.744	421.37
379.958	275.96
380.173	-256.51
380.387	-293.37
380.602	314.88
380.816	-53.76
381.031	-178.69
381.245	-307.71
381.459	144.89
381.674	927.22
381.888	-432.63
382.103	198.14
382.317	-55.81
382.531	386.55
382.746	-111.1
382.96	-299.52
383.174	118.27
383.388	673.27
383.603	65.02
383.817	-375.29
384.031	58.88
384.246	470.52
384.46	-92.67
384.674	747
384.888	-80.38
385.103	253.44
385.317	-483.83
385.531	93.69
385.745	781.81
385.959	433.66
386.174	-285.18
386.388	-297.47
386.602	200.19
386.816	42.5
387.03	-215.55
387.244	-164.35
387.458	237.05
387.672	378.36
387.887	-412.15
388.101	-414.2
388.315	343.55
388.529	196.09
388.743	-254.46
388.957	-301.56
389.171	529.91
389.385	-18.94
389.599	-356.86
389.813	-139.77
390.027	60.93
390.241	794.1
390.455	-225.79
390.669	-68.09
390.883	95.74
391.097	536.06
391.311	77.31
391.525	-305.66
391.738	445.95
391.952	464.38
392.166	-59.9
392.38	-473.59
392.594	411.13
392.808	355.83
393.022	-82.43
393.236	-184.83
393.449	187.9
393.663	507.38
393.877	-317.95
394.091	-129.53
394.305	144.89
394.518	75.26
394.732	-406.01
394.946	-162.3
395.16	767.48
395.373	177.66
395.587	-393.72
395.801	-268.8
396.015	308.73
396.228	308.73
396.442	-244.22
396.656	-467.45
396.869	364.03
397.083	847.35
397.297	-141.82
397.51	-195.07
397.724	212.48
397.938	120.32
398.151	-457.21
398.365	-446.97
398.578	273.92
398.792	558.58
399.005	65.02
399.219	-231.93
399.433	189.95
399.646	458.23
399.86	116.22
400.073	237.05
400.287	243.2
400.5	288.25
400.714	128.51
400.927	-145.92
401.141	495.1
401.354	1758.69
401.567	587.26
401.781	-479.74
401.994	247.29
402.208	732.66
402.421	-47.62
402.635	-197.12
402.848	-49.66
403.061	329.21
403.275	-16.9
403.488	-375.29
403.701	460.28
403.915	587.26
404.128	44.54
404.341	-201.21
404.555	806.39
404.768	-6.66
404.981	3.58
405.195	-229.88
405.408	460.28
405.621	353.79
405.834	130.56
406.048	-317.95
406.261	445.95
406.474	450.04
406.687	-240.12
406.9	-25.09
407.114	321.02
407.327	431.61
407.54	-330.23
407.753	-473.59
407.966	5.63
408.179	257.53
408.392	-182.78
408.605	-463.35
408.819	271.87
409.032	312.83
409.245	-168.45
409.458	108.03
409.671	323.07
409.884	339.45
410.097	-469.5
410.31	34.3
410.523	689.65
410.736	159.23
410.949	-64
411.162	-193.02
411.375	435.71
411.588	284.16
411.801	85.5
412.014	-338.43
412.227	73.21
412.44	204.28
412.653	-125.44
412.865	181.76
413.078	476.66
413.291	388.6
413.504	36.35
413.717	-354.81
413.93	429.56
414.143	7.68
414.356	9.73
414.568	-453.11
414.781	392.7
414.994	415.23
415.207	5.63
415.42	-6.66
415.632	331.26
415.845	802.29
416.058	-385.53
416.271	-266.75
416.483	380.41
416.696	660.98
416.909	-225.79
417.121	-248.32
417.334	196.09
417.547	497.14
417.759	-252.41
417.972	-154.11
418.185	157.18
418.397	296.44
418.61	-176.64
418.823	-225.79
419.035	628.21
419.248	390.65
419.46	-49.66
419.673	34.3
419.885	189.95
420.098	355.83
420.311	-133.63
420.523	-461.3
420.736	509.43
420.948	269.82
421.161	-94.72
421.373	-426.49
421.586	108.03
421.798	-47.62
422.01	-317.95
422.223	44.54
422.435	7.68
422.648	663.03
422.86	-141.82
423.073	-219.64
423.285	263.68
423.497	40.45
423.71	-154.11
423.922	-74.24
424.134	581.11
424.347	847.35
424.559	271.87
424.771	255.48
424.984	450.04
425.196	382.46
425.408	-403.96
425.621	-283.13
425.833	437.75
426.045	656.89
426.257	-311.8
426.47	-129.53
426.682	144.89
426.894	251.39
427.106	-172.54
427.318	-68.09
427.531	200.19
427.743	337.4
427.955	75.26
428.167	660.98
428.379	214.52
428.591	181.76
428.804	40.45
429.016	-215.55
429.228	409.08
429.44	505.34
429.652	13602.1
429.864	-367.1
430.076	232.96
430.288	386.55
430.5	19.97
430.712	-14.85
430.924	501.24
431.136	468.47
431.348	-258.56
431.56	-125.44
431.772	103.93
431.984	108.03
432.196	-225.79
432.408	-70.14
432.62	275.96
432.832	486.9
433.044	247.29
433.256	60.93
433.468	491
433.679	15.87
433.891	-301.56
434.103	282.11
434.315	767.48
434.527	435.71
434.739	110.08
434.95	-39.42
435.162	353.79
435.374	-18.94
435.586	65.02
435.798	-121.34
436.009	194.05
436.221	255.48
436.433	-33.28
436.645	-20.99
436.856	263.68
437.068	722.42
437.28	-129.53
437.491	329.21
437.703	583.16
437.915	437.75
438.126	-176.64
438.338	474.62
438.55	271.87
438.761	275.96
438.973	28.16
439.184	-76.29
439.396	249.34
439.608	364.03
439.819	-147.97
440.031	26.11
440.242	550.39
440.454	546.3
440.665	83.45
440.877	138.75
441.088	622.07
441.3	480.76
441.511	-250.36
441.723	19.97
441.934	767.48
442.146	636.41
442.357	179.71
442.569	570.87
442.78	669.17
442.991	1017.33
443.203	491
443.414	-88.57
443.626	800.24
443.837	427.51
444.048	11.78
444.26	-209.4
444.471	534.01
444.682	474.62
444.894	-121.34
445.105	-141.82
445.316	697.85
445.528	609.78
445.739	224.76
445.95	79.36
446.161	552.44
446.373	620.02
446.584	71.17
446.795	-55.81
447.006	790
447.217	677.37
447.429	-96.77
447.64	-84.48
447.851	1381.87
448.062	722.42
448.273	-174.59
448.484	-29.18
448.695	585.21
448.907	652.79
449.118	153.09
449.329	574.97
449.54	318.97
449.751	493.05
449.962	122.37
450.173	13.82
450.384	548.34
450.595	884.21
450.806	40.45
451.017	75.26
451.228	787.96
451.439	617.97
451.65	159.23
451.861	-231.93
452.072	450.04
452.283	556.54
452.494	374.27
452.705	40.45
452.915	1105.39
453.126	577.02
453.337	271.87
453.548	54.78
453.759	1048.05
453.97	931.31
454.181	675.32
454.391	144.89
454.602	624.12
454.813	1021.42
455.024	75.26
455.235	77.31
455.445	921.07
455.656	568.82
455.867	419.32
456.078	108.03
456.288	413.18
456.499	804.34
456.71	36.35
456.921	599.54
457.131	652.79
457.342	572.92
457.553	173.57
457.763	226.81
457.974	538.1
458.184	757.24
458.395	46.59
458.606	-20.99
458.816	945.65
459.027	933.36
459.237	423.42
459.448	75.26
459.659	785.91
459.869	1715.69
460.08	-174.59
460.29	261.63
460.501	1103.34
460.711	675.32
460.922	-92.67
461.132	159.23
461.343	1662.44
461.553	486.9
461.764	13.82
461.974	282.11
462.184	955.89
462.395	996.85
462.605	210.43
462.816	54.78
463.026	980.47
463.236	835.06
463.447	81.41
463.657	175.61
463.867	976.37
464.078	783.86
464.288	308.73
464.498	404.99
464.709	904.69
464.919	904.69
465.129	327.16
465.339	181.76
465.55	841.2
465.76	1074.67
465.97	398.84
466.18	372.22
466.391	1021.42
466.601	871.92
466.811	501.24
467.021	58.88
467.231	1113.58
467.441	1099.25
467.651	376.31
467.862	-61.95
468.072	798.2
468.282	964.08
468.492	192
468.702	595.45
468.912	1084.91
469.122	1639.91
469.332	697.85
469.542	251.39
469.752	1385.96
469.962	904.69
470.172	386.55
470.382	333.31
470.592	1236.46
470.802	1160.69
471.012	646.65
471.222	478.71
471.432	1017.33
471.642	1213.93
471.852	720.37
472.062	310.78
472.272	1082.86
472.482	978.42
472.691	513.53
472.901	404.99
473.111	927.22
473.321	1562.09
473.531	484.86
473.741	916.98
473.95	1218.03
474.16	1256.94
474.37	882.16
474.58	491
474.79	1764.84
474.999	1226.22
475.209	615.93
475.419	753.14
475.628	1310.19
475.838	1543.66
476.048	904.69
476.258	478.71
476.467	1531.37
476.677	1119.73
476.886	1091.06
477.096	976.37
477.306	1211.89
477.515	1416.68
477.725	945.65
477.935	1002.99
478.144	1969.63
478.354	1324.52
478.563	914.93
478.773	771.57
478.982	1494.51
479.192	1496.55
479.401	1058.29
479.611	894.45
479.82	1113.58
480.03	1502.7
480.239	876.02
480.449	648.69
480.658	1758.69
480.868	1529.32
481.077	1129.97
481.287	1097.2
481.496	1586.66
481.705	1875.43
481.915	1478.12
482.124	1373.68
482.333	1635.82
482.543	2024.93
482.752	1435.11
482.961	1107.44
483.171	1760.74
483.38	1476.07
483.589	1297.9
483.799	1089.01
484.008	1629.67
484.217	1637.86
484.426	1234.41
484.636	1093.1
484.845	1932.77
485.054	1359.34
485.263	1807.84
485.472	1265.13
485.682	1959.39
485.891	1732.07
486.1	1127.92
486.309	1220.08
486.518	2119.14
486.727	2667.99
486.936	1277.42
487.146	1527.27
487.355	2227.68
487.564	1807.84
487.773	1396.2
487.982	1371.63
488.191	1783.27
488.4	2151.9
488.609	1439.21
488.818	1500.65
489.027	2424.28
489.236	2309.6
489.445	1484.27
489.654	1347.05
489.863	2446.81
490.072	1943.01
490.281	2272.73
490.49	1582.57
490.698	2379.23
490.907	2620.89
491.116	1641.96
491.325	1451.5
491.534	2469.34
491.743	2010.59
491.952	1844.71
492.16	1738.21
492.369	2440.67
492.578	2498.01
492.787	1838.56
492.996	1566.18
493.204	2125.28
493.413	2549.21
493.622	1594.86
493.831	1439.21
494.039	2661.85
494.248	2082.27
494.457	1719.78
494.665	1572.33
494.874	2393.56
495.083	3079.63
495.291	1699.3
495.5	1748.45
495.709	2653.66
495.917	2328.03
496.126	2033.12
496.335	1854.95
496.543	2491.87
496.752	2516.44
496.96	2334.17
497.169	1648.1
497.377	2389.47
497.586	2581.98
497.794	2121.18
498.003	1586.66
498.211	2485.72
498.42	2706.9
498.628	2067.94
498.837	1908.19
499.045	2600.41
499.254	2508.25
499.462	1955.3
499.671	1918.43
499.879	3392.97
500.087	2762.2
500.296	1867.24
500.504	1977.83
500.713	2604.5
500.921	3001.81
501.129	2035.17
501.338	1940.96
501.546	2713.05
501.754	2688.47
501.962	2246.11
502.171	2031.07
502.379	2754.01
502.587	2856.4
502.795	2084.32
503.004	2178.53
503.212	3018.19
503.42	2803.16
503.628	2256.35
503.837	2246.11
504.045	2711
504.253	3329.49
504.461	2256.35
504.669	2012.64
504.877	3229.13
505.085	2895.32
505.294	1967.59
505.502	2569.69
505.71	3249.61
505.918	2878.93
506.126	2016.74
506.334	2158.05
506.542	2983.38
506.75	2985.43
506.958	2678.23
507.166	2395.61
507.374	2704.85
507.582	3171.79
507.79	2600.41
507.998	2307.55
508.206	3198.42
508.414	3163.6
508.622	2457.05
508.83	2311.64
509.037	2887.12
509.245	2590.17
509.453	2522.59
509.661	2274.78
509.869	3179.98
510.077	2788.82
510.285	2624.98
510.492	2084.32
510.7	3579.34
510.908	2858.45
511.116	2500.06
511.324	2393.56
511.531	2901.46
511.739	3327.44
511.947	2852.31
512.155	2887.12
512.362	3179.98
512.57	2807.25
512.778	2426.33
512.985	2168.29
513.193	3036.63
513.401	3388.88
513.608	2549.21
513.816	2723.29
514.024	3089.87
514.231	3313.1
514.439	2667.99
514.646	2528.73
514.854	3368.4
515.061	3263.95
515.269	2770.39
515.477	2557.4
515.684	3182.03
515.892	3380.68
516.099	2385.37
516.307	2440.67
516.514	3780.04
516.722	3581.39
516.929	2682.33
517.136	2717.14
517.344	3376.59
517.551	3466.7
517.759	2614.74
517.966	2766.29
518.173	3313.1
518.381	3208.66
518.588	2819.54
518.796	2518.49
519.003	3587.53
519.21	3466.7
519.418	2762.2
519.625	3128.78
519.832	3464.65
520.039	3556.81
520.247	2510.3
520.454	3010
520.661	3651.02
520.868	3534.28
521.076	2885.08
521.283	3065.3
521.49	3970.5
521.697	3511.75
521.904	2958.8
522.112	2921.94
522.319	3685.83
522.526	3392.97
522.733	2901.46
522.94	2731.48
523.147	3519.95
523.354	3554.76
523.561	2766.29
523.768	3159.5
523.975	3954.12
524.183	3612.1
524.39	3276.24
524.597	2835.92
524.804	3413.45
525.011	3448.27
525.218	3077.59
525.425	3100.11
525.632	3929.54
525.838	3401.16
526.045	3003.86
526.252	3249.61
526.459	5158.32
526.666	5361.07
526.873	3063.25
527.08	3042.77
527.287	3995.08
527.494	3952.07
527.701	2993.62
527.907	3007.95
528.114	3687.88
528.321	3784.13
528.528	3143.12
528.735	3040.72
528.941	3665.35
529.148	3589.58
529.355	3288.53
529.562	3151.31
529.768	4414.91
529.975	3786.18
530.182	3218.89
530.388	3243.47
530.595	3990.98
530.802	3544.52
531.008	3657.16
531.215	3212.75
531.422	4742.58
531.628	4640.19
531.835	3323.34
532.042	3378.64
532.248	4019.65
532.455	4074.95
532.661	3313.1
532.868	3272.14
533.074	4019.65
533.281	4289.98
533.487	3425.74
533.694	3429.84
533.9	3870.15
534.107	3696.07
534.313	3511.75
534.52	3083.73
534.726	3921.35
534.933	4470.2
535.139	3274.19
535.345	3118.54
535.552	4435.39
535.758	4298.17
535.965	3546.57
536.171	3429.84
536.377	4101.57
536.584	4648.38
536.79	3403.21
536.996	3640.78
537.203	4343.23
537.409	4502.97
537.615	3526.09
537.821	3802.57
538.028	4875.7
538.234	4179.39
538.44	3681.74
538.646	3573.19
538.853	4076.99
539.059	3958.21
539.265	4216.26
539.471	3368.4
539.677	4517.31
539.883	4189.63
540.09	5324.21
540.296	4257.22
540.502	4398.52
540.708	4238.78
540.914	4187.58
541.12	3597.77
541.326	4425.15
541.532	4437.44
541.738	3902.92
541.944	3859.91
542.15	4556.22
542.356	4222.4
542.562	3683.78
542.768	3821
542.974	4670.9
543.18	4640.19
543.386	3872.2
543.592	3507.66
543.798	5393.84
544.004	4758.97
544.21	3939.78
544.415	3986.88
544.621	4623.8
544.827	5182.9
545.033	3866.05
545.239	4400.57
545.445	4431.29
545.651	4740.54
545.856	4033.99
546.062	4021.7
546.268	4642.23
546.474	4683.19
546.679	3857.86
546.885	3902.92
547.091	4482.49
547.297	4955.57
547.502	3999.17
547.708	3691.98
547.914	4509.12
548.119	4873.65
548.325	3835.33
548.531	3745.22
548.736	5176.75
548.942	4550.07
549.147	3909.06
549.353	4410.81
549.559	5064.11
549.764	4922.8
549.97	4003.27
550.175	4130.24
550.381	4826.55
550.586	4339.13
550.792	4199.87
550.997	3947.97
551.203	4959.67
551.408	5004.72
551.614	3925.44
551.819	3941.83
552.025	5326.25
552.23	4924.85
552.435	4111.81
552.641	4392.38
552.846	4435.39
553.052	5399.98
553.257	4480.44
553.462	4150.72
553.668	4742.58
553.873	4797.88
554.078	4220.35
554.283	4308.41
554.489	5017.01
554.694	4754.87
554.899	3958.21
555.105	4603.32
555.31	5283.25
555.515	5100.98
555.72	4447.68
555.925	5311.92
556.131	5203.38
556.336	4885.94
556.541	4181.44
556.746	4142.53
556.951	5293.49
557.156	5139.89
557.361	4656.57
557.567	4789.69
557.772	5246.38
557.977	5236.14
558.182	4349.37
558.387	4421.05
558.592	4853.17
558.797	5612.97
559.002	4462.01
559.207	4625.85
559.412	5230
559.617	5594.54
559.822	4492.73
560.027	4400.57
560.232	4965.81
560.437	5367.21
560.642	4234.69
560.847	4281.79
561.051	5049.78
561.256	5076.4
561.461	4529.59
561.666	4380.09
561.871	4918.71
562.076	5350.83
562.281	4554.17
562.485	4347.33
562.69	5305.78
562.895	5082.55
563.1	4617.66
563.305	4486.59
563.509	5328.3
563.714	5627.31
563.919	4349.37
564.123	4490.68
564.328	5039.54
564.533	5768.62
564.737	4672.95
564.942	4394.43
565.147	5430.7
565.351	5459.37
565.556	4466.11
565.761	4593.08
565.965	5383.6
566.17	5184.94
566.374	4621.75
566.579	4535.74
566.784	5399.98
566.988	5369.26
567.193	4545.98
567.397	4830.65
567.602	5068.21
567.806	5270.96
568.011	4658.62
568.215	4625.85
568.42	5088.69
568.624	5451.18
568.828	4677.05
569.033	4752.82
569.237	5524.91
569.442	5518.76
569.646	4373.95
569.85	4697.53
570.055	5252.53
570.259	5391.79
570.463	4994.48
570.668	4971.96
570.872	5428.65
571.076	5399.98
571.281	5100.98
571.485	4765.11
571.689	5436.85
571.893	5641.64
572.098	5012.92
572.302	4785.59
572.506	5508.52
572.71	5655.98
572.914	4679.1
573.119	4781.5
573.323	5729.7
573.527	5791.14
573.731	4838.84
573.935	4832.69
574.139	5461.42
574.343	5619.11
574.547	4965.81
574.751	5066.16
574.955	5549.48
575.159	5723.56
575.364	4988.34
575.568	4838.84
575.772	5447.08
575.976	5598.63
576.18	4998.58
576.383	4937.14
576.587	5948.84
576.791	5805.48
576.995	4720.06
577.199	4711.86
577.403	5488.04
577.607	5809.58
577.811	4871.61
578.015	5164.47
578.219	5629.35
578.422	5703.08
578.626	5150.13
578.83	5244.34
579.034	5868.97
579.238	5987.75
579.442	4920.76
579.645	5580.2
579.849	5672.36
580.053	6038.95
580.257	5127.6
580.46	5365.17
580.664	5909.93
580.868	5924.26
581.071	5361.07
581.275	5313.97
581.479	5522.86
581.682	6063.52
581.886	5035.44
582.09	5266.86
582.293	5922.21
582.497	5836.2
582.7	5363.12
582.904	5131.7
583.107	5805.48
583.311	5871.01
583.515	5156.27
583.718	5195.18
583.922	5989.8
584.125	7003.54
584.329	5055.92
584.532	5373.36
584.735	6282.66
584.939	5801.38
585.142	5060.02
585.346	5305.78
585.549	5815.72
585.753	5985.7
585.956	5262.77
586.159	5705.13
586.363	6303.14
586.566	6032.8
586.769	5068.21
586.973	5242.29
587.176	6038.95
587.379	5883.3
587.582	5539.24
587.786	5719.46
587.989	6145.44
588.192	6909.33
588.395	5440.94
588.599	5875.11
588.802	5989.8
589.005	6278.56
589.208	5391.79
589.411	5457.32
589.615	6112.67
589.818	6489.5
590.021	6106.53
590.224	5813.67
590.427	6419.87
590.63	6356.38
590.833	5442.99
591.036	5359.02
591.239	6122.91
591.442	5834.15
591.645	5817.77
591.848	5541.29
592.051	6137.25
592.254	6274.46
592.457	5852.58
592.66	5801.38
592.863	6260.13
593.066	6604.19
593.269	5670.31
593.472	5746.09
593.675	6065.57
593.878	6215.07
594.081	5696.94
594.284	5459.37
594.486	6380.96
594.689	6346.14
594.892	5864.87
595.095	5879.21
595.298	6477.21
595.5	5944.74
595.703	5830.06
595.906	5834.15
596.109	6333.86
596.311	6262.18
596.514	5502.38
596.717	5879.21
596.92	6593.95
597.122	6665.63
597.325	5565.87
597.528	5610.92
597.73	6692.25
597.933	6655.39
598.136	5819.82
598.338	5522.86
598.541	6774.17
598.743	6733.21
598.946	5981.6
599.148	5711.27
599.351	6854.04
599.554	6329.76
599.756	5971.36
599.959	6186.4
600.161	6720.92
600.363	7046.55
600.566	6356.38
600.768	6002.08
600.971	6659.48
601.173	6557.08
601.376	5819.82
601.578	6071.72
601.78	6483.36
601.983	7202.19
602.185	5950.89
602.388	6344.1
602.59	6552.99
602.792	6544.8
602.995	6456.73
603.197	6190.5
603.399	6829.46
603.601	7181.71
603.804	6004.13
604.006	5973.41
604.208	6380.96
604.41	6235.55
604.613	6305.18
604.815	5997.99
605.017	7118.23
605.219	6460.83
605.421	6864.28
605.623	6075.81
605.826	7140.76
606.028	7232.91
606.23	6086.05
606.432	6305.18
606.634	7042.45
606.836	6866.33
607.038	5815.72
607.24	6225.31
607.442	6860.18
607.644	6770.07
607.846	6114.72
608.048	6112.67
608.25	6944.15
608.452	6376.86
608.654	6387.1
608.856	5762.47
609.058	6661.53
609.26	7048.6
609.462	6411.68
609.664	6172.07
609.866	6999.45
610.067	6761.88
610.269	6288.8
610.471	6358.43
610.673	6618.52
610.875	7019.92
611.077	6002.08
611.278	6397.34
611.48	6671.77
611.682	7142.8
611.884	6331.81
612.085	6147.49
612.287	6735.26
612.489	6665.63
612.69	6034.85
612.892	6284.7
613.094	7230.87
613.295	6895
613.497	6096.29
613.699	6084
613.9	7030.16
614.102	6940.05
614.304	6178.21
614.505	6313.38
614.707	6862.23
614.908	6923.67
615.11	6170.02
615.311	6325.66
615.513	6976.92
615.714	6880.66
615.916	6241.7
616.117	6716.83
616.319	6948.25
616.52	7048.6
616.722	6438.3
616.923	6292.9
617.124	7005.59
617.326	6964.63
617.527	6479.26
617.729	6309.28
617.93	6938.01
618.131	6956.44
618.333	6219.17
618.534	6358.43
618.735	6987.16
618.937	7081.36
619.138	6514.08
619.339	6331.81
619.54	7058.84
619.742	6774.17
619.943	6391.2
620.144	6507.93
620.345	7484.81
620.546	6925.72
620.748	6364.57
620.949	6499.74
621.15	7146.9
621.351	6804.89
621.552	6149.54
621.753	6077.86
621.954	6901.14
622.155	7253.39
622.356	6192.55
622.558	6493.6
622.759	7214.48
622.96	7357.84
623.161	6264.22
623.362	6417.82
623.563	7130.52
623.764	7032.21
623.965	6305.18
624.166	6747.55
624.366	6800.79
624.567	7007.64
624.768	6030.76
624.969	6366.62
625.17	6718.87
625.371	7003.54
625.572	6712.73
625.773	6368.67
625.973	7253.39
626.174	7411.09
626.375	6636.95
626.576	6694.3
626.777	6976.92
626.977	7562.64
627.178	6524.32
627.379	6774.17
627.58	7161.23
627.78	6923.67
627.981	6596
628.182	6819.22
628.382	6890.9
628.583	6546.84
628.784	6253.98
628.984	6747.55
629.185	6983.06
629.386	7374.22
629.586	6501.79
629.787	6542.75
629.987	6983.06
630.188	7239.06
630.388	6589.85
630.589	6870.42
630.79	7642.51
630.99	7011.73
631.191	6616.48
631.391	6639
631.591	7024.02
631.792	7304.59
631.992	6851.99
632.193	6682.01
632.393	7482.77
632.594	7230.87
632.794	6428.06
632.994	6770.07
633.195	6878.62
633.395	6823.32
633.595	6518.17
633.796	6823.32
633.996	7187.86
634.196	7294.35
634.397	6419.87
634.597	6567.32
634.797	7054.74
634.997	7415.18
635.198	7042.45
635.398	6481.31
635.598	7267.73
635.798	7290.26
635.998	6989.21
636.199	6675.87
636.399	6671.77
636.599	6911.38
636.799	6555.04
636.999	6946.2
637.199	7572.88
637.399	7574.92
637.599	6436.25
637.799	6827.42
637.999	7013.78
638.199	7187.86
638.399	6634.91
638.599	6602.14
638.799	7384.46
638.999	7652.75
639.199	6825.37
639.399	6874.52
639.599	7316.88
639.799	7187.86
639.999	6669.72
640.199	6774.17
640.399	7021.97
640.599	7450
640.799	6827.42
640.998	6972.82
641.198	7280.02
641.398	7556.49
641.598	6970.77
641.798	6981.01
641.997	8592.76
642.197	7021.97
642.397	7212.43
642.597	6729.11
642.796	7271.83
642.996	7183.76
643.196	7245.2
643.395	6514.08
643.595	7185.81
643.795	7073.17
643.994	6579.61
644.194	6899.09
644.394	7767.43
644.593	7546.25
644.793	6653.34
644.992	7126.42
645.192	7675.27
645.392	6976.92
645.591	7122.32
645.791	6821.27
645.99	7587.21
646.19	7140.76
646.389	6815.13
646.589	6827.42
646.788	7292.3
646.987	7372.18
647.187	7308.69
647.386	7181.71
647.586	7198.1
647.785	7660.94
647.984	7054.74
648.184	7243.15
648.383	7259.54
648.582	7302.54
648.782	6868.38
648.981	7210.39
649.18	7130.52
649.38	7286.16
649.579	7089.56
649.778	6854.04
649.977	7671.18
650.177	7613.84
650.376	6919.57
650.575	6722.97
650.774	7587.21
650.973	7302.54
651.173	6671.77
651.372	7157.14
651.571	7370.13
651.77	7654.8
651.969	6940.05
652.168	7304.59
652.367	7257.49
652.566	7325.07
652.765	7167.38
652.964	7589.26
653.163	7640.46
653.362	7521.68
653.561	6913.43
653.76	7210.39
653.959	7458.19
654.158	7675.27
654.357	7091.6
654.556	7019.92
654.755	7769.48
654.954	7746.95
655.153	7167.38
655.352	7181.71
655.551	7521.68
655.749	7329.17
655.948	7198.1
656.147	7138.71
656.346	7509.39
656.545	7490.96
656.743	7173.52
656.942	7202.19
657.141	7468.43
657.34	7447.95
657.538	6917.53
657.737	7036.31
657.936	7529.87
658.135	7343.5
658.333	7077.27
658.532	7359.89
658.731	7945.61
658.929	7630.22
659.128	7421.33
659.326	6800.79
659.525	7718.28
659.724	7712.14
659.922	6682.01
660.121	6909.33
660.319	7556.49
660.518	7044.5
660.716	7034.26
660.915	7040.4
661.113	7914.89
661.312	7273.87
661.51	7372.18
661.709	6839.7
661.907	7779.72
662.105	7882.12
662.304	6950.29
662.502	7259.54
662.701	7665.04
662.899	7386.51
663.097	7595.4
663.296	7011.73
663.494	7757.19
663.692	7912.84
663.891	7079.32
664.089	6886.81
664.287	7646.6
664.485	7533.97
664.684	7095.7
664.882	7157.14
665.08	7615.88
665.278	7474.57
665.476	7058.84
665.675	7419.28
665.873	8021.38
666.071	7886.22
666.269	7081.36
666.467	7378.32
666.665	7724.43
666.863	7585.16
667.061	7447.95
667.259	7093.65
667.457	7617.93
667.655	7505.29
667.853	6960.53
668.051	7396.75
668.249	7601.55
668.447	7902.6
668.645	7007.64
668.843	7636.36
669.041	7611.79
669.239	7165.33
669.437	7218.58
669.635	7339.41
669.833	7525.77
670.031	7533.97
670.229	7204.24
670.426	7259.54
670.624	7566.73
670.822	7658.89
671.02	7058.84
671.218	7206.29
671.415	7466.38
671.613	7550.35
671.811	7501.2
672.009	7181.71
672.206	7869.83
672.404	7493.01
672.602	7511.44
672.799	7361.94
672.997	7746.95
673.195	7570.83
673.392	7347.6
673.59	7028.12
673.788	7734.67
673.985	6952.34
674.183	7333.26
674.38	6978.97
674.578	7843.21
674.775	7454.09
674.973	6929.81
675.17	7130.52
675.368	7888.26
675.565	7349.65
675.763	7390.61
675.96	7220.63
676.158	7628.17
676.355	7665.04
676.553	6983.06
676.75	7406.99
676.947	7310.74
677.145	7411.09
677.342	7316.88
677.539	7259.54
677.737	7667.08
677.934	7974.28
678.131	7368.08
678.329	7097.75
678.526	8160.64
678.723	7888.26
678.92	7218.58
679.118	7370.13
679.315	7191.95
679.512	7722.38
679.709	7064.98
679.906	7267.73
680.104	7789.96
680.301	7583.12
680.498	6634.91
680.695	7128.47
680.892	7359.89
681.089	7460.24
681.286	7163.28
681.483	6788.5
681.68	7538.06
681.877	7622.03
682.075	7130.52
682.272	7226.77
682.469	7595.4
682.665	7591.31
682.862	7155.09
683.059	7136.66
683.256	7515.53
683.453	7589.26
683.65	7226.77
683.847	7110.04
684.044	7570.83
684.241	7222.67
684.438	7194
684.635	6768.02
684.831	8002.95
685.028	7935.37
685.225	6735.26
685.422	7355.79
685.619	7515.53
685.815	7484.81
686.012	7144.85
686.209	6862.23
686.405	7478.67
686.602	7499.15
686.799	6870.42
686.996	6669.72
687.192	7318.93
687.389	7914.89
687.586	6946.2
687.782	6892.95
687.979	7945.61
688.175	7718.28
688.372	6935.96
688.568	6956.44
688.765	7433.61
688.962	7767.43
689.158	7120.28
689.355	6600.09
689.551	7419.28
689.748	7275.92
689.944	7112.08
690.14	6903.19
690.337	7611.79
690.533	7423.37
690.73	7093.65
690.926	6831.51
691.123	7234.96
691.319	7388.56
691.515	6731.16
691.712	7087.51
691.908	7230.87
692.104	7335.31
692.301	6987.16
692.497	6583.71
692.693	7429.52
692.889	7320.98
693.086	7161.23
693.282	6765.98
693.478	7380.37
693.674	7669.13
693.87	7048.6
694.067	6940.05
694.263	7323.02
694.459	7300.5
694.655	7263.63
694.851	7071.12
695.047	7370.13
695.243	7636.36
695.439	7034.26
695.635	6790.55
695.831	7361.94
696.027	7198.1
696.224	6804.89
696.42	7177.62
696.615	7638.41
696.811	7570.83
697.007	6700.44
697.203	6956.44
697.399	7161.23
697.595	7374.22
697.791	6479.26
697.987	6895
698.183	7052.69
698.379	7019.92
698.575	6872.47
698.77	6905.24
698.966	7218.58
699.162	7497.1
699.358	6829.46
699.554	7159.19
699.749	7585.16
699.945	7378.32
700.141	6899.09
700.337	6913.43
700.532	6903.19
700.728	6774.17
700.924	6485.41
701.119	6430.11
701.315	7210.39
701.511	7097.75
701.706	6788.5
701.902	6477.21
702.097	7130.52
702.293	7202.19
702.489	6753.69
702.684	6462.88
702.88	7370.13
703.075	6886.81
703.271	6753.69
703.466	6448.54
703.662	6790.55
703.857	7015.83
704.053	6489.5
704.248	6743.45
704.443	7642.51
704.639	7292.3
704.834	6888.85
705.03	6696.35
705.225	7159.19
705.42	7447.95
705.616	6976.92
705.811	6485.41
706.006	7138.71
706.202	7136.66
706.397	6958.49
706.592	6552.99
706.787	7273.87
706.983	6819.22
707.178	7048.6
707.373	6854.04
707.568	7103.89
707.763	7144.85
707.959	6614.43
708.154	6608.28
708.349	7171.47
708.544	7237.01
708.739	7163.28
708.934	6405.53
709.129	7282.06
709.324	7320.98
709.519	6710.68
709.714	6505.88
709.909	7288.21
710.104	7204.24
710.299	6800.79
710.494	6841.75
710.689	7118.23
710.884	7103.89
711.079	6624.67
711.274	6872.47
711.469	7329.17
711.664	7335.31
711.859	6845.85
712.054	6862.23
712.249	7300.5
712.443	7138.71
712.638	6518.17
712.833	6495.64
713.028	6978.97
713.223	6837.66
713.417	6907.29
713.612	6487.45
713.807	7261.59
714.002	7996.81
714.196	6895
714.391	6765.98
714.586	7271.83
714.78	7333.26
714.975	6552.99
715.17	6866.33
715.364	6909.33
715.559	7337.36
715.754	6204.83
715.948	6340
716.143	7413.13
716.337	6985.11
716.532	6956.44
716.726	6829.46
716.921	7107.99
717.115	7439.76
717.31	6475.17
717.504	7566.73
717.699	7009.69
717.893	6931.86
718.088	6569.37
718.282	6419.87
718.476	6710.68
718.671	7105.94
718.865	6378.91
719.059	6434.21
719.254	6815.13
719.448	7316.88
719.642	9020.79
719.837	6274.46
720.031	8641.92
720.225	6997.4
720.419	6378.91
720.614	6233.5
720.808	6790.55
721.002	6849.94
721.196	6278.56
721.39	6426.01
721.585	6989.21
721.779	7105.94
721.973	6544.8
722.167	6172.07
722.361	6966.68
722.555	7247.25
722.749	6383.01
722.943	6364.57
723.137	6612.38
723.331	6837.66
723.525	6403.49
723.719	6415.77
723.913	6806.94
724.107	7263.63
724.301	6258.08
724.495	6397.34
724.689	7613.84
724.883	7085.46
725.077	6419.87
725.271	6288.8
725.465	6829.46
725.659	6665.63
725.853	6499.74
726.046	6081.96
726.24	6704.54
726.434	6962.58
726.628	6376.86
726.822	6276.51
727.015	6860.18
727.209	7390.61
727.403	6364.57
727.596	6030.76
727.79	6909.33
727.984	7042.45
728.177	6389.15
728.371	6446.49
728.565	7142.8
728.758	6626.71
728.952	6415.77
729.146	6395.29
729.339	6915.48
729.533	6770.07
729.726	6294.94
729.92	6479.26
730.113	6817.18
730.307	7009.69
730.5	6385.05
730.694	6299.04
730.887	6641.05
731.081	6712.73
731.274	6096.29
731.468	6350.24
731.661	6653.34
731.854	6872.47
732.048	6174.11
732.241	6090.15
732.435	6575.52
732.628	6598.04
732.821	6389.15
733.014	6239.65
733.208	6469.02
733.401	6847.9
733.594	6229.41
733.788	6217.12
733.981	6993.3
734.174	7095.7
734.367	6235.55
734.56	6342.05
734.754	7228.82
734.947	6800.79
735.14	6161.83
735.333	6376.86
735.526	7261.59
735.719	6593.95
735.912	6215.07
736.105	6335.9
736.298	6743.45
736.491	6714.78
736.684	6086.05
736.877	6219.17
737.07	7126.42
737.263	7206.29
737.456	6161.83
737.649	6333.86
737.842	6915.48
738.035	6790.55
738.228	6409.63
738.421	6489.5
738.614	7331.22
738.807	7019.92
739	6253.98
739.192	6383.01
739.385	6927.77
739.578	6909.33
739.771	6737.31
739.964	6192.55
740.156	7054.74
740.349	6892.95
740.542	6530.46
740.735	6069.67
740.927	6335.9
741.12	6493.6
741.313	5959.08
741.505	6641.05
741.698	6892.95
741.891	6802.84
742.083	6391.2
742.276	6133.15
742.468	6981.01
742.661	6747.55
742.854	6208.93
743.046	6090.15
743.239	6620.57
743.431	6712.73
743.624	6286.75
743.816	5846.44
744.009	6526.36
744.201	6612.38
744.393	6507.93
744.586	5907.88
744.778	6661.53
744.971	6690.2
745.163	6215.07
745.355	6247.84
745.548	6532.51
745.74	6823.32
745.932	6145.44
746.125	6239.65
746.317	7103.89
746.509	6813.08
746.702	6204.83
746.894	6337.95
747.086	6901.14
747.278	6817.18
747.471	6329.76
747.663	6215.07
747.855	6792.6
748.047	7042.45
748.239	5983.65
748.431	6069.67
748.623	7071.12
748.815	6882.71
749.008	6100.39
749.2	5989.8
749.392	6686.11
749.584	7054.74
749.776	6122.91
749.968	6391.2
750.16	6974.87
750.352	6409.63
750.544	6153.63
750.736	6106.53
750.928	6559.13
751.12	6509.98
751.311	6149.54
751.503	6163.87
751.695	6501.79
751.887	6469.02
752.079	5852.58
752.271	5944.74
752.463	7034.26
752.654	6483.36
752.846	6090.15
753.038	5844.39
753.23	6342.05
753.421	6745.5
753.613	6028.71
753.805	6290.85
753.997	6524.32
754.188	6860.18
754.38	6016.42
754.572	6131.11
754.763	6456.73
754.955	6667.67
755.146	6106.53
755.338	5959.08
755.53	6821.27
755.721	6473.12
755.913	5522.86
756.104	5799.34
756.296	6280.61
756.487	6673.82
756.679	5846.44
756.87	5764.52
757.062	6344.1
757.253	6421.92
757.445	5801.38
757.636	6006.18
757.827	6534.56
758.019	7212.43
758.21	5834.15
758.401	5739.94
758.593	6700.44
758.784	6522.27
758.975	5639.59
759.167	5608.87
759.358	6260.13
759.549	6657.43
759.74	5703.08
759.932	5854.63
760.123	6380.96
760.314	6233.5
760.505	5795.24
760.696	5776.81
760.888	6288.8
761.079	6495.64
761.27	5606.83
761.461	5500.33
761.652	6620.57
761.843	6178.21
762.034	5914.02
762.225	6440.35
762.416	6256.03
762.607	6227.36
762.798	5619.11
762.989	5715.37
763.18	7249.3
763.371	6456.73
763.562	5729.7
763.753	5664.17
763.944	6428.06
764.135	6114.72
764.326	6188.45
764.517	5643.69
764.708	6473.12
764.899	6458.78
765.089	5539.24
765.28	5488.04
765.471	5883.3
765.662	6313.38
765.853	5739.94
766.043	5522.86
766.234	6174.11
766.425	6256.03
766.615	5604.78
766.806	5438.89
766.997	6149.54
767.187	6116.77
767.378	5572.01
767.569	5533.1
767.759	6059.43
767.95	5885.35
768.141	5868.97
768.331	5453.23
768.522	6108.58
768.712	6356.38
768.903	5420.46
769.093	5596.59
769.284	6210.98
769.474	6149.54
769.665	5156.27
769.855	5199.28
770.046	6346.14
770.236	5932.45
770.426	5682.6
770.617	5426.61
770.807	5936.55
770.998	6192.55
771.188	5838.25
771.378	5496.24
771.569	6268.32
771.759	5981.6
771.949	5199.28
772.139	5162.42
772.33	6079.91
772.52	5842.34
772.71	5334.45
772.9	5275.06
773.09	6133.15
773.281	6296.99
773.471	5428.65
773.661	5428.65
773.851	5735.85
774.041	6043.04
774.231	5359.02
774.421	5823.91
774.611	6022.56
774.802	5959.08
774.992	5447.08
775.182	5064.11
775.372	5967.27
775.562	5971.36
775.752	5330.35
775.942	5205.42
776.131	6221.22
776.321	6102.43
776.511	5164.47
776.701	5158.32
776.891	6421.92
777.081	5584.3
777.271	5432.75
777.461	5322.16
777.651	5879.21
777.84	5924.26
778.03	5326.25
778.22	5182.9
778.41	5739.94
778.599	5592.49
778.789	5297.58
778.979	5025.2
779.169	5576.11
779.358	5598.63
779.548	5578.15
779.738	4947.38
779.927	5909.93
780.117	5295.54
780.307	5240.24
780.496	4834.74
780.686	5813.67
780.875	6325.66
781.065	5021.11
781.254	5113.27
781.444	5522.86
781.633	5475.76
781.823	5064.11
782.012	5209.52
782.202	5471.66
782.391	5514.67
782.581	5049.78
782.77	5346.73
782.96	5834.15
783.149	5418.41
783.338	5039.54
783.528	4783.54
783.717	5914.02
783.906	5897.64
784.096	5178.8
784.285	4787.64
784.474	5481.9
784.663	5399.98
784.853	4943.28
785.042	5023.16
785.231	5440.94
785.42	5531.05
785.61	5340.59
785.799	4976.05
785.988	5791.14
786.177	5299.63
786.366	5008.82
786.555	5158.32
786.744	5551.53
786.933	5430.7
787.122	4896.18
787.312	4681.14
787.501	5311.92
787.69	5637.55
787.879	4691.38
788.068	4761.02
788.257	5186.99
788.445	5559.72
788.634	4928.95
788.823	4654.52
789.012	5811.62
789.201	5686.7
789.39	5012.92
789.579	4965.81
789.768	5547.44
789.957	5418.41
790.145	4666.81
790.334	4281.79
790.523	5098.93
790.712	5332.4
790.9	4785.59
791.089	4586.94
791.278	5572.01
791.467	5451.18
791.655	5354.93
791.844	5483.95
792.033	5344.69
792.221	5301.68
792.41	4720.06
792.599	4548.03
792.787	5402.03
792.976	5434.8
793.164	4552.12
793.353	4666.81
793.541	5186.99
793.73	5367.21
793.918	4724.15
794.107	4756.92
794.295	5414.32
794.484	5109.17
794.672	4701.62
794.861	4701.62
795.049	5287.34
795.238	5731.75
795.426	4603.32
795.614	4904.37
795.803	5572.01
795.991	5473.71
796.179	4826.55
796.368	4734.39
796.556	5445.04
796.744	5156.27
796.932	4627.9
797.121	4715.96
797.309	5279.15
797.497	5309.87
797.685	4566.46
797.874	4529.59
798.062	5178.8
798.25	5453.23
798.438	4443.58
798.626	4472.25
798.814	5281.2
799.002	5342.64
799.19	4660.66
799.378	4689.34
799.566	5367.21
799.755	5399.98
799.943	5027.25
800.131	4578.75
800.318	5281.2
800.506	5340.59
800.694	4443.58
800.882	4804.02
801.07	5625.26
801.258	5250.48
801.446	4654.52
801.634	4691.38
801.822	5041.59
802.01	5289.39
802.197	4566.46
802.385	4801.97
802.573	5363.12
802.761	5207.47
802.949	4857.27
803.136	4429.24
803.324	5246.38
803.512	5262.77
803.699	4787.64
803.887	4320.7
804.075	5410.22
804.262	5227.95
804.45	4595.13
804.638	4675
804.825	4896.18
805.013	4943.28
805.201	4675
805.388	4468.16
805.576	5119.41
805.763	5438.89
805.951	4640.19
806.138	4752.82
806.326	5471.66
806.513	5088.69
806.701	4582.84
806.888	4609.47
807.075	5408.17
807.263	5469.61
807.45	4466.11
807.638	4752.82
807.825	5651.88
808.012	5698.99
808.2	4789.69
808.387	5053.87
808.574	5367.21
808.761	5541.29
808.949	4609.47
809.136	4728.25
809.323	5418.41
809.51	5393.84
809.698	5062.07
809.885	5049.78
810.072	5477.8
810.259	5621.16
810.446	4797.88
810.633	4728.25
810.82	5270.96
811.008	5727.66
811.195	4963.76
811.382	4838.84
811.569	5617.07
811.756	5012.92
811.943	4728.25
812.13	4746.68
812.317	5412.27
812.504	5047.73
812.691	4918.71
812.878	4933.04
813.064	5811.62
813.251	5399.98
813.438	4726.2
813.625	4996.53
813.812	5273.01
813.999	5508.52
814.186	4883.89
814.372	4613.56
814.559	5379.5
814.746	5715.37
814.933	4687.29
815.12	5033.4
815.306	5146.03
815.493	4980.15
815.68	4505.02
815.866	4646.33
816.053	5490.09
816.24	5633.45
816.426	4670.9
816.613	4480.44
816.799	5438.89
816.986	5555.63
817.173	4783.54
817.359	4531.64
817.546	5283.25
817.732	4965.81
817.919	4527.55
818.105	4801.97
818.292	5344.69
818.478	5193.14
818.665	5103.03
818.851	4750.78
819.037	5932.45
819.224	5230
819.41	4427.2
819.597	4541.88
819.783	6161.83
819.969	5365.17
820.156	4787.64
820.342	4621.75
820.528	6704.54
820.714	4965.81
820.901	5090.74
821.087	4828.6
821.273	5647.79
821.459	5203.38
821.646	4539.83
821.832	4687.29
822.018	5506.48
822.204	5348.78
822.39	4715.96
822.576	4724.15
822.762	5348.78
822.948	5313.97
823.134	4824.5
823.32	4593.08
823.507	4953.52
823.693	5340.59
823.879	5483.95
824.065	4492.73
824.25	5133.75
824.436	5139.89
824.622	4656.57
824.808	4412.86
824.994	5039.54
825.18	5008.82
825.366	4337.09
825.552	4517.31
825.738	5223.86
825.923	5531.05
826.109	4781.5
826.295	4408.76
826.481	5027.25
826.667	4953.52
826.852	4810.17
827.038	4394.43
827.224	5334.45
827.409	5283.25
827.595	4197.82
827.781	4883.89
827.966	5277.1
828.152	5182.9
828.338	4392.38
828.523	4189.63
828.709	4789.69
828.894	5227.95
829.08	4283.84
829.266	4310.46
829.451	4939.19
829.637	5043.64
829.822	4603.32
830.008	4376
830.193	5025.2
830.378	5322.16
830.564	4443.58
830.749	4251.07
830.935	5010.87
831.12	4857.27
831.305	4109.76
831.491	4498.88
831.676	4664.76
831.861	4918.71
832.047	4367.81
832.232	4277.69
832.417	5113.27
832.602	5361.07
832.788	4349.37
832.973	4337.09
833.158	4820.41
833.343	4810.17
833.528	4564.41
833.714	4582.84
833.899	4918.71
834.084	5539.24
834.269	4570.55
834.454	4304.32
834.639	5039.54
834.824	4744.63
835.009	4531.64
835.194	4711.86
835.379	5391.79
835.564	5373.36
835.749	4822.45
835.934	4236.74
836.119	5021.11
836.304	5006.77
836.489	4238.78
836.674	4576.7
836.859	4726.2
837.044	5260.72
837.228	4521.4
837.413	3894.72
837.598	4892.09
837.783	4935.09
837.968	4234.69
838.152	4189.63
838.337	4429.24
838.522	5322.16
838.707	4916.66
838.891	4611.51
839.076	4836.79
839.261	4775.35
839.445	4238.78
839.63	4306.37
839.815	5254.58
839.999	4578.75
840.184	4087.23
840.368	4054.47
840.553	5055.92
840.737	4736.44
840.922	3878.34
841.106	3962.31
841.291	4429.24
841.475	4867.51
841.66	4171.2
841.844	4148.67
842.029	5238.19
842.213	4609.47
842.397	4289.98
842.582	4029.89
842.766	4941.24
842.951	4928.95
843.135	4253.12
843.319	4099.52
843.504	4885.94
843.688	5203.38
843.872	3829.19
844.056	3978.69
844.241	4949.43
844.425	4699.58
844.609	4345.28
844.793	3857.86
844.977	4849.08
845.161	4631.99
845.346	4050.37
845.53	4113.86
845.714	4617.66
845.898	5014.96
846.082	3739.08
846.266	3788.23
846.45	4402.62
846.634	4720.06
846.818	3786.18
847.002	4326.85
847.186	4625.85
847.37	4189.63
847.554	3765.7
847.738	4306.37
847.922	4652.47
848.106	4685.24
848.29	3843.53
848.473	3866.05
848.657	4672.95
848.841	4402.62
849.025	3907.01
849.209	3691.98
849.392	4570.55
849.576	4396.48
849.76	3710.41
849.944	4173.25
850.127	4869.56
850.311	4179.39
850.495	3704.26
850.678	3632.58
850.862	4459.96
851.046	4591.03
851.229	4345.28
851.413	3784.13
851.596	4664.76
851.78	4328.89
851.964	3902.92
852.147	3704.26
852.331	4916.66
852.514	4822.45
852.698	3755.46
852.881	3675.59
853.065	4279.74
853.248	4212.16
853.431	4027.84
853.615	3839.43
853.798	5160.37
853.982	4511.16
854.165	4060.61
854.348	3657.16
854.532	4122.05
854.715	4183.49
854.898	3696.07
855.081	3814.85
855.265	4910.52
855.448	4935.09
855.631	3796.42
855.814	3655.11
855.997	4199.87
856.181	4519.36
856.364	3827.14
856.547	3474.89
856.73	4543.93
856.913	4474.3
857.096	3544.52
857.279	3919.3
857.462	4296.13
857.645	4384.19
857.828	3870.15
858.011	3925.44
858.194	4261.31
858.377	4203.97
858.56	3495.37
858.743	3636.68
858.926	4117.95
859.109	4001.22
859.292	3556.81
859.475	3591.63
859.658	4326.85
859.841	4320.7
860.023	3491.27
860.206	3427.79
860.389	4070.85
860.572	4185.54
860.755	3620.3
860.937	3775.94
861.12	3941.83
861.303	3958.21
861.486	3653.06
861.668	3554.76
861.851	3954.12
862.034	4410.81
862.216	3698.12
862.399	3380.68
862.581	4122.05
862.764	4318.65
862.947	3524.04
863.129	3376.59
863.312	3696.07
863.494	4216.26
863.677	4079.04
863.859	3214.8
864.042	4265.41
864.224	3909.06
864.406	3730.89
864.589	3130.83
864.771	4093.38
864.954	4017.6
865.136	3419.6
865.318	3284.43
865.501	4541.88
865.683	3614.15
865.865	3249.61
866.048	3241.42
866.23	4222.4
866.412	3939.78
866.594	3194.32
866.777	3505.61
866.959	3765.7
867.141	3876.29
867.323	3712.46
867.505	3450.32
867.687	3745.22
867.869	3997.12
868.052	3366.35
868.234	3266
868.416	3898.82
868.598	4195.78
868.78	3358.16
868.962	3167.7
869.144	4076.99
869.326	3806.66
869.508	3286.48
869.69	3141.07
869.872	3640.78
870.054	4265.41
870.236	2999.76
870.417	3147.22
870.599	3614.15
870.781	4255.17
870.963	3532.23
871.145	3139.02
871.327	3698.12
871.508	4072.9
871.69	3237.33
871.872	3376.59
872.054	3722.7
872.235	3845.57
872.417	3315.15
872.599	2958.8
872.78	4261.31
872.962	3675.59
873.144	2819.54
873.325	3253.71
873.507	4060.61
873.689	3845.57
873.87	3237.33
874.052	3306.96
874.233	3734.98
874.415	4189.63
874.596	3368.4
874.778	3227.09
874.959	3952.07
875.141	3958.21
875.322	3114.45
875.503	3163.6
875.685	3866.05
875.866	3427.79
876.048	3227.09
876.229	3157.46
876.41	3698.12
876.592	4036.03
876.773	3263.95
876.954	3028.43
877.136	4163.01
877.317	3632.58
877.498	2997.71
877.679	3499.47
877.86	3777.99
878.042	3747.27
878.223	3266
878.404	3921.35
878.585	4097.47
878.766	5741.99
878.947	3747.27
879.128	3315.15
879.309	3919.3
879.49	4283.84
879.672	3419.6
879.853	3395.02
880.034	3794.37
880.215	3988.93
880.396	3591.63
880.576	3247.57
880.757	3753.41
880.938	4439.48
881.119	3220.94
881.3	3321.29
881.481	3706.31
881.662	4836.79
881.843	3143.12
882.023	3184.08
882.204	4277.69
882.385	3845.57
882.566	3143.12
882.747	3222.99
882.927	4009.41
883.108	3898.82
883.289	3274.19
883.469	3712.46
883.65	3947.97
883.831	3925.44
884.011	3614.15
884.192	3530.19
884.373	4076.99
884.553	3831.24
884.734	3577.29
884.914	3876.29
885.095	5178.8
885.275	4269.5
885.456	3753.41
885.636	3171.79
885.817	3847.62
885.997	4058.56
886.178	3245.52
886.358	3468.75
886.538	4050.37
886.719	5598.63
886.899	3208.66
887.08	3466.7
887.26	4277.69
887.44	3728.84
887.621	3397.07
887.801	3648.97
887.981	4545.98
888.161	4330.94
888.342	3456.46
888.522	3417.55
888.702	4253.12
888.882	4289.98
889.062	3786.18
889.242	3231.18
889.423	4275.65
889.603	4163.01
889.783	3718.6
889.963	3321.29
890.143	4210.11
890.323	4165.06
890.503	3503.56
890.683	3675.59
890.863	4027.84
891.043	3919.3
891.223	3663.3
891.403	3782.09
891.583	4163.01
891.763	4222.4
891.943	3689.93
892.122	3917.25
892.302	4060.61
892.482	4083.14
892.662	3835.33
892.842	3675.59
893.022	4120
893.201	3972.55
893.381	3644.87
893.561	3366.35
893.741	4390.33
893.92	3925.44
894.1	3745.22
894.28	3556.81
894.459	4363.71
894.639	4163.01
894.819	3464.65
894.998	3548.62
895.178	4171.2
895.357	3888.58
895.537	3427.79
895.716	3315.15
895.896	3864.01
896.075	4355.52
896.255	3235.28
896.434	3124.69
896.614	4386.24
896.793	4066.75
896.973	3620.3
897.152	3417.55
897.331	3773.89
897.511	4009.41
897.69	3110.35
897.87	3519.95
898.049	3882.44
898.228	3728.84
898.407	3511.75
898.587	3565
898.766	3730.89
898.945	3937.73
899.124	3823.05
899.304	3548.62
899.483	4031.94
899.662	4392.38
899.841	3296.72
900.02	3237.33
900.199	3818.95
900.378	3833.29
900.557	3249.61
900.737	3089.87
900.916	3597.77
901.095	3700.17
901.274	3620.3
901.453	3198.42
901.632	3413.45
901.811	3442.12
901.989	3032.53
902.168	3026.39
902.347	3911.11
902.526	3556.81
902.705	3214.8
902.884	3378.64
903.063	4048.32
903.242	3821
903.42	3093.97
903.599	3311.05
903.778	3884.48
903.957	4132.29
904.135	3364.3
904.314	3089.87
904.493	3810.76
904.672	3446.22
904.85	3134.93
905.029	3202.51
905.207	3517.9
905.386	4117.95
905.565	2792.92
905.743	2946.52
905.922	3472.84
906.1	3530.19
906.279	2749.91
906.457	2979.28
906.636	3454.41
906.814	3491.27
906.993	2794.97
907.171	2702.81
907.35	3493.32
907.528	3945.92
907.707	3153.36
907.885	2667.99
908.063	3698.12
908.242	3229.13
908.42	2811.35
908.598	2446.81
908.777	3589.58
908.955	3139.02
909.133	3073.49
909.311	2608.6
909.49	3208.66
909.668	3296.72
909.846	2782.68
910.024	2629.08
910.202	3206.61
910.38	3532.23
910.559	2721.24
910.737	2813.4
910.915	3405.26
911.093	3257.81
911.271	2923.99
911.449	3044.82
911.627	3388.88
911.805	4154.82
911.983	2860.5
912.161	2758.1
912.339	3368.4
912.517	3579.34
912.695	3241.42
912.872	3030.48
913.05	3536.33
913.228	3534.28
913.406	2807.25
913.584	2934.23
913.762	3794.37
913.939	3452.36
914.117	2964.95
914.295	2829.78
914.473	3329.49
914.65	3648.97
914.828	2891.22
915.006	2776.53
915.184	3341.77
915.361	3470.8
915.539	3038.67
915.716	3198.42
915.894	3384.78
916.072	3499.47
916.249	3419.6
916.427	3071.44
916.604	3229.13
916.782	3524.04
916.959	2848.21
917.137	2921.94
917.314	3411.4
917.492	3333.58
917.669	3087.82
917.847	2932.18
918.024	3382.73
918.201	3118.54
918.379	2991.57
918.556	2860.5
918.733	3419.6
918.911	3167.7
919.088	3247.57
919.265	2772.44
919.442	3341.77
919.62	3388.88
919.797	2764.25
919.974	2610.65
920.151	3524.04
920.328	3235.28
920.506	2715.09
920.683	3444.17
920.86	3196.37
921.037	3347.92
921.214	2864.6
921.391	2641.37
921.568	3290.57
921.745	3116.5
921.922	2780.63
922.099	2704.85
922.276	3198.42
922.453	3286.48
922.63	2663.9
922.807	3188.18
922.984	3278.29
923.161	3134.93
923.338	2887.12
923.514	2711
923.691	3225.04
923.868	3352.01
924.045	2704.85
924.222	2782.68
924.399	3155.41
924.575	3276.24
924.752	2811.35
924.929	2889.17
925.105	3083.73
925.282	2756.05
925.459	2749.91
925.635	2713.05
925.812	3167.7
925.989	2946.52
926.165	2764.25
926.342	2463.19
926.518	3014.1
926.695	2954.71
926.871	2532.83
927.048	2538.97
927.224	3239.37
927.401	2827.73
927.577	2610.65
927.754	2418.14
927.93	3212.75
928.107	3147.22
928.283	2471.39
928.459	2641.37
928.636	3118.54
928.812	3014.1
928.988	2389.47
929.165	2254.3
929.341	2887.12
929.517	3034.58
929.693	3093.97
929.87	2090.46
930.046	3059.15
930.222	2797.01
930.398	2264.54
930.574	2489.82
930.751	2762.2
930.927	2766.29
931.103	2319.84
931.279	2471.39
931.455	2758.1
931.631	2942.42
931.807	2203.1
931.983	2274.78
932.159	2403.8
932.335	2766.29
932.511	2362.84
932.687	2346.46
932.863	2575.83
933.039	2754.01
933.215	2110.94
933.391	2094.56
933.566	2594.26
933.742	2649.56
933.918	1992.16
934.094	1879.52
934.27	2481.63
934.445	2397.66
934.621	2319.84
934.797	2106.85
934.973	2485.72
935.148	2252.25
935.324	1854.95
935.5	1670.63
935.675	2502.11
935.851	2334.17
936.027	2012.64
936.202	2008.55
936.378	2641.37
936.553	2094.56
936.729	2588.12
936.904	1709.54
937.08	2000.35
937.255	2123.23
937.431	1773.03
937.606	1588.71
937.782	1953.25
937.957	2330.08
938.133	1717.73
938.308	1576.42
938.483	1922.53
938.659	1768.93
938.834	1730.02
939.009	1381.87
939.185	2104.8
939.36	1605.1
939.535	927.22
939.71	1619.43
939.886	2182.62
940.061	1828.32
940.236	1867.24
940.411	1383.91
940.586	1805.8
940.761	1879.52
940.937	1447.4
941.112	1258.99
941.287	1549.8
941.462	1689.06
941.637	1095.15
941.812	1351.15
941.987	1574.38
942.162	1545.7
942.337	1306.09
942.512	1246.7
942.687	2041.31
942.862	1676.77
943.037	1041.9
943.212	873.97
943.386	1445.35
943.561	1596.9
943.736	1461.74
943.911	1893.86
944.086	1936.87
944.26	1574.38
944.435	1195.5
944.61	1385.96
944.785	1697.25
944.959	2219.49
945.134	1267.18
945.309	1132.01
945.483	1279.47
945.658	1760.74
945.833	900.59
946.007	1033.71
946.182	1967.59
946.357	1463.79
946.531	1046
946.706	1062.38
946.88	1293.8
947.055	1646.05
947.229	1101.3
947.404	1068.53
947.578	1666.53
947.752	1631.72
947.927	949.75
948.101	923.12
948.276	2004.45
948.45	1684.97
948.624	1498.6
948.799	1123.82
948.973	1494.51
949.147	1402.35
949.321	1353.2
949.496	1289.71
949.67	2067.94
949.844	1568.23
950.018	1340.91
950.193	1265.13
950.367	2321.88
950.541	1648.1
950.715	1277.42
950.889	1527.27
951.063	1644.01
951.237	1926.63
951.411	1111.54
951.585	1164.78
951.759	1777.12
951.933	1699.3
952.107	1121.77
952.281	1545.7
952.455	2051.55
952.629	1717.73
952.803	1299.95
952.977	1449.45
953.151	1852.9
953.325	1596.9
953.499	1543.66
953.672	1089.01
953.846	1611.24
954.02	1582.57
954.194	1224.17
954.368	1299.95
954.541	1983.97
954.715	1703.4
954.889	1302
955.062	1218.03
955.236	1459.69
955.41	1740.26
955.583	1609.19
955.757	1248.75
955.93	1631.72
956.104	1541.61
956.278	1177.07
956.451	1279.47
956.625	1760.74
956.798	2072.03
956.972	1707.49
957.145	1271.28
957.319	2147.81
957.492	1732.07
957.665	1676.77
957.839	1250.8
958.012	1740.26
958.185	1570.28
958.359	1451.5
958.532	1623.53
958.705	1703.4
958.879	1637.86
959.052	1586.66
959.225	1136.11
959.398	1762.79
959.572	1988.07
959.745	1281.52
959.918	1338.86
960.091	1846.76
960.264	1928.67
960.438	1316.33
960.611	1224.17
960.784	2112.99
960.957	1566.18
961.13	1988.07
961.303	1238.51
961.476	1787.36
961.649	2172.38
961.822	1226.22
961.995	1623.53
962.168	1674.73
962.341	2059.74
962.514	1488.36
962.686	1263.08
962.859	1822.18
963.032	1918.43
963.205	1506.79
963.378	1144.3
963.551	1695.21
963.723	1590.76
963.896	1566.18
964.069	1648.1
964.242	1844.71
964.414	2221.53
964.587	1533.42
964.76	1676.77
964.932	1828.32
965.105	1711.59
965.278	1342.96
965.45	1320.43
965.623	1779.17
965.795	1961.44
965.968	1426.92
966.14	1369.58
966.313	1828.32
966.485	1863.14
966.658	1330.67
966.83	1213.93
967.003	1838.56
967.175	1787.36
967.348	1306.09
967.52	1363.44
967.692	2225.63
967.865	1897.96
968.037	1420.78
968.209	1672.68
968.382	1922.53
968.554	1959.39
968.726	1265.13
968.898	1261.04
969.071	2168.29
969.243	1865.19
969.415	1289.71
969.587	1639.91
969.759	2074.08
969.932	1764.84
970.104	1418.73
970.276	927.22
970.448	1535.46
970.62	1512.94
970.792	1439.21
970.964	1363.44
971.136	2143.71
971.308	1707.49
971.48	1093.1
971.652	1377.77
971.824	1936.87
971.996	1635.82
972.168	1246.7
972.339	1377.77
972.511	1803.75
972.683	1652.2
972.855	1635.82
973.027	1281.52
973.199	2008.55
973.37	1895.91
973.542	1443.31
973.714	1555.94
973.886	1426.92
974.057	1811.94
974.229	1232.37
974.401	1162.73
974.572	1412.59
974.744	1398.25
974.915	1144.3
975.087	1295.85
975.259	1906.15
975.43	1435.11
975.602	1127.92
975.773	1091.06
975.945	1439.21
976.116	1789.41
976.288	1009.14
976.459	1596.9
976.63	1529.32
976.802	1576.42
976.973	1066.48
977.145	1449.45
977.316	2293.21
977.487	2366.94
977.659	1342.96
977.83	1330.67
978.001	1983.97
978.172	1783.27
978.344	1140.21
978.515	1271.28
978.686	1527.27
978.857	2145.76
979.028	1281.52
979.2	1115.63
979.371	1996.26
979.542	1539.56
979.713	1451.5
979.884	841.2
980.055	1445.35
980.226	1615.34
980.397	1193.45
980.568	1082.86
980.739	1889.76
980.91	1443.31
981.081	1574.38
981.252	1119.73
981.423	1586.66
981.594	1490.41
981.765	1007.09
981.936	1250.8
982.106	1431.02
982.277	1889.76
982.448	1078.77
982.619	1437.16
982.79	1246.7
982.96	1514.98
983.131	1390.06
983.302	878.07
983.472	1439.21
983.643	1443.31
983.814	1127.92
983.984	1019.38
984.155	1453.55
984.326	1639.91
984.496	1234.41
984.667	1179.12
984.837	1164.78
985.008	1910.24
985.178	1584.62
985.349	1129.97
985.519	1347.05
985.69	1271.28
985.86	1078.77
986.031	1017.33
986.201	1453.55
986.371	1488.36
986.542	939.51
986.712	843.25
986.882	1465.83
987.053	1459.69
987.223	912.88
987.393	1506.79
987.563	1312.24
987.734	1594.86
987.904	1543.66
988.074	1005.04
988.244	1297.9
988.414	1345
988.585	966.13
988.755	1228.27
988.925	1277.42
989.095	1746.41
989.265	869.87
989.435	1086.96
989.605	1535.46
989.775	1564.14
989.945	1265.13
990.115	681.46
990.285	1285.61
990.455	1392.11
990.625	1166.83
990.795	845.3
990.965	1648.1
991.134	1308.14
991.304	816.63
991.474	804.34
991.644	1371.63
991.814	1766.89
991.984	740.85
992.153	900.59
992.323	1211.89
992.493	1410.54
992.662	726.52
992.832	970.23
993.002	1107.44
993.171	1484.27
993.341	554.49
993.511	853.49
993.68	1119.73
993.85	1418.73
994.019	699.89
994.189	689.65
994.358	1320.43
994.528	1164.78
994.697	538.1
994.867	697.85
995.036	1441.26
995.206	1107.44
995.375	652.79
995.544	1009.14
995.714	1648.1
995.883	1213.93
996.052	1183.21
996.222	499.19
996.391	1529.32
996.56	1297.9
996.73	699.89
996.899	585.21
997.068	1560.04
997.237	1275.37
997.406	658.93
997.576	425.47
997.745	1562.09
997.914	1142.25
998.083	415.23
998.252	714.23
998.421	1234.41
998.59	1134.06
998.759	693.75
998.928	482.81
999.097	1379.82
999.266	1238.51
999.435	921.07
999.604	376.31
999.773	1498.6
999.942	1160.69
1000.111	335.35
1000.28	290.3
1000.448	988.66
1000.617	959.99
1000.786	882.16
1000.955	413.18
1001.124	1412.59
1001.292	1828.32
1001.461	626.17
1001.63	550.39
1001.798	1338.86
1001.967	1240.56
1002.136	386.55
1002.304	474.62
1002.473	1453.55
1002.642	1019.38
1002.81	716.28
1002.979	538.1
1003.147	1283.56
1003.316	1459.69
1003.484	476.66
1003.653	701.94
1003.821	1107.44
1003.99	949.75
1004.158	857.59
1004.327	667.13
1004.495	1119.73
1004.663	1046
1004.832	775.67
1005	337.4
1005.168	1084.91
1005.337	1015.28
1005.505	177.66
1005.673	755.19
1005.842	1207.79
1006.01	931.31
1006.178	316.92
1006.346	574.97
1006.514	861.68
1006.683	1435.11
1006.851	427.51
1007.019	691.7
1007.187	878.07
1007.355	534.01
1007.523	99.84
1007.691	194.05
1007.859	699.89
1008.027	1533.42
1008.195	364.03
1008.363	282.11
1008.531	851.44
1008.699	1064.43
1008.867	144.89
1009.035	450.04
1009.203	1375.72
1009.37	886.26
1009.538	357.88
1009.706	1205.74
1009.874	867.83
1010.042	886.26
1010.209	235
1010.377	212.48
1010.545	945.65
1010.713	894.45
1010.88	325.12
1011.048	269.82
1011.216	886.26
1011.383	1207.79
1011.551	355.83
1011.718	280.06
1011.886	959.99
1012.054	1060.34
1012.221	194.05
1012.389	173.57
1012.556	869.87
1012.724	1125.87
1012.891	480.76
1013.058	-4.61
1013.226	1015.28
1013.393	951.79
1013.561	116.22
1013.728	65.02
1013.895	1256.94
1014.063	931.31
1014.23	95.74
1014.397	181.76
1014.565	1013.23
1014.732	808.44
1014.899	69.12
1015.066	194.05
1015.233	1017.33
1015.401	1013.23
1015.568	304.64
1015.735	478.71
1015.902	1041.9
1016.069	1107.44
1016.236	230.91
1016.403	105.98
1016.57	568.82
1016.737	1445.35
1016.904	263.68
1017.071	99.84
1017.238	626.17
1017.405	726.52
1017.572	310.78
1017.739	656.89
1017.906	1291.76
1018.073	1103.34
1018.24	157.18
1018.407	353.79
1018.573	972.27
1018.74	886.26
1018.907	247.29
1019.074	-45.57
1019.241	933.36
1019.407	699.89
1019.574	32.26
1019.741	142.85
1019.907	1043.95
1020.074	1273.32
1020.241	-147.97
1020.407	-76.29
1020.574	691.7
1020.74	654.84
1020.907	116.22
1021.073	58.88
1021.24	1488.36
1021.406	882.16
1021.573	-25.09
1021.739	58.88
1021.906	1056.24
1022.072	691.7
1022.239	120.32
1022.405	222.72
1022.571	880.11
1022.738	712.18
1022.904	114.17
1023.07	284.16
1023.237	747
1023.403	1002.99
1023.569	151.04
1023.735	136.7
1023.902	898.55
1024.068	800.24
1024.234	-78.33
1024.4	3.58
1024.566	589.3
1024.732	734.71
1024.898	85.5
1025.065	-188.93
1025.231	603.64
1025.397	591.35
1025.563	157.18
1025.729	-96.77
1025.895	222.72
1026.061	476.66
1026.227	-238.08
1026.392	157.18
1026.558	736.76
1026.724	912.88
1026.89	69.12
1027.056	241.15
1027.222	517.62
1027.388	681.46
1027.553	77.31
1027.719	-84.48
1027.885	1129.97
1028.051	634.36
1028.216	-268.8
1028.382	60.93
1028.548	716.28
1028.713	656.89
1028.879	-150.01
1029.045	198.14
1029.21	937.46
1029.376	755.19
1029.541	44.54
1029.707	108.03
1029.873	703.99
1030.038	716.28
1030.204	-104.96
1030.369	-12.8
1030.534	687.61
1030.7	398.84
1030.865	198.14
1031.031	-111.1
1031.196	708.09
1031.361	617.97
1031.527	15.87
1031.692	-55.81
1031.857	278.01
1032.023	726.52
1032.188	-111.1
1032.353	9.73
1032.518	763.38
1032.684	540.15
1032.849	-229.88
1033.014	103.93
1033.179	493.05
1033.344	712.18
1033.509	-10.75
1033.674	3.58
1033.839	679.41
1034.004	667.13
1034.17	34.3
1034.335	-135.68
1034.5	464.38
1034.664	435.71
1034.829	-53.76
1034.994	77.31
1035.159	239.1
1035.324	667.13
1035.489	32.26
1035.654	-164.35
1035.819	1199.6
1035.984	626.17
1036.148	124.41
1036.313	65.02
1036.478	777.72
1036.643	503.29
1036.807	-18.94
1036.972	-190.97
1037.137	1095.15
1037.301	464.38
1037.466	-317.95
1037.631	130.56
1037.795	675.32
1037.96	407.03
1038.124	194.05
1038.289	-195.07
1038.454	474.62
1038.618	636.41
1038.783	89.6
1038.947	34.3
1039.111	388.6
1039.276	447.99
1039.44	-129.53
1039.605	796.15
1039.769	413.18
1039.933	454.14
1040.098	-80.38
1040.262	230.91
1040.426	689.65
1040.591	517.62
1040.755	-98.81
1040.919	-111.1
1041.083	806.39
1041.248	333.31
1041.412	-350.71
1041.576	-195.07
1041.74	331.26
1041.904	493.05
1042.068	-223.74
1042.232	-16.9
1042.397	898.55
1042.561	536.06
1042.725	-332.28
1042.889	34.3
1043.053	460.28
1043.217	474.62
1043.381	-33.28
1043.544	-383.48
1043.708	626.17
1043.872	290.3
1044.036	-352.76
1044.2	-268.8
1044.364	708.09
1044.528	689.65
1044.691	4894.13
1044.855	-152.06
1045.019	525.82
1045.183	652.79
1045.346	-119.29
1045.51	-223.74
1045.674	738.8
1045.837	566.78
1046.001	-139.77
1046.165	-109.05
1046.328	1046
1046.492	402.94
1046.655	132.61
1046.819	-100.86
1046.983	437.75
1047.146	302.59
1047.31	15.87
1047.473	-371.19
1047.636	361.98
1047.8	222.72
1047.963	38.4
1048.127	-279.04
1048.29	228.86
