345.52	-1331.86
345.736	-1331.86
345.952	-1331.86
346.168	-1280.66
346.384	-1299.09
346.6	-182.95
346.816	-240.29
347.032	-170.66
347.248	478.54
347.464	-357.03
347.68	-250.53
347.896	5.46
348.112	365.9
348.328	-51.88
348.544	44.37
348.76	187.73
348.975	171.35
349.191	-314.02
349.407	-410.28
349.623	197.97
349.839	97.62
350.055	-279.21
350.27	-10.92
350.486	87.38
350.702	157.01
350.918	376.14
351.133	-189.1
351.349	128.34
351.565	386.38
351.781	-381.6
351.996	7.51
352.212	161.11
352.428	126.29
352.644	-346.79
352.859	-330.41
353.075	312.66
353.291	210.26
353.506	-201.38
353.722	-387.75
353.938	-31.4
354.153	427.34
354.369	271.7
354.584	-330.41
354.8	234.83
355.016	-90.79
355.231	-473.76
355.447	-64.17
355.662	326.99
355.878	820.55
356.093	-535.2
356.309	-78.51
356.524	-92.84
356.74	417.1
356.955	-494.24
357.171	-117.42
357.386	304.46
357.602	-107.18
357.817	-172.71
358.033	-277.16
358.248	355.66
358.464	308.56
358.679	-238.25
358.895	-447.14
359.11	30.04
359.325	175.44
359.541	443.73
359.756	-51.88
359.972	-51.88
360.187	472.4
360.402	-342.69
360.618	-203.43
360.833	1654.08
361.048	157.01
361.264	-301.73
361.479	-82.6
361.694	185.68
361.909	275.79
362.125	-383.65
362.34	-164.52
362.555	310.61
362.77	152.92
362.986	-443.04
363.201	-303.78
363.416	216.4
363.631	91.48
363.847	-350.89
364.062	-291.49
364.277	150.87
364.492	62.8
364.707	-330.41
364.922	-391.84
365.138	253.27
365.353	324.94
365.568	-455.33
365.783	-205.48
365.998	435.53
366.213	562.51
366.428	-412.32
366.643	185.68
366.858	140.63
367.073	279.89
367.288	-215.72
367.503	-373.41
367.718	93.52
367.933	478.54
368.148	-375.46
368.363	-35.5
368.578	259.41
368.793	513.36
369.008	-170.66
369.223	-397.99
369.438	388.43
369.653	195.92
369.868	-447.14
370.083	-430.76
370.298	212.31
370.513	542.03
370.728	21.85
370.943	-352.93
371.157	-39.59
371.372	611.66
371.587	-420.52
371.802	-496.29
372.017	109.91
372.232	496.97
372.446	-88.75
372.661	-299.69
372.876	68.95
373.091	267.6
373.306	-191.14
373.52	-498.34
373.735	-15.02
373.95	709.96
374.165	-314.02
374.379	-211.62
374.594	-51.88
374.809	423.25
375.023	-21.16
375.238	-338.6
375.453	249.17
375.667	-49.83
375.882	-316.07
376.097	-316.07
376.311	30.04
376.526	296.27
376.741	-371.36
376.955	212.31
377.17	496.97
377.384	906.57
377.599	40.28
377.813	-506.53
378.028	793.93
378.242	294.22
378.457	-152.23
378.672	-420.52
378.886	-96.94
379.101	111.96
379.315	-463.52
379.53	-205.48
379.744	384.34
379.958	271.7
380.173	-232.1
380.387	-336.55
380.602	343.38
380.816	-10.92
381.031	-154.28
381.245	-252.58
381.459	173.39
381.674	3206.44
381.888	-410.28
382.103	269.65
382.317	56.66
382.531	427.34
382.746	-125.61
382.96	-303.78
383.174	136.53
383.388	720.2
383.603	75.09
383.817	-477.86
384.031	-2.73
384.246	419.15
384.46	-156.33
384.674	791.88
384.888	-70.31
385.103	269.65
385.317	-504.48
385.531	25.94
385.745	763.21
385.959	382.29
386.174	-420.52
386.388	-418.47
386.602	144.72
386.816	-10.92
387.03	-133.8
387.244	-111.27
387.458	210.26
387.672	347.47
387.887	-547.49
388.101	-379.56
388.315	263.51
388.529	83.28
388.743	-275.11
388.957	-289.45
389.171	507.21
389.385	-31.4
389.599	-424.61
389.813	5.46
390.027	220.5
390.241	687.43
390.455	-240.29
390.669	-80.55
390.883	23.89
391.097	621.9
391.311	73.04
391.525	-266.92
391.738	460.11
391.952	404.82
392.166	40.28
392.38	-387.75
392.594	408.91
392.808	277.84
393.022	-215.72
393.236	-219.82
393.449	114
393.663	519.5
393.877	-387.75
394.091	-135.85
394.305	66.9
394.518	21.85
394.732	-445.09
394.946	-201.38
395.16	673.1
395.373	193.87
395.587	-498.34
395.801	-285.35
396.015	339.28
396.228	279.89
396.442	-424.61
396.656	-576.16
396.869	374.1
397.083	773.45
397.297	-201.38
397.51	-301.73
397.724	210.26
397.938	185.68
398.151	-574.11
398.365	-490.15
398.578	345.42
398.792	398.67
399.005	75.09
399.219	-371.36
399.433	124.24
399.646	349.52
399.86	79.19
400.073	75.09
400.287	232.79
400.5	202.07
400.714	111.96
400.927	-80.55
401.141	537.93
401.354	1805.63
401.567	490.83
401.781	-443.04
401.994	212.31
402.208	654.67
402.421	-180.9
402.635	-240.29
402.848	-72.36
403.061	347.47
403.275	-86.7
403.488	-434.85
403.701	480.59
403.915	570.7
404.128	21.85
404.341	-260.77
404.555	648.52
404.768	-39.59
404.981	107.86
405.195	-230.06
405.408	384.34
405.621	283.99
405.834	132.44
406.048	-344.74
406.261	443.73
406.474	378.19
406.687	-297.64
406.9	-33.45
407.114	277.84
407.327	441.68
407.54	-424.61
407.753	-410.28
407.966	-21.16
408.179	132.44
408.392	-303.78
408.605	-486.05
408.819	304.46
409.032	374.1
409.245	-252.58
409.458	25.94
409.671	222.55
409.884	376.14
410.097	-418.47
410.31	-43.69
410.523	609.61
410.736	101.72
410.949	-41.64
411.162	-207.53
411.375	384.34
411.588	249.17
411.801	-12.97
412.014	-367.27
412.227	23.89
412.44	222.55
412.653	-260.77
412.865	64.85
413.078	466.25
413.291	269.65
413.504	11.61
413.717	-357.03
413.93	406.86
414.143	-72.36
414.356	-10.92
414.568	-469.67
414.781	310.61
414.994	337.23
415.207	-105.13
415.42	-33.45
415.632	214.35
415.845	712.01
416.058	-445.09
416.271	-430.76
416.483	261.46
416.696	531.79
416.909	-314.02
417.121	-236.2
417.334	154.96
417.547	503.12
417.759	-322.21
417.972	-281.25
418.185	107.86
418.397	341.33
418.61	-234.15
418.823	-275.11
419.035	539.98
419.248	275.79
419.46	-221.86
419.673	-58.03
419.885	114
420.098	259.41
420.311	-238.25
420.523	-592.55
420.736	333.14
420.948	249.17
421.161	-211.62
421.373	-375.46
421.586	27.99
421.798	30.04
422.01	-486.05
422.223	118.1
422.435	-64.17
422.648	494.93
422.86	-330.41
423.073	-109.22
423.285	138.58
423.497	-39.59
423.71	-338.6
423.922	-199.34
424.134	425.29
424.347	679.24
424.559	136.53
424.771	206.16
424.984	281.94
425.196	353.62
425.408	-350.89
425.621	-340.65
425.833	392.53
426.045	626
426.257	-402.08
426.47	-49.83
426.682	146.77
426.894	202.07
427.106	-297.64
427.318	-166.57
427.531	163.15
427.743	261.46
427.955	-51.88
428.167	562.51
428.379	89.43
428.591	79.19
428.804	-23.21
429.016	-291.49
429.228	314.7
429.44	382.29
429.652	13620.36
429.864	-406.18
430.076	245.07
430.288	243.03
430.5	-27.31
430.712	-19.11
430.924	197.97
431.136	443.73
431.348	-357.03
431.56	-307.88
431.772	83.28
431.984	-21.16
432.196	-359.08
432.408	-152.23
432.62	120.15
432.832	376.14
433.044	140.63
433.256	-4.78
433.468	310.61
433.679	-58.03
433.891	-430.76
434.103	73.04
434.315	718.15
434.527	304.46
434.739	-4.78
434.95	-268.97
435.162	261.46
435.374	-76.46
435.586	-37.55
435.798	-236.2
436.009	111.96
436.221	5.46
436.433	-98.99
436.645	-234.15
436.856	99.67
437.068	523.6
437.28	-291.49
437.491	140.63
437.703	474.45
437.915	255.31
438.126	-260.77
438.338	302.42
438.55	101.72
438.761	148.82
438.973	-96.94
439.184	-195.24
439.396	142.68
439.608	259.41
439.819	-354.98
440.031	-60.07
440.242	322.9
440.454	380.24
440.665	-166.57
440.877	-27.31
441.088	468.3
441.3	351.57
441.511	-404.13
441.723	-113.32
441.934	656.72
442.146	320.85
442.357	-47.79
442.569	431.44
442.78	437.58
442.991	1045.83
443.203	222.55
443.414	-178.86
443.626	599.37
443.837	136.53
444.048	-246.44
444.26	-338.6
444.471	527.69
444.682	302.42
444.894	-260.77
445.105	-279.21
445.316	525.65
445.528	464.21
445.739	-15.02
445.95	7.51
446.161	300.37
446.373	386.38
446.584	-105.13
446.795	-256.68
447.006	587.08
447.217	537.93
447.429	-346.79
447.64	-363.17
447.851	1142.08
448.062	554.32
448.273	-330.41
448.484	-125.61
448.695	386.38
448.907	425.29
449.118	-103.08
449.329	210.26
449.54	165.2
449.751	279.89
449.962	-221.86
450.173	-221.86
450.384	443.73
450.595	619.85
450.806	-144.04
451.017	-39.59
451.228	623.95
451.439	423.25
451.65	30.04
451.861	-502.43
452.072	224.59
452.283	286.03
452.494	128.34
452.705	-191.14
452.915	861.51
453.126	302.42
453.337	46.42
453.548	-199.34
453.759	892.23
453.97	709.96
454.181	521.55
454.391	-154.28
454.602	410.96
454.813	699.72
455.024	-158.38
455.235	-254.63
455.445	609.61
455.656	357.71
455.867	187.73
456.078	-58.03
456.288	183.63
456.499	617.8
456.71	-262.82
456.921	333.14
457.131	437.58
457.342	345.42
457.553	-58.03
457.763	-51.88
457.974	247.12
458.184	441.68
458.395	-213.67
458.606	-326.31
458.816	757.07
459.027	630.09
459.237	150.87
459.448	-211.62
459.659	611.66
459.869	1514.81
460.08	-254.63
460.29	7.51
460.501	718.15
460.711	353.62
460.922	-363.17
461.132	-96.94
461.343	1234.24
461.553	189.78
461.764	-178.86
461.974	-156.33
462.184	601.42
462.395	712.01
462.605	7.51
462.816	-248.49
463.026	537.93
463.236	509.26
463.447	-162.47
463.657	-2.73
463.867	695.63
464.078	451.92
464.288	-27.31
464.498	1.37
464.709	484.69
464.919	619.85
465.129	169.3
465.339	-238.25
465.55	427.34
465.76	777.55
465.97	95.57
466.18	-86.7
466.391	722.25
466.601	576.84
466.811	48.47
467.021	-297.64
467.231	697.67
467.441	736.59
467.651	-123.56
467.862	-426.66
468.072	402.77
468.282	496.97
468.492	-162.47
468.702	161.11
468.912	562.51
469.122	1269.06
469.332	394.58
469.542	-45.74
469.752	965.96
469.962	595.28
470.172	-4.78
470.382	-53.93
470.592	849.22
470.802	626
471.012	259.41
471.222	-45.74
471.432	570.7
471.642	709.96
471.852	177.49
472.062	-76.46
472.272	509.26
472.482	435.53
472.691	9.56
472.901	-156.33
473.111	417.1
473.321	1045.83
473.531	17.75
473.741	312.66
473.95	599.37
474.16	636.24
474.37	267.6
474.58	-58.03
474.79	1119.56
474.999	617.8
475.209	95.57
475.419	181.59
475.628	640.33
475.838	1115.46
476.048	267.6
476.258	-29.35
476.467	888.14
476.677	492.88
476.886	507.21
477.096	243.03
477.306	550.22
477.515	818.5
477.725	329.04
477.935	384.34
478.144	1250.63
478.354	636.24
478.563	257.36
478.773	54.61
478.982	984.39
479.192	820.55
479.401	286.03
479.611	146.77
479.82	486.73
480.03	695.63
480.239	136.53
480.449	56.66
480.658	1019.21
480.868	697.67
481.077	458.06
481.287	257.36
481.496	773.45
481.705	1039.69
481.915	664.91
482.124	558.41
482.333	847.18
482.543	1164.61
482.752	615.76
482.961	269.65
483.171	890.18
483.38	800.07
483.589	374.1
483.799	267.6
484.008	666.96
484.217	810.31
484.426	435.53
484.636	134.48
484.845	982.34
485.054	560.46
485.263	841.03
485.472	324.94
485.682	1097.03
485.891	773.45
486.1	210.26
486.309	259.41
486.518	1185.09
486.727	1854.78
486.936	349.52
487.146	572.75
487.355	1291.59
487.564	773.45
487.773	554.32
487.982	525.65
488.191	881.99
488.4	1213.76
488.609	488.78
488.818	466.25
489.027	1314.11
489.236	1326.4
489.445	468.3
489.654	357.71
489.863	1291.59
490.072	945.48
490.281	1148.23
490.49	652.62
490.698	1398.08
490.907	1652.03
491.116	525.65
491.325	394.58
491.534	1219.91
491.743	871.75
491.952	509.26
492.16	705.87
492.369	1424.7
492.578	1379.65
492.787	662.86
492.996	322.9
493.204	871.75
493.413	1488.19
493.622	314.7
493.831	304.46
494.039	1578.3
494.248	884.04
494.457	513.36
494.665	269.65
494.874	1219.91
495.083	1711.42
495.291	603.47
495.5	554.32
495.709	1252.67
495.917	1162.56
496.126	914.76
496.335	470.35
496.543	1119.56
496.752	1213.76
496.96	1058.12
497.169	482.64
497.377	1176.9
497.586	1293.63
497.794	726.35
498.003	263.51
498.211	1187.14
498.42	1396.03
498.628	669
498.837	537.93
499.045	1228.1
499.254	1197.38
499.462	828.74
499.671	460.11
499.879	2159.92
500.087	1342.78
500.296	603.47
500.504	703.82
500.713	1291.59
500.921	1684.8
501.129	720.2
501.338	671.05
501.546	1324.35
501.754	1320.26
501.962	763.21
502.171	484.69
502.379	1391.94
502.587	1512.77
502.795	683.34
503.004	806.22
503.212	1508.67
503.42	1463.62
503.628	832.84
503.837	935.24
504.045	1469.76
504.253	1799.48
504.461	779.59
504.669	421.2
504.877	1748.28
505.085	1652.03
505.294	578.89
505.502	1199.43
505.71	1867.06
505.918	1344.83
506.126	611.66
506.334	712.01
506.542	1561.92
506.75	1361.22
506.958	1037.64
507.166	836.94
507.374	1094.98
507.582	1686.84
507.79	972.1
507.998	793.93
508.206	1692.99
508.414	1537.34
508.622	693.58
508.83	939.34
509.037	1471.81
509.245	1230.15
509.453	812.36
509.661	619.85
509.869	1656.12
510.077	1226.05
510.285	1123.65
510.492	527.69
510.7	2018.61
510.908	1230.15
511.116	877.9
511.324	740.68
511.531	1271.11
511.739	1639.74
511.947	1207.62
512.155	1359.17
512.362	1684.8
512.57	1264.96
512.778	683.34
512.985	671.05
513.193	1434.94
513.401	1783.1
513.608	947.53
513.816	890.18
514.024	1563.97
514.231	1604.92
514.439	886.09
514.646	931.14
514.854	1901.88
515.061	1680.7
515.269	1058.12
515.477	933.19
515.684	1320.26
515.892	1623.36
516.099	810.31
516.307	789.83
516.514	1893.69
516.722	2045.24
516.929	988.49
517.136	906.57
517.344	1836.35
517.551	1750.33
517.759	767.31
517.966	1103.17
518.173	1463.62
518.381	1520.96
518.588	1082.69
518.796	925
519.003	1926.46
519.21	1733.95
519.418	1039.69
519.625	1340.74
519.832	1539.39
520.039	1652.03
520.247	798.03
520.454	1054.02
520.661	1629.5
520.868	1748.28
521.076	949.57
521.283	1197.38
521.49	2123.06
521.697	1684.8
521.904	1029.45
522.112	1094.98
522.319	1805.63
522.526	1865.02
522.733	920.9
522.94	1037.64
523.147	1641.79
523.354	1633.6
523.561	898.38
523.768	1422.66
523.975	1889.59
524.183	1672.51
524.39	1596.73
524.597	998.73
524.804	1529.15
525.011	1520.96
525.218	1074.5
525.425	1011.01
525.632	2147.64
525.838	1488.19
526.045	1070.41
526.252	1168.71
526.459	3435.81
526.666	3564.83
526.873	1058.12
527.08	1178.95
527.287	2161.97
527.494	1891.64
527.701	982.34
527.907	1013.06
528.114	1865.02
528.321	1711.42
528.528	1170.76
528.735	1152.32
528.941	1682.75
529.148	1561.92
529.355	1250.63
529.562	1101.12
529.768	2334
529.975	1733.95
530.182	1189.19
530.388	1170.76
530.595	1989.94
530.802	1582.4
531.008	1613.12
531.215	1291.59
531.422	2659.63
531.628	2684.2
531.835	1275.2
532.042	1426.75
532.248	1852.73
532.455	1834.3
532.661	1197.38
532.868	1262.91
533.074	1899.83
533.281	2211.12
533.487	1217.86
533.694	1174.85
533.9	1701.18
534.107	1750.33
534.313	1140.04
534.52	1142.08
534.726	1854.78
534.933	2366.77
535.139	1187.14
535.345	1037.64
535.552	2342.19
535.758	2051.38
535.965	1342.78
536.171	1353.02
536.377	2045.24
536.584	2403.63
536.79	1346.88
536.996	1383.74
537.203	2164.02
537.409	2297.14
537.615	1283.39
537.821	1563.97
538.028	2377.01
538.234	2004.28
538.44	1449.28
538.646	1385.79
538.853	1946.94
539.059	1858.87
539.265	1899.83
539.471	1078.6
539.677	2178.36
539.883	1994.04
540.09	3294.5
540.296	2035
540.502	1996.09
540.708	2008.37
540.914	2028.85
541.12	1299.78
541.326	2147.64
541.532	2151.73
541.738	1584.45
541.944	1512.77
542.15	2221.36
542.356	1887.54
542.562	1318.21
542.768	1422.66
542.974	2356.53
543.18	2237.75
543.386	1553.73
543.592	1181
543.798	2790.7
544.004	2407.73
544.21	1422.66
544.415	1553.73
544.621	2137.4
544.827	2866.47
545.033	1330.5
545.239	1742.14
545.445	1963.32
545.651	2272.56
545.856	1459.52
546.062	1389.89
546.268	2008.37
546.474	2084.15
546.679	1594.68
546.885	1414.46
547.091	2006.33
547.297	2604.33
547.502	1623.36
547.708	1279.3
547.914	2139.44
548.119	2481.46
548.325	1551.68
548.531	1316.16
548.736	2782.51
548.942	2133.3
549.147	1465.66
549.353	1873.21
549.559	2497.84
549.764	2389.3
549.97	1457.47
550.175	1516.86
550.381	2297.14
550.586	1989.94
550.792	1582.4
550.997	1529.15
551.203	2387.25
551.408	2522.41
551.614	1451.33
551.819	1529.15
552.025	2798.89
552.23	2334
552.435	1480
552.641	1946.94
552.846	1963.32
553.052	2600.24
553.257	1973.56
553.462	1631.55
553.668	2090.29
553.873	2290.99
554.078	1686.84
554.283	1633.6
554.489	2391.34
554.694	2096.44
554.899	1553.73
555.105	1762.62
555.31	2446.64
555.515	2364.72
555.72	1822.01
555.925	2676.01
556.131	2587.95
556.336	2231.6
556.541	1615.16
556.746	1514.81
556.951	2618.67
557.156	2475.31
557.361	1975.61
557.567	1973.56
557.772	2653.48
557.977	2577.71
558.182	1735.99
558.387	1740.09
558.592	2192.69
558.797	2839.85
559.002	1852.73
559.207	1791.29
559.412	2692.4
559.617	2845.99
559.822	1783.1
560.027	1527.1
560.232	2176.31
560.437	2456.88
560.642	1424.7
560.847	1561.92
561.051	2223.41
561.256	2442.54
561.461	1729.85
561.666	1549.63
561.871	2155.83
562.076	2585.9
562.281	1867.06
562.485	1547.58
562.69	2530.61
562.895	2379.06
563.1	1795.39
563.305	1613.12
563.509	2557.23
563.714	2692.4
563.919	1715.52
564.123	1723.71
564.328	2186.55
564.533	2827.56
564.737	1754.43
564.942	1662.27
565.147	2579.76
565.351	2618.67
565.556	1742.14
565.761	1975.61
565.965	2716.97
566.17	2184.5
566.374	1848.63
566.579	1623.36
566.784	2622.77
566.988	2405.68
567.193	1563.97
567.397	2055.48
567.602	2315.57
567.806	2358.58
568.011	1879.35
568.215	1842.49
568.42	2374.96
568.624	2426.16
568.828	1871.16
569.033	2080.05
569.237	2684.2
569.442	2645.29
569.646	1652.03
569.85	1885.5
570.055	2424.11
570.259	2491.7
570.463	2145.59
570.668	2059.57
570.872	2440.5
571.076	2405.68
571.281	2055.48
571.485	1922.36
571.689	2524.46
571.893	2499.89
572.098	2108.73
572.302	1838.39
572.506	2546.99
572.71	2710.83
572.914	1809.72
573.119	1877.3
573.323	2809.13
573.527	2827.56
573.731	1860.92
573.935	1762.62
574.139	2618.67
574.343	2295.09
574.547	1991.99
574.751	1938.74
574.955	2585.9
575.159	2813.23
575.364	1817.91
575.568	1881.4
575.772	2635.05
575.976	2692.4
576.18	1936.7
576.383	1963.32
576.587	2936.1
576.791	2596.14
576.995	1649.98
577.199	1932.6
577.403	2372.91
577.607	2540.85
577.811	1914.17
578.015	2213.17
578.219	2661.68
578.422	2651.44
578.626	2020.66
578.83	2254.13
579.034	2800.94
579.238	2635.05
579.442	1934.65
579.645	2669.87
579.849	2567.47
580.053	2676.01
580.257	2112.82
580.46	2241.84
580.664	2802.99
580.868	2630.96
581.071	2290.99
581.275	2172.21
581.479	2338.1
581.682	2807.08
581.886	1832.25
582.09	2258.23
582.293	2829.61
582.497	2831.66
582.7	2368.82
582.904	1981.75
583.107	2729.26
583.311	2565.42
583.515	2059.57
583.718	2143.54
583.922	2790.7
584.125	3392.8
584.329	2047.29
584.532	2241.84
584.735	3200.29
584.939	2858.28
585.142	1991.99
585.346	2057.53
585.549	2639.15
585.753	2602.29
585.956	2063.67
586.159	2389.3
586.363	2936.1
586.566	2708.78
586.769	1930.55
586.973	1924.41
587.176	2686.25
587.379	2723.12
587.582	2471.22
587.786	2524.46
587.989	2907.43
588.192	3765.53
588.395	2307.38
588.599	2653.48
588.802	2794.79
589.005	2837.8
589.208	2301.23
589.411	2127.16
589.615	2692.4
589.818	3220.77
590.021	2673.96
590.224	2370.87
590.427	3208.48
590.63	2954.54
590.833	2032.95
591.036	2151.73
591.239	2774.32
591.442	2633.01
591.645	2544.94
591.848	2231.6
592.051	2747.69
592.254	2784.55
592.457	2483.5
592.66	2372.91
592.863	2708.78
593.066	3208.48
593.269	2168.12
593.472	2262.32
593.675	2682.16
593.878	2923.82
594.081	2299.19
594.284	2168.12
594.486	2970.92
594.689	2923.82
594.892	2387.25
595.095	2401.58
595.298	3126.57
595.5	2655.53
595.703	2450.74
595.906	2534.7
596.109	3110.18
596.311	2811.18
596.514	2059.57
596.717	2467.12
596.92	3210.53
597.122	3200.29
597.325	2121.01
597.528	2137.4
597.73	3216.68
597.933	3116.33
598.136	2377.01
598.338	1979.7
598.541	3323.17
598.743	3231.01
598.946	2387.25
599.148	2422.06
599.351	3091.75
599.554	2880.81
599.756	2491.7
599.959	2450.74
600.161	3251.49
600.363	3663.13
600.566	2727.21
600.768	2348.34
600.971	3233.06
601.173	2901.29
601.376	2368.82
601.578	2510.13
601.78	2827.56
601.983	3540.26
602.185	2323.76
602.388	2676.01
602.59	3101.99
602.792	2940.2
602.995	2704.68
603.197	2417.97
603.399	3155.24
603.601	3441.95
603.804	2413.87
604.006	2487.6
604.208	2696.49
604.41	2686.25
604.613	2581.81
604.815	2350.39
605.017	3450.14
605.219	2807.08
605.421	3347.75
605.623	2463.02
605.826	3362.08
606.028	3554.59
606.23	2397.49
606.432	2499.89
606.634	3233.06
606.836	3145
607.038	2270.51
607.24	2592.05
607.442	3226.92
607.644	3136.81
607.846	2614.57
608.048	2340.15
608.25	3386.66
608.452	2884.91
608.654	2706.73
608.856	2217.27
609.058	3126.57
609.26	3296.55
609.462	2665.77
609.664	2530.61
609.866	3355.94
610.067	3077.41
610.269	2698.54
610.471	2491.7
610.673	2862.38
610.875	3216.68
611.077	2288.95
611.278	2585.9
611.48	3015.98
611.682	3554.59
611.884	2635.05
612.085	2530.61
612.287	2897.19
612.489	2954.54
612.69	2325.81
612.892	2497.84
613.094	3601.69
613.295	2934.06
613.497	2268.47
613.699	2633.01
613.9	3364.13
614.102	3155.24
614.304	2467.12
614.505	2348.34
614.707	2954.54
614.908	3312.93
615.11	2413.87
615.311	2581.81
615.513	3239.2
615.714	3083.56
615.916	2270.51
616.117	2807.08
616.319	3235.11
616.52	3464.48
616.722	2383.15
616.923	2524.46
617.124	3400.99
617.326	3216.68
617.527	2755.88
617.729	2889
617.93	3323.17
618.131	3245.35
618.333	2426.16
618.534	2653.48
618.735	3104.04
618.937	3376.42
619.138	2438.45
619.339	2422.06
619.54	3192.1
619.742	3134.76
619.943	2741.55
620.144	2602.29
620.345	3509.54
620.546	3208.48
620.748	2524.46
620.949	2753.84
621.15	3292.45
621.351	3196.2
621.552	2432.3
621.753	2399.54
621.954	2964.78
622.155	3579.17
622.356	2379.06
622.558	2876.71
622.759	3433.76
622.96	3734.81
623.161	2721.07
623.362	2659.63
623.563	3337.51
623.764	3300.64
623.965	2659.63
624.166	2854.19
624.366	2972.97
624.567	3233.06
624.768	2256.18
624.969	2563.37
625.17	2972.97
625.371	3177.76
625.572	2946.34
625.773	2673.96
625.973	3323.17
626.174	3435.81
626.375	2600.24
626.576	2766.12
626.777	3216.68
626.977	3556.64
627.178	2843.95
627.379	2850.09
627.58	3216.68
627.78	3044.65
627.981	2618.67
628.182	2790.7
628.382	3286.31
628.583	2948.39
628.784	2436.4
628.984	2784.55
629.185	3220.77
629.386	3339.55
629.586	2776.36
629.787	2602.29
629.987	3118.37
630.188	3271.97
630.388	2694.44
630.589	2991.4
630.79	3876.12
630.99	3050.79
631.191	2620.72
631.391	2880.81
631.591	3317.03
631.792	3255.59
631.992	2839.85
632.193	2661.68
632.393	3487.01
632.594	3245.35
632.794	2512.18
632.994	2874.67
633.195	3003.69
633.395	3128.61
633.595	2616.62
633.796	2802.99
633.996	3325.22
634.196	3431.71
634.397	2446.64
634.597	2823.47
634.797	3167.53
634.997	3466.53
635.198	3001.64
635.398	2571.57
635.598	3462.43
635.798	3337.51
635.998	3101.99
636.199	2546.99
636.399	3024.17
636.599	2880.81
636.799	2633.01
636.999	3296.55
637.199	3355.94
637.399	3622.17
637.599	2637.1
637.799	2929.96
637.999	3245.35
638.199	3435.81
638.399	2774.32
638.599	2592.05
638.799	3536.16
638.999	3476.77
639.199	3052.84
639.399	2811.18
639.599	3366.18
639.799	3032.36
639.999	2438.45
640.199	2712.88
640.399	3222.82
640.599	3556.64
640.799	2954.54
640.998	2991.4
641.198	3421.47
641.398	3331.36
641.598	3001.64
641.798	2739.5
641.997	4457.75
642.197	3173.67
642.397	3163.43
642.597	2862.38
642.796	3306.79
642.996	3378.47
643.196	3048.74
643.395	2546.99
643.595	3075.37
643.795	3054.89
643.994	2809.13
644.194	2886.95
644.394	3671.33
644.593	3677.47
644.793	2635.05
644.992	2987.3
645.192	3495.2
645.392	2925.86
645.591	3188
645.791	3022.12
645.99	3503.39
646.19	3249.44
646.389	2864.43
646.589	2979.11
646.788	3259.68
646.987	3261.73
647.187	3282.21
647.386	3122.47
647.586	3294.5
647.785	3501.34
647.984	2854.19
648.184	3028.26
648.383	3216.68
648.582	3073.32
648.782	2792.75
648.981	2909.48
649.18	3036.46
649.38	3249.44
649.579	2946.34
649.778	2735.4
649.977	3659.04
650.177	3472.67
650.376	2856.23
650.575	2669.87
650.774	3697.95
650.973	3210.53
651.173	2532.65
651.372	2934.06
651.571	3226.92
651.77	3646.75
651.969	2891.05
652.168	2991.4
652.367	3081.51
652.566	3413.28
652.765	2856.23
652.964	3476.77
653.163	3740.96
653.362	3333.41
653.561	2671.92
653.76	3028.26
653.959	3347.75
654.158	3605.79
654.357	3054.89
654.556	2901.29
654.755	3396.9
654.954	3454.24
655.153	2823.47
655.352	3067.17
655.551	3511.58
655.749	3257.64
655.948	3145
656.147	3044.65
656.346	3298.59
656.545	3470.62
656.743	2964.78
656.942	3018.02
657.141	3200.29
657.34	3314.98
657.538	2749.74
657.737	3065.13
657.936	3482.91
658.135	3392.8
658.333	3069.22
658.532	3300.64
658.731	3644.7
658.929	3611.93
659.128	3388.71
659.326	2671.92
659.525	3824.92
659.724	3507.49
659.922	2772.27
660.121	2852.14
660.319	3339.55
660.518	3251.49
660.716	2913.58
660.915	2802.99
661.113	3716.38
661.312	2995.5
661.51	3142.95
661.709	2786.6
661.907	3444
662.105	3601.69
662.304	2917.67
662.502	3046.69
662.701	3536.16
662.899	3265.83
663.097	3439.9
663.296	2919.72
663.494	3554.59
663.692	3769.63
663.891	2905.38
664.089	2843.95
664.287	3505.44
664.485	3511.58
664.684	2852.14
664.882	3085.61
665.08	3382.56
665.278	3276.07
665.476	2946.34
665.675	3265.83
665.873	3568.93
666.071	3685.66
666.269	2882.86
666.467	3317.03
666.665	3564.83
666.863	3415.33
667.061	3118.37
667.259	3013.93
667.457	3368.23
667.655	3435.81
667.853	2866.47
668.051	3257.64
668.249	3196.2
668.447	3458.34
668.645	2762.03
668.843	3325.22
669.041	3515.68
669.239	3173.67
669.437	3212.58
669.635	3192.1
669.833	3419.43
670.031	3323.17
670.229	3134.76
670.426	2987.3
670.624	3298.59
670.822	3339.55
671.02	2856.23
671.218	3081.51
671.415	3155.24
671.613	3403.04
671.811	3253.54
672.009	3069.22
672.206	3552.54
672.404	3331.36
672.602	3417.38
672.799	3085.61
672.997	3564.83
673.195	3495.2
673.392	3003.69
673.59	2913.58
673.788	3568.93
673.985	2800.94
674.183	3310.88
674.38	2991.4
674.578	3558.69
674.775	3241.25
674.973	2802.99
675.17	2755.88
675.368	3640.61
675.565	3267.88
675.763	3007.78
675.96	2880.81
676.158	3415.33
676.355	3503.39
676.553	2837.8
676.75	2966.82
676.947	3306.79
677.145	3306.79
677.342	3028.26
677.539	3101.99
677.737	3622.17
677.934	3859.74
678.131	3183.91
678.329	2901.29
678.526	4013.34
678.723	3558.69
678.92	3061.03
679.118	3235.11
679.315	3190.05
679.512	3695.9
679.709	3083.56
679.906	3061.03
680.104	3755.29
680.301	3294.5
680.498	2811.18
680.695	2835.75
680.892	3251.49
681.089	3319.07
681.286	3110.18
681.483	2825.51
681.68	3104.04
681.877	3345.7
682.075	2909.48
682.272	3167.53
682.469	3345.7
682.665	3458.34
682.862	2708.78
683.059	2735.4
683.256	3325.22
683.453	3413.28
683.65	3101.99
683.847	2917.67
684.044	3417.38
684.241	3208.48
684.438	3040.55
684.635	2829.61
684.831	3865.88
685.028	3906.84
685.225	2884.91
685.422	3271.97
685.619	3245.35
685.815	3130.66
686.012	2999.59
686.209	2913.58
686.405	3118.37
686.602	3265.83
686.799	2788.65
686.996	2823.47
687.192	3265.83
687.389	4027.67
687.586	2833.71
687.782	2850.09
687.979	3863.83
688.175	3509.54
688.372	2843.95
688.568	3065.13
688.765	3212.58
688.962	3536.16
689.158	3018.02
689.355	2639.15
689.551	3372.32
689.748	3368.23
689.944	2985.26
690.14	2735.4
690.337	3530.02
690.533	3470.62
690.73	3110.18
690.926	2823.47
691.123	3263.78
691.319	3364.13
691.515	2659.63
691.712	3157.29
691.908	3351.84
692.104	3317.03
692.301	3114.28
692.497	2729.26
692.693	3370.27
692.889	3073.32
693.086	3161.38
693.282	2620.72
693.478	3204.39
693.674	3626.27
693.87	3036.46
694.067	2698.54
694.263	3394.85
694.459	3085.61
694.655	3202.34
694.851	2995.5
695.047	3427.62
695.243	3302.69
695.439	3095.85
695.635	2809.13
695.831	3294.5
696.027	3134.76
696.224	2741.55
696.42	3360.03
696.615	3579.17
696.811	3446.05
697.007	2741.55
697.203	2780.46
697.399	3405.09
697.595	3290.4
697.791	2798.89
697.987	2975.02
698.183	3128.61
698.379	3253.54
698.575	2827.56
698.77	3122.47
698.966	3364.13
699.162	3638.56
699.358	2835.75
699.554	3061.03
699.749	3421.47
699.945	3147.05
700.141	3065.13
700.337	2889
700.532	3024.17
700.728	3003.69
700.924	2594.09
701.119	2569.52
701.315	3265.83
701.511	3128.61
701.706	2932.01
701.902	2692.4
702.097	3339.55
702.293	3157.29
702.489	2807.08
702.684	2628.91
702.88	3720.48
703.075	3196.2
703.271	2827.56
703.466	2696.49
703.662	3128.61
703.857	3220.77
704.053	2825.51
704.248	2954.54
704.443	3583.26
704.639	3495.2
704.834	2811.18
705.03	2649.39
705.225	3110.18
705.42	3304.74
705.616	2954.54
705.811	2596.14
706.006	3075.37
706.202	2979.11
706.397	3091.75
706.592	2446.64
706.787	3503.39
706.983	3081.51
707.178	3169.57
707.373	2827.56
707.568	3325.22
707.763	3319.07
707.959	2608.43
708.154	2759.98
708.349	3302.69
708.544	3308.83
708.739	3097.89
708.934	2661.68
709.129	3433.76
709.324	3573.02
709.519	2768.17
709.714	2649.39
709.909	3306.79
710.104	3396.9
710.299	2866.47
710.494	2850.09
710.689	3231.01
710.884	3126.57
711.079	2774.32
711.274	3050.79
711.469	3386.66
711.664	3415.33
711.859	2811.18
712.054	2860.33
712.249	3427.62
712.443	3228.96
712.638	2485.55
712.833	2741.55
713.028	3110.18
713.223	3099.94
713.417	3292.45
713.612	2657.58
713.807	3460.38
714.002	4078.87
714.196	2876.71
714.391	2839.85
714.586	3192.1
714.78	3468.58
714.975	2778.41
715.17	2768.17
715.364	3101.99
715.559	3337.51
715.754	2383.15
715.948	2594.09
716.143	3634.46
716.337	3065.13
716.532	3065.13
716.726	2833.71
716.921	3282.21
717.115	3441.95
717.31	2508.08
717.504	3845.4
717.699	3190.05
717.893	3386.66
718.088	2587.95
718.282	2526.51
718.476	2975.02
718.671	3480.86
718.865	2708.78
719.059	2690.35
719.254	3018.02
719.448	3507.49
719.642	5295.36
719.837	2442.54
720.031	4994.31
720.225	3249.44
720.419	2643.25
720.614	2559.28
720.808	3028.26
721.002	3044.65
721.196	2733.36
721.39	2651.44
721.585	3192.1
721.779	3560.74
721.973	2721.07
722.167	2438.45
722.361	3138.85
722.555	3396.9
722.749	2792.75
722.943	2731.31
723.137	2940.2
723.331	3175.72
723.525	2680.11
723.719	2780.46
723.913	3194.15
724.107	3368.23
724.301	2596.14
724.495	2678.06
724.689	3650.85
724.883	3263.78
725.077	2587.95
725.271	2536.75
725.465	3292.45
725.659	2843.95
725.853	2778.41
726.046	2432.3
726.24	2792.75
726.434	3177.76
726.628	2618.67
726.822	2676.01
727.015	3054.89
727.209	3519.78
727.403	2565.42
727.596	2372.91
727.79	3087.65
727.984	3304.74
728.177	2604.33
728.371	2751.79
728.565	3237.16
728.758	2766.12
728.952	2526.51
729.146	2405.68
729.339	3085.61
729.533	3003.69
729.726	2503.98
729.92	2501.94
730.113	3192.1
730.307	2938.15
730.5	2680.11
730.694	2596.14
730.887	3038.5
731.081	3044.65
731.274	2221.36
731.468	2651.44
731.661	2917.67
731.854	2950.44
732.048	2344.24
732.241	2538.8
732.435	2946.34
732.628	2901.29
732.821	2704.68
733.014	2528.56
733.208	2864.43
733.401	3020.07
733.594	2635.05
733.788	2458.93
733.981	3104.04
734.174	3233.06
734.367	2420.02
734.56	2770.22
734.754	3364.13
734.947	3155.24
735.14	2440.5
735.333	2608.43
735.526	3499.3
735.719	2987.3
735.912	2452.78
736.105	2563.37
736.298	3126.57
736.491	3196.2
736.684	2411.82
736.877	2663.72
737.07	3292.45
737.263	3587.36
737.456	2493.74
737.649	2481.46
737.842	3153.19
738.035	3308.83
738.228	2706.73
738.421	2809.13
738.614	3384.61
738.807	3278.12
739	2340.15
739.192	2618.67
739.385	3091.75
739.578	3116.33
739.771	3101.99
739.964	2446.64
740.156	3247.4
740.349	3104.04
740.542	2997.54
740.735	2356.53
740.927	2770.22
741.12	2837.8
741.313	2508.08
741.505	2860.33
741.698	3233.06
741.891	3040.55
742.083	2643.25
742.276	2682.16
742.468	3214.63
742.661	3052.84
742.854	2540.85
743.046	2452.78
743.239	3054.89
743.431	3157.29
743.624	2516.27
743.816	2190.64
744.009	2841.9
744.201	3030.31
744.393	2727.21
744.586	2243.89
744.778	2997.54
744.971	2960.68
745.163	2702.64
745.355	2741.55
745.548	3026.22
745.74	3198.24
745.932	2559.28
746.125	2620.72
746.317	3327.27
746.509	3241.25
746.702	2460.98
746.894	2571.57
747.086	3054.89
747.278	3200.29
747.471	2829.61
747.663	2725.16
747.855	3126.57
748.047	3257.64
748.239	2430.26
748.431	2510.13
748.623	3378.47
748.815	3392.8
749.008	2356.53
749.2	2524.46
749.392	3024.17
749.584	3314.98
749.776	2657.58
749.968	2876.71
750.16	3210.53
750.352	2956.58
750.544	2649.39
750.736	2299.19
750.928	3073.32
751.12	3124.52
751.311	2581.81
751.503	2690.35
751.695	2833.71
751.887	3175.72
752.079	2350.39
752.271	2442.54
752.463	3630.37
752.654	3075.37
752.846	2553.13
753.038	2448.69
753.23	2721.07
753.421	3046.69
753.613	2606.38
753.805	2889
753.997	2929.96
754.188	3218.72
754.38	2454.83
754.572	2417.97
754.763	2792.75
754.955	3067.17
755.146	2493.74
755.338	2297.14
755.53	3276.07
755.721	2940.2
755.913	2377.01
756.104	2374.96
756.296	2815.27
756.487	3257.64
756.679	2301.23
756.87	2377.01
757.062	2876.71
757.253	3087.65
757.445	2422.06
757.636	2598.19
757.827	2954.54
758.019	3487.01
758.21	2211.12
758.401	2348.34
758.593	3394.85
758.784	3249.44
758.975	2295.09
759.167	2315.57
759.358	2981.16
759.549	3220.77
759.74	2377.01
759.932	2356.53
760.123	3022.12
760.314	2860.33
760.505	2524.46
760.696	2338.1
760.888	2987.3
761.079	2895.15
761.27	2237.75
761.461	2145.59
761.652	2981.16
761.843	2741.55
762.034	2610.48
762.225	3081.51
762.416	2852.14
762.607	2749.74
762.798	2204.98
762.989	2442.54
763.18	3982.62
763.371	2921.77
763.562	2366.77
763.753	2405.68
763.944	2778.41
764.135	2938.15
764.326	2624.81
764.517	2358.58
764.708	2843.95
764.899	3001.64
765.089	2233.65
765.28	2024.76
765.471	2616.62
765.662	3024.17
765.853	2348.34
766.043	2196.79
766.234	2872.62
766.425	2843.95
766.615	2331.95
766.806	2061.62
766.997	2833.71
767.187	2786.6
767.378	2209.08
767.569	1979.7
767.759	2821.42
767.95	2526.51
768.141	2520.37
768.331	2362.67
768.522	3077.41
768.712	2860.33
768.903	2135.35
769.093	2192.69
769.284	2899.24
769.474	2739.5
769.665	2139.44
769.855	2069.81
770.046	3013.93
770.236	2731.31
770.426	2532.65
770.617	2272.56
770.807	2602.29
770.998	2977.06
771.188	2456.88
771.378	2262.32
771.569	2835.75
771.759	2676.01
771.949	2108.73
772.139	1924.41
772.33	2727.21
772.52	2716.97
772.71	2063.67
772.9	2000.18
773.09	2723.12
773.281	3175.72
773.471	2209.08
773.661	2245.94
773.851	2755.88
774.041	2762.03
774.231	2008.37
774.421	2458.93
774.611	2942.25
774.802	2807.08
774.992	2254.13
775.182	1912.12
775.372	2856.23
775.562	2915.62
775.752	2188.6
775.942	2274.61
776.131	3233.06
776.321	2882.86
776.511	2012.47
776.701	2004.28
776.891	3089.7
777.081	2579.76
777.271	2288.95
777.461	2071.86
777.651	2889
777.84	2780.46
778.03	2374.96
778.22	2161.97
778.41	2661.68
778.599	2512.18
778.789	2331.95
778.979	2016.57
779.169	2546.99
779.358	2340.15
779.548	2374.96
779.738	1862.97
779.927	2608.43
780.117	2348.34
780.307	2045.24
780.496	1752.38
780.686	2643.25
780.875	3179.81
781.065	2037.05
781.254	2002.23
781.444	2546.99
781.633	2577.71
781.823	1860.92
782.012	2024.76
782.202	2454.83
782.391	2510.13
782.581	2045.24
782.77	2432.3
782.96	2872.62
783.149	2401.58
783.338	1961.27
783.528	1602.88
783.717	2893.1
783.906	3003.69
784.096	2260.27
784.285	1819.96
784.474	2483.5
784.663	2311.47
784.853	1905.98
785.042	2147.64
785.231	2653.48
785.42	2587.95
785.61	2211.12
785.799	1979.7
785.988	3018.02
786.177	2366.77
786.366	2141.49
786.555	2436.4
786.744	2565.42
786.933	2561.33
787.122	1815.87
787.312	1824.06
787.501	2325.81
787.69	2706.73
787.879	1877.3
788.068	1910.07
788.257	2194.74
788.445	2569.52
788.634	1951.03
788.823	1719.61
789.012	2901.29
789.201	2845.99
789.39	1981.75
789.579	1856.83
789.768	2663.72
789.957	2448.69
790.145	1840.44
790.334	1539.39
790.523	2161.97
790.712	2407.73
790.9	2092.34
791.089	1742.14
791.278	2604.33
791.467	2639.15
791.655	2377.01
791.844	2786.6
792.033	2491.7
792.221	2436.4
792.41	1934.65
792.599	1641.79
792.787	2397.49
792.976	2573.61
793.164	1781.05
793.353	1826.11
793.541	2692.4
793.73	2704.68
793.918	1920.31
794.107	2006.33
794.295	2665.77
794.484	2334
794.672	1981.75
794.861	1928.5
795.049	2473.26
795.238	2856.23
795.426	1678.65
795.614	1971.51
795.803	2594.09
795.991	2700.59
796.179	1832.25
796.368	1824.06
796.556	2665.77
796.744	2262.32
796.932	1885.5
797.121	1676.6
797.309	2354.48
797.497	2553.13
797.685	1807.67
797.874	1658.17
798.062	2368.82
798.25	2657.58
798.438	1553.73
798.626	1869.11
798.814	2639.15
799.002	2755.88
799.19	1973.56
799.378	1969.46
799.566	2413.87
799.755	2776.36
799.943	2190.64
800.131	1807.67
800.318	2362.67
800.506	2485.55
800.694	1715.52
800.882	2098.49
801.07	2839.85
801.258	2493.74
801.446	1959.22
801.634	1942.84
801.822	2270.51
802.01	2475.31
802.197	1719.61
802.385	2032.95
802.573	2622.77
802.761	2235.7
802.949	1746.23
803.136	1574.21
803.324	2444.59
803.512	2383.15
803.699	1852.73
803.887	1586.49
804.075	2503.98
804.262	2538.8
804.45	1738.04
804.638	2121.01
804.825	2176.31
805.013	2266.42
805.201	1799.48
805.388	1688.89
805.576	2336.05
805.763	2633.01
805.951	1713.47
806.138	2065.72
806.326	2633.01
806.513	2309.43
806.701	1791.29
806.888	1731.9
807.075	2571.57
807.263	2700.59
807.45	1729.85
807.638	1832.25
807.825	2690.35
808.012	2790.7
808.2	1873.21
808.387	2319.67
808.574	2524.46
808.761	2776.36
808.949	1834.3
809.136	2047.29
809.323	2485.55
809.51	2549.04
809.698	2360.63
809.885	2301.23
810.072	2680.11
810.259	2700.59
810.446	2090.29
810.633	1865.02
810.82	2409.78
811.008	2858.28
811.195	2039.09
811.382	1926.46
811.569	2831.66
811.756	2196.79
811.943	1860.92
812.13	1873.21
812.317	2557.23
812.504	2256.18
812.691	2045.24
812.878	2080.05
813.064	2942.25
813.251	2411.82
813.438	1770.81
813.625	2221.36
813.812	2487.6
813.999	2374.96
814.186	2075.96
814.372	1848.63
814.559	2630.96
814.746	2841.9
814.933	1885.5
815.12	2184.5
815.306	2489.65
815.493	2344.24
815.68	1776.95
815.866	1953.08
816.053	2696.49
816.24	2753.84
816.426	1979.7
816.613	1586.49
816.799	2481.46
816.986	2794.79
817.173	1924.41
817.359	1742.14
817.546	2497.84
817.732	2123.06
817.919	1647.93
818.105	2098.49
818.292	2475.31
818.478	2497.84
818.665	2071.86
818.851	1807.67
819.037	3091.75
819.224	2569.52
819.41	1643.84
819.597	1713.47
819.783	3228.96
819.969	2417.97
820.156	1848.63
820.342	1762.62
820.528	3937.56
820.714	2266.42
820.901	2151.73
821.087	1940.79
821.273	2503.98
821.459	2389.3
821.646	1658.17
821.832	1629.5
822.018	2520.37
822.204	2573.61
822.39	1813.82
822.576	1721.66
822.762	2417.97
822.948	2553.13
823.134	1991.99
823.32	1766.71
823.507	2096.44
823.693	2374.96
823.879	2512.18
824.065	1754.43
824.25	2102.58
824.436	2213.17
824.622	1664.32
824.808	1715.52
824.994	2307.38
825.18	2276.66
825.366	1529.15
825.552	1725.76
825.738	2399.54
825.923	2600.24
826.109	2049.33
826.295	1776.95
826.481	2370.87
826.667	2266.42
826.852	2098.49
827.038	1621.31
827.224	2602.29
827.409	2512.18
827.595	1555.77
827.781	2157.88
827.966	2602.29
828.152	2733.36
828.338	1719.61
828.523	1602.88
828.709	2262.32
828.894	2434.35
829.08	1893.69
829.266	1697.08
829.451	2258.23
829.637	2448.69
829.822	1801.53
830.008	1819.96
830.193	2391.34
830.378	2694.44
830.564	1899.83
830.749	1586.49
830.935	2366.77
831.12	2325.81
831.305	1570.11
831.491	1895.74
831.676	1961.27
831.861	2387.25
832.047	1719.61
832.232	1586.49
832.417	2424.11
832.602	2395.44
832.788	1725.76
832.973	1774.91
833.158	2200.88
833.343	2164.02
833.528	1901.88
833.714	1955.13
833.899	2125.11
834.084	2882.86
834.269	1987.89
834.454	1738.04
834.639	2385.2
834.824	2170.16
835.009	1848.63
835.194	2000.18
835.379	2536.75
835.564	2774.32
835.749	2080.05
835.934	1508.67
836.119	2405.68
836.304	2426.16
836.489	1547.58
836.674	2147.64
836.859	2024.76
837.044	2600.24
837.228	1832.25
837.413	1375.55
837.598	2151.73
837.783	2463.02
837.968	1676.6
838.152	1496.38
838.337	1701.18
838.522	2716.97
838.707	2409.78
838.891	2047.29
839.076	2295.09
839.261	2202.93
839.445	1856.83
839.63	1832.25
839.815	2590
839.999	2147.64
840.184	1568.06
840.368	1809.72
840.553	2471.22
840.737	2170.16
840.922	1563.97
841.106	1514.81
841.291	1824.06
841.475	2311.47
841.66	1553.73
841.844	1588.54
842.029	2936.1
842.213	1996.09
842.397	1643.84
842.582	1424.7
842.766	2227.51
842.951	2319.67
843.135	1533.25
843.319	1656.12
843.504	2352.43
843.688	2614.57
843.872	1303.87
844.056	1416.51
844.241	2182.45
844.425	1991.99
844.609	1801.53
844.793	1410.37
844.977	2346.29
845.161	2213.17
845.346	1310.02
845.53	1568.06
845.714	2266.42
845.898	2491.7
846.082	1389.89
846.266	1490.24
846.45	1940.79
846.634	2215.22
846.818	1561.92
847.002	1873.21
847.186	2245.94
847.37	1817.91
847.554	1455.42
847.738	1809.72
847.922	2258.23
848.106	2063.67
848.29	1400.13
848.473	1404.22
848.657	2198.84
848.841	2045.24
849.025	1463.62
849.209	1389.89
849.392	2313.52
849.576	1916.22
849.76	1207.62
849.944	1705.28
850.127	2399.54
850.311	1889.59
850.495	1305.92
850.678	1273.15
850.862	2137.4
851.046	2364.72
851.229	1918.26
851.413	1316.16
851.596	2389.3
851.78	1905.98
851.964	1674.56
852.147	1541.44
852.331	2618.67
852.514	2340.15
852.698	1512.77
852.881	1424.7
853.065	2026.81
853.248	1979.7
853.431	1697.08
853.615	1613.12
853.798	2925.86
853.982	2258.23
854.165	1733.95
854.348	1473.85
854.532	1735.99
854.715	1819.96
854.898	1467.71
855.081	1389.89
855.265	2524.46
855.448	2587.95
855.631	1258.82
855.814	1436.99
855.997	2098.49
856.181	2057.53
856.364	1535.29
856.547	1103.17
856.73	2147.64
856.913	2080.05
857.096	1441.09
857.279	1596.73
857.462	1901.88
857.645	2088.25
857.828	1762.62
858.011	1697.08
858.194	2002.23
858.377	2016.57
858.56	1256.77
858.743	1439.04
858.926	1805.63
859.109	1948.98
859.292	1447.23
859.475	1092.93
859.658	2024.76
859.841	2164.02
860.023	1219.91
860.206	1357.12
860.389	1916.22
860.572	2069.81
860.755	1412.42
860.937	1353.02
861.12	1803.58
861.303	1897.78
861.486	1480
861.668	1215.81
861.851	1807.67
862.034	2180.4
862.216	1678.65
862.399	1219.91
862.581	2037.05
862.764	2065.72
862.947	1457.47
863.129	1314.11
863.312	1750.33
863.494	1975.61
863.677	1877.3
863.859	1062.21
864.042	2096.44
864.224	1926.46
864.406	1606.97
864.589	1181
864.771	1824.06
864.954	1703.23
865.136	1393.98
865.318	1023.3
865.501	2495.79
865.683	1445.18
865.865	1406.27
866.048	1168.71
866.23	2137.4
866.412	1965.37
866.594	1203.52
866.777	1520.96
866.959	1635.64
867.141	1649.98
867.323	1649.98
867.505	1426.75
867.687	1768.76
867.869	1951.03
868.052	1369.41
868.234	1205.57
868.416	1799.48
868.598	2100.53
868.78	1379.65
868.962	1092.93
869.144	2041.14
869.326	1744.19
869.508	1307.97
869.69	1113.41
869.872	1586.49
870.054	2358.58
870.236	984.39
870.417	1078.6
870.599	1779
870.781	2352.43
870.963	1557.82
871.145	1176.9
871.327	1647.93
871.508	2026.81
871.69	1328.45
871.872	1389.89
872.054	1688.89
872.235	1946.94
872.417	1303.87
872.599	1011.01
872.78	2434.35
872.962	1715.52
873.144	996.68
873.325	1350.98
873.507	1981.75
873.689	2014.52
873.87	1068.36
874.052	1512.77
874.233	1764.67
874.415	2415.92
874.596	1250.63
874.778	1092.93
874.959	1957.18
875.141	2127.16
875.322	1381.7
875.503	1242.43
875.685	1701.18
875.866	1389.89
876.048	980.29
876.229	1082.69
876.41	1776.95
876.592	1951.03
876.773	1334.59
876.954	1072.45
877.136	2035
877.317	1684.8
877.498	965.96
877.679	1416.51
877.86	1787.19
878.042	1676.6
878.223	1189.19
878.404	1774.91
878.585	1926.46
878.766	2245.94
878.947	1602.88
879.128	1439.04
879.309	1883.45
879.49	2090.29
879.672	1355.07
879.853	1393.98
880.034	1713.47
880.215	1991.99
880.396	1391.94
880.576	1168.71
880.757	1733.95
880.938	2448.69
881.119	1086.79
881.3	1242.43
881.481	1740.09
881.662	2759.98
881.843	1107.27
882.023	1201.48
882.204	2198.84
882.385	1750.33
882.566	1103.17
882.747	1217.86
882.927	1766.71
883.108	1760.57
883.289	1127.75
883.469	1434.94
883.65	1705.28
883.831	1703.23
884.011	1537.34
884.192	1213.76
884.373	1987.89
884.553	1674.56
884.734	1459.52
884.914	1930.55
885.095	3099.94
885.275	2151.73
885.456	1451.33
885.636	1189.19
885.817	1801.53
885.997	2039.09
886.178	1140.04
886.358	1361.22
886.538	1848.63
886.719	3585.31
886.899	1178.95
887.08	1365.31
887.26	2100.53
887.44	1740.09
887.621	1187.14
887.801	1447.23
887.981	2366.77
888.161	2200.88
888.342	1291.59
888.522	1406.27
888.702	1948.98
888.882	2080.05
889.062	1543.49
889.242	996.68
889.423	2338.1
889.603	2041.14
889.783	1492.29
889.963	1316.16
890.143	1930.55
890.323	2192.69
890.503	1224
890.683	1422.66
890.863	1824.06
891.043	1865.02
891.223	1377.6
891.403	1570.11
891.583	1797.43
891.763	1994.04
891.943	1420.61
892.122	1793.34
892.302	1862.97
892.482	1938.74
892.662	1555.77
892.842	1387.84
893.022	1916.22
893.201	1987.89
893.381	1510.72
893.561	1123.65
893.741	1975.61
893.92	1785.15
894.1	1447.23
894.28	1375.55
894.459	2164.02
894.639	1854.78
894.819	1228.1
894.998	1443.14
895.178	2153.78
895.357	1733.95
895.537	1262.91
895.716	1064.26
895.896	1813.82
896.075	2268.47
896.255	1332.55
896.434	1084.74
896.614	2338.1
896.793	2022.71
896.973	1547.58
897.152	1414.46
897.331	1584.45
897.511	1879.35
897.69	1031.49
897.87	1277.25
898.049	1852.73
898.228	1709.37
898.407	1453.38
898.587	1357.12
898.766	1545.53
898.945	2049.33
899.124	1889.59
899.304	1328.45
899.483	1979.7
899.662	2192.69
899.841	1250.63
900.02	1111.36
900.199	1883.45
900.378	1910.07
900.557	1047.88
900.737	1217.86
900.916	1676.6
901.095	1652.03
901.274	1621.31
901.453	857.42
901.632	1441.09
901.811	1473.85
901.989	1207.62
902.168	1029.45
902.347	1959.22
902.526	1637.69
902.705	1234.24
902.884	1320.26
903.063	2053.43
903.242	2032.95
903.42	1058.12
903.599	1410.37
903.778	1850.68
903.957	2092.34
904.135	1342.78
904.314	1244.48
904.493	1725.76
904.672	1615.16
904.85	1320.26
905.029	1168.71
905.207	1643.84
905.386	2139.44
905.565	963.91
905.743	1084.74
905.922	1656.12
906.1	1819.96
906.279	988.49
906.457	925
906.636	1613.12
906.814	1463.62
906.993	1027.4
907.171	900.42
907.35	1756.47
907.528	1975.61
907.707	1578.3
907.885	892.23
908.063	1889.59
908.242	1465.66
908.42	1068.36
908.598	736.59
908.777	1770.81
908.955	1332.55
909.133	1316.16
909.311	990.53
909.49	1273.15
909.668	1400.13
909.846	857.42
910.024	824.65
910.202	1414.46
910.38	1699.13
910.559	900.42
910.737	976.2
910.915	1461.57
911.093	1586.49
911.271	970.05
911.449	1197.38
911.627	1623.36
911.805	2106.68
911.983	1080.64
912.161	978.25
912.339	1453.38
912.517	1805.63
912.695	1301.83
912.872	1164.61
913.05	1598.78
913.228	1588.54
913.406	1170.76
913.584	1025.35
913.762	1899.83
913.939	1637.69
914.117	1135.94
914.295	918.86
914.473	1555.77
914.65	1760.57
914.828	1064.26
915.006	1144.13
915.184	1471.81
915.361	1740.09
915.539	1250.63
915.716	1412.42
915.894	1654.08
916.072	1729.85
916.249	1570.11
916.427	1328.45
916.604	1498.43
916.782	1754.43
916.959	968.01
917.137	1054.02
917.314	1510.72
917.492	1434.94
917.669	1285.44
917.847	1314.11
918.024	1551.68
918.201	1273.15
918.379	1140.04
918.556	1121.6
918.733	1578.3
918.911	1393.98
919.088	1418.56
919.265	990.53
919.442	1426.75
919.62	1668.41
919.797	1021.25
919.974	937.29
920.151	1629.5
920.328	1447.23
920.506	871.75
920.683	1615.16
920.86	1344.83
921.037	1525.05
921.214	1023.3
921.391	931.14
921.568	1590.59
921.745	1406.27
921.922	1049.93
922.099	943.43
922.276	1502.53
922.453	1430.85
922.63	910.66
922.807	1514.81
922.984	1496.38
923.161	1322.31
923.338	1189.19
923.514	886.09
923.691	1656.12
923.868	1664.32
924.045	1004.87
924.222	877.9
924.399	1469.76
924.575	1570.11
924.752	1121.6
924.929	1119.56
925.105	1377.6
925.282	1219.91
925.459	1168.71
925.635	1125.7
925.812	1576.25
925.989	1275.2
926.165	1097.03
926.342	755.02
926.518	1350.98
926.695	1224
926.871	857.42
927.048	775.5
927.224	1611.07
927.401	1215.81
927.577	1045.83
927.754	750.92
927.93	1580.35
928.107	1576.25
928.283	861.51
928.459	1189.19
928.636	1539.39
928.812	1445.18
928.988	933.19
929.165	716.11
929.341	1275.2
929.517	1381.7
929.693	1396.03
929.87	595.28
930.046	1453.38
930.222	1224
930.398	697.67
930.574	1092.93
930.751	1178.95
930.927	1271.11
931.103	736.59
931.279	910.66
931.455	1207.62
931.631	1348.93
931.807	726.35
931.983	652.62
932.159	935.24
932.335	1307.97
932.511	707.91
932.687	824.65
932.863	1103.17
933.039	1375.55
933.215	642.38
933.391	656.72
933.566	1238.34
933.742	1297.73
933.918	779.59
934.094	570.7
934.27	1154.37
934.445	1017.16
934.621	982.34
934.797	740.68
934.973	1248.58
935.148	1062.21
935.324	566.6
935.5	460.11
935.675	1219.91
935.851	1160.52
936.027	824.65
936.202	808.27
936.378	1271.11
936.553	980.29
936.729	1471.81
936.904	578.89
937.08	812.36
937.255	865.61
937.431	638.28
937.606	478.54
937.782	863.56
937.957	1183.04
938.133	685.39
938.308	472.4
938.483	920.9
938.659	746.83
938.834	693.58
939.009	320.85
939.185	1088.84
939.36	677.2
939.535	216.4
939.71	607.56
939.886	1244.48
940.061	871.75
940.236	965.96
940.411	613.71
940.586	982.34
940.761	1006.92
940.937	621.9
941.112	353.62
941.287	716.11
941.462	783.69
941.637	337.23
941.812	427.34
941.987	648.52
942.162	687.43
942.337	605.52
942.512	296.27
942.687	1228.1
942.862	783.69
943.037	177.49
943.212	95.57
943.386	562.51
943.561	781.64
943.736	589.13
943.911	1025.35
944.086	976.2
944.26	818.5
944.435	318.8
944.61	636.24
944.785	832.84
944.959	1361.22
945.134	388.43
945.309	288.08
945.483	380.24
945.658	857.42
945.833	95.57
946.007	251.22
946.182	1066.31
946.357	589.13
946.531	226.64
946.706	286.03
946.88	392.53
947.055	824.65
947.229	351.57
947.404	193.87
947.578	802.12
947.752	783.69
947.927	195.92
948.101	105.81
948.276	1205.57
948.45	787.79
948.624	785.74
948.799	259.41
948.973	736.59
949.147	494.93
949.321	329.04
949.496	425.29
949.67	1033.54
949.844	669
950.018	423.25
950.193	277.84
950.367	1402.18
950.541	714.06
950.715	347.47
950.889	529.74
951.063	750.92
951.237	912.71
951.411	206.16
951.585	144.72
951.759	879.94
951.933	742.73
952.107	238.93
952.281	673.1
952.455	1224
952.629	779.59
952.803	345.42
952.977	349.52
953.151	1000.77
953.325	626
953.499	554.32
953.672	138.58
953.846	644.43
954.02	734.54
954.194	372.05
954.368	341.33
954.541	1031.49
954.715	779.59
954.889	599.37
955.062	142.68
955.236	611.66
955.41	769.35
955.583	580.94
955.757	75.09
955.93	777.55
956.104	572.75
956.278	234.83
956.451	320.85
956.625	830.79
956.798	1115.46
956.972	793.93
957.145	343.38
957.319	1099.08
957.492	843.08
957.665	644.43
957.839	271.7
958.012	773.45
958.185	591.18
958.359	464.21
958.532	626
958.705	845.13
958.879	744.78
959.052	580.94
959.225	50.52
959.398	763.21
959.572	853.32
959.745	253.27
959.918	415.06
960.091	904.52
960.264	998.73
960.438	312.66
960.611	224.59
960.784	1021.25
960.957	623.95
961.13	1017.16
961.303	226.64
961.476	752.97
961.649	1181
961.822	249.17
961.995	437.58
962.168	724.3
962.341	1054.02
962.514	378.19
962.686	316.75
962.859	793.93
963.032	927.05
963.205	429.39
963.378	64.85
963.551	767.31
963.723	654.67
963.896	597.32
964.069	685.39
964.242	812.36
964.414	1209.67
964.587	462.16
964.76	613.71
964.932	814.41
965.105	738.63
965.278	480.59
965.45	212.31
965.623	959.81
965.795	980.29
965.968	499.02
966.14	343.38
966.313	791.88
966.485	802.12
966.658	275.79
966.83	380.24
967.003	963.91
967.175	767.31
967.348	351.57
967.52	480.59
967.692	1275.2
967.865	980.29
968.037	460.11
968.209	615.76
968.382	896.33
968.554	1064.26
968.726	324.94
968.898	345.42
969.071	1152.32
969.243	820.55
969.415	359.76
969.587	605.52
969.759	1164.61
969.932	759.11
970.104	363.86
970.276	34.13
970.448	748.87
970.62	730.44
970.792	572.75
970.964	505.17
971.136	1195.33
971.308	781.64
971.48	236.88
971.652	339.28
971.824	1064.26
971.996	752.97
972.168	406.86
972.339	548.17
972.511	873.8
972.683	908.62
972.855	748.87
973.027	234.83
973.199	1203.52
973.37	1047.88
973.542	472.4
973.714	689.48
973.886	544.08
974.057	867.66
974.229	382.29
974.401	310.61
974.572	656.72
974.744	480.59
974.915	232.79
975.087	263.51
975.259	1029.45
975.43	546.13
975.602	224.59
975.773	263.51
975.945	712.01
976.116	902.47
976.288	232.79
976.459	707.91
976.63	572.75
976.802	781.64
976.973	142.68
977.145	623.95
977.316	1367.36
977.487	1500.48
977.659	456.01
977.83	384.34
978.001	1023.3
978.172	900.42
978.344	195.92
978.515	390.48
978.686	619.85
978.857	1142.08
979.028	365.9
979.2	277.84
979.371	1074.5
979.542	652.62
979.713	529.74
979.884	-160.42
980.055	609.61
980.226	773.45
980.397	378.19
980.568	206.16
980.739	963.91
980.91	607.56
981.081	544.08
981.252	259.41
981.423	804.17
981.594	791.88
981.765	370
981.936	453.97
982.106	556.36
982.277	1068.36
982.448	283.99
982.619	539.98
982.79	472.4
982.96	875.85
983.131	468.3
983.302	21.85
983.472	675.15
983.643	718.15
983.814	456.01
983.984	263.51
984.155	652.62
984.326	800.07
984.496	464.21
984.667	269.65
984.837	314.7
985.008	1000.77
985.178	769.35
985.349	310.61
985.519	636.24
985.69	402.77
985.86	363.86
986.031	202.07
986.201	716.11
986.371	714.06
986.542	46.42
986.712	5.46
986.882	677.2
987.053	552.27
987.223	253.27
987.393	640.33
987.563	494.93
987.734	767.31
987.904	861.51
988.074	165.2
988.244	517.45
988.414	580.94
988.585	128.34
988.755	515.41
988.925	533.84
989.095	947.53
989.265	154.96
989.435	257.36
989.605	759.11
989.775	877.9
989.945	669
990.115	66.9
990.285	552.27
990.455	689.48
990.625	382.29
990.795	56.66
990.965	1008.97
991.134	531.79
991.304	146.77
991.474	13.65
991.644	572.75
991.814	947.53
991.984	-133.8
992.153	189.78
992.323	472.4
992.493	779.59
992.662	-58.03
992.832	308.56
993.002	460.11
993.171	757.07
993.341	-2.73
993.511	150.87
993.68	425.29
993.85	726.35
994.019	-58.03
994.189	-53.93
994.358	515.41
994.528	607.56
994.697	-180.9
994.867	54.61
995.036	804.17
995.206	453.97
995.375	40.28
995.544	406.86
995.714	902.47
995.883	523.6
996.052	513.36
996.222	-277.16
996.391	884.04
996.56	634.19
996.73	50.52
996.899	-158.38
997.068	892.23
997.237	628.04
997.406	-2.73
997.576	-121.51
997.745	879.94
997.914	484.69
998.083	-299.69
998.252	1.37
998.421	607.56
998.59	390.48
998.759	79.19
998.928	-260.77
999.097	808.27
999.266	591.18
999.435	390.48
999.604	-258.73
999.773	832.84
999.942	482.64
1000.111	-221.86
1000.28	-268.97
1000.448	462.16
1000.617	226.64
1000.786	345.42
1000.955	-105.13
1001.124	800.07
1001.292	1224
1001.461	34.13
1001.63	-158.38
1001.798	673.1
1001.967	709.96
1002.136	-182.95
1002.304	-137.9
1002.473	773.45
1002.642	433.49
1002.81	120.15
1002.979	46.42
1003.147	722.25
1003.316	853.32
1003.484	-123.56
1003.653	56.66
1003.821	521.55
1003.99	429.39
1004.158	232.79
1004.327	154.96
1004.495	486.73
1004.663	585.04
1004.832	263.51
1005	-123.56
1005.168	574.8
1005.337	417.1
1005.505	-344.74
1005.673	339.28
1005.842	734.54
1006.01	367.95
1006.178	-225.96
1006.346	-60.07
1006.514	370
1006.683	953.67
1006.851	-68.27
1007.019	247.12
1007.187	367.95
1007.355	48.47
1007.523	-371.36
1007.691	-250.53
1007.859	257.36
1008.027	1049.93
1008.195	-148.14
1008.363	-205.48
1008.531	320.85
1008.699	609.61
1008.867	-369.32
1009.035	-41.64
1009.203	963.91
1009.37	464.21
1009.538	-86.7
1009.706	800.07
1009.874	429.39
1010.042	427.34
1010.209	-316.07
1010.377	-264.87
1010.545	501.07
1010.713	453.97
1010.88	-213.67
1011.048	-115.37
1011.216	433.49
1011.383	693.58
1011.551	-207.53
1011.718	-318.12
1011.886	570.7
1012.054	638.28
1012.221	-219.82
1012.389	-203.43
1012.556	468.3
1012.724	800.07
1012.891	116.05
1013.058	-441
1013.226	525.65
1013.393	599.37
1013.561	-354.98
1013.728	-369.32
1013.895	744.78
1014.063	484.69
1014.23	-393.89
1014.397	-43.69
1014.565	652.62
1014.732	339.28
1014.899	-223.91
1015.066	-266.92
1015.233	533.84
1015.401	611.66
1015.568	-148.14
1015.735	42.32
1015.902	697.67
1016.069	757.07
1016.236	-121.51
1016.403	-354.98
1016.57	234.83
1016.737	957.77
1016.904	-115.37
1017.071	-367.27
1017.238	193.87
1017.405	447.82
1017.572	-158.38
1017.739	247.12
1017.906	867.66
1018.073	687.43
1018.24	-273.06
1018.407	-51.88
1018.573	562.51
1018.74	507.21
1018.907	-58.03
1019.074	-320.17
1019.241	503.12
1019.407	419.15
1019.574	-271.01
1019.741	-307.88
1019.907	779.59
1020.074	963.91
1020.241	-527.01
1020.407	-414.37
1020.574	247.12
1020.74	286.03
1020.907	-311.97
1021.073	-268.97
1021.24	1068.36
1021.406	513.36
1021.573	-395.94
1021.739	-279.21
1021.906	703.82
1022.072	333.14
1022.239	-158.38
1022.405	-158.38
1022.571	402.77
1022.738	376.14
1022.904	-322.21
1023.07	-41.64
1023.237	326.99
1023.403	671.05
1023.569	-156.33
1023.735	-144.04
1023.902	574.8
1024.068	576.84
1024.234	-410.28
1024.4	-203.43
1024.566	216.4
1024.732	408.91
1024.898	-217.77
1025.065	-584.35
1025.231	365.9
1025.397	234.83
1025.563	-191.14
1025.729	-361.13
1025.895	-10.92
1026.061	195.92
1026.227	-436.9
1026.392	-252.58
1026.558	529.74
1026.724	574.8
1026.89	-225.96
1027.056	-146.09
1027.222	267.6
1027.388	374.1
1027.553	-162.47
1027.719	-260.77
1027.885	884.04
1028.051	429.39
1028.216	-484
1028.382	-178.86
1028.548	464.21
1028.713	378.19
1028.879	-393.89
1029.045	-0.68
1029.21	660.81
1029.376	546.13
1029.541	-209.58
1029.707	-139.94
1029.873	552.27
1030.038	466.25
1030.204	-207.53
1030.369	-322.21
1030.534	431.44
1030.7	193.87
1030.865	-185
1031.031	-332.45
1031.196	347.47
1031.361	320.85
1031.527	-242.34
1031.692	-254.63
1031.857	89.43
1032.023	509.26
1032.188	-371.36
1032.353	-252.58
1032.518	636.24
1032.684	341.33
1032.849	-459.43
1033.014	-166.57
1033.179	339.28
1033.344	359.76
1033.509	-164.52
1033.674	-213.67
1033.839	408.91
1034.004	472.4
1034.17	-303.78
1034.335	-479.91
1034.5	202.07
1034.664	255.31
1034.829	-369.32
1034.994	-131.75
1035.159	126.29
1035.324	550.22
1035.489	-248.49
1035.654	-295.59
1035.819	994.63
1035.984	415.06
1036.148	-172.71
1036.313	-221.86
1036.478	490.83
1036.643	206.16
1036.807	-262.82
1036.972	-395.94
1037.137	822.6
1037.301	277.84
1037.466	-531.11
1037.631	-66.22
1037.795	537.93
1037.96	314.7
1038.124	13.65
1038.289	-383.65
1038.454	310.61
1038.618	486.73
1038.783	-113.32
1038.947	-133.8
1039.111	220.5
1039.276	259.41
1039.44	-248.49
1039.605	505.17
1039.769	204.11
1039.933	226.64
1040.098	-160.42
1040.262	122.2
1040.426	484.69
1040.591	425.29
1040.755	-299.69
1040.919	-187.05
1041.083	591.18
1041.248	218.45
1041.412	-463.52
1041.576	-393.89
1041.74	281.94
1041.904	343.38
1042.068	-371.36
1042.232	-185
1042.397	724.3
1042.561	335.18
1042.725	-596.64
1042.889	-113.32
1043.053	333.14
1043.217	310.61
1043.381	-228.01
1043.544	-457.38
1043.708	449.87
1043.872	103.76
1044.036	-500.39
1044.2	-463.52
1044.364	587.08
1044.528	537.93
1044.691	5133.58
1044.855	-397.99
1045.019	404.82
1045.183	488.78
1045.346	-230.06
1045.51	-436.9
1045.674	564.56
1045.837	351.57
1046.001	-277.16
1046.165	-197.29
1046.328	834.89
1046.492	175.44
1046.655	36.18
1046.819	-250.53
1046.983	298.32
1047.146	130.39
1047.31	-105.13
1047.473	-520.87
1047.636	191.83
1047.8	120.15
1047.963	-168.62
1048.127	-385.7
1048.29	146.77
