345.52	-1307.46
345.736	-1307.46
345.952	-1307.46
346.168	-1377.09
346.384	-1342.27
346.6	-252.75
346.816	-252.75
347.032	-109.4
347.248	570.53
347.464	-291.66
347.68	-252.75
347.896	-105.3
348.112	308.39
348.328	-99.16
348.544	15.53
348.76	222.38
348.975	246.95
349.191	-291.66
349.407	-342.86
349.623	199.85
349.839	136.36
350.055	-160.59
350.27	-52.05
350.486	251.05
350.702	232.62
350.918	492.71
351.133	-131.92
351.349	205.99
351.565	642.21
351.781	-281.43
351.996	23.72
352.212	228.52
352.428	91.31
352.644	-287.57
352.859	-215.89
353.075	326.82
353.291	197.8
353.506	-262.99
353.722	-320.34
353.938	97.45
354.153	480.42
354.369	230.57
354.584	-258.9
354.8	279.72
355.016	-50
355.231	-387.92
355.447	-82.77
355.662	461.99
355.878	818.33
356.093	-486.22
356.309	-15.19
356.524	54.44
356.74	586.91
356.955	-371.54
357.171	-50
357.386	281.77
357.602	-11.09
357.817	-93.01
358.033	-199.51
358.248	382.12
358.464	304.29
358.679	-166.74
358.895	-400.21
359.11	70.83
359.325	345.25
359.541	169.13
359.756	-15.19
359.972	-33.62
360.187	543.91
360.402	-271.19
360.618	-174.93
360.833	1698.96
361.048	201.9
361.264	-164.69
361.479	-13.14
361.694	234.66
361.909	308.39
362.125	-222.03
362.34	-121.68
362.555	283.81
362.77	263.33
362.986	-412.5
363.201	-181.07
363.416	365.73
363.631	185.51
363.847	-262.99
364.062	-252.75
364.277	283.81
364.492	119.98
364.707	-127.83
364.922	-361.3
365.138	421.03
365.353	431.27
365.568	-365.39
365.783	-142.16
365.998	425.12
366.213	722.08
366.428	-230.23
366.643	244.9
366.858	373.92
367.073	453.8
367.288	-226.13
367.503	-179.03
367.718	214.18
367.933	621.73
368.148	-320.34
368.363	38.06
368.578	287.91
368.793	597.15
369.008	-76.63
369.223	-359.25
369.438	357.54
369.653	414.88
369.868	-359.25
370.083	-289.62
370.298	296.1
370.513	580.77
370.728	203.94
370.943	-219.99
371.157	144.55
371.372	789.66
371.587	-271.19
371.802	-281.43
372.017	177.32
372.232	582.82
372.446	19.63
372.661	-256.85
372.876	279.72
373.091	398.5
373.306	-97.11
373.52	-340.82
373.735	142.5
373.95	662.69
374.165	-80.72
374.379	-158.55
374.594	130.22
374.809	453.8
375.023	179.37
375.238	-166.74
375.453	447.65
375.667	97.45
375.882	-150.36
376.097	-252.75
376.311	87.21
376.526	525.47
376.741	-236.37
376.955	349.35
377.17	648.35
377.384	1098.91
377.599	150.7
377.813	-297.81
378.028	961.69
378.242	468.13
378.457	-23.38
378.672	-207.7
378.886	99.5
379.101	300.2
379.315	-301.9
379.53	-25.43
379.744	584.87
379.958	455.84
380.173	-17.24
380.387	-117.59
380.602	464.04
380.816	132.26
381.031	-33.62
381.245	-88.92
381.459	441.51
381.674	3380.34
381.888	-357.2
382.103	451.75
382.317	218.28
382.531	634.02
382.746	140.46
382.96	-127.83
383.174	312.49
383.388	783.52
383.603	296.1
383.817	-219.99
384.031	363.69
384.246	703.65
384.46	138.41
384.674	980.12
384.888	236.71
385.103	588.96
385.317	-246.61
385.531	136.36
385.745	1027.23
385.959	652.45
386.174	-181.07
386.388	-115.54
386.602	298.15
386.816	314.53
387.03	-13.14
387.244	3.24
387.458	406.69
387.672	717.98
387.887	-197.46
388.101	-82.77
388.315	660.64
388.529	412.84
388.743	1.19
388.957	-29.52
389.171	836.77
389.385	277.67
389.599	-121.68
389.813	228.52
390.027	425.12
390.241	1000.6
390.455	1.19
390.669	144.55
390.883	343.21
391.097	892.06
391.311	394.4
391.525	-25.43
391.738	713.89
391.952	709.79
392.166	224.42
392.38	-174.93
392.594	593.06
392.808	560.29
393.022	169.13
393.236	117.93
393.449	488.61
393.663	728.22
393.877	-54.1
394.091	205.99
394.305	382.12
394.518	398.5
394.732	-133.97
394.946	181.42
395.16	1062.04
395.373	527.52
395.587	-66.39
395.801	50.35
396.015	726.18
396.228	545.95
396.442	-101.2
396.656	-156.5
396.869	720.03
397.083	1062.04
397.297	267.43
397.51	277.67
397.724	562.34
397.938	578.72
398.151	-62.29
398.365	-37.72
398.578	742.56
398.792	879.77
399.005	414.88
399.219	42.15
399.433	623.78
399.646	808.09
399.86	410.79
400.073	562.34
400.287	672.93
400.5	738.46
400.714	525.47
400.927	210.09
401.141	859.29
401.354	2219.14
401.567	822.43
401.781	11.43
401.994	644.26
402.208	1137.82
402.421	328.87
402.635	320.68
402.848	378.02
403.061	756.9
403.275	365.73
403.488	79.02
403.701	996.51
403.915	1049.75
404.128	486.56
404.341	201.9
404.555	1168.54
404.768	433.32
404.981	574.63
405.195	261.29
405.408	957.6
405.621	830.62
405.834	560.29
406.048	158.89
406.261	988.32
406.474	881.82
406.687	234.66
406.9	441.51
407.114	836.77
407.327	1105.05
407.54	58.54
407.753	33.96
407.966	476.32
408.179	801.95
408.392	332.97
408.605	103.59
408.819	900.25
409.032	941.21
409.245	429.22
409.458	677.02
409.671	873.63
409.884	920.73
410.097	218.28
410.31	566.43
410.523	1174.68
410.736	674.98
410.949	437.41
411.162	308.39
411.375	984.22
411.588	890.01
411.801	605.35
412.014	357.54
412.227	656.54
412.44	928.92
412.653	414.88
412.865	801.95
413.078	1057.95
413.291	939.16
413.504	568.48
413.717	332.97
413.93	1070.23
414.143	664.74
414.356	627.87
414.568	261.29
414.781	1002.65
414.994	990.36
415.207	679.07
415.42	681.12
415.632	924.83
415.845	1471.64
416.058	201.9
416.271	357.54
416.483	1164.44
416.696	1166.49
416.909	478.37
417.121	451.75
417.334	916.64
417.547	1254.55
417.759	439.46
417.972	537.76
418.185	912.54
418.397	1103
418.61	545.95
418.823	595.11
419.035	1307.8
419.248	1023.13
419.46	619.68
419.673	840.86
419.885	834.72
420.098	1168.54
420.311	550.05
420.523	275.62
420.736	1148.06
420.948	1043.61
421.161	521.38
421.373	378.02
421.586	804
421.798	859.29
422.01	373.92
422.223	1029.27
422.435	752.8
422.648	1416.34
422.86	586.91
423.073	699.55
423.285	1103
423.497	853.15
423.71	621.73
423.922	648.35
424.134	1483.92
424.347	1617.04
424.559	1012.89
424.771	1152.15
424.984	1295.51
425.196	1272.98
425.408	588.96
425.621	685.22
425.833	1340.57
426.045	1504.4
426.257	535.71
426.47	887.97
426.682	1103
426.894	1164.44
427.106	713.89
427.318	933.02
427.531	1176.73
427.743	1344.66
427.955	1055.9
428.167	1668.24
428.379	1193.11
428.591	1250.46
428.804	928.92
429.016	851.1
429.228	1459.35
429.44	1471.64
429.652	14396.37
429.864	812.19
430.076	1301.65
430.288	1332.37
430.5	1143.96
430.712	1195.16
430.924	1488.02
431.136	1563.79
431.348	867.49
431.56	1031.32
431.772	1291.41
431.984	1315.99
432.196	801.95
432.408	1047.71
432.62	1324.18
432.832	1604.75
433.044	1600.66
433.256	1289.37
433.468	1709.2
433.679	1217.69
433.891	832.67
434.103	1414.29
434.315	1918.09
434.527	1719.44
434.739	1305.75
434.95	1129.63
435.162	1670.29
435.374	1186.97
435.586	1332.37
435.798	1143.96
436.009	1528.98
436.221	1356.95
436.433	1279.13
436.645	1246.36
436.856	1571.99
437.068	2061.45
437.28	1137.82
437.491	1684.62
437.703	1897.61
437.915	1864.85
438.126	1307.8
438.338	1827.98
438.55	1653.91
438.761	1647.76
438.973	1457.3
439.184	1438.87
439.396	1635.47
439.608	1744.02
439.819	1375.38
440.031	1488.02
440.242	1965.2
440.454	1987.72
440.665	1418.39
440.877	1586.32
441.088	2030.73
441.3	1963.15
441.511	1182.87
441.723	1369.24
441.934	2174.09
442.146	2014.35
442.357	1703.06
442.569	2038.92
442.78	2178.19
442.991	2591.88
443.203	2014.35
443.414	1510.55
443.626	2296.97
443.837	1952.91
444.048	1504.4
444.26	1285.27
444.471	2155.66
444.682	2030.73
444.894	1598.61
445.105	1424.53
445.316	2335.88
445.528	2122.89
445.739	1760.4
445.95	1823.89
446.161	2061.45
446.373	2165.9
446.584	1754.26
446.795	1680.53
447.006	2489.48
447.217	2409.61
447.429	1586.32
447.64	1367.19
447.851	2997.37
448.062	2387.08
448.273	1514.64
448.484	1627.28
448.695	2235.53
448.907	2262.15
449.118	1813.65
449.329	2294.92
449.54	2086.03
449.751	2149.51
449.962	1678.48
450.173	1688.72
450.384	2430.09
450.595	2677.89
450.806	1834.13
451.017	2020.49
451.228	2651.27
451.439	2499.72
451.65	1903.76
451.861	1598.61
452.072	2362.5
452.283	2389.13
452.494	2276.49
452.705	2083.98
452.915	3175.55
453.126	2624.64
453.337	2288.78
453.548	2034.83
453.759	2929.79
453.97	2806.91
454.181	2634.88
454.391	2167.95
454.602	2665.6
454.813	3142.78
455.024	2233.48
455.235	2061.45
455.445	2907.26
455.656	2702.47
455.867	2583.68
456.078	2249.86
456.288	2548.87
456.499	2960.51
456.71	2229.38
456.921	2638.98
457.131	2995.32
457.342	2667.65
457.553	2278.54
457.763	2360.45
457.974	2860.16
458.184	3038.33
458.395	2464.9
458.606	2315.4
458.816	3400.82
459.027	3357.82
459.237	2704.51
459.448	2569.35
459.659	3282.04
459.869	4095.08
460.08	2430.09
460.29	2882.69
460.501	3513.46
460.711	3310.71
460.922	2428.04
461.132	2724.99
461.343	4105.32
461.553	3067
461.764	2759.81
461.974	2845.82
462.184	3593.33
462.395	3617.91
462.605	3030.14
462.816	2745.47
463.026	3535.99
463.236	3753.07
463.447	2972.8
463.657	2974.85
463.867	3847.28
464.078	3546.23
464.288	3159.16
464.498	3300.47
464.709	3857.52
464.919	3726.45
465.129	3277.94
465.339	3159.16
465.55	3767.41
465.76	4127.85
465.97	3382.39
466.18	3474.55
466.391	4195.43
466.601	3982.45
466.811	3683.44
467.021	3462.26
467.231	4174.95
467.441	4154.48
467.651	3746.93
467.862	3275.9
468.072	4267.11
468.282	4430.95
468.492	3593.33
468.702	4140.14
468.912	4662.37
469.122	5262.43
469.332	4258.92
469.542	4045.93
469.752	5022.81
469.962	4641.89
470.172	4013.17
470.382	4134
470.592	4996.19
470.802	5094.49
471.012	4625.51
471.222	4375.66
471.432	5117.02
471.642	5184.6
471.852	4867.17
472.062	4549.73
472.272	5166.17
472.482	5272.67
472.691	4844.64
472.901	4650.08
473.111	5170.27
473.321	5870.67
473.531	4961.37
473.741	5465.18
473.95	5700.69
474.16	5647.44
474.37	5366.87
474.58	4977.76
474.79	6378.57
474.999	5911.63
475.209	5346.39
475.419	5471.32
475.628	6075.47
475.838	6470.73
476.048	5844.05
476.258	5528.66
476.467	6501.45
476.677	6208.59
476.886	6290.51
477.096	5995.6
477.306	6454.34
477.515	6755.4
477.725	6341.71
477.935	6530.12
478.144	7289.92
478.354	6763.59
478.563	6495.3
478.773	6431.82
478.982	7345.21
479.192	7326.78
479.401	6730.82
479.611	6810.69
479.82	7021.63
480.03	7427.13
480.239	7001.15
480.449	6843.46
480.658	8010.8
480.868	7844.91
481.077	7408.7
481.287	7285.82
481.496	7728.18
481.705	8242.22
481.915	7926.83
482.124	7998.51
482.333	8178.73
482.543	8741.93
482.752	8102.96
482.961	7957.55
483.171	8524.84
483.38	8229.93
483.589	8094.77
483.799	8150.06
484.008	8651.81
484.217	8533.03
484.426	8483.88
484.636	8283.18
484.845	9040.93
485.054	8743.97
485.263	9233.44
485.472	8584.23
485.682	9579.54
485.891	9280.54
486.1	8416.3
486.309	8854.56
486.518	9716.76
486.727	10365.96
486.936	8893.47
487.146	9358.36
487.355	10087.44
487.564	9739.29
487.773	9651.22
487.982	9425.95
488.191	10034.19
488.4	10470.41
488.609	9686.04
488.818	9806.87
489.027	10712.07
489.236	10650.63
489.445	9784.34
489.654	9739.29
489.863	11076.61
490.072	10587.15
490.281	10720.26
490.49	10351.63
490.698	11211.78
490.907	11453.44
491.116	10814.47
491.325	10368.01
491.534	11441.15
491.743	10988.55
491.952	10724.36
492.16	11099.14
492.369	11725.82
492.578	11623.42
492.787	11109.38
492.996	10957.83
493.204	11480.06
493.413	12096.5
493.622	11203.58
493.831	10978.31
494.039	12379.12
494.248	11645.94
494.457	11316.22
494.665	11363.33
494.874	12188.66
495.083	12647.4
495.291	11604.99
495.5	11617.27
495.709	12532.72
495.917	12297.2
496.126	12069.87
496.335	11764.73
496.543	12710.89
496.752	12649.45
496.96	12592.11
497.169	12098.55
497.377	12858.34
497.586	13136.87
497.794	12784.62
498.003	12155.89
498.211	12923.88
498.42	13138.91
498.628	12647.4
498.837	12573.67
499.045	13478.88
499.254	13249.5
499.462	12831.72
499.671	12821.48
499.879	14255.06
500.087	13714.39
500.296	12917.73
500.504	13005.8
500.713	13480.92
500.921	14169.04
501.129	13157.35
501.338	13005.8
501.546	14019.54
501.754	13986.77
501.962	13421.53
502.171	13257.7
502.379	14334.93
502.587	14367.7
502.795	13771.74
503.004	13439.97
503.212	14480.33
503.42	14435.28
503.628	13892.57
503.837	13829.08
504.045	14586.83
504.253	15221.7
504.461	14040.02
504.669	14207.95
504.877	14957.51
505.085	14961.61
505.294	13958.1
505.502	14615.5
505.71	15424.45
505.918	15164.36
506.126	14267.34
506.334	14222.29
506.542	15485.89
506.75	14896.07
506.958	14803.91
507.166	14715.85
507.374	15068.1
507.582	15672.25
507.79	14934.98
507.998	14695.37
508.206	15760.31
508.414	15268.8
508.622	14756.81
508.83	15182.79
509.037	15571.9
509.245	15102.92
509.453	15246.27
509.661	14947.27
509.869	16073.65
510.077	15530.94
510.285	15322.05
510.492	14967.75
510.7	16690.09
510.908	15897.53
511.116	15121.35
511.324	15334.34
511.531	16067.51
511.739	16315.31
511.947	15780.79
512.155	16358.32
512.362	16606.13
512.57	15993.78
512.778	15469.5
512.985	15616.96
513.193	16323.51
513.401	16815.02
513.608	15963.06
513.816	15911.86
514.024	16677.8
514.231	16655.28
514.439	16028.6
514.646	15731.64
514.854	16733.1
515.061	16741.29
515.269	16294.83
515.477	16153.52
515.684	16694.19
515.892	17159.08
516.099	16350.13
516.307	16198.58
516.514	17365.92
516.722	17728.41
516.929	16444.34
517.136	16602.03
517.344	17193.89
517.551	17519.52
517.759	16499.63
517.966	17128.36
518.173	17374.11
518.381	17525.66
518.588	16989.1
518.796	16827.31
519.003	17861.53
519.21	17572.77
519.418	17351.59
519.625	17564.57
519.832	17660.83
520.039	17646.49
520.247	16919.46
520.454	17451.94
520.661	18107.29
520.868	17941.4
521.076	17537.95
521.283	17490.85
521.49	18949
521.697	18344.85
521.904	17658.78
522.112	17800.09
522.319	18754.44
522.526	18039.7
522.733	17771.42
522.94	17521.57
523.147	18314.13
523.354	18342.8
523.561	17865.63
523.768	18236.31
523.975	19014.54
524.183	19260.29
524.39	18496.4
524.597	18170.77
524.804	18520.98
525.011	18930.57
525.218	18516.88
525.425	18453.39
525.632	19186.57
525.838	19080.07
526.045	18297.75
526.252	18664.33
526.459	20810.61
526.666	21082.98
526.873	18977.67
527.08	18953.1
527.287	19624.83
527.494	19467.14
527.701	19063.69
527.907	18738.06
528.114	19792.76
528.321	19743.61
528.528	19090.31
528.735	19174.28
528.941	19682.17
529.148	19585.92
529.355	19301.25
529.562	19243.91
529.768	20896.62
529.975	19858.3
530.182	19372.93
530.388	19303.3
530.595	20263.8
530.802	19925.88
531.008	19854.2
531.215	19772.28
531.422	21361.51
531.628	21449.57
531.835	19977.08
532.042	20028.28
532.248	21072.75
532.455	20515.7
532.661	20134.78
532.868	20026.23
533.074	21095.27
533.281	21183.34
533.487	20171.64
533.694	20298.61
533.9	20898.67
534.107	20849.52
534.313	20423.54
534.52	20470.64
534.726	21068.65
534.933	21773.15
535.139	20765.55
535.345	20513.65
535.552	21668.7
535.758	21881.69
535.965	20958.06
536.171	21007.21
536.377	21902.17
536.584	22391.64
536.79	20902.76
536.996	21441.38
537.203	22209.37
537.409	22166.36
537.615	21375.84
537.821	21707.62
538.028	22426.45
538.234	22168.41
538.44	21619.55
538.646	21386.08
538.853	22160.22
539.059	21670.75
539.265	22102.87
539.471	21398.37
539.677	22477.65
539.883	22491.99
540.09	23477.06
540.296	22690.64
540.502	22831.95
540.708	22768.46
540.914	22504.28
541.12	22104.92
541.326	22965.07
541.532	23110.47
541.738	22479.7
541.944	22408.02
542.15	23208.78
542.356	22877.01
542.562	22483.8
542.768	22948.68
542.974	23491.4
543.18	23534.4
543.386	22889.29
543.592	22727.5
543.798	24165.18
544.004	23868.22
544.21	22834
544.415	23214.92
544.621	23937.85
544.827	24238.9
545.033	23159.63
545.239	23704.38
545.445	23741.25
545.651	23886.65
545.856	23180.1
546.062	23208.78
546.268	23565.12
546.474	23776.06
546.679	23294.79
546.885	23120.71
547.091	23847.74
547.297	24400.69
547.502	23192.39
547.708	23055.18
547.914	23823.17
548.119	24542
548.325	23382.85
548.531	23272.26
548.736	24488.76
548.942	24408.89
549.147	23532.36
549.353	23683.91
549.559	25144.11
549.764	24683.31
549.97	23626.56
550.175	23825.22
550.381	24746.8
550.586	24390.45
550.792	24009.53
550.997	24070.97
551.203	24900.4
551.408	25133.87
551.614	24404.79
551.819	24417.08
552.025	25674.53
552.23	25174.83
552.435	24650.55
552.641	25004.85
552.846	24996.65
553.052	26379.03
553.257	25101.1
553.462	24927.02
553.668	25299.75
553.873	25692.96
554.078	24863.54
554.283	25197.35
554.489	25592.61
554.694	25735.97
554.899	24781.62
555.105	25559.84
555.31	26176.28
555.515	25873.18
555.72	25383.72
555.925	26667.8
556.131	26127.13
556.336	25916.19
556.541	25400.1
556.746	25330.47
556.951	26653.46
557.156	26069.79
557.361	25688.87
557.567	26262.3
557.772	26510.1
557.977	26415.9
558.182	25598.76
558.387	25910.05
558.592	26204.95
558.797	27114.25
559.002	26006.3
559.207	26391.32
559.412	26628.88
559.617	26655.51
559.822	25965.34
560.027	26198.81
560.232	26626.84
560.437	26970.9
560.642	25768.74
560.847	25994.01
561.051	26891.02
561.256	26993.42
561.461	26225.43
561.666	25789.22
561.871	26645.27
562.076	27224.84
562.281	26626.84
562.485	26329.88
562.69	26989.33
562.895	26796.82
563.1	26600.21
563.305	26297.11
563.509	27071.25
563.714	27484.94
563.919	26544.92
564.123	26600.21
564.328	27126.54
564.533	27714.31
564.737	26266.39
564.942	26794.77
565.147	27693.83
565.351	27464.46
565.556	26821.39
565.761	27099.92
565.965	28017.41
566.17	27409.16
566.374	27013.9
566.579	27198.22
566.784	27595.53
566.988	27788.03
567.193	26850.06
567.397	27423.5
567.602	27677.44
567.806	28119.81
568.011	27353.87
568.215	27595.53
568.42	27906.82
568.624	28463.86
568.828	27138.83
569.033	27595.53
569.237	28316.41
569.442	28154.62
569.646	27392.78
569.85	27396.87
570.055	28265.21
570.259	28033.79
570.463	28056.32
570.668	27872
570.872	28400.38
571.076	28467.96
571.281	28119.81
571.485	27910.91
571.689	28572.41
571.893	28932.85
572.098	28037.89
572.302	27839.23
572.506	28543.74
572.71	28775.16
572.914	27865.86
573.119	28261.12
573.323	28887.79
573.527	29405.93
573.731	28631.8
573.935	28527.35
574.139	29395.69
574.343	29369.07
574.547	28625.65
574.751	28916.47
574.955	29395.69
575.159	29223.66
575.364	28891.89
575.568	28932.85
575.772	29104.88
575.976	29469.42
576.18	28566.26
576.383	29084.4
576.587	30063.33
576.791	29688.55
576.995	28480.25
577.199	28807.92
577.403	29463.27
577.607	29962.98
577.811	29033.2
578.015	29573.86
578.219	29733.6
578.422	29694.69
578.626	29362.92
578.83	29412.07
579.034	30405.34
579.238	29770.47
579.442	29225.71
579.645	29975.27
579.849	30100.19
580.053	30231.26
580.257	29557.48
580.46	29727.46
580.664	30419.67
580.868	30460.63
581.071	29887.2
581.275	29788.9
581.479	29778.66
581.682	30587.61
581.886	29682.41
582.09	30135.01
582.293	30710.49
582.497	30696.15
582.7	30214.88
582.904	30278.36
583.107	30761.69
583.311	30620.38
583.515	30051.04
583.718	30018.27
583.922	30761.69
584.125	31752.9
584.329	30307.04
584.532	30493.4
584.735	31666.89
584.939	31359.69
585.142	30118.62
585.346	30477.02
585.549	30661.33
585.753	30567.13
585.956	30507.74
586.159	30923.47
586.363	31759.05
586.566	31419.08
586.769	30421.72
586.973	30257.88
587.176	31345.36
587.379	31533.77
587.582	30837.46
587.786	31247.05
587.989	31871.68
588.192	32258.75
588.395	31068.88
588.599	31802.05
588.802	31591.11
589.005	31951.56
589.208	31484.62
589.411	31591.11
589.615	32283.33
589.818	32279.23
590.021	31865.54
590.224	31773.38
590.427	32340.67
590.63	32367.29
590.833	31023.83
591.036	31929.03
591.239	32058.05
591.442	32029.38
591.645	32066.24
591.848	31619.78
592.051	32557.75
592.254	32457.4
592.457	31912.64
592.66	31718.09
592.863	32572.09
593.066	32932.53
593.269	32512.7
593.472	32377.53
593.675	33098.42
593.878	32742.07
594.081	32451.26
594.284	32168.64
594.486	33278.64
594.689	33518.25
594.892	32365.24
595.095	32680.63
595.298	33088.18
595.5	32975.54
595.703	32639.67
595.906	32844.47
596.109	33508.01
596.311	33217.2
596.514	32297.66
596.717	33325.74
596.92	33950.37
597.122	33632.94
597.325	32692.92
597.528	32842.42
597.73	34595.48
597.933	33622.7
598.136	33358.51
598.338	32406.2
598.541	33956.52
598.743	34171.55
598.946	33014.45
599.148	33489.58
599.351	33829.54
599.554	33966.76
599.756	33039.03
599.959	33440.43
600.161	34038.44
600.363	34636.44
600.566	33974.95
600.768	33622.7
600.971	34067.11
601.173	34020
601.376	33665.7
601.578	33581.74
601.78	34548.38
601.983	35160.72
602.185	33645.23
602.388	34126.5
602.59	34585.24
602.792	34413.21
602.995	33940.13
603.197	33688.23
603.399	35078.8
603.601	35259.02
603.804	34071.2
604.006	34226.85
604.208	34491.04
604.41	34372.25
604.613	34439.84
604.815	34169.51
605.017	35197.59
605.219	34417.31
605.421	34876.05
605.623	34349.73
605.826	35455.63
606.028	35777.16
606.23	34427.55
606.432	34437.79
606.634	35152.53
606.836	35000.98
607.038	34398.88
607.24	34276
607.442	35162.77
607.644	34871.96
607.846	34433.69
608.048	34443.93
608.25	35203.73
608.452	34949.78
608.654	34632.35
608.856	33581.74
609.058	34888.34
609.26	35541.64
609.462	34695.83
609.664	34734.74
609.866	34929.3
610.067	35408.53
610.269	34886.29
610.471	34747.03
610.673	35322.51
610.875	35232.4
611.077	34370.21
611.278	34904.73
611.48	35222.16
611.682	35609.23
611.884	35168.91
612.085	34540.19
612.287	35390.09
612.489	35533.45
612.69	34917.01
612.892	34562.72
613.094	35578.51
613.295	35185.3
613.497	34585.24
613.699	34669.21
613.9	35840.65
614.102	35519.12
614.304	34708.12
614.505	34546.33
614.707	35713.67
614.908	35193.49
615.11	34609.82
615.311	35209.87
615.513	35392.14
615.714	35414.67
615.916	34857.62
616.117	35091.09
616.319	35375.76
616.52	35449.49
616.722	34730.65
616.923	35166.87
617.124	35889.8
617.326	35250.83
617.527	35332.75
617.729	35439.25
617.93	35371.66
618.131	35615.37
618.333	34742.94
618.534	35340.94
618.735	35986.05
618.937	36237.95
619.138	35545.74
619.339	35443.34
619.54	35752.59
619.742	35977.86
619.943	35601.04
620.144	35152.53
620.345	35943.05
620.546	35793.54
620.748	35547.79
620.949	35400.33
621.15	36252.29
621.351	35474.06
621.552	35359.38
621.753	35379.85
621.954	35916.42
622.155	36041.35
622.356	35195.54
622.558	35629.71
622.759	35766.92
622.96	36481.66
623.161	35431.05
623.362	35060.37
623.563	36119.17
623.764	35799.69
623.965	35299.98
624.166	36162.18
624.366	35756.68
624.567	36364.93
624.768	35416.72
624.969	35342.99
625.17	36133.51
625.371	35859.08
625.572	35787.4
625.773	35535.5
625.973	36123.27
626.174	36360.83
626.375	35854.98
626.576	35910.28
626.777	36559.48
626.977	36461.18
627.178	36033.16
627.379	36160.13
627.58	36008.58
627.78	36037.25
627.981	35545.74
628.182	36315.78
628.382	36674.17
628.583	36424.32
628.784	35484.3
628.984	36151.94
629.185	36897.4
629.386	36645.5
629.586	36557.44
629.787	36156.03
629.987	37057.14
630.188	36579.96
630.388	36004.49
630.589	36076.16
630.79	37284.47
630.99	36207.23
631.191	36100.74
631.391	36526.72
631.591	36766.33
631.792	36809.34
631.992	36467.33
632.193	36678.27
632.393	36848.25
632.594	37034.61
632.794	36336.26
632.994	36831.86
633.195	36895.35
633.395	36342.4
633.595	35758.73
633.796	36432.51
633.996	36784.76
634.196	36895.35
634.397	36276.87
634.597	36061.83
634.797	36848.25
634.997	36852.34
635.198	36686.46
635.398	35988.1
635.598	37110.39
635.798	37028.47
635.998	36450.94
636.199	36422.27
636.399	36522.62
636.599	36764.28
636.799	36317.82
636.999	37020.28
637.199	37214.83
637.399	37632.62
637.599	36784.76
637.799	36414.08
637.999	37354.1
638.199	37503.6
638.399	37292.66
638.599	36606.59
638.799	37909.1
638.999	38290.02
639.199	36926.07
639.399	37204.59
639.599	37120.63
639.799	36739.71
639.999	36590.2
640.199	36799.1
640.399	37149.3
640.599	36713.08
640.799	37210.74
640.998	37698.16
641.198	37638.76
641.398	37487.21
641.598	37175.92
641.798	37112.44
641.997	38996.57
642.197	37610.09
642.397	37263.99
642.597	37040.76
642.796	37614.19
642.996	37634.67
643.196	37497.45
643.395	37122.68
643.595	37589.61
643.795	37419.63
643.994	37683.82
644.194	37464.69
644.394	38619.74
644.593	38062.69
644.793	37849.71
644.992	37610.09
645.192	38470.24
645.392	37593.71
645.591	37792.36
645.791	37737.07
645.99	38466.14
646.19	38158.95
646.389	37896.81
646.589	37757.55
646.788	37745.26
646.987	38371.94
647.187	38392.42
647.386	37718.64
647.586	38050.41
647.785	38439.52
647.984	37640.81
648.184	37798.51
648.383	37843.56
648.582	38117.99
648.782	37485.17
648.981	38136.42
649.18	37933.67
649.38	37997.16
649.579	37964.39
649.778	38167.14
649.977	38636.13
650.177	38027.88
650.376	38146.66
650.575	37530.22
650.774	38298.21
650.973	38007.4
651.173	37577.33
651.372	38007.4
651.571	38330.98
651.77	38703.71
651.969	38048.36
652.168	38316.64
652.367	38320.74
652.566	38433.38
652.765	38222.44
652.964	38484.58
653.163	38953.56
653.362	38894.17
653.561	38054.5
653.76	38333.03
653.959	38333.03
654.158	39268.95
654.357	38259.3
654.556	38070.89
654.755	39002.71
654.954	38928.98
655.153	37917.29
655.352	38543.97
655.551	38658.65
655.749	38775.39
655.948	38689.37
656.147	38799.96
656.346	39283.28
656.545	39195.22
656.743	39090.77
656.942	38904.41
657.141	38679.13
657.34	38716
657.538	38916.7
657.737	38777.43
657.936	39717.45
658.135	39025.24
658.333	38478.43
658.532	39004.76
658.731	39688.78
658.929	39699.02
659.128	39449.17
659.326	38521.44
659.525	39369.3
659.724	39213.65
659.922	38595.17
660.121	38568.54
660.319	38986.33
660.518	38783.58
660.716	38627.93
660.915	38554.21
661.113	39232.08
661.312	39195.22
661.51	38660.7
661.709	38554.21
661.907	38859.35
662.105	39352.91
662.304	38367.84
662.502	38969.94
662.701	39307.86
662.899	38814.3
663.097	39545.42
663.296	39058.01
663.494	39266.9
663.692	39842.38
663.891	38572.64
664.089	38537.82
664.287	39232.08
664.485	39617.1
664.684	39193.17
664.882	39144.02
665.08	39365.2
665.278	39471.7
665.476	39223.89
665.675	39580.24
665.873	39742.03
666.071	39395.92
666.269	38775.39
666.467	39230.04
666.665	39567.95
666.863	39248.47
667.061	39299.67
667.259	39260.76
667.457	39502.42
667.655	39709.26
667.853	38357.6
668.051	38679.13
668.249	38910.55
668.447	39488.08
668.645	38531.68
668.843	39289.43
669.041	39279.19
669.239	38910.55
669.437	38965.85
669.635	39324.24
669.833	39043.67
670.031	39121.49
670.229	38840.92
670.426	38808.15
670.624	38974.04
670.822	38992.47
671.02	38265.44
671.218	39021.14
671.415	38804.06
671.613	38847.07
671.811	38947.42
672.009	38763.1
672.206	39811.66
672.404	39152.21
672.602	39291.48
672.799	38935.13
672.997	39641.68
673.195	39541.33
673.392	39395.92
673.59	38885.98
673.788	39299.67
673.985	38738.52
674.183	39123.54
674.38	38916.7
674.578	39711.31
674.775	39223.89
674.973	38496.86
675.17	38666.84
675.368	39307.86
675.565	39201.36
675.763	38820.44
675.96	38779.48
676.158	38834.78
676.355	38355.55
676.553	38122.08
676.75	38345.31
676.947	38804.06
677.145	38578.78
677.342	38740.57
677.539	38435.42
677.737	39047.77
677.934	38976.09
678.131	38787.67
678.329	38597.21
678.526	39293.52
678.723	39346.77
678.92	39055.96
679.118	38828.63
679.315	38408.8
679.512	39318.1
679.709	39010.9
679.906	38756.96
680.104	39803.47
680.301	38810.2
680.498	38431.33
680.695	38644.32
680.892	39215.7
681.089	39365.2
681.286	38797.91
681.483	38105.7
681.68	38492.77
681.877	39029.34
682.075	38576.73
682.272	38349.41
682.469	38421.09
682.665	38615.65
682.862	37663.34
683.059	37802.6
683.256	38126.18
683.453	38527.58
683.65	38249.06
683.847	38224.48
684.044	38632.03
684.241	38247.01
684.438	38341.22
684.635	37827.18
684.831	38713.95
685.028	39217.75
685.225	37765.74
685.422	38316.64
685.619	38419.04
685.815	38087.27
686.012	37909.1
686.209	37364.34
686.405	38136.42
686.602	37896.81
686.799	37339.76
686.996	37804.65
687.192	37888.62
687.389	38586.97
687.586	37556.85
687.782	37597.8
687.979	38978.14
688.175	38234.72
688.372	37706.35
688.568	37800.55
688.765	37360.24
688.962	37802.6
689.158	37360.24
689.355	37339.76
689.551	37755.5
689.748	37806.7
689.944	37556.85
690.14	37061.24
690.337	37757.55
690.533	37872.23
690.73	37446.26
690.926	37753.45
691.123	37646.96
691.319	38169.19
691.515	37530.22
691.712	37444.21
691.908	37503.6
692.104	37827.18
692.301	37370.48
692.497	36393.6
692.693	37859.94
692.889	37640.81
693.086	37388.91
693.282	37028.47
693.478	37966.44
693.674	38429.28
693.87	37128.82
694.067	37606
694.263	37544.56
694.459	37448.3
694.655	37575.28
694.851	37606
695.047	37513.84
695.243	37628.52
695.439	37204.59
695.635	37243.51
695.831	37798.51
696.027	37364.34
696.224	36706.94
696.42	37579.37
696.615	37341.81
696.811	37409.39
697.007	36442.75
697.203	36801.15
697.399	37016.18
697.595	37212.79
697.791	36369.02
697.987	36348.54
698.183	36997.75
698.379	36627.07
698.575	36774.52
698.77	36840.06
698.966	37452.4
699.162	37309.04
699.358	36729.47
699.554	36878.97
699.749	37876.33
699.945	37077.62
700.141	36868.73
700.337	36721.27
700.532	37010.04
700.728	36838.01
700.924	36436.61
701.119	36473.47
701.315	36727.42
701.511	36420.22
701.706	36737.66
701.902	36008.58
702.097	36956.79
702.293	36795
702.489	36235.91
702.684	36027.01
702.88	36305.54
703.075	36393.6
703.271	35969.67
703.466	35695.24
703.662	36348.54
703.857	36819.58
704.053	36252.29
704.248	36450.94
704.443	36936.31
704.639	37051
704.834	36737.66
705.03	36326.02
705.225	36250.24
705.42	36596.35
705.616	36033.16
705.811	35891.85
706.006	36139.65
706.202	36358.78
706.397	35879.56
706.592	35447.44
706.787	36694.65
706.983	36067.97
707.178	36602.49
707.373	36096.64
707.568	36422.27
707.763	35986.05
707.959	36110.98
708.154	36170.37
708.349	36342.4
708.544	36545.15
708.739	35619.47
708.934	35736.2
709.129	36170.37
709.324	36371.07
709.519	35687.05
709.714	35637.9
709.909	36602.49
710.104	36428.41
710.299	35646.09
710.494	35728.01
710.689	35977.86
710.884	35916.42
711.079	35627.66
711.274	35654.28
711.469	36248.19
711.664	36389.5
711.859	35981.96
712.054	36100.74
712.249	36244.1
712.443	36328.06
712.638	35506.83
712.833	35320.46
713.028	36262.53
713.223	35824.26
713.417	35523.21
713.612	35617.42
713.807	36354.69
714.002	36323.97
714.196	35674.76
714.391	35080.85
714.586	35455.63
714.78	35869.32
714.975	35383.95
715.17	34912.92
715.364	35760.78
715.559	36280.96
715.754	34734.74
715.948	34607.77
716.143	36332.16
716.337	35465.87
716.532	35879.56
716.726	35322.51
716.921	35859.08
717.115	35979.91
717.31	34988.69
717.504	36096.64
717.699	35928.71
717.893	35736.2
718.088	34751.13
718.282	34689.69
718.476	35205.78
718.671	34974.36
718.865	34826.9
719.059	34624.15
719.254	34708.12
719.448	35492.49
719.642	36934.26
719.837	33923.75
720.031	36971.13
720.225	35109.52
720.419	34730.65
720.614	34448.03
720.808	34689.69
721.002	34368.16
721.196	34450.08
721.39	34185.89
721.585	35519.12
721.779	35564.17
721.973	34566.81
722.167	34366.11
722.361	35031.7
722.555	34964.12
722.749	34167.46
722.943	34396.83
723.137	34181.79
723.331	34519.71
723.525	34095.78
723.719	34169.51
723.913	34888.34
724.107	34615.96
724.301	33923.75
724.495	34243.23
724.689	35072.66
724.883	34599.58
725.077	33942.18
725.271	34167.46
725.465	34800.28
725.659	34714.26
725.853	34493.08
726.046	34144.93
726.24	34374.3
726.434	34693.79
726.628	34058.91
726.822	34040.48
727.015	34740.89
727.209	34984.6
727.403	34294.43
727.596	33868.45
727.79	34431.65
727.984	34718.36
728.177	34183.84
728.371	34323.1
728.565	34857.62
728.758	34718.36
728.952	34001.57
729.146	34081.44
729.339	34970.26
729.533	34349.73
729.726	34167.46
729.92	33821.35
730.113	34695.83
730.307	34603.67
730.5	33915.56
730.694	34093.73
730.887	33856.17
731.081	34581.15
731.274	33163.95
731.468	33747.62
731.661	34024.1
731.854	34110.11
732.048	33573.55
732.241	33264.3
732.435	34073.25
732.628	34048.68
732.821	33917.61
733.014	33997.48
733.208	34376.35
733.401	34532
733.594	33831.59
733.788	33882.79
733.981	33956.52
734.174	34413.21
734.367	33778.34
734.56	34103.97
734.754	34159.27
734.947	34325.15
735.14	33839.78
735.333	33764.01
735.526	34380.45
735.719	34015.91
735.912	33671.85
736.105	33729.19
736.298	34189.98
736.491	34265.76
736.684	33626.79
736.877	33540.78
737.07	34208.42
737.263	34394.78
737.456	33372.85
737.649	33415.85
737.842	34185.89
738.035	34368.16
738.228	33358.51
738.421	33645.23
738.614	34335.39
738.807	34196.13
739	33088.18
739.192	33090.23
739.385	34161.31
739.578	33673.9
739.771	34065.06
739.964	33614.51
740.156	34077.35
740.349	33856.17
740.542	33739.43
740.735	32799.41
740.927	33372.85
741.12	33563.31
741.313	33168.05
741.505	33931.94
741.698	33796.77
741.891	34036.39
742.083	33780.39
742.276	33489.58
742.468	34110.11
742.661	33819.3
742.854	32998.07
743.046	33129.14
743.239	33440.43
743.431	33925.8
743.624	32944.82
743.816	32584.38
744.009	33583.79
744.201	33297.07
744.393	33098.42
744.586	32406.2
744.778	33802.92
744.971	33462.96
745.163	32750.26
745.355	33643.18
745.548	33393.33
745.74	33651.37
745.932	33491.63
746.125	33188.53
746.317	34214.56
746.509	33755.82
746.702	32797.37
746.894	32711.35
747.086	33209.01
747.278	33127.09
747.471	32723.64
747.663	32277.18
747.855	33305.26
748.047	33559.21
748.239	33022.64
748.431	33116.85
748.623	34065.06
748.815	33438.38
749.008	33041.07
749.2	33415.85
749.392	33342.13
749.584	33243.82
749.776	32981.68
749.968	32950.96
750.16	33837.73
750.352	33086.13
750.544	32883.38
750.736	32500.41
750.928	33247.92
751.12	33307.31
751.311	32547.51
751.503	32907.96
751.695	32426.68
751.887	32914.1
752.079	31967.94
752.271	32185.02
752.463	33614.51
752.654	32871.09
752.846	32346.81
753.038	32496.31
753.23	32963.25
753.421	33155.76
753.613	32293.57
753.805	32959.16
753.997	32938.68
754.188	32942.77
754.38	32266.94
754.572	31961.79
754.763	32727.74
754.955	33098.42
755.146	32150.21
755.338	32080.58
755.53	32817.85
755.721	32846.52
755.913	31644.36
756.104	31777.48
756.296	32402.11
756.487	32285.37
756.679	31673.03
756.87	31582.92
757.062	31996.61
757.253	32238.27
757.445	31685.32
757.636	31759.05
757.827	32504.51
758.019	33118.9
758.21	31285.97
758.401	31703.75
758.593	32744.12
758.784	32680.63
758.975	31331.02
759.167	31388.36
759.358	31709.89
759.549	32266.94
759.74	30948.05
759.932	31212.24
760.123	31800.01
760.314	31734.47
760.505	31105.74
760.696	31032.02
760.888	32225.98
761.079	31695.56
761.27	31167.18
761.461	30937.81
761.652	31795.91
761.843	31412.94
762.034	31130.32
762.225	31015.63
762.416	31517.39
762.607	31181.52
762.798	30477.02
762.989	30810.84
763.18	31949.51
763.371	31036.11
763.562	30409.43
763.753	30647
763.944	31130.32
764.135	30786.26
764.326	30831.32
764.517	30413.53
764.708	31398.6
764.899	31040.21
765.089	30098.14
765.28	30278.36
765.471	30874.32
765.662	30751.45
765.853	30909.14
766.043	30300.89
766.234	31001.3
766.425	30784.21
766.615	30253.79
766.806	29899.49
766.997	30722.77
767.187	30546.65
767.378	29958.88
767.569	29803.24
767.759	30579.42
767.95	30302.94
768.141	29883.11
768.331	29729.51
768.522	30591.7
768.712	30700.25
768.903	29942.5
769.093	29526.76
769.284	30085.86
769.474	29989.6
769.665	29084.4
769.855	29106.93
770.046	30778.07
770.236	30184.16
770.426	29407.98
770.617	29031.15
770.807	29842.15
770.998	30309.08
771.188	29793
771.378	29383.4
771.569	29854.44
771.759	30001.89
771.949	28824.31
772.139	28865.27
772.33	29377.26
772.52	29317.87
772.71	28908.27
772.9	28928.75
773.09	29315.82
773.281	29580.01
773.471	28984.05
773.661	28965.62
773.851	29629.16
774.041	29692.65
774.231	28764.92
774.421	29113.07
774.611	29655.78
774.802	29123.31
774.992	28721.91
775.182	28195.58
775.372	28941.04
775.562	28959.47
775.752	28459.77
775.942	28230.4
776.131	29235.95
776.321	28889.84
776.511	27966.21
776.701	27898.62
776.891	28736.24
777.081	28551.93
777.271	28062.46
777.461	27919.1
777.651	28603.13
777.84	28689.14
778.03	28248.83
778.22	27872
778.41	28203.77
778.599	27976.45
778.789	27630.34
778.979	27697.92
779.169	28107.52
779.358	28189.44
779.548	28510.97
779.738	27509.51
779.927	28160.76
780.117	27992.83
780.307	27400.97
780.496	27142.92
780.686	28328.7
780.875	28986.1
781.065	27738.88
781.254	27718.4
781.444	28095.23
781.633	28142.33
781.823	27470.6
782.012	27220.75
782.202	27886.34
782.391	27765.51
782.581	27087.63
782.77	27718.4
782.96	28181.24
783.149	27579.14
783.338	27495.18
783.528	27128.59
783.717	28111.61
783.906	28328.7
784.096	27108.11
784.285	27323.15
784.474	27441.93
784.663	27497.22
784.853	26643.22
785.042	27110.16
785.231	28037.89
785.42	27597.57
785.61	27177.74
785.799	26956.56
785.988	27704.07
786.177	26845.97
786.366	26866.45
786.555	26999.57
786.744	27300.62
786.933	27317
787.122	26110.75
787.312	26282.78
787.501	26796.82
787.69	27056.91
787.879	26452.76
788.068	26188.57
788.257	26643.22
788.445	26833.68
788.634	26135.32
788.823	25961.25
789.012	27085.58
789.201	26915.6
789.39	26120.99
789.579	25785.12
789.768	26780.43
789.957	26657.56
790.145	26182.43
790.334	25525.03
790.523	26286.87
790.712	26716.95
790.9	25994.01
791.089	25725.73
791.278	26966.8
791.467	26585.88
791.655	26569.49
791.844	26788.63
792.033	26096.41
792.221	26213.15
792.41	25711.39
792.599	25518.89
792.787	26569.49
792.976	26546.97
793.164	25279.27
793.353	25561.89
793.541	26348.31
793.73	26368.79
793.918	25482.02
794.107	25547.56
794.295	26295.07
794.484	26123.04
794.672	25285.42
794.861	25312.04
795.049	25838.37
795.238	26270.49
795.426	25021.23
795.614	25385.77
795.803	25862.94
795.991	26047.26
796.179	25107.24
796.368	25213.74
796.556	26151.71
796.744	25434.92
796.932	25291.56
797.121	24871.73
797.309	25817.89
797.497	26196.76
797.685	25232.17
797.874	25006.89
798.062	25512.74
798.25	25946.91
798.438	25066.28
798.626	24711.99
798.814	25551.65
799.002	25641.76
799.19	25195.31
799.378	24822.58
799.566	25297.7
799.755	25539.36
799.943	25129.77
800.131	24763.18
800.318	25609
800.506	25748.26
800.694	25006.89
800.882	24908.59
801.07	26321.69
801.258	25817.89
801.446	25113.39
801.634	25242.41
801.822	25748.26
802.01	25910.05
802.197	25205.55
802.385	25482.02
802.573	25676.58
802.761	25611.04
802.949	25199.4
803.136	24730.42
803.324	25557.8
803.512	25422.63
803.699	24593.2
803.887	24519.48
804.075	25510.69
804.262	25248.55
804.45	24730.42
804.638	24595.25
804.825	24988.46
805.013	25504.55
805.201	25168.68
805.388	25117.48
805.576	25426.73
805.763	25525.03
805.951	24822.58
806.138	25101.1
806.326	25975.58
806.513	25527.08
806.701	25269.03
806.888	25023.28
807.075	25842.46
807.263	25811.74
807.45	24947.5
807.638	24998.7
807.825	26096.41
808.012	25905.95
808.2	25230.12
808.387	25539.36
808.574	25590.56
808.761	26102.56
808.949	25275.18
809.136	25574.18
809.323	26069.79
809.51	26309.4
809.698	25791.27
809.885	25557.8
810.072	26034.97
810.259	26440.47
810.446	25576.23
810.633	25637.67
810.82	26037.02
811.008	26512.15
811.195	25948.96
811.382	25631.52
811.569	26385.18
811.756	25826.08
811.943	25686.82
812.13	25469.73
812.317	25916.19
812.504	25887.52
812.691	25727.78
812.878	25500.45
813.064	26331.93
813.251	25809.7
813.438	25418.53
813.625	25428.77
813.812	25801.5
813.999	25463.59
814.186	25404.2
814.372	24982.32
814.559	25729.83
814.746	25914.14
814.933	24822.58
815.12	25211.69
815.306	25707.3
815.493	25531.17
815.68	25152.3
815.866	24681.27
816.053	25639.72
816.24	25658.15
816.426	24886.06
816.613	25125.68
816.799	25652
816.986	26120.99
817.173	25293.61
817.359	24861.49
817.546	25883.42
817.732	25350.95
817.919	25107.24
818.105	25502.5
818.292	26073.88
818.478	26108.7
818.665	25510.69
818.851	25111.34
819.037	26477.33
819.224	25735.97
819.41	25117.48
819.597	24572.72
819.783	26573.59
819.969	25717.54
820.156	24980.27
820.342	25023.28
820.528	27218.7
820.714	25490.21
820.901	25264.94
821.087	25367.34
821.273	26325.78
821.459	25766.69
821.646	25103.15
821.832	24685.36
822.018	25703.2
822.204	25236.27
822.39	25078.57
822.576	24873.78
822.762	25582.37
822.948	25209.64
823.134	25127.72
823.32	24511.28
823.507	25158.44
823.693	25922.34
823.879	25666.34
824.065	24677.17
824.25	25158.44
824.436	24779.57
824.622	24427.32
824.808	24720.18
824.994	25092.91
825.18	25033.52
825.366	24517.43
825.552	24709.94
825.738	25312.04
825.923	25453.35
826.109	24843.06
826.295	24185.66
826.481	24711.99
826.667	24812.34
826.852	24595.25
827.038	24263.48
827.224	25402.15
827.409	25271.08
827.595	24283.96
827.781	24347.45
827.966	25154.35
828.152	25244.46
828.338	24283.96
828.523	23747.39
828.709	24605.49
828.894	24843.06
829.08	24585.01
829.266	24077.12
829.451	24529.72
829.637	24849.2
829.822	24171.32
830.008	23804.74
830.193	24707.89
830.378	24912.69
830.564	24048.44
830.749	23432.01
830.935	24183.61
831.12	23911.23
831.305	23288.65
831.491	23483.2
831.676	23575.36
831.861	24138.55
832.047	23630.66
832.232	23599.94
832.417	24113.98
832.602	23948.09
832.788	23206.73
832.973	23401.29
833.158	24048.44
833.343	23925.57
833.528	23710.53
833.714	23264.07
833.899	23851.84
834.084	24306.49
834.269	23581.51
834.454	23296.84
834.639	24034.11
834.824	23757.63
835.009	23219.02
835.194	23262.02
835.379	24130.36
835.564	23931.71
835.749	23409.48
835.934	22586.19
836.119	23610.18
836.304	23409.48
836.489	22807.37
836.674	23454.53
836.859	23153.48
837.044	23929.66
837.228	23155.53
837.413	22551.38
837.598	23507.78
837.783	23511.88
837.968	23022.41
838.152	22872.91
838.337	22504.28
838.522	23769.92
838.707	23274.31
838.891	22795.09
839.076	22954.83
839.261	23444.29
839.445	22702.93
839.63	22448.98
839.815	23280.46
839.999	22913.87
840.184	22395.73
840.368	22133.59
840.553	23010.12
840.737	22811.47
840.922	22129.5
841.106	21992.28
841.291	22467.41
841.475	22723.41
841.66	22293.33
841.844	22260.57
842.029	23337.8
842.213	22410.07
842.397	21824.35
842.582	21683.04
842.766	22578
842.951	22856.53
843.135	21980
843.319	22078.3
843.504	22899.53
843.688	23251.78
843.872	21775.2
844.056	22008.67
844.241	22809.42
844.425	22408.02
844.609	22180.7
844.793	21748.57
844.977	22369.11
845.161	22217.56
845.346	21607.26
845.53	21752.67
845.714	22287.19
845.898	22612.82
846.082	21291.88
846.266	21293.93
846.45	22018.91
846.634	22299.48
846.818	21308.26
847.002	21758.81
847.186	21719.9
847.37	21166.95
847.554	20851.56
847.738	21484.39
847.922	21457.76
848.106	21590.88
848.29	20872.04
848.473	21035.88
848.657	21386.08
848.841	21406.56
849.025	20482.93
849.209	20726.64
849.392	21773.15
849.576	21279.59
849.76	20642.67
849.944	20978.54
850.127	21697.38
850.311	21363.56
850.495	20648.82
850.678	20507.51
850.862	21160.81
851.046	21629.79
851.229	20902.76
851.413	20149.11
851.596	21384.04
851.78	21207.91
851.964	20888.43
852.147	20730.73
852.331	21580.64
852.514	21465.96
852.698	20566.9
852.881	20159.35
853.065	21080.94
853.248	21064.55
853.431	20423.54
853.615	20425.59
853.798	21822.3
853.982	21443.43
854.165	20411.25
854.348	20212.6
854.532	20482.93
854.715	20562.8
854.898	20102.01
855.081	20298.61
855.265	21199.72
855.448	21082.98
855.631	19743.61
855.814	19760
855.997	20937.58
856.181	20497.27
856.364	20026.23
856.547	19805.05
856.73	20427.63
856.913	20503.41
857.096	19923.83
857.279	20095.86
857.462	20271.99
857.645	20521.84
857.828	19981.18
858.011	20011.9
858.194	20013.95
858.377	19854.2
858.56	19606.4
858.743	19389.31
858.926	19712.89
859.109	19870.59
859.292	19213.19
859.475	18848.65
859.658	20294.52
859.841	19862.4
860.023	19239.81
860.206	18871.18
860.389	19833.72
860.572	19981.18
860.755	19475.33
860.937	19415.94
861.12	19692.41
861.303	20009.85
861.486	19506.05
861.668	19049.35
861.851	19608.45
862.034	19872.64
862.216	18957.19
862.399	18731.92
862.581	19583.87
862.764	19557.25
862.947	18725.77
863.129	18645.9
863.312	18969.48
863.494	19127.17
863.677	18625.42
863.859	18039.7
864.042	19225.48
864.224	19039.11
864.406	18744.2
864.589	17998.74
864.771	18639.76
864.954	19000.2
865.136	17941.4
865.318	17994.65
865.501	18953.1
865.683	17939.35
865.865	18215.83
866.048	17980.31
866.23	19131.27
866.412	18754.44
866.594	17736.6
866.777	18293.65
866.959	18408.34
867.141	18529.17
867.323	18410.39
867.505	18430.87
867.687	18463.63
867.869	18551.7
868.052	18056.09
868.234	17828.76
868.416	18652.05
868.598	19143.56
868.78	18090.9
868.962	18123.67
869.144	18965.39
869.326	18353.04
869.508	18062.23
869.69	17959.83
869.872	18344.85
870.054	18781.07
870.236	17660.83
870.417	17755.04
870.599	18215.83
870.781	18721.68
870.963	17953.69
871.145	17642.4
871.327	18154.39
871.508	18330.51
871.69	17918.87
871.872	17820.57
872.054	18652.05
872.235	18187.16
872.417	18043.8
872.599	17904.54
872.78	19100.55
872.962	18426.77
873.144	17597.34
873.325	17693.6
873.507	18754.44
873.689	18457.49
873.87	17828.76
874.052	18240.4
874.233	18262.93
874.415	18983.82
874.596	18051.99
874.778	17589.15
874.959	18424.72
875.141	18727.82
875.322	17656.73
875.503	17697.69
875.685	18238.36
875.866	17857.43
876.048	17681.31
876.229	17580.96
876.41	17955.74
876.592	18275.22
876.773	17675.16
876.954	17503.14
877.136	18459.54
877.317	17986.46
877.498	17154.98
877.679	18049.94
877.86	18170.77
878.042	17859.48
878.223	17589.15
878.404	18228.12
878.585	18342.8
878.766	18561.94
878.947	18240.4
879.128	17714.08
879.309	18246.55
879.49	18611.09
879.672	17998.74
879.853	17785.76
880.034	18502.54
880.215	18793.36
880.396	18092.95
880.576	18017.18
880.757	18576.27
880.938	19139.46
881.119	17689.5
881.3	18105.24
881.481	18447.25
881.662	19483.52
881.843	17816.47
882.023	18019.22
882.204	19037.06
882.385	18578.32
882.566	18396.05
882.747	18477.97
882.927	18983.82
883.108	19168.13
883.289	18275.22
883.469	18414.48
883.65	18895.75
883.831	18910.09
884.011	18666.38
884.192	18342.8
884.373	19239.81
884.553	19073.93
884.734	18758.54
884.914	19149.7
885.095	20540.27
885.275	19573.63
885.456	18781.07
885.636	18322.32
885.817	19331.97
885.997	19622.78
886.178	18742.16
886.358	18561.94
886.538	19248
886.719	20972.39
886.899	18815.88
887.08	18852.75
887.26	19317.64
887.44	19045.26
887.621	18744.2
887.801	18604.94
887.981	19706.75
888.161	19512.19
888.342	18695.05
888.522	18797.45
888.702	19436.42
888.882	19434.37
889.062	18877.32
889.242	18527.12
889.423	19559.3
889.603	19598.21
889.783	18912.14
889.963	18660.24
890.143	19235.72
890.323	19473.28
890.503	18604.94
890.683	19045.26
890.863	19368.84
891.043	19454.85
891.223	19014.54
891.403	19149.7
891.583	19403.65
891.763	19370.88
891.943	19139.46
892.122	18727.82
892.302	19303.3
892.482	19157.89
892.662	18805.64
892.842	18682.77
893.022	19078.02
893.201	19309.44
893.381	18711.44
893.561	18641.81
893.741	19448.71
893.92	18938.76
894.1	18846.6
894.28	18672.53
894.459	19575.68
894.639	19319.68
894.819	18469.78
894.998	18828.17
895.178	19405.7
895.357	19035.02
895.537	18471.82
895.716	18318.23
895.896	18705.29
896.075	19434.37
896.255	18428.82
896.434	17736.6
896.614	19665.79
896.793	18781.07
896.973	18383.76
897.152	18129.81
897.331	18580.37
897.511	18729.87
897.69	18039.7
897.87	18379.67
898.049	18860.94
898.228	18781.07
898.407	18590.61
898.587	18226.07
898.766	18416.53
898.945	18662.29
899.124	18437.01
899.304	17957.78
899.483	18633.61
899.662	19137.41
899.841	17978.26
900.02	17853.34
900.199	18494.35
900.378	18320.28
900.557	17875.87
900.737	17597.34
900.916	18019.22
901.095	18203.54
901.274	17806.23
901.453	17306.53
901.632	17501.09
901.811	17593.25
901.989	17202.08
902.168	17177.51
902.347	18160.53
902.526	17554.33
902.705	17200.04
902.884	17234.85
903.063	17787.8
903.242	17898.39
903.42	16706.48
903.599	17120.17
903.778	17345.44
903.957	17683.36
904.135	16571.31
904.314	16532.4
904.493	17150.88
904.672	17023.91
904.85	16546.73
905.029	16260.02
905.207	16540.59
905.386	17427.36
905.565	15827.9
905.743	16016.31
905.922	16495.53
906.1	16366.51
906.279	15475.65
906.457	15350.72
906.636	15932.34
906.814	16016.31
906.993	15520.7
907.171	15221.7
907.35	15979.45
907.528	16204.72
907.707	15778.75
907.885	14865.35
908.063	15473.6
908.242	15401.92
908.42	15180.74
908.598	14812.1
908.777	15465.41
908.955	15352.77
909.133	15178.69
909.311	14883.78
909.49	15428.54
909.668	15340.48
909.846	15164.36
910.024	14873.54
910.202	15795.13
910.38	16018.36
910.559	15479.74
910.737	15416.26
910.915	15946.68
911.093	16096.18
911.271	15831.99
911.449	15702.97
911.627	15899.58
911.805	16708.52
911.983	15348.67
912.161	15422.4
912.339	16036.79
912.517	16274.35
912.695	15809.47
912.872	15510.46
913.05	16065.46
913.228	16311.22
913.406	15643.58
913.584	15737.79
913.762	16495.53
913.939	16458.67
914.117	15721.4
914.295	15684.54
914.473	15715.26
914.65	16477.1
914.828	15414.21
915.006	15270.85
915.184	15786.94
915.361	15905.72
915.539	15619
915.716	15629.24
915.894	16065.46
916.072	16153.52
916.249	15825.85
916.427	15426.5
916.604	15924.15
916.782	15887.29
916.959	14949.32
917.137	15190.98
917.314	15842.23
917.492	15754.17
917.669	15195.07
917.847	15152.07
918.024	15596.48
918.201	15182.79
918.379	15076.29
918.556	15291.33
918.733	15879.1
918.911	15184.83
919.088	15227.84
919.265	15045.57
919.442	15596.48
919.62	15453.12
919.797	14920.65
919.974	14820.3
920.151	15827.9
920.328	15178.69
920.506	14621.64
920.683	15262.66
920.86	14861.26
921.037	15197.12
921.214	14541.77
921.391	14635.98
921.568	15147.97
921.745	14658.51
921.922	14394.32
922.099	14187.47
922.276	14986.18
922.453	14904.26
922.63	14293.97
922.807	14623.69
922.984	14719.95
923.161	14828.49
923.338	14648.27
923.514	14162.9
923.691	14820.3
923.868	14996.42
924.045	13988.82
924.222	13859.8
924.399	14476.24
924.575	14496.72
924.752	14220.24
924.929	14146.51
925.105	14341.07
925.282	13902.81
925.459	13888.47
925.635	14193.62
925.812	14216.15
925.989	14144.47
926.165	13589.47
926.342	13468.64
926.518	14101.46
926.695	13777.88
926.871	13589.47
927.048	13380.57
927.224	14230.48
927.401	13640.67
927.577	13388.77
927.754	13073.38
927.93	13779.93
928.107	13829.08
928.283	13042.66
928.459	13472.73
928.636	13831.13
928.812	13558.75
928.988	12970.98
929.165	12690.41
929.341	13456.35
929.517	13462.49
929.693	13396.96
929.87	12768.23
930.046	13341.66
930.222	12858.34
930.398	12350.45
930.574	12717.03
930.751	12790.76
930.927	12659.69
931.103	12237.81
931.279	12370.93
931.455	12803.05
931.631	12899.3
931.807	12139.51
931.983	11959.28
932.159	12221.42
932.335	12272.62
932.511	11996.15
932.687	11805.69
932.863	12295.15
933.039	12264.43
933.215	11494.4
933.391	11342.85
933.566	11721.72
933.742	12188.66
933.918	11260.93
934.094	11064.32
934.27	11643.9
934.445	11643.9
934.621	11252.73
934.797	10994.69
934.973	11529.21
935.148	11121.66
935.324	10503.18
935.5	10232.85
935.675	11088.9
935.851	10963.97
936.027	10449.93
936.202	10464.27
936.378	10816.52
936.553	10261.52
936.729	10634.25
936.904	9483.29
937.08	9491.48
937.255	9630.74
937.431	9079.84
937.606	9034.78
937.782	9374.75
937.957	9370.65
938.133	8655.91
938.308	8496.17
938.483	8817.7
938.659	8625.19
938.834	8369.19
939.009	7922.74
939.185	8143.92
939.36	7924.79
939.535	7212.09
939.71	8043.57
939.886	8352.81
940.061	7887.92
940.236	7926.83
940.411	7279.68
940.586	7894.07
940.761	7560.25
940.937	7234.62
941.112	7177.28
941.287	7253.05
941.462	7433.27
941.637	6849.6
941.812	7255.1
941.987	7453.75
942.162	7216.19
942.337	7115.84
942.512	6753.35
942.687	7670.84
942.862	7261.24
943.037	6550.6
943.212	6270.03
943.386	6814.79
943.561	7019.58
943.736	6982.72
943.911	7328.83
944.086	7197.76
944.26	7033.92
944.435	6591.56
944.61	6880.32
944.785	7042.11
944.959	7681.08
945.134	6673.48
945.309	6487.11
945.483	6894.66
945.658	7228.48
945.833	6300.75
946.007	6597.7
946.182	7369.79
946.357	6911.04
946.531	6394.95
946.706	6542.41
946.88	6593.61
947.055	7220.28
947.229	6788.16
947.404	6564.93
947.578	7175.23
947.752	7236.67
947.927	6386.76
948.101	6706.24
948.276	7640.12
948.45	7099.45
948.624	7216.19
948.799	6665.28
948.973	7195.71
949.147	7011.39
949.321	6759.49
949.496	6941.76
949.67	7785.52
949.844	7224.38
950.018	7025.73
950.193	6970.43
950.367	7881.78
950.541	7412.79
950.715	7087.17
950.889	7337.02
951.063	7310.4
951.237	7697.46
951.411	6843.46
951.585	6892.61
951.759	7515.19
951.933	7242.81
952.107	7017.54
952.281	7296.06
952.455	7785.52
952.629	7656.5
952.803	7306.3
952.977	7152.7
953.151	7668.79
953.325	7539.77
953.499	7529.53
953.672	6763.59
953.846	7523.38
954.02	7691.32
954.194	7283.77
954.368	7101.5
954.541	8172.59
954.715	7787.57
954.889	7343.16
955.062	7171.13
955.236	7687.22
955.41	7738.42
955.583	7615.54
955.757	7334.97
955.93	7808.05
956.104	7576.63
956.278	7351.35
956.451	7545.91
956.625	7846.96
956.798	8277.04
956.972	7885.87
957.145	7345.21
957.319	8176.69
957.492	7676.98
957.665	7597.11
957.839	7337.02
958.012	7779.38
958.185	7636.02
958.359	7550.01
958.532	7898.16
958.705	7949.36
958.879	7879.73
959.052	7797.81
959.225	7455.8
959.398	8080.43
959.572	8115.25
959.745	7513.14
959.918	7656.5
960.091	8156.21
960.264	8393.77
960.438	7517.24
960.611	7543.86
960.784	8207.41
960.957	7779.38
961.13	8074.29
961.303	7646.26
961.476	8131.63
961.649	8375.34
961.822	7543.86
961.995	7771.19
962.168	7947.31
962.341	8078.38
962.514	7308.35
962.686	7218.24
962.859	8004.66
963.032	8018.99
963.205	7547.96
963.378	7388.22
963.551	7885.87
963.723	7664.69
963.896	7781.43
964.069	7861.3
964.242	7949.36
964.414	8512.55
964.587	7656.5
964.76	7791.67
964.932	8006.7
965.105	7900.21
965.278	7461.94
965.45	7287.87
965.623	8016.94
965.795	7916.59
965.968	7373.88
966.14	7490.62
966.313	7896.11
966.485	8006.7
966.658	7142.46
966.83	7214.14
967.003	8094.77
967.175	7990.32
967.348	7201.85
967.52	7394.36
967.692	8150.06
967.865	8066.1
968.037	7578.68
968.209	7791.67
968.382	7937.07
968.554	7812.15
968.726	7310.4
968.898	7238.72
969.071	7994.42
969.243	7881.78
969.415	7359.55
969.587	7455.8
969.759	8023.09
969.932	7666.74
970.104	7234.62
970.276	6814.79
970.448	7658.55
970.62	7439.42
970.792	7330.87
970.964	7427.13
971.136	8004.66
971.308	7494.71
971.48	7183.42
971.652	7222.33
971.824	7963.7
971.996	7431.23
972.168	7205.95
972.339	6931.52
972.511	7541.82
972.683	7515.19
972.855	7322.68
973.027	7054.4
973.199	7709.75
973.37	7525.43
973.542	7078.97
973.714	7140.41
973.886	7064.64
974.057	7300.16
974.229	6808.64
974.401	6591.56
974.572	6976.58
974.744	6984.77
974.915	6739.01
975.087	6569.03
975.259	7267.39
975.43	6952
975.602	6786.12
975.773	6503.5
975.945	6935.62
976.116	7287.87
976.288	6640.71
976.459	6968.38
976.63	6954.05
976.802	7154.75
976.973	6698.05
977.145	6890.56
977.316	7588.92
977.487	7887.92
977.659	6954.05
977.83	6755.4
978.001	7492.66
978.172	7152.7
978.344	6628.42
978.515	6689.86
978.686	6698.05
978.857	7353.4
979.028	6552.65
979.2	6411.34
979.371	7115.84
979.542	6771.78
979.713	6544.45
979.884	5952.59
980.055	6722.63
980.226	6677.57
980.397	6274.12
980.568	6173.77
980.739	6880.32
980.91	6493.26
981.081	6526.02
981.252	6018.13
981.423	6601.8
981.594	6659.14
981.765	6136.91
981.936	6284.36
982.106	6485.06
982.277	6681.67
982.448	6081.61
982.619	6384.71
982.79	6231.12
982.96	6650.95
983.131	6421.58
983.302	5588.05
983.472	6399.05
983.643	6292.55
983.814	6212.68
983.984	5858.39
984.155	6054.99
984.326	6341.71
984.496	6069.33
984.667	5975.12
984.837	5780.56
985.008	6534.21
985.178	6296.65
985.349	5852.24
985.519	6102.09
985.69	5911.63
985.86	5602.39
986.031	5563.48
986.201	6108.24
986.371	6118.48
986.542	5420.12
986.712	5422.17
986.882	6155.34
987.053	6028.37
987.223	5463.13
987.393	5895.25
987.563	5821.52
987.734	5991.5
987.904	6157.39
988.074	5403.74
988.244	5776.47
988.414	5807.19
988.585	5362.78
988.755	5506.13
988.925	5866.58
989.095	6321.23
989.265	5319.77
989.435	5616.72
989.605	5985.36
989.775	6165.58
989.945	5780.56
990.115	5186.65
990.285	5626.96
990.455	5694.55
990.625	5559.38
990.795	5084.25
990.965	6001.74
991.134	5385.3
991.304	5139.55
991.474	5061.73
991.644	5473.37
991.814	5725.27
991.984	4803.68
992.153	4959.33
992.323	5252.19
992.493	5297.24
992.662	4863.07
992.832	5004.38
993.002	5311.58
993.171	5626.96
993.341	4678.76
993.511	4856.93
993.68	5186.65
993.85	5477.46
994.019	4682.85
994.189	4768.87
994.358	5221.47
994.528	5229.66
994.697	4576.36
994.867	4619.36
995.036	5530.71
995.206	5039.2
995.375	4521.06
995.544	4983.9
995.714	5596.25
995.883	5133.4
996.052	4889.7
996.222	4338.79
996.391	5432.41
996.56	5133.4
996.73	4455.53
996.899	4199.53
997.068	5352.54
997.237	5270.62
997.406	4367.46
997.576	4086.89
997.745	5268.57
997.914	4820.07
998.083	3988.59
998.252	4166.76
998.421	4799.59
998.59	4422.76
998.759	4009.07
998.928	3916.91
999.097	4807.78
999.266	4699.23
999.435	4326.5
999.604	3759.22
999.773	4910.18
999.942	4379.75
1000.111	3658.87
1000.28	3800.18
1000.448	4285.55
1000.617	4256.87
1000.786	4394.09
1000.955	3751.03
1001.124	4758.63
1001.292	5024.86
1001.461	3880.05
1001.63	3900.53
1001.798	4611.17
1001.967	4428.9
1002.136	3724.4
1002.304	3589.24
1002.473	4533.35
1002.642	4258.92
1002.81	3857.52
1002.979	3927.15
1003.147	4494.44
1003.316	4682.85
1003.484	3579
1003.653	3732.59
1003.821	4172.91
1003.99	4168.81
1004.158	3964.01
1004.327	3832.94
1004.495	4150.38
1004.663	4084.84
1004.832	3765.36
1005	3318.9
1005.168	4015.21
1005.337	3830.9
1005.505	3181.69
1005.673	3765.36
1005.842	4068.46
1006.01	3736.69
1006.178	3157.11
1006.346	3363.96
1006.514	3638.39
1006.683	4357.22
1006.851	3284.09
1007.019	3546.23
1007.187	3675.25
1007.355	3470.45
1007.523	3138.68
1007.691	3112.06
1007.859	3628.15
1008.027	4334.7
1008.195	3220.6
1008.363	3101.82
1008.531	3853.42
1008.699	3851.38
1008.867	2987.13
1009.035	3255.42
1009.203	4111.47
1009.37	3816.56
1009.538	3292.28
1009.706	4068.46
1009.874	3509.37
1010.042	3613.81
1010.209	2888.83
1010.377	2886.78
1010.545	3724.4
1010.713	3677.3
1010.88	2962.56
1011.048	2872.45
1011.216	3468.41
1011.383	3710.07
1011.551	2874.49
1011.718	2700.42
1011.886	3660.91
1012.054	3757.17
1012.221	2741.38
1012.389	2653.31
1012.556	3390.58
1012.724	3638.39
1012.891	2970.75
1013.058	2440.33
1013.226	3523.7
1013.393	3421.3
1013.561	2712.71
1013.728	2419.85
1013.895	3368.06
1014.063	3220.6
1014.23	2434.18
1014.397	2659.46
1014.565	3359.86
1014.732	2985.09
1014.899	2450.57
1015.066	2438.28
1015.233	3269.75
1015.401	3306.62
1015.568	2602.11
1015.735	2649.22
1015.902	3290.23
1016.069	3413.11
1016.236	2438.28
1016.403	2305.16
1016.57	2729.09
1016.737	3568.76
1016.904	2397.32
1017.071	2319.5
1017.238	2749.57
1017.405	2917.5
1017.572	2323.59
1017.739	2727.04
1017.906	3413.11
1018.073	3218.55
1018.24	2137.23
1018.407	2360.45
1018.573	2927.74
1018.74	2892.93
1018.907	2266.25
1019.074	1825.93
1019.241	2964.61
1019.407	2688.13
1019.574	2114.7
1019.741	2012.3
1019.907	3142.78
1020.074	3163.26
1020.241	1619.09
1020.407	1803.41
1020.574	2544.77
1020.74	2653.31
1020.907	1821.84
1021.073	1868.94
1021.24	3355.77
1021.406	2819.2
1021.573	1893.52
1021.739	1922.19
1021.906	2813.06
1022.072	2417.8
1022.239	1967.24
1022.405	2004.11
1022.571	2528.39
1022.738	2372.74
1022.904	1832.08
1023.07	1983.63
1023.237	2432.13
1023.403	2700.42
1023.569	1684.62
1023.735	1832.08
1023.902	2532.48
1024.068	2491.52
1024.234	1592.47
1024.4	1889.42
1024.566	2258.06
1024.732	2399.37
1024.898	1750.16
1025.065	1397.91
1025.231	2315.4
1025.397	2174.09
1025.563	1852.56
1025.729	1701.01
1025.895	1868.94
1026.061	2047.12
1026.227	1447.06
1026.392	1815.69
1026.558	2405.51
1026.724	2528.39
1026.89	1637.52
1027.056	1957
1027.222	2145.42
1027.388	2213
1027.553	1598.61
1027.719	1504.4
1027.885	2671.75
1028.051	2169.99
1028.216	1315.99
1028.382	1463.44
1028.548	2301.06
1028.713	2032.78
1028.879	1285.27
1029.045	1787.02
1029.21	2505.86
1029.376	2364.55
1029.541	1447.06
1029.707	1404.05
1029.873	2286.73
1030.038	2184.33
1030.204	1406.1
1030.369	1434.77
1030.534	2104.46
1030.7	1959.05
1030.865	1576.08
1031.031	1356.95
1031.196	2077.83
1031.361	1997.96
1031.527	1434.77
1031.692	1340.57
1031.857	1719.44
1032.023	2110.6
1032.188	1299.61
1032.353	1332.37
1032.518	2352.26
1032.684	1987.72
1032.849	1045.66
1033.014	1414.29
1033.179	1758.35
1033.344	1909.9
1033.509	1498.26
1033.674	1260.7
1033.839	2073.74
1034.004	1911.95
1034.17	1176.73
1034.335	1039.51
1034.5	1735.82
1034.664	1694.86
1034.829	1318.04
1034.994	1299.61
1035.159	1735.82
1035.324	1928.33
1035.489	1236.12
1035.654	1225.88
1035.819	2518.15
1035.984	1799.31
1036.148	1377.43
1036.313	1279.13
1036.478	1995.92
1036.643	1692.82
1036.807	1117.34
1036.972	1074.33
1037.137	2294.92
1037.301	1614.99
1037.466	781.47
1037.631	1291.41
1037.795	1887.37
1037.96	1592.47
1038.124	1414.29
1038.289	1078.43
1038.454	1690.77
1038.618	1930.38
1038.783	1211.54
1038.947	1234.07
1039.111	1510.55
1039.276	1569.94
1039.44	1107.1
1039.605	1791.12
1039.769	1553.55
1039.933	1422.48
1040.098	1012.89
1040.262	1315.99
1040.426	1791.12
1040.591	1571.99
1040.755	978.08
1040.919	982.17
1041.083	1830.03
1041.248	1455.25
1041.412	726.18
1041.576	808.09
1041.74	1383.57
1041.904	1477.78
1042.068	760.99
1042.232	920.73
1042.397	1799.31
1042.561	1485.97
1042.725	722.08
1042.889	949.4
1043.053	1492.12
1043.217	1492.12
1043.381	894.11
1043.544	670.88
1043.708	1574.03
1043.872	1195.16
1044.036	611.49
1044.2	668.83
1044.364	1694.86
1044.528	1569.94
1044.691	8627.24
1044.855	670.88
1045.019	1565.84
1045.183	1512.6
1045.346	910.49
1045.51	654.5
1045.674	1563.79
1045.837	1328.28
1046.001	726.18
1046.165	785.57
1046.328	1815.69
1046.492	1277.08
1046.655	1184.92
1046.819	834.72
1046.983	1303.7
1047.146	1244.31
1047.31	881.82
1047.473	449.7
1047.636	1264.79
1047.8	1158.3
1047.963	910.49
1048.127	521.38
1048.29	1039.51
